Step,AgentID,Wealth,Position,Exp name,Vision,Tax Rate,Ams map,Death,Inst regrowth
0,0,5.0,"(10, 13)",taxation,6,0.25,False,True,False
0,1,5.0,"(7, 14)",taxation,6,0.25,False,True,False
0,2,5.0,"(12, 22)",taxation,6,0.25,False,True,False
0,3,5.0,"(2, 12)",taxation,6,0.25,False,True,False
0,4,5.0,"(13, 20)",taxation,6,0.25,False,True,False
0,5,5.0,"(37, 46)",taxation,6,0.25,False,True,False
0,6,5.0,"(0, 49)",taxation,6,0.25,False,True,False
0,7,5.0,"(15, 16)",taxation,6,0.25,False,True,False
0,8,5.0,"(18, 47)",taxation,6,0.25,False,True,False
0,9,5.0,"(13, 14)",taxation,6,0.25,False,True,False
0,10,5.0,"(36, 21)",taxation,6,0.25,False,True,False
0,11,5.0,"(9, 19)",taxation,6,0.25,False,True,False
0,12,5.0,"(17, 25)",taxation,6,0.25,False,True,False
0,13,5.0,"(3, 20)",taxation,6,0.25,False,True,False
0,14,5.0,"(5, 1)",taxation,6,0.25,False,True,False
0,15,5.0,"(21, 10)",taxation,6,0.25,False,True,False
0,16,5.0,"(17, 33)",taxation,6,0.25,False,True,False
0,17,5.0,"(22, 1)",taxation,6,0.25,False,True,False
0,18,5.0,"(33, 14)",taxation,6,0.25,False,True,False
0,19,5.0,"(25, 19)",taxation,6,0.25,False,True,False
0,20,5.0,"(21, 0)",taxation,6,0.25,False,True,False
0,21,5.0,"(49, 10)",taxation,6,0.25,False,True,False
0,22,5.0,"(32, 6)",taxation,6,0.25,False,True,False
0,23,5.0,"(27, 8)",taxation,6,0.25,False,True,False
0,24,5.0,"(22, 27)",taxation,6,0.25,False,True,False
0,25,5.0,"(21, 11)",taxation,6,0.25,False,True,False
0,26,5.0,"(17, 24)",taxation,6,0.25,False,True,False
0,27,5.0,"(31, 31)",taxation,6,0.25,False,True,False
0,28,5.0,"(49, 34)",taxation,6,0.25,False,True,False
0,29,5.0,"(34, 25)",taxation,6,0.25,False,True,False
0,30,5.0,"(32, 3)",taxation,6,0.25,False,True,False
0,31,5.0,"(0, 27)",taxation,6,0.25,False,True,False
0,32,5.0,"(27, 5)",taxation,6,0.25,False,True,False
0,33,5.0,"(23, 25)",taxation,6,0.25,False,True,False
0,34,5.0,"(15, 25)",taxation,6,0.25,False,True,False
0,35,5.0,"(4, 44)",taxation,6,0.25,False,True,False
0,36,5.0,"(14, 20)",taxation,6,0.25,False,True,False
0,37,5.0,"(47, 3)",taxation,6,0.25,False,True,False
0,38,5.0,"(43, 16)",taxation,6,0.25,False,True,False
0,39,5.0,"(1, 17)",taxation,6,0.25,False,True,False
0,40,5.0,"(2, 29)",taxation,6,0.25,False,True,False
0,41,5.0,"(7, 34)",taxation,6,0.25,False,True,False
0,42,5.0,"(31, 33)",taxation,6,0.25,False,True,False
0,43,5.0,"(48, 14)",taxation,6,0.25,False,True,False
0,44,5.0,"(32, 38)",taxation,6,0.25,False,True,False
0,45,5.0,"(17, 27)",taxation,6,0.25,False,True,False
0,46,5.0,"(46, 42)",taxation,6,0.25,False,True,False
0,47,5.0,"(32, 38)",taxation,6,0.25,False,True,False
0,48,5.0,"(39, 28)",taxation,6,0.25,False,True,False
0,49,5.0,"(17, 41)",taxation,6,0.25,False,True,False
0,50,5.0,"(7, 36)",taxation,6,0.25,False,True,False
0,51,5.0,"(27, 2)",taxation,6,0.25,False,True,False
0,52,5.0,"(31, 33)",taxation,6,0.25,False,True,False
0,53,5.0,"(4, 6)",taxation,6,0.25,False,True,False
0,54,5.0,"(30, 1)",taxation,6,0.25,False,True,False
0,55,5.0,"(12, 38)",taxation,6,0.25,False,True,False
0,56,5.0,"(29, 47)",taxation,6,0.25,False,True,False
0,57,5.0,"(13, 4)",taxation,6,0.25,False,True,False
0,58,5.0,"(11, 22)",taxation,6,0.25,False,True,False
0,59,5.0,"(6, 19)",taxation,6,0.25,False,True,False
0,60,5.0,"(16, 29)",taxation,6,0.25,False,True,False
0,61,5.0,"(36, 3)",taxation,6,0.25,False,True,False
0,62,5.0,"(18, 34)",taxation,6,0.25,False,True,False
0,63,5.0,"(25, 36)",taxation,6,0.25,False,True,False
0,64,5.0,"(19, 0)",taxation,6,0.25,False,True,False
0,65,5.0,"(31, 8)",taxation,6,0.25,False,True,False
0,66,5.0,"(18, 43)",taxation,6,0.25,False,True,False
0,67,5.0,"(11, 13)",taxation,6,0.25,False,True,False
0,68,5.0,"(33, 49)",taxation,6,0.25,False,True,False
0,69,5.0,"(3, 45)",taxation,6,0.25,False,True,False
0,70,5.0,"(37, 3)",taxation,6,0.25,False,True,False
0,71,5.0,"(42, 5)",taxation,6,0.25,False,True,False
0,72,5.0,"(10, 31)",taxation,6,0.25,False,True,False
0,73,5.0,"(4, 33)",taxation,6,0.25,False,True,False
0,74,5.0,"(19, 39)",taxation,6,0.25,False,True,False
0,75,5.0,"(16, 37)",taxation,6,0.25,False,True,False
0,76,5.0,"(1, 26)",taxation,6,0.25,False,True,False
0,77,5.0,"(36, 47)",taxation,6,0.25,False,True,False
0,78,5.0,"(1, 21)",taxation,6,0.25,False,True,False
0,79,5.0,"(22, 27)",taxation,6,0.25,False,True,False
0,80,5.0,"(43, 22)",taxation,6,0.25,False,True,False
0,81,5.0,"(48, 26)",taxation,6,0.25,False,True,False
0,82,5.0,"(32, 5)",taxation,6,0.25,False,True,False
0,83,5.0,"(29, 8)",taxation,6,0.25,False,True,False
0,84,5.0,"(1, 45)",taxation,6,0.25,False,True,False
0,85,5.0,"(38, 36)",taxation,6,0.25,False,True,False
0,86,5.0,"(2, 43)",taxation,6,0.25,False,True,False
0,87,5.0,"(30, 2)",taxation,6,0.25,False,True,False
0,88,5.0,"(14, 6)",taxation,6,0.25,False,True,False
0,89,5.0,"(3, 28)",taxation,6,0.25,False,True,False
0,90,5.0,"(47, 14)",taxation,6,0.25,False,True,False
0,91,5.0,"(32, 16)",taxation,6,0.25,False,True,False
0,92,5.0,"(12, 28)",taxation,6,0.25,False,True,False
0,93,5.0,"(37, 45)",taxation,6,0.25,False,True,False
0,94,5.0,"(5, 4)",taxation,6,0.25,False,True,False
0,95,5.0,"(21, 42)",taxation,6,0.25,False,True,False
0,96,5.0,"(12, 39)",taxation,6,0.25,False,True,False
0,97,5.0,"(35, 33)",taxation,6,0.25,False,True,False
0,98,5.0,"(3, 1)",taxation,6,0.25,False,True,False
0,99,5.0,"(26, 35)",taxation,6,0.25,False,True,False
0,100,5.0,"(44, 10)",taxation,6,0.25,False,True,False
0,101,5.0,"(46, 21)",taxation,6,0.25,False,True,False
0,102,5.0,"(29, 34)",taxation,6,0.25,False,True,False
0,103,5.0,"(1, 18)",taxation,6,0.25,False,True,False
0,104,5.0,"(33, 1)",taxation,6,0.25,False,True,False
0,105,5.0,"(15, 30)",taxation,6,0.25,False,True,False
0,106,5.0,"(31, 2)",taxation,6,0.25,False,True,False
0,107,5.0,"(41, 21)",taxation,6,0.25,False,True,False
0,108,5.0,"(5, 9)",taxation,6,0.25,False,True,False
0,109,5.0,"(1, 39)",taxation,6,0.25,False,True,False
0,110,5.0,"(3, 28)",taxation,6,0.25,False,True,False
0,111,5.0,"(25, 12)",taxation,6,0.25,False,True,False
0,112,5.0,"(20, 41)",taxation,6,0.25,False,True,False
0,113,5.0,"(22, 11)",taxation,6,0.25,False,True,False
0,114,5.0,"(43, 15)",taxation,6,0.25,False,True,False
0,115,5.0,"(35, 22)",taxation,6,0.25,False,True,False
0,116,5.0,"(5, 37)",taxation,6,0.25,False,True,False
0,117,5.0,"(40, 34)",taxation,6,0.25,False,True,False
0,118,5.0,"(43, 4)",taxation,6,0.25,False,True,False
0,119,5.0,"(31, 0)",taxation,6,0.25,False,True,False
0,120,5.0,"(27, 11)",taxation,6,0.25,False,True,False
0,121,5.0,"(3, 36)",taxation,6,0.25,False,True,False
0,122,5.0,"(11, 18)",taxation,6,0.25,False,True,False
0,123,5.0,"(43, 7)",taxation,6,0.25,False,True,False
0,124,5.0,"(10, 33)",taxation,6,0.25,False,True,False
0,125,5.0,"(19, 38)",taxation,6,0.25,False,True,False
0,126,5.0,"(18, 0)",taxation,6,0.25,False,True,False
0,127,5.0,"(18, 22)",taxation,6,0.25,False,True,False
0,128,5.0,"(43, 12)",taxation,6,0.25,False,True,False
0,129,5.0,"(7, 41)",taxation,6,0.25,False,True,False
0,130,5.0,"(26, 2)",taxation,6,0.25,False,True,False
0,131,5.0,"(15, 35)",taxation,6,0.25,False,True,False
0,132,5.0,"(33, 12)",taxation,6,0.25,False,True,False
0,133,5.0,"(20, 19)",taxation,6,0.25,False,True,False
0,134,5.0,"(37, 3)",taxation,6,0.25,False,True,False
0,135,5.0,"(32, 44)",taxation,6,0.25,False,True,False
0,136,5.0,"(38, 48)",taxation,6,0.25,False,True,False
0,137,5.0,"(12, 1)",taxation,6,0.25,False,True,False
0,138,5.0,"(23, 16)",taxation,6,0.25,False,True,False
0,139,5.0,"(24, 8)",taxation,6,0.25,False,True,False
0,140,5.0,"(0, 5)",taxation,6,0.25,False,True,False
0,141,5.0,"(21, 31)",taxation,6,0.25,False,True,False
0,142,5.0,"(49, 39)",taxation,6,0.25,False,True,False
0,143,5.0,"(11, 24)",taxation,6,0.25,False,True,False
0,144,5.0,"(26, 41)",taxation,6,0.25,False,True,False
0,145,5.0,"(42, 27)",taxation,6,0.25,False,True,False
0,146,5.0,"(45, 49)",taxation,6,0.25,False,True,False
0,147,5.0,"(16, 4)",taxation,6,0.25,False,True,False
0,148,5.0,"(34, 36)",taxation,6,0.25,False,True,False
0,149,5.0,"(45, 31)",taxation,6,0.25,False,True,False
0,150,5.0,"(5, 19)",taxation,6,0.25,False,True,False
0,151,5.0,"(35, 32)",taxation,6,0.25,False,True,False
0,152,5.0,"(2, 48)",taxation,6,0.25,False,True,False
0,153,5.0,"(38, 41)",taxation,6,0.25,False,True,False
0,154,5.0,"(4, 1)",taxation,6,0.25,False,True,False
0,155,5.0,"(46, 12)",taxation,6,0.25,False,True,False
0,156,5.0,"(33, 36)",taxation,6,0.25,False,True,False
0,157,5.0,"(25, 36)",taxation,6,0.25,False,True,False
0,158,5.0,"(28, 34)",taxation,6,0.25,False,True,False
0,159,5.0,"(29, 39)",taxation,6,0.25,False,True,False
0,160,5.0,"(4, 18)",taxation,6,0.25,False,True,False
0,161,5.0,"(12, 7)",taxation,6,0.25,False,True,False
0,162,5.0,"(27, 26)",taxation,6,0.25,False,True,False
0,163,5.0,"(20, 47)",taxation,6,0.25,False,True,False
0,164,5.0,"(41, 0)",taxation,6,0.25,False,True,False
0,165,5.0,"(43, 4)",taxation,6,0.25,False,True,False
0,166,5.0,"(31, 1)",taxation,6,0.25,False,True,False
0,167,5.0,"(32, 1)",taxation,6,0.25,False,True,False
0,168,5.0,"(43, 12)",taxation,6,0.25,False,True,False
0,169,5.0,"(30, 36)",taxation,6,0.25,False,True,False
0,170,5.0,"(35, 29)",taxation,6,0.25,False,True,False
0,171,5.0,"(14, 37)",taxation,6,0.25,False,True,False
0,172,5.0,"(29, 0)",taxation,6,0.25,False,True,False
0,173,5.0,"(49, 49)",taxation,6,0.25,False,True,False
0,174,5.0,"(42, 26)",taxation,6,0.25,False,True,False
0,175,5.0,"(49, 38)",taxation,6,0.25,False,True,False
0,176,5.0,"(48, 47)",taxation,6,0.25,False,True,False
0,177,5.0,"(42, 14)",taxation,6,0.25,False,True,False
0,178,5.0,"(33, 0)",taxation,6,0.25,False,True,False
0,179,5.0,"(12, 12)",taxation,6,0.25,False,True,False
0,180,5.0,"(26, 44)",taxation,6,0.25,False,True,False
0,181,5.0,"(5, 23)",taxation,6,0.25,False,True,False
0,182,5.0,"(6, 25)",taxation,6,0.25,False,True,False
0,183,5.0,"(43, 41)",taxation,6,0.25,False,True,False
0,184,5.0,"(19, 27)",taxation,6,0.25,False,True,False
0,185,5.0,"(25, 17)",taxation,6,0.25,False,True,False
0,186,5.0,"(30, 19)",taxation,6,0.25,False,True,False
0,187,5.0,"(2, 3)",taxation,6,0.25,False,True,False
0,188,5.0,"(0, 32)",taxation,6,0.25,False,True,False
0,189,5.0,"(23, 16)",taxation,6,0.25,False,True,False
0,190,5.0,"(9, 47)",taxation,6,0.25,False,True,False
0,191,5.0,"(29, 22)",taxation,6,0.25,False,True,False
0,192,5.0,"(31, 18)",taxation,6,0.25,False,True,False
0,193,5.0,"(26, 14)",taxation,6,0.25,False,True,False
0,194,5.0,"(25, 23)",taxation,6,0.25,False,True,False
0,195,5.0,"(48, 41)",taxation,6,0.25,False,True,False
0,196,5.0,"(9, 11)",taxation,6,0.25,False,True,False
0,197,5.0,"(1, 12)",taxation,6,0.25,False,True,False
0,198,5.0,"(4, 46)",taxation,6,0.25,False,True,False
0,199,5.0,"(23, 0)",taxation,6,0.25,False,True,False
0,200,5.0,"(7, 26)",taxation,6,0.25,False,True,False
0,201,5.0,"(34, 40)",taxation,6,0.25,False,True,False
0,202,5.0,"(35, 14)",taxation,6,0.25,False,True,False
0,203,5.0,"(10, 34)",taxation,6,0.25,False,True,False
0,204,5.0,"(42, 14)",taxation,6,0.25,False,True,False
0,205,5.0,"(4, 7)",taxation,6,0.25,False,True,False
0,206,5.0,"(29, 40)",taxation,6,0.25,False,True,False
0,207,5.0,"(11, 21)",taxation,6,0.25,False,True,False
0,208,5.0,"(22, 11)",taxation,6,0.25,False,True,False
0,209,5.0,"(42, 5)",taxation,6,0.25,False,True,False
0,210,5.0,"(15, 38)",taxation,6,0.25,False,True,False
0,211,5.0,"(34, 43)",taxation,6,0.25,False,True,False
0,212,5.0,"(36, 21)",taxation,6,0.25,False,True,False
0,213,5.0,"(9, 31)",taxation,6,0.25,False,True,False
0,214,5.0,"(43, 40)",taxation,6,0.25,False,True,False
0,215,5.0,"(24, 47)",taxation,6,0.25,False,True,False
0,216,5.0,"(35, 1)",taxation,6,0.25,False,True,False
0,217,5.0,"(2, 8)",taxation,6,0.25,False,True,False
0,218,5.0,"(22, 38)",taxation,6,0.25,False,True,False
0,219,5.0,"(36, 33)",taxation,6,0.25,False,True,False
0,220,5.0,"(44, 3)",taxation,6,0.25,False,True,False
0,221,5.0,"(5, 24)",taxation,6,0.25,False,True,False
0,222,5.0,"(0, 36)",taxation,6,0.25,False,True,False
0,223,5.0,"(4, 11)",taxation,6,0.25,False,True,False
0,224,5.0,"(34, 32)",taxation,6,0.25,False,True,False
0,225,5.0,"(21, 13)",taxation,6,0.25,False,True,False
0,226,5.0,"(36, 19)",taxation,6,0.25,False,True,False
0,227,5.0,"(40, 19)",taxation,6,0.25,False,True,False
0,228,5.0,"(34, 42)",taxation,6,0.25,False,True,False
0,229,5.0,"(17, 43)",taxation,6,0.25,False,True,False
0,230,5.0,"(17, 22)",taxation,6,0.25,False,True,False
0,231,5.0,"(7, 5)",taxation,6,0.25,False,True,False
0,232,5.0,"(44, 44)",taxation,6,0.25,False,True,False
0,233,5.0,"(47, 33)",taxation,6,0.25,False,True,False
0,234,5.0,"(23, 40)",taxation,6,0.25,False,True,False
0,235,5.0,"(45, 26)",taxation,6,0.25,False,True,False
0,236,5.0,"(3, 27)",taxation,6,0.25,False,True,False
0,237,5.0,"(34, 38)",taxation,6,0.25,False,True,False
0,238,5.0,"(42, 9)",taxation,6,0.25,False,True,False
0,239,5.0,"(29, 2)",taxation,6,0.25,False,True,False
0,240,5.0,"(45, 47)",taxation,6,0.25,False,True,False
0,241,5.0,"(31, 29)",taxation,6,0.25,False,True,False
0,242,5.0,"(6, 11)",taxation,6,0.25,False,True,False
0,243,5.0,"(36, 34)",taxation,6,0.25,False,True,False
0,244,5.0,"(2, 32)",taxation,6,0.25,False,True,False
0,245,5.0,"(11, 46)",taxation,6,0.25,False,True,False
0,246,5.0,"(33, 47)",taxation,6,0.25,False,True,False
0,247,5.0,"(33, 31)",taxation,6,0.25,False,True,False
0,248,5.0,"(25, 34)",taxation,6,0.25,False,True,False
0,249,5.0,"(33, 15)",taxation,6,0.25,False,True,False
1,0,8576.0,"(16, 19)",taxation,6,0.25,False,True,False
1,1,4290.0,"(8, 15)",taxation,6,0.25,False,True,False
1,2,12862.000000000002,"(11, 28)",taxation,6,0.25,False,True,False
1,3,4290.0,"(6, 15)",taxation,6,0.25,False,True,False
1,4,8576.0,"(14, 21)",taxation,6,0.25,False,True,False
1,5,4290.0,"(34, 41)",taxation,6,0.25,False,True,False
1,6,12862.000000000002,"(3, 46)",taxation,6,0.25,False,True,False
1,7,8576.0,"(17, 18)",taxation,6,0.25,False,True,False
1,8,17148.0,"(14, 43)",taxation,6,0.25,False,True,False
1,9,8576.0,"(18, 16)",taxation,6,0.25,False,True,False
1,10,17148.0,"(36, 20)",taxation,6,0.25,False,True,False
1,11,8576.0,"(11, 22)",taxation,6,0.25,False,True,False
1,12,12862.000000000002,"(17, 29)",taxation,6,0.25,False,True,False
1,13,8576.0,"(3, 25)",taxation,6,0.25,False,True,False
1,14,4.0,"(6, 1)",taxation,6,0.25,False,True,False
1,15,12862.000000000002,"(25, 12)",taxation,6,0.25,False,True,False
1,16,17148.0,"(15, 35)",taxation,6,0.25,False,True,False
1,17,12862.000000000002,"(27, 7)",taxation,6,0.25,False,True,False
1,18,17148.0,"(33, 13)",taxation,6,0.25,False,True,False
1,19,17148.0,"(30, 17)",taxation,6,0.25,False,True,False
1,20,8576.0,"(23, 3)",taxation,6,0.25,False,True,False
1,21,12862.000000000002,"(45, 12)",taxation,6,0.25,False,True,False
1,22,17148.0,"(33, 10)",taxation,6,0.25,False,True,False
1,23,17148.0,"(32, 10)",taxation,6,0.25,False,True,False
1,24,12862.000000000002,"(19, 30)",taxation,6,0.25,False,True,False
1,25,12862.000000000002,"(25, 11)",taxation,6,0.25,False,True,False
1,26,12862.000000000002,"(16, 28)",taxation,6,0.25,False,True,False
1,27,12862.000000000002,"(31, 25)",taxation,6,0.25,False,True,False
1,28,4290.0,"(49, 33)",taxation,6,0.25,False,True,False
1,29,17148.0,"(34, 20)",taxation,6,0.25,False,True,False
1,30,17148.0,"(34, 9)",taxation,6,0.25,False,True,False
1,31,12862.000000000002,"(3, 31)",taxation,6,0.25,False,True,False
1,32,17148.0,"(30, 11)",taxation,6,0.25,False,True,False
1,33,12862.000000000002,"(25, 22)",taxation,6,0.25,False,True,False
1,34,12862.000000000002,"(15, 28)",taxation,6,0.25,False,True,False
1,35,17148.0,"(6, 41)",taxation,6,0.25,False,True,False
1,36,8576.0,"(15, 20)",taxation,6,0.25,False,True,False
1,37,12862.000000000002,"(43, 8)",taxation,6,0.25,False,True,False
1,38,17148.0,"(40, 15)",taxation,6,0.25,False,True,False
1,39,4290.0,"(2, 17)",taxation,6,0.25,False,True,False
1,40,17148.0,"(8, 35)",taxation,6,0.25,False,True,False
1,41,17148.0,"(7, 35)",taxation,6,0.25,False,True,False
1,42,8576.0,"(31, 32)",taxation,6,0.25,False,True,False
1,43,12862.000000000002,"(45, 14)",taxation,6,0.25,False,True,False
1,44,8576.0,"(30, 33)",taxation,6,0.25,False,True,False
1,45,17148.0,"(12, 33)",taxation,6,0.25,False,True,False
1,46,4290.0,"(44, 36)",taxation,6,0.25,False,True,False
1,47,8576.0,"(29, 35)",taxation,6,0.25,False,True,False
1,48,12862.000000000002,"(37, 25)",taxation,6,0.25,False,True,False
1,49,17148.0,"(16, 39)",taxation,6,0.25,False,True,False
1,50,17148.0,"(7, 37)",taxation,6,0.25,False,True,False
1,51,12862.000000000002,"(28, 6)",taxation,6,0.25,False,True,False
1,52,8576.0,"(32, 32)",taxation,6,0.25,False,True,False
1,53,4290.0,"(10, 12)",taxation,6,0.25,False,True,False
1,54,12862.000000000002,"(32, 5)",taxation,6,0.25,False,True,False
1,55,17148.0,"(12, 37)",taxation,6,0.25,False,True,False
1,56,8576.0,"(25, 44)",taxation,6,0.25,False,True,False
1,57,8576.0,"(19, 10)",taxation,6,0.25,False,True,False
1,58,12862.000000000002,"(13, 28)",taxation,6,0.25,False,True,False
1,59,8576.0,"(8, 23)",taxation,6,0.25,False,True,False
1,60,17148.0,"(13, 34)",taxation,6,0.25,False,True,False
1,61,17148.0,"(35, 9)",taxation,6,0.25,False,True,False
1,62,17148.0,"(15, 36)",taxation,6,0.25,False,True,False
1,63,12862.000000000002,"(21, 37)",taxation,6,0.25,False,True,False
1,64,8576.0,"(22, 4)",taxation,6,0.25,False,True,False
1,65,17148.0,"(31, 10)",taxation,6,0.25,False,True,False
1,66,17148.0,"(14, 42)",taxation,6,0.25,False,True,False
1,67,8576.0,"(17, 19)",taxation,6,0.25,False,True,False
1,68,4290.0,"(29, 49)",taxation,6,0.25,False,True,False
1,69,17148.0,"(6, 42)",taxation,6,0.25,False,True,False
1,70,17148.0,"(36, 9)",taxation,6,0.25,False,True,False
1,71,17148.0,"(37, 11)",taxation,6,0.25,False,True,False
1,72,17148.0,"(10, 33)",taxation,6,0.25,False,True,False
1,73,17148.0,"(6, 35)",taxation,6,0.25,False,True,False
1,74,17148.0,"(16, 37)",taxation,6,0.25,False,True,False
1,75,17148.0,"(15, 37)",taxation,6,0.25,False,True,False
1,76,12862.000000000002,"(4, 30)",taxation,6,0.25,False,True,False
1,77,4290.0,"(31, 45)",taxation,6,0.25,False,True,False
1,78,8576.0,"(2, 25)",taxation,6,0.25,False,True,False
1,79,12862.000000000002,"(18, 29)",taxation,6,0.25,False,True,False
1,80,17148.0,"(39, 18)",taxation,6,0.25,False,True,False
1,81,12862.000000000002,"(43, 21)",taxation,6,0.25,False,True,False
1,82,17148.0,"(33, 9)",taxation,6,0.25,False,True,False
1,83,17148.0,"(31, 11)",taxation,6,0.25,False,True,False
1,84,17148.0,"(5, 40)",taxation,6,0.25,False,True,False
1,85,8576.0,"(35, 30)",taxation,6,0.25,False,True,False
1,86,17148.0,"(6, 40)",taxation,6,0.25,False,True,False
1,87,12862.000000000002,"(30, 6)",taxation,6,0.25,False,True,False
1,88,8576.0,"(20, 8)",taxation,6,0.25,False,True,False
1,89,17148.0,"(7, 34)",taxation,6,0.25,False,True,False
1,90,12862.000000000002,"(45, 15)",taxation,6,0.25,False,True,False
1,91,17148.0,"(31, 16)",taxation,6,0.25,False,True,False
1,92,17148.0,"(12, 34)",taxation,6,0.25,False,True,False
1,93,4290.0,"(35, 40)",taxation,6,0.25,False,True,False
1,94,4.0,"(5, 5)",taxation,6,0.25,False,True,False
1,95,17148.0,"(16, 40)",taxation,6,0.25,False,True,False
1,96,17148.0,"(11, 39)",taxation,6,0.25,False,True,False
1,97,8576.0,"(34, 31)",taxation,6,0.25,False,True,False
1,98,4.0,"(3, 2)",taxation,6,0.25,False,True,False
1,99,12862.000000000002,"(21, 35)",taxation,6,0.25,False,True,False
1,100,17148.0,"(40, 13)",taxation,6,0.25,False,True,False
1,101,17148.0,"(40, 16)",taxation,6,0.25,False,True,False
1,102,8576.0,"(30, 34)",taxation,6,0.25,False,True,False
1,103,8576.0,"(4, 24)",taxation,6,0.25,False,True,False
1,104,12862.000000000002,"(34, 4)",taxation,6,0.25,False,True,False
1,105,17148.0,"(14, 34)",taxation,6,0.25,False,True,False
1,106,12862.000000000002,"(31, 5)",taxation,6,0.25,False,True,False
1,107,17148.0,"(38, 19)",taxation,6,0.25,False,True,False
1,108,4290.0,"(7, 15)",taxation,6,0.25,False,True,False
1,109,17148.0,"(5, 39)",taxation,6,0.25,False,True,False
1,110,17148.0,"(8, 34)",taxation,6,0.25,False,True,False
1,111,17148.0,"(30, 12)",taxation,6,0.25,False,True,False
1,112,17148.0,"(15, 40)",taxation,6,0.25,False,True,False
1,113,12862.000000000002,"(25, 10)",taxation,6,0.25,False,True,False
1,114,17148.0,"(39, 15)",taxation,6,0.25,False,True,False
1,115,17148.0,"(34, 19)",taxation,6,0.25,False,True,False
1,116,17148.0,"(5, 38)",taxation,6,0.25,False,True,False
1,117,8576.0,"(38, 30)",taxation,6,0.25,False,True,False
1,118,12862.000000000002,"(42, 7)",taxation,6,0.25,False,True,False
1,119,12862.000000000002,"(33, 4)",taxation,6,0.25,False,True,False
1,120,17148.0,"(29, 13)",taxation,6,0.25,False,True,False
1,121,17148.0,"(6, 36)",taxation,6,0.25,False,True,False
1,122,8576.0,"(10, 22)",taxation,6,0.25,False,True,False
1,123,17148.0,"(38, 11)",taxation,6,0.25,False,True,False
1,124,17148.0,"(11, 33)",taxation,6,0.25,False,True,False
1,125,17148.0,"(15, 38)",taxation,6,0.25,False,True,False
1,126,8576.0,"(24, 2)",taxation,6,0.25,False,True,False
1,127,12862.000000000002,"(24, 20)",taxation,6,0.25,False,True,False
1,128,17148.0,"(39, 12)",taxation,6,0.25,False,True,False
1,129,17148.0,"(7, 42)",taxation,6,0.25,False,True,False
1,130,12862.000000000002,"(28, 7)",taxation,6,0.25,False,True,False
1,131,17148.0,"(14, 35)",taxation,6,0.25,False,True,False
1,132,17148.0,"(34, 12)",taxation,6,0.25,False,True,False
1,133,12862.000000000002,"(24, 19)",taxation,6,0.25,False,True,False
1,134,12862.000000000002,"(37, 4)",taxation,6,0.25,False,True,False
1,135,8576.0,"(26, 41)",taxation,6,0.25,False,True,False
1,136,4290.0,"(32, 43)",taxation,6,0.25,False,True,False
1,137,4290.0,"(16, 1)",taxation,6,0.25,False,True,False
1,138,17148.0,"(29, 15)",taxation,6,0.25,False,True,False
1,139,17148.0,"(30, 13)",taxation,6,0.25,False,True,False
1,140,4.0,"(0, 6)",taxation,6,0.25,False,True,False
1,141,12862.000000000002,"(20, 31)",taxation,6,0.25,False,True,False
1,142,4290.0,"(48, 35)",taxation,6,0.25,False,True,False
1,143,12862.000000000002,"(10, 28)",taxation,6,0.25,False,True,False
1,144,12862.000000000002,"(21, 41)",taxation,6,0.25,False,True,False
1,145,12862.000000000002,"(39, 24)",taxation,6,0.25,False,True,False
1,146,4.0,"(45, 48)",taxation,6,0.25,False,True,False
1,147,8576.0,"(21, 6)",taxation,6,0.25,False,True,False
1,148,8576.0,"(32, 33)",taxation,6,0.25,False,True,False
1,149,8576.0,"(44, 27)",taxation,6,0.25,False,True,False
1,150,8576.0,"(7, 23)",taxation,6,0.25,False,True,False
1,151,8576.0,"(35, 31)",taxation,6,0.25,False,True,False
1,152,17148.0,"(8, 43)",taxation,6,0.25,False,True,False
1,153,4290.0,"(36, 39)",taxation,6,0.25,False,True,False
1,154,4.0,"(4, 0)",taxation,6,0.25,False,True,False
1,155,12862.000000000002,"(45, 13)",taxation,6,0.25,False,True,False
1,156,8576.0,"(30, 35)",taxation,6,0.25,False,True,False
1,157,12862.000000000002,"(21, 36)",taxation,6,0.25,False,True,False
1,159,8576.0,"(27, 37)",taxation,6,0.25,False,True,False
1,160,8576.0,"(6, 24)",taxation,6,0.25,False,True,False
1,161,4290.0,"(14, 7)",taxation,6,0.25,False,True,False
1,162,17148.0,"(33, 20)",taxation,6,0.25,False,True,False
1,163,17148.0,"(15, 41)",taxation,6,0.25,False,True,False
1,164,12862.000000000002,"(39, 5)",taxation,6,0.25,False,True,False
1,165,17148.0,"(37, 10)",taxation,6,0.25,False,True,False
1,166,12862.000000000002,"(32, 4)",taxation,6,0.25,False,True,False
1,167,12862.000000000002,"(33, 5)",taxation,6,0.25,False,True,False
1,168,17148.0,"(39, 13)",taxation,6,0.25,False,True,False
1,169,8576.0,"(28, 35)",taxation,6,0.25,False,True,False
1,170,12862.000000000002,"(35, 25)",taxation,6,0.25,False,True,False
1,171,17148.0,"(13, 37)",taxation,6,0.25,False,True,False
1,172,12862.000000000002,"(31, 6)",taxation,6,0.25,False,True,False
1,173,4.0,"(48, 49)",taxation,6,0.25,False,True,False
1,174,12862.000000000002,"(40, 23)",taxation,6,0.25,False,True,False
1,175,4290.0,"(47, 35)",taxation,6,0.25,False,True,False
1,176,4.0,"(49, 47)",taxation,6,0.25,False,True,False
1,177,17148.0,"(39, 14)",taxation,6,0.25,False,True,False
1,178,12862.000000000002,"(36, 4)",taxation,6,0.25,False,True,False
1,179,8576.0,"(18, 15)",taxation,6,0.25,False,True,False
1,180,12862.000000000002,"(20, 43)",taxation,6,0.25,False,True,False
1,181,12862.000000000002,"(6, 29)",taxation,6,0.25,False,True,False
1,182,12862.000000000002,"(8, 28)",taxation,6,0.25,False,True,False
1,183,4290.0,"(43, 36)",taxation,6,0.25,False,True,False
1,184,12862.000000000002,"(18, 30)",taxation,6,0.25,False,True,False
1,185,17148.0,"(29, 16)",taxation,6,0.25,False,True,False
1,186,17148.0,"(30, 18)",taxation,6,0.25,False,True,False
1,187,4.0,"(2, 2)",taxation,6,0.25,False,True,False
1,188,17148.0,"(5, 37)",taxation,6,0.25,False,True,False
1,189,12862.000000000002,"(24, 16)",taxation,6,0.25,False,True,False
1,190,17148.0,"(9, 44)",taxation,6,0.25,False,True,False
1,191,17148.0,"(32, 19)",taxation,6,0.25,False,True,False
1,192,17148.0,"(31, 17)",taxation,6,0.25,False,True,False
1,193,17148.0,"(29, 14)",taxation,6,0.25,False,True,False
1,194,17148.0,"(31, 19)",taxation,6,0.25,False,True,False
1,195,4290.0,"(45, 36)",taxation,6,0.25,False,True,False
1,196,4290.0,"(11, 11)",taxation,6,0.25,False,True,False
1,197,4290.0,"(3, 17)",taxation,6,0.25,False,True,False
1,198,17148.0,"(7, 43)",taxation,6,0.25,False,True,False
1,199,12862.000000000002,"(29, 6)",taxation,6,0.25,False,True,False
1,200,12862.000000000002,"(9, 28)",taxation,6,0.25,False,True,False
1,201,8576.0,"(28, 34)",taxation,6,0.25,False,True,False
1,202,17148.0,"(34, 14)",taxation,6,0.25,False,True,False
1,203,17148.0,"(9, 34)",taxation,6,0.25,False,True,False
1,204,17148.0,"(40, 14)",taxation,6,0.25,False,True,False
1,205,4290.0,"(10, 13)",taxation,6,0.25,False,True,False
1,206,8576.0,"(26, 40)",taxation,6,0.25,False,True,False
1,207,8576.0,"(12, 22)",taxation,6,0.25,False,True,False
1,208,12862.000000000002,"(24, 12)",taxation,6,0.25,False,True,False
1,209,17148.0,"(38, 10)",taxation,6,0.25,False,True,False
1,210,17148.0,"(14, 38)",taxation,6,0.25,False,True,False
1,211,4290.0,"(33, 41)",taxation,6,0.25,False,True,False
1,212,17148.0,"(35, 20)",taxation,6,0.25,False,True,False
1,213,17148.0,"(9, 33)",taxation,6,0.25,False,True,False
1,214,4290.0,"(42, 36)",taxation,6,0.25,False,True,False
1,215,12862.000000000002,"(19, 45)",taxation,6,0.25,False,True,False
1,216,12862.000000000002,"(35, 4)",taxation,6,0.25,False,True,False
1,217,4290.0,"(8, 14)",taxation,6,0.25,False,True,False
1,218,17148.0,"(16, 38)",taxation,6,0.25,False,True,False
1,220,12862.000000000002,"(41, 6)",taxation,6,0.25,False,True,False
1,221,12862.000000000002,"(7, 29)",taxation,6,0.25,False,True,False
1,222,17148.0,"(6, 38)",taxation,6,0.25,False,True,False
1,223,4290.0,"(5, 16)",taxation,6,0.25,False,True,False
1,224,8576.0,"(33, 31)",taxation,6,0.25,False,True,False
1,225,12862.000000000002,"(24, 13)",taxation,6,0.25,False,True,False
1,226,17148.0,"(35, 19)",taxation,6,0.25,False,True,False
1,227,17148.0,"(39, 17)",taxation,6,0.25,False,True,False
1,228,8576.0,"(28, 36)",taxation,6,0.25,False,True,False
1,229,17148.0,"(15, 42)",taxation,6,0.25,False,True,False
1,230,12862.000000000002,"(14, 28)",taxation,6,0.25,False,True,False
1,231,4290.0,"(12, 10)",taxation,6,0.25,False,True,False
1,232,4290.0,"(38, 38)",taxation,6,0.25,False,True,False
1,233,8576.0,"(42, 28)",taxation,6,0.25,False,True,False
1,234,12862.000000000002,"(21, 40)",taxation,6,0.25,False,True,False
1,235,12862.000000000002,"(41, 23)",taxation,6,0.25,False,True,False
1,236,12862.000000000002,"(5, 30)",taxation,6,0.25,False,True,False
1,237,8576.0,"(31, 33)",taxation,6,0.25,False,True,False
1,238,17148.0,"(39, 11)",taxation,6,0.25,False,True,False
1,239,12862.000000000002,"(30, 5)",taxation,6,0.25,False,True,False
1,240,4.0,"(44, 47)",taxation,6,0.25,False,True,False
1,241,12862.000000000002,"(30, 25)",taxation,6,0.25,False,True,False
1,242,4290.0,"(9, 13)",taxation,6,0.25,False,True,False
1,243,8576.0,"(37, 30)",taxation,6,0.25,False,True,False
1,244,17148.0,"(6, 37)",taxation,6,0.25,False,True,False
1,245,17148.0,"(11, 44)",taxation,6,0.25,False,True,False
1,246,4290.0,"(30, 46)",taxation,6,0.25,False,True,False
1,247,12862.000000000002,"(33, 25)",taxation,6,0.25,False,True,False
1,248,12862.000000000002,"(21, 34)",taxation,6,0.25,False,True,False
1,249,17148.0,"(33, 16)",taxation,6,0.25,False,True,False
1,219-2,6432.0,"(36, 30)",taxation,6,0.25,False,True,False
1,158-2,6432.0,"(29, 34)",taxation,6,0.25,False,True,False
2,0,17147.0,"(16, 20)",taxation,6,0.25,False,True,False
2,1,8575.0,"(8, 16)",taxation,6,0.25,False,True,False
2,2,25719.000000000004,"(11, 29)",taxation,6,0.25,False,True,False
2,3,8575.0,"(6, 16)",taxation,6,0.25,False,True,False
2,4,17147.0,"(15, 21)",taxation,6,0.25,False,True,False
2,5,8575.0,"(34, 40)",taxation,6,0.25,False,True,False
2,6,30005.0,"(8, 41)",taxation,6,0.25,False,True,False
2,7,17147.0,"(18, 18)",taxation,6,0.25,False,True,False
2,8,34291.0,"(13, 43)",taxation,6,0.25,False,True,False
2,9,21433.0,"(24, 17)",taxation,6,0.25,False,True,False
2,10,34291.0,"(36, 17)",taxation,6,0.25,False,True,False
2,11,17147.0,"(11, 23)",taxation,6,0.25,False,True,False
2,12,30005.0,"(11, 34)",taxation,6,0.25,False,True,False
2,13,21433.0,"(6, 30)",taxation,6,0.25,False,True,False
2,14,3.0,"(6, 2)",taxation,6,0.25,False,True,False
2,15,25719.000000000004,"(26, 12)",taxation,6,0.25,False,True,False
2,16,34291.0,"(11, 38)",taxation,6,0.25,False,True,False
2,17,30005.0,"(32, 13)",taxation,6,0.25,False,True,False
2,18,34291.0,"(35, 14)",taxation,6,0.25,False,True,False
2,19,34291.0,"(33, 17)",taxation,6,0.25,False,True,False
2,20,21433.0,"(27, 8)",taxation,6,0.25,False,True,False
2,21,25719.000000000004,"(44, 12)",taxation,6,0.25,False,True,False
2,22,34291.0,"(36, 14)",taxation,6,0.25,False,True,False
2,23,34291.0,"(32, 11)",taxation,6,0.25,False,True,False
2,24,25719.000000000004,"(18, 31)",taxation,6,0.25,False,True,False
2,25,30005.0,"(30, 14)",taxation,6,0.25,False,True,False
2,26,25719.000000000004,"(16, 29)",taxation,6,0.25,False,True,False
2,27,25719.000000000004,"(31, 24)",taxation,6,0.25,False,True,False
2,28,12861.0,"(43, 27)",taxation,6,0.25,False,True,False
2,29,34291.0,"(33, 18)",taxation,6,0.25,False,True,False
2,30,34291.0,"(34, 10)",taxation,6,0.25,False,True,False
2,31,30005.0,"(9, 36)",taxation,6,0.25,False,True,False
2,32,34291.0,"(31, 14)",taxation,6,0.25,False,True,False
2,33,25719.000000000004,"(26, 22)",taxation,6,0.25,False,True,False
2,34,25719.000000000004,"(15, 29)",taxation,6,0.25,False,True,False
2,35,34291.0,"(8, 40)",taxation,6,0.25,False,True,False
2,36,17147.0,"(16, 21)",taxation,6,0.25,False,True,False
2,37,25719.000000000004,"(43, 9)",taxation,6,0.25,False,True,False
2,38,34291.0,"(37, 16)",taxation,6,0.25,False,True,False
2,39,8575.0,"(2, 18)",taxation,6,0.25,False,True,False
2,40,34291.0,"(9, 37)",taxation,6,0.25,False,True,False
2,41,34291.0,"(9, 39)",taxation,6,0.25,False,True,False
2,42,17147.0,"(31, 31)",taxation,6,0.25,False,True,False
2,43,25719.000000000004,"(44, 14)",taxation,6,0.25,False,True,False
2,44,17147.0,"(29, 33)",taxation,6,0.25,False,True,False
2,45,34291.0,"(10, 37)",taxation,6,0.25,False,True,False
2,46,8575.0,"(44, 35)",taxation,6,0.25,False,True,False
2,47,17147.0,"(27, 35)",taxation,6,0.25,False,True,False
2,48,25719.000000000004,"(36, 24)",taxation,6,0.25,False,True,False
2,49,34291.0,"(13, 39)",taxation,6,0.25,False,True,False
2,50,34291.0,"(8, 38)",taxation,6,0.25,False,True,False
2,51,30005.0,"(34, 11)",taxation,6,0.25,False,True,False
2,52,17147.0,"(32, 31)",taxation,6,0.25,False,True,False
2,53,8575.0,"(11, 12)",taxation,6,0.25,False,True,False
2,54,25719.000000000004,"(33, 6)",taxation,6,0.25,False,True,False
2,55,34291.0,"(11, 37)",taxation,6,0.25,False,True,False
2,56,21433.0,"(20, 42)",taxation,6,0.25,False,True,False
2,57,21433.0,"(24, 14)",taxation,6,0.25,False,True,False
2,58,30005.0,"(10, 34)",taxation,6,0.25,False,True,False
2,59,21433.0,"(9, 29)",taxation,6,0.25,False,True,False
2,60,34291.0,"(12, 35)",taxation,6,0.25,False,True,False
2,61,34291.0,"(36, 12)",taxation,6,0.25,False,True,False
2,62,34291.0,"(10, 39)",taxation,6,0.25,False,True,False
2,63,25719.000000000004,"(20, 37)",taxation,6,0.25,False,True,False
2,64,21433.0,"(26, 9)",taxation,6,0.25,False,True,False
2,65,34291.0,"(35, 13)",taxation,6,0.25,False,True,False
2,66,34291.0,"(14, 41)",taxation,6,0.25,False,True,False
2,67,17147.0,"(18, 19)",taxation,6,0.25,False,True,False
2,68,12861.0,"(24, 46)",taxation,6,0.25,False,True,False
2,69,34291.0,"(7, 41)",taxation,6,0.25,False,True,False
2,70,34291.0,"(35, 11)",taxation,6,0.25,False,True,False
2,71,34291.0,"(37, 13)",taxation,6,0.25,False,True,False
2,72,34291.0,"(10, 38)",taxation,6,0.25,False,True,False
2,73,34291.0,"(7, 36)",taxation,6,0.25,False,True,False
2,74,34291.0,"(14, 37)",taxation,6,0.25,False,True,False
2,75,34291.0,"(13, 36)",taxation,6,0.25,False,True,False
2,76,25719.000000000004,"(5, 31)",taxation,6,0.25,False,True,False
2,77,12861.0,"(25, 42)",taxation,6,0.25,False,True,False
2,78,21433.0,"(4, 31)",taxation,6,0.25,False,True,False
2,79,25719.000000000004,"(17, 30)",taxation,6,0.25,False,True,False
2,80,34291.0,"(38, 18)",taxation,6,0.25,False,True,False
2,81,25719.000000000004,"(43, 20)",taxation,6,0.25,False,True,False
2,82,34291.0,"(35, 15)",taxation,6,0.25,False,True,False
2,83,34291.0,"(33, 12)",taxation,6,0.25,False,True,False
2,84,34291.0,"(6, 39)",taxation,6,0.25,False,True,False
2,85,21433.0,"(35, 24)",taxation,6,0.25,False,True,False
2,86,34291.0,"(7, 40)",taxation,6,0.25,False,True,False
2,87,25719.000000000004,"(30, 8)",taxation,6,0.25,False,True,False
2,88,21433.0,"(26, 10)",taxation,6,0.25,False,True,False
2,89,34291.0,"(8, 36)",taxation,6,0.25,False,True,False
2,90,25719.000000000004,"(45, 16)",taxation,6,0.25,False,True,False
2,91,34291.0,"(32, 16)",taxation,6,0.25,False,True,False
2,92,34291.0,"(12, 36)",taxation,6,0.25,False,True,False
2,93,8575.0,"(35, 39)",taxation,6,0.25,False,True,False
2,94,3.0,"(5, 4)",taxation,6,0.25,False,True,False
2,95,34291.0,"(13, 42)",taxation,6,0.25,False,True,False
2,96,34291.0,"(11, 40)",taxation,6,0.25,False,True,False
2,97,17147.0,"(34, 30)",taxation,6,0.25,False,True,False
2,98,3.0,"(4, 2)",taxation,6,0.25,False,True,False
2,99,25719.000000000004,"(20, 35)",taxation,6,0.25,False,True,False
2,100,34291.0,"(38, 15)",taxation,6,0.25,False,True,False
2,101,34291.0,"(39, 16)",taxation,6,0.25,False,True,False
2,102,17147.0,"(28, 32)",taxation,6,0.25,False,True,False
2,103,21433.0,"(7, 30)",taxation,6,0.25,False,True,False
2,104,25719.000000000004,"(35, 5)",taxation,6,0.25,False,True,False
2,105,34291.0,"(14, 36)",taxation,6,0.25,False,True,False
2,106,25719.000000000004,"(31, 7)",taxation,6,0.25,False,True,False
2,107,34291.0,"(37, 18)",taxation,6,0.25,False,True,False
2,108,8575.0,"(7, 16)",taxation,6,0.25,False,True,False
2,109,34291.0,"(9, 40)",taxation,6,0.25,False,True,False
2,110,34291.0,"(9, 35)",taxation,6,0.25,False,True,False
2,111,34291.0,"(31, 13)",taxation,6,0.25,False,True,False
2,112,34291.0,"(14, 40)",taxation,6,0.25,False,True,False
2,113,30005.0,"(31, 12)",taxation,6,0.25,False,True,False
2,114,34291.0,"(36, 15)",taxation,6,0.25,False,True,False
2,115,34291.0,"(34, 18)",taxation,6,0.25,False,True,False
2,116,34291.0,"(7, 38)",taxation,6,0.25,False,True,False
2,117,21433.0,"(36, 25)",taxation,6,0.25,False,True,False
2,118,30005.0,"(36, 13)",taxation,6,0.25,False,True,False
2,119,25719.000000000004,"(34, 5)",taxation,6,0.25,False,True,False
2,120,34291.0,"(31, 15)",taxation,6,0.25,False,True,False
2,121,34291.0,"(8, 37)",taxation,6,0.25,False,True,False
2,122,21433.0,"(12, 28)",taxation,6,0.25,False,True,False
2,123,34291.0,"(37, 12)",taxation,6,0.25,False,True,False
2,124,34291.0,"(11, 36)",taxation,6,0.25,False,True,False
2,125,34291.0,"(13, 40)",taxation,6,0.25,False,True,False
2,126,21433.0,"(29, 7)",taxation,6,0.25,False,True,False
2,127,30005.0,"(30, 16)",taxation,6,0.25,False,True,False
2,128,34291.0,"(37, 15)",taxation,6,0.25,False,True,False
2,129,34291.0,"(9, 42)",taxation,6,0.25,False,True,False
2,130,30005.0,"(34, 13)",taxation,6,0.25,False,True,False
2,131,34291.0,"(12, 38)",taxation,6,0.25,False,True,False
2,132,34291.0,"(35, 12)",taxation,6,0.25,False,True,False
2,133,25719.000000000004,"(25, 19)",taxation,6,0.25,False,True,False
2,134,25719.000000000004,"(37, 5)",taxation,6,0.25,False,True,False
2,135,21433.0,"(20, 41)",taxation,6,0.25,False,True,False
2,136,12861.0,"(26, 39)",taxation,6,0.25,False,True,False
2,137,12861.0,"(22, 5)",taxation,6,0.25,False,True,False
2,138,34291.0,"(32, 15)",taxation,6,0.25,False,True,False
2,140,3.0,"(0, 7)",taxation,6,0.25,False,True,False
2,141,25719.000000000004,"(19, 31)",taxation,6,0.25,False,True,False
2,142,8575.0,"(48, 34)",taxation,6,0.25,False,True,False
2,143,25719.000000000004,"(10, 29)",taxation,6,0.25,False,True,False
2,144,25719.000000000004,"(19, 41)",taxation,6,0.25,False,True,False
2,145,30005.0,"(37, 19)",taxation,6,0.25,False,True,False
2,146,3.0,"(45, 49)",taxation,6,0.25,False,True,False
2,147,21433.0,"(26, 8)",taxation,6,0.25,False,True,False
2,148,17147.0,"(30, 32)",taxation,6,0.25,False,True,False
2,149,21433.0,"(42, 22)",taxation,6,0.25,False,True,False
2,150,21433.0,"(12, 29)",taxation,6,0.25,False,True,False
2,151,17147.0,"(35, 29)",taxation,6,0.25,False,True,False
2,152,34291.0,"(9, 43)",taxation,6,0.25,False,True,False
2,153,8575.0,"(36, 38)",taxation,6,0.25,False,True,False
2,154,3.0,"(4, 1)",taxation,6,0.25,False,True,False
2,155,25719.000000000004,"(44, 13)",taxation,6,0.25,False,True,False
2,156,17147.0,"(28, 33)",taxation,6,0.25,False,True,False
2,157,25719.000000000004,"(20, 36)",taxation,6,0.25,False,True,False
2,159,21433.0,"(21, 38)",taxation,6,0.25,False,True,False
2,160,21433.0,"(8, 29)",taxation,6,0.25,False,True,False
2,161,12861.0,"(20, 9)",taxation,6,0.25,False,True,False
2,162,34291.0,"(34, 17)",taxation,6,0.25,False,True,False
2,163,34291.0,"(13, 41)",taxation,6,0.25,False,True,False
2,164,25719.000000000004,"(39, 6)",taxation,6,0.25,False,True,False
2,165,34291.0,"(36, 10)",taxation,6,0.25,False,True,False
2,166,25719.000000000004,"(32, 6)",taxation,6,0.25,False,True,False
2,167,25719.000000000004,"(34, 6)",taxation,6,0.25,False,True,False
2,168,34291.0,"(37, 14)",taxation,6,0.25,False,True,False
2,169,17147.0,"(26, 35)",taxation,6,0.25,False,True,False
2,170,30005.0,"(33, 19)",taxation,6,0.25,False,True,False
2,171,34291.0,"(12, 39)",taxation,6,0.25,False,True,False
2,172,30005.0,"(33, 11)",taxation,6,0.25,False,True,False
2,173,3.0,"(49, 49)",taxation,6,0.25,False,True,False
2,174,30005.0,"(38, 17)",taxation,6,0.25,False,True,False
2,175,12861.0,"(41, 29)",taxation,6,0.25,False,True,False
2,176,3.0,"(49, 48)",taxation,6,0.25,False,True,False
2,177,34291.0,"(38, 14)",taxation,6,0.25,False,True,False
2,178,25719.000000000004,"(36, 5)",taxation,6,0.25,False,True,False
2,179,21433.0,"(24, 18)",taxation,6,0.25,False,True,False
2,180,30005.0,"(14, 39)",taxation,6,0.25,False,True,False
2,181,25719.000000000004,"(6, 31)",taxation,6,0.25,False,True,False
2,182,25719.000000000004,"(8, 30)",taxation,6,0.25,False,True,False
2,183,8575.0,"(43, 35)",taxation,6,0.25,False,True,False
2,184,30005.0,"(13, 35)",taxation,6,0.25,False,True,False
2,185,34291.0,"(32, 14)",taxation,6,0.25,False,True,False
2,186,34291.0,"(32, 18)",taxation,6,0.25,False,True,False
2,187,3.0,"(3, 2)",taxation,6,0.25,False,True,False
2,188,34291.0,"(8, 39)",taxation,6,0.25,False,True,False
2,189,25719.000000000004,"(24, 15)",taxation,6,0.25,False,True,False
2,190,34291.0,"(10, 43)",taxation,6,0.25,False,True,False
2,191,34291.0,"(35, 17)",taxation,6,0.25,False,True,False
2,192,34291.0,"(32, 17)",taxation,6,0.25,False,True,False
2,193,34291.0,"(33, 15)",taxation,6,0.25,False,True,False
2,194,34291.0,"(31, 18)",taxation,6,0.25,False,True,False
2,195,8575.0,"(45, 35)",taxation,6,0.25,False,True,False
2,196,8575.0,"(12, 12)",taxation,6,0.25,False,True,False
2,197,12861.0,"(9, 23)",taxation,6,0.25,False,True,False
2,198,34291.0,"(8, 42)",taxation,6,0.25,False,True,False
2,199,30005.0,"(32, 12)",taxation,6,0.25,False,True,False
2,200,25719.000000000004,"(9, 30)",taxation,6,0.25,False,True,False
2,201,17147.0,"(27, 34)",taxation,6,0.25,False,True,False
2,202,34291.0,"(33, 14)",taxation,6,0.25,False,True,False
2,203,34291.0,"(10, 36)",taxation,6,0.25,False,True,False
2,204,34291.0,"(38, 16)",taxation,6,0.25,False,True,False
2,205,8575.0,"(10, 14)",taxation,6,0.25,False,True,False
2,206,21433.0,"(21, 39)",taxation,6,0.25,False,True,False
2,207,17147.0,"(12, 23)",taxation,6,0.25,False,True,False
2,208,25719.000000000004,"(25, 13)",taxation,6,0.25,False,True,False
2,209,34291.0,"(38, 12)",taxation,6,0.25,False,True,False
2,210,34291.0,"(13, 38)",taxation,6,0.25,False,True,False
2,211,8575.0,"(32, 41)",taxation,6,0.25,False,True,False
2,212,34291.0,"(36, 19)",taxation,6,0.25,False,True,False
2,213,34291.0,"(9, 38)",taxation,6,0.25,False,True,False
2,214,8575.0,"(41, 36)",taxation,6,0.25,False,True,False
2,215,25719.000000000004,"(18, 45)",taxation,6,0.25,False,True,False
2,216,30005.0,"(35, 10)",taxation,6,0.25,False,True,False
2,217,8575.0,"(9, 15)",taxation,6,0.25,False,True,False
2,218,34291.0,"(12, 40)",taxation,6,0.25,False,True,False
2,220,30005.0,"(36, 11)",taxation,6,0.25,False,True,False
2,221,30005.0,"(11, 35)",taxation,6,0.25,False,True,False
2,222,34291.0,"(7, 39)",taxation,6,0.25,False,True,False
2,223,8575.0,"(5, 17)",taxation,6,0.25,False,True,False
2,224,21433.0,"(29, 25)",taxation,6,0.25,False,True,False
2,225,30005.0,"(30, 15)",taxation,6,0.25,False,True,False
2,226,34291.0,"(35, 18)",taxation,6,0.25,False,True,False
2,227,34291.0,"(37, 17)",taxation,6,0.25,False,True,False
2,228,17147.0,"(27, 36)",taxation,6,0.25,False,True,False
2,229,34291.0,"(12, 42)",taxation,6,0.25,False,True,False
2,230,25719.000000000004,"(14, 29)",taxation,6,0.25,False,True,False
2,231,8575.0,"(12, 11)",taxation,6,0.25,False,True,False
2,232,8575.0,"(38, 37)",taxation,6,0.25,False,True,False
2,233,21433.0,"(38, 24)",taxation,6,0.25,False,True,False
2,234,25719.000000000004,"(20, 40)",taxation,6,0.25,False,True,False
2,235,30005.0,"(36, 18)",taxation,6,0.25,False,True,False
2,236,30005.0,"(10, 35)",taxation,6,0.25,False,True,False
2,237,17147.0,"(30, 31)",taxation,6,0.25,False,True,False
2,238,34291.0,"(38, 13)",taxation,6,0.25,False,True,False
2,239,25719.000000000004,"(30, 7)",taxation,6,0.25,False,True,False
2,240,3.0,"(45, 47)",taxation,6,0.25,False,True,False
2,241,25719.000000000004,"(30, 24)",taxation,6,0.25,False,True,False
2,242,8575.0,"(9, 14)",taxation,6,0.25,False,True,False
2,243,21433.0,"(37, 24)",taxation,6,0.25,False,True,False
2,244,34291.0,"(9, 41)",taxation,6,0.25,False,True,False
2,245,34291.0,"(10, 44)",taxation,6,0.25,False,True,False
2,246,12861.0,"(25, 43)",taxation,6,0.25,False,True,False
2,247,25719.000000000004,"(32, 25)",taxation,6,0.25,False,True,False
2,248,30005.0,"(15, 39)",taxation,6,0.25,False,True,False
2,249,34291.0,"(34, 16)",taxation,6,0.25,False,True,False
2,219-2,19289.0,"(34, 25)",taxation,6,0.25,False,True,False
2,158-2,15003.0,"(29, 32)",taxation,6,0.25,False,True,False
2,139-2,25718.25,"(34, 15)",taxation,6,0.25,False,True,False
3,0,25718.0,"(17, 20)",taxation,6,0.25,False,True,False
3,1,17146.0,"(13, 22)",taxation,6,0.25,False,True,False
3,2,38576.00000000001,"(11, 30)",taxation,6,0.25,False,True,False
3,3,12860.0,"(6, 17)",taxation,6,0.25,False,True,False
3,4,25718.0,"(15, 22)",taxation,6,0.25,False,True,False
3,5,12860.0,"(33, 40)",taxation,6,0.25,False,True,False
3,6,47148.0,"(11, 42)",taxation,6,0.25,False,True,False
3,7,25718.0,"(19, 18)",taxation,6,0.25,False,True,False
3,8,47148.0,"(13, 44)",taxation,6,0.25,False,True,False
3,9,34290.0,"(25, 17)",taxation,6,0.25,False,True,False
3,10,47148.0,"(37, 20)",taxation,6,0.25,False,True,False
3,11,25718.0,"(10, 23)",taxation,6,0.25,False,True,False
3,12,42862.0,"(11, 32)",taxation,6,0.25,False,True,False
3,13,34290.0,"(7, 31)",taxation,6,0.25,False,True,False
3,14,2.0,"(6, 3)",taxation,6,0.25,False,True,False
3,15,38576.00000000001,"(27, 12)",taxation,6,0.25,False,True,False
3,16,51434.0,"(12, 43)",taxation,6,0.25,False,True,False
3,17,42862.0,"(29, 12)",taxation,6,0.25,False,True,False
3,18,47148.0,"(37, 8)",taxation,6,0.25,False,True,False
3,19,47148.0,"(33, 21)",taxation,6,0.25,False,True,False
3,20,34290.0,"(27, 9)",taxation,6,0.25,False,True,False
3,21,38576.00000000001,"(44, 11)",taxation,6,0.25,False,True,False
3,22,47148.0,"(40, 10)",taxation,6,0.25,False,True,False
3,23,47148.0,"(32, 8)",taxation,6,0.25,False,True,False
3,24,38576.00000000001,"(17, 31)",taxation,6,0.25,False,True,False
3,25,42862.0,"(28, 14)",taxation,6,0.25,False,True,False
3,26,38576.00000000001,"(16, 31)",taxation,6,0.25,False,True,False
3,27,38576.00000000001,"(31, 23)",taxation,6,0.25,False,True,False
3,28,25718.0,"(39, 23)",taxation,6,0.25,False,True,False
3,29,47148.0,"(32, 21)",taxation,6,0.25,False,True,False
3,30,47148.0,"(37, 7)",taxation,6,0.25,False,True,False
3,31,42862.0,"(6, 33)",taxation,6,0.25,False,True,False
3,32,47148.0,"(28, 13)",taxation,6,0.25,False,True,False
3,33,38576.00000000001,"(27, 22)",taxation,6,0.25,False,True,False
3,34,38576.00000000001,"(15, 30)",taxation,6,0.25,False,True,False
3,35,51434.0,"(10, 40)",taxation,6,0.25,False,True,False
3,36,25718.0,"(17, 21)",taxation,6,0.25,False,True,False
3,37,38576.00000000001,"(43, 10)",taxation,6,0.25,False,True,False
3,38,47148.0,"(41, 17)",taxation,6,0.25,False,True,False
3,39,17146.0,"(5, 24)",taxation,6,0.25,False,True,False
3,40,47148.0,"(6, 34)",taxation,6,0.25,False,True,False
3,41,51434.0,"(11, 41)",taxation,6,0.25,False,True,False
3,42,25718.0,"(31, 30)",taxation,6,0.25,False,True,False
3,43,38576.00000000001,"(44, 15)",taxation,6,0.25,False,True,False
3,44,25718.0,"(27, 31)",taxation,6,0.25,False,True,False
3,45,47148.0,"(10, 32)",taxation,6,0.25,False,True,False
3,46,17146.0,"(40, 29)",taxation,6,0.25,False,True,False
3,47,25718.0,"(26, 34)",taxation,6,0.25,False,True,False
3,48,38576.00000000001,"(37, 23)",taxation,6,0.25,False,True,False
3,49,47148.0,"(16, 43)",taxation,6,0.25,False,True,False
3,50,47148.0,"(4, 36)",taxation,6,0.25,False,True,False
3,51,42862.0,"(32, 9)",taxation,6,0.25,False,True,False
3,52,25718.0,"(32, 30)",taxation,6,0.25,False,True,False
3,53,12860.0,"(11, 13)",taxation,6,0.25,False,True,False
3,54,38576.00000000001,"(33, 7)",taxation,6,0.25,False,True,False
3,55,47148.0,"(15, 34)",taxation,6,0.25,False,True,False
3,56,34290.0,"(19, 42)",taxation,6,0.25,False,True,False
3,57,34290.0,"(25, 14)",taxation,6,0.25,False,True,False
3,58,42862.0,"(11, 31)",taxation,6,0.25,False,True,False
3,59,34290.0,"(9, 31)",taxation,6,0.25,False,True,False
3,60,47148.0,"(14, 33)",taxation,6,0.25,False,True,False
3,61,51434.0,"(36, 16)",taxation,6,0.25,False,True,False
3,62,47148.0,"(5, 41)",taxation,6,0.25,False,True,False
3,63,38576.00000000001,"(19, 37)",taxation,6,0.25,False,True,False
3,64,34290.0,"(27, 10)",taxation,6,0.25,False,True,False
3,65,47148.0,"(39, 9)",taxation,6,0.25,False,True,False
3,66,47148.0,"(16, 42)",taxation,6,0.25,False,True,False
3,67,25718.0,"(19, 19)",taxation,6,0.25,False,True,False
3,68,25718.0,"(19, 44)",taxation,6,0.25,False,True,False
3,69,47148.0,"(5, 42)",taxation,6,0.25,False,True,False
3,70,47148.0,"(34, 8)",taxation,6,0.25,False,True,False
3,71,47148.0,"(40, 12)",taxation,6,0.25,False,True,False
3,72,47148.0,"(9, 32)",taxation,6,0.25,False,True,False
3,73,47148.0,"(5, 34)",taxation,6,0.25,False,True,False
3,74,47148.0,"(17, 37)",taxation,6,0.25,False,True,False
3,75,47148.0,"(16, 35)",taxation,6,0.25,False,True,False
3,76,38576.00000000001,"(5, 32)",taxation,6,0.25,False,True,False
3,77,25718.0,"(20, 39)",taxation,6,0.25,False,True,False
3,78,34290.0,"(4, 32)",taxation,6,0.25,False,True,False
3,79,38576.00000000001,"(16, 30)",taxation,6,0.25,False,True,False
3,80,47148.0,"(38, 20)",taxation,6,0.25,False,True,False
3,81,38576.00000000001,"(42, 20)",taxation,6,0.25,False,True,False
3,82,47148.0,"(41, 18)",taxation,6,0.25,False,True,False
3,83,47148.0,"(29, 9)",taxation,6,0.25,False,True,False
3,84,47148.0,"(4, 40)",taxation,6,0.25,False,True,False
3,85,34290.0,"(35, 23)",taxation,6,0.25,False,True,False
3,86,51434.0,"(10, 41)",taxation,6,0.25,False,True,False
3,87,38576.00000000001,"(28, 11)",taxation,6,0.25,False,True,False
3,88,34290.0,"(27, 11)",taxation,6,0.25,False,True,False
3,89,47148.0,"(5, 35)",taxation,6,0.25,False,True,False
3,90,38576.00000000001,"(44, 16)",taxation,6,0.25,False,True,False
3,91,47148.0,"(29, 17)",taxation,6,0.25,False,True,False
3,92,47148.0,"(12, 32)",taxation,6,0.25,False,True,False
3,93,12860.0,"(35, 38)",taxation,6,0.25,False,True,False
3,94,2.0,"(4, 4)",taxation,6,0.25,False,True,False
3,95,47148.0,"(15, 44)",taxation,6,0.25,False,True,False
3,96,47148.0,"(14, 44)",taxation,6,0.25,False,True,False
3,97,30004.0,"(34, 24)",taxation,6,0.25,False,True,False
3,98,2.0,"(5, 2)",taxation,6,0.25,False,True,False
3,99,38576.00000000001,"(20, 34)",taxation,6,0.25,False,True,False
3,100,47148.0,"(41, 15)",taxation,6,0.25,False,True,False
3,101,47148.0,"(41, 16)",taxation,6,0.25,False,True,False
3,102,25718.0,"(28, 31)",taxation,6,0.25,False,True,False
3,103,34290.0,"(8, 31)",taxation,6,0.25,False,True,False
3,104,38576.00000000001,"(35, 6)",taxation,6,0.25,False,True,False
3,105,47148.0,"(16, 34)",taxation,6,0.25,False,True,False
3,106,38576.00000000001,"(31, 8)",taxation,6,0.25,False,True,False
3,107,47148.0,"(37, 21)",taxation,6,0.25,False,True,False
3,108,12860.0,"(7, 17)",taxation,6,0.25,False,True,False
3,109,47148.0,"(7, 44)",taxation,6,0.25,False,True,False
3,110,47148.0,"(7, 33)",taxation,6,0.25,False,True,False
3,111,47148.0,"(30, 10)",taxation,6,0.25,False,True,False
3,112,47148.0,"(17, 41)",taxation,6,0.25,False,True,False
3,113,42862.0,"(29, 11)",taxation,6,0.25,False,True,False
3,114,47148.0,"(39, 19)",taxation,6,0.25,False,True,False
3,115,47148.0,"(34, 21)",taxation,6,0.25,False,True,False
3,116,47148.0,"(4, 38)",taxation,6,0.25,False,True,False
3,117,34290.0,"(36, 23)",taxation,6,0.25,False,True,False
3,118,42862.0,"(39, 10)",taxation,6,0.25,False,True,False
3,119,38576.00000000001,"(35, 7)",taxation,6,0.25,False,True,False
3,120,47148.0,"(29, 18)",taxation,6,0.25,False,True,False
3,121,47148.0,"(4, 37)",taxation,6,0.25,False,True,False
3,122,34290.0,"(13, 29)",taxation,6,0.25,False,True,False
3,123,47148.0,"(38, 9)",taxation,6,0.25,False,True,False
3,124,47148.0,"(14, 32)",taxation,6,0.25,False,True,False
3,125,47148.0,"(17, 40)",taxation,6,0.25,False,True,False
3,126,34290.0,"(28, 9)",taxation,6,0.25,False,True,False
3,127,42862.0,"(28, 18)",taxation,6,0.25,False,True,False
3,128,47148.0,"(40, 17)",taxation,6,0.25,False,True,False
3,129,47148.0,"(9, 45)",taxation,6,0.25,False,True,False
3,130,42862.0,"(36, 7)",taxation,6,0.25,False,True,False
3,131,47148.0,"(16, 36)",taxation,6,0.25,False,True,False
3,132,47148.0,"(33, 8)",taxation,6,0.25,False,True,False
3,133,38576.00000000001,"(25, 20)",taxation,6,0.25,False,True,False
3,134,38576.00000000001,"(38, 5)",taxation,6,0.25,False,True,False
3,135,34290.0,"(18, 41)",taxation,6,0.25,False,True,False
3,136,25718.0,"(20, 33)",taxation,6,0.25,False,True,False
3,137,25718.0,"(28, 10)",taxation,6,0.25,False,True,False
3,138,47148.0,"(28, 16)",taxation,6,0.25,False,True,False
3,140,2.0,"(1, 7)",taxation,6,0.25,False,True,False
3,141,38576.00000000001,"(19, 32)",taxation,6,0.25,False,True,False
3,142,12860.0,"(49, 34)",taxation,6,0.25,False,True,False
3,143,38576.00000000001,"(10, 30)",taxation,6,0.25,False,True,False
3,144,38576.00000000001,"(19, 40)",taxation,6,0.25,False,True,False
3,145,42862.0,"(36, 21)",taxation,6,0.25,False,True,False
3,146,2.0,"(46, 49)",taxation,6,0.25,False,True,False
3,147,34290.0,"(28, 8)",taxation,6,0.25,False,True,False
3,148,25718.0,"(29, 30)",taxation,6,0.25,False,True,False
3,149,34290.0,"(41, 22)",taxation,6,0.25,False,True,False
3,150,34290.0,"(12, 30)",taxation,6,0.25,False,True,False
3,151,30004.0,"(34, 23)",taxation,6,0.25,False,True,False
3,152,47148.0,"(8, 44)",taxation,6,0.25,False,True,False
3,153,12860.0,"(36, 37)",taxation,6,0.25,False,True,False
3,154,2.0,"(4, 0)",taxation,6,0.25,False,True,False
3,155,38576.00000000001,"(43, 13)",taxation,6,0.25,False,True,False
3,156,25718.0,"(27, 32)",taxation,6,0.25,False,True,False
3,157,38576.00000000001,"(19, 36)",taxation,6,0.25,False,True,False
3,159,34290.0,"(19, 38)",taxation,6,0.25,False,True,False
3,160,34290.0,"(7, 32)",taxation,6,0.25,False,True,False
3,161,25718.0,"(26, 11)",taxation,6,0.25,False,True,False
3,162,47148.0,"(31, 21)",taxation,6,0.25,False,True,False
3,163,47148.0,"(15, 43)",taxation,6,0.25,False,True,False
3,164,38576.00000000001,"(39, 7)",taxation,6,0.25,False,True,False
3,165,47148.0,"(36, 8)",taxation,6,0.25,False,True,False
3,166,38576.00000000001,"(32, 7)",taxation,6,0.25,False,True,False
3,167,38576.00000000001,"(34, 7)",taxation,6,0.25,False,True,False
3,168,47148.0,"(41, 12)",taxation,6,0.25,False,True,False
3,169,30004.0,"(21, 33)",taxation,6,0.25,False,True,False
3,170,42862.0,"(32, 20)",taxation,6,0.25,False,True,False
3,171,51434.0,"(12, 44)",taxation,6,0.25,False,True,False
3,172,42862.0,"(31, 9)",taxation,6,0.25,False,True,False
3,173,2.0,"(48, 49)",taxation,6,0.25,False,True,False
3,174,42862.0,"(40, 18)",taxation,6,0.25,False,True,False
3,175,21432.0,"(41, 28)",taxation,6,0.25,False,True,False
3,176,2.0,"(48, 48)",taxation,6,0.25,False,True,False
3,177,47148.0,"(41, 14)",taxation,6,0.25,False,True,False
3,178,38576.00000000001,"(36, 6)",taxation,6,0.25,False,True,False
3,180,47148.0,"(12, 41)",taxation,6,0.25,False,True,False
3,181,38576.00000000001,"(6, 32)",taxation,6,0.25,False,True,False
3,182,38576.00000000001,"(8, 32)",taxation,6,0.25,False,True,False
3,183,17146.0,"(39, 29)",taxation,6,0.25,False,True,False
3,184,42862.0,"(15, 33)",taxation,6,0.25,False,True,False
3,185,47148.0,"(28, 12)",taxation,6,0.25,False,True,False
3,186,47148.0,"(29, 19)",taxation,6,0.25,False,True,False
3,187,2.0,"(2, 2)",taxation,6,0.25,False,True,False
3,188,47148.0,"(4, 41)",taxation,6,0.25,False,True,False
3,189,38576.00000000001,"(25, 15)",taxation,6,0.25,False,True,False
3,190,47148.0,"(10, 45)",taxation,6,0.25,False,True,False
3,191,51434.0,"(35, 16)",taxation,6,0.25,False,True,False
3,192,47148.0,"(30, 20)",taxation,6,0.25,False,True,False
3,193,47148.0,"(28, 17)",taxation,6,0.25,False,True,False
3,194,47148.0,"(30, 19)",taxation,6,0.25,False,True,False
3,195,12860.0,"(46, 35)",taxation,6,0.25,False,True,False
3,196,17146.0,"(18, 17)",taxation,6,0.25,False,True,False
3,197,21432.0,"(9, 24)",taxation,6,0.25,False,True,False
3,198,47148.0,"(6, 43)",taxation,6,0.25,False,True,False
3,199,42862.0,"(30, 9)",taxation,6,0.25,False,True,False
3,200,38576.00000000001,"(10, 31)",taxation,6,0.25,False,True,False
3,201,25718.0,"(27, 33)",taxation,6,0.25,False,True,False
3,202,47148.0,"(29, 10)",taxation,6,0.25,False,True,False
3,203,47148.0,"(8, 33)",taxation,6,0.25,False,True,False
3,204,47148.0,"(40, 19)",taxation,6,0.25,False,True,False
3,205,12860.0,"(10, 15)",taxation,6,0.25,False,True,False
3,206,34290.0,"(20, 38)",taxation,6,0.25,False,True,False
3,207,25718.0,"(13, 23)",taxation,6,0.25,False,True,False
3,208,38576.00000000001,"(26, 13)",taxation,6,0.25,False,True,False
3,209,47148.0,"(40, 11)",taxation,6,0.25,False,True,False
3,210,47148.0,"(17, 38)",taxation,6,0.25,False,True,False
3,211,17146.0,"(26, 38)",taxation,6,0.25,False,True,False
3,212,47148.0,"(36, 22)",taxation,6,0.25,False,True,False
3,213,47148.0,"(5, 36)",taxation,6,0.25,False,True,False
3,214,12860.0,"(41, 35)",taxation,6,0.25,False,True,False
3,215,38576.00000000001,"(18, 44)",taxation,6,0.25,False,True,False
3,216,42862.0,"(35, 8)",taxation,6,0.25,False,True,False
3,217,12860.0,"(9, 16)",taxation,6,0.25,False,True,False
3,218,47148.0,"(16, 41)",taxation,6,0.25,False,True,False
3,220,42862.0,"(37, 9)",taxation,6,0.25,False,True,False
3,221,42862.0,"(13, 33)",taxation,6,0.25,False,True,False
3,222,47148.0,"(4, 39)",taxation,6,0.25,False,True,False
3,223,12860.0,"(5, 18)",taxation,6,0.25,False,True,False
3,224,34290.0,"(29, 24)",taxation,6,0.25,False,True,False
3,225,42862.0,"(28, 15)",taxation,6,0.25,False,True,False
3,226,47148.0,"(35, 22)",taxation,6,0.25,False,True,False
3,227,47148.0,"(39, 20)",taxation,6,0.25,False,True,False
3,228,25718.0,"(26, 36)",taxation,6,0.25,False,True,False
3,229,47148.0,"(12, 45)",taxation,6,0.25,False,True,False
3,230,38576.00000000001,"(14, 30)",taxation,6,0.25,False,True,False
3,231,12860.0,"(13, 11)",taxation,6,0.25,False,True,False
3,232,12860.0,"(38, 36)",taxation,6,0.25,False,True,False
3,233,34290.0,"(38, 23)",taxation,6,0.25,False,True,False
3,234,38576.00000000001,"(19, 39)",taxation,6,0.25,False,True,False
3,235,42862.0,"(38, 21)",taxation,6,0.25,False,True,False
3,236,42862.0,"(13, 32)",taxation,6,0.25,False,True,False
3,237,25718.0,"(30, 30)",taxation,6,0.25,False,True,False
3,238,47148.0,"(41, 13)",taxation,6,0.25,False,True,False
3,239,38576.00000000001,"(29, 8)",taxation,6,0.25,False,True,False
3,240,2.0,"(46, 47)",taxation,6,0.25,False,True,False
3,241,38576.00000000001,"(30, 23)",taxation,6,0.25,False,True,False
3,242,12860.0,"(11, 14)",taxation,6,0.25,False,True,False
3,243,34290.0,"(37, 22)",taxation,6,0.25,False,True,False
3,244,51434.0,"(10, 42)",taxation,6,0.25,False,True,False
3,245,51434.0,"(11, 43)",taxation,6,0.25,False,True,False
3,246,25718.0,"(19, 43)",taxation,6,0.25,False,True,False
3,247,38576.00000000001,"(32, 24)",taxation,6,0.25,False,True,False
3,248,42862.0,"(17, 39)",taxation,6,0.25,False,True,False
3,249,47148.0,"(35, 21)",taxation,6,0.25,False,True,False
3,219-2,32146.0,"(33, 24)",taxation,6,0.25,False,True,False
3,158-2,23574.0,"(29, 31)",taxation,6,0.25,False,True,False
3,139-2,38575.25,"(31, 20)",taxation,6,0.25,False,True,False
3,179-2,25717.5,"(25, 18)",taxation,6,0.25,False,True,False
4,0,34289.0,"(18, 20)",taxation,6,0.25,False,True,False
4,1,25717.0,"(14, 23)",taxation,6,0.25,False,True,False
4,2,47147.00000000001,"(11, 27)",taxation,6,0.25,False,True,False
4,3,17145.0,"(6, 18)",taxation,6,0.25,False,True,False
4,4,34289.0,"(15, 23)",taxation,6,0.25,False,True,False
4,5,17145.0,"(33, 39)",taxation,6,0.25,False,True,False
4,6,60005.0,"(11, 45)",taxation,6,0.25,False,True,False
4,7,34289.0,"(20, 18)",taxation,6,0.25,False,True,False
4,8,60005.0,"(13, 45)",taxation,6,0.25,False,True,False
4,9,47147.0,"(26, 21)",taxation,6,0.25,False,True,False
4,10,60005.0,"(38, 22)",taxation,6,0.25,False,True,False
4,11,34289.0,"(10, 24)",taxation,6,0.25,False,True,False
4,12,55719.0,"(16, 33)",taxation,6,0.25,False,True,False
4,13,47147.0,"(2, 35)",taxation,6,0.25,False,True,False
4,14,1.0,"(6, 4)",taxation,6,0.25,False,True,False
4,15,51433.00000000001,"(26, 18)",taxation,6,0.25,False,True,False
4,16,64291.0,"(13, 46)",taxation,6,0.25,False,True,False
4,17,55719.0,"(26, 16)",taxation,6,0.25,False,True,False
4,18,60005.0,"(38, 8)",taxation,6,0.25,False,True,False
4,19,60005.0,"(28, 21)",taxation,6,0.25,False,True,False
4,20,42861.0,"(25, 7)",taxation,6,0.25,False,True,False
4,21,51433.00000000001,"(43, 14)",taxation,6,0.25,False,True,False
4,22,60005.0,"(41, 10)",taxation,6,0.25,False,True,False
4,23,55719.0,"(30, 4)",taxation,6,0.25,False,True,False
4,24,47147.00000000001,"(19, 29)",taxation,6,0.25,False,True,False
4,25,55719.0,"(28, 20)",taxation,6,0.25,False,True,False
4,26,51433.00000000001,"(16, 32)",taxation,6,0.25,False,True,False
4,27,51433.00000000001,"(32, 23)",taxation,6,0.25,False,True,False
4,29,55719.0,"(32, 26)",taxation,6,0.25,False,True,False
4,30,60005.0,"(39, 8)",taxation,6,0.25,False,True,False
4,31,55719.0,"(3, 33)",taxation,6,0.25,False,True,False
4,32,55719.0,"(23, 13)",taxation,6,0.25,False,True,False
4,33,51433.00000000001,"(27, 23)",taxation,6,0.25,False,True,False
4,34,51433.00000000001,"(17, 32)",taxation,6,0.25,False,True,False
4,35,64291.0,"(5, 43)",taxation,6,0.25,False,True,False
4,36,34289.0,"(18, 21)",taxation,6,0.25,False,True,False
4,37,51433.00000000001,"(43, 11)",taxation,6,0.25,False,True,False
4,38,60005.0,"(42, 17)",taxation,6,0.25,False,True,False
4,39,25717.0,"(5, 25)",taxation,6,0.25,False,True,False
4,40,60005.0,"(3, 36)",taxation,6,0.25,False,True,False
4,41,64291.0,"(11, 46)",taxation,6,0.25,False,True,False
4,42,34289.0,"(31, 29)",taxation,6,0.25,False,True,False
4,43,51433.00000000001,"(43, 15)",taxation,6,0.25,False,True,False
4,44,34289.0,"(26, 31)",taxation,6,0.25,False,True,False
4,45,60005.0,"(13, 31)",taxation,6,0.25,False,True,False
4,46,25717.0,"(40, 28)",taxation,6,0.25,False,True,False
4,47,34289.0,"(25, 34)",taxation,6,0.25,False,True,False
4,48,51433.00000000001,"(39, 22)",taxation,6,0.25,False,True,False
4,49,60005.0,"(16, 45)",taxation,6,0.25,False,True,False
4,50,60005.0,"(2, 36)",taxation,6,0.25,False,True,False
4,51,55719.0,"(27, 13)",taxation,6,0.25,False,True,False
4,52,34289.0,"(32, 29)",taxation,6,0.25,False,True,False
4,53,17145.0,"(12, 13)",taxation,6,0.25,False,True,False
4,54,51433.00000000001,"(38, 7)",taxation,6,0.25,False,True,False
4,55,60005.0,"(17, 36)",taxation,6,0.25,False,True,False
4,56,47147.0,"(18, 42)",taxation,6,0.25,False,True,False
4,57,42861.0,"(23, 14)",taxation,6,0.25,False,True,False
4,58,55719.0,"(13, 30)",taxation,6,0.25,False,True,False
4,59,42861.0,"(7, 28)",taxation,6,0.25,False,True,False
4,60,60005.0,"(17, 35)",taxation,6,0.25,False,True,False
4,61,64291.0,"(42, 10)",taxation,6,0.25,False,True,False
4,62,60005.0,"(3, 41)",taxation,6,0.25,False,True,False
4,63,51433.00000000001,"(18, 36)",taxation,6,0.25,False,True,False
4,64,42861.0,"(24, 10)",taxation,6,0.25,False,True,False
4,65,60005.0,"(41, 7)",taxation,6,0.25,False,True,False
4,66,60005.0,"(17, 43)",taxation,6,0.25,False,True,False
4,67,38575.0,"(25, 21)",taxation,6,0.25,False,True,False
4,68,38575.0,"(17, 46)",taxation,6,0.25,False,True,False
4,69,60005.0,"(4, 42)",taxation,6,0.25,False,True,False
4,70,55719.0,"(34, 3)",taxation,6,0.25,False,True,False
4,71,60005.0,"(42, 12)",taxation,6,0.25,False,True,False
4,72,55719.0,"(9, 27)",taxation,6,0.25,False,True,False
4,73,60005.0,"(2, 34)",taxation,6,0.25,False,True,False
4,74,60005.0,"(19, 35)",taxation,6,0.25,False,True,False
4,75,55719.0,"(21, 32)",taxation,6,0.25,False,True,False
4,76,51433.00000000001,"(3, 32)",taxation,6,0.25,False,True,False
4,77,34289.0,"(22, 39)",taxation,6,0.25,False,True,False
4,78,47147.0,"(2, 32)",taxation,6,0.25,False,True,False
4,79,51433.00000000001,"(15, 31)",taxation,6,0.25,False,True,False
4,80,60005.0,"(43, 17)",taxation,6,0.25,False,True,False
4,81,51433.00000000001,"(42, 21)",taxation,6,0.25,False,True,False
4,82,60005.0,"(41, 19)",taxation,6,0.25,False,True,False
4,83,60005.0,"(27, 15)",taxation,6,0.25,False,True,False
4,84,60005.0,"(3, 40)",taxation,6,0.25,False,True,False
4,85,42861.0,"(36, 26)",taxation,6,0.25,False,True,False
4,86,64291.0,"(8, 45)",taxation,6,0.25,False,True,False
4,87,47147.00000000001,"(25, 9)",taxation,6,0.25,False,True,False
4,88,42861.0,"(24, 9)",taxation,6,0.25,False,True,False
4,89,60005.0,"(3, 35)",taxation,6,0.25,False,True,False
4,90,51433.00000000001,"(44, 17)",taxation,6,0.25,False,True,False
4,91,60005.0,"(27, 17)",taxation,6,0.25,False,True,False
4,92,60005.0,"(12, 31)",taxation,6,0.25,False,True,False
4,93,17145.0,"(35, 37)",taxation,6,0.25,False,True,False
4,94,1.0,"(4, 5)",taxation,6,0.25,False,True,False
4,95,60005.0,"(15, 46)",taxation,6,0.25,False,True,False
4,96,60005.0,"(14, 45)",taxation,6,0.25,False,True,False
4,97,38575.0,"(34, 26)",taxation,6,0.25,False,True,False
4,98,1.0,"(4, 2)",taxation,6,0.25,False,True,False
4,99,47147.00000000001,"(22, 34)",taxation,6,0.25,False,True,False
4,100,60005.0,"(42, 15)",taxation,6,0.25,False,True,False
4,101,60005.0,"(42, 16)",taxation,6,0.25,False,True,False
4,102,34289.0,"(28, 30)",taxation,6,0.25,False,True,False
4,103,47147.0,"(4, 33)",taxation,6,0.25,False,True,False
4,104,47147.00000000001,"(36, 3)",taxation,6,0.25,False,True,False
4,105,60005.0,"(17, 34)",taxation,6,0.25,False,True,False
4,106,47147.00000000001,"(29, 4)",taxation,6,0.25,False,True,False
4,107,60005.0,"(39, 21)",taxation,6,0.25,False,True,False
4,108,17145.0,"(7, 18)",taxation,6,0.25,False,True,False
4,109,60005.0,"(6, 45)",taxation,6,0.25,False,True,False
4,110,60005.0,"(3, 34)",taxation,6,0.25,False,True,False
4,111,55719.0,"(26, 7)",taxation,6,0.25,False,True,False
4,112,60005.0,"(17, 42)",taxation,6,0.25,False,True,False
4,113,55719.0,"(26, 15)",taxation,6,0.25,False,True,False
4,114,60005.0,"(40, 20)",taxation,6,0.25,False,True,False
4,115,60005.0,"(29, 22)",taxation,6,0.25,False,True,False
4,116,60005.0,"(3, 38)",taxation,6,0.25,False,True,False
4,117,47147.0,"(33, 23)",taxation,6,0.25,False,True,False
4,118,55719.0,"(42, 9)",taxation,6,0.25,False,True,False
4,119,51433.00000000001,"(40, 8)",taxation,6,0.25,False,True,False
4,120,60005.0,"(27, 18)",taxation,6,0.25,False,True,False
4,121,60005.0,"(3, 37)",taxation,6,0.25,False,True,False
4,122,42861.0,"(14, 27)",taxation,6,0.25,False,True,False
4,123,60005.0,"(41, 9)",taxation,6,0.25,False,True,False
4,124,55719.0,"(17, 28)",taxation,6,0.25,False,True,False
4,125,60005.0,"(17, 45)",taxation,6,0.25,False,True,False
4,126,42861.0,"(27, 6)",taxation,6,0.25,False,True,False
4,127,55719.0,"(27, 19)",taxation,6,0.25,False,True,False
4,128,60005.0,"(42, 19)",taxation,6,0.25,False,True,False
4,129,60005.0,"(8, 46)",taxation,6,0.25,False,True,False
4,130,55719.0,"(40, 9)",taxation,6,0.25,False,True,False
4,131,60005.0,"(18, 34)",taxation,6,0.25,False,True,False
4,132,60005.0,"(38, 6)",taxation,6,0.25,False,True,False
4,133,51433.00000000001,"(26, 20)",taxation,6,0.25,False,True,False
4,134,51433.00000000001,"(44, 10)",taxation,6,0.25,False,True,False
4,135,47147.0,"(18, 46)",taxation,6,0.25,False,True,False
4,136,38575.0,"(19, 34)",taxation,6,0.25,False,True,False
4,137,34289.0,"(25, 8)",taxation,6,0.25,False,True,False
4,138,60005.0,"(27, 16)",taxation,6,0.25,False,True,False
4,140,1.0,"(0, 7)",taxation,6,0.25,False,True,False
4,141,51433.00000000001,"(20, 32)",taxation,6,0.25,False,True,False
4,142,17145.0,"(48, 33)",taxation,6,0.25,False,True,False
4,143,47147.00000000001,"(10, 27)",taxation,6,0.25,False,True,False
4,144,51433.00000000001,"(18, 40)",taxation,6,0.25,False,True,False
4,145,51433.0,"(38, 25)",taxation,6,0.25,False,True,False
4,146,1.0,"(45, 49)",taxation,6,0.25,False,True,False
4,147,42861.0,"(28, 5)",taxation,6,0.25,False,True,False
4,148,38575.0,"(28, 24)",taxation,6,0.25,False,True,False
4,149,47147.0,"(41, 21)",taxation,6,0.25,False,True,False
4,150,42861.0,"(12, 27)",taxation,6,0.25,False,True,False
4,151,42861.0,"(33, 22)",taxation,6,0.25,False,True,False
4,152,60005.0,"(7, 45)",taxation,6,0.25,False,True,False
4,153,17145.0,"(36, 36)",taxation,6,0.25,False,True,False
4,154,1.0,"(3, 0)",taxation,6,0.25,False,True,False
4,155,51433.00000000001,"(43, 12)",taxation,6,0.25,False,True,False
4,156,34289.0,"(26, 32)",taxation,6,0.25,False,True,False
4,157,47147.00000000001,"(22, 36)",taxation,6,0.25,False,True,False
4,159,47147.0,"(18, 33)",taxation,6,0.25,False,True,False
4,160,47147.0,"(2, 33)",taxation,6,0.25,False,True,False
4,161,34289.0,"(24, 11)",taxation,6,0.25,False,True,False
4,162,60005.0,"(31, 22)",taxation,6,0.25,False,True,False
4,163,60005.0,"(16, 44)",taxation,6,0.25,False,True,False
4,164,51433.00000000001,"(40, 6)",taxation,6,0.25,False,True,False
4,165,60005.0,"(41, 8)",taxation,6,0.25,False,True,False
4,166,47147.00000000001,"(31, 4)",taxation,6,0.25,False,True,False
4,167,51433.00000000001,"(40, 7)",taxation,6,0.25,False,True,False
4,168,60005.0,"(42, 11)",taxation,6,0.25,False,True,False
4,169,42861.0,"(19, 33)",taxation,6,0.25,False,True,False
4,170,55719.0,"(32, 22)",taxation,6,0.25,False,True,False
4,171,64291.0,"(14, 46)",taxation,6,0.25,False,True,False
4,172,51433.0,"(29, 5)",taxation,6,0.25,False,True,False
4,173,1.0,"(49, 49)",taxation,6,0.25,False,True,False
4,174,55719.0,"(42, 18)",taxation,6,0.25,False,True,False
4,175,34289.0,"(40, 22)",taxation,6,0.25,False,True,False
4,176,1.0,"(48, 47)",taxation,6,0.25,False,True,False
4,177,60005.0,"(42, 14)",taxation,6,0.25,False,True,False
4,178,51433.00000000001,"(37, 6)",taxation,6,0.25,False,True,False
4,180,60005.0,"(15, 45)",taxation,6,0.25,False,True,False
4,181,51433.00000000001,"(1, 34)",taxation,6,0.25,False,True,False
4,182,51433.00000000001,"(5, 33)",taxation,6,0.25,False,True,False
4,183,25717.0,"(39, 28)",taxation,6,0.25,False,True,False
4,184,55719.0,"(17, 33)",taxation,6,0.25,False,True,False
4,185,60005.0,"(25, 16)",taxation,6,0.25,False,True,False
4,186,60005.0,"(28, 19)",taxation,6,0.25,False,True,False
4,187,1.0,"(1, 2)",taxation,6,0.25,False,True,False
4,188,60005.0,"(3, 42)",taxation,6,0.25,False,True,False
4,189,51433.00000000001,"(27, 20)",taxation,6,0.25,False,True,False
4,190,60005.0,"(9, 46)",taxation,6,0.25,False,True,False
4,191,64291.0,"(34, 22)",taxation,6,0.25,False,True,False
4,192,60005.0,"(29, 21)",taxation,6,0.25,False,True,False
4,193,60005.0,"(27, 21)",taxation,6,0.25,False,True,False
4,194,60005.0,"(29, 20)",taxation,6,0.25,False,True,False
4,195,17145.0,"(46, 34)",taxation,6,0.25,False,True,False
4,196,25717.0,"(19, 17)",taxation,6,0.25,False,True,False
4,197,30003.0,"(9, 25)",taxation,6,0.25,False,True,False
4,198,60005.0,"(6, 44)",taxation,6,0.25,False,True,False
4,199,55719.0,"(26, 14)",taxation,6,0.25,False,True,False
4,200,51433.00000000001,"(15, 32)",taxation,6,0.25,False,True,False
4,201,34289.0,"(26, 33)",taxation,6,0.25,False,True,False
4,202,55719.0,"(26, 6)",taxation,6,0.25,False,True,False
4,203,60005.0,"(4, 34)",taxation,6,0.25,False,True,False
4,204,60005.0,"(44, 19)",taxation,6,0.25,False,True,False
4,205,17145.0,"(11, 15)",taxation,6,0.25,False,True,False
4,206,47147.0,"(18, 38)",taxation,6,0.25,False,True,False
4,207,34289.0,"(13, 24)",taxation,6,0.25,False,True,False
4,208,51433.00000000001,"(26, 17)",taxation,6,0.25,False,True,False
4,209,60005.0,"(41, 11)",taxation,6,0.25,False,True,False
4,210,60005.0,"(18, 37)",taxation,6,0.25,False,True,False
4,211,25717.0,"(26, 37)",taxation,6,0.25,False,True,False
4,212,55719.0,"(37, 26)",taxation,6,0.25,False,True,False
4,213,60005.0,"(4, 35)",taxation,6,0.25,False,True,False
4,214,21431.0,"(38, 29)",taxation,6,0.25,False,True,False
4,215,51433.00000000001,"(17, 44)",taxation,6,0.25,False,True,False
4,216,51433.0,"(35, 3)",taxation,6,0.25,False,True,False
4,217,21431.0,"(14, 22)",taxation,6,0.25,False,True,False
4,218,60005.0,"(16, 46)",taxation,6,0.25,False,True,False
4,220,55719.0,"(42, 8)",taxation,6,0.25,False,True,False
4,221,51433.0,"(13, 27)",taxation,6,0.25,False,True,False
4,222,60005.0,"(3, 39)",taxation,6,0.25,False,True,False
4,223,21431.0,"(7, 24)",taxation,6,0.25,False,True,False
4,224,47147.0,"(29, 23)",taxation,6,0.25,False,True,False
4,225,55719.0,"(26, 19)",taxation,6,0.25,False,True,False
4,226,55719.0,"(33, 26)",taxation,6,0.25,False,True,False
4,227,60005.0,"(40, 21)",taxation,6,0.25,False,True,False
4,228,34289.0,"(25, 36)",taxation,6,0.25,False,True,False
4,229,60005.0,"(12, 46)",taxation,6,0.25,False,True,False
4,230,51433.00000000001,"(18, 32)",taxation,6,0.25,False,True,False
4,231,21431.0,"(19, 11)",taxation,6,0.25,False,True,False
4,232,21431.0,"(33, 30)",taxation,6,0.25,False,True,False
4,233,47147.0,"(44, 18)",taxation,6,0.25,False,True,False
4,234,51433.00000000001,"(18, 39)",taxation,6,0.25,False,True,False
4,235,55719.0,"(43, 18)",taxation,6,0.25,False,True,False
4,236,55719.0,"(14, 31)",taxation,6,0.25,False,True,False
4,237,38575.0,"(27, 24)",taxation,6,0.25,False,True,False
4,238,60005.0,"(42, 13)",taxation,6,0.25,False,True,False
4,239,51433.00000000001,"(27, 14)",taxation,6,0.25,False,True,False
4,240,1.0,"(45, 47)",taxation,6,0.25,False,True,False
4,241,51433.00000000001,"(30, 22)",taxation,6,0.25,False,True,False
4,242,17145.0,"(12, 14)",taxation,6,0.25,False,True,False
4,243,47147.0,"(41, 20)",taxation,6,0.25,False,True,False
4,244,64291.0,"(10, 46)",taxation,6,0.25,False,True,False
4,245,64291.0,"(11, 47)",taxation,6,0.25,False,True,False
4,246,38575.0,"(18, 43)",taxation,6,0.25,False,True,False
4,247,51433.00000000001,"(28, 22)",taxation,6,0.25,False,True,False
4,248,55719.0,"(18, 35)",taxation,6,0.25,False,True,False
4,249,55719.0,"(35, 26)",taxation,6,0.25,False,True,False
4,219-2,45003.0,"(28, 23)",taxation,6,0.25,False,True,False
4,158-2,32145.0,"(29, 29)",taxation,6,0.25,False,True,False
4,139-2,51432.25,"(30, 21)",taxation,6,0.25,False,True,False
4,179-2,38574.5,"(26, 23)",taxation,6,0.25,False,True,False
4,28-2,28931.25,"(43, 19)",taxation,6,0.25,False,True,False
5,0,42860.0,"(19, 20)",taxation,6,0.25,False,True,False
5,1,34288.0,"(14, 24)",taxation,6,0.25,False,True,False
5,2,55718.00000000001,"(11, 25)",taxation,6,0.25,False,True,False
5,3,25716.0,"(8, 24)",taxation,6,0.25,False,True,False
5,4,42860.0,"(15, 24)",taxation,6,0.25,False,True,False
5,5,21430.0,"(33, 38)",taxation,6,0.25,False,True,False
5,6,72862.0,"(13, 47)",taxation,6,0.25,False,True,False
5,7,42860.0,"(21, 18)",taxation,6,0.25,False,True,False
5,8,72862.0,"(9, 49)",taxation,6,0.25,False,True,False
5,9,55718.0,"(24, 24)",taxation,6,0.25,False,True,False
5,10,68576.0,"(40, 25)",taxation,6,0.25,False,True,False
5,11,42860.0,"(11, 24)",taxation,6,0.25,False,True,False
5,12,64290.0,"(18, 27)",taxation,6,0.25,False,True,False
5,13,60004.0,"(0, 39)",taxation,6,0.25,False,True,False
5,14,4.0,"(12, 10)",taxation,6,0.25,False,True,False
5,15,60004.00000000001,"(22, 18)",taxation,6,0.25,False,True,False
5,16,77148.0,"(13, 48)",taxation,6,0.25,False,True,False
5,17,64290.0,"(22, 16)",taxation,6,0.25,False,True,False
5,18,68576.0,"(41, 4)",taxation,6,0.25,False,True,False
5,19,68576.0,"(23, 23)",taxation,6,0.25,False,True,False
5,20,51432.0,"(24, 7)",taxation,6,0.25,False,True,False
5,21,60004.00000000001,"(46, 14)",taxation,6,0.25,False,True,False
5,22,68576.0,"(45, 9)",taxation,6,0.25,False,True,False
5,23,64290.0,"(30, 3)",taxation,6,0.25,False,True,False
5,24,55718.00000000001,"(19, 28)",taxation,6,0.25,False,True,False
5,25,64290.0,"(25, 23)",taxation,6,0.25,False,True,False
5,26,60004.00000000001,"(20, 29)",taxation,6,0.25,False,True,False
5,27,60004.00000000001,"(32, 27)",taxation,6,0.25,False,True,False
5,29,64290.0,"(32, 28)",taxation,6,0.25,False,True,False
5,30,68576.0,"(39, 4)",taxation,6,0.25,False,True,False
5,31,68576.0,"(0, 37)",taxation,6,0.25,False,True,False
5,32,64290.0,"(22, 13)",taxation,6,0.25,False,True,False
5,33,60004.00000000001,"(26, 25)",taxation,6,0.25,False,True,False
5,34,60004.00000000001,"(21, 29)",taxation,6,0.25,False,True,False
5,35,77148.0,"(5, 44)",taxation,6,0.25,False,True,False
5,36,42860.0,"(18, 22)",taxation,6,0.25,False,True,False
5,37,60004.00000000001,"(45, 11)",taxation,6,0.25,False,True,False
5,38,68576.0,"(45, 18)",taxation,6,0.25,False,True,False
5,39,34288.0,"(5, 26)",taxation,6,0.25,False,True,False
5,40,72862.0,"(1, 39)",taxation,6,0.25,False,True,False
5,41,77148.0,"(10, 48)",taxation,6,0.25,False,True,False
5,42,42860.0,"(30, 29)",taxation,6,0.25,False,True,False
5,43,60004.00000000001,"(46, 13)",taxation,6,0.25,False,True,False
5,44,42860.0,"(25, 31)",taxation,6,0.25,False,True,False
5,45,68576.0,"(11, 26)",taxation,6,0.25,False,True,False
5,46,34288.0,"(40, 27)",taxation,6,0.25,False,True,False
5,47,42860.0,"(24, 34)",taxation,6,0.25,False,True,False
5,48,60004.00000000001,"(40, 24)",taxation,6,0.25,False,True,False
5,49,72862.0,"(11, 48)",taxation,6,0.25,False,True,False
5,50,72862.0,"(1, 36)",taxation,6,0.25,False,True,False
5,51,64290.0,"(22, 11)",taxation,6,0.25,False,True,False
5,52,42860.0,"(33, 29)",taxation,6,0.25,False,True,False
5,53,21430.0,"(13, 13)",taxation,6,0.25,False,True,False
5,54,60004.00000000001,"(38, 3)",taxation,6,0.25,False,True,False
5,55,68576.0,"(22, 37)",taxation,6,0.25,False,True,False
5,56,60004.0,"(15, 48)",taxation,6,0.25,False,True,False
5,57,51432.0,"(22, 14)",taxation,6,0.25,False,True,False
5,58,64290.0,"(13, 26)",taxation,6,0.25,False,True,False
5,59,51432.0,"(7, 27)",taxation,6,0.25,False,True,False
5,60,68576.0,"(21, 31)",taxation,6,0.25,False,True,False
5,61,72862.0,"(44, 9)",taxation,6,0.25,False,True,False
5,62,72862.0,"(2, 41)",taxation,6,0.25,False,True,False
5,63,60004.00000000001,"(23, 35)",taxation,6,0.25,False,True,False
5,64,51432.0,"(23, 10)",taxation,6,0.25,False,True,False
5,65,68576.0,"(43, 6)",taxation,6,0.25,False,True,False
5,66,68576.0,"(20, 45)",taxation,6,0.25,False,True,False
5,67,47146.0,"(24, 21)",taxation,6,0.25,False,True,False
5,68,47146.0,"(18, 47)",taxation,6,0.25,False,True,False
5,69,72862.0,"(4, 43)",taxation,6,0.25,False,True,False
5,70,64290.0,"(34, 2)",taxation,6,0.25,False,True,False
5,71,68576.0,"(46, 11)",taxation,6,0.25,False,True,False
5,72,64290.0,"(9, 26)",taxation,6,0.25,False,True,False
5,73,72862.0,"(1, 37)",taxation,6,0.25,False,True,False
5,74,68576.0,"(22, 35)",taxation,6,0.25,False,True,False
5,75,64290.0,"(23, 32)",taxation,6,0.25,False,True,False
5,76,64290.00000000001,"(1, 38)",taxation,6,0.25,False,True,False
5,77,42860.0,"(23, 39)",taxation,6,0.25,False,True,False
5,78,55718.0,"(1, 32)",taxation,6,0.25,False,True,False
5,79,60004.00000000001,"(16, 27)",taxation,6,0.25,False,True,False
5,80,68576.0,"(46, 19)",taxation,6,0.25,False,True,False
5,81,64290.00000000001,"(45, 17)",taxation,6,0.25,False,True,False
5,82,68576.0,"(44, 22)",taxation,6,0.25,False,True,False
5,83,68576.0,"(23, 12)",taxation,6,0.25,False,True,False
5,84,72862.0,"(2, 40)",taxation,6,0.25,False,True,False
5,85,51432.0,"(36, 27)",taxation,6,0.25,False,True,False
5,86,77148.0,"(7, 46)",taxation,6,0.25,False,True,False
5,87,55718.00000000001,"(23, 9)",taxation,6,0.25,False,True,False
5,88,51432.0,"(23, 8)",taxation,6,0.25,False,True,False
5,89,72862.0,"(0, 38)",taxation,6,0.25,False,True,False
5,90,60004.00000000001,"(46, 17)",taxation,6,0.25,False,True,False
5,91,68576.0,"(22, 19)",taxation,6,0.25,False,True,False
5,92,68576.0,"(12, 26)",taxation,6,0.25,False,True,False
5,93,21430.0,"(34, 37)",taxation,6,0.25,False,True,False
5,95,72862.0,"(15, 47)",taxation,6,0.25,False,True,False
5,96,72862.0,"(13, 49)",taxation,6,0.25,False,True,False
5,97,47146.0,"(33, 27)",taxation,6,0.25,False,True,False
5,99,55718.00000000001,"(24, 35)",taxation,6,0.25,False,True,False
5,100,68576.0,"(46, 15)",taxation,6,0.25,False,True,False
5,101,68576.0,"(46, 16)",taxation,6,0.25,False,True,False
5,102,42860.0,"(27, 30)",taxation,6,0.25,False,True,False
5,103,55718.0,"(2, 31)",taxation,6,0.25,False,True,False
5,104,55718.00000000001,"(36, 2)",taxation,6,0.25,False,True,False
5,105,68576.0,"(23, 34)",taxation,6,0.25,False,True,False
5,106,55718.00000000001,"(29, 3)",taxation,6,0.25,False,True,False
5,107,68576.0,"(42, 24)",taxation,6,0.25,False,True,False
5,108,21430.0,"(7, 19)",taxation,6,0.25,False,True,False
5,109,72862.0,"(5, 46)",taxation,6,0.25,False,True,False
5,110,68576.0,"(1, 33)",taxation,6,0.25,False,True,False
5,111,64290.0,"(25, 6)",taxation,6,0.25,False,True,False
5,112,68576.0,"(20, 44)",taxation,6,0.25,False,True,False
5,113,64290.0,"(23, 15)",taxation,6,0.25,False,True,False
5,114,68576.0,"(41, 24)",taxation,6,0.25,False,True,False
5,115,68576.0,"(29, 26)",taxation,6,0.25,False,True,False
5,116,72862.0,"(2, 39)",taxation,6,0.25,False,True,False
5,117,55718.0,"(30, 27)",taxation,6,0.25,False,True,False
5,118,64290.0,"(44, 7)",taxation,6,0.25,False,True,False
5,119,60004.00000000001,"(41, 5)",taxation,6,0.25,False,True,False
5,120,68576.0,"(22, 17)",taxation,6,0.25,False,True,False
5,121,72862.0,"(0, 40)",taxation,6,0.25,False,True,False
5,122,51432.0,"(14, 26)",taxation,6,0.25,False,True,False
5,123,68576.0,"(44, 8)",taxation,6,0.25,False,True,False
5,124,64290.0,"(18, 28)",taxation,6,0.25,False,True,False
5,125,72862.0,"(11, 49)",taxation,6,0.25,False,True,False
5,126,51432.0,"(27, 5)",taxation,6,0.25,False,True,False
5,127,64290.0,"(23, 19)",taxation,6,0.25,False,True,False
5,128,68576.0,"(44, 21)",taxation,6,0.25,False,True,False
5,129,72862.0,"(8, 47)",taxation,6,0.25,False,True,False
5,130,64290.0,"(43, 5)",taxation,6,0.25,False,True,False
5,131,68576.0,"(23, 33)",taxation,6,0.25,False,True,False
5,132,68576.0,"(40, 4)",taxation,6,0.25,False,True,False
5,133,60004.00000000001,"(23, 21)",taxation,6,0.25,False,True,False
5,134,60004.00000000001,"(46, 9)",taxation,6,0.25,False,True,False
5,135,60004.0,"(14, 48)",taxation,6,0.25,False,True,False
5,136,47146.0,"(22, 33)",taxation,6,0.25,False,True,False
5,137,42860.0,"(24, 8)",taxation,6,0.25,False,True,False
5,138,68576.0,"(23, 18)",taxation,6,0.25,False,True,False
5,141,60004.00000000001,"(22, 30)",taxation,6,0.25,False,True,False
5,142,25716.0,"(42, 27)",taxation,6,0.25,False,True,False
5,143,55718.00000000001,"(10, 26)",taxation,6,0.25,False,True,False
5,144,60004.00000000001,"(22, 41)",taxation,6,0.25,False,True,False
5,145,60004.0,"(39, 25)",taxation,6,0.25,False,True,False
5,147,51432.0,"(27, 4)",taxation,6,0.25,False,True,False
5,148,47146.0,"(26, 26)",taxation,6,0.25,False,True,False
5,149,60004.0,"(43, 16)",taxation,6,0.25,False,True,False
5,150,51432.0,"(12, 25)",taxation,6,0.25,False,True,False
5,151,51432.0,"(31, 26)",taxation,6,0.25,False,True,False
5,152,72862.0,"(6, 46)",taxation,6,0.25,False,True,False
5,153,21430.0,"(36, 35)",taxation,6,0.25,False,True,False
5,155,60004.00000000001,"(46, 12)",taxation,6,0.25,False,True,False
5,156,42860.0,"(25, 32)",taxation,6,0.25,False,True,False
5,157,55718.00000000001,"(23, 36)",taxation,6,0.25,False,True,False
5,159,55718.0,"(22, 31)",taxation,6,0.25,False,True,False
5,160,60004.0,"(1, 35)",taxation,6,0.25,False,True,False
5,161,42860.0,"(23, 11)",taxation,6,0.25,False,True,False
5,162,68576.0,"(29, 27)",taxation,6,0.25,False,True,False
5,163,72862.0,"(17, 47)",taxation,6,0.25,False,True,False
5,164,60004.00000000001,"(40, 5)",taxation,6,0.25,False,True,False
5,165,68576.0,"(42, 6)",taxation,6,0.25,False,True,False
5,166,55718.00000000001,"(32, 3)",taxation,6,0.25,False,True,False
5,167,60004.00000000001,"(42, 5)",taxation,6,0.25,False,True,False
5,168,68576.0,"(45, 10)",taxation,6,0.25,False,True,False
5,169,51432.0,"(22, 32)",taxation,6,0.25,False,True,False
5,170,64290.0,"(31, 27)",taxation,6,0.25,False,True,False
5,171,77148.0,"(10, 49)",taxation,6,0.25,False,True,False
5,172,60004.0,"(28, 4)",taxation,6,0.25,False,True,False
5,174,64290.0,"(45, 20)",taxation,6,0.25,False,True,False
5,175,42860.0,"(43, 23)",taxation,6,0.25,False,True,False
5,177,68576.0,"(47, 14)",taxation,6,0.25,False,True,False
5,178,60004.00000000001,"(38, 4)",taxation,6,0.25,False,True,False
5,180,72862.0,"(12, 48)",taxation,6,0.25,False,True,False
5,181,64290.00000000001,"(0, 36)",taxation,6,0.25,False,True,False
5,182,60004.00000000001,"(3, 30)",taxation,6,0.25,False,True,False
5,183,34288.0,"(39, 27)",taxation,6,0.25,False,True,False
5,184,64290.0,"(20, 30)",taxation,6,0.25,False,True,False
5,185,68576.0,"(23, 16)",taxation,6,0.25,False,True,False
5,186,68576.0,"(24, 23)",taxation,6,0.25,False,True,False
5,188,72862.0,"(2, 42)",taxation,6,0.25,False,True,False
5,189,60004.00000000001,"(24, 22)",taxation,6,0.25,False,True,False
5,190,72862.0,"(9, 47)",taxation,6,0.25,False,True,False
5,191,72862.0,"(34, 27)",taxation,6,0.25,False,True,False
5,192,68576.0,"(27, 26)",taxation,6,0.25,False,True,False
5,193,68576.0,"(23, 22)",taxation,6,0.25,False,True,False
5,194,68576.0,"(25, 24)",taxation,6,0.25,False,True,False
5,195,21430.0,"(46, 33)",taxation,6,0.25,False,True,False
5,196,34288.0,"(19, 16)",taxation,6,0.25,False,True,False
5,197,38574.0,"(10, 25)",taxation,6,0.25,False,True,False
5,198,72862.0,"(5, 45)",taxation,6,0.25,False,True,False
5,199,64290.0,"(22, 12)",taxation,6,0.25,False,True,False
5,200,60004.00000000001,"(15, 27)",taxation,6,0.25,False,True,False
5,201,42860.0,"(25, 33)",taxation,6,0.25,False,True,False
5,202,64290.0,"(26, 5)",taxation,6,0.25,False,True,False
5,203,72862.0,"(2, 37)",taxation,6,0.25,False,True,False
5,204,68576.0,"(44, 20)",taxation,6,0.25,False,True,False
5,205,21430.0,"(12, 15)",taxation,6,0.25,False,True,False
5,206,55718.0,"(22, 38)",taxation,6,0.25,False,True,False
5,207,42860.0,"(12, 24)",taxation,6,0.25,False,True,False
5,208,60004.00000000001,"(23, 17)",taxation,6,0.25,False,True,False
5,209,68576.0,"(45, 8)",taxation,6,0.25,False,True,False
5,210,68576.0,"(22, 40)",taxation,6,0.25,False,True,False
5,211,34288.0,"(25, 37)",taxation,6,0.25,False,True,False
5,212,64290.0,"(37, 27)",taxation,6,0.25,False,True,False
5,213,72862.0,"(2, 38)",taxation,6,0.25,False,True,False
5,214,30002.0,"(38, 28)",taxation,6,0.25,False,True,False
5,215,64290.00000000001,"(12, 49)",taxation,6,0.25,False,True,False
5,216,60004.0,"(35, 2)",taxation,6,0.25,False,True,False
5,217,30002.0,"(16, 22)",taxation,6,0.25,False,True,False
5,218,72862.0,"(16, 47)",taxation,6,0.25,False,True,False
5,220,64290.0,"(43, 7)",taxation,6,0.25,False,True,False
5,221,60004.0,"(13, 25)",taxation,6,0.25,False,True,False
5,222,72862.0,"(1, 40)",taxation,6,0.25,False,True,False
5,223,30002.0,"(7, 25)",taxation,6,0.25,False,True,False
5,224,55718.0,"(28, 27)",taxation,6,0.25,False,True,False
5,225,64290.0,"(23, 20)",taxation,6,0.25,False,True,False
5,226,64290.0,"(33, 28)",taxation,6,0.25,False,True,False
5,227,68576.0,"(42, 23)",taxation,6,0.25,False,True,False
5,228,42860.0,"(25, 35)",taxation,6,0.25,False,True,False
5,229,72862.0,"(12, 47)",taxation,6,0.25,False,True,False
5,230,60004.00000000001,"(21, 30)",taxation,6,0.25,False,True,False
5,231,30002.0,"(19, 12)",taxation,6,0.25,False,True,False
5,232,30002.0,"(34, 29)",taxation,6,0.25,False,True,False
5,233,55718.0,"(45, 19)",taxation,6,0.25,False,True,False
5,234,60004.00000000001,"(21, 42)",taxation,6,0.25,False,True,False
5,235,64290.0,"(46, 18)",taxation,6,0.25,False,True,False
5,236,64290.0,"(17, 27)",taxation,6,0.25,False,True,False
5,237,47146.0,"(27, 25)",taxation,6,0.25,False,True,False
5,238,68576.0,"(46, 10)",taxation,6,0.25,False,True,False
5,239,60004.00000000001,"(22, 15)",taxation,6,0.25,False,True,False
5,241,60004.00000000001,"(30, 26)",taxation,6,0.25,False,True,False
5,242,21430.0,"(13, 14)",taxation,6,0.25,False,True,False
5,243,55718.0,"(43, 22)",taxation,6,0.25,False,True,False
5,244,77148.0,"(9, 48)",taxation,6,0.25,False,True,False
5,245,77148.0,"(10, 47)",taxation,6,0.25,False,True,False
5,247,60004.00000000001,"(25, 25)",taxation,6,0.25,False,True,False
5,248,64290.0,"(23, 37)",taxation,6,0.25,False,True,False
5,249,64290.0,"(35, 27)",taxation,6,0.25,False,True,False
5,219-2,53574.0,"(28, 25)",taxation,6,0.25,False,True,False
5,158-2,40716.0,"(28, 29)",taxation,6,0.25,False,True,False
5,139-2,60003.25,"(28, 26)",taxation,6,0.25,False,True,False
5,179-2,47145.5,"(26, 24)",taxation,6,0.25,False,True,False
5,28-2,37502.25,"(45, 21)",taxation,6,0.25,False,True,False
5,187-2,5.0,"(23, 6)",taxation,6,0.25,False,True,False
5,146-2,5.0,"(46, 27)",taxation,6,0.25,False,True,False
5,94-2,5.0,"(0, 49)",taxation,6,0.25,False,True,False
5,154-2,5.0,"(31, 39)",taxation,6,0.25,False,True,False
5,173-2,5.0,"(30, 21)",taxation,6,0.25,False,True,False
5,240-2,5.0,"(10, 6)",taxation,6,0.25,False,True,False
5,246-2,38574.0,"(14, 47)",taxation,6,0.25,False,True,False
5,98-2,5.0,"(31, 3)",taxation,6,0.25,False,True,False
5,140-2,5.0,"(11, 40)",taxation,6,0.25,False,True,False
5,176-2,5.0,"(10, 36)",taxation,6,0.25,False,True,False
6,0,51431.0,"(19, 21)",taxation,6,0.25,False,True,False
6,2,64289.00000000001,"(8, 27)",taxation,6,0.25,False,True,False
6,3,34287.0,"(4, 25)",taxation,6,0.25,False,True,False
6,4,51431.0,"(16, 24)",taxation,6,0.25,False,True,False
6,5,25715.0,"(33, 37)",taxation,6,0.25,False,True,False
6,6,81433.0,"(17, 49)",taxation,6,0.25,False,True,False
6,7,51431.0,"(20, 20)",taxation,6,0.25,False,True,False
6,8,85719.0,"(8, 49)",taxation,6,0.25,False,True,False
6,9,64289.0,"(22, 25)",taxation,6,0.25,False,True,False
6,10,77147.0,"(40, 26)",taxation,6,0.25,False,True,False
6,11,51431.0,"(8, 26)",taxation,6,0.25,False,True,False
6,12,72861.0,"(19, 26)",taxation,6,0.25,False,True,False
6,13,72861.0,"(4, 44)",taxation,6,0.25,False,True,False
6,14,4289.0,"(13, 10)",taxation,6,0.25,False,True,False
6,15,68575.0,"(21, 16)",taxation,6,0.25,False,True,False
6,16,90005.0,"(8, 48)",taxation,6,0.25,False,True,False
6,17,72861.0,"(20, 16)",taxation,6,0.25,False,True,False
6,18,77147.0,"(42, 3)",taxation,6,0.25,False,True,False
6,19,77147.0,"(21, 23)",taxation,6,0.25,False,True,False
6,20,60003.0,"(23, 6)",taxation,6,0.25,False,True,False
6,21,68575.0,"(47, 13)",taxation,6,0.25,False,True,False
6,22,77147.0,"(46, 8)",taxation,6,0.25,False,True,False
6,23,72861.0,"(30, 2)",taxation,6,0.25,False,True,False
6,24,64289.00000000001,"(19, 27)",taxation,6,0.25,False,True,False
6,25,72861.0,"(23, 24)",taxation,6,0.25,False,True,False
6,26,68575.0,"(21, 28)",taxation,6,0.25,False,True,False
6,27,64289.00000000001,"(33, 32)",taxation,6,0.25,False,True,False
6,29,72861.0,"(31, 28)",taxation,6,0.25,False,True,False
6,30,77147.0,"(39, 2)",taxation,6,0.25,False,True,False
6,31,77147.0,"(0, 33)",taxation,6,0.25,False,True,False
6,32,72861.0,"(20, 13)",taxation,6,0.25,False,True,False
6,33,68575.0,"(25, 27)",taxation,6,0.25,False,True,False
6,34,68575.0,"(22, 29)",taxation,6,0.25,False,True,False
6,35,85719.0,"(2, 46)",taxation,6,0.25,False,True,False
6,36,51431.0,"(17, 22)",taxation,6,0.25,False,True,False
6,37,68575.0,"(47, 9)",taxation,6,0.25,False,True,False
6,38,77147.0,"(48, 18)",taxation,6,0.25,False,True,False
6,39,42859.0,"(6, 26)",taxation,6,0.25,False,True,False
6,40,85719.0,"(1, 41)",taxation,6,0.25,False,True,False
6,41,85719.0,"(5, 49)",taxation,6,0.25,False,True,False
6,42,51431.0,"(30, 28)",taxation,6,0.25,False,True,False
6,43,68575.0,"(47, 12)",taxation,6,0.25,False,True,False
6,44,51431.0,"(25, 30)",taxation,6,0.25,False,True,False
6,45,77147.0,"(17, 25)",taxation,6,0.25,False,True,False
6,46,42859.0,"(41, 26)",taxation,6,0.25,False,True,False
6,47,51431.0,"(24, 29)",taxation,6,0.25,False,True,False
6,48,68575.0,"(42, 25)",taxation,6,0.25,False,True,False
6,49,81433.0,"(7, 49)",taxation,6,0.25,False,True,False
6,50,81433.0,"(0, 34)",taxation,6,0.25,False,True,False
6,51,72861.0,"(21, 11)",taxation,6,0.25,False,True,False
6,52,51431.0,"(34, 28)",taxation,6,0.25,False,True,False
6,53,30001.0,"(19, 13)",taxation,6,0.25,False,True,False
6,54,68575.0,"(38, 2)",taxation,6,0.25,False,True,False
6,55,77147.0,"(24, 40)",taxation,6,0.25,False,True,False
6,56,68575.0,"(16, 48)",taxation,6,0.25,False,True,False
6,57,60003.0,"(21, 13)",taxation,6,0.25,False,True,False
6,58,72861.0,"(15, 26)",taxation,6,0.25,False,True,False
6,59,60003.0,"(5, 27)",taxation,6,0.25,False,True,False
6,60,77147.0,"(24, 30)",taxation,6,0.25,False,True,False
6,61,81433.0,"(47, 8)",taxation,6,0.25,False,True,False
6,62,85719.0,"(3, 43)",taxation,6,0.25,False,True,False
6,63,68575.0,"(24, 36)",taxation,6,0.25,False,True,False
6,64,60003.0,"(22, 9)",taxation,6,0.25,False,True,False
6,65,77147.0,"(44, 6)",taxation,6,0.25,False,True,False
6,66,77147.0,"(20, 46)",taxation,6,0.25,False,True,False
6,67,55717.0,"(22, 21)",taxation,6,0.25,False,True,False
6,68,55717.0,"(19, 47)",taxation,6,0.25,False,True,False
6,69,85719.0,"(4, 45)",taxation,6,0.25,False,True,False
6,70,72861.0,"(33, 2)",taxation,6,0.25,False,True,False
6,71,77147.0,"(48, 11)",taxation,6,0.25,False,True,False
6,72,72861.0,"(6, 28)",taxation,6,0.25,False,True,False
6,73,81433.0,"(0, 43)",taxation,6,0.25,False,True,False
6,74,77147.0,"(24, 39)",taxation,6,0.25,False,True,False
6,75,72861.0,"(23, 27)",taxation,6,0.25,False,True,False
6,76,77147.00000000001,"(1, 43)",taxation,6,0.25,False,True,False
6,77,51431.0,"(23, 40)",taxation,6,0.25,False,True,False
6,78,64289.0,"(1, 31)",taxation,6,0.25,False,True,False
6,79,68575.0,"(18, 25)",taxation,6,0.25,False,True,False
6,80,77147.0,"(48, 19)",taxation,6,0.25,False,True,False
6,81,72861.0,"(47, 19)",taxation,6,0.25,False,True,False
6,82,77147.0,"(45, 22)",taxation,6,0.25,False,True,False
6,83,77147.0,"(21, 10)",taxation,6,0.25,False,True,False
6,84,85719.0,"(3, 45)",taxation,6,0.25,False,True,False
6,85,60003.0,"(36, 28)",taxation,6,0.25,False,True,False
6,86,85719.0,"(5, 48)",taxation,6,0.25,False,True,False
6,87,64289.00000000001,"(21, 9)",taxation,6,0.25,False,True,False
6,88,60003.0,"(23, 7)",taxation,6,0.25,False,True,False
6,89,81433.0,"(0, 42)",taxation,6,0.25,False,True,False
6,90,68575.0,"(47, 17)",taxation,6,0.25,False,True,False
6,91,77147.0,"(21, 20)",taxation,6,0.25,False,True,False
6,92,77147.0,"(18, 24)",taxation,6,0.25,False,True,False
6,93,25715.0,"(34, 36)",taxation,6,0.25,False,True,False
6,95,81433.0,"(17, 48)",taxation,6,0.25,False,True,False
6,96,81433.0,"(18, 49)",taxation,6,0.25,False,True,False
6,97,55717.0,"(37, 29)",taxation,6,0.25,False,True,False
6,99,64289.00000000001,"(24, 38)",taxation,6,0.25,False,True,False
6,100,77147.0,"(47, 15)",taxation,6,0.25,False,True,False
6,101,77147.0,"(47, 16)",taxation,6,0.25,False,True,False
6,102,51431.0,"(27, 29)",taxation,6,0.25,False,True,False
6,103,64289.0,"(1, 30)",taxation,6,0.25,False,True,False
6,104,64289.00000000001,"(37, 2)",taxation,6,0.25,False,True,False
6,105,77147.0,"(23, 28)",taxation,6,0.25,False,True,False
6,106,64289.00000000001,"(29, 2)",taxation,6,0.25,False,True,False
6,107,77147.0,"(43, 25)",taxation,6,0.25,False,True,False
6,108,30001.0,"(6, 25)",taxation,6,0.25,False,True,False
6,109,85719.0,"(5, 47)",taxation,6,0.25,False,True,False
6,110,77147.0,"(0, 32)",taxation,6,0.25,False,True,False
6,111,72861.0,"(24, 6)",taxation,6,0.25,False,True,False
6,112,77147.0,"(21, 44)",taxation,6,0.25,False,True,False
6,113,72861.0,"(21, 15)",taxation,6,0.25,False,True,False
6,114,77147.0,"(41, 25)",taxation,6,0.25,False,True,False
6,115,77147.0,"(26, 29)",taxation,6,0.25,False,True,False
6,116,85719.0,"(2, 44)",taxation,6,0.25,False,True,False
6,117,64289.0,"(29, 28)",taxation,6,0.25,False,True,False
6,118,72861.0,"(46, 7)",taxation,6,0.25,False,True,False
6,119,68575.0,"(41, 3)",taxation,6,0.25,False,True,False
6,120,77147.0,"(20, 19)",taxation,6,0.25,False,True,False
6,121,85719.0,"(2, 45)",taxation,6,0.25,False,True,False
6,122,60003.0,"(16, 25)",taxation,6,0.25,False,True,False
6,123,77147.0,"(46, 6)",taxation,6,0.25,False,True,False
6,124,72861.0,"(18, 26)",taxation,6,0.25,False,True,False
6,125,85719.0,"(7, 48)",taxation,6,0.25,False,True,False
6,126,60003.0,"(25, 5)",taxation,6,0.25,False,True,False
6,127,72861.0,"(22, 20)",taxation,6,0.25,False,True,False
6,128,77147.0,"(46, 21)",taxation,6,0.25,False,True,False
6,129,81433.0,"(3, 48)",taxation,6,0.25,False,True,False
6,130,72861.0,"(44, 5)",taxation,6,0.25,False,True,False
6,131,77147.0,"(22, 27)",taxation,6,0.25,False,True,False
6,132,77147.0,"(40, 3)",taxation,6,0.25,False,True,False
6,133,68575.0,"(21, 21)",taxation,6,0.25,False,True,False
6,134,68575.0,"(48, 9)",taxation,6,0.25,False,True,False
6,135,68575.0,"(14, 49)",taxation,6,0.25,False,True,False
6,136,55717.0,"(24, 31)",taxation,6,0.25,False,True,False
6,137,51431.0,"(22, 8)",taxation,6,0.25,False,True,False
6,138,77147.0,"(21, 19)",taxation,6,0.25,False,True,False
6,141,68575.0,"(23, 29)",taxation,6,0.25,False,True,False
6,142,34287.0,"(41, 27)",taxation,6,0.25,False,True,False
6,143,64289.00000000001,"(6, 27)",taxation,6,0.25,False,True,False
6,144,68575.0,"(22, 42)",taxation,6,0.25,False,True,False
6,145,68575.0,"(39, 26)",taxation,6,0.25,False,True,False
6,147,60003.0,"(27, 3)",taxation,6,0.25,False,True,False
6,148,55717.0,"(26, 27)",taxation,6,0.25,False,True,False
6,149,68575.0,"(48, 16)",taxation,6,0.25,False,True,False
6,150,60003.0,"(15, 25)",taxation,6,0.25,False,True,False
6,151,60003.0,"(27, 28)",taxation,6,0.25,False,True,False
6,152,81433.0,"(4, 48)",taxation,6,0.25,False,True,False
6,153,25715.0,"(36, 34)",taxation,6,0.25,False,True,False
6,155,68575.0,"(48, 12)",taxation,6,0.25,False,True,False
6,156,51431.0,"(24, 32)",taxation,6,0.25,False,True,False
6,157,64289.00000000001,"(25, 40)",taxation,6,0.25,False,True,False
6,159,64289.0,"(23, 30)",taxation,6,0.25,False,True,False
6,160,68575.0,"(0, 35)",taxation,6,0.25,False,True,False
6,161,51431.0,"(22, 10)",taxation,6,0.25,False,True,False
6,162,72861.0,"(33, 33)",taxation,6,0.25,False,True,False
6,163,81433.0,"(18, 48)",taxation,6,0.25,False,True,False
6,164,68575.0,"(39, 3)",taxation,6,0.25,False,True,False
6,165,77147.0,"(42, 4)",taxation,6,0.25,False,True,False
6,166,64289.00000000001,"(32, 2)",taxation,6,0.25,False,True,False
6,167,68575.0,"(43, 4)",taxation,6,0.25,False,True,False
6,168,77147.0,"(47, 10)",taxation,6,0.25,False,True,False
6,169,60003.0,"(23, 31)",taxation,6,0.25,False,True,False
6,171,85719.0,"(4, 49)",taxation,6,0.25,False,True,False
6,172,68575.0,"(28, 3)",taxation,6,0.25,False,True,False
6,174,72861.0,"(47, 21)",taxation,6,0.25,False,True,False
6,175,51431.0,"(44, 23)",taxation,6,0.25,False,True,False
6,177,77147.0,"(48, 14)",taxation,6,0.25,False,True,False
6,178,68575.0,"(37, 3)",taxation,6,0.25,False,True,False
6,180,85719.0,"(6, 48)",taxation,6,0.25,False,True,False
6,181,77147.00000000001,"(1, 42)",taxation,6,0.25,False,True,False
6,182,68575.0,"(2, 30)",taxation,6,0.25,False,True,False
6,183,42859.0,"(42, 26)",taxation,6,0.25,False,True,False
6,184,72861.0,"(20, 28)",taxation,6,0.25,False,True,False
6,185,77147.0,"(20, 17)",taxation,6,0.25,False,True,False
6,186,77147.0,"(22, 23)",taxation,6,0.25,False,True,False
6,188,85719.0,"(3, 44)",taxation,6,0.25,False,True,False
6,189,68575.0,"(22, 22)",taxation,6,0.25,False,True,False
6,190,85719.0,"(4, 46)",taxation,6,0.25,False,True,False
6,191,81433.0,"(36, 29)",taxation,6,0.25,False,True,False
6,192,77147.0,"(26, 28)",taxation,6,0.25,False,True,False
6,193,77147.0,"(22, 24)",taxation,6,0.25,False,True,False
6,194,77147.0,"(23, 25)",taxation,6,0.25,False,True,False
6,195,25715.0,"(46, 32)",taxation,6,0.25,False,True,False
6,196,42859.0,"(19, 15)",taxation,6,0.25,False,True,False
6,197,47145.0,"(8, 25)",taxation,6,0.25,False,True,False
6,198,81433.0,"(3, 47)",taxation,6,0.25,False,True,False
6,199,72861.0,"(21, 12)",taxation,6,0.25,False,True,False
6,200,68575.0,"(16, 26)",taxation,6,0.25,False,True,False
6,201,51431.0,"(24, 28)",taxation,6,0.25,False,True,False
6,202,72861.0,"(26, 4)",taxation,6,0.25,False,True,False
6,203,81433.0,"(0, 31)",taxation,6,0.25,False,True,False
6,204,77147.0,"(46, 22)",taxation,6,0.25,False,True,False
6,205,25715.0,"(13, 15)",taxation,6,0.25,False,True,False
6,206,64289.0,"(23, 38)",taxation,6,0.25,False,True,False
6,207,51431.0,"(17, 23)",taxation,6,0.25,False,True,False
6,209,77147.0,"(45, 7)",taxation,6,0.25,False,True,False
6,210,77147.0,"(23, 41)",taxation,6,0.25,False,True,False
6,211,42859.0,"(25, 38)",taxation,6,0.25,False,True,False
6,212,72861.0,"(38, 27)",taxation,6,0.25,False,True,False
6,213,85719.0,"(2, 43)",taxation,6,0.25,False,True,False
6,214,38573.0,"(37, 28)",taxation,6,0.25,False,True,False
6,215,72861.0,"(16, 49)",taxation,6,0.25,False,True,False
6,216,68575.0,"(35, 1)",taxation,6,0.25,False,True,False
6,217,38573.0,"(16, 23)",taxation,6,0.25,False,True,False
6,218,81433.0,"(19, 46)",taxation,6,0.25,False,True,False
6,220,72861.0,"(45, 6)",taxation,6,0.25,False,True,False
6,221,68575.0,"(14, 25)",taxation,6,0.25,False,True,False
6,222,85719.0,"(0, 41)",taxation,6,0.25,False,True,False
6,223,38573.0,"(7, 26)",taxation,6,0.25,False,True,False
6,224,64289.0,"(25, 29)",taxation,6,0.25,False,True,False
6,225,72861.0,"(21, 22)",taxation,6,0.25,False,True,False
6,226,68575.0,"(34, 32)",taxation,6,0.25,False,True,False
6,227,77147.0,"(43, 24)",taxation,6,0.25,False,True,False
6,228,51431.0,"(24, 33)",taxation,6,0.25,False,True,False
6,229,85719.0,"(6, 47)",taxation,6,0.25,False,True,False
6,230,68575.0,"(22, 28)",taxation,6,0.25,False,True,False
6,231,38573.0,"(20, 12)",taxation,6,0.25,False,True,False
6,232,38573.0,"(38, 26)",taxation,6,0.25,False,True,False
6,233,64289.0,"(47, 20)",taxation,6,0.25,False,True,False
6,234,68575.0,"(21, 43)",taxation,6,0.25,False,True,False
6,235,72861.0,"(47, 18)",taxation,6,0.25,False,True,False
6,236,72861.0,"(17, 26)",taxation,6,0.25,False,True,False
6,237,55717.0,"(24, 26)",taxation,6,0.25,False,True,False
6,238,77147.0,"(47, 11)",taxation,6,0.25,False,True,False
6,239,68575.0,"(21, 14)",taxation,6,0.25,False,True,False
6,241,68575.0,"(26, 30)",taxation,6,0.25,False,True,False
6,242,30001.0,"(19, 14)",taxation,6,0.25,False,True,False
6,243,64289.0,"(44, 24)",taxation,6,0.25,False,True,False
6,244,90005.0,"(7, 47)",taxation,6,0.25,False,True,False
6,245,85719.0,"(6, 49)",taxation,6,0.25,False,True,False
6,247,68575.0,"(25, 26)",taxation,6,0.25,False,True,False
6,248,72861.0,"(24, 37)",taxation,6,0.25,False,True,False
6,249,72861.0,"(35, 28)",taxation,6,0.25,False,True,False
6,219-2,62145.0,"(25, 28)",taxation,6,0.25,False,True,False
6,158-2,49287.0,"(28, 28)",taxation,6,0.25,False,True,False
6,139-2,68574.25,"(23, 26)",taxation,6,0.25,False,True,False
6,179-2,55716.5,"(24, 25)",taxation,6,0.25,False,True,False
6,28-2,46073.25,"(46, 20)",taxation,6,0.25,False,True,False
6,187-2,8576.0,"(23, 5)",taxation,6,0.25,False,True,False
6,146-2,8576.0,"(45, 26)",taxation,6,0.25,False,True,False
6,94-2,12862.000000000002,"(4, 47)",taxation,6,0.25,False,True,False
6,154-2,8576.0,"(25, 39)",taxation,6,0.25,False,True,False
6,173-2,8576.0,"(24, 27)",taxation,6,0.25,False,True,False
6,240-2,4290.0,"(13, 9)",taxation,6,0.25,False,True,False
6,246-2,47145.0,"(15, 49)",taxation,6,0.25,False,True,False
6,98-2,8576.0,"(31, 2)",taxation,6,0.25,False,True,False
6,140-2,9.0,"(11, 39)",taxation,6,0.25,False,True,False
6,176-2,9.0,"(9, 34)",taxation,6,0.25,False,True,False
6,208-2,51431.25,"(21, 17)",taxation,6,0.25,False,True,False
6,170-2,54645.75,"(27, 27)",taxation,6,0.25,False,True,False
6,1-2,32144.25,"(17, 24)",taxation,6,0.25,False,True,False
7,0,60002.0,"(19, 23)",taxation,6,0.25,False,True,False
7,2,72860.0,"(5, 29)",taxation,6,0.25,False,True,False
7,3,42858.0,"(3, 27)",taxation,6,0.25,False,True,False
7,4,55716.0,"(12, 20)",taxation,6,0.25,False,True,False
7,5,30000.0,"(32, 37)",taxation,6,0.25,False,True,False
7,6,90004.0,"(19, 49)",taxation,6,0.25,False,True,False
7,7,60002.0,"(19, 22)",taxation,6,0.25,False,True,False
7,8,85724.0,"(11, 44)",taxation,6,0.25,False,True,False
7,9,72860.0,"(21, 25)",taxation,6,0.25,False,True,False
7,10,81432.0,"(43, 28)",taxation,6,0.25,False,True,False
7,11,60002.0,"(2, 26)",taxation,6,0.25,False,True,False
7,12,72866.0,"(15, 28)",taxation,6,0.25,False,True,False
7,13,81432.0,"(1, 46)",taxation,6,0.25,False,True,False
7,14,8574.0,"(14, 10)",taxation,6,0.25,False,True,False
7,15,72860.0,"(17, 15)",taxation,6,0.25,False,True,False
7,16,98576.0,"(2, 48)",taxation,6,0.25,False,True,False
7,18,85718.0,"(43, 3)",taxation,6,0.25,False,True,False
7,19,81432.0,"(16, 17)",taxation,6,0.25,False,True,False
7,20,68574.0,"(22, 6)",taxation,6,0.25,False,True,False
7,21,77146.0,"(48, 13)",taxation,6,0.25,False,True,False
7,22,85718.0,"(48, 7)",taxation,6,0.25,False,True,False
7,24,64294.00000000001,"(16, 28)",taxation,6,0.25,False,True,False
7,25,72866.0,"(17, 19)",taxation,6,0.25,False,True,False
7,26,68580.0,"(17, 29)",taxation,6,0.25,False,True,False
7,27,68574.0,"(35, 33)",taxation,6,0.25,False,True,False
7,29,77146.0,"(35, 32)",taxation,6,0.25,False,True,False
7,30,85718.0,"(39, 1)",taxation,6,0.25,False,True,False
7,32,81432.0,"(20, 14)",taxation,6,0.25,False,True,False
7,33,68580.0,"(31, 25)",taxation,6,0.25,False,True,False
7,34,68580.0,"(21, 34)",taxation,6,0.25,False,True,False
7,35,85724.0,"(7, 42)",taxation,6,0.25,False,True,False
7,36,55716.0,"(15, 19)",taxation,6,0.25,False,True,False
7,37,77146.0,"(48, 8)",taxation,6,0.25,False,True,False
7,38,85718.0,"(49, 18)",taxation,6,0.25,False,True,False
7,39,51430.0,"(3, 28)",taxation,6,0.25,False,True,False
7,40,94290.0,"(0, 45)",taxation,6,0.25,False,True,False
7,41,94290.0,"(1, 49)",taxation,6,0.25,False,True,False
7,42,55716.0,"(32, 34)",taxation,6,0.25,False,True,False
7,43,77146.0,"(49, 11)",taxation,6,0.25,False,True,False
7,44,51436.0,"(28, 35)",taxation,6,0.25,False,True,False
7,45,81432.0,"(14, 20)",taxation,6,0.25,False,True,False
7,46,51430.0,"(47, 23)",taxation,6,0.25,False,True,False
7,47,60002.0,"(20, 26)",taxation,6,0.25,False,True,False
7,48,77146.0,"(45, 24)",taxation,6,0.25,False,True,False
7,49,81438.0,"(3, 46)",taxation,6,0.25,False,True,False
7,50,90004.0,"(1, 28)",taxation,6,0.25,False,True,False
7,51,77146.0,"(18, 11)",taxation,6,0.25,False,True,False
7,52,55716.0,"(36, 32)",taxation,6,0.25,False,True,False
7,53,38572.0,"(21, 7)",taxation,6,0.25,False,True,False
7,54,77146.0,"(38, 1)",taxation,6,0.25,False,True,False
7,55,85718.0,"(24, 42)",taxation,6,0.25,False,True,False
7,56,77146.0,"(22, 48)",taxation,6,0.25,False,True,False
7,57,64288.0,"(17, 13)",taxation,6,0.25,False,True,False
7,58,77146.0,"(12, 21)",taxation,6,0.25,False,True,False
7,59,68574.0,"(4, 27)",taxation,6,0.25,False,True,False
7,60,81432.0,"(30, 36)",taxation,6,0.25,False,True,False
7,61,90004.0,"(47, 7)",taxation,6,0.25,False,True,False
7,62,85724.0,"(5, 38)",taxation,6,0.25,False,True,False
7,63,72860.0,"(28, 37)",taxation,6,0.25,False,True,False
7,64,68574.0,"(22, 7)",taxation,6,0.25,False,True,False
7,65,85718.0,"(45, 4)",taxation,6,0.25,False,True,False
7,66,85718.0,"(20, 47)",taxation,6,0.25,False,True,False
7,67,60002.0,"(16, 18)",taxation,6,0.25,False,True,False
7,68,64288.0,"(21, 47)",taxation,6,0.25,False,True,False
7,69,94290.0,"(1, 45)",taxation,6,0.25,False,True,False
7,70,81432.0,"(33, 1)",taxation,6,0.25,False,True,False
7,71,85718.0,"(49, 9)",taxation,6,0.25,False,True,False
7,72,81432.0,"(4, 28)",taxation,6,0.25,False,True,False
7,73,90004.0,"(0, 46)",taxation,6,0.25,False,True,False
7,74,85718.0,"(23, 44)",taxation,6,0.25,False,True,False
7,75,81432.0,"(20, 25)",taxation,6,0.25,False,True,False
7,76,85718.00000000001,"(0, 48)",taxation,6,0.25,False,True,False
7,77,60002.0,"(23, 43)",taxation,6,0.25,False,True,False
7,78,72860.0,"(3, 29)",taxation,6,0.25,False,True,False
7,79,72860.0,"(12, 19)",taxation,6,0.25,False,True,False
7,80,85718.0,"(49, 19)",taxation,6,0.25,False,True,False
7,81,81432.0,"(49, 15)",taxation,6,0.25,False,True,False
7,82,81432.0,"(48, 23)",taxation,6,0.25,False,True,False
7,83,81432.0,"(19, 9)",taxation,6,0.25,False,True,False
7,84,85724.0,"(6, 42)",taxation,6,0.25,False,True,False
7,85,64288.0,"(37, 32)",taxation,6,0.25,False,True,False
7,86,85724.0,"(7, 43)",taxation,6,0.25,False,True,False
7,87,72860.0,"(21, 8)",taxation,6,0.25,False,True,False
7,88,68574.0,"(24, 4)",taxation,6,0.25,False,True,False
7,89,90004.0,"(0, 47)",taxation,6,0.25,False,True,False
7,90,77146.0,"(49, 17)",taxation,6,0.25,False,True,False
7,91,85718.0,"(20, 21)",taxation,6,0.25,False,True,False
7,92,81432.0,"(14, 18)",taxation,6,0.25,False,True,False
7,93,30000.0,"(34, 35)",taxation,6,0.25,False,True,False
7,95,90004.0,"(20, 48)",taxation,6,0.25,False,True,False
7,96,90004.0,"(19, 48)",taxation,6,0.25,False,True,False
7,97,60002.0,"(37, 31)",taxation,6,0.25,False,True,False
7,99,72860.0,"(24, 44)",taxation,6,0.25,False,True,False
7,100,85718.0,"(48, 15)",taxation,6,0.25,False,True,False
7,101,85718.0,"(48, 17)",taxation,6,0.25,False,True,False
7,102,55716.0,"(31, 35)",taxation,6,0.25,False,True,False
7,103,72860.0,"(0, 30)",taxation,6,0.25,False,True,False
7,104,72860.0,"(36, 1)",taxation,6,0.25,False,True,False
7,105,77152.0,"(18, 30)",taxation,6,0.25,False,True,False
7,106,72860.0,"(29, 1)",taxation,6,0.25,False,True,False
7,107,85718.0,"(44, 25)",taxation,6,0.25,False,True,False
7,108,38572.0,"(4, 26)",taxation,6,0.25,False,True,False
7,109,85724.0,"(8, 43)",taxation,6,0.25,False,True,False
7,110,85718.0,"(0, 29)",taxation,6,0.25,False,True,False
7,111,81432.0,"(24, 5)",taxation,6,0.25,False,True,False
7,112,85718.0,"(21, 45)",taxation,6,0.25,False,True,False
7,113,77146.0,"(18, 13)",taxation,6,0.25,False,True,False
7,114,85718.0,"(46, 25)",taxation,6,0.25,False,True,False
7,115,81432.0,"(32, 35)",taxation,6,0.25,False,True,False
7,116,94290.0,"(1, 44)",taxation,6,0.25,False,True,False
7,117,68574.0,"(33, 34)",taxation,6,0.25,False,True,False
7,118,81432.0,"(48, 6)",taxation,6,0.25,False,True,False
7,119,77146.0,"(41, 2)",taxation,6,0.25,False,True,False
7,120,81432.0,"(16, 15)",taxation,6,0.25,False,True,False
7,121,85724.0,"(6, 41)",taxation,6,0.25,False,True,False
7,122,64288.0,"(14, 19)",taxation,6,0.25,False,True,False
7,123,85718.0,"(46, 5)",taxation,6,0.25,False,True,False
7,124,81432.0,"(19, 25)",taxation,6,0.25,False,True,False
7,125,94290.0,"(2, 47)",taxation,6,0.25,False,True,False
7,126,68574.0,"(25, 3)",taxation,6,0.25,False,True,False
7,127,77146.0,"(16, 16)",taxation,6,0.25,False,True,False
7,128,85718.0,"(47, 22)",taxation,6,0.25,False,True,False
7,129,81437.0,"(8, 42)",taxation,6,0.25,False,True,False
7,130,81432.0,"(44, 4)",taxation,6,0.25,False,True,False
7,131,85718.0,"(21, 27)",taxation,6,0.25,False,True,False
7,132,85718.0,"(40, 2)",taxation,6,0.25,False,True,False
7,133,72860.0,"(15, 17)",taxation,6,0.25,False,True,False
7,134,77146.0,"(48, 10)",taxation,6,0.25,False,True,False
7,135,77146.0,"(20, 49)",taxation,6,0.25,False,True,False
7,136,60002.0,"(29, 36)",taxation,6,0.25,False,True,False
7,137,60002.0,"(23, 4)",taxation,6,0.25,False,True,False
7,138,81432.0,"(17, 17)",taxation,6,0.25,False,True,False
7,141,68580.0,"(19, 30)",taxation,6,0.25,False,True,False
7,142,42858.0,"(43, 26)",taxation,6,0.25,False,True,False
7,143,72860.0,"(4, 29)",taxation,6,0.25,False,True,False
7,144,77146.0,"(23, 42)",taxation,6,0.25,False,True,False
7,145,77146.0,"(45, 25)",taxation,6,0.25,False,True,False
7,147,68574.0,"(27, 2)",taxation,6,0.25,False,True,False
7,148,55722.0,"(31, 32)",taxation,6,0.25,False,True,False
7,149,77146.0,"(49, 16)",taxation,6,0.25,False,True,False
7,150,64288.0,"(11, 21)",taxation,6,0.25,False,True,False
7,151,60008.0,"(29, 34)",taxation,6,0.25,False,True,False
7,152,90004.0,"(1, 48)",taxation,6,0.25,False,True,False
7,153,30000.0,"(37, 34)",taxation,6,0.25,False,True,False
7,155,77146.0,"(49, 12)",taxation,6,0.25,False,True,False
7,156,55716.0,"(28, 38)",taxation,6,0.25,False,True,False
7,157,72860.0,"(25, 41)",taxation,6,0.25,False,True,False
7,159,64294.0,"(20, 31)",taxation,6,0.25,False,True,False
7,160,68580.0,"(3, 31)",taxation,6,0.25,False,True,False
7,161,60002.0,"(20, 10)",taxation,6,0.25,False,True,False
7,162,77146.0,"(34, 34)",taxation,6,0.25,False,True,False
7,163,90004.0,"(21, 46)",taxation,6,0.25,False,True,False
7,164,77146.0,"(40, 1)",taxation,6,0.25,False,True,False
7,165,85718.0,"(42, 2)",taxation,6,0.25,False,True,False
7,166,72860.0,"(32, 1)",taxation,6,0.25,False,True,False
7,167,77146.0,"(44, 3)",taxation,6,0.25,False,True,False
7,168,85718.0,"(49, 10)",taxation,6,0.25,False,True,False
7,169,68574.0,"(20, 27)",taxation,6,0.25,False,True,False
7,171,85723.0,"(9, 43)",taxation,6,0.25,False,True,False
7,172,77146.0,"(28, 2)",taxation,6,0.25,False,True,False
7,174,81432.0,"(48, 21)",taxation,6,0.25,False,True,False
7,175,60002.0,"(49, 20)",taxation,6,0.25,False,True,False
7,177,85718.0,"(49, 14)",taxation,6,0.25,False,True,False
7,178,77146.0,"(37, 1)",taxation,6,0.25,False,True,False
7,180,85724.0,"(9, 44)",taxation,6,0.25,False,True,False
7,181,85718.00000000001,"(0, 44)",taxation,6,0.25,False,True,False
7,182,77146.0,"(2, 29)",taxation,6,0.25,False,True,False
7,183,51430.0,"(44, 26)",taxation,6,0.25,False,True,False
7,184,81432.0,"(19, 24)",taxation,6,0.25,False,True,False
7,185,81432.0,"(16, 14)",taxation,6,0.25,False,True,False
7,186,77152.0,"(17, 18)",taxation,6,0.25,False,True,False
7,188,85724.0,"(6, 38)",taxation,6,0.25,False,True,False
7,189,77146.0,"(21, 24)",taxation,6,0.25,False,True,False
7,190,85724.0,"(6, 40)",taxation,6,0.25,False,True,False
7,191,85718.0,"(38, 32)",taxation,6,0.25,False,True,False
7,192,77152.0,"(30, 25)",taxation,6,0.25,False,True,False
7,193,77152.0,"(24, 19)",taxation,6,0.25,False,True,False
7,194,77152.0,"(24, 20)",taxation,6,0.25,False,True,False
7,195,30000.0,"(46, 31)",taxation,6,0.25,False,True,False
7,196,51430.0,"(20, 15)",taxation,6,0.25,False,True,False
7,197,55716.0,"(3, 26)",taxation,6,0.25,False,True,False
7,198,81437.0,"(7, 41)",taxation,6,0.25,False,True,False
7,199,81432.0,"(20, 11)",taxation,6,0.25,False,True,False
7,200,72860.0,"(13, 20)",taxation,6,0.25,False,True,False
7,201,51436.0,"(30, 34)",taxation,6,0.25,False,True,False
7,202,81432.0,"(25, 4)",taxation,6,0.25,False,True,False
7,203,90004.0,"(0, 28)",taxation,6,0.25,False,True,False
7,204,85718.0,"(46, 23)",taxation,6,0.25,False,True,False
7,205,30000.0,"(14, 15)",taxation,6,0.25,False,True,False
7,206,72860.0,"(22, 44)",taxation,6,0.25,False,True,False
7,207,60002.0,"(18, 23)",taxation,6,0.25,False,True,False
7,209,85718.0,"(47, 6)",taxation,6,0.25,False,True,False
7,210,85718.0,"(24, 43)",taxation,6,0.25,False,True,False
7,211,47144.0,"(27, 39)",taxation,6,0.25,False,True,False
7,212,77146.0,"(39, 30)",taxation,6,0.25,False,True,False
7,213,85724.0,"(5, 40)",taxation,6,0.25,False,True,False
7,214,42858.0,"(38, 31)",taxation,6,0.25,False,True,False
7,215,81432.0,"(21, 49)",taxation,6,0.25,False,True,False
7,216,77146.0,"(35, 0)",taxation,6,0.25,False,True,False
7,217,42858.0,"(13, 19)",taxation,6,0.25,False,True,False
7,218,90004.0,"(22, 46)",taxation,6,0.25,False,True,False
7,220,81432.0,"(45, 5)",taxation,6,0.25,False,True,False
7,221,72860.0,"(10, 21)",taxation,6,0.25,False,True,False
7,222,85724.0,"(5, 39)",taxation,6,0.25,False,True,False
7,223,47144.0,"(5, 28)",taxation,6,0.25,False,True,False
7,224,72860.0,"(22, 26)",taxation,6,0.25,False,True,False
7,225,81432.0,"(20, 22)",taxation,6,0.25,False,True,False
7,226,72860.0,"(34, 33)",taxation,6,0.25,False,True,False
7,227,85718.0,"(46, 24)",taxation,6,0.25,False,True,False
7,229,94290.0,"(2, 49)",taxation,6,0.25,False,True,False
7,230,68580.0,"(18, 29)",taxation,6,0.25,False,True,False
7,231,42858.0,"(18, 10)",taxation,6,0.25,False,True,False
7,232,42858.0,"(40, 30)",taxation,6,0.25,False,True,False
7,233,72860.0,"(48, 20)",taxation,6,0.25,False,True,False
7,234,77146.0,"(22, 43)",taxation,6,0.25,False,True,False
7,235,77146.0,"(49, 21)",taxation,6,0.25,False,True,False
7,236,77146.0,"(13, 21)",taxation,6,0.25,False,True,False
7,237,64288.0,"(21, 26)",taxation,6,0.25,False,True,False
7,238,85718.0,"(49, 13)",taxation,6,0.25,False,True,False
7,239,72860.0,"(18, 12)",taxation,6,0.25,False,True,False
7,241,72860.0,"(31, 36)",taxation,6,0.25,False,True,False
7,242,34286.0,"(17, 14)",taxation,6,0.25,False,True,False
7,243,72860.0,"(45, 23)",taxation,6,0.25,False,True,False
7,244,98576.0,"(3, 49)",taxation,6,0.25,False,True,False
7,245,94290.0,"(0, 49)",taxation,6,0.25,False,True,False
7,247,77146.0,"(20, 23)",taxation,6,0.25,False,True,False
7,248,77146.0,"(27, 38)",taxation,6,0.25,False,True,False
7,249,77146.0,"(36, 31)",taxation,6,0.25,False,True,False
7,219-2,62150.0,"(28, 34)",taxation,6,0.25,False,True,False
7,158-2,53572.0,"(31, 34)",taxation,6,0.25,False,True,False
7,139-2,77145.25,"(20, 24)",taxation,6,0.25,False,True,False
7,179-2,55721.5,"(25, 22)",taxation,6,0.25,False,True,False
7,28-2,54644.25,"(48, 22)",taxation,6,0.25,False,True,False
7,187-2,17147.0,"(24, 3)",taxation,6,0.25,False,True,False
7,146-2,17147.0,"(47, 24)",taxation,6,0.25,False,True,False
7,94-2,21433.0,"(1, 47)",taxation,6,0.25,False,True,False
7,154-2,17147.0,"(24, 41)",taxation,6,0.25,False,True,False
7,173-2,8581.0,"(30, 33)",taxation,6,0.25,False,True,False
7,240-2,8575.0,"(14, 9)",taxation,6,0.25,False,True,False
7,246-2,55716.0,"(21, 48)",taxation,6,0.25,False,True,False
7,98-2,17147.0,"(31, 3)",taxation,6,0.25,False,True,False
7,140-2,14.0,"(12, 37)",taxation,6,0.25,False,True,False
7,176-2,14.0,"(8, 34)",taxation,6,0.25,False,True,False
7,208-2,55716.25,"(17, 16)",taxation,6,0.25,False,True,False
7,170-2,54650.75,"(33, 25)",taxation,6,0.25,False,True,False
7,1-2,36429.25,"(15, 18)",taxation,6,0.25,False,True,False
7,23-2,61074.0,"(30, 1)",taxation,6,0.25,False,True,False
7,17-2,57859.5,"(18, 14)",taxation,6,0.25,False,True,False
7,31-2,64288.5,"(1, 29)",taxation,6,0.25,False,True,False
7,228-2,41787.0,"(29, 37)",taxation,6,0.25,False,True,False
8,0,60007.0,"(16, 21)",taxation,6,0.25,False,True,False
8,2,77145.0,"(5, 23)",taxation,6,0.25,False,True,False
8,3,47143.0,"(2, 23)",taxation,6,0.25,False,True,False
8,4,60001.0,"(10, 19)",taxation,6,0.25,False,True,False
8,5,34285.0,"(32, 39)",taxation,6,0.25,False,True,False
8,6,94289.0,"(22, 49)",taxation,6,0.25,False,True,False
8,7,60008.0,"(18, 16)",taxation,6,0.25,False,True,False
8,8,85730.0,"(14, 43)",taxation,6,0.25,False,True,False
8,9,72865.0,"(26, 22)",taxation,6,0.25,False,True,False
8,10,85717.0,"(44, 28)",taxation,6,0.25,False,True,False
8,11,64287.0,"(2, 24)",taxation,6,0.25,False,True,False
8,12,77151.0,"(9, 22)",taxation,6,0.25,False,True,False
8,13,81437.0,"(7, 40)",taxation,6,0.25,False,True,False
8,14,12859.0,"(14, 11)",taxation,6,0.25,False,True,False
8,15,77145.0,"(15, 14)",taxation,6,0.25,False,True,False
8,16,98580.0,"(8, 44)",taxation,6,0.25,False,True,False
8,18,94289.0,"(42, 1)",taxation,6,0.25,False,True,False
8,19,85717.0,"(15, 16)",taxation,6,0.25,False,True,False
8,20,72859.0,"(21, 5)",taxation,6,0.25,False,True,False
8,21,77152.0,"(42, 7)",taxation,6,0.25,False,True,False
8,22,94289.0,"(47, 4)",taxation,6,0.25,False,True,False
8,24,64300.00000000001,"(13, 28)",taxation,6,0.25,False,True,False
8,25,77151.0,"(13, 18)",taxation,6,0.25,False,True,False
8,26,68586.0,"(14, 28)",taxation,6,0.25,False,True,False
8,27,72859.0,"(37, 35)",taxation,6,0.25,False,True,False
8,29,81431.0,"(35, 35)",taxation,6,0.25,False,True,False
8,30,94289.0,"(41, 0)",taxation,6,0.25,False,True,False
8,32,85717.0,"(17, 11)",taxation,6,0.25,False,True,False
8,33,68586.0,"(33, 20)",taxation,6,0.25,False,True,False
8,34,72865.0,"(27, 40)",taxation,6,0.25,False,True,False
8,35,85730.0,"(7, 37)",taxation,6,0.25,False,True,False
8,36,60001.0,"(12, 16)",taxation,6,0.25,False,True,False
8,37,85717.0,"(46, 3)",taxation,6,0.25,False,True,False
8,38,90003.0,"(49, 24)",taxation,6,0.25,False,True,False
8,39,55715.0,"(1, 25)",taxation,6,0.25,False,True,False
8,40,94294.0,"(5, 41)",taxation,6,0.25,False,True,False
8,41,94293.0,"(6, 45)",taxation,6,0.25,False,True,False
8,42,60001.0,"(35, 36)",taxation,6,0.25,False,True,False
8,43,81431.0,"(49, 7)",taxation,6,0.25,False,True,False
8,44,55721.0,"(30, 37)",taxation,6,0.25,False,True,False
8,45,85717.0,"(12, 18)",taxation,6,0.25,False,True,False
8,46,55715.0,"(47, 28)",taxation,6,0.25,False,True,False
8,47,60007.0,"(14, 29)",taxation,6,0.25,False,True,False
8,48,81431.0,"(47, 27)",taxation,6,0.25,False,True,False
8,49,81443.0,"(8, 40)",taxation,6,0.25,False,True,False
8,50,94289.0,"(0, 25)",taxation,6,0.25,False,True,False
8,51,81431.0,"(16, 11)",taxation,6,0.25,False,True,False
8,52,60001.0,"(36, 33)",taxation,6,0.25,False,True,False
8,53,47143.0,"(27, 1)",taxation,6,0.25,False,True,False
8,54,85717.0,"(34, 0)",taxation,6,0.25,False,True,False
8,55,90003.0,"(26, 43)",taxation,6,0.25,False,True,False
8,56,81431.0,"(23, 48)",taxation,6,0.25,False,True,False
8,57,68573.0,"(16, 12)",taxation,6,0.25,False,True,False
8,58,81431.0,"(10, 20)",taxation,6,0.25,False,True,False
8,59,72859.0,"(4, 23)",taxation,6,0.25,False,True,False
8,60,85717.0,"(30, 38)",taxation,6,0.25,False,True,False
8,61,98575.0,"(45, 2)",taxation,6,0.25,False,True,False
8,62,85730.0,"(6, 37)",taxation,6,0.25,False,True,False
8,63,77145.0,"(29, 38)",taxation,6,0.25,False,True,False
8,64,77145.0,"(26, 2)",taxation,6,0.25,False,True,False
8,65,94289.0,"(45, 3)",taxation,6,0.25,False,True,False
8,66,90003.0,"(24, 47)",taxation,6,0.25,False,True,False
8,67,64287.0,"(14, 17)",taxation,6,0.25,False,True,False
8,68,68573.0,"(24, 49)",taxation,6,0.25,False,True,False
8,69,94295.0,"(6, 39)",taxation,6,0.25,False,True,False
8,70,90003.0,"(34, 1)",taxation,6,0.25,False,True,False
8,71,90003.0,"(49, 5)",taxation,6,0.25,False,True,False
8,72,90003.0,"(1, 26)",taxation,6,0.25,False,True,False
8,73,90008.0,"(4, 41)",taxation,6,0.25,False,True,False
8,74,90003.0,"(26, 45)",taxation,6,0.25,False,True,False
8,75,81437.0,"(16, 29)",taxation,6,0.25,False,True,False
8,76,85721.00000000001,"(3, 42)",taxation,6,0.25,False,True,False
8,77,68573.0,"(23, 45)",taxation,6,0.25,False,True,False
8,78,77145.0,"(1, 24)",taxation,6,0.25,False,True,False
8,79,77145.0,"(11, 18)",taxation,6,0.25,False,True,False
8,80,90003.0,"(49, 25)",taxation,6,0.25,False,True,False
8,81,81438.0,"(45, 15)",taxation,6,0.25,False,True,False
8,82,85717.0,"(48, 26)",taxation,6,0.25,False,True,False
8,83,85717.0,"(19, 8)",taxation,6,0.25,False,True,False
8,84,85729.0,"(8, 41)",taxation,6,0.25,False,True,False
8,85,68573.0,"(39, 32)",taxation,6,0.25,False,True,False
8,86,85729.0,"(9, 42)",taxation,6,0.25,False,True,False
8,87,77145.0,"(20, 7)",taxation,6,0.25,False,True,False
8,88,77145.0,"(28, 0)",taxation,6,0.25,False,True,False
8,89,90007.0,"(4, 42)",taxation,6,0.25,False,True,False
8,90,77151.0,"(45, 16)",taxation,6,0.25,False,True,False
8,91,85724.0,"(18, 15)",taxation,6,0.25,False,True,False
8,92,85717.0,"(10, 17)",taxation,6,0.25,False,True,False
8,93,34285.0,"(37, 36)",taxation,6,0.25,False,True,False
8,95,94289.0,"(25, 48)",taxation,6,0.25,False,True,False
8,96,94289.0,"(23, 49)",taxation,6,0.25,False,True,False
8,97,64287.0,"(39, 31)",taxation,6,0.25,False,True,False
8,99,77145.0,"(26, 44)",taxation,6,0.25,False,True,False
8,100,85724.0,"(45, 13)",taxation,6,0.25,False,True,False
8,101,85724.0,"(43, 21)",taxation,6,0.25,False,True,False
8,102,60001.0,"(33, 35)",taxation,6,0.25,False,True,False
8,103,81431.0,"(2, 27)",taxation,6,0.25,False,True,False
8,104,81431.0,"(37, 0)",taxation,6,0.25,False,True,False
8,105,77158.0,"(14, 34)",taxation,6,0.25,False,True,False
8,106,81431.0,"(29, 0)",taxation,6,0.25,False,True,False
8,107,90003.0,"(45, 27)",taxation,6,0.25,False,True,False
8,108,42857.0,"(3, 24)",taxation,6,0.25,False,True,False
8,109,85729.0,"(10, 43)",taxation,6,0.25,False,True,False
8,110,90003.0,"(0, 24)",taxation,6,0.25,False,True,False
8,111,85717.0,"(22, 3)",taxation,6,0.25,False,True,False
8,112,90003.0,"(25, 47)",taxation,6,0.25,False,True,False
8,113,81431.0,"(15, 12)",taxation,6,0.25,False,True,False
8,114,90003.0,"(47, 26)",taxation,6,0.25,False,True,False
8,115,85717.0,"(33, 36)",taxation,6,0.25,False,True,False
8,116,94295.0,"(7, 39)",taxation,6,0.25,False,True,False
8,117,72859.0,"(34, 38)",taxation,6,0.25,False,True,False
8,118,90003.0,"(47, 5)",taxation,6,0.25,False,True,False
8,119,85717.0,"(41, 1)",taxation,6,0.25,False,True,False
8,120,85717.0,"(15, 11)",taxation,6,0.25,False,True,False
8,121,85730.0,"(7, 35)",taxation,6,0.25,False,True,False
8,122,68573.0,"(11, 17)",taxation,6,0.25,False,True,False
8,123,94289.0,"(42, 0)",taxation,6,0.25,False,True,False
8,124,81437.0,"(15, 29)",taxation,6,0.25,False,True,False
8,125,94293.0,"(3, 41)",taxation,6,0.25,False,True,False
8,126,77145.0,"(26, 1)",taxation,6,0.25,False,True,False
8,127,81431.0,"(14, 13)",taxation,6,0.25,False,True,False
8,128,90003.0,"(49, 26)",taxation,6,0.25,False,True,False
8,129,81443.0,"(14, 38)",taxation,6,0.25,False,True,False
8,130,90003.0,"(44, 2)",taxation,6,0.25,False,True,False
8,131,85723.0,"(19, 31)",taxation,6,0.25,False,True,False
8,132,94289.0,"(40, 0)",taxation,6,0.25,False,True,False
8,133,77145.0,"(12, 17)",taxation,6,0.25,False,True,False
8,134,81431.0,"(49, 6)",taxation,6,0.25,False,True,False
8,135,81431.0,"(25, 49)",taxation,6,0.25,False,True,False
8,136,64287.0,"(29, 39)",taxation,6,0.25,False,True,False
8,137,68573.0,"(26, 3)",taxation,6,0.25,False,True,False
8,138,85717.0,"(15, 15)",taxation,6,0.25,False,True,False
8,141,68586.0,"(21, 35)",taxation,6,0.25,False,True,False
8,142,47143.0,"(45, 28)",taxation,6,0.25,False,True,False
8,143,77145.0,"(6, 23)",taxation,6,0.25,False,True,False
8,144,81431.0,"(26, 42)",taxation,6,0.25,False,True,False
8,145,81431.0,"(46, 26)",taxation,6,0.25,False,True,False
8,147,77145.0,"(27, 0)",taxation,6,0.25,False,True,False
8,148,60007.0,"(37, 37)",taxation,6,0.25,False,True,False
8,150,68573.0,"(9, 20)",taxation,6,0.25,False,True,False
8,151,64293.0,"(30, 39)",taxation,6,0.25,False,True,False
8,152,90007.0,"(7, 45)",taxation,6,0.25,False,True,False
8,153,34285.0,"(38, 34)",taxation,6,0.25,False,True,False
8,155,85717.0,"(49, 8)",taxation,6,0.25,False,True,False
8,156,60001.0,"(28, 40)",taxation,6,0.25,False,True,False
8,157,77145.0,"(27, 41)",taxation,6,0.25,False,True,False
8,159,64300.0,"(21, 36)",taxation,6,0.25,False,True,False
8,160,72865.0,"(0, 26)",taxation,6,0.25,False,True,False
8,161,64287.0,"(18, 8)",taxation,6,0.25,False,True,False
8,162,81431.0,"(35, 34)",taxation,6,0.25,False,True,False
8,163,98575.0,"(22, 47)",taxation,6,0.25,False,True,False
8,164,85717.0,"(39, 0)",taxation,6,0.25,False,True,False
8,165,94289.0,"(43, 2)",taxation,6,0.25,False,True,False
8,166,81431.0,"(32, 0)",taxation,6,0.25,False,True,False
8,167,85717.0,"(43, 1)",taxation,6,0.25,False,True,False
8,168,90003.0,"(48, 5)",taxation,6,0.25,False,True,False
8,169,68579.0,"(17, 30)",taxation,6,0.25,False,True,False
8,171,85729.0,"(15, 42)",taxation,6,0.25,False,True,False
8,172,85717.0,"(28, 1)",taxation,6,0.25,False,True,False
8,174,85717.0,"(49, 27)",taxation,6,0.25,False,True,False
8,175,64287.0,"(48, 24)",taxation,6,0.25,False,True,False
8,177,85724.0,"(45, 12)",taxation,6,0.25,False,True,False
8,178,85717.0,"(38, 0)",taxation,6,0.25,False,True,False
8,180,85730.0,"(14, 42)",taxation,6,0.25,False,True,False
8,181,85722.00000000001,"(5, 42)",taxation,6,0.25,False,True,False
8,182,85717.0,"(2, 28)",taxation,6,0.25,False,True,False
8,183,55715.0,"(44, 29)",taxation,6,0.25,False,True,False
8,184,81438.0,"(14, 21)",taxation,6,0.25,False,True,False
8,185,85717.0,"(16, 13)",taxation,6,0.25,False,True,False
8,186,81437.0,"(13, 16)",taxation,6,0.25,False,True,False
8,188,85730.0,"(6, 36)",taxation,6,0.25,False,True,False
8,189,77152.0,"(16, 19)",taxation,6,0.25,False,True,False
8,190,85730.0,"(6, 35)",taxation,6,0.25,False,True,False
8,191,90003.0,"(39, 33)",taxation,6,0.25,False,True,False
8,192,77158.0,"(35, 25)",taxation,6,0.25,False,True,False
8,193,77158.0,"(29, 16)",taxation,6,0.25,False,True,False
8,194,77158.0,"(30, 18)",taxation,6,0.25,False,True,False
8,195,34285.0,"(46, 30)",taxation,6,0.25,False,True,False
8,196,55715.0,"(17, 9)",taxation,6,0.25,False,True,False
8,197,60001.0,"(3, 23)",taxation,6,0.25,False,True,False
8,198,81442.0,"(9, 41)",taxation,6,0.25,False,True,False
8,199,85717.0,"(18, 9)",taxation,6,0.25,False,True,False
8,200,77145.0,"(10, 18)",taxation,6,0.25,False,True,False
8,201,55721.0,"(31, 37)",taxation,6,0.25,False,True,False
8,202,90003.0,"(25, 1)",taxation,6,0.25,False,True,False
8,203,98575.0,"(0, 27)",taxation,6,0.25,False,True,False
8,204,90003.0,"(46, 27)",taxation,6,0.25,False,True,False
8,205,34285.0,"(14, 14)",taxation,6,0.25,False,True,False
8,207,64287.0,"(13, 17)",taxation,6,0.25,False,True,False
8,209,94289.0,"(44, 1)",taxation,6,0.25,False,True,False
8,210,94289.0,"(24, 45)",taxation,6,0.25,False,True,False
8,211,51429.0,"(29, 40)",taxation,6,0.25,False,True,False
8,212,81431.0,"(41, 30)",taxation,6,0.25,False,True,False
8,213,85730.0,"(7, 34)",taxation,6,0.25,False,True,False
8,214,47143.0,"(40, 32)",taxation,6,0.25,False,True,False
8,215,90003.0,"(23, 47)",taxation,6,0.25,False,True,False
8,216,85717.0,"(36, 0)",taxation,6,0.25,False,True,False
8,217,47143.0,"(11, 19)",taxation,6,0.25,False,True,False
8,218,94289.0,"(25, 46)",taxation,6,0.25,False,True,False
8,220,90003.0,"(46, 4)",taxation,6,0.25,False,True,False
8,221,77145.0,"(9, 21)",taxation,6,0.25,False,True,False
8,222,85730.0,"(5, 37)",taxation,6,0.25,False,True,False
8,223,51429.0,"(5, 22)",taxation,6,0.25,False,True,False
8,224,72865.0,"(18, 31)",taxation,6,0.25,False,True,False
8,225,85717.0,"(14, 16)",taxation,6,0.25,False,True,False
8,226,77145.0,"(38, 33)",taxation,6,0.25,False,True,False
8,227,90003.0,"(46, 28)",taxation,6,0.25,False,True,False
8,229,94293.0,"(6, 44)",taxation,6,0.25,False,True,False
8,230,68586.0,"(15, 35)",taxation,6,0.25,False,True,False
8,231,47143.0,"(17, 10)",taxation,6,0.25,False,True,False
8,232,47143.0,"(40, 31)",taxation,6,0.25,False,True,False
8,233,77145.0,"(48, 25)",taxation,6,0.25,False,True,False
8,234,81431.0,"(25, 45)",taxation,6,0.25,False,True,False
8,235,81431.0,"(49, 23)",taxation,6,0.25,False,True,False
8,236,81431.0,"(11, 20)",taxation,6,0.25,False,True,False
8,237,64294.0,"(15, 20)",taxation,6,0.25,False,True,False
8,238,85724.0,"(43, 8)",taxation,6,0.25,False,True,False
8,239,77145.0,"(16, 10)",taxation,6,0.25,False,True,False
8,241,77145.0,"(32, 36)",taxation,6,0.25,False,True,False
8,243,77145.0,"(48, 27)",taxation,6,0.25,False,True,False
8,244,98580.0,"(7, 44)",taxation,6,0.25,False,True,False
8,245,94293.0,"(5, 43)",taxation,6,0.25,False,True,False
8,247,77151.0,"(18, 19)",taxation,6,0.25,False,True,False
8,248,81431.0,"(28, 39)",taxation,6,0.25,False,True,False
8,249,81431.0,"(37, 33)",taxation,6,0.25,False,True,False
8,219-2,66435.0,"(31, 38)",taxation,6,0.25,False,True,False
8,158-2,57857.0,"(34, 39)",taxation,6,0.25,False,True,False
8,139-2,77150.25,"(16, 20)",taxation,6,0.25,False,True,False
8,179-2,55727.5,"(24, 16)",taxation,6,0.25,False,True,False
8,28-2,58929.25,"(49, 22)",taxation,6,0.25,False,True,False
8,187-2,25718.0,"(25, 2)",taxation,6,0.25,False,True,False
8,146-2,21432.0,"(47, 25)",taxation,6,0.25,False,True,False
8,94-2,21437.0,"(6, 43)",taxation,6,0.25,False,True,False
8,154-2,25718.0,"(23, 46)",taxation,6,0.25,False,True,False
8,173-2,12866.0,"(32, 38)",taxation,6,0.25,False,True,False
8,240-2,12860.0,"(15, 9)",taxation,6,0.25,False,True,False
8,246-2,60001.0,"(24, 48)",taxation,6,0.25,False,True,False
8,98-2,25718.0,"(33, 3)",taxation,6,0.25,False,True,False
8,140-2,20.0,"(13, 37)",taxation,6,0.25,False,True,False
8,176-2,20.0,"(8, 35)",taxation,6,0.25,False,True,False
8,208-2,60001.25,"(14, 12)",taxation,6,0.25,False,True,False
8,170-2,54656.75,"(37, 25)",taxation,6,0.25,False,True,False
8,1-2,40714.25,"(11, 16)",taxation,6,0.25,False,True,False
8,23-2,69645.0,"(30, 0)",taxation,6,0.25,False,True,False
8,17-2,62144.5,"(17, 12)",taxation,6,0.25,False,True,False
8,31-2,72859.5,"(1, 27)",taxation,6,0.25,False,True,False
8,228-2,46072.0,"(31, 39)",taxation,6,0.25,False,True,False
8,149-2,57864.0,"(45, 14)",taxation,6,0.25,False,True,False
8,206-2,61073.25,"(22, 45)",taxation,6,0.25,False,True,False
8,242-2,28928.25,"(15, 13)",taxation,6,0.25,False,True,False
9,0,60014.0,"(12, 22)",taxation,6,0.25,False,True,False
9,2,81430.0,"(4, 20)",taxation,6,0.25,False,True,False
9,3,51428.0,"(3, 21)",taxation,6,0.25,False,True,False
9,4,64286.0,"(9, 19)",taxation,6,0.25,False,True,False
9,5,38570.0,"(31, 44)",taxation,6,0.25,False,True,False
9,6,98574.0,"(27, 49)",taxation,6,0.25,False,True,False
9,7,60015.0,"(19, 10)",taxation,6,0.25,False,True,False
9,8,85737.0,"(19, 45)",taxation,6,0.25,False,True,False
9,9,72872.0,"(31, 19)",taxation,6,0.25,False,True,False
9,10,90002.0,"(44, 30)",taxation,6,0.25,False,True,False
9,11,68572.0,"(0, 22)",taxation,6,0.25,False,True,False
9,12,81436.0,"(8, 22)",taxation,6,0.25,False,True,False
9,13,81444.0,"(12, 34)",taxation,6,0.25,False,True,False
9,14,17144.0,"(15, 5)",taxation,6,0.25,False,True,False
9,15,77152.0,"(20, 8)",taxation,6,0.25,False,True,False
9,16,98586.0,"(13, 43)",taxation,6,0.25,False,True,False
9,18,98574.0,"(47, 1)",taxation,6,0.25,False,True,False
9,19,90002.0,"(13, 12)",taxation,6,0.25,False,True,False
9,20,77144.0,"(21, 4)",taxation,6,0.25,False,True,False
9,21,81437.0,"(48, 2)",taxation,6,0.25,False,True,False
9,22,98574.0,"(49, 2)",taxation,6,0.25,False,True,False
9,24,68585.0,"(7, 22)",taxation,6,0.25,False,True,False
9,25,77158.0,"(8, 15)",taxation,6,0.25,False,True,False
9,26,68593.0,"(11, 28)",taxation,6,0.25,False,True,False
9,27,77144.0,"(41, 34)",taxation,6,0.25,False,True,False
9,29,85716.0,"(38, 35)",taxation,6,0.25,False,True,False
9,30,98574.0,"(47, 0)",taxation,6,0.25,False,True,False
9,32,90002.0,"(17, 8)",taxation,6,0.25,False,True,False
9,33,68593.0,"(34, 20)",taxation,6,0.25,False,True,False
9,34,77150.0,"(30, 43)",taxation,6,0.25,False,True,False
9,35,85737.0,"(11, 33)",taxation,6,0.25,False,True,False
9,36,64286.0,"(8, 17)",taxation,6,0.25,False,True,False
9,37,90002.0,"(47, 2)",taxation,6,0.25,False,True,False
9,38,90010.0,"(44, 27)",taxation,6,0.25,False,True,False
9,39,60000.0,"(1, 22)",taxation,6,0.25,False,True,False
9,40,94300.0,"(8, 38)",taxation,6,0.25,False,True,False
9,41,94299.0,"(12, 42)",taxation,6,0.25,False,True,False
9,42,64286.0,"(37, 38)",taxation,6,0.25,False,True,False
9,43,85716.0,"(49, 1)",taxation,6,0.25,False,True,False
9,44,55728.0,"(30, 35)",taxation,6,0.25,False,True,False
9,45,90002.0,"(6, 20)",taxation,6,0.25,False,True,False
9,46,60000.0,"(45, 31)",taxation,6,0.25,False,True,False
9,47,60014.0,"(10, 28)",taxation,6,0.25,False,True,False
9,48,85716.0,"(44, 31)",taxation,6,0.25,False,True,False
9,49,81449.0,"(9, 40)",taxation,6,0.25,False,True,False
9,50,98574.0,"(0, 20)",taxation,6,0.25,False,True,False
9,51,85716.0,"(16, 7)",taxation,6,0.25,False,True,False
9,52,64286.0,"(39, 34)",taxation,6,0.25,False,True,False
9,53,51428.0,"(23, 1)",taxation,6,0.25,False,True,False
9,54,85724.0,"(35, 4)",taxation,6,0.25,False,True,False
9,55,94288.0,"(28, 43)",taxation,6,0.25,False,True,False
9,56,85716.0,"(27, 46)",taxation,6,0.25,False,True,False
9,57,72858.0,"(16, 6)",taxation,6,0.25,False,True,False
9,58,85716.0,"(5, 20)",taxation,6,0.25,False,True,False
9,59,77144.0,"(4, 22)",taxation,6,0.25,False,True,False
9,60,90002.0,"(30, 40)",taxation,6,0.25,False,True,False
9,61,102860.0,"(46, 1)",taxation,6,0.25,False,True,False
9,62,85736.0,"(8, 36)",taxation,6,0.25,False,True,False
9,63,81430.0,"(29, 43)",taxation,6,0.25,False,True,False
9,64,81430.0,"(23, 2)",taxation,6,0.25,False,True,False
9,65,98574.0,"(48, 0)",taxation,6,0.25,False,True,False
9,66,94288.0,"(28, 48)",taxation,6,0.25,False,True,False
9,67,64294.0,"(11, 22)",taxation,6,0.25,False,True,False
9,68,72858.0,"(28, 49)",taxation,6,0.25,False,True,False
9,69,94301.0,"(8, 37)",taxation,6,0.25,False,True,False
9,70,90010.0,"(34, 4)",taxation,6,0.25,False,True,False
9,71,94288.0,"(49, 3)",taxation,6,0.25,False,True,False
9,72,94288.0,"(2, 21)",taxation,6,0.25,False,True,False
9,73,90014.0,"(9, 38)",taxation,6,0.25,False,True,False
9,76,85727.00000000001,"(9, 36)",taxation,6,0.25,False,True,False
9,77,72858.0,"(26, 46)",taxation,6,0.25,False,True,False
9,78,81430.0,"(1, 20)",taxation,6,0.25,False,True,False
9,79,81430.0,"(6, 19)",taxation,6,0.25,False,True,False
9,80,94288.0,"(49, 31)",taxation,6,0.25,False,True,False
9,81,81445.0,"(40, 15)",taxation,6,0.25,False,True,False
9,82,90002.0,"(48, 30)",taxation,6,0.25,False,True,False
9,83,90002.0,"(19, 7)",taxation,6,0.25,False,True,False
9,84,85736.0,"(14, 35)",taxation,6,0.25,False,True,False
9,85,72858.0,"(40, 33)",taxation,6,0.25,False,True,False
9,86,85736.0,"(15, 38)",taxation,6,0.25,False,True,False
9,87,81430.0,"(20, 6)",taxation,6,0.25,False,True,False
9,88,81430.0,"(25, 0)",taxation,6,0.25,False,True,False
9,89,90013.0,"(7, 38)",taxation,6,0.25,False,True,False
9,90,77158.0,"(39, 15)",taxation,6,0.25,False,True,False
9,91,90009.0,"(16, 9)",taxation,6,0.25,False,True,False
9,92,90002.0,"(7, 20)",taxation,6,0.25,False,True,False
9,93,38570.0,"(39, 37)",taxation,6,0.25,False,True,False
9,95,98574.0,"(26, 48)",taxation,6,0.25,False,True,False
9,96,98574.0,"(29, 48)",taxation,6,0.25,False,True,False
9,97,68572.0,"(41, 33)",taxation,6,0.25,False,True,False
9,99,81430.0,"(27, 44)",taxation,6,0.25,False,True,False
9,100,85731.0,"(40, 14)",taxation,6,0.25,False,True,False
9,101,85731.0,"(41, 23)",taxation,6,0.25,False,True,False
9,102,60008.0,"(32, 33)",taxation,6,0.25,False,True,False
9,103,85716.0,"(2, 22)",taxation,6,0.25,False,True,False
9,104,81438.0,"(37, 4)",taxation,6,0.25,False,True,False
9,105,77165.0,"(13, 34)",taxation,6,0.25,False,True,False
9,106,81438.0,"(30, 5)",taxation,6,0.25,False,True,False
9,107,94288.0,"(43, 29)",taxation,6,0.25,False,True,False
9,108,47142.0,"(3, 22)",taxation,6,0.25,False,True,False
9,109,85736.0,"(16, 40)",taxation,6,0.25,False,True,False
9,110,94288.0,"(2, 20)",taxation,6,0.25,False,True,False
9,111,90002.0,"(21, 3)",taxation,6,0.25,False,True,False
9,112,94288.0,"(29, 47)",taxation,6,0.25,False,True,False
9,113,85716.0,"(15, 8)",taxation,6,0.25,False,True,False
9,114,94288.0,"(47, 31)",taxation,6,0.25,False,True,False
9,115,90002.0,"(39, 36)",taxation,6,0.25,False,True,False
9,116,94301.0,"(10, 38)",taxation,6,0.25,False,True,False
9,117,77144.0,"(40, 36)",taxation,6,0.25,False,True,False
9,118,94288.0,"(48, 1)",taxation,6,0.25,False,True,False
9,119,85724.0,"(39, 5)",taxation,6,0.25,False,True,False
9,120,90002.0,"(17, 7)",taxation,6,0.25,False,True,False
9,121,85737.0,"(5, 30)",taxation,6,0.25,False,True,False
9,122,72858.0,"(5, 19)",taxation,6,0.25,False,True,False
9,123,98574.0,"(46, 0)",taxation,6,0.25,False,True,False
9,124,81444.0,"(9, 28)",taxation,6,0.25,False,True,False
9,125,94299.0,"(9, 37)",taxation,6,0.25,False,True,False
9,126,81430.0,"(26, 0)",taxation,6,0.25,False,True,False
9,127,85716.0,"(14, 8)",taxation,6,0.25,False,True,False
9,128,94288.0,"(49, 30)",taxation,6,0.25,False,True,False
9,129,81450.0,"(16, 38)",taxation,6,0.25,False,True,False
9,130,94288.0,"(46, 2)",taxation,6,0.25,False,True,False
9,131,85730.0,"(21, 37)",taxation,6,0.25,False,True,False
9,132,94296.0,"(36, 4)",taxation,6,0.25,False,True,False
9,133,77152.0,"(8, 14)",taxation,6,0.25,False,True,False
9,134,85716.0,"(48, 3)",taxation,6,0.25,False,True,False
9,135,85716.0,"(26, 49)",taxation,6,0.25,False,True,False
9,136,68572.0,"(29, 41)",taxation,6,0.25,False,True,False
9,137,72858.0,"(22, 1)",taxation,6,0.25,False,True,False
9,138,85724.0,"(10, 13)",taxation,6,0.25,False,True,False
9,141,68593.0,"(21, 40)",taxation,6,0.25,False,True,False
9,142,51428.0,"(43, 30)",taxation,6,0.25,False,True,False
9,143,81430.0,"(6, 22)",taxation,6,0.25,False,True,False
9,144,85716.0,"(29, 44)",taxation,6,0.25,False,True,False
9,145,85716.0,"(45, 29)",taxation,6,0.25,False,True,False
9,147,81430.0,"(23, 0)",taxation,6,0.25,False,True,False
9,148,64292.0,"(42, 35)",taxation,6,0.25,False,True,False
9,150,72858.0,"(8, 20)",taxation,6,0.25,False,True,False
9,151,68578.0,"(30, 42)",taxation,6,0.25,False,True,False
9,152,90013.0,"(10, 44)",taxation,6,0.25,False,True,False
9,153,38570.0,"(40, 35)",taxation,6,0.25,False,True,False
9,155,90002.0,"(49, 4)",taxation,6,0.25,False,True,False
9,156,64286.0,"(28, 41)",taxation,6,0.25,False,True,False
9,157,81430.0,"(28, 42)",taxation,6,0.25,False,True,False
9,159,68585.0,"(27, 42)",taxation,6,0.25,False,True,False
9,160,77150.0,"(0, 21)",taxation,6,0.25,False,True,False
9,161,68572.0,"(19, 6)",taxation,6,0.25,False,True,False
9,162,85716.0,"(39, 35)",taxation,6,0.25,False,True,False
9,163,102860.0,"(28, 47)",taxation,6,0.25,False,True,False
9,164,90002.0,"(45, 0)",taxation,6,0.25,False,True,False
9,165,98574.0,"(44, 0)",taxation,6,0.25,False,True,False
9,166,81438.0,"(32, 4)",taxation,6,0.25,False,True,False
9,167,90002.0,"(43, 0)",taxation,6,0.25,False,True,False
9,168,94288.0,"(48, 4)",taxation,6,0.25,False,True,False
9,169,68585.0,"(12, 29)",taxation,6,0.25,False,True,False
9,171,85736.0,"(16, 39)",taxation,6,0.25,False,True,False
9,172,90002.0,"(24, 0)",taxation,6,0.25,False,True,False
9,174,90002.0,"(49, 29)",taxation,6,0.25,False,True,False
9,175,68572.0,"(42, 30)",taxation,6,0.25,False,True,False
9,177,85731.0,"(40, 13)",taxation,6,0.25,False,True,False
9,178,94288.0,"(33, 0)",taxation,6,0.25,False,True,False
9,180,85737.0,"(15, 40)",taxation,6,0.25,False,True,False
9,181,85728.00000000001,"(8, 39)",taxation,6,0.25,False,True,False
9,182,90002.0,"(1, 23)",taxation,6,0.25,False,True,False
9,183,60000.0,"(45, 30)",taxation,6,0.25,False,True,False
9,184,85723.0,"(8, 21)",taxation,6,0.25,False,True,False
9,185,85724.0,"(11, 11)",taxation,6,0.25,False,True,False
9,186,81444.0,"(10, 12)",taxation,6,0.25,False,True,False
9,188,85736.0,"(9, 35)",taxation,6,0.25,False,True,False
9,189,77158.0,"(18, 18)",taxation,6,0.25,False,True,False
9,190,85737.0,"(4, 30)",taxation,6,0.25,False,True,False
9,191,94288.0,"(40, 34)",taxation,6,0.25,False,True,False
9,192,77165.0,"(39, 24)",taxation,6,0.25,False,True,False
9,193,77165.0,"(29, 15)",taxation,6,0.25,False,True,False
9,194,77165.0,"(30, 17)",taxation,6,0.25,False,True,False
9,195,38570.0,"(47, 30)",taxation,6,0.25,False,True,False
9,196,60000.0,"(16, 8)",taxation,6,0.25,False,True,False
9,197,64286.0,"(4, 21)",taxation,6,0.25,False,True,False
9,198,81449.0,"(15, 41)",taxation,6,0.25,False,True,False
9,199,90002.0,"(18, 7)",taxation,6,0.25,False,True,False
9,200,81430.0,"(9, 18)",taxation,6,0.25,False,True,False
9,201,60006.0,"(31, 41)",taxation,6,0.25,False,True,False
9,202,94288.0,"(24, 1)",taxation,6,0.25,False,True,False
9,203,102860.0,"(0, 23)",taxation,6,0.25,False,True,False
9,204,94288.0,"(47, 29)",taxation,6,0.25,False,True,False
9,205,38570.0,"(15, 10)",taxation,6,0.25,False,True,False
9,207,68572.0,"(9, 17)",taxation,6,0.25,False,True,False
9,209,98574.0,"(45, 1)",taxation,6,0.25,False,True,False
9,210,98574.0,"(27, 45)",taxation,6,0.25,False,True,False
9,211,55714.0,"(30, 41)",taxation,6,0.25,False,True,False
9,212,85716.0,"(42, 31)",taxation,6,0.25,False,True,False
9,213,85737.0,"(10, 33)",taxation,6,0.25,False,True,False
9,214,51428.0,"(41, 32)",taxation,6,0.25,False,True,False
9,215,94288.0,"(27, 47)",taxation,6,0.25,False,True,False
9,216,94288.0,"(31, 0)",taxation,6,0.25,False,True,False
9,217,51428.0,"(8, 19)",taxation,6,0.25,False,True,False
9,218,98574.0,"(28, 46)",taxation,6,0.25,False,True,False
9,220,94288.0,"(47, 3)",taxation,6,0.25,False,True,False
9,221,81430.0,"(7, 21)",taxation,6,0.25,False,True,False
9,222,85736.0,"(7, 36)",taxation,6,0.25,False,True,False
9,223,55714.0,"(5, 21)",taxation,6,0.25,False,True,False
9,224,72872.0,"(16, 37)",taxation,6,0.25,False,True,False
9,225,90002.0,"(10, 16)",taxation,6,0.25,False,True,False
9,226,81430.0,"(42, 33)",taxation,6,0.25,False,True,False
9,227,94288.0,"(46, 29)",taxation,6,0.25,False,True,False
9,229,94299.0,"(9, 39)",taxation,6,0.25,False,True,False
9,230,68593.0,"(15, 36)",taxation,6,0.25,False,True,False
9,231,51428.0,"(18, 6)",taxation,6,0.25,False,True,False
9,232,51428.0,"(41, 31)",taxation,6,0.25,False,True,False
9,233,81430.0,"(48, 31)",taxation,6,0.25,False,True,False
9,234,85716.0,"(28, 44)",taxation,6,0.25,False,True,False
9,235,85716.0,"(49, 28)",taxation,6,0.25,False,True,False
9,236,85716.0,"(6, 21)",taxation,6,0.25,False,True,False
9,237,64301.0,"(10, 22)",taxation,6,0.25,False,True,False
9,238,85731.0,"(41, 6)",taxation,6,0.25,False,True,False
9,239,81430.0,"(16, 5)",taxation,6,0.25,False,True,False
9,241,81430.0,"(31, 40)",taxation,6,0.25,False,True,False
9,243,81430.0,"(48, 29)",taxation,6,0.25,False,True,False
9,244,98586.0,"(11, 40)",taxation,6,0.25,False,True,False
9,245,94299.0,"(11, 38)",taxation,6,0.25,False,True,False
9,247,77157.0,"(24, 18)",taxation,6,0.25,False,True,False
9,248,85716.0,"(29, 42)",taxation,6,0.25,False,True,False
9,249,85716.0,"(42, 34)",taxation,6,0.25,False,True,False
9,219-2,70720.0,"(31, 42)",taxation,6,0.25,False,True,False
9,158-2,62142.0,"(32, 42)",taxation,6,0.25,False,True,False
9,139-2,77156.25,"(15, 21)",taxation,6,0.25,False,True,False
9,179-2,55734.5,"(24, 13)",taxation,6,0.25,False,True,False
9,28-2,58935.25,"(43, 20)",taxation,6,0.25,False,True,False
9,187-2,30003.0,"(22, 2)",taxation,6,0.25,False,True,False
9,146-2,25717.0,"(48, 28)",taxation,6,0.25,False,True,False
9,94-2,21443.0,"(10, 39)",taxation,6,0.25,False,True,False
9,154-2,30003.0,"(27, 43)",taxation,6,0.25,False,True,False
9,173-2,17151.0,"(32, 40)",taxation,6,0.25,False,True,False
9,240-2,17145.0,"(15, 6)",taxation,6,0.25,False,True,False
9,246-2,64286.0,"(27, 48)",taxation,6,0.25,False,True,False
9,98-2,34289.0,"(31, 1)",taxation,6,0.25,False,True,False
9,140-2,27.0,"(15, 37)",taxation,6,0.25,False,True,False
9,176-2,27.0,"(9, 33)",taxation,6,0.25,False,True,False
9,208-2,64286.25,"(15, 7)",taxation,6,0.25,False,True,False
9,170-2,58941.75,"(42, 29)",taxation,6,0.25,False,True,False
9,1-2,44999.25,"(8, 18)",taxation,6,0.25,False,True,False
9,23-2,69652.0,"(33, 4)",taxation,6,0.25,False,True,False
9,17-2,66429.5,"(17, 6)",taxation,6,0.25,False,True,False
9,31-2,77144.5,"(1, 21)",taxation,6,0.25,False,True,False
9,228-2,50357.0,"(31, 43)",taxation,6,0.25,False,True,False
9,149-2,57871.0,"(40, 16)",taxation,6,0.25,False,True,False
9,206-2,65358.25,"(26, 47)",taxation,6,0.25,False,True,False
9,242-2,28935.25,"(9, 13)",taxation,6,0.25,False,True,False
9,75-2,61083.0,"(12, 33)",taxation,6,0.25,False,True,False
9,74-2,70716.0,"(28, 45)",taxation,6,0.25,False,True,False
10,0,60021.0,"(12, 23)",taxation,6,0.25,False,True,False
10,2,85715.0,"(0, 19)",taxation,6,0.25,False,True,False
10,3,51435.0,"(7, 16)",taxation,6,0.25,False,True,False
10,4,64294.0,"(5, 16)",taxation,6,0.25,False,True,False
10,5,38576.0,"(35, 38)",taxation,6,0.25,False,True,False
10,6,98577.0,"(21, 44)",taxation,6,0.25,False,True,False
10,7,64300.0,"(20, 5)",taxation,6,0.25,False,True,False
10,8,85744.0,"(18, 45)",taxation,6,0.25,False,True,False
10,9,72880.0,"(32, 19)",taxation,6,0.25,False,True,False
10,10,90008.0,"(41, 28)",taxation,6,0.25,False,True,False
10,11,68580.0,"(4, 24)",taxation,6,0.25,False,True,False
10,12,81443.0,"(12, 28)",taxation,6,0.25,False,True,False
10,13,81451.0,"(11, 34)",taxation,6,0.25,False,True,False
10,14,21429.0,"(16, 2)",taxation,6,0.25,False,True,False
10,15,77160.0,"(21, 6)",taxation,6,0.25,False,True,False
10,16,98593.0,"(13, 42)",taxation,6,0.25,False,True,False
10,18,98579.0,"(41, 7)",taxation,6,0.25,False,True,False
10,19,90009.0,"(12, 12)",taxation,6,0.25,False,True,False
10,20,81429.0,"(19, 3)",taxation,6,0.25,False,True,False
10,21,81442.0,"(42, 8)",taxation,6,0.25,False,True,False
10,22,98578.0,"(45, 8)",taxation,6,0.25,False,True,False
10,24,68591.0,"(13, 22)",taxation,6,0.25,False,True,False
10,25,77166.0,"(6, 15)",taxation,6,0.25,False,True,False
10,26,68600.0,"(8, 29)",taxation,6,0.25,False,True,False
10,27,77152.0,"(36, 30)",taxation,6,0.25,False,True,False
10,29,85724.0,"(34, 31)",taxation,6,0.25,False,True,False
10,30,98578.0,"(41, 4)",taxation,6,0.25,False,True,False
10,32,94287.0,"(19, 5)",taxation,6,0.25,False,True,False
10,33,68601.0,"(34, 19)",taxation,6,0.25,False,True,False
10,34,77158.0,"(35, 40)",taxation,6,0.25,False,True,False
10,35,85745.0,"(7, 29)",taxation,6,0.25,False,True,False
10,36,64293.0,"(9, 14)",taxation,6,0.25,False,True,False
10,37,90006.0,"(42, 5)",taxation,6,0.25,False,True,False
10,38,90017.0,"(41, 29)",taxation,6,0.25,False,True,False
10,39,60006.0,"(7, 17)",taxation,6,0.25,False,True,False
10,40,94307.0,"(11, 36)",taxation,6,0.25,False,True,False
10,41,94305.0,"(12, 43)",taxation,6,0.25,False,True,False
10,43,85720.0,"(43, 5)",taxation,6,0.25,False,True,False
10,44,55736.0,"(31, 33)",taxation,6,0.25,False,True,False
10,45,90008.0,"(5, 18)",taxation,6,0.25,False,True,False
10,46,60006.0,"(46, 35)",taxation,6,0.25,False,True,False
10,47,60021.0,"(10, 29)",taxation,6,0.25,False,True,False
10,48,90001.0,"(44, 32)",taxation,6,0.25,False,True,False
10,49,81456.0,"(12, 40)",taxation,6,0.25,False,True,False
10,50,98578.0,"(5, 26)",taxation,6,0.25,False,True,False
10,51,90001.0,"(18, 4)",taxation,6,0.25,False,True,False
10,52,64294.0,"(42, 36)",taxation,6,0.25,False,True,False
10,53,55713.0,"(21, 1)",taxation,6,0.25,False,True,False
10,54,85732.0,"(31, 5)",taxation,6,0.25,False,True,False
10,55,94296.0,"(26, 41)",taxation,6,0.25,False,True,False
10,56,85723.0,"(32, 41)",taxation,6,0.25,False,True,False
10,57,77143.0,"(17, 3)",taxation,6,0.25,False,True,False
10,58,90001.0,"(4, 19)",taxation,6,0.25,False,True,False
10,59,77150.0,"(9, 24)",taxation,6,0.25,False,True,False
10,60,90010.0,"(29, 35)",taxation,6,0.25,False,True,False
10,61,102865.0,"(40, 7)",taxation,6,0.25,False,True,False
10,62,85743.0,"(10, 34)",taxation,6,0.25,False,True,False
10,63,81437.0,"(26, 39)",taxation,6,0.25,False,True,False
10,64,85715.0,"(20, 2)",taxation,6,0.25,False,True,False
10,65,98578.0,"(43, 6)",taxation,6,0.25,False,True,False
10,66,94291.0,"(22, 42)",taxation,6,0.25,False,True,False
10,67,64302.0,"(7, 23)",taxation,6,0.25,False,True,False
10,68,72866.0,"(29, 49)",taxation,6,0.25,False,True,False
10,69,94308.0,"(10, 37)",taxation,6,0.25,False,True,False
10,70,90018.0,"(34, 9)",taxation,6,0.25,False,True,False
10,71,94292.0,"(46, 9)",taxation,6,0.25,False,True,False
10,72,98573.0,"(1, 19)",taxation,6,0.25,False,True,False
10,73,90021.0,"(11, 37)",taxation,6,0.25,False,True,False
10,76,85734.00000000001,"(10, 35)",taxation,6,0.25,False,True,False
10,77,72866.0,"(25, 44)",taxation,6,0.25,False,True,False
10,78,81437.0,"(2, 18)",taxation,6,0.25,False,True,False
10,79,81437.0,"(5, 17)",taxation,6,0.25,False,True,False
10,80,94294.0,"(49, 34)",taxation,6,0.25,False,True,False
10,81,81453.0,"(39, 13)",taxation,6,0.25,False,True,False
10,82,90009.0,"(44, 35)",taxation,6,0.25,False,True,False
10,83,94287.0,"(19, 2)",taxation,6,0.25,False,True,False
10,84,85743.0,"(13, 36)",taxation,6,0.25,False,True,False
10,85,77143.0,"(43, 33)",taxation,6,0.25,False,True,False
10,86,85743.0,"(14, 39)",taxation,6,0.25,False,True,False
10,87,85715.0,"(20, 4)",taxation,6,0.25,False,True,False
10,88,85715.0,"(21, 0)",taxation,6,0.25,False,True,False
10,89,90020.0,"(12, 36)",taxation,6,0.25,False,True,False
10,90,77166.0,"(39, 14)",taxation,6,0.25,False,True,False
10,91,94294.0,"(18, 5)",taxation,6,0.25,False,True,False
10,92,94287.0,"(1, 18)",taxation,6,0.25,False,True,False
10,93,38578.0,"(44, 36)",taxation,6,0.25,False,True,False
10,95,98582.0,"(31, 45)",taxation,6,0.25,False,True,False
10,96,98576.0,"(24, 44)",taxation,6,0.25,False,True,False
10,97,68580.0,"(37, 30)",taxation,6,0.25,False,True,False
10,99,81436.0,"(26, 38)",taxation,6,0.25,False,True,False
10,100,85739.0,"(39, 11)",taxation,6,0.25,False,True,False
10,101,85739.0,"(40, 23)",taxation,6,0.25,False,True,False
10,102,60016.0,"(32, 32)",taxation,6,0.25,False,True,False
10,103,85723.0,"(6, 16)",taxation,6,0.25,False,True,False
10,104,81446.0,"(33, 5)",taxation,6,0.25,False,True,False
10,105,77172.0,"(13, 35)",taxation,6,0.25,False,True,False
10,106,81446.0,"(29, 6)",taxation,6,0.25,False,True,False
10,107,94296.0,"(38, 30)",taxation,6,0.25,False,True,False
10,108,47148.0,"(5, 24)",taxation,6,0.25,False,True,False
10,109,85743.0,"(19, 41)",taxation,6,0.25,False,True,False
10,110,98573.0,"(2, 19)",taxation,6,0.25,False,True,False
10,111,94287.0,"(18, 0)",taxation,6,0.25,False,True,False
10,112,94291.0,"(23, 41)",taxation,6,0.25,False,True,False
10,113,90001.0,"(17, 5)",taxation,6,0.25,False,True,False
10,114,98573.0,"(48, 32)",taxation,6,0.25,False,True,False
10,115,94287.0,"(45, 34)",taxation,6,0.25,False,True,False
10,116,94308.0,"(12, 38)",taxation,6,0.25,False,True,False
10,117,77152.0,"(43, 36)",taxation,6,0.25,False,True,False
10,118,94292.0,"(44, 7)",taxation,6,0.25,False,True,False
10,119,85732.0,"(37, 10)",taxation,6,0.25,False,True,False
10,120,94287.0,"(17, 1)",taxation,6,0.25,False,True,False
10,121,85745.0,"(3, 25)",taxation,6,0.25,False,True,False
10,122,72864.0,"(6, 17)",taxation,6,0.25,False,True,False
10,123,98579.0,"(40, 6)",taxation,6,0.25,False,True,False
10,124,81451.0,"(9, 29)",taxation,6,0.25,False,True,False
10,125,94306.0,"(11, 35)",taxation,6,0.25,False,True,False
10,126,85715.0,"(20, 0)",taxation,6,0.25,False,True,False
10,127,90001.0,"(16, 3)",taxation,6,0.25,False,True,False
10,128,94295.0,"(43, 35)",taxation,6,0.25,False,True,False
10,129,81458.0,"(21, 41)",taxation,6,0.25,False,True,False
10,130,94293.0,"(41, 8)",taxation,6,0.25,False,True,False
10,131,85737.0,"(21, 38)",taxation,6,0.25,False,True,False
10,132,94304.0,"(36, 9)",taxation,6,0.25,False,True,False
10,133,77160.0,"(3, 17)",taxation,6,0.25,False,True,False
10,134,85723.0,"(43, 9)",taxation,6,0.25,False,True,False
10,135,85723.0,"(24, 46)",taxation,6,0.25,False,True,False
10,136,68580.0,"(34, 41)",taxation,6,0.25,False,True,False
10,137,77143.0,"(20, 3)",taxation,6,0.25,False,True,False
10,138,90009.0,"(4, 17)",taxation,6,0.25,False,True,False
10,141,68600.0,"(21, 39)",taxation,6,0.25,False,True,False
10,143,85715.0,"(3, 20)",taxation,6,0.25,False,True,False
10,144,85723.0,"(25, 43)",taxation,6,0.25,False,True,False
10,145,90001.0,"(43, 31)",taxation,6,0.25,False,True,False
10,147,85715.0,"(21, 2)",taxation,6,0.25,False,True,False
10,148,68577.0,"(47, 34)",taxation,6,0.25,False,True,False
10,150,72866.0,"(6, 24)",taxation,6,0.25,False,True,False
10,151,68585.0,"(34, 40)",taxation,6,0.25,False,True,False
10,152,90019.0,"(10, 45)",taxation,6,0.25,False,True,False
10,153,42855.0,"(42, 32)",taxation,6,0.25,False,True,False
10,155,90007.0,"(44, 10)",taxation,6,0.25,False,True,False
10,156,64294.0,"(28, 36)",taxation,6,0.25,False,True,False
10,157,81438.0,"(27, 37)",taxation,6,0.25,False,True,False
10,159,68593.0,"(26, 40)",taxation,6,0.25,False,True,False
10,160,77155.0,"(5, 25)",taxation,6,0.25,False,True,False
10,161,72857.0,"(19, 1)",taxation,6,0.25,False,True,False
10,162,90001.0,"(43, 32)",taxation,6,0.25,False,True,False
10,163,102867.0,"(25, 42)",taxation,6,0.25,False,True,False
10,164,90006.0,"(41, 5)",taxation,6,0.25,False,True,False
10,165,102859.0,"(49, 0)",taxation,6,0.25,False,True,False
10,166,81446.0,"(28, 6)",taxation,6,0.25,False,True,False
10,167,90009.0,"(39, 6)",taxation,6,0.25,False,True,False
10,168,94294.0,"(43, 10)",taxation,6,0.25,False,True,False
10,169,68592.0,"(11, 29)",taxation,6,0.25,False,True,False
10,171,85743.0,"(15, 39)",taxation,6,0.25,False,True,False
10,172,94287.0,"(22, 0)",taxation,6,0.25,False,True,False
10,174,94287.0,"(49, 32)",taxation,6,0.25,False,True,False
10,175,72857.0,"(44, 33)",taxation,6,0.25,False,True,False
10,177,85739.0,"(39, 12)",taxation,6,0.25,False,True,False
10,178,94296.0,"(32, 5)",taxation,6,0.25,False,True,False
10,180,85745.0,"(20, 43)",taxation,6,0.25,False,True,False
10,181,85735.00000000001,"(13, 41)",taxation,6,0.25,False,True,False
10,182,90010.0,"(2, 25)",taxation,6,0.25,False,True,False
10,183,60008.0,"(49, 33)",taxation,6,0.25,False,True,False
10,184,85730.0,"(9, 23)",taxation,6,0.25,False,True,False
10,185,85731.0,"(12, 11)",taxation,6,0.25,False,True,False
10,186,81452.0,"(14, 7)",taxation,6,0.25,False,True,False
10,188,85744.0,"(6, 29)",taxation,6,0.25,False,True,False
10,189,77165.0,"(24, 17)",taxation,6,0.25,False,True,False
10,190,85745.0,"(8, 28)",taxation,6,0.25,False,True,False
10,191,98573.0,"(45, 33)",taxation,6,0.25,False,True,False
10,192,77173.0,"(42, 28)",taxation,6,0.25,False,True,False
10,193,77173.0,"(29, 14)",taxation,6,0.25,False,True,False
10,194,77173.0,"(31, 17)",taxation,6,0.25,False,True,False
10,195,38577.0,"(41, 36)",taxation,6,0.25,False,True,False
10,196,60008.0,"(22, 4)",taxation,6,0.25,False,True,False
10,197,68571.0,"(0, 18)",taxation,6,0.25,False,True,False
10,198,81456.0,"(14, 41)",taxation,6,0.25,False,True,False
10,199,94287.0,"(18, 1)",taxation,6,0.25,False,True,False
10,200,81437.0,"(9, 15)",taxation,6,0.25,False,True,False
10,201,60013.0,"(35, 39)",taxation,6,0.25,False,True,False
10,202,98573.0,"(19, 0)",taxation,6,0.25,False,True,False
10,203,102865.0,"(6, 18)",taxation,6,0.25,False,True,False
10,204,94296.0,"(47, 35)",taxation,6,0.25,False,True,False
10,205,42855.0,"(17, 4)",taxation,6,0.25,False,True,False
10,207,68579.0,"(8, 16)",taxation,6,0.25,False,True,False
10,209,98580.0,"(39, 7)",taxation,6,0.25,False,True,False
10,210,102859.0,"(29, 46)",taxation,6,0.25,False,True,False
10,211,55721.0,"(27, 35)",taxation,6,0.25,False,True,False
10,212,90001.0,"(47, 32)",taxation,6,0.25,False,True,False
10,213,85744.0,"(9, 30)",taxation,6,0.25,False,True,False
10,214,55713.0,"(45, 32)",taxation,6,0.25,False,True,False
10,215,94292.0,"(22, 41)",taxation,6,0.25,False,True,False
10,216,94296.0,"(31, 6)",taxation,6,0.25,False,True,False
10,217,51436.0,"(8, 23)",taxation,6,0.25,False,True,False
10,218,98582.0,"(30, 46)",taxation,6,0.25,False,True,False
10,220,94293.0,"(42, 9)",taxation,6,0.25,False,True,False
10,221,81436.0,"(10, 23)",taxation,6,0.25,False,True,False
10,222,85743.0,"(10, 36)",taxation,6,0.25,False,True,False
10,223,59999.0,"(3, 19)",taxation,6,0.25,False,True,False
10,224,72879.0,"(14, 37)",taxation,6,0.25,False,True,False
10,225,90009.0,"(10, 14)",taxation,6,0.25,False,True,False
10,226,85715.0,"(44, 34)",taxation,6,0.25,False,True,False
10,227,94296.0,"(48, 35)",taxation,6,0.25,False,True,False
10,229,94306.0,"(13, 39)",taxation,6,0.25,False,True,False
10,230,68600.0,"(14, 36)",taxation,6,0.25,False,True,False
10,231,55713.0,"(19, 4)",taxation,6,0.25,False,True,False
10,232,51436.0,"(35, 31)",taxation,6,0.25,False,True,False
10,233,81438.0,"(45, 36)",taxation,6,0.25,False,True,False
10,234,90001.0,"(29, 45)",taxation,6,0.25,False,True,False
10,235,85723.0,"(43, 27)",taxation,6,0.25,False,True,False
10,236,85723.0,"(11, 23)",taxation,6,0.25,False,True,False
10,237,68586.0,"(4, 18)",taxation,6,0.25,False,True,False
10,238,85739.0,"(38, 10)",taxation,6,0.25,False,True,False
10,239,85715.0,"(18, 3)",taxation,6,0.25,False,True,False
10,243,81437.0,"(45, 35)",taxation,6,0.25,False,True,False
10,244,98593.0,"(13, 40)",taxation,6,0.25,False,True,False
10,245,94306.0,"(14, 40)",taxation,6,0.25,False,True,False
10,247,77165.0,"(25, 12)",taxation,6,0.25,False,True,False
10,248,85723.0,"(27, 36)",taxation,6,0.25,False,True,False
10,249,90001.0,"(43, 34)",taxation,6,0.25,False,True,False
10,219-2,75005.0,"(30, 44)",taxation,6,0.25,False,True,False
10,158-2,62149.0,"(36, 38)",taxation,6,0.25,False,True,False
10,139-2,77162.25,"(15, 22)",taxation,6,0.25,False,True,False
10,179-2,55742.5,"(24, 12)",taxation,6,0.25,False,True,False
10,28-2,58943.25,"(39, 18)",taxation,6,0.25,False,True,False
10,187-2,34288.0,"(20, 1)",taxation,6,0.25,False,True,False
10,146-2,25724.0,"(48, 34)",taxation,6,0.25,False,True,False
10,94-2,21450.0,"(12, 39)",taxation,6,0.25,False,True,False
10,154-2,30009.0,"(33, 40)",taxation,6,0.25,False,True,False
10,173-2,17159.0,"(36, 39)",taxation,6,0.25,False,True,False
10,240-2,21430.0,"(18, 2)",taxation,6,0.25,False,True,False
10,246-2,64290.0,"(21, 42)",taxation,6,0.25,False,True,False
10,98-2,34297.0,"(30, 6)",taxation,6,0.25,False,True,False
10,140-2,34.0,"(13, 38)",taxation,6,0.25,False,True,False
10,176-2,34.0,"(8, 30)",taxation,6,0.25,False,True,False
10,208-2,68571.25,"(16, 4)",taxation,6,0.25,False,True,False
10,170-2,58948.75,"(38, 24)",taxation,6,0.25,False,True,False
10,1-2,49284.25,"(3, 18)",taxation,6,0.25,False,True,False
10,23-2,69660.0,"(33, 9)",taxation,6,0.25,False,True,False
10,17-2,70714.5,"(17, 2)",taxation,6,0.25,False,True,False
10,31-2,77152.5,"(2, 17)",taxation,6,0.25,False,True,False
10,228-2,50365.0,"(32, 43)",taxation,6,0.25,False,True,False
10,149-2,57879.0,"(39, 17)",taxation,6,0.25,False,True,False
10,206-2,65365.25,"(20, 42)",taxation,6,0.25,False,True,False
10,242-2,28943.25,"(7, 15)",taxation,6,0.25,False,True,False
10,75-2,61090.0,"(12, 35)",taxation,6,0.25,False,True,False
10,74-2,75001.0,"(30, 45)",taxation,6,0.25,False,True,False
10,241-2,61078.5,"(33, 41)",taxation,6,0.25,False,True,False
10,42-2,48220.5,"(38, 38)",taxation,6,0.25,False,True,False
10,142-2,41784.75,"(47, 33)",taxation,6,0.25,False,True,False
11,0,60028.0,"(13, 23)",taxation,6,0.25,False,True,False
11,2,85719.0,"(4, 25)",taxation,6,0.25,False,True,False
11,3,51439.0,"(13, 15)",taxation,6,0.25,False,True,False
11,4,64297.0,"(11, 21)",taxation,6,0.25,False,True,False
11,5,38584.0,"(29, 33)",taxation,6,0.25,False,True,False
11,6,98584.0,"(17, 41)",taxation,6,0.25,False,True,False
11,7,64308.0,"(26, 9)",taxation,6,0.25,False,True,False
11,8,85752.0,"(20, 41)",taxation,6,0.25,False,True,False
11,9,72889.0,"(35, 19)",taxation,6,0.25,False,True,False
11,10,90016.0,"(37, 24)",taxation,6,0.25,False,True,False
11,11,68586.0,"(10, 27)",taxation,6,0.25,False,True,False
11,12,81450.0,"(12, 30)",taxation,6,0.25,False,True,False
11,13,81458.0,"(11, 31)",taxation,6,0.25,False,True,False
11,14,21433.0,"(22, 8)",taxation,6,0.25,False,True,False
11,15,77168.0,"(27, 8)",taxation,6,0.25,False,True,False
11,16,98600.0,"(13, 44)",taxation,6,0.25,False,True,False
11,18,98587.0,"(36, 5)",taxation,6,0.25,False,True,False
11,19,90016.0,"(11, 13)",taxation,6,0.25,False,True,False
11,20,81435.0,"(25, 7)",taxation,6,0.25,False,True,False
11,21,81450.0,"(37, 12)",taxation,6,0.25,False,True,False
11,22,98585.0,"(44, 11)",taxation,6,0.25,False,True,False
11,24,68598.0,"(19, 19)",taxation,6,0.25,False,True,False
11,25,77169.0,"(10, 21)",taxation,6,0.25,False,True,False
11,26,68608.0,"(5, 31)",taxation,6,0.25,False,True,False
11,27,77161.0,"(35, 30)",taxation,6,0.25,False,True,False
11,29,85732.0,"(34, 30)",taxation,6,0.25,False,True,False
11,30,98587.0,"(35, 9)",taxation,6,0.25,False,True,False
11,32,94293.0,"(19, 11)",taxation,6,0.25,False,True,False
11,33,68610.0,"(33, 16)",taxation,6,0.25,False,True,False
11,34,77162.0,"(33, 37)",taxation,6,0.25,False,True,False
11,35,85752.0,"(7, 31)",taxation,6,0.25,False,True,False
11,36,64298.0,"(13, 14)",taxation,6,0.25,False,True,False
11,37,90015.0,"(38, 11)",taxation,6,0.25,False,True,False
11,38,90025.0,"(36, 25)",taxation,6,0.25,False,True,False
11,39,60012.0,"(12, 14)",taxation,6,0.25,False,True,False
11,40,94314.0,"(11, 32)",taxation,6,0.25,False,True,False
11,41,94312.0,"(12, 44)",taxation,6,0.25,False,True,False
11,43,85727.0,"(38, 5)",taxation,6,0.25,False,True,False
11,44,55744.0,"(30, 32)",taxation,6,0.25,False,True,False
11,45,90014.0,"(10, 24)",taxation,6,0.25,False,True,False
11,46,60013.0,"(40, 29)",taxation,6,0.25,False,True,False
11,47,60028.0,"(10, 31)",taxation,6,0.25,False,True,False
11,48,90006.0,"(39, 27)",taxation,6,0.25,False,True,False
11,49,81463.0,"(12, 41)",taxation,6,0.25,False,True,False
11,50,98585.0,"(8, 31)",taxation,6,0.25,False,True,False
11,51,90007.0,"(24, 10)",taxation,6,0.25,False,True,False
11,52,64298.0,"(36, 34)",taxation,6,0.25,False,True,False
11,53,55718.0,"(27, 4)",taxation,6,0.25,False,True,False
11,54,85740.0,"(32, 6)",taxation,6,0.25,False,True,False
11,55,94304.0,"(20, 35)",taxation,6,0.25,False,True,False
11,56,85730.0,"(26, 36)",taxation,6,0.25,False,True,False
11,57,77148.0,"(23, 8)",taxation,6,0.25,False,True,False
11,58,90008.0,"(10, 15)",taxation,6,0.25,False,True,False
11,59,77157.0,"(14, 30)",taxation,6,0.25,False,True,False
11,60,90018.0,"(30, 31)",taxation,6,0.25,False,True,False
11,61,102873.0,"(35, 5)",taxation,6,0.25,False,True,False
11,62,85750.0,"(7, 33)",taxation,6,0.25,False,True,False
11,63,81445.0,"(26, 35)",taxation,6,0.25,False,True,False
11,64,85721.0,"(26, 6)",taxation,6,0.25,False,True,False
11,65,98586.0,"(38, 12)",taxation,6,0.25,False,True,False
11,66,94298.0,"(19, 38)",taxation,6,0.25,False,True,False
11,67,64308.0,"(11, 27)",taxation,6,0.25,False,True,False
11,68,72869.0,"(23, 44)",taxation,6,0.25,False,True,False
11,69,94315.0,"(6, 34)",taxation,6,0.25,False,True,False
11,70,90027.0,"(30, 11)",taxation,6,0.25,False,True,False
11,71,94300.0,"(44, 12)",taxation,6,0.25,False,True,False
11,72,98575.0,"(1, 24)",taxation,6,0.25,False,True,False
11,73,90029.0,"(6, 31)",taxation,6,0.25,False,True,False
11,76,85741.00000000001,"(8, 33)",taxation,6,0.25,False,True,False
11,77,72873.0,"(19, 42)",taxation,6,0.25,False,True,False
11,78,81439.0,"(5, 23)",taxation,6,0.25,False,True,False
11,79,81444.0,"(11, 14)",taxation,6,0.25,False,True,False
11,80,94296.0,"(47, 28)",taxation,6,0.25,False,True,False
11,81,81462.0,"(37, 11)",taxation,6,0.25,False,True,False
11,82,90012.0,"(38, 31)",taxation,6,0.25,False,True,False
11,83,94293.0,"(25, 8)",taxation,6,0.25,False,True,False
11,84,85750.0,"(15, 34)",taxation,6,0.25,False,True,False
11,85,77148.0,"(40, 27)",taxation,6,0.25,False,True,False
11,86,85750.0,"(17, 39)",taxation,6,0.25,False,True,False
11,87,85723.0,"(20, 9)",taxation,6,0.25,False,True,False
11,88,85721.0,"(27, 6)",taxation,6,0.25,False,True,False
11,89,90027.0,"(13, 32)",taxation,6,0.25,False,True,False
11,90,77174.0,"(38, 14)",taxation,6,0.25,False,True,False
11,91,94301.0,"(13, 11)",taxation,6,0.25,False,True,False
11,92,94289.0,"(2, 23)",taxation,6,0.25,False,True,False
11,93,38581.0,"(38, 32)",taxation,6,0.25,False,True,False
11,95,98586.0,"(25, 39)",taxation,6,0.25,False,True,False
11,96,98583.0,"(18, 41)",taxation,6,0.25,False,True,False
11,97,68588.0,"(35, 29)",taxation,6,0.25,False,True,False
11,99,81444.0,"(27, 34)",taxation,6,0.25,False,True,False
11,100,85748.0,"(33, 13)",taxation,6,0.25,False,True,False
11,101,85748.0,"(36, 20)",taxation,6,0.25,False,True,False
11,102,60024.0,"(32, 31)",taxation,6,0.25,False,True,False
11,103,85729.0,"(11, 15)",taxation,6,0.25,False,True,False
11,104,81455.0,"(32, 10)",taxation,6,0.25,False,True,False
11,105,77179.0,"(14, 33)",taxation,6,0.25,False,True,False
11,106,81455.0,"(28, 7)",taxation,6,0.25,False,True,False
11,107,94305.0,"(33, 31)",taxation,6,0.25,False,True,False
11,108,47156.0,"(7, 30)",taxation,6,0.25,False,True,False
11,109,85750.0,"(17, 40)",taxation,6,0.25,False,True,False
11,110,98578.0,"(8, 24)",taxation,6,0.25,False,True,False
11,111,94291.0,"(23, 5)",taxation,6,0.25,False,True,False
11,112,94298.0,"(19, 37)",taxation,6,0.25,False,True,False
11,113,90006.0,"(12, 10)",taxation,6,0.25,False,True,False
11,114,98577.0,"(45, 26)",taxation,6,0.25,False,True,False
11,115,94290.0,"(39, 30)",taxation,6,0.25,False,True,False
11,116,94315.0,"(10, 40)",taxation,6,0.25,False,True,False
11,117,77155.0,"(37, 34)",taxation,6,0.25,False,True,False
11,118,94299.0,"(40, 10)",taxation,6,0.25,False,True,False
11,119,85741.0,"(31, 11)",taxation,6,0.25,False,True,False
11,120,98572.0,"(17, 0)",taxation,6,0.25,False,True,False
11,121,85751.0,"(7, 28)",taxation,6,0.25,False,True,False
11,122,72867.0,"(12, 19)",taxation,6,0.25,False,True,False
11,123,98587.0,"(34, 5)",taxation,6,0.25,False,True,False
11,124,81458.0,"(10, 30)",taxation,6,0.25,False,True,False
11,125,94313.0,"(12, 32)",taxation,6,0.25,False,True,False
11,126,85720.0,"(26, 5)",taxation,6,0.25,False,True,False
11,127,90005.0,"(13, 9)",taxation,6,0.25,False,True,False
11,128,94301.0,"(38, 29)",taxation,6,0.25,False,True,False
11,129,81466.0,"(20, 36)",taxation,6,0.25,False,True,False
11,130,94301.0,"(36, 11)",taxation,6,0.25,False,True,False
11,131,85744.0,"(20, 38)",taxation,6,0.25,False,True,False
11,132,94313.0,"(30, 13)",taxation,6,0.25,False,True,False
11,133,77162.0,"(5, 22)",taxation,6,0.25,False,True,False
11,134,85731.0,"(37, 13)",taxation,6,0.25,False,True,False
11,135,85730.0,"(19, 44)",taxation,6,0.25,False,True,False
11,136,68588.0,"(38, 37)",taxation,6,0.25,False,True,False
11,137,77152.0,"(23, 3)",taxation,6,0.25,False,True,False
11,138,90016.0,"(9, 16)",taxation,6,0.25,False,True,False
11,141,68607.0,"(19, 39)",taxation,6,0.25,False,True,False
11,143,85721.0,"(9, 25)",taxation,6,0.25,False,True,False
11,144,85730.0,"(19, 43)",taxation,6,0.25,False,True,False
11,145,90007.0,"(38, 25)",taxation,6,0.25,False,True,False
11,147,85724.0,"(24, 2)",taxation,6,0.25,False,True,False
11,148,68580.0,"(43, 28)",taxation,6,0.25,False,True,False
11,150,72874.0,"(6, 30)",taxation,6,0.25,False,True,False
11,151,68591.0,"(33, 39)",taxation,6,0.25,False,True,False
11,152,90026.0,"(9, 45)",taxation,6,0.25,False,True,False
11,153,42862.0,"(39, 29)",taxation,6,0.25,False,True,False
11,155,90015.0,"(44, 13)",taxation,6,0.25,False,True,False
11,156,64302.0,"(28, 32)",taxation,6,0.25,False,True,False
11,157,81446.0,"(29, 32)",taxation,6,0.25,False,True,False
11,159,68600.0,"(26, 34)",taxation,6,0.25,False,True,False
11,160,77163.0,"(4, 31)",taxation,6,0.25,False,True,False
11,161,72861.0,"(24, 6)",taxation,6,0.25,False,True,False
11,162,90007.0,"(37, 26)",taxation,6,0.25,False,True,False
11,163,102874.0,"(19, 40)",taxation,6,0.25,False,True,False
11,164,90014.0,"(37, 5)",taxation,6,0.25,False,True,False
11,165,102863.0,"(46, 6)",taxation,6,0.25,False,True,False
11,166,81455.0,"(27, 7)",taxation,6,0.25,False,True,False
11,168,94302.0,"(44, 14)",taxation,6,0.25,False,True,False
11,169,68599.0,"(11, 30)",taxation,6,0.25,False,True,False
11,171,85751.0,"(20, 37)",taxation,6,0.25,False,True,False
11,174,94291.0,"(46, 32)",taxation,6,0.25,False,True,False
11,175,72863.0,"(39, 28)",taxation,6,0.25,False,True,False
11,177,85748.0,"(34, 12)",taxation,6,0.25,False,True,False
11,178,94304.0,"(33, 6)",taxation,6,0.25,False,True,False
11,180,85752.0,"(18, 44)",taxation,6,0.25,False,True,False
11,181,85742.00000000001,"(15, 43)",taxation,6,0.25,False,True,False
11,182,90015.0,"(7, 25)",taxation,6,0.25,False,True,False
11,183,60014.0,"(46, 34)",taxation,6,0.25,False,True,False
11,184,85736.0,"(9, 27)",taxation,6,0.25,False,True,False
11,185,85739.0,"(11, 12)",taxation,6,0.25,False,True,False
11,186,81461.0,"(16, 1)",taxation,6,0.25,False,True,False
11,188,85751.0,"(6, 32)",taxation,6,0.25,False,True,False
11,189,77173.0,"(24, 15)",taxation,6,0.25,False,True,False
11,190,85752.0,"(8, 32)",taxation,6,0.25,False,True,False
11,191,98580.0,"(41, 35)",taxation,6,0.25,False,True,False
11,192,77181.0,"(42, 22)",taxation,6,0.25,False,True,False
11,193,77182.0,"(29, 13)",taxation,6,0.25,False,True,False
11,194,77182.0,"(31, 16)",taxation,6,0.25,False,True,False
11,195,38582.0,"(36, 35)",taxation,6,0.25,False,True,False
11,196,60016.0,"(26, 8)",taxation,6,0.25,False,True,False
11,197,68573.0,"(3, 23)",taxation,6,0.25,False,True,False
11,198,81463.0,"(16, 42)",taxation,6,0.25,False,True,False
11,199,98572.0,"(16, 0)",taxation,6,0.25,False,True,False
11,200,81442.0,"(12, 15)",taxation,6,0.25,False,True,False
11,201,60017.0,"(34, 36)",taxation,6,0.25,False,True,False
11,202,98578.0,"(25, 6)",taxation,6,0.25,False,True,False
11,203,102870.0,"(11, 24)",taxation,6,0.25,False,True,False
11,204,94298.0,"(46, 30)",taxation,6,0.25,False,True,False
11,205,42860.0,"(23, 9)",taxation,6,0.25,False,True,False
11,207,68585.0,"(12, 13)",taxation,6,0.25,False,True,False
11,209,98588.0,"(36, 10)",taxation,6,0.25,False,True,False
11,210,102863.0,"(25, 40)",taxation,6,0.25,False,True,False
11,211,55729.0,"(28, 33)",taxation,6,0.25,False,True,False
11,212,90006.0,"(46, 33)",taxation,6,0.25,False,True,False
11,213,85751.0,"(9, 32)",taxation,6,0.25,False,True,False
11,214,55717.0,"(41, 27)",taxation,6,0.25,False,True,False
11,215,94299.0,"(20, 39)",taxation,6,0.25,False,True,False
11,216,94305.0,"(31, 10)",taxation,6,0.25,False,True,False
11,217,51442.0,"(7, 24)",taxation,6,0.25,False,True,False
11,218,98586.0,"(24, 40)",taxation,6,0.25,False,True,False
11,220,94301.0,"(38, 13)",taxation,6,0.25,False,True,False
11,221,81443.0,"(13, 29)",taxation,6,0.25,False,True,False
11,222,85750.0,"(10, 32)",taxation,6,0.25,False,True,False
11,223,60003.0,"(6, 25)",taxation,6,0.25,False,True,False
11,224,72886.0,"(16, 36)",taxation,6,0.25,False,True,False
11,225,90014.0,"(13, 13)",taxation,6,0.25,False,True,False
11,226,85722.0,"(38, 36)",taxation,6,0.25,False,True,False
11,227,94298.0,"(44, 29)",taxation,6,0.25,False,True,False
11,229,94313.0,"(11, 42)",taxation,6,0.25,False,True,False
11,230,68607.0,"(16, 35)",taxation,6,0.25,False,True,False
11,231,55722.0,"(25, 10)",taxation,6,0.25,False,True,False
11,232,51444.0,"(31, 31)",taxation,6,0.25,False,True,False
11,233,81441.0,"(40, 30)",taxation,6,0.25,False,True,False
11,234,90006.0,"(23, 39)",taxation,6,0.25,False,True,False
11,235,85730.0,"(41, 22)",taxation,6,0.25,False,True,False
11,236,85730.0,"(17, 20)",taxation,6,0.25,False,True,False
11,237,68592.0,"(7, 18)",taxation,6,0.25,False,True,False
11,238,85748.0,"(34, 14)",taxation,6,0.25,False,True,False
11,239,85721.0,"(24, 9)",taxation,6,0.25,False,True,False
11,243,81440.0,"(46, 31)",taxation,6,0.25,False,True,False
11,244,98600.0,"(11, 41)",taxation,6,0.25,False,True,False
11,245,94313.0,"(16, 41)",taxation,6,0.25,False,True,False
11,247,77174.0,"(30, 12)",taxation,6,0.25,False,True,False
11,248,85730.0,"(27, 33)",taxation,6,0.25,False,True,False
11,249,90007.0,"(40, 28)",taxation,6,0.25,False,True,False
11,219-2,75009.0,"(25, 38)",taxation,6,0.25,False,True,False
11,158-2,62155.0,"(35, 37)",taxation,6,0.25,False,True,False
11,139-2,77169.25,"(17, 21)",taxation,6,0.25,False,True,False
11,179-2,55751.5,"(25, 11)",taxation,6,0.25,False,True,False
11,28-2,58952.25,"(38, 19)",taxation,6,0.25,False,True,False
11,187-2,34294.0,"(26, 7)",taxation,6,0.25,False,True,False
11,146-2,25730.0,"(48, 33)",taxation,6,0.25,False,True,False
11,94-2,21457.0,"(10, 41)",taxation,6,0.25,False,True,False
11,154-2,30014.0,"(33, 38)",taxation,6,0.25,False,True,False
11,173-2,17164.0,"(34, 37)",taxation,6,0.25,False,True,False
11,240-2,21435.0,"(24, 7)",taxation,6,0.25,False,True,False
11,246-2,64298.0,"(20, 40)",taxation,6,0.25,False,True,False
11,98-2,34305.0,"(30, 7)",taxation,6,0.25,False,True,False
11,140-2,41.0,"(17, 38)",taxation,6,0.25,False,True,False
11,176-2,41.0,"(9, 31)",taxation,6,0.25,False,True,False
11,208-2,68579.25,"(22, 5)",taxation,6,0.25,False,True,False
11,170-2,58956.75,"(36, 24)",taxation,6,0.25,False,True,False
11,1-2,49286.25,"(4, 23)",taxation,6,0.25,False,True,False
11,23-2,69669.0,"(33, 10)",taxation,6,0.25,False,True,False
11,17-2,70718.5,"(23, 6)",taxation,6,0.25,False,True,False
11,31-2,77157.5,"(7, 19)",taxation,6,0.25,False,True,False
11,228-2,50371.0,"(26, 37)",taxation,6,0.25,False,True,False
11,149-2,57888.0,"(35, 20)",taxation,6,0.25,False,True,False
11,206-2,65372.25,"(16, 43)",taxation,6,0.25,False,True,False
11,242-2,28947.25,"(13, 10)",taxation,6,0.25,False,True,False
11,75-2,61097.0,"(13, 33)",taxation,6,0.25,False,True,False
11,74-2,75005.0,"(24, 39)",taxation,6,0.25,False,True,False
11,241-2,61085.5,"(36, 37)",taxation,6,0.25,False,True,False
11,42-2,48226.5,"(36, 36)",taxation,6,0.25,False,True,False
11,142-2,41789.75,"(42, 27)",taxation,6,0.25,False,True,False
11,172-2,70719.75,"(28, 5)",taxation,6,0.25,False,True,False
11,167-2,67512.75,"(34, 6)",taxation,6,0.25,False,True,False
12,2,85725.0,"(2, 31)",taxation,6,0.25,False,True,False
12,3,51447.0,"(19, 18)",taxation,6,0.25,False,True,False
12,4,64304.0,"(14, 22)",taxation,6,0.25,False,True,False
12,5,38591.0,"(28, 30)",taxation,6,0.25,False,True,False
12,6,98592.0,"(17, 37)",taxation,6,0.25,False,True,False
12,7,64317.0,"(32, 15)",taxation,6,0.25,False,True,False
12,8,85759.0,"(22, 39)",taxation,6,0.25,False,True,False
12,9,72898.0,"(34, 18)",taxation,6,0.25,False,True,False
12,10,90025.0,"(33, 18)",taxation,6,0.25,False,True,False
12,11,68593.0,"(14, 27)",taxation,6,0.25,False,True,False
12,12,81458.0,"(16, 30)",taxation,6,0.25,False,True,False
12,13,81465.0,"(13, 30)",taxation,6,0.25,False,True,False
12,14,21442.0,"(26, 10)",taxation,6,0.25,False,True,False
12,15,77177.0,"(32, 12)",taxation,6,0.25,False,True,False
12,16,98607.0,"(13, 45)",taxation,6,0.25,False,True,False
12,18,98595.0,"(36, 7)",taxation,6,0.25,False,True,False
12,19,90020.0,"(16, 15)",taxation,6,0.25,False,True,False
12,20,81443.0,"(29, 9)",taxation,6,0.25,False,True,False
12,21,81459.0,"(35, 14)",taxation,6,0.25,False,True,False
12,22,98593.0,"(43, 13)",taxation,6,0.25,False,True,False
12,24,68607.0,"(25, 19)",taxation,6,0.25,False,True,False
12,25,77175.0,"(12, 25)",taxation,6,0.25,False,True,False
12,26,68616.0,"(4, 36)",taxation,6,0.25,False,True,False
12,27,77170.0,"(30, 24)",taxation,6,0.25,False,True,False
12,29,85741.0,"(31, 24)",taxation,6,0.25,False,True,False
12,30,98596.0,"(32, 13)",taxation,6,0.25,False,True,False
12,32,94301.0,"(25, 15)",taxation,6,0.25,False,True,False
12,33,68619.0,"(32, 16)",taxation,6,0.25,False,True,False
12,34,77170.0,"(29, 31)",taxation,6,0.25,False,True,False
12,35,85760.0,"(4, 37)",taxation,6,0.25,False,True,False
12,36,64305.0,"(19, 17)",taxation,6,0.25,False,True,False
12,37,90024.0,"(35, 13)",taxation,6,0.25,False,True,False
12,39,60016.0,"(16, 14)",taxation,6,0.25,False,True,False
12,40,94322.0,"(17, 31)",taxation,6,0.25,False,True,False
12,41,94320.0,"(12, 45)",taxation,6,0.25,False,True,False
12,43,85736.0,"(35, 10)",taxation,6,0.25,False,True,False
12,44,55751.0,"(31, 29)",taxation,6,0.25,False,True,False
12,45,90021.0,"(14, 23)",taxation,6,0.25,False,True,False
12,46,60021.0,"(39, 23)",taxation,6,0.25,False,True,False
12,47,60035.0,"(15, 31)",taxation,6,0.25,False,True,False
12,48,90014.0,"(37, 21)",taxation,6,0.25,False,True,False
12,49,81471.0,"(10, 42)",taxation,6,0.25,False,True,False
12,50,98592.0,"(4, 33)",taxation,6,0.25,False,True,False
12,51,90016.0,"(30, 16)",taxation,6,0.25,False,True,False
12,52,64304.0,"(33, 29)",taxation,6,0.25,False,True,False
12,53,55727.0,"(29, 7)",taxation,6,0.25,False,True,False
12,54,85749.0,"(32, 11)",taxation,6,0.25,False,True,False
12,55,94311.0,"(19, 33)",taxation,6,0.25,False,True,False
12,56,85737.0,"(22, 34)",taxation,6,0.25,False,True,False
12,57,77156.0,"(26, 11)",taxation,6,0.25,False,True,False
12,58,90012.0,"(13, 19)",taxation,6,0.25,False,True,False
12,59,77164.0,"(17, 32)",taxation,6,0.25,False,True,False
12,60,90027.0,"(29, 25)",taxation,6,0.25,False,True,False
12,61,102881.0,"(35, 7)",taxation,6,0.25,False,True,False
12,62,85757.0,"(3, 33)",taxation,6,0.25,False,True,False
12,63,81452.0,"(26, 32)",taxation,6,0.25,False,True,False
12,64,85729.0,"(30, 9)",taxation,6,0.25,False,True,False
12,65,98595.0,"(36, 13)",taxation,6,0.25,False,True,False
12,66,94305.0,"(18, 35)",taxation,6,0.25,False,True,False
12,67,64316.0,"(15, 30)",taxation,6,0.25,False,True,False
12,68,72876.0,"(18, 43)",taxation,6,0.25,False,True,False
12,69,94322.0,"(4, 35)",taxation,6,0.25,False,True,False
12,70,90036.0,"(32, 14)",taxation,6,0.25,False,True,False
12,71,94309.0,"(39, 16)",taxation,6,0.25,False,True,False
12,72,98581.0,"(3, 30)",taxation,6,0.25,False,True,False
12,73,90036.0,"(2, 32)",taxation,6,0.25,False,True,False
12,76,85749.00000000001,"(4, 38)",taxation,6,0.25,False,True,False
12,77,72880.0,"(17, 44)",taxation,6,0.25,False,True,False
12,78,81445.0,"(11, 25)",taxation,6,0.25,False,True,False
12,79,81448.0,"(14, 15)",taxation,6,0.25,False,True,False
12,80,94302.0,"(42, 24)",taxation,6,0.25,False,True,False
12,81,81471.0,"(35, 11)",taxation,6,0.25,False,True,False
12,82,90019.0,"(33, 30)",taxation,6,0.25,False,True,False
12,83,94301.0,"(28, 9)",taxation,6,0.25,False,True,False
12,84,85758.0,"(15, 33)",taxation,6,0.25,False,True,False
12,85,77156.0,"(38, 23)",taxation,6,0.25,False,True,False
12,86,85758.0,"(19, 36)",taxation,6,0.25,False,True,False
12,87,85731.0,"(25, 14)",taxation,6,0.25,False,True,False
12,88,85730.0,"(30, 8)",taxation,6,0.25,False,True,False
12,89,90035.0,"(19, 32)",taxation,6,0.25,False,True,False
12,90,77183.0,"(38, 15)",taxation,6,0.25,False,True,False
12,91,94307.0,"(19, 16)",taxation,6,0.25,False,True,False
12,92,94294.0,"(6, 26)",taxation,6,0.25,False,True,False
12,93,38588.0,"(36, 26)",taxation,6,0.25,False,True,False
12,95,98594.0,"(21, 33)",taxation,6,0.25,False,True,False
12,96,98590.0,"(17, 43)",taxation,6,0.25,False,True,False
12,97,68597.0,"(34, 25)",taxation,6,0.25,False,True,False
12,99,81451.0,"(26, 33)",taxation,6,0.25,False,True,False
12,100,85757.0,"(34, 15)",taxation,6,0.25,False,True,False
12,101,85757.0,"(36, 18)",taxation,6,0.25,False,True,False
12,102,60031.0,"(32, 29)",taxation,6,0.25,False,True,False
12,103,85733.0,"(15, 17)",taxation,6,0.25,False,True,False
12,104,81464.0,"(35, 15)",taxation,6,0.25,False,True,False
12,105,77186.0,"(15, 32)",taxation,6,0.25,False,True,False
12,106,81463.0,"(29, 10)",taxation,6,0.25,False,True,False
12,107,94312.0,"(33, 26)",taxation,6,0.25,False,True,False
12,108,47163.0,"(5, 33)",taxation,6,0.25,False,True,False
12,109,85757.0,"(18, 39)",taxation,6,0.25,False,True,False
12,110,98585.0,"(13, 24)",taxation,6,0.25,False,True,False
12,111,94299.0,"(28, 10)",taxation,6,0.25,False,True,False
12,112,94305.0,"(17, 35)",taxation,6,0.25,False,True,False
12,113,90010.0,"(14, 9)",taxation,6,0.25,False,True,False
12,114,98585.0,"(42, 20)",taxation,6,0.25,False,True,False
12,115,94298.0,"(33, 24)",taxation,6,0.25,False,True,False
12,116,94322.0,"(11, 45)",taxation,6,0.25,False,True,False
12,117,77161.0,"(34, 29)",taxation,6,0.25,False,True,False
12,118,94308.0,"(36, 12)",taxation,6,0.25,False,True,False
12,119,85750.0,"(33, 14)",taxation,6,0.25,False,True,False
12,120,98576.0,"(23, 4)",taxation,6,0.25,False,True,False
12,121,85758.0,"(3, 32)",taxation,6,0.25,False,True,False
12,122,72873.0,"(12, 24)",taxation,6,0.25,False,True,False
12,123,98596.0,"(31, 7)",taxation,6,0.25,False,True,False
12,124,81465.0,"(16, 33)",taxation,6,0.25,False,True,False
12,125,94320.0,"(13, 31)",taxation,6,0.25,False,True,False
12,126,85728.0,"(28, 11)",taxation,6,0.25,False,True,False
12,127,90010.0,"(19, 13)",taxation,6,0.25,False,True,False
12,128,94309.0,"(34, 23)",taxation,6,0.25,False,True,False
12,129,81473.0,"(18, 34)",taxation,6,0.25,False,True,False
12,130,94310.0,"(35, 12)",taxation,6,0.25,False,True,False
12,131,85751.0,"(19, 34)",taxation,6,0.25,False,True,False
12,132,94322.0,"(32, 17)",taxation,6,0.25,False,True,False
12,133,77168.0,"(10, 26)",taxation,6,0.25,False,True,False
12,134,85740.0,"(36, 14)",taxation,6,0.25,False,True,False
12,135,85737.0,"(18, 46)",taxation,6,0.25,False,True,False
12,136,68593.0,"(34, 32)",taxation,6,0.25,False,True,False
12,137,77160.0,"(28, 8)",taxation,6,0.25,False,True,False
12,138,90020.0,"(14, 18)",taxation,6,0.25,False,True,False
12,141,68614.0,"(18, 37)",taxation,6,0.25,False,True,False
12,143,85728.0,"(14, 31)",taxation,6,0.25,False,True,False
12,144,85738.0,"(14, 44)",taxation,6,0.25,False,True,False
12,145,90016.0,"(36, 19)",taxation,6,0.25,False,True,False
12,147,85731.0,"(29, 4)",taxation,6,0.25,False,True,False
12,148,68588.0,"(37, 22)",taxation,6,0.25,False,True,False
12,150,72882.0,"(5, 32)",taxation,6,0.25,False,True,False
12,151,68596.0,"(33, 33)",taxation,6,0.25,False,True,False
12,152,90034.0,"(4, 39)",taxation,6,0.25,False,True,False
12,153,42870.0,"(37, 23)",taxation,6,0.25,False,True,False
12,155,90024.0,"(38, 17)",taxation,6,0.25,False,True,False
12,156,64310.0,"(28, 31)",taxation,6,0.25,False,True,False
12,157,81453.0,"(29, 29)",taxation,6,0.25,False,True,False
12,159,68608.0,"(27, 31)",taxation,6,0.25,False,True,False
12,160,77171.0,"(4, 32)",taxation,6,0.25,False,True,False
12,161,72869.0,"(27, 11)",taxation,6,0.25,False,True,False
12,162,90015.0,"(36, 23)",taxation,6,0.25,False,True,False
12,163,102881.0,"(18, 38)",taxation,6,0.25,False,True,False
12,164,90022.0,"(36, 6)",taxation,6,0.25,False,True,False
12,165,102871.0,"(41, 12)",taxation,6,0.25,False,True,False
12,166,81464.0,"(31, 12)",taxation,6,0.25,False,True,False
12,168,94311.0,"(38, 16)",taxation,6,0.25,False,True,False
12,169,68606.0,"(16, 32)",taxation,6,0.25,False,True,False
12,171,85758.0,"(19, 35)",taxation,6,0.25,False,True,False
12,174,94296.0,"(41, 26)",taxation,6,0.25,False,True,False
12,175,72871.0,"(35, 22)",taxation,6,0.25,False,True,False
12,177,85757.0,"(33, 12)",taxation,6,0.25,False,True,False
12,178,94313.0,"(33, 11)",taxation,6,0.25,False,True,False
12,180,85759.0,"(17, 45)",taxation,6,0.25,False,True,False
12,181,85749.00000000001,"(16, 44)",taxation,6,0.25,False,True,False
12,182,90022.0,"(13, 27)",taxation,6,0.25,False,True,False
12,183,60017.0,"(46, 28)",taxation,6,0.25,False,True,False
12,184,85743.0,"(12, 27)",taxation,6,0.25,False,True,False
12,185,85743.0,"(14, 10)",taxation,6,0.25,False,True,False
12,186,81465.0,"(21, 7)",taxation,6,0.25,False,True,False
12,188,85758.0,"(4, 34)",taxation,6,0.25,False,True,False
12,189,77181.0,"(25, 17)",taxation,6,0.25,False,True,False
12,190,85760.0,"(5, 35)",taxation,6,0.25,False,True,False
12,191,98585.0,"(37, 29)",taxation,6,0.25,False,True,False
12,192,77190.0,"(37, 18)",taxation,6,0.25,False,True,False
12,193,77191.0,"(30, 14)",taxation,6,0.25,False,True,False
12,194,77191.0,"(31, 15)",taxation,6,0.25,False,True,False
12,195,38590.0,"(31, 30)",taxation,6,0.25,False,True,False
12,196,60025.0,"(24, 14)",taxation,6,0.25,False,True,False
12,197,68579.0,"(7, 27)",taxation,6,0.25,False,True,False
12,199,98576.0,"(22, 6)",taxation,6,0.25,False,True,False
12,200,81449.0,"(18, 20)",taxation,6,0.25,False,True,False
12,201,60021.0,"(34, 34)",taxation,6,0.25,False,True,False
12,202,98586.0,"(27, 9)",taxation,6,0.25,False,True,False
12,203,102877.0,"(17, 28)",taxation,6,0.25,False,True,False
12,204,94304.0,"(41, 24)",taxation,6,0.25,False,True,False
12,205,42868.0,"(26, 13)",taxation,6,0.25,False,True,False
12,207,68593.0,"(18, 17)",taxation,6,0.25,False,True,False
12,209,98597.0,"(34, 11)",taxation,6,0.25,False,True,False
12,210,102870.0,"(22, 36)",taxation,6,0.25,False,True,False
12,211,55736.0,"(26, 31)",taxation,6,0.25,False,True,False
12,212,90009.0,"(44, 28)",taxation,6,0.25,False,True,False
12,213,85759.0,"(6, 33)",taxation,6,0.25,False,True,False
12,214,55725.0,"(38, 21)",taxation,6,0.25,False,True,False
12,215,94306.0,"(18, 36)",taxation,6,0.25,False,True,False
12,216,94314.0,"(31, 14)",taxation,6,0.25,False,True,False
12,217,51448.0,"(11, 26)",taxation,6,0.25,False,True,False
12,218,98593.0,"(25, 34)",taxation,6,0.25,False,True,False
12,220,94310.0,"(37, 14)",taxation,6,0.25,False,True,False
12,221,81451.0,"(16, 31)",taxation,6,0.25,False,True,False
12,222,85758.0,"(7, 32)",taxation,6,0.25,False,True,False
12,223,60010.0,"(12, 31)",taxation,6,0.25,False,True,False
12,224,72893.0,"(17, 36)",taxation,6,0.25,False,True,False
12,225,90019.0,"(19, 14)",taxation,6,0.25,False,True,False
12,226,85730.0,"(32, 30)",taxation,6,0.25,False,True,False
12,227,94304.0,"(40, 25)",taxation,6,0.25,False,True,False
12,229,94321.0,"(11, 43)",taxation,6,0.25,False,True,False
12,230,68615.0,"(16, 34)",taxation,6,0.25,False,True,False
12,231,55731.0,"(25, 13)",taxation,6,0.25,False,True,False
12,232,51453.0,"(32, 25)",taxation,6,0.25,False,True,False
12,233,81449.0,"(34, 24)",taxation,6,0.25,False,True,False
12,234,90013.0,"(17, 34)",taxation,6,0.25,False,True,False
12,235,85739.0,"(38, 18)",taxation,6,0.25,False,True,False
12,236,85737.0,"(18, 21)",taxation,6,0.25,False,True,False
12,237,68596.0,"(12, 20)",taxation,6,0.25,False,True,False
12,238,85757.0,"(34, 13)",taxation,6,0.25,False,True,False
12,239,85730.0,"(30, 15)",taxation,6,0.25,False,True,False
12,243,81445.0,"(42, 26)",taxation,6,0.25,False,True,False
12,244,98608.0,"(5, 36)",taxation,6,0.25,False,True,False
12,245,94320.0,"(18, 42)",taxation,6,0.25,False,True,False
12,247,77183.0,"(33, 15)",taxation,6,0.25,False,True,False
12,248,85738.0,"(29, 30)",taxation,6,0.25,False,True,False
12,249,90015.0,"(35, 23)",taxation,6,0.25,False,True,False
12,219-2,75017.0,"(20, 33)",taxation,6,0.25,False,True,False
12,158-2,62160.0,"(33, 32)",taxation,6,0.25,False,True,False
12,139-2,77176.25,"(20, 18)",taxation,6,0.25,False,True,False
12,179-2,55759.5,"(27, 12)",taxation,6,0.25,False,True,False
12,28-2,58961.25,"(37, 19)",taxation,6,0.25,False,True,False
12,187-2,34303.0,"(31, 13)",taxation,6,0.25,False,True,False
12,146-2,25733.0,"(45, 28)",taxation,6,0.25,False,True,False
12,94-2,21465.0,"(4, 40)",taxation,6,0.25,False,True,False
12,154-2,30018.0,"(31, 36)",taxation,6,0.25,False,True,False
12,173-2,17168.0,"(34, 35)",taxation,6,0.25,False,True,False
12,240-2,21444.0,"(26, 12)",taxation,6,0.25,False,True,False
12,246-2,64305.0,"(18, 40)",taxation,6,0.25,False,True,False
12,98-2,34313.0,"(31, 8)",taxation,6,0.25,False,True,False
12,140-2,49.0,"(20, 34)",taxation,6,0.25,False,True,False
12,176-2,49.0,"(5, 34)",taxation,6,0.25,False,True,False
12,208-2,68587.25,"(27, 10)",taxation,6,0.25,False,True,False
12,170-2,58965.75,"(33, 19)",taxation,6,0.25,False,True,False
12,1-2,49292.25,"(9, 26)",taxation,6,0.25,False,True,False
12,23-2,69678.0,"(34, 10)",taxation,6,0.25,False,True,False
12,17-2,70726.5,"(28, 12)",taxation,6,0.25,False,True,False
12,31-2,77163.5,"(10, 25)",taxation,6,0.25,False,True,False
12,228-2,50379.0,"(27, 32)",taxation,6,0.25,False,True,False
12,149-2,57897.0,"(35, 18)",taxation,6,0.25,False,True,False
12,206-2,65380.25,"(15, 44)",taxation,6,0.25,False,True,False
12,242-2,28953.25,"(19, 12)",taxation,6,0.25,False,True,False
12,75-2,61105.0,"(14, 32)",taxation,6,0.25,False,True,False
12,74-2,75012.0,"(25, 36)",taxation,6,0.25,False,True,False
12,241-2,61089.5,"(32, 37)",taxation,6,0.25,False,True,False
12,42-2,48234.5,"(30, 30)",taxation,6,0.25,False,True,False
12,142-2,41797.75,"(36, 22)",taxation,6,0.25,False,True,False
12,172-2,70727.75,"(29, 8)",taxation,6,0.25,False,True,False
12,167-2,67520.75,"(35, 6)",taxation,6,0.25,False,True,False
12,38-2,67525.5,"(35, 24)",taxation,6,0.25,False,True,False
12,198-2,61102.5,"(17, 42)",taxation,6,0.25,False,True,False
12,0-2,45026.25,"(15, 23)",taxation,6,0.25,False,True,False
13,2,85732.0,"(0, 36)",taxation,6,0.25,False,True,False
13,3,51455.0,"(25, 16)",taxation,6,0.25,False,True,False
13,4,64310.0,"(16, 23)",taxation,6,0.25,False,True,False
13,5,38600.0,"(29, 24)",taxation,6,0.25,False,True,False
13,7,64326.0,"(35, 16)",taxation,6,0.25,False,True,False
13,8,85766.0,"(22, 38)",taxation,6,0.25,False,True,False
13,9,72908.0,"(34, 17)",taxation,6,0.25,False,True,False
13,10,90033.0,"(33, 22)",taxation,6,0.25,False,True,False
13,11,68599.0,"(16, 26)",taxation,6,0.25,False,True,False
13,12,81464.0,"(17, 26)",taxation,6,0.25,False,True,False
13,13,81472.0,"(14, 26)",taxation,6,0.25,False,True,False
13,14,21451.0,"(29, 11)",taxation,6,0.25,False,True,False
13,15,77186.0,"(34, 7)",taxation,6,0.25,False,True,False
13,16,98615.0,"(13, 46)",taxation,6,0.25,False,True,False
13,18,98604.0,"(38, 9)",taxation,6,0.25,False,True,False
13,19,90027.0,"(22, 15)",taxation,6,0.25,False,True,False
13,20,81452.0,"(31, 9)",taxation,6,0.25,False,True,False
13,21,81469.0,"(37, 15)",taxation,6,0.25,False,True,False
13,22,98602.0,"(44, 15)",taxation,6,0.25,False,True,False
13,24,68616.0,"(29, 19)",taxation,6,0.25,False,True,False
13,25,77181.0,"(14, 25)",taxation,6,0.25,False,True,False
13,26,68623.0,"(2, 39)",taxation,6,0.25,False,True,False
13,27,77178.0,"(30, 22)",taxation,6,0.25,False,True,False
13,29,85750.0,"(31, 20)",taxation,6,0.25,False,True,False
13,30,98605.0,"(29, 12)",taxation,6,0.25,False,True,False
13,32,94309.0,"(27, 19)",taxation,6,0.25,False,True,False
13,33,68629.0,"(33, 17)",taxation,6,0.25,False,True,False
13,34,77177.0,"(29, 27)",taxation,6,0.25,False,True,False
13,35,85768.0,"(3, 37)",taxation,6,0.25,False,True,False
13,36,64313.0,"(25, 21)",taxation,6,0.25,False,True,False
13,37,90033.0,"(40, 11)",taxation,6,0.25,False,True,False
13,39,60023.0,"(22, 14)",taxation,6,0.25,False,True,False
13,40,94329.0,"(21, 29)",taxation,6,0.25,False,True,False
13,41,94328.0,"(11, 47)",taxation,6,0.25,False,True,False
13,43,85745.0,"(35, 8)",taxation,6,0.25,False,True,False
13,44,55759.0,"(27, 23)",taxation,6,0.25,False,True,False
13,45,90028.0,"(20, 29)",taxation,6,0.25,False,True,False
13,46,60031.0,"(37, 17)",taxation,6,0.25,False,True,False
13,47,60042.0,"(18, 27)",taxation,6,0.25,False,True,False
13,48,90023.0,"(40, 19)",taxation,6,0.25,False,True,False
13,49,81479.0,"(8, 45)",taxation,6,0.25,False,True,False
13,50,98600.0,"(2, 34)",taxation,6,0.25,False,True,False
13,51,90024.0,"(27, 16)",taxation,6,0.25,False,True,False
13,52,64312.0,"(33, 23)",taxation,6,0.25,False,True,False
13,53,55735.0,"(31, 4)",taxation,6,0.25,False,True,False
13,54,85757.0,"(38, 7)",taxation,6,0.25,False,True,False
13,55,94318.0,"(20, 30)",taxation,6,0.25,False,True,False
13,56,85744.0,"(23, 33)",taxation,6,0.25,False,True,False
13,57,77164.0,"(26, 14)",taxation,6,0.25,False,True,False
13,58,90019.0,"(16, 22)",taxation,6,0.25,False,True,False
13,59,77172.0,"(18, 32)",taxation,6,0.25,False,True,False
13,60,90036.0,"(30, 23)",taxation,6,0.25,False,True,False
13,61,102890.0,"(39, 9)",taxation,6,0.25,False,True,False
13,62,85765.0,"(1, 34)",taxation,6,0.25,False,True,False
13,63,81459.0,"(25, 32)",taxation,6,0.25,False,True,False
13,64,85737.0,"(30, 4)",taxation,6,0.25,False,True,False
13,65,98604.0,"(40, 12)",taxation,6,0.25,False,True,False
13,66,94312.0,"(23, 37)",taxation,6,0.25,False,True,False
13,67,64323.0,"(15, 27)",taxation,6,0.25,False,True,False
13,68,72884.0,"(12, 46)",taxation,6,0.25,False,True,False
13,69,94329.0,"(1, 38)",taxation,6,0.25,False,True,False
13,70,90045.0,"(28, 15)",taxation,6,0.25,False,True,False
13,71,94319.0,"(37, 16)",taxation,6,0.25,False,True,False
13,72,98589.0,"(2, 33)",taxation,6,0.25,False,True,False
13,73,90043.0,"(1, 37)",taxation,6,0.25,False,True,False
13,77,72888.0,"(17, 46)",taxation,6,0.25,False,True,False
13,78,81452.0,"(15, 24)",taxation,6,0.25,False,True,False
13,79,81455.0,"(19, 20)",taxation,6,0.25,False,True,False
13,80,94310.0,"(42, 21)",taxation,6,0.25,False,True,False
13,81,81480.0,"(41, 14)",taxation,6,0.25,False,True,False
13,82,90027.0,"(28, 24)",taxation,6,0.25,False,True,False
13,83,94310.0,"(32, 9)",taxation,6,0.25,False,True,False
13,84,85765.0,"(17, 27)",taxation,6,0.25,False,True,False
13,85,77166.0,"(36, 17)",taxation,6,0.25,False,True,False
13,86,85765.0,"(23, 36)",taxation,6,0.25,False,True,False
13,87,85740.0,"(28, 18)",taxation,6,0.25,False,True,False
13,88,85739.0,"(32, 8)",taxation,6,0.25,False,True,False
13,89,90042.0,"(21, 30)",taxation,6,0.25,False,True,False
13,90,77192.0,"(36, 16)",taxation,6,0.25,False,True,False
13,91,94316.0,"(25, 20)",taxation,6,0.25,False,True,False
13,92,94301.0,"(12, 26)",taxation,6,0.25,False,True,False
13,93,38597.0,"(36, 21)",taxation,6,0.25,False,True,False
13,95,98602.0,"(21, 32)",taxation,6,0.25,False,True,False
13,96,98598.0,"(11, 46)",taxation,6,0.25,False,True,False
13,97,68606.0,"(31, 23)",taxation,6,0.25,False,True,False
13,99,81458.0,"(25, 33)",taxation,6,0.25,False,True,False
13,100,85767.0,"(32, 18)",taxation,6,0.25,False,True,False
13,101,85765.0,"(39, 21)",taxation,6,0.25,False,True,False
13,102,60039.0,"(28, 23)",taxation,6,0.25,False,True,False
13,103,85739.0,"(19, 15)",taxation,6,0.25,False,True,False
13,104,81473.0,"(40, 17)",taxation,6,0.25,False,True,False
13,105,77193.0,"(19, 28)",taxation,6,0.25,False,True,False
13,106,81471.0,"(29, 5)",taxation,6,0.25,False,True,False
13,107,94321.0,"(32, 24)",taxation,6,0.25,False,True,False
13,108,47171.0,"(3, 34)",taxation,6,0.25,False,True,False
13,109,85764.0,"(22, 40)",taxation,6,0.25,False,True,False
13,110,98592.0,"(14, 24)",taxation,6,0.25,False,True,False
13,111,94307.0,"(27, 13)",taxation,6,0.25,False,True,False
13,112,94311.0,"(23, 38)",taxation,6,0.25,False,True,False
13,113,90016.0,"(20, 12)",taxation,6,0.25,False,True,False
13,114,98594.0,"(41, 18)",taxation,6,0.25,False,True,False
13,115,94307.0,"(30, 20)",taxation,6,0.25,False,True,False
13,116,94330.0,"(10, 46)",taxation,6,0.25,False,True,False
13,117,77169.0,"(29, 23)",taxation,6,0.25,False,True,False
13,118,94317.0,"(37, 9)",taxation,6,0.25,False,True,False
13,119,85758.0,"(28, 19)",taxation,6,0.25,False,True,False
13,120,98583.0,"(27, 5)",taxation,6,0.25,False,True,False
13,121,85765.0,"(2, 37)",taxation,6,0.25,False,True,False
13,122,72880.0,"(13, 25)",taxation,6,0.25,False,True,False
13,123,98604.0,"(34, 3)",taxation,6,0.25,False,True,False
13,124,81472.0,"(22, 31)",taxation,6,0.25,False,True,False
13,125,94328.0,"(19, 29)",taxation,6,0.25,False,True,False
13,126,85736.0,"(26, 16)",taxation,6,0.25,False,True,False
13,127,90017.0,"(22, 13)",taxation,6,0.25,False,True,False
13,128,94317.0,"(32, 22)",taxation,6,0.25,False,True,False
13,129,81479.0,"(23, 31)",taxation,6,0.25,False,True,False
13,130,94320.0,"(35, 17)",taxation,6,0.25,False,True,False
13,131,85758.0,"(23, 34)",taxation,6,0.25,False,True,False
13,132,94330.0,"(29, 20)",taxation,6,0.25,False,True,False
13,133,77174.0,"(8, 25)",taxation,6,0.25,False,True,False
13,134,85750.0,"(36, 15)",taxation,6,0.25,False,True,False
13,135,85744.0,"(18, 47)",taxation,6,0.25,False,True,False
13,136,68601.0,"(34, 26)",taxation,6,0.25,False,True,False
13,137,77169.0,"(33, 7)",taxation,6,0.25,False,True,False
13,138,90026.0,"(17, 22)",taxation,6,0.25,False,True,False
13,141,68622.0,"(18, 33)",taxation,6,0.25,False,True,False
13,143,85735.0,"(16, 27)",taxation,6,0.25,False,True,False
13,145,90025.0,"(37, 20)",taxation,6,0.25,False,True,False
13,147,85740.0,"(32, 7)",taxation,6,0.25,False,True,False
13,148,68597.0,"(31, 21)",taxation,6,0.25,False,True,False
13,150,72889.0,"(1, 36)",taxation,6,0.25,False,True,False
13,151,68603.0,"(32, 28)",taxation,6,0.25,False,True,False
13,152,90042.0,"(3, 39)",taxation,6,0.25,False,True,False
13,153,42879.0,"(34, 21)",taxation,6,0.25,False,True,False
13,155,90033.0,"(40, 18)",taxation,6,0.25,False,True,False
13,156,64317.0,"(27, 30)",taxation,6,0.25,False,True,False
13,157,81461.0,"(27, 24)",taxation,6,0.25,False,True,False
13,159,68616.0,"(32, 26)",taxation,6,0.25,False,True,False
13,160,77178.0,"(1, 35)",taxation,6,0.25,False,True,False
13,161,72876.0,"(23, 11)",taxation,6,0.25,False,True,False
13,162,90024.0,"(32, 20)",taxation,6,0.25,False,True,False
13,163,102888.0,"(20, 44)",taxation,6,0.25,False,True,False
13,164,90031.0,"(37, 7)",taxation,6,0.25,False,True,False
13,165,102880.0,"(41, 13)",taxation,6,0.25,False,True,False
13,166,81472.0,"(27, 14)",taxation,6,0.25,False,True,False
13,168,94320.0,"(44, 16)",taxation,6,0.25,False,True,False
13,169,68613.0,"(22, 30)",taxation,6,0.25,False,True,False
13,171,85765.0,"(24, 35)",taxation,6,0.25,False,True,False
13,174,94305.0,"(35, 21)",taxation,6,0.25,False,True,False
13,175,72879.0,"(40, 21)",taxation,6,0.25,False,True,False
13,177,85766.0,"(39, 10)",taxation,6,0.25,False,True,False
13,178,94322.0,"(33, 8)",taxation,6,0.25,False,True,False
13,180,85767.0,"(15, 46)",taxation,6,0.25,False,True,False
13,181,85757.00000000001,"(16, 45)",taxation,6,0.25,False,True,False
13,182,90028.0,"(15, 26)",taxation,6,0.25,False,True,False
13,183,60024.0,"(43, 23)",taxation,6,0.25,False,True,False
13,184,85749.0,"(15, 25)",taxation,6,0.25,False,True,False
13,185,85749.0,"(20, 13)",taxation,6,0.25,False,True,False
13,186,81473.0,"(24, 11)",taxation,6,0.25,False,True,False
13,188,85766.0,"(2, 35)",taxation,6,0.25,False,True,False
13,189,77189.0,"(26, 17)",taxation,6,0.25,False,True,False
13,190,85768.0,"(3, 35)",taxation,6,0.25,False,True,False
13,191,98593.0,"(32, 23)",taxation,6,0.25,False,True,False
13,192,77199.0,"(39, 19)",taxation,6,0.25,False,True,False
13,193,77199.0,"(27, 17)",taxation,6,0.25,False,True,False
13,194,77199.0,"(29, 21)",taxation,6,0.25,False,True,False
13,195,38597.0,"(31, 27)",taxation,6,0.25,False,True,False
13,196,60034.0,"(28, 14)",taxation,6,0.25,False,True,False
13,197,68586.0,"(1, 33)",taxation,6,0.25,False,True,False
13,199,98584.0,"(25, 9)",taxation,6,0.25,False,True,False
13,200,81457.0,"(23, 14)",taxation,6,0.25,False,True,False
13,201,60028.0,"(33, 28)",taxation,6,0.25,False,True,False
13,202,98595.0,"(28, 13)",taxation,6,0.25,False,True,False
13,203,102884.0,"(23, 32)",taxation,6,0.25,False,True,False
13,204,94313.0,"(38, 20)",taxation,6,0.25,False,True,False
13,205,42877.0,"(28, 16)",taxation,6,0.25,False,True,False
13,207,68600.0,"(22, 17)",taxation,6,0.25,False,True,False
13,209,98606.0,"(36, 8)",taxation,6,0.25,False,True,False
13,210,102877.0,"(23, 35)",taxation,6,0.25,False,True,False
13,211,55743.0,"(28, 27)",taxation,6,0.25,False,True,False
13,212,90017.0,"(39, 22)",taxation,6,0.25,False,True,False
13,213,85767.0,"(2, 36)",taxation,6,0.25,False,True,False
13,214,55734.0,"(41, 15)",taxation,6,0.25,False,True,False
13,215,94313.0,"(22, 35)",taxation,6,0.25,False,True,False
13,216,94322.0,"(27, 18)",taxation,6,0.25,False,True,False
13,217,51454.0,"(8, 26)",taxation,6,0.25,False,True,False
13,218,98600.0,"(24, 34)",taxation,6,0.25,False,True,False
13,220,94320.0,"(31, 18)",taxation,6,0.25,False,True,False
13,221,81458.0,"(18, 28)",taxation,6,0.25,False,True,False
13,222,85765.0,"(1, 32)",taxation,6,0.25,False,True,False
13,223,60016.0,"(6, 28)",taxation,6,0.25,False,True,False
13,224,72900.0,"(22, 37)",taxation,6,0.25,False,True,False
13,225,90028.0,"(25, 18)",taxation,6,0.25,False,True,False
13,226,85737.0,"(32, 27)",taxation,6,0.25,False,True,False
13,227,94312.0,"(38, 22)",taxation,6,0.25,False,True,False
13,229,94329.0,"(8, 46)",taxation,6,0.25,False,True,False
13,230,68623.0,"(20, 32)",taxation,6,0.25,False,True,False
13,231,55739.0,"(26, 19)",taxation,6,0.25,False,True,False
13,232,51462.0,"(27, 22)",taxation,6,0.25,False,True,False
13,233,81457.0,"(34, 22)",taxation,6,0.25,False,True,False
13,234,90020.0,"(21, 31)",taxation,6,0.25,False,True,False
13,235,85748.0,"(41, 17)",taxation,6,0.25,False,True,False
13,236,85744.0,"(22, 19)",taxation,6,0.25,False,True,False
13,237,68603.0,"(18, 22)",taxation,6,0.25,False,True,False
13,238,85765.0,"(38, 8)",taxation,6,0.25,False,True,False
13,239,85738.0,"(27, 15)",taxation,6,0.25,False,True,False
13,243,81454.0,"(39, 20)",taxation,6,0.25,False,True,False
13,244,98616.0,"(3, 36)",taxation,6,0.25,False,True,False
13,245,94328.0,"(14, 46)",taxation,6,0.25,False,True,False
13,247,77191.0,"(28, 20)",taxation,6,0.25,False,True,False
13,248,85745.0,"(30, 27)",taxation,6,0.25,False,True,False
13,249,90023.0,"(31, 22)",taxation,6,0.25,False,True,False
13,219-2,75024.0,"(22, 33)",taxation,6,0.25,False,True,False
13,158-2,62168.0,"(35, 26)",taxation,6,0.25,False,True,False
13,139-2,77184.25,"(26, 18)",taxation,6,0.25,False,True,False
13,179-2,55768.5,"(29, 18)",taxation,6,0.25,False,True,False
13,28-2,58970.25,"(41, 16)",taxation,6,0.25,False,True,False
13,187-2,34313.0,"(34, 16)",taxation,6,0.25,False,True,False
13,146-2,25741.0,"(40, 22)",taxation,6,0.25,False,True,False
13,94-2,21473.0,"(3, 40)",taxation,6,0.25,False,True,False
13,154-2,30025.0,"(25, 35)",taxation,6,0.25,False,True,False
13,173-2,17175.0,"(30, 29)",taxation,6,0.25,False,True,False
13,240-2,21453.0,"(28, 17)",taxation,6,0.25,False,True,False
13,246-2,64313.0,"(15, 45)",taxation,6,0.25,False,True,False
13,98-2,34321.0,"(37, 6)",taxation,6,0.25,False,True,False
13,140-2,56.0,"(22, 32)",taxation,6,0.25,False,True,False
13,176-2,56.0,"(2, 38)",taxation,6,0.25,False,True,False
13,208-2,68595.25,"(26, 15)",taxation,6,0.25,False,True,False
13,170-2,58973.75,"(30, 21)",taxation,6,0.25,False,True,False
13,1-2,49298.25,"(8, 27)",taxation,6,0.25,False,True,False
13,23-2,69687.0,"(34, 8)",taxation,6,0.25,False,True,False
13,17-2,70735.5,"(29, 17)",taxation,6,0.25,False,True,False
13,31-2,77170.5,"(13, 26)",taxation,6,0.25,False,True,False
13,228-2,50386.0,"(25, 31)",taxation,6,0.25,False,True,False
13,149-2,57906.0,"(30, 19)",taxation,6,0.25,False,True,False
13,206-2,65388.25,"(14, 45)",taxation,6,0.25,False,True,False
13,242-2,28961.25,"(23, 13)",taxation,6,0.25,False,True,False
13,75-2,61111.0,"(9, 34)",taxation,6,0.25,False,True,False
13,74-2,75019.0,"(25, 37)",taxation,6,0.25,False,True,False
13,241-2,61094.5,"(32, 35)",taxation,6,0.25,False,True,False
13,42-2,48241.5,"(28, 29)",taxation,6,0.25,False,True,False
13,142-2,41806.75,"(32, 21)",taxation,6,0.25,False,True,False
13,172-2,70736.75,"(30, 10)",taxation,6,0.25,False,True,False
13,167-2,67529.75,"(37, 8)",taxation,6,0.25,False,True,False
13,38-2,67534.5,"(33, 21)",taxation,6,0.25,False,True,False
13,198-2,61110.5,"(16, 46)",taxation,6,0.25,False,True,False
13,0-2,45033.25,"(21, 18)",taxation,6,0.25,False,True,False
13,6-2,73950.0,"(17, 33)",taxation,6,0.25,False,True,False
13,76-2,64317.750000000015,"(3, 38)",taxation,6,0.25,False,True,False
13,144-2,64309.5,"(9, 46)",taxation,6,0.25,False,True,False
14,2,85739.0,"(0, 42)",taxation,6,0.25,False,True,False
14,3,51462.0,"(21, 16)",taxation,6,0.25,False,True,False
14,4,64317.0,"(19, 21)",taxation,6,0.25,False,True,False
14,5,38607.0,"(27, 27)",taxation,6,0.25,False,True,False
14,7,64331.0,"(30, 18)",taxation,6,0.25,False,True,False
14,8,85773.0,"(21, 43)",taxation,6,0.25,False,True,False
14,9,72913.0,"(29, 16)",taxation,6,0.25,False,True,False
14,10,90040.0,"(35, 28)",taxation,6,0.25,False,True,False
14,11,68606.0,"(18, 26)",taxation,6,0.25,False,True,False
14,12,81471.0,"(22, 24)",taxation,6,0.25,False,True,False
14,13,81479.0,"(20, 20)",taxation,6,0.25,False,True,False
14,14,21459.0,"(24, 8)",taxation,6,0.25,False,True,False
14,15,77194.0,"(38, 4)",taxation,6,0.25,False,True,False
14,16,98623.0,"(13, 48)",taxation,6,0.25,False,True,False
14,18,98613.0,"(42, 11)",taxation,6,0.25,False,True,False
14,19,90034.0,"(20, 19)",taxation,6,0.25,False,True,False
14,20,81460.0,"(28, 4)",taxation,6,0.25,False,True,False
14,21,81474.0,"(43, 21)",taxation,6,0.25,False,True,False
14,22,98611.0,"(43, 15)",taxation,6,0.25,False,True,False
14,24,68622.0,"(25, 22)",taxation,6,0.25,False,True,False
14,26,68631.0,"(5, 44)",taxation,6,0.25,False,True,False
14,27,77186.0,"(30, 26)",taxation,6,0.25,False,True,False
14,29,85758.0,"(25, 24)",taxation,6,0.25,False,True,False
14,30,98613.0,"(23, 10)",taxation,6,0.25,False,True,False
14,32,94316.0,"(21, 20)",taxation,6,0.25,False,True,False
14,33,68633.0,"(31, 19)",taxation,6,0.25,False,True,False
14,34,77184.0,"(29, 28)",taxation,6,0.25,False,True,False
14,35,85776.0,"(1, 39)",taxation,6,0.25,False,True,False
14,36,64320.0,"(22, 22)",taxation,6,0.25,False,True,False
14,37,90041.0,"(44, 9)",taxation,6,0.25,False,True,False
14,39,60030.0,"(21, 15)",taxation,6,0.25,False,True,False
14,41,94336.0,"(11, 48)",taxation,6,0.25,False,True,False
14,43,85753.0,"(39, 4)",taxation,6,0.25,False,True,False
14,44,55766.0,"(25, 27)",taxation,6,0.25,False,True,False
14,45,90036.0,"(24, 24)",taxation,6,0.25,False,True,False
14,46,60040.0,"(41, 19)",taxation,6,0.25,False,True,False
14,47,60049.0,"(19, 27)",taxation,6,0.25,False,True,False
14,48,90032.0,"(43, 19)",taxation,6,0.25,False,True,False
14,49,81487.0,"(7, 46)",taxation,6,0.25,False,True,False
14,50,98608.0,"(0, 39)",taxation,6,0.25,False,True,False
14,51,90031.0,"(21, 19)",taxation,6,0.25,False,True,False
14,52,64320.0,"(29, 26)",taxation,6,0.25,False,True,False
14,53,55742.0,"(31, 2)",taxation,6,0.25,False,True,False
14,54,85765.0,"(40, 5)",taxation,6,0.25,False,True,False
14,55,94325.0,"(23, 27)",taxation,6,0.25,False,True,False
14,56,85751.0,"(24, 33)",taxation,6,0.25,False,True,False
14,57,77171.0,"(20, 16)",taxation,6,0.25,False,True,False
14,58,90026.0,"(17, 23)",taxation,6,0.25,False,True,False
14,59,77179.0,"(20, 28)",taxation,6,0.25,False,True,False
14,60,90044.0,"(25, 23)",taxation,6,0.25,False,True,False
14,61,102899.0,"(41, 9)",taxation,6,0.25,False,True,False
14,62,85773.0,"(0, 38)",taxation,6,0.25,False,True,False
14,63,81467.0,"(27, 26)",taxation,6,0.25,False,True,False
14,64,85745.0,"(36, 2)",taxation,6,0.25,False,True,False
14,65,98613.0,"(43, 12)",taxation,6,0.25,False,True,False
14,66,94319.0,"(24, 32)",taxation,6,0.25,False,True,False
14,67,64330.0,"(18, 25)",taxation,6,0.25,False,True,False
14,68,72892.0,"(12, 48)",taxation,6,0.25,False,True,False
14,69,94337.0,"(4, 43)",taxation,6,0.25,False,True,False
14,70,90052.0,"(22, 10)",taxation,6,0.25,False,True,False
14,71,94327.0,"(43, 16)",taxation,6,0.25,False,True,False
14,72,98596.0,"(1, 31)",taxation,6,0.25,False,True,False
14,73,90050.0,"(1, 42)",taxation,6,0.25,False,True,False
14,77,72896.0,"(17, 47)",taxation,6,0.25,False,True,False
14,78,81459.0,"(16, 24)",taxation,6,0.25,False,True,False
14,79,81463.0,"(23, 20)",taxation,6,0.25,False,True,False
14,80,94319.0,"(44, 18)",taxation,6,0.25,False,True,False
14,81,81489.0,"(42, 14)",taxation,6,0.25,False,True,False
14,82,90034.0,"(25, 28)",taxation,6,0.25,False,True,False
14,83,94317.0,"(28, 3)",taxation,6,0.25,False,True,False
14,84,85772.0,"(22, 27)",taxation,6,0.25,False,True,False
14,85,77175.0,"(42, 16)",taxation,6,0.25,False,True,False
14,86,85771.0,"(21, 34)",taxation,6,0.25,False,True,False
14,87,85747.0,"(22, 21)",taxation,6,0.25,False,True,False
14,88,85747.0,"(32, 3)",taxation,6,0.25,False,True,False
14,89,90048.0,"(19, 30)",taxation,6,0.25,False,True,False
14,90,77196.0,"(39, 15)",taxation,6,0.25,False,True,False
14,91,94324.0,"(24, 21)",taxation,6,0.25,False,True,False
14,92,94307.0,"(15, 28)",taxation,6,0.25,False,True,False
14,93,38606.0,"(42, 18)",taxation,6,0.25,False,True,False
14,95,98610.0,"(26, 26)",taxation,6,0.25,False,True,False
14,96,98606.0,"(12, 47)",taxation,6,0.25,False,True,False
14,97,68613.0,"(31, 28)",taxation,6,0.25,False,True,False
14,99,81465.0,"(26, 30)",taxation,6,0.25,False,True,False
14,100,85775.0,"(26, 24)",taxation,6,0.25,False,True,False
14,101,85773.0,"(44, 21)",taxation,6,0.25,False,True,False
14,102,60046.0,"(25, 26)",taxation,6,0.25,False,True,False
14,103,85746.0,"(20, 17)",taxation,6,0.25,False,True,False
14,104,81482.0,"(42, 17)",taxation,6,0.25,False,True,False
14,105,77200.0,"(23, 28)",taxation,6,0.25,False,True,False
14,106,81480.0,"(35, 3)",taxation,6,0.25,False,True,False
14,107,94329.0,"(31, 26)",taxation,6,0.25,False,True,False
14,108,47179.0,"(0, 37)",taxation,6,0.25,False,True,False
14,109,85771.0,"(20, 46)",taxation,6,0.25,False,True,False
14,110,98599.0,"(19, 26)",taxation,6,0.25,False,True,False
14,111,94314.0,"(22, 9)",taxation,6,0.25,False,True,False
14,112,94318.0,"(23, 40)",taxation,6,0.25,False,True,False
14,113,90024.0,"(22, 12)",taxation,6,0.25,False,True,False
14,114,98603.0,"(43, 18)",taxation,6,0.25,False,True,False
14,115,94315.0,"(28, 25)",taxation,6,0.25,False,True,False
14,116,94338.0,"(10, 47)",taxation,6,0.25,False,True,False
14,117,77176.0,"(26, 28)",taxation,6,0.25,False,True,False
14,118,94326.0,"(39, 8)",taxation,6,0.25,False,True,False
14,119,85767.0,"(27, 20)",taxation,6,0.25,False,True,False
14,120,98591.0,"(29, 3)",taxation,6,0.25,False,True,False
14,121,85772.0,"(1, 41)",taxation,6,0.25,False,True,False
14,122,72887.0,"(17, 25)",taxation,6,0.25,False,True,False
14,123,98612.0,"(34, 2)",taxation,6,0.25,False,True,False
14,124,81479.0,"(24, 28)",taxation,6,0.25,False,True,False
14,125,94335.0,"(21, 28)",taxation,6,0.25,False,True,False
14,126,85745.0,"(26, 21)",taxation,6,0.25,False,True,False
14,127,90024.0,"(21, 12)",taxation,6,0.25,False,True,False
14,128,94324.0,"(36, 28)",taxation,6,0.25,False,True,False
14,129,81486.0,"(24, 29)",taxation,6,0.25,False,True,False
14,130,94329.0,"(41, 20)",taxation,6,0.25,False,True,False
14,131,85765.0,"(26, 29)",taxation,6,0.25,False,True,False
14,132,94337.0,"(24, 26)",taxation,6,0.25,False,True,False
14,133,77181.0,"(5, 27)",taxation,6,0.25,False,True,False
14,134,85759.0,"(42, 15)",taxation,6,0.25,False,True,False
14,135,85752.0,"(13, 49)",taxation,6,0.25,False,True,False
14,136,68609.0,"(33, 27)",taxation,6,0.25,False,True,False
14,137,77177.0,"(38, 3)",taxation,6,0.25,False,True,False
14,138,90034.0,"(23, 21)",taxation,6,0.25,False,True,False
14,141,68628.0,"(20, 31)",taxation,6,0.25,False,True,False
14,143,85742.0,"(22, 25)",taxation,6,0.25,False,True,False
14,145,90033.0,"(42, 23)",taxation,6,0.25,False,True,False
14,147,85748.0,"(35, 2)",taxation,6,0.25,False,True,False
14,148,68604.0,"(26, 27)",taxation,6,0.25,False,True,False
14,150,72896.0,"(0, 32)",taxation,6,0.25,False,True,False
14,151,68611.0,"(38, 28)",taxation,6,0.25,False,True,False
14,152,90050.0,"(2, 40)",taxation,6,0.25,False,True,False
14,153,42886.0,"(39, 26)",taxation,6,0.25,False,True,False
14,155,90042.0,"(43, 17)",taxation,6,0.25,False,True,False
14,156,64324.0,"(27, 29)",taxation,6,0.25,False,True,False
14,157,81469.0,"(27, 25)",taxation,6,0.25,False,True,False
14,159,68624.0,"(37, 27)",taxation,6,0.25,False,True,False
14,160,77185.0,"(0, 34)",taxation,6,0.25,False,True,False
14,161,72883.0,"(21, 11)",taxation,6,0.25,False,True,False
14,162,90031.0,"(38, 26)",taxation,6,0.25,False,True,False
14,163,102896.0,"(20, 45)",taxation,6,0.25,False,True,False
14,164,90040.0,"(40, 8)",taxation,6,0.25,False,True,False
14,165,102889.0,"(42, 13)",taxation,6,0.25,False,True,False
14,166,81479.0,"(21, 9)",taxation,6,0.25,False,True,False
14,168,94329.0,"(44, 17)",taxation,6,0.25,False,True,False
14,169,68620.0,"(23, 26)",taxation,6,0.25,False,True,False
14,171,85772.0,"(24, 31)",taxation,6,0.25,False,True,False
14,174,94313.0,"(39, 25)",taxation,6,0.25,False,True,False
14,175,72888.0,"(44, 19)",taxation,6,0.25,False,True,False
14,177,85775.0,"(41, 10)",taxation,6,0.25,False,True,False
14,178,94331.0,"(36, 3)",taxation,6,0.25,False,True,False
14,180,85775.0,"(15, 48)",taxation,6,0.25,False,True,False
14,181,85765.00000000001,"(14, 48)",taxation,6,0.25,False,True,False
14,182,90035.0,"(21, 23)",taxation,6,0.25,False,True,False
14,183,60032.0,"(44, 22)",taxation,6,0.25,False,True,False
14,184,85756.0,"(16, 25)",taxation,6,0.25,False,True,False
14,185,85756.0,"(21, 13)",taxation,6,0.25,False,True,False
14,186,81481.0,"(22, 11)",taxation,6,0.25,False,True,False
14,188,85773.0,"(1, 30)",taxation,6,0.25,False,True,False
14,189,77196.0,"(21, 17)",taxation,6,0.25,False,True,False
14,190,85776.0,"(0, 40)",taxation,6,0.25,False,True,False
14,191,98600.0,"(34, 28)",taxation,6,0.25,False,True,False
14,192,77208.0,"(42, 19)",taxation,6,0.25,False,True,False
14,193,77206.0,"(21, 21)",taxation,6,0.25,False,True,False
14,194,77206.0,"(23, 24)",taxation,6,0.25,False,True,False
14,195,38606.0,"(29, 22)",taxation,6,0.25,False,True,False
14,196,60040.0,"(24, 19)",taxation,6,0.25,False,True,False
14,197,68593.0,"(0, 33)",taxation,6,0.25,False,True,False
14,199,98592.0,"(30, 3)",taxation,6,0.25,False,True,False
14,200,81464.0,"(21, 14)",taxation,6,0.25,False,True,False
14,201,60036.0,"(35, 27)",taxation,6,0.25,False,True,False
14,202,98603.0,"(23, 12)",taxation,6,0.25,False,True,False
14,203,102892.0,"(28, 26)",taxation,6,0.25,False,True,False
14,204,94321.0,"(44, 20)",taxation,6,0.25,False,True,False
14,205,42885.0,"(23, 16)",taxation,6,0.25,False,True,False
14,207,68609.0,"(26, 20)",taxation,6,0.25,False,True,False
14,209,98615.0,"(41, 11)",taxation,6,0.25,False,True,False
14,210,102884.0,"(23, 30)",taxation,6,0.25,False,True,False
14,211,55751.0,"(26, 25)",taxation,6,0.25,False,True,False
14,212,90025.0,"(43, 22)",taxation,6,0.25,False,True,False
14,213,85774.0,"(0, 35)",taxation,6,0.25,False,True,False
14,214,55743.0,"(43, 11)",taxation,6,0.25,False,True,False
14,215,94320.0,"(24, 36)",taxation,6,0.25,False,True,False
14,216,94330.0,"(24, 23)",taxation,6,0.25,False,True,False
14,217,51461.0,"(7, 26)",taxation,6,0.25,False,True,False
14,218,98607.0,"(24, 30)",taxation,6,0.25,False,True,False
14,220,94329.0,"(26, 23)",taxation,6,0.25,False,True,False
14,221,81466.0,"(23, 23)",taxation,6,0.25,False,True,False
14,222,85772.0,"(0, 31)",taxation,6,0.25,False,True,False
14,223,60023.0,"(2, 30)",taxation,6,0.25,False,True,False
14,224,72907.0,"(24, 38)",taxation,6,0.25,False,True,False
14,225,90036.0,"(23, 18)",taxation,6,0.25,False,True,False
14,226,85745.0,"(36, 27)",taxation,6,0.25,False,True,False
14,227,94321.0,"(41, 21)",taxation,6,0.25,False,True,False
14,229,94337.0,"(8, 47)",taxation,6,0.25,False,True,False
14,230,68630.0,"(24, 27)",taxation,6,0.25,False,True,False
14,231,55746.0,"(22, 20)",taxation,6,0.25,False,True,False
14,232,51469.0,"(23, 25)",taxation,6,0.25,False,True,False
14,233,81465.0,"(34, 27)",taxation,6,0.25,False,True,False
14,234,90028.0,"(25, 25)",taxation,6,0.25,False,True,False
14,235,85756.0,"(45, 17)",taxation,6,0.25,False,True,False
14,236,85752.0,"(22, 18)",taxation,6,0.25,False,True,False
14,237,68611.0,"(23, 22)",taxation,6,0.25,False,True,False
14,238,85774.0,"(42, 10)",taxation,6,0.25,False,True,False
14,239,85746.0,"(23, 17)",taxation,6,0.25,False,True,False
14,243,81463.0,"(40, 20)",taxation,6,0.25,False,True,False
14,244,98624.0,"(1, 40)",taxation,6,0.25,False,True,False
14,245,94336.0,"(13, 47)",taxation,6,0.25,False,True,False
14,247,77198.0,"(22, 23)",taxation,6,0.25,False,True,False
14,248,85751.0,"(30, 25)",taxation,6,0.25,False,True,False
14,249,90030.0,"(30, 28)",taxation,6,0.25,False,True,False
14,219-2,75031.0,"(22, 29)",taxation,6,0.25,False,True,False
14,158-2,62175.0,"(37, 28)",taxation,6,0.25,False,True,False
14,139-2,77192.25,"(23, 19)",taxation,6,0.25,False,True,False
14,179-2,55777.5,"(28, 21)",taxation,6,0.25,False,True,False
14,28-2,58979.25,"(43, 14)",taxation,6,0.25,False,True,False
14,187-2,34318.0,"(33, 20)",taxation,6,0.25,False,True,False
14,146-2,25749.0,"(40, 24)",taxation,6,0.25,False,True,False
14,94-2,21481.0,"(2, 42)",taxation,6,0.25,False,True,False
14,154-2,30032.0,"(25, 29)",taxation,6,0.25,False,True,False
14,173-2,17182.0,"(27, 28)",taxation,6,0.25,False,True,False
14,240-2,21462.0,"(27, 21)",taxation,6,0.25,False,True,False
14,246-2,64321.0,"(15, 47)",taxation,6,0.25,False,True,False
14,98-2,34330.0,"(38, 6)",taxation,6,0.25,False,True,False
14,140-2,63.0,"(23, 29)",taxation,6,0.25,False,True,False
14,176-2,63.0,"(0, 41)",taxation,6,0.25,False,True,False
14,208-2,68602.25,"(21, 10)",taxation,6,0.25,False,True,False
14,170-2,58982.75,"(28, 22)",taxation,6,0.25,False,True,False
14,1-2,49305.25,"(6, 27)",taxation,6,0.25,False,True,False
14,23-2,69696.0,"(40, 9)",taxation,6,0.25,False,True,False
14,17-2,70743.5,"(24, 22)",taxation,6,0.25,False,True,False
14,31-2,77177.5,"(18, 24)",taxation,6,0.25,False,True,False
14,228-2,50393.0,"(25, 30)",taxation,6,0.25,False,True,False
14,149-2,57913.0,"(24, 25)",taxation,6,0.25,False,True,False
14,206-2,65396.25,"(14, 47)",taxation,6,0.25,False,True,False
14,242-2,28969.25,"(23, 15)",taxation,6,0.25,False,True,False
14,75-2,61117.0,"(8, 34)",taxation,6,0.25,False,True,False
14,74-2,75026.0,"(24, 37)",taxation,6,0.25,False,True,False
14,241-2,61101.5,"(36, 29)",taxation,6,0.25,False,True,False
14,42-2,48248.5,"(28, 28)",taxation,6,0.25,False,True,False
14,142-2,41813.75,"(38, 27)",taxation,6,0.25,False,True,False
14,172-2,70743.75,"(25, 5)",taxation,6,0.25,False,True,False
14,167-2,67538.75,"(42, 12)",taxation,6,0.25,False,True,False
14,38-2,67540.5,"(33, 25)",taxation,6,0.25,False,True,False
14,198-2,61118.5,"(16, 47)",taxation,6,0.25,False,True,False
14,0-2,45041.25,"(22, 16)",taxation,6,0.25,False,True,False
14,6-2,73957.0,"(11, 39)",taxation,6,0.25,False,True,False
14,76-2,64325.750000000015,"(2, 41)",taxation,6,0.25,False,True,False
14,144-2,64317.5,"(9, 47)",taxation,6,0.25,False,True,False
14,25-2,57891.0,"(17, 24)",taxation,6,0.25,False,True,False
14,40-2,70752.0,"(22, 28)",taxation,6,0.25,False,True,False
15,2,85748.0,"(5, 45)",taxation,6,0.25,False,True,False
15,3,51469.0,"(17, 15)",taxation,6,0.25,False,True,False
15,4,64324.0,"(16, 18)",taxation,6,0.25,False,True,False
15,5,38612.0,"(32, 33)",taxation,6,0.25,False,True,False
15,7,64335.0,"(24, 17)",taxation,6,0.25,False,True,False
15,8,85781.0,"(19, 46)",taxation,6,0.25,False,True,False
15,9,72918.0,"(24, 13)",taxation,6,0.25,False,True,False
15,11,68613.0,"(13, 21)",taxation,6,0.25,False,True,False
15,12,81477.0,"(16, 21)",taxation,6,0.25,False,True,False
15,13,81486.0,"(15, 19)",taxation,6,0.25,False,True,False
15,14,21467.0,"(29, 2)",taxation,6,0.25,False,True,False
15,15,77203.0,"(42, 6)",taxation,6,0.25,False,True,False
15,16,98631.0,"(14, 49)",taxation,6,0.25,False,True,False
15,18,98622.0,"(45, 10)",taxation,6,0.25,False,True,False
15,19,90040.0,"(16, 19)",taxation,6,0.25,False,True,False
15,20,81468.0,"(32, 2)",taxation,6,0.25,False,True,False
15,21,81482.0,"(46, 22)",taxation,6,0.25,False,True,False
15,22,98619.0,"(47, 15)",taxation,6,0.25,False,True,False
15,24,68628.0,"(24, 16)",taxation,6,0.25,False,True,False
15,26,68639.0,"(4, 46)",taxation,6,0.25,False,True,False
15,27,77192.0,"(35, 25)",taxation,6,0.25,False,True,False
15,29,85765.0,"(21, 24)",taxation,6,0.25,False,True,False
15,30,98621.0,"(23, 7)",taxation,6,0.25,False,True,False
15,32,94323.0,"(17, 19)",taxation,6,0.25,False,True,False
15,33,68637.0,"(29, 14)",taxation,6,0.25,False,True,False
15,34,77191.0,"(34, 33)",taxation,6,0.25,False,True,False
15,35,85784.0,"(1, 43)",taxation,6,0.25,False,True,False
15,36,64326.0,"(16, 20)",taxation,6,0.25,False,True,False
15,37,90049.0,"(46, 7)",taxation,6,0.25,False,True,False
15,39,60037.0,"(17, 14)",taxation,6,0.25,False,True,False
15,41,94344.0,"(8, 49)",taxation,6,0.25,False,True,False
15,43,85762.0,"(40, 4)",taxation,6,0.25,False,True,False
15,44,55769.0,"(28, 33)",taxation,6,0.25,False,True,False
15,45,90041.0,"(18, 18)",taxation,6,0.25,False,True,False
15,46,60049.0,"(45, 19)",taxation,6,0.25,False,True,False
15,47,60056.0,"(18, 29)",taxation,6,0.25,False,True,False
15,48,90040.0,"(46, 21)",taxation,6,0.25,False,True,False
15,49,81495.0,"(7, 47)",taxation,6,0.25,False,True,False
15,50,98616.0,"(0, 43)",taxation,6,0.25,False,True,False
15,51,90038.0,"(16, 16)",taxation,6,0.25,False,True,False
15,52,64324.0,"(32, 32)",taxation,6,0.25,False,True,False
15,53,55749.0,"(31, 3)",taxation,6,0.25,False,True,False
15,54,85774.0,"(43, 7)",taxation,6,0.25,False,True,False
15,55,94328.0,"(29, 33)",taxation,6,0.25,False,True,False
15,56,85758.0,"(28, 38)",taxation,6,0.25,False,True,False
15,57,77178.0,"(20, 15)",taxation,6,0.25,False,True,False
15,58,90032.0,"(15, 20)",taxation,6,0.25,False,True,False
15,59,77186.0,"(20, 27)",taxation,6,0.25,False,True,False
15,60,90049.0,"(30, 17)",taxation,6,0.25,False,True,False
15,61,102907.0,"(44, 5)",taxation,6,0.25,False,True,False
15,62,85781.0,"(3, 44)",taxation,6,0.25,False,True,False
15,63,81474.0,"(31, 32)",taxation,6,0.25,False,True,False
15,64,85753.0,"(37, 2)",taxation,6,0.25,False,True,False
15,65,98621.0,"(47, 12)",taxation,6,0.25,False,True,False
15,66,94326.0,"(29, 37)",taxation,6,0.25,False,True,False
15,67,64337.0,"(14, 19)",taxation,6,0.25,False,True,False
15,68,72901.0,"(12, 49)",taxation,6,0.25,False,True,False
15,69,94345.0,"(4, 45)",taxation,6,0.25,False,True,False
15,70,90059.0,"(22, 7)",taxation,6,0.25,False,True,False
15,71,94335.0,"(47, 16)",taxation,6,0.25,False,True,False
15,72,98603.0,"(1, 29)",taxation,6,0.25,False,True,False
15,73,90058.0,"(3, 45)",taxation,6,0.25,False,True,False
15,77,72904.0,"(18, 48)",taxation,6,0.25,False,True,False
15,78,81466.0,"(13, 20)",taxation,6,0.25,False,True,False
15,79,81470.0,"(17, 18)",taxation,6,0.25,False,True,False
15,80,94328.0,"(45, 18)",taxation,6,0.25,False,True,False
15,81,81498.0,"(46, 14)",taxation,6,0.25,False,True,False
15,82,90041.0,"(21, 27)",taxation,6,0.25,False,True,False
15,83,94325.0,"(27, 3)",taxation,6,0.25,False,True,False
15,84,85778.0,"(18, 31)",taxation,6,0.25,False,True,False
15,85,77183.0,"(47, 13)",taxation,6,0.25,False,True,False
15,86,85778.0,"(27, 39)",taxation,6,0.25,False,True,False
15,87,85755.0,"(21, 22)",taxation,6,0.25,False,True,False
15,88,85755.0,"(33, 2)",taxation,6,0.25,False,True,False
15,89,90054.0,"(16, 29)",taxation,6,0.25,False,True,False
15,90,77202.0,"(45, 15)",taxation,6,0.25,False,True,False
15,91,94326.0,"(25, 17)",taxation,6,0.25,False,True,False
15,92,94314.0,"(16, 28)",taxation,6,0.25,False,True,False
15,93,38614.0,"(47, 19)",taxation,6,0.25,False,True,False
15,95,98613.0,"(30, 32)",taxation,6,0.25,False,True,False
15,96,98615.0,"(11, 49)",taxation,6,0.25,False,True,False
15,97,68620.0,"(33, 34)",taxation,6,0.25,False,True,False
15,99,81471.0,"(21, 36)",taxation,6,0.25,False,True,False
15,100,85780.0,"(24, 18)",taxation,6,0.25,False,True,False
15,101,85781.0,"(48, 19)",taxation,6,0.25,False,True,False
15,102,60049.0,"(28, 32)",taxation,6,0.25,False,True,False
15,103,85753.0,"(20, 14)",taxation,6,0.25,False,True,False
15,104,81491.0,"(46, 13)",taxation,6,0.25,False,True,False
15,105,77203.0,"(27, 33)",taxation,6,0.25,False,True,False
15,106,81488.0,"(40, 3)",taxation,6,0.25,False,True,False
15,107,94336.0,"(37, 32)",taxation,6,0.25,False,True,False
15,108,47186.0,"(5, 38)",taxation,6,0.25,False,True,False
15,109,85779.0,"(18, 49)",taxation,6,0.25,False,True,False
15,110,98606.0,"(17, 29)",taxation,6,0.25,False,True,False
15,111,94321.0,"(21, 8)",taxation,6,0.25,False,True,False
15,112,94325.0,"(24, 41)",taxation,6,0.25,False,True,False
15,113,90031.0,"(20, 11)",taxation,6,0.25,False,True,False
15,114,98611.0,"(47, 18)",taxation,6,0.25,False,True,False
15,115,94320.0,"(34, 20)",taxation,6,0.25,False,True,False
15,116,94347.0,"(10, 48)",taxation,6,0.25,False,True,False
15,117,77183.0,"(32, 34)",taxation,6,0.25,False,True,False
15,118,94334.0,"(42, 4)",taxation,6,0.25,False,True,False
15,119,85774.0,"(24, 20)",taxation,6,0.25,False,True,False
15,120,98598.0,"(28, 2)",taxation,6,0.25,False,True,False
15,121,85781.0,"(5, 46)",taxation,6,0.25,False,True,False
15,122,72894.0,"(19, 25)",taxation,6,0.25,False,True,False
15,123,98620.0,"(39, 2)",taxation,6,0.25,False,True,False
15,124,81486.0,"(22, 26)",taxation,6,0.25,False,True,False
15,125,94342.0,"(20, 26)",taxation,6,0.25,False,True,False
15,126,85751.0,"(26, 22)",taxation,6,0.25,False,True,False
15,127,90031.0,"(18, 11)",taxation,6,0.25,False,True,False
15,128,94332.0,"(40, 26)",taxation,6,0.25,False,True,False
15,129,81491.0,"(30, 35)",taxation,6,0.25,False,True,False
15,130,94338.0,"(45, 20)",taxation,6,0.25,False,True,False
15,131,85772.0,"(30, 33)",taxation,6,0.25,False,True,False
15,132,94340.0,"(29, 32)",taxation,6,0.25,False,True,False
15,133,77188.0,"(4, 27)",taxation,6,0.25,False,True,False
15,134,85767.0,"(47, 17)",taxation,6,0.25,False,True,False
15,135,85760.0,"(17, 49)",taxation,6,0.25,False,True,False
15,136,68616.0,"(36, 32)",taxation,6,0.25,False,True,False
15,137,77185.0,"(38, 2)",taxation,6,0.25,False,True,False
15,138,90040.0,"(18, 19)",taxation,6,0.25,False,True,False
15,141,68634.0,"(21, 35)",taxation,6,0.25,False,True,False
15,143,85749.0,"(19, 23)",taxation,6,0.25,False,True,False
15,145,90041.0,"(43, 24)",taxation,6,0.25,False,True,False
15,147,85756.0,"(35, 1)",taxation,6,0.25,False,True,False
15,148,68611.0,"(20, 25)",taxation,6,0.25,False,True,False
15,150,72903.0,"(0, 29)",taxation,6,0.25,False,True,False
15,151,68619.0,"(44, 24)",taxation,6,0.25,False,True,False
15,152,90058.0,"(4, 44)",taxation,6,0.25,False,True,False
15,153,42895.0,"(45, 21)",taxation,6,0.25,False,True,False
15,155,90051.0,"(46, 16)",taxation,6,0.25,False,True,False
15,156,64331.0,"(31, 35)",taxation,6,0.25,False,True,False
15,157,81472.0,"(31, 31)",taxation,6,0.25,False,True,False
15,159,68632.0,"(43, 25)",taxation,6,0.25,False,True,False
15,160,77192.0,"(0, 30)",taxation,6,0.25,False,True,False
15,161,72890.0,"(18, 10)",taxation,6,0.25,False,True,False
15,162,90038.0,"(43, 26)",taxation,6,0.25,False,True,False
15,163,102904.0,"(19, 47)",taxation,6,0.25,False,True,False
15,164,90048.0,"(44, 6)",taxation,6,0.25,False,True,False
15,165,102898.0,"(45, 11)",taxation,6,0.25,False,True,False
15,166,81486.0,"(19, 9)",taxation,6,0.25,False,True,False
15,168,94338.0,"(46, 15)",taxation,6,0.25,False,True,False
15,169,68627.0,"(21, 26)",taxation,6,0.25,False,True,False
15,171,85779.0,"(29, 34)",taxation,6,0.25,False,True,False
15,174,94321.0,"(44, 23)",taxation,6,0.25,False,True,False
15,175,72896.0,"(46, 20)",taxation,6,0.25,False,True,False
15,177,85784.0,"(44, 8)",taxation,6,0.25,False,True,False
15,178,94339.0,"(39, 3)",taxation,6,0.25,False,True,False
15,181,85773.00000000001,"(17, 48)",taxation,6,0.25,False,True,False
15,182,90042.0,"(15, 18)",taxation,6,0.25,False,True,False
15,183,60040.0,"(45, 22)",taxation,6,0.25,False,True,False
15,184,85763.0,"(12, 21)",taxation,6,0.25,False,True,False
15,185,85763.0,"(18, 12)",taxation,6,0.25,False,True,False
15,186,81488.0,"(20, 10)",taxation,6,0.25,False,True,False
15,188,85780.0,"(2, 29)",taxation,6,0.25,False,True,False
15,189,77203.0,"(16, 17)",taxation,6,0.25,False,True,False
15,190,85784.0,"(2, 45)",taxation,6,0.25,False,True,False
15,191,98607.0,"(35, 32)",taxation,6,0.25,False,True,False
15,192,77217.0,"(47, 14)",taxation,6,0.25,False,True,False
15,193,77213.0,"(19, 22)",taxation,6,0.25,False,True,False
15,194,77213.0,"(18, 30)",taxation,6,0.25,False,True,False
15,195,38610.0,"(31, 17)",taxation,6,0.25,False,True,False
15,196,60047.0,"(20, 21)",taxation,6,0.25,False,True,False
15,197,68600.0,"(3, 29)",taxation,6,0.25,False,True,False
15,199,98600.0,"(30, 2)",taxation,6,0.25,False,True,False
15,200,81470.0,"(17, 11)",taxation,6,0.25,False,True,False
15,201,60043.0,"(35, 33)",taxation,6,0.25,False,True,False
15,202,98609.0,"(19, 8)",taxation,6,0.25,False,True,False
15,203,102896.0,"(34, 31)",taxation,6,0.25,False,True,False
15,204,94329.0,"(47, 20)",taxation,6,0.25,False,True,False
15,205,42891.0,"(17, 12)",taxation,6,0.25,False,True,False
15,207,68612.0,"(24, 15)",taxation,6,0.25,False,True,False
15,209,98623.0,"(46, 8)",taxation,6,0.25,False,True,False
15,210,102891.0,"(28, 35)",taxation,6,0.25,False,True,False
15,211,55754.0,"(30, 31)",taxation,6,0.25,False,True,False
15,213,85781.0,"(5, 39)",taxation,6,0.25,False,True,False
15,214,55752.0,"(46, 11)",taxation,6,0.25,False,True,False
15,215,94327.0,"(28, 37)",taxation,6,0.25,False,True,False
15,216,94337.0,"(20, 23)",taxation,6,0.25,False,True,False
15,217,51468.0,"(4, 26)",taxation,6,0.25,False,True,False
15,218,98614.0,"(30, 36)",taxation,6,0.25,False,True,False
15,220,94331.0,"(29, 25)",taxation,6,0.25,False,True,False
15,221,81473.0,"(20, 24)",taxation,6,0.25,False,True,False
15,222,85779.0,"(3, 31)",taxation,6,0.25,False,True,False
15,223,60030.0,"(1, 28)",taxation,6,0.25,False,True,False
15,224,72914.0,"(27, 38)",taxation,6,0.25,False,True,False
15,225,90043.0,"(18, 13)",taxation,6,0.25,False,True,False
15,226,85751.0,"(40, 31)",taxation,6,0.25,False,True,False
15,227,94330.0,"(46, 19)",taxation,6,0.25,False,True,False
15,229,94345.0,"(8, 48)",taxation,6,0.25,False,True,False
15,230,68632.0,"(26, 31)",taxation,6,0.25,False,True,False
15,231,55753.0,"(17, 16)",taxation,6,0.25,False,True,False
15,232,51472.0,"(19, 19)",taxation,6,0.25,False,True,False
15,233,81471.0,"(36, 33)",taxation,6,0.25,False,True,False
15,234,90034.0,"(19, 31)",taxation,6,0.25,False,True,False
15,235,85765.0,"(46, 17)",taxation,6,0.25,False,True,False
15,236,85758.0,"(18, 16)",taxation,6,0.25,False,True,False
15,237,68618.0,"(17, 17)",taxation,6,0.25,False,True,False
15,238,85782.0,"(45, 7)",taxation,6,0.25,False,True,False
15,239,85753.0,"(17, 13)",taxation,6,0.25,False,True,False
15,243,81472.0,"(46, 18)",taxation,6,0.25,False,True,False
15,244,98633.0,"(6, 46)",taxation,6,0.25,False,True,False
15,245,94344.0,"(16, 49)",taxation,6,0.25,False,True,False
15,247,77205.0,"(20, 22)",taxation,6,0.25,False,True,False
15,248,85755.0,"(34, 19)",taxation,6,0.25,False,True,False
15,249,90037.0,"(30, 34)",taxation,6,0.25,False,True,False
15,219-2,75037.0,"(17, 30)",taxation,6,0.25,False,True,False
15,158-2,62183.0,"(42, 25)",taxation,6,0.25,False,True,False
15,139-2,77195.25,"(17, 20)",taxation,6,0.25,False,True,False
15,179-2,55782.5,"(29, 15)",taxation,6,0.25,False,True,False
15,28-2,58988.25,"(46, 10)",taxation,6,0.25,False,True,False
15,187-2,34324.0,"(37, 25)",taxation,6,0.25,False,True,False
15,146-2,25756.0,"(44, 25)",taxation,6,0.25,False,True,False
15,94-2,21489.0,"(3, 43)",taxation,6,0.25,False,True,False
15,154-2,30039.0,"(28, 34)",taxation,6,0.25,False,True,False
15,173-2,17186.0,"(31, 33)",taxation,6,0.25,False,True,False
15,240-2,21469.0,"(31, 25)",taxation,6,0.25,False,True,False
15,246-2,64330.0,"(9, 49)",taxation,6,0.25,False,True,False
15,98-2,34338.0,"(37, 3)",taxation,6,0.25,False,True,False
15,140-2,67.0,"(27, 35)",taxation,6,0.25,False,True,False
15,176-2,71.0,"(2, 44)",taxation,6,0.25,False,True,False
15,208-2,68610.25,"(26, 4)",taxation,6,0.25,False,True,False
15,170-2,58986.75,"(32, 19)",taxation,6,0.25,False,True,False
15,1-2,49312.25,"(5, 28)",taxation,6,0.25,False,True,False
15,23-2,69705.0,"(45, 9)",taxation,6,0.25,False,True,False
15,17-2,70745.5,"(25, 19)",taxation,6,0.25,False,True,False
15,31-2,77184.5,"(18, 23)",taxation,6,0.25,False,True,False
15,228-2,50400.0,"(29, 36)",taxation,6,0.25,False,True,False
15,149-2,57920.0,"(19, 24)",taxation,6,0.25,False,True,False
15,206-2,65404.25,"(16, 48)",taxation,6,0.25,False,True,False
15,242-2,28976.25,"(18, 14)",taxation,6,0.25,False,True,False
15,75-2,61124.0,"(6, 38)",taxation,6,0.25,False,True,False
15,74-2,75033.0,"(25, 41)",taxation,6,0.25,False,True,False
15,241-2,61108.5,"(37, 31)",taxation,6,0.25,False,True,False
15,42-2,48255.5,"(31, 34)",taxation,6,0.25,False,True,False
15,142-2,41821.75,"(41, 25)",taxation,6,0.25,False,True,False
15,172-2,70750.75,"(24, 5)",taxation,6,0.25,False,True,False
15,167-2,67547.75,"(46, 12)",taxation,6,0.25,False,True,False
15,38-2,67546.5,"(39, 31)",taxation,6,0.25,False,True,False
15,198-2,61127.5,"(10, 49)",taxation,6,0.25,False,True,False
15,0-2,45047.25,"(18, 15)",taxation,6,0.25,False,True,False
15,6-2,73964.0,"(12, 37)",taxation,6,0.25,False,True,False
15,76-2,64333.750000000015,"(2, 43)",taxation,6,0.25,False,True,False
15,144-2,64326.5,"(9, 48)",taxation,6,0.25,False,True,False
15,25-2,57898.0,"(14, 20)",taxation,6,0.25,False,True,False
15,40-2,70759.0,"(21, 25)",taxation,6,0.25,False,True,False
15,10-2,67535.25,"(36, 31)",taxation,6,0.25,False,True,False
15,180-2,64337.25,"(15, 49)",taxation,6,0.25,False,True,False
15,212-2,67524.75,"(47, 21)",taxation,6,0.25,False,True,False
16,2,85757.0,"(5, 48)",taxation,6,0.25,False,True,False
16,3,51476.0,"(14, 13)",taxation,6,0.25,False,True,False
16,5,38619.0,"(35, 35)",taxation,6,0.25,False,True,False
16,7,64340.0,"(24, 12)",taxation,6,0.25,False,True,False
16,8,85789.0,"(21, 46)",taxation,6,0.25,False,True,False
16,9,72925.0,"(20, 7)",taxation,6,0.25,False,True,False
16,11,68620.0,"(11, 19)",taxation,6,0.25,False,True,False
16,12,81484.0,"(10, 17)",taxation,6,0.25,False,True,False
16,13,81493.0,"(12, 16)",taxation,6,0.25,False,True,False
16,14,21475.0,"(29, 1)",taxation,6,0.25,False,True,False
16,15,77211.0,"(44, 4)",taxation,6,0.25,False,True,False
16,16,98639.0,"(19, 48)",taxation,6,0.25,False,True,False
16,18,98631.0,"(47, 10)",taxation,6,0.25,False,True,False
16,19,90047.0,"(14, 17)",taxation,6,0.25,False,True,False
16,20,81476.0,"(32, 1)",taxation,6,0.25,False,True,False
16,21,81489.0,"(48, 24)",taxation,6,0.25,False,True,False
16,22,98627.0,"(49, 15)",taxation,6,0.25,False,True,False
16,24,68634.0,"(19, 10)",taxation,6,0.25,False,True,False
16,26,68647.0,"(2, 47)",taxation,6,0.25,False,True,False
16,27,77199.0,"(41, 30)",taxation,6,0.25,False,True,False
16,29,85768.0,"(18, 20)",taxation,6,0.25,False,True,False
16,30,98628.0,"(21, 5)",taxation,6,0.25,False,True,False
16,32,94330.0,"(13, 17)",taxation,6,0.25,False,True,False
16,33,68642.0,"(34, 9)",taxation,6,0.25,False,True,False
16,34,77198.0,"(35, 34)",taxation,6,0.25,False,True,False
16,35,85793.0,"(3, 47)",taxation,6,0.25,False,True,False
16,36,64333.0,"(11, 17)",taxation,6,0.25,False,True,False
16,37,90057.0,"(47, 7)",taxation,6,0.25,False,True,False
16,39,60044.0,"(15, 14)",taxation,6,0.25,False,True,False
16,41,94352.0,"(3, 49)",taxation,6,0.25,False,True,False
16,43,85771.0,"(42, 3)",taxation,6,0.25,False,True,False
16,44,55776.0,"(34, 38)",taxation,6,0.25,False,True,False
16,45,90048.0,"(14, 14)",taxation,6,0.25,False,True,False
16,46,60057.0,"(48, 20)",taxation,6,0.25,False,True,False
16,47,60062.0,"(12, 29)",taxation,6,0.25,False,True,False
16,48,90048.0,"(48, 22)",taxation,6,0.25,False,True,False
16,49,81504.0,"(6, 47)",taxation,6,0.25,False,True,False
16,50,98625.0,"(2, 46)",taxation,6,0.25,False,True,False
16,51,90045.0,"(15, 16)",taxation,6,0.25,False,True,False
16,52,64331.0,"(37, 37)",taxation,6,0.25,False,True,False
16,53,55756.0,"(33, 3)",taxation,6,0.25,False,True,False
16,55,94335.0,"(30, 37)",taxation,6,0.25,False,True,False
16,56,85766.0,"(22, 44)",taxation,6,0.25,False,True,False
16,57,77185.0,"(16, 12)",taxation,6,0.25,False,True,False
16,58,90039.0,"(10, 20)",taxation,6,0.25,False,True,False
16,59,77193.0,"(14, 28)",taxation,6,0.25,False,True,False
16,60,90053.0,"(33, 16)",taxation,6,0.25,False,True,False
16,61,102915.0,"(45, 4)",taxation,6,0.25,False,True,False
16,62,85789.0,"(1, 46)",taxation,6,0.25,False,True,False
16,64,85761.0,"(36, 1)",taxation,6,0.25,False,True,False
16,65,98630.0,"(47, 11)",taxation,6,0.25,False,True,False
16,66,94334.0,"(23, 42)",taxation,6,0.25,False,True,False
16,67,64344.0,"(12, 18)",taxation,6,0.25,False,True,False
16,68,72910.0,"(7, 49)",taxation,6,0.25,False,True,False
16,69,94354.0,"(4, 49)",taxation,6,0.25,False,True,False
16,70,90067.0,"(24, 3)",taxation,6,0.25,False,True,False
16,71,94343.0,"(49, 16)",taxation,6,0.25,False,True,False
16,72,98610.0,"(1, 27)",taxation,6,0.25,False,True,False
16,73,90067.0,"(4, 47)",taxation,6,0.25,False,True,False
16,77,72912.0,"(20, 48)",taxation,6,0.25,False,True,False
16,78,81473.0,"(10, 18)",taxation,6,0.25,False,True,False
16,79,81477.0,"(15, 13)",taxation,6,0.25,False,True,False
16,80,94337.0,"(48, 18)",taxation,6,0.25,False,True,False
16,81,81506.0,"(49, 14)",taxation,6,0.25,False,True,False
16,82,90044.0,"(19, 32)",taxation,6,0.25,False,True,False
16,84,85785.0,"(13, 37)",taxation,6,0.25,False,True,False
16,85,77191.0,"(49, 13)",taxation,6,0.25,False,True,False
16,86,85785.0,"(28, 40)",taxation,6,0.25,False,True,False
16,87,85758.0,"(18, 21)",taxation,6,0.25,False,True,False
16,88,85763.0,"(33, 1)",taxation,6,0.25,False,True,False
16,89,90061.0,"(15, 35)",taxation,6,0.25,False,True,False
16,90,77211.0,"(48, 16)",taxation,6,0.25,False,True,False
16,91,94330.0,"(29, 13)",taxation,6,0.25,False,True,False
16,92,94320.0,"(11, 28)",taxation,6,0.25,False,True,False
16,93,38622.0,"(49, 20)",taxation,6,0.25,False,True,False
16,95,98618.0,"(28, 36)",taxation,6,0.25,False,True,False
16,96,98624.0,"(5, 49)",taxation,6,0.25,False,True,False
16,97,68627.0,"(37, 36)",taxation,6,0.25,False,True,False
16,99,81478.0,"(27, 40)",taxation,6,0.25,False,True,False
16,100,85785.0,"(25, 12)",taxation,6,0.25,False,True,False
16,101,85789.0,"(49, 19)",taxation,6,0.25,False,True,False
16,102,60054.0,"(29, 35)",taxation,6,0.25,False,True,False
16,103,85760.0,"(16, 10)",taxation,6,0.25,False,True,False
16,104,81500.0,"(48, 12)",taxation,6,0.25,False,True,False
16,105,77210.0,"(31, 39)",taxation,6,0.25,False,True,False
16,106,81497.0,"(43, 4)",taxation,6,0.25,False,True,False
16,107,94343.0,"(37, 33)",taxation,6,0.25,False,True,False
16,108,47194.0,"(6, 41)",taxation,6,0.25,False,True,False
16,109,85787.0,"(19, 49)",taxation,6,0.25,False,True,False
16,110,98613.0,"(14, 34)",taxation,6,0.25,False,True,False
16,111,94329.0,"(25, 3)",taxation,6,0.25,False,True,False
16,112,94333.0,"(23, 43)",taxation,6,0.25,False,True,False
16,113,90038.0,"(17, 9)",taxation,6,0.25,False,True,False
16,114,98619.0,"(49, 18)",taxation,6,0.25,False,True,False
16,115,94326.0,"(39, 24)",taxation,6,0.25,False,True,False
16,116,94355.0,"(9, 44)",taxation,6,0.25,False,True,False
16,117,77190.0,"(33, 35)",taxation,6,0.25,False,True,False
16,118,94342.0,"(43, 3)",taxation,6,0.25,False,True,False
16,119,85777.0,"(20, 18)",taxation,6,0.25,False,True,False
16,120,98605.0,"(28, 1)",taxation,6,0.25,False,True,False
16,121,85790.0,"(5, 47)",taxation,6,0.25,False,True,False
16,122,72901.0,"(13, 28)",taxation,6,0.25,False,True,False
16,123,98629.0,"(41, 3)",taxation,6,0.25,False,True,False
16,124,81490.0,"(17, 21)",taxation,6,0.25,False,True,False
16,125,94345.0,"(16, 30)",taxation,6,0.25,False,True,False
16,126,85754.0,"(30, 24)",taxation,6,0.25,False,True,False
16,127,90038.0,"(17, 10)",taxation,6,0.25,False,True,False
16,128,94340.0,"(45, 25)",taxation,6,0.25,False,True,False
16,129,81498.0,"(32, 38)",taxation,6,0.25,False,True,False
16,130,94345.0,"(45, 16)",taxation,6,0.25,False,True,False
16,131,85779.0,"(32, 39)",taxation,6,0.25,False,True,False
16,132,94347.0,"(31, 37)",taxation,6,0.25,False,True,False
16,133,77196.0,"(3, 27)",taxation,6,0.25,False,True,False
16,134,85775.0,"(49, 12)",taxation,6,0.25,False,True,False
16,135,85768.0,"(20, 47)",taxation,6,0.25,False,True,False
16,136,68622.0,"(39, 34)",taxation,6,0.25,False,True,False
16,137,77193.0,"(38, 1)",taxation,6,0.25,False,True,False
16,138,90047.0,"(13, 16)",taxation,6,0.25,False,True,False
16,141,68641.0,"(27, 41)",taxation,6,0.25,False,True,False
16,143,85756.0,"(14, 21)",taxation,6,0.25,False,True,False
16,145,90048.0,"(46, 26)",taxation,6,0.25,False,True,False
16,147,85764.0,"(35, 0)",taxation,6,0.25,False,True,False
16,148,68617.0,"(15, 21)",taxation,6,0.25,False,True,False
16,150,72911.0,"(2, 26)",taxation,6,0.25,False,True,False
16,151,68627.0,"(45, 24)",taxation,6,0.25,False,True,False
16,152,90067.0,"(4, 48)",taxation,6,0.25,False,True,False
16,153,42903.0,"(46, 23)",taxation,6,0.25,False,True,False
16,155,90059.0,"(48, 15)",taxation,6,0.25,False,True,False
16,156,64338.0,"(29, 40)",taxation,6,0.25,False,True,False
16,157,81479.0,"(35, 36)",taxation,6,0.25,False,True,False
16,159,68640.0,"(46, 25)",taxation,6,0.25,False,True,False
16,160,77200.0,"(0, 28)",taxation,6,0.25,False,True,False
16,161,72897.0,"(18, 9)",taxation,6,0.25,False,True,False
16,162,90046.0,"(47, 24)",taxation,6,0.25,False,True,False
16,163,102912.0,"(21, 45)",taxation,6,0.25,False,True,False
16,164,90056.0,"(46, 5)",taxation,6,0.25,False,True,False
16,165,102906.0,"(49, 10)",taxation,6,0.25,False,True,False
16,166,81493.0,"(18, 8)",taxation,6,0.25,False,True,False
16,168,94347.0,"(48, 9)",taxation,6,0.25,False,True,False
16,169,68630.0,"(17, 28)",taxation,6,0.25,False,True,False
16,171,85786.0,"(30, 38)",taxation,6,0.25,False,True,False
16,174,94329.0,"(46, 24)",taxation,6,0.25,False,True,False
16,175,72904.0,"(49, 17)",taxation,6,0.25,False,True,False
16,177,85792.0,"(45, 5)",taxation,6,0.25,False,True,False
16,178,94347.0,"(40, 2)",taxation,6,0.25,False,True,False
16,181,85781.00000000001,"(21, 48)",taxation,6,0.25,False,True,False
16,182,90049.0,"(11, 16)",taxation,6,0.25,False,True,False
16,183,60048.0,"(45, 23)",taxation,6,0.25,False,True,False
16,184,85770.0,"(11, 20)",taxation,6,0.25,False,True,False
16,185,85769.0,"(16, 9)",taxation,6,0.25,False,True,False
16,186,81496.0,"(24, 4)",taxation,6,0.25,False,True,False
16,188,85788.0,"(3, 28)",taxation,6,0.25,False,True,False
16,190,85792.0,"(1, 45)",taxation,6,0.25,False,True,False
16,191,98613.0,"(38, 35)",taxation,6,0.25,False,True,False
16,192,77226.0,"(48, 14)",taxation,6,0.25,False,True,False
16,193,77217.0,"(13, 23)",taxation,6,0.25,False,True,False
16,194,77220.0,"(14, 29)",taxation,6,0.25,False,True,False
16,195,38614.0,"(30, 13)",taxation,6,0.25,False,True,False
16,196,60052.0,"(15, 22)",taxation,6,0.25,False,True,False
16,197,68608.0,"(4, 28)",taxation,6,0.25,False,True,False
16,199,98608.0,"(30, 1)",taxation,6,0.25,False,True,False
16,200,81477.0,"(15, 11)",taxation,6,0.25,False,True,False
16,201,60050.0,"(38, 34)",taxation,6,0.25,False,True,False
16,202,98616.0,"(15, 9)",taxation,6,0.25,False,True,False
16,203,102903.0,"(37, 35)",taxation,6,0.25,False,True,False
16,204,94337.0,"(49, 21)",taxation,6,0.25,False,True,False
16,205,42898.0,"(16, 11)",taxation,6,0.25,False,True,False
16,207,68616.0,"(25, 11)",taxation,6,0.25,False,True,False
16,209,98632.0,"(47, 8)",taxation,6,0.25,False,True,False
16,210,102898.0,"(29, 38)",taxation,6,0.25,False,True,False
16,211,55761.0,"(33, 36)",taxation,6,0.25,False,True,False
16,213,85789.0,"(5, 40)",taxation,6,0.25,False,True,False
16,214,55760.0,"(49, 11)",taxation,6,0.25,False,True,False
16,215,94335.0,"(24, 42)",taxation,6,0.25,False,True,False
16,216,94340.0,"(14, 23)",taxation,6,0.25,False,True,False
16,217,51476.0,"(3, 26)",taxation,6,0.25,False,True,False
16,218,98621.0,"(30, 39)",taxation,6,0.25,False,True,False
16,220,94336.0,"(35, 31)",taxation,6,0.25,False,True,False
16,221,81477.0,"(14, 30)",taxation,6,0.25,False,True,False
16,222,85787.0,"(4, 29)",taxation,6,0.25,False,True,False
16,223,60037.0,"(2, 28)",taxation,6,0.25,False,True,False
16,224,72922.0,"(22, 43)",taxation,6,0.25,False,True,False
16,225,90050.0,"(15, 12)",taxation,6,0.25,False,True,False
16,226,85758.0,"(40, 32)",taxation,6,0.25,False,True,False
16,227,94338.0,"(48, 21)",taxation,6,0.25,False,True,False
16,229,94354.0,"(7, 48)",taxation,6,0.25,False,True,False
16,230,68638.0,"(21, 37)",taxation,6,0.25,False,True,False
16,231,55759.0,"(13, 12)",taxation,6,0.25,False,True,False
16,232,51479.0,"(13, 18)",taxation,6,0.25,False,True,False
16,233,81478.0,"(38, 33)",taxation,6,0.25,False,True,False
16,234,90041.0,"(15, 29)",taxation,6,0.25,False,True,False
16,235,85774.0,"(48, 11)",taxation,6,0.25,False,True,False
16,236,85765.0,"(15, 15)",taxation,6,0.25,False,True,False
16,237,68625.0,"(14, 12)",taxation,6,0.25,False,True,False
16,238,85791.0,"(47, 9)",taxation,6,0.25,False,True,False
16,239,85760.0,"(16, 13)",taxation,6,0.25,False,True,False
16,243,81480.0,"(48, 17)",taxation,6,0.25,False,True,False
16,244,98641.0,"(3, 46)",taxation,6,0.25,False,True,False
16,245,94352.0,"(21, 49)",taxation,6,0.25,False,True,False
16,247,77208.0,"(19, 18)",taxation,6,0.25,False,True,False
16,248,85761.0,"(40, 16)",taxation,6,0.25,False,True,False
16,249,90044.0,"(29, 39)",taxation,6,0.25,False,True,False
16,219-2,75043.0,"(13, 34)",taxation,6,0.25,False,True,False
16,158-2,62191.0,"(48, 23)",taxation,6,0.25,False,True,False
16,139-2,77202.25,"(11, 18)",taxation,6,0.25,False,True,False
16,179-2,55787.5,"(33, 9)",taxation,6,0.25,False,True,False
16,28-2,58996.25,"(48, 8)",taxation,6,0.25,False,True,False
16,187-2,34330.0,"(41, 23)",taxation,6,0.25,False,True,False
16,146-2,25764.0,"(47, 23)",taxation,6,0.25,False,True,False
16,94-2,21497.0,"(1, 44)",taxation,6,0.25,False,True,False
16,154-2,30045.0,"(30, 40)",taxation,6,0.25,False,True,False
16,173-2,17192.0,"(37, 38)",taxation,6,0.25,False,True,False
16,240-2,21474.0,"(36, 30)",taxation,6,0.25,False,True,False
16,246-2,64339.0,"(6, 49)",taxation,6,0.25,False,True,False
16,98-2,34346.0,"(37, 1)",taxation,6,0.25,False,True,False
16,140-2,74.0,"(28, 39)",taxation,6,0.25,False,True,False
16,176-2,80.0,"(3, 48)",taxation,6,0.25,False,True,False
16,208-2,68618.25,"(25, 4)",taxation,6,0.25,False,True,False
16,170-2,58991.75,"(38, 24)",taxation,6,0.25,False,True,False
16,1-2,49320.25,"(5, 29)",taxation,6,0.25,False,True,False
16,23-2,69713.0,"(48, 10)",taxation,6,0.25,False,True,False
16,17-2,70749.5,"(31, 16)",taxation,6,0.25,False,True,False
16,31-2,77190.5,"(12, 22)",taxation,6,0.25,False,True,False
16,228-2,50407.0,"(31, 38)",taxation,6,0.25,False,True,False
16,149-2,57925.0,"(13, 22)",taxation,6,0.25,False,True,False
16,206-2,65412.25,"(20, 49)",taxation,6,0.25,False,True,False
16,242-2,28982.25,"(15, 10)",taxation,6,0.25,False,True,False
16,75-2,61132.0,"(6, 40)",taxation,6,0.25,False,True,False
16,74-2,75041.0,"(24, 43)",taxation,6,0.25,False,True,False
16,241-2,61115.5,"(39, 32)",taxation,6,0.25,False,True,False
16,42-2,48262.5,"(34, 39)",taxation,6,0.25,False,True,False
16,142-2,41828.75,"(45, 27)",taxation,6,0.25,False,True,False
16,172-2,70757.75,"(26, 3)",taxation,6,0.25,False,True,False
16,167-2,67555.75,"(48, 13)",taxation,6,0.25,False,True,False
16,38-2,67554.5,"(44, 26)",taxation,6,0.25,False,True,False
16,198-2,61136.5,"(6, 48)",taxation,6,0.25,False,True,False
16,0-2,45054.25,"(14, 11)",taxation,6,0.25,False,True,False
16,6-2,73972.0,"(7, 41)",taxation,6,0.25,False,True,False
16,76-2,64341.750000000015,"(0, 44)",taxation,6,0.25,False,True,False
16,144-2,64334.5,"(11, 44)",taxation,6,0.25,False,True,False
16,25-2,57905.0,"(10, 19)",taxation,6,0.25,False,True,False
16,40-2,70762.0,"(15, 23)",taxation,6,0.25,False,True,False
16,10-2,67542.25,"(39, 33)",taxation,6,0.25,False,True,False
16,180-2,64345.25,"(21, 47)",taxation,6,0.25,False,True,False
16,212-2,67532.75,"(47, 22)",taxation,6,0.25,False,True,False
16,63-2,61110.75,"(32, 36)",taxation,6,0.25,False,True,False
16,189-2,57907.5,"(14, 16)",taxation,6,0.25,False,True,False
16,54-2,64337.25,"(45, 6)",taxation,6,0.25,False,True,False
16,4-2,48248.25,"(12, 17)",taxation,6,0.25,False,True,False
16,83-2,70749.75,"(27, 2)",taxation,6,0.25,False,True,False
17,2,85766.0,"(2, 48)",taxation,6,0.25,False,True,False
17,3,51483.0,"(11, 11)",taxation,6,0.25,False,True,False
17,5,38626.0,"(39, 36)",taxation,6,0.25,False,True,False
17,7,64347.0,"(19, 7)",taxation,6,0.25,False,True,False
17,8,85797.0,"(22, 45)",taxation,6,0.25,False,True,False
17,9,72932.0,"(19, 6)",taxation,6,0.25,False,True,False
17,11,68627.0,"(9, 19)",taxation,6,0.25,False,True,False
17,12,81491.0,"(5, 19)",taxation,6,0.25,False,True,False
17,13,81500.0,"(8, 15)",taxation,6,0.25,False,True,False
17,14,21483.0,"(29, 0)",taxation,6,0.25,False,True,False
17,15,77219.0,"(44, 2)",taxation,6,0.25,False,True,False
17,16,98647.0,"(23, 48)",taxation,6,0.25,False,True,False
17,18,98639.0,"(49, 5)",taxation,6,0.25,False,True,False
17,19,90054.0,"(8, 18)",taxation,6,0.25,False,True,False
17,20,81484.0,"(32, 0)",taxation,6,0.25,False,True,False
17,21,81497.0,"(49, 26)",taxation,6,0.25,False,True,False
17,24,68641.0,"(20, 8)",taxation,6,0.25,False,True,False
17,26,68656.0,"(0, 47)",taxation,6,0.25,False,True,False
17,27,77206.0,"(42, 30)",taxation,6,0.25,False,True,False
17,29,85773.0,"(12, 19)",taxation,6,0.25,False,True,False
17,30,98635.0,"(21, 4)",taxation,6,0.25,False,True,False
17,32,94337.0,"(8, 17)",taxation,6,0.25,False,True,False
17,33,68649.0,"(34, 4)",taxation,6,0.25,False,True,False
17,34,77205.0,"(39, 35)",taxation,6,0.25,False,True,False
17,35,85801.0,"(6, 44)",taxation,6,0.25,False,True,False
17,36,64340.0,"(6, 20)",taxation,6,0.25,False,True,False
17,37,90065.0,"(46, 4)",taxation,6,0.25,False,True,False
17,39,60051.0,"(10, 16)",taxation,6,0.25,False,True,False
17,41,94361.0,"(2, 49)",taxation,6,0.25,False,True,False
17,43,85780.0,"(42, 2)",taxation,6,0.25,False,True,False
17,44,55783.0,"(31, 44)",taxation,6,0.25,False,True,False
17,45,90056.0,"(9, 20)",taxation,6,0.25,False,True,False
17,46,60065.0,"(49, 22)",taxation,6,0.25,False,True,False
17,47,60070.0,"(7, 34)",taxation,6,0.25,False,True,False
17,48,90056.0,"(49, 24)",taxation,6,0.25,False,True,False
17,49,81512.0,"(6, 45)",taxation,6,0.25,False,True,False
17,50,98633.0,"(5, 42)",taxation,6,0.25,False,True,False
17,51,90051.0,"(9, 15)",taxation,6,0.25,False,True,False
17,52,64338.0,"(42, 35)",taxation,6,0.25,False,True,False
17,53,55764.0,"(34, 1)",taxation,6,0.25,False,True,False
17,55,94342.0,"(30, 41)",taxation,6,0.25,False,True,False
17,56,85774.0,"(25, 47)",taxation,6,0.25,False,True,False
17,57,77192.0,"(16, 8)",taxation,6,0.25,False,True,False
17,58,90046.0,"(5, 20)",taxation,6,0.25,False,True,False
17,59,77201.0,"(9, 22)",taxation,6,0.25,False,True,False
17,60,90059.0,"(39, 17)",taxation,6,0.25,False,True,False
17,61,102923.0,"(45, 3)",taxation,6,0.25,False,True,False
17,62,85797.0,"(5, 43)",taxation,6,0.25,False,True,False
17,64,85769.0,"(36, 0)",taxation,6,0.25,False,True,False
17,65,98638.0,"(43, 8)",taxation,6,0.25,False,True,False
17,66,94343.0,"(22, 46)",taxation,6,0.25,False,True,False
17,67,64351.0,"(9, 17)",taxation,6,0.25,False,True,False
17,68,72918.0,"(10, 43)",taxation,6,0.25,False,True,False
17,69,94363.0,"(1, 49)",taxation,6,0.25,False,True,False
17,70,90075.0,"(25, 1)",taxation,6,0.25,False,True,False
17,71,94349.0,"(44, 10)",taxation,6,0.25,False,True,False
17,72,98618.0,"(0, 24)",taxation,6,0.25,False,True,False
17,73,90075.0,"(6, 43)",taxation,6,0.25,False,True,False
17,77,72920.0,"(23, 47)",taxation,6,0.25,False,True,False
17,78,81480.0,"(8, 19)",taxation,6,0.25,False,True,False
17,79,81484.0,"(10, 13)",taxation,6,0.25,False,True,False
17,80,94342.0,"(42, 22)",taxation,6,0.25,False,True,False
17,81,81512.0,"(45, 8)",taxation,6,0.25,False,True,False
17,82,90052.0,"(14, 38)",taxation,6,0.25,False,True,False
17,84,85794.0,"(8, 43)",taxation,6,0.25,False,True,False
17,85,77200.0,"(49, 9)",taxation,6,0.25,False,True,False
17,86,85792.0,"(28, 43)",taxation,6,0.25,False,True,False
17,87,85764.0,"(12, 23)",taxation,6,0.25,False,True,False
17,88,85771.0,"(34, 0)",taxation,6,0.25,False,True,False
17,89,90069.0,"(9, 41)",taxation,6,0.25,False,True,False
17,90,77219.0,"(45, 13)",taxation,6,0.25,False,True,False
17,91,94335.0,"(30, 12)",taxation,6,0.25,False,True,False
17,92,94328.0,"(6, 23)",taxation,6,0.25,False,True,False
17,93,38625.0,"(44, 16)",taxation,6,0.25,False,True,False
17,95,98625.0,"(28, 41)",taxation,6,0.25,False,True,False
17,96,98632.0,"(7, 45)",taxation,6,0.25,False,True,False
17,97,68634.0,"(40, 36)",taxation,6,0.25,False,True,False
17,99,81485.0,"(27, 42)",taxation,6,0.25,False,True,False
17,100,85791.0,"(28, 6)",taxation,6,0.25,False,True,False
17,101,85797.0,"(49, 25)",taxation,6,0.25,False,True,False
17,102,60060.0,"(27, 36)",taxation,6,0.25,False,True,False
17,103,85767.0,"(15, 8)",taxation,6,0.25,False,True,False
17,104,81508.0,"(42, 7)",taxation,6,0.25,False,True,False
17,105,77217.0,"(30, 43)",taxation,6,0.25,False,True,False
17,106,81506.0,"(41, 2)",taxation,6,0.25,False,True,False
17,107,94350.0,"(43, 30)",taxation,6,0.25,False,True,False
17,108,47203.0,"(8, 42)",taxation,6,0.25,False,True,False
17,109,85795.0,"(22, 49)",taxation,6,0.25,False,True,False
17,110,98621.0,"(8, 40)",taxation,6,0.25,False,True,False
17,111,94337.0,"(25, 2)",taxation,6,0.25,False,True,False
17,112,94341.0,"(25, 48)",taxation,6,0.25,False,True,False
17,113,90045.0,"(17, 7)",taxation,6,0.25,False,True,False
17,114,98624.0,"(44, 12)",taxation,6,0.25,False,True,False
17,115,94333.0,"(44, 27)",taxation,6,0.25,False,True,False
17,116,94363.0,"(8, 44)",taxation,6,0.25,False,True,False
17,117,77197.0,"(32, 40)",taxation,6,0.25,False,True,False
17,118,94350.0,"(43, 2)",taxation,6,0.25,False,True,False
17,119,85781.0,"(19, 17)",taxation,6,0.25,False,True,False
17,120,98613.0,"(28, 0)",taxation,6,0.25,False,True,False
17,121,85798.0,"(7, 44)",taxation,6,0.25,False,True,False
17,122,72908.0,"(11, 33)",taxation,6,0.25,False,True,False
17,123,98638.0,"(40, 1)",taxation,6,0.25,False,True,False
17,124,81496.0,"(11, 23)",taxation,6,0.25,False,True,False
17,125,94352.0,"(14, 35)",taxation,6,0.25,False,True,False
17,126,85759.0,"(36, 24)",taxation,6,0.25,False,True,False
17,127,90045.0,"(17, 8)",taxation,6,0.25,False,True,False
17,128,94348.0,"(48, 27)",taxation,6,0.25,False,True,False
17,129,81505.0,"(31, 40)",taxation,6,0.25,False,True,False
17,130,94352.0,"(40, 15)",taxation,6,0.25,False,True,False
17,131,85786.0,"(31, 43)",taxation,6,0.25,False,True,False
17,132,94354.0,"(31, 42)",taxation,6,0.25,False,True,False
17,133,77204.0,"(2, 24)",taxation,6,0.25,False,True,False
17,134,85781.0,"(43, 9)",taxation,6,0.25,False,True,False
17,135,85776.0,"(24, 47)",taxation,6,0.25,False,True,False
17,136,68629.0,"(44, 31)",taxation,6,0.25,False,True,False
17,137,77201.0,"(38, 0)",taxation,6,0.25,False,True,False
17,138,90054.0,"(7, 21)",taxation,6,0.25,False,True,False
17,141,68649.0,"(25, 46)",taxation,6,0.25,False,True,False
17,143,85763.0,"(8, 21)",taxation,6,0.25,False,True,False
17,145,90056.0,"(47, 26)",taxation,6,0.25,False,True,False
17,147,85772.0,"(37, 0)",taxation,6,0.25,False,True,False
17,148,68625.0,"(9, 21)",taxation,6,0.25,False,True,False
17,150,72919.0,"(1, 26)",taxation,6,0.25,False,True,False
17,151,68634.0,"(45, 29)",taxation,6,0.25,False,True,False
17,152,90076.0,"(0, 48)",taxation,6,0.25,False,True,False
17,153,42910.0,"(49, 28)",taxation,6,0.25,False,True,False
17,155,90065.0,"(43, 10)",taxation,6,0.25,False,True,False
17,156,64346.0,"(26, 45)",taxation,6,0.25,False,True,False
17,157,81486.0,"(39, 37)",taxation,6,0.25,False,True,False
17,159,68648.0,"(48, 25)",taxation,6,0.25,False,True,False
17,160,77208.0,"(0, 26)",taxation,6,0.25,False,True,False
17,161,72904.0,"(18, 6)",taxation,6,0.25,False,True,False
17,162,90053.0,"(47, 29)",taxation,6,0.25,False,True,False
17,163,102920.0,"(24, 48)",taxation,6,0.25,False,True,False
17,164,90064.0,"(47, 5)",taxation,6,0.25,False,True,False
17,165,102915.0,"(48, 7)",taxation,6,0.25,False,True,False
17,166,81501.0,"(22, 3)",taxation,6,0.25,False,True,False
17,168,94356.0,"(47, 6)",taxation,6,0.25,False,True,False
17,169,68637.0,"(12, 34)",taxation,6,0.25,False,True,False
17,171,85793.0,"(30, 42)",taxation,6,0.25,False,True,False
17,174,94337.0,"(47, 25)",taxation,6,0.25,False,True,False
17,175,72909.0,"(44, 14)",taxation,6,0.25,False,True,False
17,177,85801.0,"(44, 3)",taxation,6,0.25,False,True,False
17,178,94355.0,"(41, 1)",taxation,6,0.25,False,True,False
17,181,85790.00000000001,"(22, 48)",taxation,6,0.25,False,True,False
17,182,90056.0,"(6, 19)",taxation,6,0.25,False,True,False
17,183,60056.0,"(48, 26)",taxation,6,0.25,False,True,False
17,184,85777.0,"(6, 21)",taxation,6,0.25,False,True,False
17,185,85776.0,"(16, 6)",taxation,6,0.25,False,True,False
17,186,81504.0,"(27, 0)",taxation,6,0.25,False,True,False
17,188,85796.0,"(0, 27)",taxation,6,0.25,False,True,False
17,190,85800.0,"(4, 42)",taxation,6,0.25,False,True,False
17,191,98620.0,"(40, 35)",taxation,6,0.25,False,True,False
17,192,77232.0,"(46, 9)",taxation,6,0.25,False,True,False
17,193,77224.0,"(8, 20)",taxation,6,0.25,False,True,False
17,194,77227.0,"(10, 28)",taxation,6,0.25,False,True,False
17,195,38620.0,"(36, 9)",taxation,6,0.25,False,True,False
17,196,60059.0,"(11, 22)",taxation,6,0.25,False,True,False
17,197,68616.0,"(2, 27)",taxation,6,0.25,False,True,False
17,199,98616.0,"(30, 0)",taxation,6,0.25,False,True,False
17,200,81484.0,"(14, 8)",taxation,6,0.25,False,True,False
17,201,60057.0,"(40, 34)",taxation,6,0.25,False,True,False
17,202,98623.0,"(15, 6)",taxation,6,0.25,False,True,False
17,203,102910.0,"(42, 34)",taxation,6,0.25,False,True,False
17,204,94342.0,"(45, 26)",taxation,6,0.25,False,True,False
17,205,42905.0,"(18, 7)",taxation,6,0.25,False,True,False
17,207,68623.0,"(20, 6)",taxation,6,0.25,False,True,False
17,209,98640.0,"(47, 4)",taxation,6,0.25,False,True,False
17,210,102906.0,"(26, 42)",taxation,6,0.25,False,True,False
17,211,55768.0,"(31, 41)",taxation,6,0.25,False,True,False
17,213,85798.0,"(6, 42)",taxation,6,0.25,False,True,False
17,214,55768.0,"(49, 8)",taxation,6,0.25,False,True,False
17,215,94343.0,"(23, 46)",taxation,6,0.25,False,True,False
17,216,94347.0,"(8, 22)",taxation,6,0.25,False,True,False
17,217,51484.0,"(3, 24)",taxation,6,0.25,False,True,False
17,218,98629.0,"(25, 45)",taxation,6,0.25,False,True,False
17,220,94343.0,"(41, 33)",taxation,6,0.25,False,True,False
17,221,81485.0,"(8, 35)",taxation,6,0.25,False,True,False
17,222,85795.0,"(1, 25)",taxation,6,0.25,False,True,False
17,223,60045.0,"(0, 25)",taxation,6,0.25,False,True,False
17,224,72930.0,"(23, 45)",taxation,6,0.25,False,True,False
17,225,90057.0,"(10, 12)",taxation,6,0.25,False,True,False
17,226,85765.0,"(42, 31)",taxation,6,0.25,False,True,False
17,227,94344.0,"(43, 27)",taxation,6,0.25,False,True,False
17,229,94363.0,"(7, 43)",taxation,6,0.25,False,True,False
17,230,68646.0,"(15, 42)",taxation,6,0.25,False,True,False
17,231,55766.0,"(17, 6)",taxation,6,0.25,False,True,False
17,232,51486.0,"(7, 20)",taxation,6,0.25,False,True,False
17,233,81485.0,"(42, 33)",taxation,6,0.25,False,True,False
17,234,90048.0,"(12, 33)",taxation,6,0.25,False,True,False
17,235,85782.0,"(48, 5)",taxation,6,0.25,False,True,False
17,236,85771.0,"(12, 11)",taxation,6,0.25,False,True,False
17,237,68632.0,"(9, 13)",taxation,6,0.25,False,True,False
17,238,85799.0,"(49, 7)",taxation,6,0.25,False,True,False
17,239,85766.0,"(12, 12)",taxation,6,0.25,False,True,False
17,243,81485.0,"(44, 13)",taxation,6,0.25,False,True,False
17,244,98650.0,"(1, 47)",taxation,6,0.25,False,True,False
17,245,94360.0,"(23, 49)",taxation,6,0.25,False,True,False
17,247,77213.0,"(13, 15)",taxation,6,0.25,False,True,False
17,248,85769.0,"(45, 14)",taxation,6,0.25,False,True,False
17,219-2,75051.0,"(7, 35)",taxation,6,0.25,False,True,False
17,158-2,62199.0,"(49, 23)",taxation,6,0.25,False,True,False
17,139-2,77209.25,"(9, 18)",taxation,6,0.25,False,True,False
17,179-2,55794.5,"(30, 5)",taxation,6,0.25,False,True,False
17,28-2,59005.25,"(48, 6)",taxation,6,0.25,False,True,False
17,187-2,34337.0,"(42, 29)",taxation,6,0.25,False,True,False
17,146-2,25772.0,"(49, 27)",taxation,6,0.25,False,True,False
17,94-2,21506.0,"(0, 45)",taxation,6,0.25,False,True,False
17,154-2,30053.0,"(26, 43)",taxation,6,0.25,False,True,False
17,173-2,17199.0,"(41, 34)",taxation,6,0.25,False,True,False
17,240-2,21481.0,"(41, 31)",taxation,6,0.25,False,True,False
17,246-2,64348.0,"(0, 46)",taxation,6,0.25,False,True,False
17,98-2,34354.0,"(39, 0)",taxation,6,0.25,False,True,False
17,140-2,81.0,"(28, 42)",taxation,6,0.25,False,True,False
17,176-2,89.0,"(0, 49)",taxation,6,0.25,False,True,False
17,208-2,68626.25,"(26, 2)",taxation,6,0.25,False,True,False
17,170-2,58998.75,"(43, 20)",taxation,6,0.25,False,True,False
17,1-2,49328.25,"(6, 35)",taxation,6,0.25,False,True,False
17,23-2,69721.0,"(49, 6)",taxation,6,0.25,False,True,False
17,17-2,70755.5,"(37, 10)",taxation,6,0.25,False,True,False
17,31-2,77197.5,"(7, 22)",taxation,6,0.25,False,True,False
17,228-2,50414.0,"(29, 41)",taxation,6,0.25,False,True,False
17,149-2,57932.0,"(10, 22)",taxation,6,0.25,False,True,False
17,206-2,65420.25,"(24, 49)",taxation,6,0.25,False,True,False
17,242-2,28989.25,"(16, 7)",taxation,6,0.25,False,True,False
17,75-2,61140.0,"(7, 40)",taxation,6,0.25,False,True,False
17,74-2,75049.0,"(24, 45)",taxation,6,0.25,False,True,False
17,241-2,61122.5,"(41, 32)",taxation,6,0.25,False,True,False
17,42-2,48269.5,"(32, 42)",taxation,6,0.25,False,True,False
17,142-2,41836.75,"(46, 27)",taxation,6,0.25,False,True,False
17,172-2,70765.75,"(26, 1)",taxation,6,0.25,False,True,False
17,167-2,67563.75,"(45, 12)",taxation,6,0.25,False,True,False
17,38-2,67562.5,"(47, 27)",taxation,6,0.25,False,True,False
17,198-2,61145.5,"(1, 48)",taxation,6,0.25,False,True,False
17,0-2,45061.25,"(15, 7)",taxation,6,0.25,False,True,False
17,6-2,73981.0,"(7, 42)",taxation,6,0.25,False,True,False
17,76-2,64349.750000000015,"(3, 42)",taxation,6,0.25,False,True,False
17,144-2,64343.5,"(9, 43)",taxation,6,0.25,False,True,False
17,25-2,57912.0,"(6, 22)",taxation,6,0.25,False,True,False
17,40-2,70769.0,"(9, 28)",taxation,6,0.25,False,True,False
17,10-2,67549.25,"(40, 33)",taxation,6,0.25,False,True,False
17,180-2,64353.25,"(22, 47)",taxation,6,0.25,False,True,False
17,212-2,67539.75,"(48, 28)",taxation,6,0.25,False,True,False
17,63-2,61117.75,"(29, 42)",taxation,6,0.25,False,True,False
17,189-2,57913.5,"(10, 14)",taxation,6,0.25,False,True,False
17,54-2,64346.25,"(39, 1)",taxation,6,0.25,False,True,False
17,4-2,48255.25,"(8, 14)",taxation,6,0.25,False,True,False
17,83-2,70757.75,"(27, 1)",taxation,6,0.25,False,True,False
17,249-2,67539.0,"(26, 44)",taxation,6,0.25,False,True,False
17,22-2,73974.0,"(44, 11)",taxation,6,0.25,False,True,False
18,2,85770.0,"(8, 46)",taxation,6,0.25,False,True,False
18,3,51490.0,"(9, 14)",taxation,6,0.25,False,True,False
18,5,38633.0,"(38, 38)",taxation,6,0.25,False,True,False
18,7,64355.0,"(23, 1)",taxation,6,0.25,False,True,False
18,8,85806.0,"(25, 49)",taxation,6,0.25,False,True,False
18,9,72940.0,"(23, 0)",taxation,6,0.25,False,True,False
18,11,68634.0,"(4, 19)",taxation,6,0.25,False,True,False
18,12,81499.0,"(2, 21)",taxation,6,0.25,False,True,False
18,13,81507.0,"(6, 16)",taxation,6,0.25,False,True,False
18,14,21491.0,"(31, 0)",taxation,6,0.25,False,True,False
18,15,77227.0,"(45, 1)",taxation,6,0.25,False,True,False
18,16,98655.0,"(26, 47)",taxation,6,0.25,False,True,False
18,18,98647.0,"(49, 2)",taxation,6,0.25,False,True,False
18,19,90061.0,"(5, 16)",taxation,6,0.25,False,True,False
18,20,81492.0,"(33, 0)",taxation,6,0.25,False,True,False
18,21,81504.0,"(44, 32)",taxation,6,0.25,False,True,False
18,24,68648.0,"(21, 6)",taxation,6,0.25,False,True,False
18,26,68659.0,"(0, 42)",taxation,6,0.25,False,True,False
18,27,77213.0,"(44, 33)",taxation,6,0.25,False,True,False
18,29,85780.0,"(9, 23)",taxation,6,0.25,False,True,False
18,30,98642.0,"(20, 4)",taxation,6,0.25,False,True,False
18,32,94345.0,"(2, 20)",taxation,6,0.25,False,True,False
18,33,68656.0,"(33, 5)",taxation,6,0.25,False,True,False
18,34,77212.0,"(42, 36)",taxation,6,0.25,False,True,False
18,35,85810.0,"(9, 42)",taxation,6,0.25,False,True,False
18,36,64347.0,"(4, 18)",taxation,6,0.25,False,True,False
18,37,90074.0,"(44, 1)",taxation,6,0.25,False,True,False
18,39,60058.0,"(8, 16)",taxation,6,0.25,False,True,False
18,41,94365.0,"(8, 45)",taxation,6,0.25,False,True,False
18,43,85788.0,"(44, 0)",taxation,6,0.25,False,True,False
18,44,55790.0,"(30, 44)",taxation,6,0.25,False,True,False
18,45,90063.0,"(6, 24)",taxation,6,0.25,False,True,False
18,46,60071.0,"(47, 28)",taxation,6,0.25,False,True,False
18,47,60078.0,"(7, 36)",taxation,6,0.25,False,True,False
18,48,90062.0,"(46, 30)",taxation,6,0.25,False,True,False
18,49,81520.0,"(11, 40)",taxation,6,0.25,False,True,False
18,50,98642.0,"(4, 41)",taxation,6,0.25,False,True,False
18,52,64345.0,"(43, 36)",taxation,6,0.25,False,True,False
18,53,55772.0,"(33, 4)",taxation,6,0.25,False,True,False
18,55,94350.0,"(29, 47)",taxation,6,0.25,False,True,False
18,56,85782.0,"(28, 48)",taxation,6,0.25,False,True,False
18,57,77199.0,"(18, 5)",taxation,6,0.25,False,True,False
18,58,90054.0,"(1, 20)",taxation,6,0.25,False,True,False
18,59,77208.0,"(5, 25)",taxation,6,0.25,False,True,False
18,60,90065.0,"(38, 19)",taxation,6,0.25,False,True,False
18,61,102931.0,"(46, 1)",taxation,6,0.25,False,True,False
18,62,85806.0,"(5, 41)",taxation,6,0.25,False,True,False
18,64,85778.0,"(40, 0)",taxation,6,0.25,False,True,False
18,65,98646.0,"(47, 3)",taxation,6,0.25,False,True,False
18,66,94351.0,"(21, 40)",taxation,6,0.25,False,True,False
18,67,64358.0,"(4, 17)",taxation,6,0.25,False,True,False
18,68,72927.0,"(14, 43)",taxation,6,0.25,False,True,False
18,69,94366.0,"(7, 46)",taxation,6,0.25,False,True,False
18,70,90083.0,"(24, 1)",taxation,6,0.25,False,True,False
18,71,94357.0,"(39, 5)",taxation,6,0.25,False,True,False
18,72,98626.0,"(0, 21)",taxation,6,0.25,False,True,False
18,77,72928.0,"(27, 49)",taxation,6,0.25,False,True,False
18,78,81487.0,"(6, 17)",taxation,6,0.25,False,True,False
18,79,81490.0,"(11, 13)",taxation,6,0.25,False,True,False
18,80,94348.0,"(41, 22)",taxation,6,0.25,False,True,False
18,81,81520.0,"(48, 3)",taxation,6,0.25,False,True,False
18,82,90060.0,"(15, 38)",taxation,6,0.25,False,True,False
18,84,85802.0,"(12, 42)",taxation,6,0.25,False,True,False
18,85,77208.0,"(49, 4)",taxation,6,0.25,False,True,False
18,86,85800.0,"(28, 44)",taxation,6,0.25,False,True,False
18,87,85771.0,"(10, 23)",taxation,6,0.25,False,True,False
18,88,85779.0,"(31, 1)",taxation,6,0.25,False,True,False
18,89,90077.0,"(9, 40)",taxation,6,0.25,False,True,False
18,90,77226.0,"(42, 8)",taxation,6,0.25,False,True,False
18,91,94342.0,"(30, 6)",taxation,6,0.25,False,True,False
18,92,94335.0,"(5, 24)",taxation,6,0.25,False,True,False
18,93,38632.0,"(39, 18)",taxation,6,0.25,False,True,False
18,95,98632.0,"(26, 40)",taxation,6,0.25,False,True,False
18,96,98640.0,"(10, 44)",taxation,6,0.25,False,True,False
18,97,68641.0,"(41, 36)",taxation,6,0.25,False,True,False
18,99,81492.0,"(25, 43)",taxation,6,0.25,False,True,False
18,100,85799.0,"(32, 4)",taxation,6,0.25,False,True,False
18,101,85805.0,"(49, 31)",taxation,6,0.25,False,True,False
18,102,60067.0,"(27, 37)",taxation,6,0.25,False,True,False
18,103,85774.0,"(16, 4)",taxation,6,0.25,False,True,False
18,104,81516.0,"(47, 1)",taxation,6,0.25,False,True,False
18,105,77224.0,"(30, 45)",taxation,6,0.25,False,True,False
18,106,81514.0,"(43, 0)",taxation,6,0.25,False,True,False
18,107,94357.0,"(43, 32)",taxation,6,0.25,False,True,False
18,108,47212.0,"(6, 39)",taxation,6,0.25,False,True,False
18,109,85802.0,"(21, 44)",taxation,6,0.25,False,True,False
18,110,98629.0,"(8, 39)",taxation,6,0.25,False,True,False
18,111,94344.0,"(22, 0)",taxation,6,0.25,False,True,False
18,112,94348.0,"(24, 46)",taxation,6,0.25,False,True,False
18,113,90052.0,"(19, 5)",taxation,6,0.25,False,True,False
18,114,98631.0,"(44, 7)",taxation,6,0.25,False,True,False
18,115,94340.0,"(41, 28)",taxation,6,0.25,False,True,False
18,116,94371.0,"(13, 43)",taxation,6,0.25,False,True,False
18,117,77205.0,"(27, 44)",taxation,6,0.25,False,True,False
18,118,94359.0,"(43, 1)",taxation,6,0.25,False,True,False
18,119,85787.0,"(19, 11)",taxation,6,0.25,False,True,False
18,120,98620.0,"(29, 6)",taxation,6,0.25,False,True,False
18,121,85806.0,"(10, 39)",taxation,6,0.25,False,True,False
18,122,72917.0,"(7, 37)",taxation,6,0.25,False,True,False
18,123,98646.0,"(46, 0)",taxation,6,0.25,False,True,False
18,124,81503.0,"(9, 24)",taxation,6,0.25,False,True,False
18,125,94361.0,"(8, 41)",taxation,6,0.25,False,True,False
18,126,85766.0,"(37, 30)",taxation,6,0.25,False,True,False
18,127,90053.0,"(21, 3)",taxation,6,0.25,False,True,False
18,128,94355.0,"(47, 33)",taxation,6,0.25,False,True,False
18,129,81512.0,"(32, 41)",taxation,6,0.25,False,True,False
18,130,94359.0,"(39, 13)",taxation,6,0.25,False,True,False
18,131,85794.0,"(28, 45)",taxation,6,0.25,False,True,False
18,132,94362.0,"(29, 43)",taxation,6,0.25,False,True,False
18,134,85789.0,"(41, 6)",taxation,6,0.25,False,True,False
18,135,85784.0,"(27, 47)",taxation,6,0.25,False,True,False
18,136,68636.0,"(43, 31)",taxation,6,0.25,False,True,False
18,137,77209.0,"(35, 4)",taxation,6,0.25,False,True,False
18,138,90062.0,"(5, 21)",taxation,6,0.25,False,True,False
18,141,68657.0,"(26, 46)",taxation,6,0.25,False,True,False
18,143,85770.0,"(8, 23)",taxation,6,0.25,False,True,False
18,145,90063.0,"(47, 32)",taxation,6,0.25,False,True,False
18,147,85780.0,"(37, 4)",taxation,6,0.25,False,True,False
18,148,68632.0,"(6, 18)",taxation,6,0.25,False,True,False
18,150,72927.0,"(1, 23)",taxation,6,0.25,False,True,False
18,151,68642.0,"(46, 29)",taxation,6,0.25,False,True,False
18,152,90079.0,"(1, 42)",taxation,6,0.25,False,True,False
18,153,42917.0,"(49, 32)",taxation,6,0.25,False,True,False
18,155,90072.0,"(41, 8)",taxation,6,0.25,False,True,False
18,157,81493.0,"(36, 38)",taxation,6,0.25,False,True,False
18,159,68655.0,"(42, 28)",taxation,6,0.25,False,True,False
18,160,77216.0,"(0, 22)",taxation,6,0.25,False,True,False
18,161,72912.0,"(22, 2)",taxation,6,0.25,False,True,False
18,162,90061.0,"(47, 30)",taxation,6,0.25,False,True,False
18,163,102928.0,"(26, 48)",taxation,6,0.25,False,True,False
18,164,90072.0,"(46, 2)",taxation,6,0.25,False,True,False
18,165,102924.0,"(46, 3)",taxation,6,0.25,False,True,False
18,166,81509.0,"(23, 2)",taxation,6,0.25,False,True,False
18,168,94364.0,"(48, 1)",taxation,6,0.25,False,True,False
18,169,68645.0,"(9, 36)",taxation,6,0.25,False,True,False
18,171,85800.0,"(32, 43)",taxation,6,0.25,False,True,False
18,174,94345.0,"(48, 31)",taxation,6,0.25,False,True,False
18,175,72916.0,"(39, 14)",taxation,6,0.25,False,True,False
18,177,85809.0,"(45, 0)",taxation,6,0.25,False,True,False
18,178,94364.0,"(42, 1)",taxation,6,0.25,False,True,False
18,181,85798.00000000001,"(27, 48)",taxation,6,0.25,False,True,False
18,182,90064.0,"(0, 20)",taxation,6,0.25,False,True,False
18,183,60063.0,"(48, 32)",taxation,6,0.25,False,True,False
18,184,85785.0,"(3, 21)",taxation,6,0.25,False,True,False
18,185,85783.0,"(18, 4)",taxation,6,0.25,False,True,False
18,186,81511.0,"(21, 0)",taxation,6,0.25,False,True,False
18,188,85804.0,"(0, 23)",taxation,6,0.25,False,True,False
18,190,85808.0,"(8, 37)",taxation,6,0.25,False,True,False
18,191,98628.0,"(45, 30)",taxation,6,0.25,False,True,False
18,192,77240.0,"(48, 4)",taxation,6,0.25,False,True,False
18,193,77231.0,"(5, 18)",taxation,6,0.25,False,True,False
18,194,77235.0,"(10, 33)",taxation,6,0.25,False,True,False
18,195,38627.0,"(38, 10)",taxation,6,0.25,False,True,False
18,196,60066.0,"(7, 23)",taxation,6,0.25,False,True,False
18,197,68624.0,"(4, 30)",taxation,6,0.25,False,True,False
18,199,98623.0,"(32, 5)",taxation,6,0.25,False,True,False
18,200,81491.0,"(17, 5)",taxation,6,0.25,False,True,False
18,201,60064.0,"(43, 33)",taxation,6,0.25,False,True,False
18,202,98630.0,"(14, 7)",taxation,6,0.25,False,True,False
18,203,102917.0,"(44, 34)",taxation,6,0.25,False,True,False
18,204,94350.0,"(48, 29)",taxation,6,0.25,False,True,False
18,207,68630.0,"(20, 5)",taxation,6,0.25,False,True,False
18,209,98648.0,"(47, 2)",taxation,6,0.25,False,True,False
18,210,102913.0,"(25, 42)",taxation,6,0.25,False,True,False
18,211,55776.0,"(29, 44)",taxation,6,0.25,False,True,False
18,213,85806.0,"(8, 38)",taxation,6,0.25,False,True,False
18,214,55776.0,"(48, 2)",taxation,6,0.25,False,True,False
18,215,94351.0,"(28, 49)",taxation,6,0.25,False,True,False
18,216,94355.0,"(2, 22)",taxation,6,0.25,False,True,False
18,217,51492.0,"(3, 22)",taxation,6,0.25,False,True,False
18,218,98637.0,"(28, 46)",taxation,6,0.25,False,True,False
18,220,94350.0,"(43, 35)",taxation,6,0.25,False,True,False
18,221,81494.0,"(6, 37)",taxation,6,0.25,False,True,False
18,222,85803.0,"(5, 30)",taxation,6,0.25,False,True,False
18,223,60052.0,"(2, 25)",taxation,6,0.25,False,True,False
18,224,72938.0,"(28, 47)",taxation,6,0.25,False,True,False
18,225,90063.0,"(11, 12)",taxation,6,0.25,False,True,False
18,226,85773.0,"(47, 31)",taxation,6,0.25,False,True,False
18,227,94352.0,"(44, 30)",taxation,6,0.25,False,True,False
18,229,94371.0,"(9, 39)",taxation,6,0.25,False,True,False
18,230,68655.0,"(14, 42)",taxation,6,0.25,False,True,False
18,231,55773.0,"(17, 4)",taxation,6,0.25,False,True,False
18,232,51494.0,"(4, 21)",taxation,6,0.25,False,True,False
18,233,81493.0,"(45, 31)",taxation,6,0.25,False,True,False
18,234,90056.0,"(9, 35)",taxation,6,0.25,False,True,False
18,235,85791.0,"(45, 2)",taxation,6,0.25,False,True,False
18,236,85777.0,"(12, 10)",taxation,6,0.25,False,True,False
18,237,68639.0,"(7, 15)",taxation,6,0.25,False,True,False
18,238,85807.0,"(49, 3)",taxation,6,0.25,False,True,False
18,239,85772.0,"(12, 13)",taxation,6,0.25,False,True,False
18,243,81492.0,"(39, 12)",taxation,6,0.25,False,True,False
18,244,98653.0,"(4, 43)",taxation,6,0.25,False,True,False
18,245,94368.0,"(26, 49)",taxation,6,0.25,False,True,False
18,247,77220.0,"(7, 17)",taxation,6,0.25,False,True,False
18,248,85777.0,"(40, 14)",taxation,6,0.25,False,True,False
18,219-2,75060.0,"(6, 36)",taxation,6,0.25,False,True,False
18,158-2,62205.0,"(44, 29)",taxation,6,0.25,False,True,False
18,139-2,77216.25,"(5, 17)",taxation,6,0.25,False,True,False
18,179-2,55801.5,"(31, 5)",taxation,6,0.25,False,True,False
18,28-2,59014.25,"(42, 0)",taxation,6,0.25,False,True,False
18,187-2,34344.0,"(41, 29)",taxation,6,0.25,False,True,False
18,146-2,25780.0,"(49, 29)",taxation,6,0.25,False,True,False
18,94-2,21511.0,"(4, 40)",taxation,6,0.25,False,True,False
18,154-2,30061.0,"(27, 46)",taxation,6,0.25,False,True,False
18,173-2,17206.0,"(43, 34)",taxation,6,0.25,False,True,False
18,240-2,21488.0,"(42, 32)",taxation,6,0.25,False,True,False
18,246-2,64352.0,"(3, 40)",taxation,6,0.25,False,True,False
18,98-2,34363.0,"(41, 0)",taxation,6,0.25,False,True,False
18,140-2,89.0,"(27, 43)",taxation,6,0.25,False,True,False
18,176-2,91.0,"(2, 45)",taxation,6,0.25,False,True,False
18,208-2,68634.25,"(26, 0)",taxation,6,0.25,False,True,False
18,170-2,59005.75,"(40, 23)",taxation,6,0.25,False,True,False
18,1-2,49336.25,"(8, 36)",taxation,6,0.25,False,True,False
18,23-2,69729.0,"(49, 1)",taxation,6,0.25,False,True,False
18,17-2,70762.5,"(39, 11)",taxation,6,0.25,False,True,False
18,31-2,77205.5,"(1, 21)",taxation,6,0.25,False,True,False
18,228-2,50421.0,"(26, 41)",taxation,6,0.25,False,True,False
18,149-2,57940.0,"(4, 22)",taxation,6,0.25,False,True,False
18,206-2,65427.25,"(29, 49)",taxation,6,0.25,False,True,False
18,242-2,28997.25,"(22, 1)",taxation,6,0.25,False,True,False
18,75-2,61149.0,"(7, 39)",taxation,6,0.25,False,True,False
18,74-2,75056.0,"(24, 44)",taxation,6,0.25,False,True,False
18,241-2,61130.5,"(43, 29)",taxation,6,0.25,False,True,False
18,42-2,48277.5,"(29, 48)",taxation,6,0.25,False,True,False
18,142-2,41843.75,"(45, 32)",taxation,6,0.25,False,True,False
18,172-2,70773.75,"(24, 0)",taxation,6,0.25,False,True,False
18,167-2,67570.75,"(42, 9)",taxation,6,0.25,False,True,False
18,38-2,67570.5,"(49, 30)",taxation,6,0.25,False,True,False
18,198-2,61148.5,"(5, 44)",taxation,6,0.25,False,True,False
18,0-2,45069.25,"(15, 5)",taxation,6,0.25,False,True,False
18,6-2,73989.0,"(7, 38)",taxation,6,0.25,False,True,False
18,76-2,64358.750000000015,"(3, 41)",taxation,6,0.25,False,True,False
18,144-2,64352.5,"(5, 37)",taxation,6,0.25,False,True,False
18,25-2,57919.0,"(4, 24)",taxation,6,0.25,False,True,False
18,40-2,70777.0,"(9, 33)",taxation,6,0.25,False,True,False
18,10-2,67556.25,"(38, 30)",taxation,6,0.25,False,True,False
18,180-2,64361.25,"(19, 45)",taxation,6,0.25,False,True,False
18,212-2,67547.75,"(48, 30)",taxation,6,0.25,False,True,False
18,63-2,61124.75,"(29, 45)",taxation,6,0.25,False,True,False
18,189-2,57920.5,"(6, 15)",taxation,6,0.25,False,True,False
18,54-2,64354.25,"(36, 4)",taxation,6,0.25,False,True,False
18,4-2,48263.25,"(4, 20)",taxation,6,0.25,False,True,False
18,83-2,70765.75,"(25, 0)",taxation,6,0.25,False,True,False
18,249-2,67546.0,"(25, 44)",taxation,6,0.25,False,True,False
18,22-2,73982.0,"(40, 13)",taxation,6,0.25,False,True,False
18,205-2,32184.75,"(16, 5)",taxation,6,0.25,False,True,False
18,156-2,48265.5,"(27, 45)",taxation,6,0.25,False,True,False
18,51-2,67543.5,"(7, 16)",taxation,6,0.25,False,True,False
18,133-2,57909.0,"(1, 22)",taxation,6,0.25,False,True,False
18,73-2,67562.25,"(9, 38)",taxation,6,0.25,False,True,False
19,2,85778.0,"(12, 43)",taxation,6,0.25,False,True,False
19,3,51498.0,"(3, 17)",taxation,6,0.25,False,True,False
19,5,38641.0,"(36, 39)",taxation,6,0.25,False,True,False
19,7,64363.0,"(20, 1)",taxation,6,0.25,False,True,False
19,8,85813.0,"(19, 44)",taxation,6,0.25,False,True,False
19,9,72948.0,"(19, 0)",taxation,6,0.25,False,True,False
19,11,68642.0,"(3, 19)",taxation,6,0.25,False,True,False
19,12,81507.0,"(3, 20)",taxation,6,0.25,False,True,False
19,13,81514.0,"(11, 15)",taxation,6,0.25,False,True,False
19,14,21499.0,"(31, 6)",taxation,6,0.25,False,True,False
19,15,77231.0,"(39, 4)",taxation,6,0.25,False,True,False
19,16,98663.0,"(20, 43)",taxation,6,0.25,False,True,False
19,18,98650.0,"(46, 7)",taxation,6,0.25,False,True,False
19,19,90069.0,"(2, 17)",taxation,6,0.25,False,True,False
19,20,81499.0,"(34, 5)",taxation,6,0.25,False,True,False
19,21,81512.0,"(45, 35)",taxation,6,0.25,False,True,False
19,24,68656.0,"(22, 4)",taxation,6,0.25,False,True,False
19,26,68665.0,"(4, 39)",taxation,6,0.25,False,True,False
19,27,77220.0,"(46, 33)",taxation,6,0.25,False,True,False
19,29,85788.0,"(9, 29)",taxation,6,0.25,False,True,False
19,30,98650.0,"(20, 3)",taxation,6,0.25,False,True,False
19,32,94352.0,"(4, 25)",taxation,6,0.25,False,True,False
19,33,68663.0,"(35, 9)",taxation,6,0.25,False,True,False
19,34,77220.0,"(44, 36)",taxation,6,0.25,False,True,False
19,35,85819.0,"(15, 37)",taxation,6,0.25,False,True,False
19,36,64354.0,"(5, 23)",taxation,6,0.25,False,True,False
19,37,90082.0,"(43, 5)",taxation,6,0.25,False,True,False
19,39,60065.0,"(10, 15)",taxation,6,0.25,False,True,False
19,41,94373.0,"(10, 45)",taxation,6,0.25,False,True,False
19,43,85792.0,"(38, 3)",taxation,6,0.25,False,True,False
19,44,55798.0,"(35, 39)",taxation,6,0.25,False,True,False
19,45,90071.0,"(7, 29)",taxation,6,0.25,False,True,False
19,46,60077.0,"(42, 26)",taxation,6,0.25,False,True,False
19,47,60086.0,"(12, 36)",taxation,6,0.25,False,True,False
19,48,90069.0,"(42, 27)",taxation,6,0.25,False,True,False
19,49,81529.0,"(16, 37)",taxation,6,0.25,False,True,False
19,50,98649.0,"(10, 41)",taxation,6,0.25,False,True,False
19,52,64353.0,"(45, 36)",taxation,6,0.25,False,True,False
19,53,55779.0,"(28, 7)",taxation,6,0.25,False,True,False
19,55,94353.0,"(25, 41)",taxation,6,0.25,False,True,False
19,57,77207.0,"(19, 3)",taxation,6,0.25,False,True,False
19,58,90062.0,"(1, 19)",taxation,6,0.25,False,True,False
19,59,77216.0,"(5, 26)",taxation,6,0.25,False,True,False
19,60,90072.0,"(36, 20)",taxation,6,0.25,False,True,False
19,61,102934.0,"(42, 4)",taxation,6,0.25,False,True,False
19,62,85813.0,"(10, 40)",taxation,6,0.25,False,True,False
19,64,85784.0,"(36, 6)",taxation,6,0.25,False,True,False
19,65,98650.0,"(41, 9)",taxation,6,0.25,False,True,False
19,66,94360.0,"(16, 40)",taxation,6,0.25,False,True,False
19,67,64366.0,"(3, 18)",taxation,6,0.25,False,True,False
19,68,72935.0,"(13, 42)",taxation,6,0.25,False,True,False
19,69,94373.0,"(12, 44)",taxation,6,0.25,False,True,False
19,70,90091.0,"(19, 1)",taxation,6,0.25,False,True,False
19,71,94364.0,"(35, 5)",taxation,6,0.25,False,True,False
19,72,98634.0,"(0, 19)",taxation,6,0.25,False,True,False
19,77,72932.0,"(21, 43)",taxation,6,0.25,False,True,False
19,78,81494.0,"(12, 15)",taxation,6,0.25,False,True,False
19,79,81497.0,"(11, 14)",taxation,6,0.25,False,True,False
19,80,94355.0,"(37, 24)",taxation,6,0.25,False,True,False
19,81,81523.0,"(45, 7)",taxation,6,0.25,False,True,False
19,82,90068.0,"(15, 39)",taxation,6,0.25,False,True,False
19,84,85810.0,"(14, 41)",taxation,6,0.25,False,True,False
19,85,77216.0,"(49, 0)",taxation,6,0.25,False,True,False
19,86,85807.0,"(24, 39)",taxation,6,0.25,False,True,False
19,87,85779.0,"(10, 29)",taxation,6,0.25,False,True,False
19,88,85786.0,"(27, 4)",taxation,6,0.25,False,True,False
19,89,90086.0,"(15, 40)",taxation,6,0.25,False,True,False
19,90,77233.0,"(40, 10)",taxation,6,0.25,False,True,False
19,91,94349.0,"(30, 7)",taxation,6,0.25,False,True,False
19,92,94343.0,"(6, 29)",taxation,6,0.25,False,True,False
19,93,38639.0,"(35, 19)",taxation,6,0.25,False,True,False
19,95,98640.0,"(21, 38)",taxation,6,0.25,False,True,False
19,96,98648.0,"(14, 39)",taxation,6,0.25,False,True,False
19,97,68649.0,"(35, 38)",taxation,6,0.25,False,True,False
19,99,81500.0,"(21, 39)",taxation,6,0.25,False,True,False
19,100,85806.0,"(33, 6)",taxation,6,0.25,False,True,False
19,101,85813.0,"(49, 34)",taxation,6,0.25,False,True,False
19,102,60075.0,"(26, 38)",taxation,6,0.25,False,True,False
19,103,85782.0,"(16, 2)",taxation,6,0.25,False,True,False
19,104,81524.0,"(41, 5)",taxation,6,0.25,False,True,False
19,105,77232.0,"(34, 41)",taxation,6,0.25,False,True,False
19,106,81522.0,"(41, 4)",taxation,6,0.25,False,True,False
19,107,94364.0,"(46, 32)",taxation,6,0.25,False,True,False
19,108,47220.0,"(12, 35)",taxation,6,0.25,False,True,False
19,109,85811.0,"(15, 41)",taxation,6,0.25,False,True,False
19,110,98637.0,"(13, 39)",taxation,6,0.25,False,True,False
19,111,94352.0,"(18, 0)",taxation,6,0.25,False,True,False
19,112,94356.0,"(20, 42)",taxation,6,0.25,False,True,False
19,113,90060.0,"(19, 4)",taxation,6,0.25,False,True,False
19,114,98637.0,"(41, 12)",taxation,6,0.25,False,True,False
19,115,94347.0,"(41, 27)",taxation,6,0.25,False,True,False
19,116,94380.0,"(16, 38)",taxation,6,0.25,False,True,False
19,117,77212.0,"(24, 40)",taxation,6,0.25,False,True,False
19,118,94364.0,"(38, 7)",taxation,6,0.25,False,True,False
19,119,85794.0,"(20, 9)",taxation,6,0.25,False,True,False
19,120,98627.0,"(28, 5)",taxation,6,0.25,False,True,False
19,121,85814.0,"(12, 39)",taxation,6,0.25,False,True,False
19,122,72925.0,"(10, 35)",taxation,6,0.25,False,True,False
19,123,98649.0,"(44, 5)",taxation,6,0.25,False,True,False
19,124,81511.0,"(12, 28)",taxation,6,0.25,False,True,False
19,125,94369.0,"(13, 41)",taxation,6,0.25,False,True,False
19,126,85773.0,"(38, 31)",taxation,6,0.25,False,True,False
19,127,90061.0,"(18, 2)",taxation,6,0.25,False,True,False
19,128,94361.0,"(44, 28)",taxation,6,0.25,False,True,False
19,129,81520.0,"(35, 40)",taxation,6,0.25,False,True,False
19,130,94366.0,"(38, 13)",taxation,6,0.25,False,True,False
19,131,85801.0,"(25, 40)",taxation,6,0.25,False,True,False
19,132,94370.0,"(31, 45)",taxation,6,0.25,False,True,False
19,134,85796.0,"(38, 11)",taxation,6,0.25,False,True,False
19,135,85787.0,"(24, 41)",taxation,6,0.25,False,True,False
19,136,68643.0,"(40, 30)",taxation,6,0.25,False,True,False
19,137,77216.0,"(34, 6)",taxation,6,0.25,False,True,False
19,138,90069.0,"(7, 24)",taxation,6,0.25,False,True,False
19,141,68665.0,"(22, 42)",taxation,6,0.25,False,True,False
19,143,85778.0,"(8, 28)",taxation,6,0.25,False,True,False
19,145,90069.0,"(46, 28)",taxation,6,0.25,False,True,False
19,147,85787.0,"(36, 5)",taxation,6,0.25,False,True,False
19,148,68639.0,"(10, 21)",taxation,6,0.25,False,True,False
19,150,72935.0,"(0, 18)",taxation,6,0.25,False,True,False
19,151,68650.0,"(49, 33)",taxation,6,0.25,False,True,False
19,152,90085.0,"(4, 38)",taxation,6,0.25,False,True,False
19,153,42919.0,"(45, 27)",taxation,6,0.25,False,True,False
19,155,90080.0,"(40, 6)",taxation,6,0.25,False,True,False
19,157,81500.0,"(36, 37)",taxation,6,0.25,False,True,False
19,159,68663.0,"(47, 34)",taxation,6,0.25,False,True,False
19,160,77222.0,"(6, 26)",taxation,6,0.25,False,True,False
19,161,72920.0,"(20, 2)",taxation,6,0.25,False,True,False
19,162,90067.0,"(41, 26)",taxation,6,0.25,False,True,False
19,163,102933.0,"(20, 44)",taxation,6,0.25,False,True,False
19,164,90080.0,"(42, 5)",taxation,6,0.25,False,True,False
19,165,102933.0,"(47, 0)",taxation,6,0.25,False,True,False
19,166,81517.0,"(20, 0)",taxation,6,0.25,False,True,False
19,168,94372.0,"(43, 6)",taxation,6,0.25,False,True,False
19,169,68653.0,"(11, 35)",taxation,6,0.25,False,True,False
19,171,85808.0,"(33, 40)",taxation,6,0.25,False,True,False
19,174,94353.0,"(48, 34)",taxation,6,0.25,False,True,False
19,175,72923.0,"(38, 14)",taxation,6,0.25,False,True,False
19,177,85813.0,"(40, 5)",taxation,6,0.25,False,True,False
19,178,94373.0,"(48, 0)",taxation,6,0.25,False,True,False
19,181,85806.00000000001,"(30, 46)",taxation,6,0.25,False,True,False
19,182,90071.0,"(6, 25)",taxation,6,0.25,False,True,False
19,183,60066.0,"(43, 26)",taxation,6,0.25,False,True,False
19,184,85792.0,"(3, 23)",taxation,6,0.25,False,True,False
19,185,85791.0,"(18, 3)",taxation,6,0.25,False,True,False
19,186,81518.0,"(23, 3)",taxation,6,0.25,False,True,False
19,188,85809.0,"(6, 28)",taxation,6,0.25,False,True,False
19,190,85816.0,"(11, 36)",taxation,6,0.25,False,True,False
19,191,98636.0,"(46, 35)",taxation,6,0.25,False,True,False
19,192,77244.0,"(44, 9)",taxation,6,0.25,False,True,False
19,193,77239.0,"(2, 18)",taxation,6,0.25,False,True,False
19,194,77244.0,"(11, 38)",taxation,6,0.25,False,True,False
19,195,38635.0,"(39, 7)",taxation,6,0.25,False,True,False
19,196,60074.0,"(8, 29)",taxation,6,0.25,False,True,False
19,197,68632.0,"(8, 30)",taxation,6,0.25,False,True,False
19,199,98630.0,"(32, 10)",taxation,6,0.25,False,True,False
19,200,81499.0,"(17, 2)",taxation,6,0.25,False,True,False
19,201,60071.0,"(39, 30)",taxation,6,0.25,False,True,False
19,202,98638.0,"(18, 1)",taxation,6,0.25,False,True,False
19,203,102924.0,"(46, 34)",taxation,6,0.25,False,True,False
19,204,94356.0,"(42, 24)",taxation,6,0.25,False,True,False
19,207,68638.0,"(19, 2)",taxation,6,0.25,False,True,False
19,209,98651.0,"(42, 6)",taxation,6,0.25,False,True,False
19,210,102921.0,"(21, 41)",taxation,6,0.25,False,True,False
19,211,55784.0,"(34, 40)",taxation,6,0.25,False,True,False
19,213,85814.0,"(10, 37)",taxation,6,0.25,False,True,False
19,214,55779.0,"(46, 8)",taxation,6,0.25,False,True,False
19,215,94353.0,"(24, 43)",taxation,6,0.25,False,True,False
19,216,94362.0,"(1, 24)",taxation,6,0.25,False,True,False
19,217,51499.0,"(4, 23)",taxation,6,0.25,False,True,False
19,218,98642.0,"(22, 40)",taxation,6,0.25,False,True,False
19,220,94357.0,"(41, 35)",taxation,6,0.25,False,True,False
19,221,81502.0,"(11, 37)",taxation,6,0.25,False,True,False
19,222,85811.0,"(9, 30)",taxation,6,0.25,False,True,False
19,223,60059.0,"(7, 28)",taxation,6,0.25,False,True,False
19,224,72946.0,"(22, 41)",taxation,6,0.25,False,True,False
19,225,90070.0,"(13, 13)",taxation,6,0.25,False,True,False
19,226,85781.0,"(47, 35)",taxation,6,0.25,False,True,False
19,227,94359.0,"(43, 28)",taxation,6,0.25,False,True,False
19,229,94379.0,"(13, 40)",taxation,6,0.25,False,True,False
19,230,68663.0,"(14, 40)",taxation,6,0.25,False,True,False
19,231,55781.0,"(17, 3)",taxation,6,0.25,False,True,False
19,232,51501.0,"(9, 25)",taxation,6,0.25,False,True,False
19,233,81500.0,"(40, 28)",taxation,6,0.25,False,True,False
19,234,90065.0,"(15, 36)",taxation,6,0.25,False,True,False
19,235,85795.0,"(40, 8)",taxation,6,0.25,False,True,False
19,236,85784.0,"(13, 10)",taxation,6,0.25,False,True,False
19,237,68646.0,"(9, 16)",taxation,6,0.25,False,True,False
19,238,85814.0,"(46, 6)",taxation,6,0.25,False,True,False
19,239,85779.0,"(12, 14)",taxation,6,0.25,False,True,False
19,243,81499.0,"(38, 12)",taxation,6,0.25,False,True,False
19,244,98662.0,"(9, 37)",taxation,6,0.25,False,True,False
19,245,94372.0,"(20, 46)",taxation,6,0.25,False,True,False
19,247,77228.0,"(2, 19)",taxation,6,0.25,False,True,False
19,248,85784.0,"(37, 13)",taxation,6,0.25,False,True,False
19,219-2,75068.0,"(11, 34)",taxation,6,0.25,False,True,False
19,158-2,62213.0,"(48, 35)",taxation,6,0.25,False,True,False
19,139-2,77223.25,"(7, 18)",taxation,6,0.25,False,True,False
19,179-2,55808.5,"(32, 6)",taxation,6,0.25,False,True,False
19,28-2,59021.25,"(37, 5)",taxation,6,0.25,False,True,False
19,187-2,34352.0,"(44, 35)",taxation,6,0.25,False,True,False
19,146-2,25787.0,"(46, 31)",taxation,6,0.25,False,True,False
19,94-2,21517.0,"(4, 37)",taxation,6,0.25,False,True,False
19,154-2,30069.0,"(23, 41)",taxation,6,0.25,False,True,False
19,173-2,17213.0,"(38, 36)",taxation,6,0.25,False,True,False
19,240-2,21496.0,"(45, 33)",taxation,6,0.25,False,True,False
19,246-2,64359.0,"(6, 34)",taxation,6,0.25,False,True,False
19,98-2,34370.0,"(38, 5)",taxation,6,0.25,False,True,False
19,140-2,96.0,"(25, 39)",taxation,6,0.25,False,True,False
19,176-2,96.0,"(2, 39)",taxation,6,0.25,False,True,False
19,208-2,68642.25,"(21, 2)",taxation,6,0.25,False,True,False
19,170-2,59012.75,"(38, 25)",taxation,6,0.25,False,True,False
19,1-2,49344.25,"(10, 36)",taxation,6,0.25,False,True,False
19,23-2,69732.0,"(44, 6)",taxation,6,0.25,False,True,False
19,17-2,70769.5,"(37, 11)",taxation,6,0.25,False,True,False
19,31-2,77212.5,"(2, 23)",taxation,6,0.25,False,True,False
19,228-2,50429.0,"(26, 39)",taxation,6,0.25,False,True,False
19,149-2,57948.0,"(3, 25)",taxation,6,0.25,False,True,False
19,206-2,65429.25,"(23, 43)",taxation,6,0.25,False,True,False
19,242-2,29005.25,"(21, 1)",taxation,6,0.25,False,True,False
19,75-2,61157.0,"(12, 40)",taxation,6,0.25,False,True,False
19,74-2,75064.0,"(21, 42)",taxation,6,0.25,False,True,False
19,241-2,61138.5,"(45, 34)",taxation,6,0.25,False,True,False
19,42-2,48285.5,"(29, 46)",taxation,6,0.25,False,True,False
19,142-2,41850.75,"(40, 29)",taxation,6,0.25,False,True,False
19,172-2,70780.75,"(23, 5)",taxation,6,0.25,False,True,False
19,167-2,67578.75,"(41, 7)",taxation,6,0.25,False,True,False
19,38-2,67576.5,"(45, 28)",taxation,6,0.25,False,True,False
19,198-2,61155.5,"(11, 42)",taxation,6,0.25,False,True,False
19,0-2,45077.25,"(16, 3)",taxation,6,0.25,False,True,False
19,6-2,73997.0,"(12, 38)",taxation,6,0.25,False,True,False
19,76-2,64365.750000000015,"(9, 45)",taxation,6,0.25,False,True,False
19,144-2,64360.5,"(10, 34)",taxation,6,0.25,False,True,False
19,25-2,57926.0,"(8, 24)",taxation,6,0.25,False,True,False
19,40-2,70786.0,"(10, 38)",taxation,6,0.25,False,True,False
19,10-2,67563.25,"(38, 29)",taxation,6,0.25,False,True,False
19,180-2,64370.25,"(16, 39)",taxation,6,0.25,False,True,False
19,212-2,67554.75,"(48, 33)",taxation,6,0.25,False,True,False
19,63-2,61132.75,"(33, 41)",taxation,6,0.25,False,True,False
19,189-2,57928.5,"(1, 18)",taxation,6,0.25,False,True,False
19,54-2,64362.25,"(39, 6)",taxation,6,0.25,False,True,False
19,4-2,48270.25,"(5, 22)",taxation,6,0.25,False,True,False
19,83-2,70772.75,"(24, 2)",taxation,6,0.25,False,True,False
19,249-2,67554.0,"(19, 41)",taxation,6,0.25,False,True,False
19,22-2,73990.0,"(40, 7)",taxation,6,0.25,False,True,False
19,205-2,32192.75,"(17, 1)",taxation,6,0.25,False,True,False
19,156-2,48272.5,"(23, 39)",taxation,6,0.25,False,True,False
19,51-2,67550.5,"(7, 19)",taxation,6,0.25,False,True,False
19,133-2,57916.0,"(7, 25)",taxation,6,0.25,False,True,False
19,73-2,67570.25,"(13, 38)",taxation,6,0.25,False,True,False
19,56-2,64341.75,"(23, 44)",taxation,6,0.25,False,True,False
20,2,85786.0,"(13, 44)",taxation,6,0.25,False,True,False
20,3,51500.0,"(6, 20)",taxation,6,0.25,False,True,False
20,5,38649.0,"(35, 37)",taxation,6,0.25,False,True,False
20,7,64371.0,"(16, 1)",taxation,6,0.25,False,True,False
20,8,85821.0,"(18, 44)",taxation,6,0.25,False,True,False
20,9,72953.0,"(25, 5)",taxation,6,0.25,False,True,False
20,11,68644.0,"(5, 19)",taxation,6,0.25,False,True,False
20,12,81514.0,"(9, 26)",taxation,6,0.25,False,True,False
20,13,81521.0,"(14, 18)",taxation,6,0.25,False,True,False
20,14,21507.0,"(31, 10)",taxation,6,0.25,False,True,False
20,15,77237.0,"(37, 6)",taxation,6,0.25,False,True,False
20,16,98671.0,"(18, 41)",taxation,6,0.25,False,True,False
20,18,98657.0,"(43, 13)",taxation,6,0.25,False,True,False
20,19,90071.0,"(6, 19)",taxation,6,0.25,False,True,False
20,20,81506.0,"(29, 4)",taxation,6,0.25,False,True,False
20,21,81516.0,"(39, 31)",taxation,6,0.25,False,True,False
20,24,68664.0,"(25, 6)",taxation,6,0.25,False,True,False
20,26,68672.0,"(4, 36)",taxation,6,0.25,False,True,False
20,27,77224.0,"(40, 31)",taxation,6,0.25,False,True,False
20,29,85796.0,"(9, 31)",taxation,6,0.25,False,True,False
20,30,98657.0,"(14, 9)",taxation,6,0.25,False,True,False
20,32,94357.0,"(5, 27)",taxation,6,0.25,False,True,False
20,33,68671.0,"(30, 11)",taxation,6,0.25,False,True,False
20,34,77228.0,"(38, 37)",taxation,6,0.25,False,True,False
20,35,85827.0,"(16, 36)",taxation,6,0.25,False,True,False
20,36,64362.0,"(10, 24)",taxation,6,0.25,False,True,False
20,37,90088.0,"(37, 7)",taxation,6,0.25,False,True,False
20,39,60073.0,"(13, 14)",taxation,6,0.25,False,True,False
20,41,94381.0,"(11, 41)",taxation,6,0.25,False,True,False
20,43,85798.0,"(34, 3)",taxation,6,0.25,False,True,False
20,44,55806.0,"(34, 36)",taxation,6,0.25,False,True,False
20,45,90079.0,"(11, 30)",taxation,6,0.25,False,True,False
20,46,60084.0,"(40, 25)",taxation,6,0.25,False,True,False
20,47,60094.0,"(13, 33)",taxation,6,0.25,False,True,False
20,48,90077.0,"(36, 25)",taxation,6,0.25,False,True,False
20,49,81537.0,"(16, 35)",taxation,6,0.25,False,True,False
20,50,98656.0,"(14, 44)",taxation,6,0.25,False,True,False
20,52,64356.0,"(39, 32)",taxation,6,0.25,False,True,False
20,53,55787.0,"(27, 8)",taxation,6,0.25,False,True,False
20,55,94361.0,"(26, 37)",taxation,6,0.25,False,True,False
20,57,77215.0,"(24, 6)",taxation,6,0.25,False,True,False
20,58,90064.0,"(2, 24)",taxation,6,0.25,False,True,False
20,59,77224.0,"(5, 31)",taxation,6,0.25,False,True,False
20,60,90079.0,"(36, 19)",taxation,6,0.25,False,True,False
20,61,102940.0,"(37, 8)",taxation,6,0.25,False,True,False
20,62,85820.0,"(13, 45)",taxation,6,0.25,False,True,False
20,64,85791.0,"(34, 11)",taxation,6,0.25,False,True,False
20,65,98657.0,"(35, 14)",taxation,6,0.25,False,True,False
20,66,94368.0,"(20, 35)",taxation,6,0.25,False,True,False
20,67,64368.0,"(5, 20)",taxation,6,0.25,False,True,False
20,68,72943.0,"(17, 38)",taxation,6,0.25,False,True,False
20,69,94380.0,"(12, 45)",taxation,6,0.25,False,True,False
20,70,90098.0,"(21, 7)",taxation,6,0.25,False,True,False
20,72,98636.0,"(0, 24)",taxation,6,0.25,False,True,False
20,77,72940.0,"(17, 41)",taxation,6,0.25,False,True,False
20,78,81502.0,"(13, 11)",taxation,6,0.25,False,True,False
20,79,81504.0,"(15, 17)",taxation,6,0.25,False,True,False
20,80,94363.0,"(35, 20)",taxation,6,0.25,False,True,False
20,81,81529.0,"(40, 11)",taxation,6,0.25,False,True,False
20,82,90076.0,"(19, 37)",taxation,6,0.25,False,True,False
20,84,85818.0,"(16, 42)",taxation,6,0.25,False,True,False
20,85,77219.0,"(45, 4)",taxation,6,0.25,False,True,False
20,86,85815.0,"(20, 38)",taxation,6,0.25,False,True,False
20,87,85786.0,"(12, 27)",taxation,6,0.25,False,True,False
20,88,85794.0,"(26, 5)",taxation,6,0.25,False,True,False
20,89,90094.0,"(16, 41)",taxation,6,0.25,False,True,False
20,90,77240.0,"(36, 14)",taxation,6,0.25,False,True,False
20,91,94357.0,"(27, 7)",taxation,6,0.25,False,True,False
20,92,94351.0,"(4, 31)",taxation,6,0.25,False,True,False
20,93,38646.0,"(35, 18)",taxation,6,0.25,False,True,False
20,95,98648.0,"(20, 37)",taxation,6,0.25,False,True,False
20,96,98655.0,"(18, 39)",taxation,6,0.25,False,True,False
20,97,68656.0,"(34, 35)",taxation,6,0.25,False,True,False
20,99,81508.0,"(19, 39)",taxation,6,0.25,False,True,False
20,100,85813.0,"(30, 8)",taxation,6,0.25,False,True,False
20,101,85815.0,"(49, 28)",taxation,6,0.25,False,True,False
20,102,60083.0,"(26, 35)",taxation,6,0.25,False,True,False
20,103,85786.0,"(21, 8)",taxation,6,0.25,False,True,False
20,104,81531.0,"(35, 7)",taxation,6,0.25,False,True,False
20,105,77239.0,"(32, 37)",taxation,6,0.25,False,True,False
20,106,81528.0,"(38, 9)",taxation,6,0.25,False,True,False
20,107,94368.0,"(40, 26)",taxation,6,0.25,False,True,False
20,108,47228.0,"(11, 31)",taxation,6,0.25,False,True,False
20,109,85820.0,"(14, 36)",taxation,6,0.25,False,True,False
20,110,98644.0,"(17, 42)",taxation,6,0.25,False,True,False
20,111,94359.0,"(22, 6)",taxation,6,0.25,False,True,False
20,112,94364.0,"(19, 38)",taxation,6,0.25,False,True,False
20,113,90068.0,"(24, 7)",taxation,6,0.25,False,True,False
20,114,98645.0,"(37, 12)",taxation,6,0.25,False,True,False
20,115,94355.0,"(35, 29)",taxation,6,0.25,False,True,False
20,116,94387.0,"(17, 37)",taxation,6,0.25,False,True,False
20,117,77220.0,"(25, 38)",taxation,6,0.25,False,True,False
20,118,94372.0,"(33, 13)",taxation,6,0.25,False,True,False
20,119,85802.0,"(22, 8)",taxation,6,0.25,False,True,False
20,120,98635.0,"(26, 8)",taxation,6,0.25,False,True,False
20,121,85823.0,"(14, 37)",taxation,6,0.25,False,True,False
20,122,72933.0,"(8, 33)",taxation,6,0.25,False,True,False
20,123,98655.0,"(39, 9)",taxation,6,0.25,False,True,False
20,124,81519.0,"(13, 29)",taxation,6,0.25,False,True,False
20,125,94377.0,"(12, 41)",taxation,6,0.25,False,True,False
20,126,85781.0,"(38, 32)",taxation,6,0.25,False,True,False
20,127,90069.0,"(23, 8)",taxation,6,0.25,False,True,False
20,128,94368.0,"(41, 24)",taxation,6,0.25,False,True,False
20,129,81528.0,"(34, 37)",taxation,6,0.25,False,True,False
20,130,94374.0,"(34, 12)",taxation,6,0.25,False,True,False
20,131,85809.0,"(27, 34)",taxation,6,0.25,False,True,False
20,132,94374.0,"(27, 39)",taxation,6,0.25,False,True,False
20,134,85804.0,"(34, 14)",taxation,6,0.25,False,True,False
20,135,85795.0,"(20, 40)",taxation,6,0.25,False,True,False
20,136,68651.0,"(36, 34)",taxation,6,0.25,False,True,False
20,137,77223.0,"(30, 9)",taxation,6,0.25,False,True,False
20,138,90077.0,"(9, 27)",taxation,6,0.25,False,True,False
20,141,68672.0,"(22, 39)",taxation,6,0.25,False,True,False
20,143,85787.0,"(11, 29)",taxation,6,0.25,False,True,False
20,145,90075.0,"(43, 23)",taxation,6,0.25,False,True,False
20,147,85795.0,"(33, 10)",taxation,6,0.25,False,True,False
20,148,68647.0,"(11, 27)",taxation,6,0.25,False,True,False
20,150,72937.0,"(3, 24)",taxation,6,0.25,False,True,False
20,151,68652.0,"(47, 29)",taxation,6,0.25,False,True,False
20,152,90093.0,"(6, 32)",taxation,6,0.25,False,True,False
20,153,42925.0,"(42, 21)",taxation,6,0.25,False,True,False
20,155,90086.0,"(37, 9)",taxation,6,0.25,False,True,False
20,157,81508.0,"(36, 35)",taxation,6,0.25,False,True,False
20,159,68666.0,"(41, 30)",taxation,6,0.25,False,True,False
20,160,77230.0,"(6, 31)",taxation,6,0.25,False,True,False
20,161,72928.0,"(26, 6)",taxation,6,0.25,False,True,False
20,162,90075.0,"(39, 27)",taxation,6,0.25,False,True,False
20,163,102941.0,"(19, 43)",taxation,6,0.25,False,True,False
20,164,90088.0,"(36, 11)",taxation,6,0.25,False,True,False
20,165,102936.0,"(44, 4)",taxation,6,0.25,False,True,False
20,166,81525.0,"(17, 0)",taxation,6,0.25,False,True,False
20,168,94378.0,"(38, 8)",taxation,6,0.25,False,True,False
20,169,68661.0,"(12, 32)",taxation,6,0.25,False,True,False
20,171,85816.0,"(33, 38)",taxation,6,0.25,False,True,False
20,174,94355.0,"(45, 29)",taxation,6,0.25,False,True,False
20,175,72930.0,"(37, 14)",taxation,6,0.25,False,True,False
20,177,85820.0,"(34, 10)",taxation,6,0.25,False,True,False
20,178,94376.0,"(46, 5)",taxation,6,0.25,False,True,False
20,181,85809.00000000001,"(27, 41)",taxation,6,0.25,False,True,False
20,183,60073.0,"(38, 23)",taxation,6,0.25,False,True,False
20,184,85798.0,"(8, 27)",taxation,6,0.25,False,True,False
20,185,85799.0,"(24, 9)",taxation,6,0.25,False,True,False
20,186,81526.0,"(23, 6)",taxation,6,0.25,False,True,False
20,188,85817.0,"(6, 30)",taxation,6,0.25,False,True,False
20,190,85824.0,"(10, 31)",taxation,6,0.25,False,True,False
20,191,98639.0,"(40, 32)",taxation,6,0.25,False,True,False
20,192,77251.0,"(38, 15)",taxation,6,0.25,False,True,False
20,193,77241.0,"(6, 21)",taxation,6,0.25,False,True,False
20,194,77251.0,"(5, 36)",taxation,6,0.25,False,True,False
20,195,38642.0,"(35, 11)",taxation,6,0.25,False,True,False
20,196,60082.0,"(7, 30)",taxation,6,0.25,False,True,False
20,197,68640.0,"(8, 31)",taxation,6,0.25,False,True,False
20,199,98638.0,"(26, 9)",taxation,6,0.25,False,True,False
20,200,81503.0,"(19, 8)",taxation,6,0.25,False,True,False
20,201,60079.0,"(34, 30)",taxation,6,0.25,False,True,False
20,202,98642.0,"(24, 5)",taxation,6,0.25,False,True,False
20,203,102926.0,"(42, 34)",taxation,6,0.25,False,True,False
20,204,94364.0,"(39, 28)",taxation,6,0.25,False,True,False
20,207,68646.0,"(25, 8)",taxation,6,0.25,False,True,False
20,209,98658.0,"(36, 7)",taxation,6,0.25,False,True,False
20,210,102929.0,"(20, 36)",taxation,6,0.25,False,True,False
20,211,55792.0,"(33, 39)",taxation,6,0.25,False,True,False
20,213,85821.0,"(6, 33)",taxation,6,0.25,False,True,False
20,214,55785.0,"(41, 13)",taxation,6,0.25,False,True,False
20,215,94362.0,"(18, 45)",taxation,6,0.25,False,True,False
20,216,94369.0,"(3, 30)",taxation,6,0.25,False,True,False
20,217,51506.0,"(7, 27)",taxation,6,0.25,False,True,False
20,218,98650.0,"(20, 39)",taxation,6,0.25,False,True,False
20,220,94364.0,"(37, 29)",taxation,6,0.25,False,True,False
20,221,81510.0,"(14, 33)",taxation,6,0.25,False,True,False
20,222,85819.0,"(10, 30)",taxation,6,0.25,False,True,False
20,223,60067.0,"(7, 31)",taxation,6,0.25,False,True,False
20,224,72954.0,"(19, 40)",taxation,6,0.25,False,True,False
20,225,90077.0,"(16, 14)",taxation,6,0.25,False,True,False
20,226,85783.0,"(42, 35)",taxation,6,0.25,False,True,False
20,227,94367.0,"(37, 34)",taxation,6,0.25,False,True,False
20,229,94386.0,"(11, 43)",taxation,6,0.25,False,True,False
20,230,68672.0,"(13, 35)",taxation,6,0.25,False,True,False
20,231,55789.0,"(23, 9)",taxation,6,0.25,False,True,False
20,232,51509.0,"(12, 30)",taxation,6,0.25,False,True,False
20,233,81508.0,"(40, 27)",taxation,6,0.25,False,True,False
20,234,90073.0,"(13, 32)",taxation,6,0.25,False,True,False
20,235,85802.0,"(35, 13)",taxation,6,0.25,False,True,False
20,236,85792.0,"(13, 9)",taxation,6,0.25,False,True,False
20,237,68653.0,"(12, 20)",taxation,6,0.25,False,True,False
20,238,85820.0,"(40, 12)",taxation,6,0.25,False,True,False
20,239,85786.0,"(14, 15)",taxation,6,0.25,False,True,False
20,243,81506.0,"(36, 12)",taxation,6,0.25,False,True,False
20,244,98669.0,"(5, 35)",taxation,6,0.25,False,True,False
20,245,94380.0,"(16, 43)",taxation,6,0.25,False,True,False
20,247,77234.0,"(8, 25)",taxation,6,0.25,False,True,False
20,248,85791.0,"(36, 13)",taxation,6,0.25,False,True,False
20,219-2,75076.0,"(11, 32)",taxation,6,0.25,False,True,False
20,158-2,62215.0,"(44, 31)",taxation,6,0.25,False,True,False
20,139-2,77231.25,"(11, 24)",taxation,6,0.25,False,True,False
20,179-2,55816.5,"(27, 6)",taxation,6,0.25,False,True,False
20,28-2,59028.25,"(31, 8)",taxation,6,0.25,False,True,False
20,187-2,34355.0,"(39, 33)",taxation,6,0.25,False,True,False
20,146-2,25791.0,"(44, 25)",taxation,6,0.25,False,True,False
20,94-2,21525.0,"(8, 32)",taxation,6,0.25,False,True,False
20,154-2,30077.0,"(20, 41)",taxation,6,0.25,False,True,False
20,173-2,17221.0,"(36, 36)",taxation,6,0.25,False,True,False
20,240-2,21498.0,"(42, 33)",taxation,6,0.25,False,True,False
20,246-2,64366.0,"(5, 34)",taxation,6,0.25,False,True,False
20,98-2,34378.0,"(36, 10)",taxation,6,0.25,False,True,False
20,140-2,104.0,"(26, 34)",taxation,6,0.25,False,True,False
20,176-2,104.0,"(7, 33)",taxation,6,0.25,False,True,False
20,208-2,68650.25,"(26, 7)",taxation,6,0.25,False,True,False
20,170-2,59020.75,"(37, 26)",taxation,6,0.25,False,True,False
20,1-2,49352.25,"(9, 32)",taxation,6,0.25,False,True,False
20,23-2,69738.0,"(39, 10)",taxation,6,0.25,False,True,False
20,17-2,70777.5,"(31, 11)",taxation,6,0.25,False,True,False
20,31-2,77218.5,"(8, 26)",taxation,6,0.25,False,True,False
20,228-2,50437.0,"(26, 36)",taxation,6,0.25,False,True,False
20,149-2,57955.0,"(2, 31)",taxation,6,0.25,False,True,False
20,206-2,65436.25,"(18, 43)",taxation,6,0.25,False,True,False
20,242-2,29011.25,"(27, 5)",taxation,6,0.25,False,True,False
20,75-2,61165.0,"(17, 40)",taxation,6,0.25,False,True,False
20,74-2,75071.0,"(18, 42)",taxation,6,0.25,False,True,False
20,241-2,61141.5,"(39, 34)",taxation,6,0.25,False,True,False
20,42-2,48290.5,"(23, 40)",taxation,6,0.25,False,True,False
20,142-2,41858.75,"(35, 30)",taxation,6,0.25,False,True,False
20,172-2,70788.75,"(25, 7)",taxation,6,0.25,False,True,False
20,167-2,67585.75,"(35, 10)",taxation,6,0.25,False,True,False
20,38-2,67583.5,"(39, 23)",taxation,6,0.25,False,True,False
20,198-2,61163.5,"(15, 43)",taxation,6,0.25,False,True,False
20,0-2,45085.25,"(16, 0)",taxation,6,0.25,False,True,False
20,6-2,74006.0,"(13, 36)",taxation,6,0.25,False,True,False
20,76-2,64372.750000000015,"(11, 45)",taxation,6,0.25,False,True,False
20,144-2,64368.5,"(10, 32)",taxation,6,0.25,False,True,False
20,25-2,57933.0,"(10, 25)",taxation,6,0.25,False,True,False
20,40-2,70793.0,"(10, 42)",taxation,6,0.25,False,True,False
20,10-2,67571.25,"(39, 29)",taxation,6,0.25,False,True,False
20,180-2,64378.25,"(17, 39)",taxation,6,0.25,False,True,False
20,212-2,67556.75,"(48, 28)",taxation,6,0.25,False,True,False
20,63-2,61140.75,"(33, 37)",taxation,6,0.25,False,True,False
20,189-2,57930.5,"(7, 20)",taxation,6,0.25,False,True,False
20,54-2,64369.25,"(35, 6)",taxation,6,0.25,False,True,False
20,4-2,48277.25,"(10, 26)",taxation,6,0.25,False,True,False
20,83-2,70780.75,"(22, 5)",taxation,6,0.25,False,True,False
20,249-2,67561.0,"(18, 40)",taxation,6,0.25,False,True,False
20,22-2,73997.0,"(35, 12)",taxation,6,0.25,False,True,False
20,205-2,32199.75,"(23, 4)",taxation,6,0.25,False,True,False
20,156-2,48279.5,"(22, 36)",taxation,6,0.25,False,True,False
20,51-2,67558.5,"(11, 21)",taxation,6,0.25,False,True,False
20,133-2,57923.0,"(11, 25)",taxation,6,0.25,False,True,False
20,73-2,67578.25,"(15, 34)",taxation,6,0.25,False,True,False
20,56-2,64349.75,"(19, 42)",taxation,6,0.25,False,True,False
20,182-2,67559.25,"(10, 27)",taxation,6,0.25,False,True,False
20,71-2,70778.25,"(31, 7)",taxation,6,0.25,False,True,False
21,2,85793.0,"(14, 45)",taxation,6,0.25,False,True,False
21,3,51505.0,"(4, 26)",taxation,6,0.25,False,True,False
21,5,38657.0,"(29, 31)",taxation,6,0.25,False,True,False
21,7,64376.0,"(22, 7)",taxation,6,0.25,False,True,False
21,8,85829.0,"(17, 44)",taxation,6,0.25,False,True,False
21,9,72960.0,"(30, 10)",taxation,6,0.25,False,True,False
21,11,68648.0,"(10, 19)",taxation,6,0.25,False,True,False
21,12,81521.0,"(14, 26)",taxation,6,0.25,False,True,False
21,13,81529.0,"(14, 22)",taxation,6,0.25,False,True,False
21,14,21515.0,"(28, 11)",taxation,6,0.25,False,True,False
21,15,77244.0,"(35, 8)",taxation,6,0.25,False,True,False
21,18,98665.0,"(38, 18)",taxation,6,0.25,False,True,False
21,19,90076.0,"(12, 21)",taxation,6,0.25,False,True,False
21,20,81513.0,"(32, 7)",taxation,6,0.25,False,True,False
21,21,81524.0,"(33, 30)",taxation,6,0.25,False,True,False
21,24,68671.0,"(31, 9)",taxation,6,0.25,False,True,False
21,26,68679.0,"(3, 36)",taxation,6,0.25,False,True,False
21,27,77231.0,"(34, 26)",taxation,6,0.25,False,True,False
21,29,85804.0,"(13, 30)",taxation,6,0.25,False,True,False
21,30,98665.0,"(16, 15)",taxation,6,0.25,False,True,False
21,32,94365.0,"(4, 32)",taxation,6,0.25,False,True,False
21,33,68679.0,"(29, 10)",taxation,6,0.25,False,True,False
21,34,77235.0,"(32, 35)",taxation,6,0.25,False,True,False
21,35,85834.0,"(20, 32)",taxation,6,0.25,False,True,False
21,36,64369.0,"(14, 25)",taxation,6,0.25,False,True,False
21,37,90095.0,"(34, 7)",taxation,6,0.25,False,True,False
21,39,60081.0,"(18, 17)",taxation,6,0.25,False,True,False
21,41,94389.0,"(15, 44)",taxation,6,0.25,False,True,False
21,43,85805.0,"(33, 7)",taxation,6,0.25,False,True,False
21,44,55815.0,"(33, 31)",taxation,6,0.25,False,True,False
21,45,90087.0,"(15, 30)",taxation,6,0.25,False,True,False
21,46,60092.0,"(37, 23)",taxation,6,0.25,False,True,False
21,47,60102.0,"(15, 33)",taxation,6,0.25,False,True,False
21,48,90085.0,"(34, 24)",taxation,6,0.25,False,True,False
21,49,81544.0,"(17, 33)",taxation,6,0.25,False,True,False
21,50,98663.0,"(12, 46)",taxation,6,0.25,False,True,False
21,52,64364.0,"(33, 26)",taxation,6,0.25,False,True,False
21,53,55795.0,"(25, 14)",taxation,6,0.25,False,True,False
21,55,94368.0,"(25, 35)",taxation,6,0.25,False,True,False
21,57,77223.0,"(28, 8)",taxation,6,0.25,False,True,False
21,58,90070.0,"(2, 30)",taxation,6,0.25,False,True,False
21,59,77231.0,"(2, 34)",taxation,6,0.25,False,True,False
21,60,90087.0,"(36, 18)",taxation,6,0.25,False,True,False
21,61,102948.0,"(33, 12)",taxation,6,0.25,False,True,False
21,62,85827.0,"(13, 46)",taxation,6,0.25,False,True,False
21,64,85799.0,"(30, 15)",taxation,6,0.25,False,True,False
21,65,98665.0,"(32, 16)",taxation,6,0.25,False,True,False
21,66,94376.0,"(20, 34)",taxation,6,0.25,False,True,False
21,67,64374.0,"(7, 26)",taxation,6,0.25,False,True,False
21,68,72951.0,"(17, 35)",taxation,6,0.25,False,True,False
21,69,94388.0,"(18, 46)",taxation,6,0.25,False,True,False
21,70,90106.0,"(26, 10)",taxation,6,0.25,False,True,False
21,72,98642.0,"(1, 30)",taxation,6,0.25,False,True,False
21,77,72947.0,"(11, 47)",taxation,6,0.25,False,True,False
21,78,81510.0,"(19, 13)",taxation,6,0.25,False,True,False
21,79,81512.0,"(13, 19)",taxation,6,0.25,False,True,False
21,80,94371.0,"(35, 22)",taxation,6,0.25,False,True,False
21,81,81536.0,"(41, 14)",taxation,6,0.25,False,True,False
21,82,90084.0,"(19, 34)",taxation,6,0.25,False,True,False
21,84,85825.0,"(15, 46)",taxation,6,0.25,False,True,False
21,85,77225.0,"(40, 9)",taxation,6,0.25,False,True,False
21,86,85823.0,"(19, 35)",taxation,6,0.25,False,True,False
21,87,85794.0,"(16, 32)",taxation,6,0.25,False,True,False
21,88,85802.0,"(29, 7)",taxation,6,0.25,False,True,False
21,89,90101.0,"(16, 46)",taxation,6,0.25,False,True,False
21,90,77248.0,"(37, 18)",taxation,6,0.25,False,True,False
21,92,94358.0,"(1, 33)",taxation,6,0.25,False,True,False
21,93,38654.0,"(34, 18)",taxation,6,0.25,False,True,False
21,95,98656.0,"(20, 33)",taxation,6,0.25,False,True,False
21,96,98663.0,"(19, 33)",taxation,6,0.25,False,True,False
21,97,68664.0,"(32, 29)",taxation,6,0.25,False,True,False
21,99,81516.0,"(21, 33)",taxation,6,0.25,False,True,False
21,100,85821.0,"(30, 14)",taxation,6,0.25,False,True,False
21,101,85821.0,"(44, 22)",taxation,6,0.25,False,True,False
21,102,60091.0,"(27, 31)",taxation,6,0.25,False,True,False
21,103,85794.0,"(19, 12)",taxation,6,0.25,False,True,False
21,104,81539.0,"(29, 8)",taxation,6,0.25,False,True,False
21,105,77244.0,"(30, 36)",taxation,6,0.25,False,True,False
21,106,81535.0,"(34, 8)",taxation,6,0.25,False,True,False
21,107,94376.0,"(36, 22)",taxation,6,0.25,False,True,False
21,108,47236.0,"(13, 31)",taxation,6,0.25,False,True,False
21,109,85828.0,"(17, 34)",taxation,6,0.25,False,True,False
21,110,98651.0,"(22, 38)",taxation,6,0.25,False,True,False
21,111,94367.0,"(27, 11)",taxation,6,0.25,False,True,False
21,112,94372.0,"(18, 34)",taxation,6,0.25,False,True,False
21,113,90076.0,"(27, 12)",taxation,6,0.25,False,True,False
21,114,98653.0,"(38, 16)",taxation,6,0.25,False,True,False
21,115,94363.0,"(32, 25)",taxation,6,0.25,False,True,False
21,116,94395.0,"(18, 37)",taxation,6,0.25,False,True,False
21,117,77228.0,"(26, 33)",taxation,6,0.25,False,True,False
21,118,94380.0,"(32, 13)",taxation,6,0.25,False,True,False
21,119,85810.0,"(26, 12)",taxation,6,0.25,False,True,False
21,120,98643.0,"(28, 9)",taxation,6,0.25,False,True,False
21,121,85831.0,"(17, 36)",taxation,6,0.25,False,True,False
21,122,72941.0,"(5, 33)",taxation,6,0.25,False,True,False
21,123,98662.0,"(36, 8)",taxation,6,0.25,False,True,False
21,124,81526.0,"(16, 26)",taxation,6,0.25,False,True,False
21,125,94384.0,"(9, 46)",taxation,6,0.25,False,True,False
21,126,85789.0,"(33, 32)",taxation,6,0.25,False,True,False
21,127,90077.0,"(25, 13)",taxation,6,0.25,False,True,False
21,128,94376.0,"(38, 21)",taxation,6,0.25,False,True,False
21,129,81536.0,"(33, 33)",taxation,6,0.25,False,True,False
21,130,94382.0,"(32, 15)",taxation,6,0.25,False,True,False
21,131,85817.0,"(27, 32)",taxation,6,0.25,False,True,False
21,132,94381.0,"(25, 37)",taxation,6,0.25,False,True,False
21,134,85812.0,"(32, 17)",taxation,6,0.25,False,True,False
21,135,85803.0,"(18, 38)",taxation,6,0.25,False,True,False
21,136,68659.0,"(34, 32)",taxation,6,0.25,False,True,False
21,137,77231.0,"(25, 15)",taxation,6,0.25,False,True,False
21,138,90085.0,"(15, 32)",taxation,6,0.25,False,True,False
21,141,68680.0,"(25, 34)",taxation,6,0.25,False,True,False
21,143,85795.0,"(16, 31)",taxation,6,0.25,False,True,False
21,145,90083.0,"(37, 19)",taxation,6,0.25,False,True,False
21,147,85803.0,"(33, 11)",taxation,6,0.25,False,True,False
21,150,72943.0,"(6, 27)",taxation,6,0.25,False,True,False
21,151,68658.0,"(42, 23)",taxation,6,0.25,False,True,False
21,152,90101.0,"(4, 34)",taxation,6,0.25,False,True,False
21,153,42933.0,"(37, 21)",taxation,6,0.25,False,True,False
21,155,90093.0,"(33, 8)",taxation,6,0.25,False,True,False
21,157,81516.0,"(30, 30)",taxation,6,0.25,False,True,False
21,159,68672.0,"(37, 28)",taxation,6,0.25,False,True,False
21,160,77237.0,"(3, 34)",taxation,6,0.25,False,True,False
21,161,72936.0,"(27, 10)",taxation,6,0.25,False,True,False
21,162,90083.0,"(35, 23)",taxation,6,0.25,False,True,False
21,163,102949.0,"(17, 45)",taxation,6,0.25,False,True,False
21,164,90096.0,"(33, 15)",taxation,6,0.25,False,True,False
21,165,102942.0,"(38, 4)",taxation,6,0.25,False,True,False
21,166,81529.0,"(21, 5)",taxation,6,0.25,False,True,False
21,168,94386.0,"(32, 14)",taxation,6,0.25,False,True,False
21,169,68669.0,"(14, 31)",taxation,6,0.25,False,True,False
21,171,85824.0,"(34, 34)",taxation,6,0.25,False,True,False
21,174,94361.0,"(39, 26)",taxation,6,0.25,False,True,False
21,175,72938.0,"(38, 17)",taxation,6,0.25,False,True,False
21,177,85828.0,"(32, 12)",taxation,6,0.25,False,True,False
21,178,94382.0,"(42, 10)",taxation,6,0.25,False,True,False
21,181,85817.00000000001,"(25, 36)",taxation,6,0.25,False,True,False
21,183,60081.0,"(37, 22)",taxation,6,0.25,False,True,False
21,184,85805.0,"(13, 26)",taxation,6,0.25,False,True,False
21,185,85807.0,"(26, 13)",taxation,6,0.25,False,True,False
21,186,81533.0,"(23, 11)",taxation,6,0.25,False,True,False
21,188,85824.0,"(9, 34)",taxation,6,0.25,False,True,False
21,190,85831.0,"(15, 25)",taxation,6,0.25,False,True,False
21,191,98646.0,"(35, 26)",taxation,6,0.25,False,True,False
21,192,77259.0,"(33, 18)",taxation,6,0.25,False,True,False
21,193,77246.0,"(4, 27)",taxation,6,0.25,False,True,False
21,194,77258.0,"(3, 37)",taxation,6,0.25,False,True,False
21,195,38650.0,"(33, 14)",taxation,6,0.25,False,True,False
21,196,60090.0,"(3, 33)",taxation,6,0.25,False,True,False
21,197,68648.0,"(5, 32)",taxation,6,0.25,False,True,False
21,199,98645.0,"(29, 11)",taxation,6,0.25,False,True,False
21,200,81512.0,"(24, 10)",taxation,6,0.25,False,True,False
21,201,60087.0,"(32, 30)",taxation,6,0.25,False,True,False
21,202,98649.0,"(25, 9)",taxation,6,0.25,False,True,False
21,203,102932.0,"(38, 28)",taxation,6,0.25,False,True,False
21,204,94372.0,"(36, 26)",taxation,6,0.25,False,True,False
21,207,68654.0,"(24, 14)",taxation,6,0.25,False,True,False
21,209,98666.0,"(32, 11)",taxation,6,0.25,False,True,False
21,210,102936.0,"(22, 35)",taxation,6,0.25,False,True,False
21,211,55800.0,"(31, 36)",taxation,6,0.25,False,True,False
21,213,85829.0,"(4, 33)",taxation,6,0.25,False,True,False
21,214,55792.0,"(41, 15)",taxation,6,0.25,False,True,False
21,215,94369.0,"(17, 46)",taxation,6,0.25,False,True,False
21,216,94377.0,"(3, 32)",taxation,6,0.25,False,True,False
21,217,51514.0,"(11, 26)",taxation,6,0.25,False,True,False
21,218,98658.0,"(19, 36)",taxation,6,0.25,False,True,False
21,220,94372.0,"(34, 25)",taxation,6,0.25,False,True,False
21,221,81517.0,"(18, 32)",taxation,6,0.25,False,True,False
21,222,85826.0,"(15, 27)",taxation,6,0.25,False,True,False
21,223,60075.0,"(2, 32)",taxation,6,0.25,False,True,False
21,224,72962.0,"(18, 36)",taxation,6,0.25,False,True,False
21,227,94375.0,"(31, 29)",taxation,6,0.25,False,True,False
21,229,94393.0,"(10, 46)",taxation,6,0.25,False,True,False
21,230,68680.0,"(16, 33)",taxation,6,0.25,False,True,False
21,231,55797.0,"(26, 11)",taxation,6,0.25,False,True,False
21,232,51516.0,"(15, 26)",taxation,6,0.25,False,True,False
21,233,81516.0,"(36, 23)",taxation,6,0.25,False,True,False
21,234,90081.0,"(14, 32)",taxation,6,0.25,False,True,False
21,235,85810.0,"(34, 15)",taxation,6,0.25,False,True,False
21,236,85800.0,"(14, 10)",taxation,6,0.25,False,True,False
21,237,68660.0,"(14, 24)",taxation,6,0.25,False,True,False
21,238,85828.0,"(39, 16)",taxation,6,0.25,False,True,False
21,239,85794.0,"(19, 16)",taxation,6,0.25,False,True,False
21,243,81514.0,"(35, 15)",taxation,6,0.25,False,True,False
21,244,98677.0,"(4, 35)",taxation,6,0.25,False,True,False
21,245,94387.0,"(14, 46)",taxation,6,0.25,False,True,False
21,247,77241.0,"(13, 25)",taxation,6,0.25,False,True,False
21,248,85799.0,"(34, 13)",taxation,6,0.25,False,True,False
21,219-2,75084.0,"(12, 31)",taxation,6,0.25,False,True,False
21,158-2,62221.0,"(38, 27)",taxation,6,0.25,False,True,False
21,139-2,77239.25,"(12, 24)",taxation,6,0.25,False,True,False
21,179-2,55823.5,"(31, 4)",taxation,6,0.25,False,True,False
21,28-2,59036.25,"(28, 10)",taxation,6,0.25,False,True,False
21,187-2,34361.0,"(36, 28)",taxation,6,0.25,False,True,False
21,146-2,25799.0,"(42, 20)",taxation,6,0.25,False,True,False
21,94-2,21532.0,"(2, 33)",taxation,6,0.25,False,True,False
21,154-2,30084.0,"(23, 38)",taxation,6,0.25,False,True,False
21,173-2,17229.0,"(31, 30)",taxation,6,0.25,False,True,False
21,240-2,21504.0,"(37, 27)",taxation,6,0.25,False,True,False
21,246-2,64373.0,"(2, 35)",taxation,6,0.25,False,True,False
21,98-2,34386.0,"(31, 15)",taxation,6,0.25,False,True,False
21,140-2,113.0,"(32, 31)",taxation,6,0.25,False,True,False
21,176-2,111.0,"(3, 35)",taxation,6,0.25,False,True,False
21,208-2,68657.25,"(24, 11)",taxation,6,0.25,False,True,False
21,170-2,59028.75,"(35, 24)",taxation,6,0.25,False,True,False
21,1-2,49360.25,"(7, 32)",taxation,6,0.25,False,True,False
21,23-2,69745.0,"(37, 15)",taxation,6,0.25,False,True,False
21,17-2,70785.5,"(31, 12)",taxation,6,0.25,False,True,False
21,31-2,77226.5,"(14, 27)",taxation,6,0.25,False,True,False
21,228-2,50445.0,"(26, 32)",taxation,6,0.25,False,True,False
21,149-2,57962.0,"(1, 32)",taxation,6,0.25,False,True,False
21,206-2,65443.25,"(18, 47)",taxation,6,0.25,False,True,False
21,242-2,29018.25,"(30, 4)",taxation,6,0.25,False,True,False
21,75-2,61173.0,"(17, 43)",taxation,6,0.25,False,True,False
21,74-2,75078.0,"(23, 36)",taxation,6,0.25,False,True,False
21,241-2,61148.5,"(33, 28)",taxation,6,0.25,False,True,False
21,42-2,48298.5,"(22, 34)",taxation,6,0.25,False,True,False
21,142-2,41866.75,"(34, 29)",taxation,6,0.25,False,True,False
21,172-2,70797.75,"(25, 10)",taxation,6,0.25,False,True,False
21,167-2,67593.75,"(31, 14)",taxation,6,0.25,False,True,False
21,38-2,67591.5,"(34, 23)",taxation,6,0.25,False,True,False
21,198-2,61170.5,"(15, 45)",taxation,6,0.25,False,True,False
21,0-2,45088.25,"(16, 6)",taxation,6,0.25,False,True,False
21,6-2,74014.0,"(16, 34)",taxation,6,0.25,False,True,False
21,76-2,64379.750000000015,"(11, 46)",taxation,6,0.25,False,True,False
21,144-2,64375.5,"(16, 27)",taxation,6,0.25,False,True,False
21,25-2,57941.0,"(13, 24)",taxation,6,0.25,False,True,False
21,40-2,70801.0,"(16, 44)",taxation,6,0.25,False,True,False
21,10-2,67579.25,"(33, 29)",taxation,6,0.25,False,True,False
21,180-2,64386.25,"(18, 35)",taxation,6,0.25,False,True,False
21,212-2,67562.75,"(43, 22)",taxation,6,0.25,False,True,False
21,63-2,61148.75,"(28, 31)",taxation,6,0.25,False,True,False
21,189-2,57937.5,"(12, 26)",taxation,6,0.25,False,True,False
21,54-2,64377.25,"(29, 9)",taxation,6,0.25,False,True,False
21,4-2,48285.25,"(13, 27)",taxation,6,0.25,False,True,False
21,83-2,70788.75,"(27, 9)",taxation,6,0.25,False,True,False
21,249-2,67568.0,"(23, 37)",taxation,6,0.25,False,True,False
21,22-2,74005.0,"(31, 13)",taxation,6,0.25,False,True,False
21,205-2,32206.75,"(29, 5)",taxation,6,0.25,False,True,False
21,156-2,48287.5,"(17, 32)",taxation,6,0.25,False,True,False
21,51-2,67565.5,"(15, 24)",taxation,6,0.25,False,True,False
21,133-2,57931.0,"(17, 31)",taxation,6,0.25,False,True,False
21,73-2,67585.25,"(18, 33)",taxation,6,0.25,False,True,False
21,56-2,64356.75,"(16, 45)",taxation,6,0.25,False,True,False
21,182-2,67567.25,"(12, 25)",taxation,6,0.25,False,True,False
21,71-2,70785.25,"(32, 8)",taxation,6,0.25,False,True,False
21,91-2,70773.75,"(28, 12)",taxation,6,0.25,False,True,False
21,226-2,64341.75,"(36, 29)",taxation,6,0.25,False,True,False
21,225-2,67563.75,"(19, 14)",taxation,6,0.25,False,True,False
21,148-2,51491.25,"(15, 31)",taxation,6,0.25,False,True,False
21,16-2,74008.5,"(22, 37)",taxation,6,0.25,False,True,False
22,2,85800.0,"(15, 47)",taxation,6,0.25,False,True,False
22,3,51512.0,"(1, 31)",taxation,6,0.25,False,True,False
22,5,38665.0,"(29, 27)",taxation,6,0.25,False,True,False
22,7,64383.0,"(22, 9)",taxation,6,0.25,False,True,False
22,8,85836.0,"(17, 47)",taxation,6,0.25,False,True,False
22,9,72966.0,"(29, 14)",taxation,6,0.25,False,True,False
22,11,68654.0,"(13, 20)",taxation,6,0.25,False,True,False
22,12,81528.0,"(18, 24)",taxation,6,0.25,False,True,False
22,13,81537.0,"(18, 22)",taxation,6,0.25,False,True,False
22,14,21523.0,"(27, 15)",taxation,6,0.25,False,True,False
22,15,77251.0,"(35, 2)",taxation,6,0.25,False,True,False
22,18,98673.0,"(37, 17)",taxation,6,0.25,False,True,False
22,19,90083.0,"(17, 23)",taxation,6,0.25,False,True,False
22,20,81520.0,"(32, 3)",taxation,6,0.25,False,True,False
22,21,81533.0,"(28, 30)",taxation,6,0.25,False,True,False
22,24,68678.0,"(36, 3)",taxation,6,0.25,False,True,False
22,26,68686.0,"(2, 40)",taxation,6,0.25,False,True,False
22,27,77239.0,"(30, 23)",taxation,6,0.25,False,True,False
22,29,85811.0,"(15, 28)",taxation,6,0.25,False,True,False
22,30,98673.0,"(22, 15)",taxation,6,0.25,False,True,False
22,32,94371.0,"(3, 31)",taxation,6,0.25,False,True,False
22,33,68687.0,"(26, 15)",taxation,6,0.25,False,True,False
22,34,77242.0,"(26, 29)",taxation,6,0.25,False,True,False
22,35,85842.0,"(21, 31)",taxation,6,0.25,False,True,False
22,36,64377.0,"(16, 23)",taxation,6,0.25,False,True,False
22,37,90102.0,"(35, 3)",taxation,6,0.25,False,True,False
22,39,60089.0,"(21, 18)",taxation,6,0.25,False,True,False
22,41,94396.0,"(14, 48)",taxation,6,0.25,False,True,False
22,43,85812.0,"(34, 2)",taxation,6,0.25,False,True,False
22,44,55823.0,"(30, 29)",taxation,6,0.25,False,True,False
22,45,90094.0,"(19, 26)",taxation,6,0.25,False,True,False
22,46,60100.0,"(36, 21)",taxation,6,0.25,False,True,False
22,47,60109.0,"(20, 28)",taxation,6,0.25,False,True,False
22,48,90093.0,"(31, 22)",taxation,6,0.25,False,True,False
22,49,81551.0,"(22, 29)",taxation,6,0.25,False,True,False
22,50,98670.0,"(9, 47)",taxation,6,0.25,False,True,False
22,52,64372.0,"(32, 22)",taxation,6,0.25,False,True,False
22,53,55803.0,"(27, 16)",taxation,6,0.25,False,True,False
22,55,94375.0,"(24, 29)",taxation,6,0.25,False,True,False
22,57,77231.0,"(27, 14)",taxation,6,0.25,False,True,False
22,58,90077.0,"(0, 31)",taxation,6,0.25,False,True,False
22,59,77239.0,"(2, 36)",taxation,6,0.25,False,True,False
22,60,90095.0,"(38, 20)",taxation,6,0.25,False,True,False
22,61,102957.0,"(30, 16)",taxation,6,0.25,False,True,False
22,62,85834.0,"(13, 47)",taxation,6,0.25,False,True,False
22,64,85807.0,"(28, 16)",taxation,6,0.25,False,True,False
22,65,98673.0,"(30, 19)",taxation,6,0.25,False,True,False
22,66,94384.0,"(23, 34)",taxation,6,0.25,False,True,False
22,67,64380.0,"(5, 28)",taxation,6,0.25,False,True,False
22,68,72959.0,"(23, 33)",taxation,6,0.25,False,True,False
22,69,94394.0,"(19, 46)",taxation,6,0.25,False,True,False
22,70,90114.0,"(22, 13)",taxation,6,0.25,False,True,False
22,72,98650.0,"(1, 36)",taxation,6,0.25,False,True,False
22,77,72954.0,"(8, 47)",taxation,6,0.25,False,True,False
22,78,81518.0,"(20, 13)",taxation,6,0.25,False,True,False
22,79,81520.0,"(16, 22)",taxation,6,0.25,False,True,False
22,80,94379.0,"(34, 21)",taxation,6,0.25,False,True,False
22,81,81544.0,"(41, 16)",taxation,6,0.25,False,True,False
22,82,90092.0,"(22, 31)",taxation,6,0.25,False,True,False
22,84,85832.0,"(16, 47)",taxation,6,0.25,False,True,False
22,85,77232.0,"(39, 8)",taxation,6,0.25,False,True,False
22,86,85831.0,"(23, 35)",taxation,6,0.25,False,True,False
22,87,85801.0,"(22, 27)",taxation,6,0.25,False,True,False
22,88,85809.0,"(28, 3)",taxation,6,0.25,False,True,False
22,89,90108.0,"(15, 48)",taxation,6,0.25,False,True,False
22,90,77256.0,"(39, 19)",taxation,6,0.25,False,True,False
22,92,94365.0,"(0, 35)",taxation,6,0.25,False,True,False
22,93,38662.0,"(34, 17)",taxation,6,0.25,False,True,False
22,95,98664.0,"(23, 32)",taxation,6,0.25,False,True,False
22,96,98671.0,"(21, 32)",taxation,6,0.25,False,True,False
22,97,68673.0,"(31, 24)",taxation,6,0.25,False,True,False
22,99,81523.0,"(23, 29)",taxation,6,0.25,False,True,False
22,100,85829.0,"(28, 15)",taxation,6,0.25,False,True,False
22,101,85829.0,"(40, 19)",taxation,6,0.25,False,True,False
22,102,60098.0,"(27, 29)",taxation,6,0.25,False,True,False
22,103,85801.0,"(21, 12)",taxation,6,0.25,False,True,False
22,104,81547.0,"(23, 14)",taxation,6,0.25,False,True,False
22,105,77251.0,"(24, 30)",taxation,6,0.25,False,True,False
22,107,94385.0,"(33, 19)",taxation,6,0.25,False,True,False
22,108,47242.0,"(16, 29)",taxation,6,0.25,False,True,False
22,109,85835.0,"(21, 34)",taxation,6,0.25,False,True,False
22,110,98658.0,"(24, 38)",taxation,6,0.25,False,True,False
22,112,94379.0,"(24, 33)",taxation,6,0.25,False,True,False
22,113,90084.0,"(27, 18)",taxation,6,0.25,False,True,False
22,114,98661.0,"(36, 16)",taxation,6,0.25,False,True,False
22,115,94371.0,"(29, 24)",taxation,6,0.25,False,True,False
22,116,94403.0,"(24, 35)",taxation,6,0.25,False,True,False
22,117,77235.0,"(24, 32)",taxation,6,0.25,False,True,False
22,118,94388.0,"(28, 18)",taxation,6,0.25,False,True,False
22,119,85818.0,"(27, 13)",taxation,6,0.25,False,True,False
22,120,98650.0,"(22, 11)",taxation,6,0.25,False,True,False
22,121,85839.0,"(22, 33)",taxation,6,0.25,False,True,False
22,122,72949.0,"(3, 39)",taxation,6,0.25,False,True,False
22,123,98669.0,"(41, 10)",taxation,6,0.25,False,True,False
22,124,81534.0,"(17, 27)",taxation,6,0.25,False,True,False
22,125,94390.0,"(9, 48)",taxation,6,0.25,False,True,False
22,126,85796.0,"(35, 28)",taxation,6,0.25,False,True,False
22,127,90085.0,"(25, 18)",taxation,6,0.25,False,True,False
22,128,94384.0,"(39, 21)",taxation,6,0.25,False,True,False
22,129,81543.0,"(31, 28)",taxation,6,0.25,False,True,False
22,130,94390.0,"(32, 18)",taxation,6,0.25,False,True,False
22,131,85825.0,"(27, 30)",taxation,6,0.25,False,True,False
22,132,94389.0,"(25, 33)",taxation,6,0.25,False,True,False
22,135,85809.0,"(21, 36)",taxation,6,0.25,False,True,False
22,136,68666.0,"(34, 28)",taxation,6,0.25,False,True,False
22,137,77239.0,"(25, 16)",taxation,6,0.25,False,True,False
22,138,90093.0,"(20, 30)",taxation,6,0.25,False,True,False
22,141,68688.0,"(24, 34)",taxation,6,0.25,False,True,False
22,143,85802.0,"(22, 28)",taxation,6,0.25,False,True,False
22,145,90091.0,"(37, 20)",taxation,6,0.25,False,True,False
22,147,85811.0,"(36, 15)",taxation,6,0.25,False,True,False
22,150,72949.0,"(3, 29)",taxation,6,0.25,False,True,False
22,151,68666.0,"(40, 22)",taxation,6,0.25,False,True,False
22,152,90108.0,"(0, 38)",taxation,6,0.25,False,True,False
22,153,42941.0,"(31, 21)",taxation,6,0.25,False,True,False
22,155,90100.0,"(36, 2)",taxation,6,0.25,False,True,False
22,157,81524.0,"(30, 27)",taxation,6,0.25,False,True,False
22,159,68680.0,"(33, 22)",taxation,6,0.25,False,True,False
22,160,77244.0,"(0, 34)",taxation,6,0.25,False,True,False
22,161,72944.0,"(26, 14)",taxation,6,0.25,False,True,False
22,162,90091.0,"(32, 21)",taxation,6,0.25,False,True,False
22,163,102956.0,"(20, 45)",taxation,6,0.25,False,True,False
22,164,90104.0,"(31, 18)",taxation,6,0.25,False,True,False
22,165,102949.0,"(38, 6)",taxation,6,0.25,False,True,False
22,166,81536.0,"(21, 9)",taxation,6,0.25,False,True,False
22,169,68677.0,"(18, 28)",taxation,6,0.25,False,True,False
22,171,85833.0,"(29, 30)",taxation,6,0.25,False,True,False
22,174,94369.0,"(39, 22)",taxation,6,0.25,False,True,False
22,175,72946.0,"(40, 17)",taxation,6,0.25,False,True,False
22,177,85836.0,"(35, 17)",taxation,6,0.25,False,True,False
22,178,94390.0,"(44, 15)",taxation,6,0.25,False,True,False
22,181,85824.00000000001,"(25, 30)",taxation,6,0.25,False,True,False
22,183,60090.0,"(33, 24)",taxation,6,0.25,False,True,False
22,184,85813.0,"(17, 26)",taxation,6,0.25,False,True,False
22,185,85815.0,"(26, 17)",taxation,6,0.25,False,True,False
22,186,81540.0,"(23, 12)",taxation,6,0.25,False,True,False
22,188,85832.0,"(3, 38)",taxation,6,0.25,False,True,False
22,190,85838.0,"(21, 23)",taxation,6,0.25,False,True,False
22,191,98654.0,"(32, 24)",taxation,6,0.25,False,True,False
22,192,77267.0,"(32, 20)",taxation,6,0.25,False,True,False
22,193,77252.0,"(2, 29)",taxation,6,0.25,False,True,False
22,194,77266.0,"(1, 38)",taxation,6,0.25,False,True,False
22,195,38658.0,"(35, 16)",taxation,6,0.25,False,True,False
22,196,60098.0,"(1, 37)",taxation,6,0.25,False,True,False
22,197,68656.0,"(1, 34)",taxation,6,0.25,False,True,False
22,199,98652.0,"(29, 16)",taxation,6,0.25,False,True,False
22,200,81519.0,"(23, 10)",taxation,6,0.25,False,True,False
22,201,60095.0,"(28, 27)",taxation,6,0.25,False,True,False
22,202,98656.0,"(22, 10)",taxation,6,0.25,False,True,False
22,203,102939.0,"(38, 26)",taxation,6,0.25,False,True,False
22,204,94380.0,"(33, 23)",taxation,6,0.25,False,True,False
22,207,68662.0,"(22, 14)",taxation,6,0.25,False,True,False
22,209,98674.0,"(36, 17)",taxation,6,0.25,False,True,False
22,210,102943.0,"(24, 31)",taxation,6,0.25,False,True,False
22,211,55806.0,"(31, 35)",taxation,6,0.25,False,True,False
22,213,85836.0,"(0, 32)",taxation,6,0.25,False,True,False
22,214,55800.0,"(41, 17)",taxation,6,0.25,False,True,False
22,215,94375.0,"(17, 48)",taxation,6,0.25,False,True,False
22,216,94385.0,"(1, 35)",taxation,6,0.25,False,True,False
22,217,51520.0,"(16, 28)",taxation,6,0.25,False,True,False
22,218,98666.0,"(23, 31)",taxation,6,0.25,False,True,False
22,220,94380.0,"(32, 26)",taxation,6,0.25,False,True,False
22,221,81524.0,"(21, 28)",taxation,6,0.25,False,True,False
22,222,85833.0,"(18, 25)",taxation,6,0.25,False,True,False
22,223,60082.0,"(0, 37)",taxation,6,0.25,False,True,False
22,224,72969.0,"(23, 30)",taxation,6,0.25,False,True,False
22,227,94384.0,"(29, 29)",taxation,6,0.25,False,True,False
22,229,94400.0,"(10, 47)",taxation,6,0.25,False,True,False
22,230,68687.0,"(20, 31)",taxation,6,0.25,False,True,False
22,231,55805.0,"(26, 16)",taxation,6,0.25,False,True,False
22,232,51523.0,"(17, 24)",taxation,6,0.25,False,True,False
22,233,81524.0,"(35, 21)",taxation,6,0.25,False,True,False
22,234,90088.0,"(19, 30)",taxation,6,0.25,False,True,False
22,235,85818.0,"(34, 16)",taxation,6,0.25,False,True,False
22,236,85807.0,"(20, 16)",taxation,6,0.25,False,True,False
22,237,68668.0,"(19, 28)",taxation,6,0.25,False,True,False
22,238,85836.0,"(40, 18)",taxation,6,0.25,False,True,False
22,239,85802.0,"(22, 17)",taxation,6,0.25,False,True,False
22,243,81522.0,"(39, 20)",taxation,6,0.25,False,True,False
22,244,98684.0,"(1, 39)",taxation,6,0.25,False,True,False
22,245,94394.0,"(14, 47)",taxation,6,0.25,False,True,False
22,247,77249.0,"(19, 20)",taxation,6,0.25,False,True,False
22,248,85807.0,"(29, 18)",taxation,6,0.25,False,True,False
22,219-2,75092.0,"(18, 27)",taxation,6,0.25,False,True,False
22,158-2,62229.0,"(38, 22)",taxation,6,0.25,False,True,False
22,139-2,77246.25,"(16, 24)",taxation,6,0.25,False,True,False
22,179-2,55830.5,"(30, 3)",taxation,6,0.25,False,True,False
22,28-2,59043.25,"(24, 8)",taxation,6,0.25,False,True,False
22,187-2,34369.0,"(32, 23)",taxation,6,0.25,False,True,False
22,146-2,25807.0,"(41, 18)",taxation,6,0.25,False,True,False
22,94-2,21539.0,"(0, 33)",taxation,6,0.25,False,True,False
22,154-2,30090.0,"(21, 35)",taxation,6,0.25,False,True,False
22,173-2,17237.0,"(27, 24)",taxation,6,0.25,False,True,False
22,240-2,21512.0,"(32, 27)",taxation,6,0.25,False,True,False
22,246-2,64381.0,"(2, 37)",taxation,6,0.25,False,True,False
22,98-2,34394.0,"(29, 17)",taxation,6,0.25,False,True,False
22,140-2,121.0,"(28, 29)",taxation,6,0.25,False,True,False
22,176-2,119.0,"(2, 38)",taxation,6,0.25,False,True,False
22,208-2,68665.25,"(20, 12)",taxation,6,0.25,False,True,False
22,170-2,59036.75,"(33, 21)",taxation,6,0.25,False,True,False
22,1-2,49367.25,"(8, 34)",taxation,6,0.25,False,True,False
22,23-2,69753.0,"(37, 16)",taxation,6,0.25,False,True,False
22,17-2,70793.5,"(28, 14)",taxation,6,0.25,False,True,False
22,31-2,77234.5,"(20, 29)",taxation,6,0.25,False,True,False
22,228-2,50452.0,"(25, 29)",taxation,6,0.25,False,True,False
22,149-2,57970.0,"(0, 36)",taxation,6,0.25,False,True,False
22,206-2,65450.25,"(13, 49)",taxation,6,0.25,False,True,False
22,242-2,29025.25,"(29, 3)",taxation,6,0.25,False,True,False
22,75-2,61180.0,"(11, 39)",taxation,6,0.25,False,True,False
22,74-2,75085.0,"(24, 36)",taxation,6,0.25,False,True,False
22,241-2,61156.5,"(32, 28)",taxation,6,0.25,False,True,False
22,42-2,48306.5,"(25, 31)",taxation,6,0.25,False,True,False
22,142-2,41874.75,"(28, 24)",taxation,6,0.25,False,True,False
22,172-2,70805.75,"(23, 13)",taxation,6,0.25,False,True,False
22,167-2,67601.75,"(33, 17)",taxation,6,0.25,False,True,False
22,38-2,67599.5,"(34, 22)",taxation,6,0.25,False,True,False
22,198-2,61177.5,"(11, 48)",taxation,6,0.25,False,True,False
22,0-2,45095.25,"(21, 10)",taxation,6,0.25,False,True,False
22,6-2,74022.0,"(22, 30)",taxation,6,0.25,False,True,False
22,76-2,64386.750000000015,"(12, 47)",taxation,6,0.25,False,True,False
22,144-2,64383.5,"(21, 29)",taxation,6,0.25,False,True,False
22,25-2,57948.0,"(19, 21)",taxation,6,0.25,False,True,False
22,40-2,70808.0,"(12, 48)",taxation,6,0.25,False,True,False
22,10-2,67587.25,"(31, 27)",taxation,6,0.25,False,True,False
22,180-2,64394.25,"(22, 32)",taxation,6,0.25,False,True,False
22,212-2,67570.75,"(40, 21)",taxation,6,0.25,False,True,False
22,63-2,61155.75,"(26, 30)",taxation,6,0.25,False,True,False
22,189-2,57944.5,"(18, 26)",taxation,6,0.25,False,True,False
22,54-2,64385.25,"(32, 9)",taxation,6,0.25,False,True,False
22,4-2,48292.25,"(16, 25)",taxation,6,0.25,False,True,False
22,83-2,70796.75,"(29, 12)",taxation,6,0.25,False,True,False
22,249-2,67576.0,"(25, 32)",taxation,6,0.25,False,True,False
22,22-2,74013.0,"(28, 17)",taxation,6,0.25,False,True,False
22,205-2,32213.75,"(28, 4)",taxation,6,0.25,False,True,False
22,156-2,48295.5,"(19, 29)",taxation,6,0.25,False,True,False
22,51-2,67573.5,"(17, 22)",taxation,6,0.25,False,True,False
22,133-2,57938.0,"(23, 28)",taxation,6,0.25,False,True,False
22,73-2,67593.25,"(21, 30)",taxation,6,0.25,False,True,False
22,56-2,64363.75,"(13, 48)",taxation,6,0.25,False,True,False
22,182-2,67574.25,"(17, 25)",taxation,6,0.25,False,True,False
22,71-2,70792.25,"(31, 2)",taxation,6,0.25,False,True,False
22,91-2,70781.75,"(28, 13)",taxation,6,0.25,False,True,False
22,226-2,64349.75,"(31, 23)",taxation,6,0.25,False,True,False
22,225-2,67571.75,"(19, 15)",taxation,6,0.25,False,True,False
22,148-2,51498.25,"(19, 27)",taxation,6,0.25,False,True,False
22,16-2,74015.5,"(24, 37)",taxation,6,0.25,False,True,False
22,111-2,70781.25,"(27, 17)",taxation,6,0.25,False,True,False
22,134-2,64365.0,"(31, 20)",taxation,6,0.25,False,True,False
22,168-2,70795.5,"(29, 19)",taxation,6,0.25,False,True,False
22,106-2,61155.75,"(37, 3)",taxation,6,0.25,False,True,False
23,2,85807.0,"(18, 49)",taxation,6,0.25,False,True,False
23,3,51519.0,"(0, 30)",taxation,6,0.25,False,True,False
23,5,38673.0,"(28, 26)",taxation,6,0.25,False,True,False
23,7,64390.0,"(23, 7)",taxation,6,0.25,False,True,False
23,8,85843.0,"(16, 48)",taxation,6,0.25,False,True,False
23,9,72974.0,"(23, 18)",taxation,6,0.25,False,True,False
23,11,68661.0,"(14, 20)",taxation,6,0.25,False,True,False
23,12,81536.0,"(22, 21)",taxation,6,0.25,False,True,False
23,13,81544.0,"(19, 22)",taxation,6,0.25,False,True,False
23,14,21531.0,"(23, 19)",taxation,6,0.25,False,True,False
23,15,77258.0,"(38, 2)",taxation,6,0.25,False,True,False
23,18,98681.0,"(40, 20)",taxation,6,0.25,False,True,False
23,19,90091.0,"(21, 21)",taxation,6,0.25,False,True,False
23,20,81527.0,"(32, 2)",taxation,6,0.25,False,True,False
23,21,81541.0,"(29, 28)",taxation,6,0.25,False,True,False
23,24,68685.0,"(39, 3)",taxation,6,0.25,False,True,False
23,26,68693.0,"(2, 43)",taxation,6,0.25,False,True,False
23,27,77248.0,"(29, 23)",taxation,6,0.25,False,True,False
23,29,85818.0,"(17, 29)",taxation,6,0.25,False,True,False
23,30,98681.0,"(21, 19)",taxation,6,0.25,False,True,False
23,32,94377.0,"(4, 29)",taxation,6,0.25,False,True,False
23,33,68695.0,"(23, 15)",taxation,6,0.25,False,True,False
23,34,77250.0,"(26, 27)",taxation,6,0.25,False,True,False
23,35,85850.0,"(25, 25)",taxation,6,0.25,False,True,False
23,36,64384.0,"(16, 21)",taxation,6,0.25,False,True,False
23,37,90109.0,"(35, 1)",taxation,6,0.25,False,True,False
23,39,60097.0,"(21, 20)",taxation,6,0.25,False,True,False
23,41,94403.0,"(16, 49)",taxation,6,0.25,False,True,False
23,43,85819.0,"(33, 2)",taxation,6,0.25,False,True,False
23,44,55831.0,"(30, 26)",taxation,6,0.25,False,True,False
23,45,90102.0,"(23, 25)",taxation,6,0.25,False,True,False
23,46,60108.0,"(33, 20)",taxation,6,0.25,False,True,False
23,47,60117.0,"(25, 24)",taxation,6,0.25,False,True,False
23,48,90101.0,"(28, 25)",taxation,6,0.25,False,True,False
23,49,81559.0,"(23, 24)",taxation,6,0.25,False,True,False
23,50,98677.0,"(9, 49)",taxation,6,0.25,False,True,False
23,52,64379.0,"(34, 20)",taxation,6,0.25,False,True,False
23,53,55810.0,"(25, 19)",taxation,6,0.25,False,True,False
23,55,94382.0,"(20, 25)",taxation,6,0.25,False,True,False
23,57,77238.0,"(24, 20)",taxation,6,0.25,False,True,False
23,58,90084.0,"(0, 29)",taxation,6,0.25,False,True,False
23,59,77247.0,"(2, 41)",taxation,6,0.25,False,True,False
23,60,90103.0,"(42, 17)",taxation,6,0.25,False,True,False
23,61,102966.0,"(25, 20)",taxation,6,0.25,False,True,False
23,62,85841.0,"(11, 49)",taxation,6,0.25,False,True,False
23,64,85816.0,"(26, 18)",taxation,6,0.25,False,True,False
23,65,98681.0,"(26, 23)",taxation,6,0.25,False,True,False
23,66,94391.0,"(28, 37)",taxation,6,0.25,False,True,False
23,67,64386.0,"(5, 29)",taxation,6,0.25,False,True,False
23,68,72967.0,"(26, 28)",taxation,6,0.25,False,True,False
23,69,94400.0,"(20, 47)",taxation,6,0.25,False,True,False
23,70,90122.0,"(21, 17)",taxation,6,0.25,False,True,False
23,72,98656.0,"(6, 40)",taxation,6,0.25,False,True,False
23,77,72962.0,"(2, 42)",taxation,6,0.25,False,True,False
23,78,81525.0,"(20, 14)",taxation,6,0.25,False,True,False
23,79,81528.0,"(20, 20)",taxation,6,0.25,False,True,False
23,80,94385.0,"(30, 24)",taxation,6,0.25,False,True,False
23,81,81552.0,"(43, 16)",taxation,6,0.25,False,True,False
23,82,90099.0,"(21, 27)",taxation,6,0.25,False,True,False
23,84,85839.0,"(10, 49)",taxation,6,0.25,False,True,False
23,85,77240.0,"(43, 11)",taxation,6,0.25,False,True,False
23,86,85838.0,"(28, 35)",taxation,6,0.25,False,True,False
23,87,85809.0,"(26, 25)",taxation,6,0.25,False,True,False
23,88,85816.0,"(28, 2)",taxation,6,0.25,False,True,False
23,89,90115.0,"(17, 49)",taxation,6,0.25,False,True,False
23,90,77264.0,"(43, 19)",taxation,6,0.25,False,True,False
23,92,94373.0,"(0, 41)",taxation,6,0.25,False,True,False
23,93,38670.0,"(28, 22)",taxation,6,0.25,False,True,False
23,95,98671.0,"(28, 33)",taxation,6,0.25,False,True,False
23,96,98677.0,"(19, 32)",taxation,6,0.25,False,True,False
23,97,68681.0,"(25, 23)",taxation,6,0.25,False,True,False
23,99,81532.0,"(28, 23)",taxation,6,0.25,False,True,False
23,100,85837.0,"(26, 21)",taxation,6,0.25,False,True,False
23,101,85837.0,"(41, 19)",taxation,6,0.25,False,True,False
23,102,60106.0,"(27, 27)",taxation,6,0.25,False,True,False
23,103,85809.0,"(22, 16)",taxation,6,0.25,False,True,False
23,104,81555.0,"(23, 16)",taxation,6,0.25,False,True,False
23,105,77259.0,"(24, 26)",taxation,6,0.25,False,True,False
23,107,94393.0,"(29, 22)",taxation,6,0.25,False,True,False
23,108,47249.0,"(18, 29)",taxation,6,0.25,False,True,False
23,109,85842.0,"(19, 31)",taxation,6,0.25,False,True,False
23,110,98665.0,"(28, 38)",taxation,6,0.25,False,True,False
23,112,94386.0,"(28, 34)",taxation,6,0.25,False,True,False
23,113,90091.0,"(21, 22)",taxation,6,0.25,False,True,False
23,114,98670.0,"(30, 21)",taxation,6,0.25,False,True,False
23,115,94380.0,"(28, 20)",taxation,6,0.25,False,True,False
23,116,94410.0,"(27, 33)",taxation,6,0.25,False,True,False
23,117,77242.0,"(28, 32)",taxation,6,0.25,False,True,False
23,118,94396.0,"(27, 21)",taxation,6,0.25,False,True,False
23,119,85825.0,"(24, 16)",taxation,6,0.25,False,True,False
23,120,98658.0,"(21, 14)",taxation,6,0.25,False,True,False
23,121,85846.0,"(18, 31)",taxation,6,0.25,False,True,False
23,122,72956.0,"(5, 39)",taxation,6,0.25,False,True,False
23,123,98677.0,"(41, 11)",taxation,6,0.25,False,True,False
23,124,81542.0,"(23, 21)",taxation,6,0.25,False,True,False
23,125,94397.0,"(8, 48)",taxation,6,0.25,False,True,False
23,126,85804.0,"(35, 27)",taxation,6,0.25,False,True,False
23,127,90094.0,"(26, 19)",taxation,6,0.25,False,True,False
23,128,94392.0,"(40, 24)",taxation,6,0.25,False,True,False
23,129,81552.0,"(27, 22)",taxation,6,0.25,False,True,False
23,130,94397.0,"(32, 19)",taxation,6,0.25,False,True,False
23,131,85833.0,"(27, 25)",taxation,6,0.25,False,True,False
23,132,94397.0,"(27, 28)",taxation,6,0.25,False,True,False
23,135,85816.0,"(27, 38)",taxation,6,0.25,False,True,False
23,136,68674.0,"(34, 27)",taxation,6,0.25,False,True,False
23,137,77246.0,"(20, 15)",taxation,6,0.25,False,True,False
23,138,90100.0,"(21, 26)",taxation,6,0.25,False,True,False
23,141,68696.0,"(24, 28)",taxation,6,0.25,False,True,False
23,143,85809.0,"(21, 25)",taxation,6,0.25,False,True,False
23,145,90099.0,"(42, 19)",taxation,6,0.25,False,True,False
23,147,85819.0,"(42, 15)",taxation,6,0.25,False,True,False
23,150,72955.0,"(3, 28)",taxation,6,0.25,False,True,False
23,151,68674.0,"(41, 21)",taxation,6,0.25,False,True,False
23,152,90116.0,"(0, 40)",taxation,6,0.25,False,True,False
23,153,42949.0,"(31, 19)",taxation,6,0.25,False,True,False
23,155,90107.0,"(39, 2)",taxation,6,0.25,False,True,False
23,157,81533.0,"(25, 21)",taxation,6,0.25,False,True,False
23,159,68687.0,"(35, 25)",taxation,6,0.25,False,True,False
23,160,77252.0,"(0, 39)",taxation,6,0.25,False,True,False
23,161,72951.0,"(24, 15)",taxation,6,0.25,False,True,False
23,163,102963.0,"(19, 47)",taxation,6,0.25,False,True,False
23,164,90111.0,"(25, 17)",taxation,6,0.25,False,True,False
23,165,102957.0,"(42, 11)",taxation,6,0.25,False,True,False
23,166,81543.0,"(20, 10)",taxation,6,0.25,False,True,False
23,169,68684.0,"(20, 26)",taxation,6,0.25,False,True,False
23,171,85840.0,"(30, 32)",taxation,6,0.25,False,True,False
23,174,94377.0,"(43, 21)",taxation,6,0.25,False,True,False
23,175,72954.0,"(43, 17)",taxation,6,0.25,False,True,False
23,177,85844.0,"(41, 20)",taxation,6,0.25,False,True,False
23,178,94398.0,"(43, 15)",taxation,6,0.25,False,True,False
23,181,85832.00000000001,"(25, 27)",taxation,6,0.25,False,True,False
23,183,60098.0,"(36, 27)",taxation,6,0.25,False,True,False
23,184,85821.0,"(22, 25)",taxation,6,0.25,False,True,False
23,185,85823.0,"(23, 20)",taxation,6,0.25,False,True,False
23,186,81548.0,"(22, 12)",taxation,6,0.25,False,True,False
23,188,85839.0,"(0, 43)",taxation,6,0.25,False,True,False
23,190,85846.0,"(23, 23)",taxation,6,0.25,False,True,False
23,191,98661.0,"(31, 25)",taxation,6,0.25,False,True,False
23,192,77275.0,"(28, 21)",taxation,6,0.25,False,True,False
23,193,77258.0,"(2, 28)",taxation,6,0.25,False,True,False
23,194,77273.0,"(2, 44)",taxation,6,0.25,False,True,False
23,195,38667.0,"(29, 20)",taxation,6,0.25,False,True,False
23,196,60105.0,"(1, 43)",taxation,6,0.25,False,True,False
23,197,68663.0,"(1, 29)",taxation,6,0.25,False,True,False
23,199,98660.0,"(26, 20)",taxation,6,0.25,False,True,False
23,200,81527.0,"(21, 11)",taxation,6,0.25,False,True,False
23,201,60103.0,"(27, 26)",taxation,6,0.25,False,True,False
23,202,98663.0,"(20, 11)",taxation,6,0.25,False,True,False
23,203,102947.0,"(39, 25)",taxation,6,0.25,False,True,False
23,204,94388.0,"(33, 25)",taxation,6,0.25,False,True,False
23,207,68670.0,"(22, 20)",taxation,6,0.25,False,True,False
23,209,98682.0,"(42, 14)",taxation,6,0.25,False,True,False
23,210,102951.0,"(24, 27)",taxation,6,0.25,False,True,False
23,211,55813.0,"(30, 35)",taxation,6,0.25,False,True,False
23,213,85843.0,"(1, 28)",taxation,6,0.25,False,True,False
23,214,55808.0,"(42, 16)",taxation,6,0.25,False,True,False
23,215,94382.0,"(18, 48)",taxation,6,0.25,False,True,False
23,216,94391.0,"(5, 40)",taxation,6,0.25,False,True,False
23,217,51527.0,"(17, 30)",taxation,6,0.25,False,True,False
23,218,98673.0,"(26, 31)",taxation,6,0.25,False,True,False
23,220,94387.0,"(31, 31)",taxation,6,0.25,False,True,False
23,221,81533.0,"(27, 23)",taxation,6,0.25,False,True,False
23,222,85841.0,"(22, 23)",taxation,6,0.25,False,True,False
23,223,60088.0,"(6, 41)",taxation,6,0.25,False,True,False
23,224,72977.0,"(26, 26)",taxation,6,0.25,False,True,False
23,227,94392.0,"(29, 26)",taxation,6,0.25,False,True,False
23,229,94407.0,"(6, 46)",taxation,6,0.25,False,True,False
23,230,68694.0,"(20, 27)",taxation,6,0.25,False,True,False
23,231,55813.0,"(23, 17)",taxation,6,0.25,False,True,False
23,232,51530.0,"(18, 23)",taxation,6,0.25,False,True,False
23,233,81531.0,"(37, 25)",taxation,6,0.25,False,True,False
23,234,90095.0,"(18, 30)",taxation,6,0.25,False,True,False
23,235,85825.0,"(30, 17)",taxation,6,0.25,False,True,False
23,236,85815.0,"(20, 17)",taxation,6,0.25,False,True,False
23,237,68676.0,"(25, 22)",taxation,6,0.25,False,True,False
23,238,85844.0,"(42, 18)",taxation,6,0.25,False,True,False
23,239,85809.0,"(24, 17)",taxation,6,0.25,False,True,False
23,243,81530.0,"(44, 19)",taxation,6,0.25,False,True,False
23,244,98692.0,"(1, 40)",taxation,6,0.25,False,True,False
23,245,94401.0,"(8, 49)",taxation,6,0.25,False,True,False
23,247,77257.0,"(20, 19)",taxation,6,0.25,False,True,False
23,248,85815.0,"(30, 18)",taxation,6,0.25,False,True,False
23,219-2,75100.0,"(24, 22)",taxation,6,0.25,False,True,False
23,158-2,62237.0,"(44, 21)",taxation,6,0.25,False,True,False
23,139-2,77254.25,"(22, 24)",taxation,6,0.25,False,True,False
23,179-2,55837.5,"(31, 3)",taxation,6,0.25,False,True,False
23,28-2,59051.25,"(21, 13)",taxation,6,0.25,False,True,False
23,187-2,34377.0,"(33, 27)",taxation,6,0.25,False,True,False
23,146-2,25815.0,"(43, 18)",taxation,6,0.25,False,True,False
23,94-2,21545.0,"(0, 28)",taxation,6,0.25,False,True,False
23,154-2,30096.0,"(21, 37)",taxation,6,0.25,False,True,False
23,173-2,17246.0,"(29, 21)",taxation,6,0.25,False,True,False
23,240-2,21519.0,"(29, 25)",taxation,6,0.25,False,True,False
23,246-2,64388.0,"(3, 43)",taxation,6,0.25,False,True,False
23,98-2,34403.0,"(27, 19)",taxation,6,0.25,False,True,False
23,140-2,129.0,"(30, 28)",taxation,6,0.25,False,True,False
23,176-2,127.0,"(1, 41)",taxation,6,0.25,False,True,False
23,208-2,68673.25,"(21, 15)",taxation,6,0.25,False,True,False
23,170-2,59044.75,"(30, 25)",taxation,6,0.25,False,True,False
23,1-2,49374.25,"(6, 38)",taxation,6,0.25,False,True,False
23,23-2,69761.0,"(39, 15)",taxation,6,0.25,False,True,False
23,17-2,70802.5,"(28, 19)",taxation,6,0.25,False,True,False
23,31-2,77242.5,"(24, 25)",taxation,6,0.25,False,True,False
23,228-2,50459.0,"(30, 31)",taxation,6,0.25,False,True,False
23,149-2,57977.0,"(5, 38)",taxation,6,0.25,False,True,False
23,206-2,65457.25,"(15, 49)",taxation,6,0.25,False,True,False
23,242-2,29032.25,"(29, 2)",taxation,6,0.25,False,True,False
23,75-2,61187.0,"(12, 37)",taxation,6,0.25,False,True,False
23,74-2,75092.0,"(27, 35)",taxation,6,0.25,False,True,False
23,241-2,61163.5,"(34, 31)",taxation,6,0.25,False,True,False
23,42-2,48313.5,"(29, 32)",taxation,6,0.25,False,True,False
23,142-2,41876.75,"(34, 30)",taxation,6,0.25,False,True,False
23,172-2,70813.75,"(22, 18)",taxation,6,0.25,False,True,False
23,167-2,67608.75,"(31, 17)",taxation,6,0.25,False,True,False
23,38-2,67608.5,"(30, 22)",taxation,6,0.25,False,True,False
23,198-2,61184.5,"(7, 47)",taxation,6,0.25,False,True,False
23,0-2,45102.25,"(19, 9)",taxation,6,0.25,False,True,False
23,6-2,74030.0,"(24, 24)",taxation,6,0.25,False,True,False
23,76-2,64393.750000000015,"(10, 48)",taxation,6,0.25,False,True,False
23,144-2,64391.5,"(23, 27)",taxation,6,0.25,False,True,False
23,25-2,57957.0,"(22, 19)",taxation,6,0.25,False,True,False
23,40-2,70815.0,"(12, 49)",taxation,6,0.25,False,True,False
23,10-2,67595.25,"(31, 26)",taxation,6,0.25,False,True,False
23,180-2,64402.25,"(25, 26)",taxation,6,0.25,False,True,False
23,212-2,67578.75,"(44, 20)",taxation,6,0.25,False,True,False
23,63-2,61163.75,"(28, 28)",taxation,6,0.25,False,True,False
23,189-2,57952.5,"(23, 22)",taxation,6,0.25,False,True,False
23,54-2,64392.25,"(29, 15)",taxation,6,0.25,False,True,False
23,4-2,48300.25,"(22, 22)",taxation,6,0.25,False,True,False
23,83-2,70803.75,"(24, 18)",taxation,6,0.25,False,True,False
23,249-2,67584.0,"(25, 28)",taxation,6,0.25,False,True,False
23,22-2,74021.0,"(24, 21)",taxation,6,0.25,False,True,False
23,205-2,32220.75,"(27, 3)",taxation,6,0.25,False,True,False
23,156-2,48303.5,"(23, 26)",taxation,6,0.25,False,True,False
23,51-2,67580.5,"(17, 20)",taxation,6,0.25,False,True,False
23,133-2,57946.0,"(26, 24)",taxation,6,0.25,False,True,False
23,73-2,67600.25,"(22, 26)",taxation,6,0.25,False,True,False
23,56-2,64370.75,"(14, 49)",taxation,6,0.25,False,True,False
23,182-2,67581.25,"(19, 25)",taxation,6,0.25,False,True,False
23,71-2,70799.25,"(30, 2)",taxation,6,0.25,False,True,False
23,91-2,70788.75,"(24, 13)",taxation,6,0.25,False,True,False
23,226-2,64356.75,"(26, 22)",taxation,6,0.25,False,True,False
23,225-2,67579.75,"(21, 16)",taxation,6,0.25,False,True,False
23,148-2,51506.25,"(24, 23)",taxation,6,0.25,False,True,False
23,16-2,74022.5,"(29, 37)",taxation,6,0.25,False,True,False
23,111-2,70789.25,"(24, 19)",taxation,6,0.25,False,True,False
23,134-2,64374.0,"(30, 20)",taxation,6,0.25,False,True,False
23,168-2,70803.5,"(27, 20)",taxation,6,0.25,False,True,False
23,106-2,61162.75,"(37, 2)",taxation,6,0.25,False,True,False
23,162-2,67573.5,"(34, 19)",taxation,6,0.25,False,True,False
24,2,85814.0,"(19, 49)",taxation,6,0.25,False,True,False
24,3,51526.0,"(2, 26)",taxation,6,0.25,False,True,False
24,5,38675.0,"(33, 28)",taxation,6,0.25,False,True,False
24,7,64398.0,"(17, 11)",taxation,6,0.25,False,True,False
24,8,85850.0,"(19, 48)",taxation,6,0.25,False,True,False
24,9,72982.0,"(17, 13)",taxation,6,0.25,False,True,False
24,11,68668.0,"(14, 21)",taxation,6,0.25,False,True,False
24,12,81544.0,"(16, 16)",taxation,6,0.25,False,True,False
24,13,81552.0,"(17, 19)",taxation,6,0.25,False,True,False
24,14,21538.0,"(17, 21)",taxation,6,0.25,False,True,False
24,15,77266.0,"(40, 4)",taxation,6,0.25,False,True,False
24,18,98689.0,"(45, 20)",taxation,6,0.25,False,True,False
24,19,90099.0,"(16, 19)",taxation,6,0.25,False,True,False
24,20,81534.0,"(32, 1)",taxation,6,0.25,False,True,False
24,21,81549.0,"(30, 34)",taxation,6,0.25,False,True,False
24,24,68693.0,"(43, 7)",taxation,6,0.25,False,True,False
24,26,68701.0,"(3, 44)",taxation,6,0.25,False,True,False
24,27,77252.0,"(35, 19)",taxation,6,0.25,False,True,False
24,29,85825.0,"(14, 34)",taxation,6,0.25,False,True,False
24,30,98689.0,"(16, 18)",taxation,6,0.25,False,True,False
24,32,94383.0,"(1, 26)",taxation,6,0.25,False,True,False
24,33,68703.0,"(18, 15)",taxation,6,0.25,False,True,False
24,34,77252.0,"(26, 32)",taxation,6,0.25,False,True,False
24,35,85851.0,"(22, 27)",taxation,6,0.25,False,True,False
24,36,64392.0,"(14, 19)",taxation,6,0.25,False,True,False
24,37,90116.0,"(35, 0)",taxation,6,0.25,False,True,False
24,39,60105.0,"(17, 17)",taxation,6,0.25,False,True,False
24,41,94410.0,"(21, 49)",taxation,6,0.25,False,True,False
24,43,85826.0,"(33, 3)",taxation,6,0.25,False,True,False
24,44,55834.0,"(36, 25)",taxation,6,0.25,False,True,False
24,45,90104.0,"(17, 31)",taxation,6,0.25,False,True,False
24,46,60115.0,"(38, 24)",taxation,6,0.25,False,True,False
24,47,60125.0,"(20, 23)",taxation,6,0.25,False,True,False
24,48,90103.0,"(32, 25)",taxation,6,0.25,False,True,False
24,49,81566.0,"(18, 20)",taxation,6,0.25,False,True,False
24,50,98685.0,"(5, 46)",taxation,6,0.25,False,True,False
24,52,64385.0,"(39, 17)",taxation,6,0.25,False,True,False
24,53,55812.0,"(25, 13)",taxation,6,0.25,False,True,False
24,55,94390.0,"(19, 24)",taxation,6,0.25,False,True,False
24,57,77240.0,"(30, 14)",taxation,6,0.25,False,True,False
24,58,90090.0,"(2, 27)",taxation,6,0.25,False,True,False
24,59,77254.0,"(1, 45)",taxation,6,0.25,False,True,False
24,60,90111.0,"(46, 17)",taxation,6,0.25,False,True,False
24,61,102974.0,"(20, 22)",taxation,6,0.25,False,True,False
24,62,85848.0,"(7, 48)",taxation,6,0.25,False,True,False
24,64,85823.0,"(29, 13)",taxation,6,0.25,False,True,False
24,65,98683.0,"(31, 29)",taxation,6,0.25,False,True,False
24,66,94399.0,"(33, 34)",taxation,6,0.25,False,True,False
24,67,64393.0,"(4, 28)",taxation,6,0.25,False,True,False
24,68,72969.0,"(25, 34)",taxation,6,0.25,False,True,False
24,69,94407.0,"(21, 47)",taxation,6,0.25,False,True,False
24,70,90129.0,"(15, 16)",taxation,6,0.25,False,True,False
24,72,98664.0,"(4, 45)",taxation,6,0.25,False,True,False
24,77,72969.0,"(2, 46)",taxation,6,0.25,False,True,False
24,78,81533.0,"(18, 14)",taxation,6,0.25,False,True,False
24,79,81535.0,"(15, 21)",taxation,6,0.25,False,True,False
24,80,94387.0,"(34, 24)",taxation,6,0.25,False,True,False
24,81,81560.0,"(45, 15)",taxation,6,0.25,False,True,False
24,82,90106.0,"(15, 23)",taxation,6,0.25,False,True,False
24,84,85846.0,"(5, 49)",taxation,6,0.25,False,True,False
24,85,77248.0,"(45, 9)",taxation,6,0.25,False,True,False
24,86,85846.0,"(32, 34)",taxation,6,0.25,False,True,False
24,87,85811.0,"(28, 31)",taxation,6,0.25,False,True,False
24,88,85823.0,"(28, 1)",taxation,6,0.25,False,True,False
24,89,90122.0,"(20, 49)",taxation,6,0.25,False,True,False
24,90,77273.0,"(45, 17)",taxation,6,0.25,False,True,False
24,92,94380.0,"(3, 46)",taxation,6,0.25,False,True,False
24,93,38672.0,"(34, 25)",taxation,6,0.25,False,True,False
24,95,98678.0,"(30, 37)",taxation,6,0.25,False,True,False
24,96,98684.0,"(16, 30)",taxation,6,0.25,False,True,False
24,97,68682.0,"(27, 24)",taxation,6,0.25,False,True,False
24,99,81534.0,"(33, 26)",taxation,6,0.25,False,True,False
24,100,85845.0,"(20, 21)",taxation,6,0.25,False,True,False
24,101,85846.0,"(42, 13)",taxation,6,0.25,False,True,False
24,102,60108.0,"(31, 30)",taxation,6,0.25,False,True,False
24,103,85816.0,"(16, 11)",taxation,6,0.25,False,True,False
24,104,81562.0,"(17, 10)",taxation,6,0.25,False,True,False
24,105,77266.0,"(18, 21)",taxation,6,0.25,False,True,False
24,107,94395.0,"(35, 22)",taxation,6,0.25,False,True,False
24,108,47256.0,"(12, 29)",taxation,6,0.25,False,True,False
24,109,85849.0,"(17, 28)",taxation,6,0.25,False,True,False
24,110,98672.0,"(28, 39)",taxation,6,0.25,False,True,False
24,112,94394.0,"(29, 34)",taxation,6,0.25,False,True,False
24,113,90099.0,"(15, 19)",taxation,6,0.25,False,True,False
24,114,98673.0,"(35, 18)",taxation,6,0.25,False,True,False
24,115,94383.0,"(34, 14)",taxation,6,0.25,False,True,False
24,116,94417.0,"(29, 35)",taxation,6,0.25,False,True,False
24,117,77249.0,"(28, 36)",taxation,6,0.25,False,True,False
24,118,94398.0,"(31, 15)",taxation,6,0.25,False,True,False
24,119,85832.0,"(24, 12)",taxation,6,0.25,False,True,False
24,120,98666.0,"(18, 16)",taxation,6,0.25,False,True,False
24,121,85853.0,"(14, 30)",taxation,6,0.25,False,True,False
24,122,72964.0,"(5, 45)",taxation,6,0.25,False,True,False
24,123,98685.0,"(45, 10)",taxation,6,0.25,False,True,False
24,124,81544.0,"(18, 17)",taxation,6,0.25,False,True,False
24,125,94404.0,"(6, 48)",taxation,6,0.25,False,True,False
24,126,85812.0,"(37, 31)",taxation,6,0.25,False,True,False
24,127,90096.0,"(25, 14)",taxation,6,0.25,False,True,False
24,128,94400.0,"(42, 25)",taxation,6,0.25,False,True,False
24,129,81554.0,"(32, 16)",taxation,6,0.25,False,True,False
24,130,94402.0,"(38, 19)",taxation,6,0.25,False,True,False
24,131,85841.0,"(21, 24)",taxation,6,0.25,False,True,False
24,132,94399.0,"(32, 31)",taxation,6,0.25,False,True,False
24,135,85824.0,"(29, 36)",taxation,6,0.25,False,True,False
24,136,68682.0,"(37, 32)",taxation,6,0.25,False,True,False
24,137,77253.0,"(16, 12)",taxation,6,0.25,False,True,False
24,138,90108.0,"(15, 20)",taxation,6,0.25,False,True,False
24,141,68699.0,"(27, 34)",taxation,6,0.25,False,True,False
24,143,85817.0,"(20, 24)",taxation,6,0.25,False,True,False
24,145,90107.0,"(45, 19)",taxation,6,0.25,False,True,False
24,147,85827.0,"(46, 15)",taxation,6,0.25,False,True,False
24,150,72961.0,"(0, 26)",taxation,6,0.25,False,True,False
24,151,68682.0,"(43, 24)",taxation,6,0.25,False,True,False
24,152,90123.0,"(1, 46)",taxation,6,0.25,False,True,False
24,153,42955.0,"(36, 24)",taxation,6,0.25,False,True,False
24,155,90115.0,"(44, 8)",taxation,6,0.25,False,True,False
24,157,81540.0,"(19, 18)",taxation,6,0.25,False,True,False
24,159,68694.0,"(41, 23)",taxation,6,0.25,False,True,False
24,160,77260.0,"(4, 44)",taxation,6,0.25,False,True,False
24,161,72958.0,"(25, 11)",taxation,6,0.25,False,True,False
24,163,102970.0,"(20, 48)",taxation,6,0.25,False,True,False
24,164,90117.0,"(30, 12)",taxation,6,0.25,False,True,False
24,165,102966.0,"(42, 12)",taxation,6,0.25,False,True,False
24,166,81550.0,"(18, 9)",taxation,6,0.25,False,True,False
24,169,68691.0,"(14, 28)",taxation,6,0.25,False,True,False
24,171,85848.0,"(30, 33)",taxation,6,0.25,False,True,False
24,174,94385.0,"(44, 23)",taxation,6,0.25,False,True,False
24,175,72963.0,"(43, 12)",taxation,6,0.25,False,True,False
24,177,85852.0,"(45, 21)",taxation,6,0.25,False,True,False
24,178,94407.0,"(43, 14)",taxation,6,0.25,False,True,False
24,181,85834.00000000001,"(27, 32)",taxation,6,0.25,False,True,False
24,183,60106.0,"(36, 31)",taxation,6,0.25,False,True,False
24,184,85823.0,"(16, 27)",taxation,6,0.25,False,True,False
24,185,85825.0,"(19, 14)",taxation,6,0.25,False,True,False
24,186,81556.0,"(18, 12)",taxation,6,0.25,False,True,False
24,188,85846.0,"(0, 44)",taxation,6,0.25,False,True,False
24,190,85847.0,"(19, 21)",taxation,6,0.25,False,True,False
24,191,98668.0,"(36, 30)",taxation,6,0.25,False,True,False
24,192,77277.0,"(32, 17)",taxation,6,0.25,False,True,False
24,193,77265.0,"(3, 26)",taxation,6,0.25,False,True,False
24,194,77280.0,"(1, 44)",taxation,6,0.25,False,True,False
24,195,38670.0,"(35, 20)",taxation,6,0.25,False,True,False
24,196,60113.0,"(4, 46)",taxation,6,0.25,False,True,False
24,197,68670.0,"(3, 27)",taxation,6,0.25,False,True,False
24,199,98662.0,"(24, 14)",taxation,6,0.25,False,True,False
24,200,81535.0,"(18, 11)",taxation,6,0.25,False,True,False
24,201,60105.0,"(30, 30)",taxation,6,0.25,False,True,False
24,202,98671.0,"(17, 12)",taxation,6,0.25,False,True,False
24,203,102955.0,"(41, 25)",taxation,6,0.25,False,True,False
24,204,94395.0,"(39, 24)",taxation,6,0.25,False,True,False
24,207,68678.0,"(17, 18)",taxation,6,0.25,False,True,False
24,209,98690.0,"(46, 14)",taxation,6,0.25,False,True,False
24,210,102953.0,"(26, 33)",taxation,6,0.25,False,True,False
24,211,55821.0,"(35, 33)",taxation,6,0.25,False,True,False
24,213,85850.0,"(1, 27)",taxation,6,0.25,False,True,False
24,215,94389.0,"(21, 46)",taxation,6,0.25,False,True,False
24,216,94397.0,"(5, 42)",taxation,6,0.25,False,True,False
24,217,51534.0,"(15, 29)",taxation,6,0.25,False,True,False
24,218,98681.0,"(29, 33)",taxation,6,0.25,False,True,False
24,220,94395.0,"(32, 32)",taxation,6,0.25,False,True,False
24,221,81535.0,"(33, 18)",taxation,6,0.25,False,True,False
24,222,85849.0,"(16, 20)",taxation,6,0.25,False,True,False
24,223,60095.0,"(9, 44)",taxation,6,0.25,False,True,False
24,224,72979.0,"(32, 30)",taxation,6,0.25,False,True,False
24,227,94395.0,"(35, 29)",taxation,6,0.25,False,True,False
24,229,94414.0,"(5, 47)",taxation,6,0.25,False,True,False
24,230,68701.0,"(14, 29)",taxation,6,0.25,False,True,False
24,231,55821.0,"(17, 14)",taxation,6,0.25,False,True,False
24,232,51538.0,"(19, 23)",taxation,6,0.25,False,True,False
24,233,81539.0,"(43, 25)",taxation,6,0.25,False,True,False
24,234,90102.0,"(13, 28)",taxation,6,0.25,False,True,False
24,235,85832.0,"(25, 12)",taxation,6,0.25,False,True,False
24,236,85822.0,"(15, 15)",taxation,6,0.25,False,True,False
24,237,68677.0,"(28, 24)",taxation,6,0.25,False,True,False
24,238,85852.0,"(46, 18)",taxation,6,0.25,False,True,False
24,239,85817.0,"(18, 18)",taxation,6,0.25,False,True,False
24,243,81538.0,"(46, 19)",taxation,6,0.25,False,True,False
24,244,98698.0,"(3, 42)",taxation,6,0.25,False,True,False
24,245,94408.0,"(6, 49)",taxation,6,0.25,False,True,False
24,247,77265.0,"(19, 19)",taxation,6,0.25,False,True,False
24,248,85822.0,"(33, 16)",taxation,6,0.25,False,True,False
24,219-2,75101.0,"(25, 18)",taxation,6,0.25,False,True,False
24,158-2,62245.0,"(45, 22)",taxation,6,0.25,False,True,False
24,139-2,77255.25,"(19, 26)",taxation,6,0.25,False,True,False
24,179-2,55844.5,"(33, 1)",taxation,6,0.25,False,True,False
24,28-2,59059.25,"(18, 13)",taxation,6,0.25,False,True,False
24,187-2,34385.0,"(32, 33)",taxation,6,0.25,False,True,False
24,146-2,25824.0,"(44, 17)",taxation,6,0.25,False,True,False
24,94-2,21551.0,"(0, 27)",taxation,6,0.25,False,True,False
24,154-2,30103.0,"(23, 42)",taxation,6,0.25,False,True,False
24,173-2,17248.0,"(34, 23)",taxation,6,0.25,False,True,False
24,240-2,21522.0,"(35, 30)",taxation,6,0.25,False,True,False
24,246-2,64396.0,"(3, 45)",taxation,6,0.25,False,True,False
24,98-2,34405.0,"(30, 15)",taxation,6,0.25,False,True,False
24,140-2,137.0,"(31, 34)",taxation,6,0.25,False,True,False
24,176-2,134.0,"(2, 47)",taxation,6,0.25,False,True,False
24,208-2,68681.25,"(17, 15)",taxation,6,0.25,False,True,False
24,170-2,59051.75,"(35, 31)",taxation,6,0.25,False,True,False
24,1-2,49380.25,"(7, 40)",taxation,6,0.25,False,True,False
24,23-2,69769.0,"(45, 11)",taxation,6,0.25,False,True,False
24,17-2,70805.5,"(33, 13)",taxation,6,0.25,False,True,False
24,31-2,77244.5,"(29, 31)",taxation,6,0.25,False,True,False
24,228-2,50467.0,"(31, 32)",taxation,6,0.25,False,True,False
24,149-2,57984.0,"(7, 41)",taxation,6,0.25,False,True,False
24,206-2,65464.25,"(21, 48)",taxation,6,0.25,False,True,False
24,242-2,29040.25,"(26, 4)",taxation,6,0.25,False,True,False
24,75-2,61194.0,"(13, 37)",taxation,6,0.25,False,True,False
24,74-2,75099.0,"(29, 38)",taxation,6,0.25,False,True,False
24,241-2,61171.5,"(35, 32)",taxation,6,0.25,False,True,False
24,42-2,48321.5,"(31, 33)",taxation,6,0.25,False,True,False
24,142-2,41884.75,"(36, 32)",taxation,6,0.25,False,True,False
24,172-2,70820.75,"(16, 13)",taxation,6,0.25,False,True,False
24,167-2,67615.75,"(31, 16)",taxation,6,0.25,False,True,False
24,38-2,67612.5,"(36, 20)",taxation,6,0.25,False,True,False
24,198-2,61191.5,"(5, 48)",taxation,6,0.25,False,True,False
24,0-2,45110.25,"(18, 10)",taxation,6,0.25,False,True,False
24,6-2,74031.0,"(23, 28)",taxation,6,0.25,False,True,False
24,76-2,64400.750000000015,"(6, 47)",taxation,6,0.25,False,True,False
24,144-2,64393.5,"(20, 32)",taxation,6,0.25,False,True,False
24,25-2,57965.0,"(16, 17)",taxation,6,0.25,False,True,False
24,40-2,70822.0,"(7, 49)",taxation,6,0.25,False,True,False
24,10-2,67600.25,"(37, 30)",taxation,6,0.25,False,True,False
24,180-2,64404.25,"(27, 31)",taxation,6,0.25,False,True,False
24,212-2,67587.75,"(44, 18)",taxation,6,0.25,False,True,False
24,63-2,61165.75,"(32, 29)",taxation,6,0.25,False,True,False
24,189-2,57960.5,"(17, 16)",taxation,6,0.25,False,True,False
24,54-2,64399.25,"(30, 13)",taxation,6,0.25,False,True,False
24,4-2,48302.25,"(19, 16)",taxation,6,0.25,False,True,False
24,83-2,70811.75,"(18, 19)",taxation,6,0.25,False,True,False
24,249-2,67587.0,"(26, 34)",taxation,6,0.25,False,True,False
24,22-2,74022.0,"(21, 18)",taxation,6,0.25,False,True,False
24,205-2,32227.75,"(27, 2)",taxation,6,0.25,False,True,False
24,156-2,48305.5,"(18, 32)",taxation,6,0.25,False,True,False
24,51-2,67588.5,"(15, 18)",taxation,6,0.25,False,True,False
24,133-2,57947.0,"(29, 24)",taxation,6,0.25,False,True,False
24,73-2,67602.25,"(16, 26)",taxation,6,0.25,False,True,False
24,56-2,64377.75,"(11, 44)",taxation,6,0.25,False,True,False
24,182-2,67589.25,"(13, 21)",taxation,6,0.25,False,True,False
24,71-2,70806.25,"(30, 1)",taxation,6,0.25,False,True,False
24,91-2,70795.75,"(19, 10)",taxation,6,0.25,False,True,False
24,226-2,64363.75,"(20, 18)",taxation,6,0.25,False,True,False
24,225-2,67586.75,"(15, 14)",taxation,6,0.25,False,True,False
24,148-2,51507.25,"(21, 23)",taxation,6,0.25,False,True,False
24,16-2,74030.5,"(34, 33)",taxation,6,0.25,False,True,False
24,111-2,70795.25,"(19, 17)",taxation,6,0.25,False,True,False
24,134-2,64377.0,"(36, 19)",taxation,6,0.25,False,True,False
24,168-2,70805.5,"(25, 15)",taxation,6,0.25,False,True,False
24,106-2,61170.75,"(40, 3)",taxation,6,0.25,False,True,False
24,162-2,67580.5,"(40, 16)",taxation,6,0.25,False,True,False
24,214-2,41862.0,"(45, 18)",taxation,6,0.25,False,True,False
25,2,85822.0,"(22, 43)",taxation,6,0.25,False,True,False
25,3,51533.0,"(8, 21)",taxation,6,0.25,False,True,False
25,5,38680.0,"(38, 29)",taxation,6,0.25,False,True,False
25,7,64406.0,"(11, 17)",taxation,6,0.25,False,True,False
25,8,85857.0,"(23, 48)",taxation,6,0.25,False,True,False
25,9,72990.0,"(16, 9)",taxation,6,0.25,False,True,False
25,11,68675.0,"(9, 21)",taxation,6,0.25,False,True,False
25,12,81552.0,"(14, 16)",taxation,6,0.25,False,True,False
25,13,81560.0,"(13, 16)",taxation,6,0.25,False,True,False
25,14,21546.0,"(11, 18)",taxation,6,0.25,False,True,False
25,15,77274.0,"(41, 3)",taxation,6,0.25,False,True,False
25,18,98697.0,"(47, 22)",taxation,6,0.25,False,True,False
25,19,90107.0,"(14, 17)",taxation,6,0.25,False,True,False
25,20,81542.0,"(38, 1)",taxation,6,0.25,False,True,False
25,21,81557.0,"(33, 36)",taxation,6,0.25,False,True,False
25,24,68701.0,"(45, 6)",taxation,6,0.25,False,True,False
25,26,68708.0,"(4, 42)",taxation,6,0.25,False,True,False
25,27,77259.0,"(40, 15)",taxation,6,0.25,False,True,False
25,29,85832.0,"(8, 35)",taxation,6,0.25,False,True,False
25,30,98697.0,"(12, 16)",taxation,6,0.25,False,True,False
25,32,94390.0,"(7, 21)",taxation,6,0.25,False,True,False
25,33,68711.0,"(15, 9)",taxation,6,0.25,False,True,False
25,34,77258.0,"(27, 37)",taxation,6,0.25,False,True,False
25,35,85854.0,"(21, 33)",taxation,6,0.25,False,True,False
25,36,64400.0,"(13, 18)",taxation,6,0.25,False,True,False
25,37,90124.0,"(37, 1)",taxation,6,0.25,False,True,False
25,39,60113.0,"(13, 17)",taxation,6,0.25,False,True,False
25,41,94417.0,"(22, 49)",taxation,6,0.25,False,True,False
25,43,85833.0,"(34, 4)",taxation,6,0.25,False,True,False
25,44,55841.0,"(42, 22)",taxation,6,0.25,False,True,False
25,45,90111.0,"(12, 33)",taxation,6,0.25,False,True,False
25,46,60122.0,"(43, 27)",taxation,6,0.25,False,True,False
25,47,60129.0,"(15, 17)",taxation,6,0.25,False,True,False
25,48,90107.0,"(37, 26)",taxation,6,0.25,False,True,False
25,49,81571.0,"(12, 15)",taxation,6,0.25,False,True,False
25,50,98692.0,"(7, 44)",taxation,6,0.25,False,True,False
25,52,64393.0,"(45, 16)",taxation,6,0.25,False,True,False
25,53,55817.0,"(28, 7)",taxation,6,0.25,False,True,False
25,55,94393.0,"(15, 26)",taxation,6,0.25,False,True,False
25,57,77248.0,"(33, 9)",taxation,6,0.25,False,True,False
25,58,90097.0,"(8, 22)",taxation,6,0.25,False,True,False
25,59,77261.0,"(0, 49)",taxation,6,0.25,False,True,False
25,60,90119.0,"(48, 17)",taxation,6,0.25,False,True,False
25,61,102977.0,"(15, 25)",taxation,6,0.25,False,True,False
25,62,85856.0,"(4, 49)",taxation,6,0.25,False,True,False
25,64,85828.0,"(32, 10)",taxation,6,0.25,False,True,False
25,65,98687.0,"(37, 29)",taxation,6,0.25,False,True,False
25,66,94407.0,"(34, 38)",taxation,6,0.25,False,True,False
25,67,64400.0,"(7, 34)",taxation,6,0.25,False,True,False
25,68,72977.0,"(27, 40)",taxation,6,0.25,False,True,False
25,69,94414.0,"(22, 47)",taxation,6,0.25,False,True,False
25,70,90136.0,"(10, 16)",taxation,6,0.25,False,True,False
25,72,98671.0,"(6, 45)",taxation,6,0.25,False,True,False
25,77,72976.0,"(0, 48)",taxation,6,0.25,False,True,False
25,78,81541.0,"(15, 11)",taxation,6,0.25,False,True,False
25,79,81542.0,"(10, 22)",taxation,6,0.25,False,True,False
25,80,94393.0,"(40, 23)",taxation,6,0.25,False,True,False
25,81,81568.0,"(48, 15)",taxation,6,0.25,False,True,False
25,82,90114.0,"(11, 20)",taxation,6,0.25,False,True,False
25,84,85853.0,"(2, 49)",taxation,6,0.25,False,True,False
25,85,77257.0,"(46, 10)",taxation,6,0.25,False,True,False
25,86,85854.0,"(34, 39)",taxation,6,0.25,False,True,False
25,87,85815.0,"(26, 35)",taxation,6,0.25,False,True,False
25,88,85831.0,"(26, 3)",taxation,6,0.25,False,True,False
25,89,90130.0,"(22, 44)",taxation,6,0.25,False,True,False
25,90,77282.0,"(47, 16)",taxation,6,0.25,False,True,False
25,92,94387.0,"(1, 47)",taxation,6,0.25,False,True,False
25,93,38678.0,"(38, 30)",taxation,6,0.25,False,True,False
25,96,98691.0,"(12, 34)",taxation,6,0.25,False,True,False
25,97,68685.0,"(33, 29)",taxation,6,0.25,False,True,False
25,99,81539.0,"(37, 24)",taxation,6,0.25,False,True,False
25,100,85849.0,"(14, 15)",taxation,6,0.25,False,True,False
25,101,85855.0,"(46, 13)",taxation,6,0.25,False,True,False
25,102,60112.0,"(34, 35)",taxation,6,0.25,False,True,False
25,103,85824.0,"(15, 10)",taxation,6,0.25,False,True,False
25,104,81569.0,"(17, 8)",taxation,6,0.25,False,True,False
25,105,77273.0,"(12, 23)",taxation,6,0.25,False,True,False
25,107,94401.0,"(41, 28)",taxation,6,0.25,False,True,False
25,108,47263.0,"(10, 28)",taxation,6,0.25,False,True,False
25,109,85856.0,"(11, 22)",taxation,6,0.25,False,True,False
25,112,94402.0,"(30, 40)",taxation,6,0.25,False,True,False
25,113,90107.0,"(10, 18)",taxation,6,0.25,False,True,False
25,114,98679.0,"(39, 14)",taxation,6,0.25,False,True,False
25,115,94389.0,"(39, 12)",taxation,6,0.25,False,True,False
25,116,94424.0,"(29, 41)",taxation,6,0.25,False,True,False
25,117,77257.0,"(30, 39)",taxation,6,0.25,False,True,False
25,118,94403.0,"(35, 9)",taxation,6,0.25,False,True,False
25,119,85839.0,"(19, 7)",taxation,6,0.25,False,True,False
25,120,98673.0,"(12, 19)",taxation,6,0.25,False,True,False
25,121,85860.0,"(9, 28)",taxation,6,0.25,False,True,False
25,123,98694.0,"(46, 11)",taxation,6,0.25,False,True,False
25,124,81551.0,"(12, 11)",taxation,6,0.25,False,True,False
25,125,94412.0,"(3, 49)",taxation,6,0.25,False,True,False
25,126,85820.0,"(37, 37)",taxation,6,0.25,False,True,False
25,127,90103.0,"(20, 8)",taxation,6,0.25,False,True,False
25,128,94409.0,"(48, 19)",taxation,6,0.25,False,True,False
25,129,81560.0,"(38, 10)",taxation,6,0.25,False,True,False
25,130,94411.0,"(44, 24)",taxation,6,0.25,False,True,False
25,131,85844.0,"(15, 24)",taxation,6,0.25,False,True,False
25,132,94404.0,"(38, 31)",taxation,6,0.25,False,True,False
25,135,85831.0,"(30, 41)",taxation,6,0.25,False,True,False
25,136,68689.0,"(40, 33)",taxation,6,0.25,False,True,False
25,137,77260.0,"(15, 8)",taxation,6,0.25,False,True,False
25,138,90116.0,"(13, 22)",taxation,6,0.25,False,True,False
25,141,68706.0,"(32, 40)",taxation,6,0.25,False,True,False
25,143,85821.0,"(14, 18)",taxation,6,0.25,False,True,False
25,145,90115.0,"(48, 20)",taxation,6,0.25,False,True,False
25,147,85836.0,"(47, 15)",taxation,6,0.25,False,True,False
25,150,72968.0,"(0, 25)",taxation,6,0.25,False,True,False
25,151,68691.0,"(47, 21)",taxation,6,0.25,False,True,False
25,152,90130.0,"(0, 46)",taxation,6,0.25,False,True,False
25,153,42962.0,"(42, 29)",taxation,6,0.25,False,True,False
25,155,90124.0,"(47, 13)",taxation,6,0.25,False,True,False
25,157,81545.0,"(13, 13)",taxation,6,0.25,False,True,False
25,159,68703.0,"(46, 22)",taxation,6,0.25,False,True,False
25,160,77267.0,"(5, 43)",taxation,6,0.25,False,True,False
25,161,72966.0,"(20, 7)",taxation,6,0.25,False,True,False
25,163,102977.0,"(22, 48)",taxation,6,0.25,False,True,False
25,164,90125.0,"(34, 9)",taxation,6,0.25,False,True,False
25,165,102975.0,"(46, 12)",taxation,6,0.25,False,True,False
25,166,81558.0,"(24, 4)",taxation,6,0.25,False,True,False
25,169,68699.0,"(13, 23)",taxation,6,0.25,False,True,False
25,171,85856.0,"(31, 37)",taxation,6,0.25,False,True,False
25,174,94394.0,"(46, 21)",taxation,6,0.25,False,True,False
25,175,72971.0,"(47, 11)",taxation,6,0.25,False,True,False
25,177,85860.0,"(45, 23)",taxation,6,0.25,False,True,False
25,178,94415.0,"(48, 14)",taxation,6,0.25,False,True,False
25,181,85842.00000000001,"(32, 38)",taxation,6,0.25,False,True,False
25,183,60113.0,"(39, 35)",taxation,6,0.25,False,True,False
25,184,85830.0,"(11, 23)",taxation,6,0.25,False,True,False
25,185,85832.0,"(13, 15)",taxation,6,0.25,False,True,False
25,186,81563.0,"(18, 7)",taxation,6,0.25,False,True,False
25,188,85854.0,"(3, 48)",taxation,6,0.25,False,True,False
25,190,85855.0,"(14, 23)",taxation,6,0.25,False,True,False
25,191,98676.0,"(38, 34)",taxation,6,0.25,False,True,False
25,192,77282.0,"(37, 13)",taxation,6,0.25,False,True,False
25,193,77272.0,"(6, 22)",taxation,6,0.25,False,True,False
25,194,77287.0,"(0, 45)",taxation,6,0.25,False,True,False
25,195,38675.0,"(38, 14)",taxation,6,0.25,False,True,False
25,196,60120.0,"(1, 48)",taxation,6,0.25,False,True,False
25,197,68677.0,"(6, 23)",taxation,6,0.25,False,True,False
25,199,98668.0,"(19, 11)",taxation,6,0.25,False,True,False
25,200,81543.0,"(17, 9)",taxation,6,0.25,False,True,False
25,201,60112.0,"(27, 36)",taxation,6,0.25,False,True,False
25,202,98679.0,"(16, 10)",taxation,6,0.25,False,True,False
25,203,102963.0,"(45, 25)",taxation,6,0.25,False,True,False
25,204,94403.0,"(44, 26)",taxation,6,0.25,False,True,False
25,207,68686.0,"(12, 17)",taxation,6,0.25,False,True,False
25,209,98699.0,"(47, 14)",taxation,6,0.25,False,True,False
25,210,102961.0,"(30, 38)",taxation,6,0.25,False,True,False
25,211,55829.0,"(37, 38)",taxation,6,0.25,False,True,False
25,213,85857.0,"(7, 22)",taxation,6,0.25,False,True,False
25,215,94396.0,"(22, 46)",taxation,6,0.25,False,True,False
25,216,94404.0,"(6, 42)",taxation,6,0.25,False,True,False
25,217,51542.0,"(15, 35)",taxation,6,0.25,False,True,False
25,218,98689.0,"(31, 38)",taxation,6,0.25,False,True,False
25,220,94403.0,"(35, 36)",taxation,6,0.25,False,True,False
25,221,81541.0,"(39, 18)",taxation,6,0.25,False,True,False
25,222,85857.0,"(12, 22)",taxation,6,0.25,False,True,False
25,223,60102.0,"(9, 43)",taxation,6,0.25,False,True,False
25,224,72987.0,"(38, 35)",taxation,6,0.25,False,True,False
25,227,94402.0,"(41, 31)",taxation,6,0.25,False,True,False
25,229,94421.0,"(2, 48)",taxation,6,0.25,False,True,False
25,230,68708.0,"(11, 33)",taxation,6,0.25,False,True,False
25,231,55829.0,"(15, 13)",taxation,6,0.25,False,True,False
25,232,51542.0,"(13, 29)",taxation,6,0.25,False,True,False
25,233,81547.0,"(45, 24)",taxation,6,0.25,False,True,False
25,234,90110.0,"(11, 28)",taxation,6,0.25,False,True,False
25,235,85839.0,"(28, 6)",taxation,6,0.25,False,True,False
25,236,85830.0,"(14, 11)",taxation,6,0.25,False,True,False
25,237,68680.0,"(33, 30)",taxation,6,0.25,False,True,False
25,238,85861.0,"(47, 20)",taxation,6,0.25,False,True,False
25,239,85825.0,"(13, 12)",taxation,6,0.25,False,True,False
25,243,81547.0,"(47, 19)",taxation,6,0.25,False,True,False
25,244,98706.0,"(3, 47)",taxation,6,0.25,False,True,False
25,245,94415.0,"(1, 49)",taxation,6,0.25,False,True,False
25,247,77273.0,"(15, 22)",taxation,6,0.25,False,True,False
25,248,85829.0,"(37, 10)",taxation,6,0.25,False,True,False
25,219-2,75104.0,"(26, 13)",taxation,6,0.25,False,True,False
25,158-2,62253.0,"(46, 23)",taxation,6,0.25,False,True,False
25,139-2,77259.25,"(13, 32)",taxation,6,0.25,False,True,False
25,179-2,55852.5,"(36, 1)",taxation,6,0.25,False,True,False
25,28-2,59066.25,"(16, 8)",taxation,6,0.25,False,True,False
25,187-2,34393.0,"(35, 35)",taxation,6,0.25,False,True,False
25,146-2,25833.0,"(47, 17)",taxation,6,0.25,False,True,False
25,94-2,21558.0,"(1, 25)",taxation,6,0.25,False,True,False
25,154-2,30111.0,"(24, 42)",taxation,6,0.25,False,True,False
25,173-2,17253.0,"(38, 25)",taxation,6,0.25,False,True,False
25,240-2,21529.0,"(41, 32)",taxation,6,0.25,False,True,False
25,246-2,64404.0,"(4, 47)",taxation,6,0.25,False,True,False
25,98-2,34412.0,"(36, 9)",taxation,6,0.25,False,True,False
25,140-2,144.0,"(31, 40)",taxation,6,0.25,False,True,False
25,176-2,141.0,"(0, 47)",taxation,6,0.25,False,True,False
25,208-2,68689.25,"(14, 13)",taxation,6,0.25,False,True,False
25,170-2,59060.75,"(36, 33)",taxation,6,0.25,False,True,False
25,1-2,49388.25,"(13, 34)",taxation,6,0.25,False,True,False
25,23-2,69778.0,"(47, 12)",taxation,6,0.25,False,True,False
25,17-2,70811.5,"(39, 13)",taxation,6,0.25,False,True,False
25,31-2,77252.5,"(33, 35)",taxation,6,0.25,False,True,False
25,228-2,50475.0,"(37, 36)",taxation,6,0.25,False,True,False
25,149-2,57991.0,"(7, 42)",taxation,6,0.25,False,True,False
25,206-2,65472.25,"(21, 45)",taxation,6,0.25,False,True,False
25,242-2,29048.25,"(25, 4)",taxation,6,0.25,False,True,False
25,75-2,61201.0,"(14, 38)",taxation,6,0.25,False,True,False
25,74-2,75107.0,"(29, 39)",taxation,6,0.25,False,True,False
25,241-2,61179.5,"(35, 34)",taxation,6,0.25,False,True,False
25,42-2,48329.5,"(32, 39)",taxation,6,0.25,False,True,False
25,142-2,41892.75,"(38, 33)",taxation,6,0.25,False,True,False
25,172-2,70828.75,"(11, 16)",taxation,6,0.25,False,True,False
25,167-2,67620.75,"(37, 11)",taxation,6,0.25,False,True,False
25,38-2,67618.5,"(41, 22)",taxation,6,0.25,False,True,False
25,198-2,61199.5,"(4, 48)",taxation,6,0.25,False,True,False
25,0-2,45117.25,"(17, 7)",taxation,6,0.25,False,True,False
25,6-2,74034.0,"(20, 33)",taxation,6,0.25,False,True,False
25,76-2,64407.750000000015,"(7, 45)",taxation,6,0.25,False,True,False
25,144-2,64399.5,"(15, 38)",taxation,6,0.25,False,True,False
25,25-2,57973.0,"(10, 17)",taxation,6,0.25,False,True,False
25,40-2,70829.0,"(8, 44)",taxation,6,0.25,False,True,False
25,10-2,67608.25,"(37, 33)",taxation,6,0.25,False,True,False
25,180-2,64412.25,"(32, 36)",taxation,6,0.25,False,True,False
25,212-2,67596.75,"(46, 20)",taxation,6,0.25,False,True,False
25,63-2,61173.75,"(37, 35)",taxation,6,0.25,False,True,False
25,189-2,57967.5,"(12, 12)",taxation,6,0.25,False,True,False
25,54-2,64404.25,"(30, 7)",taxation,6,0.25,False,True,False
25,4-2,48307.25,"(13, 10)",taxation,6,0.25,False,True,False
25,83-2,70817.75,"(12, 13)",taxation,6,0.25,False,True,False
25,249-2,67595.0,"(29, 40)",taxation,6,0.25,False,True,False
25,22-2,74030.0,"(15, 12)",taxation,6,0.25,False,True,False
25,205-2,32235.75,"(25, 3)",taxation,6,0.25,False,True,False
25,156-2,48312.5,"(14, 35)",taxation,6,0.25,False,True,False
25,51-2,67596.5,"(12, 18)",taxation,6,0.25,False,True,False
25,133-2,57950.0,"(34, 26)",taxation,6,0.25,False,True,False
25,73-2,67610.25,"(10, 20)",taxation,6,0.25,False,True,False
25,56-2,64384.75,"(10, 43)",taxation,6,0.25,False,True,False
25,182-2,67597.25,"(11, 19)",taxation,6,0.25,False,True,False
25,71-2,70814.25,"(29, 1)",taxation,6,0.25,False,True,False
25,91-2,70803.75,"(18, 8)",taxation,6,0.25,False,True,False
25,226-2,64371.75,"(14, 12)",taxation,6,0.25,False,True,False
25,225-2,67593.75,"(10, 14)",taxation,6,0.25,False,True,False
25,148-2,51510.25,"(15, 27)",taxation,6,0.25,False,True,False
25,16-2,74037.5,"(39, 36)",taxation,6,0.25,False,True,False
25,111-2,70803.25,"(14, 14)",taxation,6,0.25,False,True,False
25,134-2,64383.0,"(40, 14)",taxation,6,0.25,False,True,False
25,168-2,70810.5,"(20, 9)",taxation,6,0.25,False,True,False
25,106-2,61178.75,"(40, 2)",taxation,6,0.25,False,True,False
25,162-2,67589.5,"(46, 16)",taxation,6,0.25,False,True,False
25,214-2,41871.0,"(47, 18)",taxation,6,0.25,False,True,False
25,110-2,74010.0,"(28, 40)",taxation,6,0.25,False,True,False
25,95-2,74014.5,"(31, 39)",taxation,6,0.25,False,True,False
25,122-2,54728.25,"(6, 44)",taxation,6,0.25,False,True,False
26,2,85830.0,"(22, 45)",taxation,6,0.25,False,True,False
26,3,51540.0,"(4, 21)",taxation,6,0.25,False,True,False
26,5,38687.0,"(41, 29)",taxation,6,0.25,False,True,False
26,7,64413.0,"(5, 17)",taxation,6,0.25,False,True,False
26,8,85865.0,"(24, 48)",taxation,6,0.25,False,True,False
26,9,72997.0,"(16, 4)",taxation,6,0.25,False,True,False
26,11,68682.0,"(5, 24)",taxation,6,0.25,False,True,False
26,12,81557.0,"(13, 14)",taxation,6,0.25,False,True,False
26,13,81566.0,"(7, 18)",taxation,6,0.25,False,True,False
26,14,21553.0,"(5, 16)",taxation,6,0.25,False,True,False
26,15,77283.0,"(45, 5)",taxation,6,0.25,False,True,False
26,18,98706.0,"(47, 23)",taxation,6,0.25,False,True,False
26,19,90115.0,"(9, 18)",taxation,6,0.25,False,True,False
26,20,81550.0,"(38, 0)",taxation,6,0.25,False,True,False
26,24,68710.0,"(47, 7)",taxation,6,0.25,False,True,False
26,26,68715.0,"(4, 41)",taxation,6,0.25,False,True,False
26,27,77267.0,"(45, 13)",taxation,6,0.25,False,True,False
26,29,85840.0,"(8, 40)",taxation,6,0.25,False,True,False
26,30,98705.0,"(9, 15)",taxation,6,0.25,False,True,False
26,32,94397.0,"(5, 21)",taxation,6,0.25,False,True,False
26,33,68719.0,"(15, 7)",taxation,6,0.25,False,True,False
26,34,77266.0,"(27, 42)",taxation,6,0.25,False,True,False
26,35,85860.0,"(21, 38)",taxation,6,0.25,False,True,False
26,36,64408.0,"(9, 19)",taxation,6,0.25,False,True,False
26,37,90133.0,"(43, 3)",taxation,6,0.25,False,True,False
26,39,60120.0,"(11, 12)",taxation,6,0.25,False,True,False
26,41,94425.0,"(24, 49)",taxation,6,0.25,False,True,False
26,43,85841.0,"(34, 1)",taxation,6,0.25,False,True,False
26,44,55850.0,"(46, 25)",taxation,6,0.25,False,True,False
26,45,90119.0,"(6, 35)",taxation,6,0.25,False,True,False
26,46,60131.0,"(46, 26)",taxation,6,0.25,False,True,False
26,47,60135.0,"(11, 14)",taxation,6,0.25,False,True,False
26,48,90114.0,"(43, 31)",taxation,6,0.25,False,True,False
26,49,81577.0,"(9, 16)",taxation,6,0.25,False,True,False
26,50,98699.0,"(8, 41)",taxation,6,0.25,False,True,False
26,52,64402.0,"(49, 16)",taxation,6,0.25,False,True,False
26,53,55825.0,"(26, 2)",taxation,6,0.25,False,True,False
26,55,94400.0,"(10, 23)",taxation,6,0.25,False,True,False
26,57,77255.0,"(32, 5)",taxation,6,0.25,False,True,False
26,58,90104.0,"(4, 22)",taxation,6,0.25,False,True,False
26,59,77263.0,"(1, 43)",taxation,6,0.25,False,True,False
26,60,90128.0,"(49, 17)",taxation,6,0.25,False,True,False
26,61,102983.0,"(12, 28)",taxation,6,0.25,False,True,False
26,62,85862.0,"(9, 45)",taxation,6,0.25,False,True,False
26,64,85835.0,"(30, 6)",taxation,6,0.25,False,True,False
26,65,98694.0,"(42, 28)",taxation,6,0.25,False,True,False
26,66,94415.0,"(31, 44)",taxation,6,0.25,False,True,False
26,67,64407.0,"(7, 36)",taxation,6,0.25,False,True,False
26,68,72985.0,"(25, 45)",taxation,6,0.25,False,True,False
26,69,94422.0,"(23, 47)",taxation,6,0.25,False,True,False
26,70,90143.0,"(9, 14)",taxation,6,0.25,False,True,False
26,72,98678.0,"(8, 45)",taxation,6,0.25,False,True,False
26,77,72978.0,"(0, 43)",taxation,6,0.25,False,True,False
26,78,81548.0,"(15, 5)",taxation,6,0.25,False,True,False
26,79,81549.0,"(6, 24)",taxation,6,0.25,False,True,False
26,80,94401.0,"(43, 20)",taxation,6,0.25,False,True,False
26,81,81577.0,"(49, 15)",taxation,6,0.25,False,True,False
26,82,90122.0,"(9, 20)",taxation,6,0.25,False,True,False
26,84,85855.0,"(6, 46)",taxation,6,0.25,False,True,False
26,85,77266.0,"(47, 9)",taxation,6,0.25,False,True,False
26,86,85861.0,"(32, 43)",taxation,6,0.25,False,True,False
26,87,85823.0,"(28, 41)",taxation,6,0.25,False,True,False
26,88,85839.0,"(25, 1)",taxation,6,0.25,False,True,False
26,89,90138.0,"(23, 46)",taxation,6,0.25,False,True,False
26,90,77291.0,"(49, 13)",taxation,6,0.25,False,True,False
26,92,94394.0,"(1, 42)",taxation,6,0.25,False,True,False
26,93,38686.0,"(42, 30)",taxation,6,0.25,False,True,False
26,96,98698.0,"(10, 33)",taxation,6,0.25,False,True,False
26,97,68691.0,"(39, 30)",taxation,6,0.25,False,True,False
26,99,81546.0,"(43, 29)",taxation,6,0.25,False,True,False
26,101,85864.0,"(48, 13)",taxation,6,0.25,False,True,False
26,102,60118.0,"(35, 39)",taxation,6,0.25,False,True,False
26,103,85831.0,"(17, 5)",taxation,6,0.25,False,True,False
26,104,81576.0,"(18, 5)",taxation,6,0.25,False,True,False
26,105,77280.0,"(7, 17)",taxation,6,0.25,False,True,False
26,107,94409.0,"(47, 27)",taxation,6,0.25,False,True,False
26,108,47270.0,"(9, 24)",taxation,6,0.25,False,True,False
26,109,85863.0,"(9, 23)",taxation,6,0.25,False,True,False
26,112,94410.0,"(28, 43)",taxation,6,0.25,False,True,False
26,113,90114.0,"(7, 16)",taxation,6,0.25,False,True,False
26,114,98687.0,"(44, 11)",taxation,6,0.25,False,True,False
26,115,94397.0,"(44, 12)",taxation,6,0.25,False,True,False
26,116,94432.0,"(29, 42)",taxation,6,0.25,False,True,False
26,117,77265.0,"(26, 43)",taxation,6,0.25,False,True,False
26,118,94410.0,"(33, 5)",taxation,6,0.25,False,True,False
26,119,85847.0,"(18, 6)",taxation,6,0.25,False,True,False
26,120,98680.0,"(6, 18)",taxation,6,0.25,False,True,False
26,121,85867.0,"(5, 30)",taxation,6,0.25,False,True,False
26,123,98703.0,"(47, 10)",taxation,6,0.25,False,True,False
26,124,81556.0,"(13, 9)",taxation,6,0.25,False,True,False
26,125,94419.0,"(7, 46)",taxation,6,0.25,False,True,False
26,126,85828.0,"(41, 34)",taxation,6,0.25,False,True,False
26,127,90111.0,"(20, 6)",taxation,6,0.25,False,True,False
26,128,94417.0,"(49, 22)",taxation,6,0.25,False,True,False
26,129,81568.0,"(43, 8)",taxation,6,0.25,False,True,False
26,130,94420.0,"(48, 24)",taxation,6,0.25,False,True,False
26,131,85850.0,"(9, 25)",taxation,6,0.25,False,True,False
26,132,94411.0,"(43, 32)",taxation,6,0.25,False,True,False
26,135,85839.0,"(25, 46)",taxation,6,0.25,False,True,False
26,136,68697.0,"(46, 27)",taxation,6,0.25,False,True,False
26,137,77267.0,"(14, 7)",taxation,6,0.25,False,True,False
26,138,90124.0,"(8, 18)",taxation,6,0.25,False,True,False
26,143,85827.0,"(11, 15)",taxation,6,0.25,False,True,False
26,145,90123.0,"(49, 23)",taxation,6,0.25,False,True,False
26,147,85845.0,"(49, 11)",taxation,6,0.25,False,True,False
26,150,72975.0,"(0, 23)",taxation,6,0.25,False,True,False
26,151,68700.0,"(48, 22)",taxation,6,0.25,False,True,False
26,152,90138.0,"(6, 43)",taxation,6,0.25,False,True,False
26,153,42971.0,"(47, 24)",taxation,6,0.25,False,True,False
26,155,90133.0,"(49, 12)",taxation,6,0.25,False,True,False
26,157,81551.0,"(7, 19)",taxation,6,0.25,False,True,False
26,159,68712.0,"(49, 21)",taxation,6,0.25,False,True,False
26,160,77274.0,"(4, 43)",taxation,6,0.25,False,True,False
26,161,72973.0,"(21, 6)",taxation,6,0.25,False,True,False
26,163,102985.0,"(23, 49)",taxation,6,0.25,False,True,False
26,164,90133.0,"(30, 5)",taxation,6,0.25,False,True,False
26,166,81566.0,"(28, 0)",taxation,6,0.25,False,True,False
26,169,68705.0,"(10, 21)",taxation,6,0.25,False,True,False
26,171,85863.0,"(26, 40)",taxation,6,0.25,False,True,False
26,174,94403.0,"(48, 21)",taxation,6,0.25,False,True,False
26,175,72980.0,"(48, 9)",taxation,6,0.25,False,True,False
26,177,85869.0,"(46, 24)",taxation,6,0.25,False,True,False
26,178,94424.0,"(49, 14)",taxation,6,0.25,False,True,False
26,181,85850.00000000001,"(32, 42)",taxation,6,0.25,False,True,False
26,183,60121.0,"(40, 35)",taxation,6,0.25,False,True,False
26,184,85838.0,"(8, 17)",taxation,6,0.25,False,True,False
26,185,85838.0,"(12, 14)",taxation,6,0.25,False,True,False
26,188,85858.0,"(9, 46)",taxation,6,0.25,False,True,False
26,190,85862.0,"(8, 23)",taxation,6,0.25,False,True,False
26,191,98683.0,"(42, 36)",taxation,6,0.25,False,True,False
26,192,77290.0,"(43, 9)",taxation,6,0.25,False,True,False
26,193,77280.0,"(8, 20)",taxation,6,0.25,False,True,False
26,194,77294.0,"(2, 45)",taxation,6,0.25,False,True,False
26,195,38683.0,"(44, 14)",taxation,6,0.25,False,True,False
26,196,60127.0,"(5, 44)",taxation,6,0.25,False,True,False
26,197,68685.0,"(8, 19)",taxation,6,0.25,False,True,False
26,199,98676.0,"(19, 6)",taxation,6,0.25,False,True,False
26,200,81551.0,"(16, 7)",taxation,6,0.25,False,True,False
26,202,98686.0,"(16, 5)",taxation,6,0.25,False,True,False
26,203,102972.0,"(48, 23)",taxation,6,0.25,False,True,False
26,204,94411.0,"(48, 26)",taxation,6,0.25,False,True,False
26,207,68693.0,"(11, 13)",taxation,6,0.25,False,True,False
26,209,98708.0,"(49, 10)",taxation,6,0.25,False,True,False
26,210,102968.0,"(32, 41)",taxation,6,0.25,False,True,False
26,211,55837.0,"(39, 37)",taxation,6,0.25,False,True,False
26,213,85864.0,"(7, 23)",taxation,6,0.25,False,True,False
26,215,94404.0,"(24, 47)",taxation,6,0.25,False,True,False
26,216,94411.0,"(5, 41)",taxation,6,0.25,False,True,False
26,217,51549.0,"(9, 36)",taxation,6,0.25,False,True,False
26,218,98697.0,"(31, 42)",taxation,6,0.25,False,True,False
26,220,94411.0,"(40, 36)",taxation,6,0.25,False,True,False
26,221,81549.0,"(45, 14)",taxation,6,0.25,False,True,False
26,222,85864.0,"(6, 17)",taxation,6,0.25,False,True,False
26,223,60109.0,"(9, 42)",taxation,6,0.25,False,True,False
26,224,72994.0,"(43, 35)",taxation,6,0.25,False,True,False
26,227,94409.0,"(43, 33)",taxation,6,0.25,False,True,False
26,229,94424.0,"(8, 47)",taxation,6,0.25,False,True,False
26,230,68716.0,"(7, 35)",taxation,6,0.25,False,True,False
26,232,51548.0,"(10, 29)",taxation,6,0.25,False,True,False
26,233,81555.0,"(47, 26)",taxation,6,0.25,False,True,False
26,234,90117.0,"(5, 25)",taxation,6,0.25,False,True,False
26,235,85847.0,"(26, 1)",taxation,6,0.25,False,True,False
26,236,85838.0,"(15, 6)",taxation,6,0.25,False,True,False
26,237,68685.0,"(36, 34)",taxation,6,0.25,False,True,False
26,238,85870.0,"(49, 20)",taxation,6,0.25,False,True,False
26,239,85833.0,"(9, 13)",taxation,6,0.25,False,True,False
26,243,81556.0,"(48, 18)",taxation,6,0.25,False,True,False
26,244,98713.0,"(3, 41)",taxation,6,0.25,False,True,False
26,245,94417.0,"(2, 44)",taxation,6,0.25,False,True,False
26,247,77278.0,"(12, 20)",taxation,6,0.25,False,True,False
26,248,85838.0,"(43, 4)",taxation,6,0.25,False,True,False
26,219-2,75109.0,"(26, 9)",taxation,6,0.25,False,True,False
26,158-2,62261.0,"(47, 25)",taxation,6,0.25,False,True,False
26,139-2,77266.25,"(9, 35)",taxation,6,0.25,False,True,False
26,179-2,55860.5,"(36, 0)",taxation,6,0.25,False,True,False
26,28-2,59074.25,"(21, 4)",taxation,6,0.25,False,True,False
26,187-2,34400.0,"(36, 38)",taxation,6,0.25,False,True,False
26,146-2,25842.0,"(48, 16)",taxation,6,0.25,False,True,False
26,94-2,21565.0,"(2, 25)",taxation,6,0.25,False,True,False
26,154-2,30119.0,"(24, 45)",taxation,6,0.25,False,True,False
26,173-2,17261.0,"(44, 27)",taxation,6,0.25,False,True,False
26,240-2,21537.0,"(41, 33)",taxation,6,0.25,False,True,False
26,246-2,64412.0,"(7, 43)",taxation,6,0.25,False,True,False
26,98-2,34420.0,"(42, 7)",taxation,6,0.25,False,True,False
26,140-2,152.0,"(30, 42)",taxation,6,0.25,False,True,False
26,176-2,148.0,"(0, 42)",taxation,6,0.25,False,True,False
26,208-2,68695.25,"(10, 15)",taxation,6,0.25,False,True,False
26,170-2,59066.75,"(38, 36)",taxation,6,0.25,False,True,False
26,1-2,49395.25,"(9, 33)",taxation,6,0.25,False,True,False
26,23-2,69787.0,"(48, 12)",taxation,6,0.25,False,True,False
26,17-2,70819.5,"(44, 13)",taxation,6,0.25,False,True,False
26,31-2,77258.5,"(35, 38)",taxation,6,0.25,False,True,False
26,228-2,50482.0,"(41, 36)",taxation,6,0.25,False,True,False
26,149-2,57999.0,"(8, 42)",taxation,6,0.25,False,True,False
26,206-2,65480.25,"(23, 45)",taxation,6,0.25,False,True,False
26,242-2,29056.25,"(25, 2)",taxation,6,0.25,False,True,False
26,75-2,61208.0,"(11, 40)",taxation,6,0.25,False,True,False
26,74-2,75115.0,"(26, 44)",taxation,6,0.25,False,True,False
26,241-2,61187.5,"(40, 34)",taxation,6,0.25,False,True,False
26,42-2,48337.5,"(30, 43)",taxation,6,0.25,False,True,False
26,142-2,41899.75,"(42, 32)",taxation,6,0.25,False,True,False
26,172-2,70836.75,"(8, 15)",taxation,6,0.25,False,True,False
26,167-2,67628.75,"(43, 10)",taxation,6,0.25,False,True,False
26,38-2,67626.5,"(45, 26)",taxation,6,0.25,False,True,False
26,198-2,61207.5,"(8, 43)",taxation,6,0.25,False,True,False
26,0-2,45125.25,"(17, 6)",taxation,6,0.25,False,True,False
26,6-2,74040.0,"(16, 37)",taxation,6,0.25,False,True,False
26,76-2,64414.750000000015,"(10, 44)",taxation,6,0.25,False,True,False
26,144-2,64406.5,"(14, 42)",taxation,6,0.25,False,True,False
26,25-2,57981.0,"(9, 17)",taxation,6,0.25,False,True,False
26,40-2,70837.0,"(9, 41)",taxation,6,0.25,False,True,False
26,10-2,67616.25,"(42, 31)",taxation,6,0.25,False,True,False
26,180-2,64420.25,"(28, 42)",taxation,6,0.25,False,True,False
26,212-2,67605.75,"(49, 19)",taxation,6,0.25,False,True,False
26,63-2,61180.75,"(38, 38)",taxation,6,0.25,False,True,False
26,189-2,57974.5,"(7, 15)",taxation,6,0.25,False,True,False
26,54-2,64412.25,"(27, 1)",taxation,6,0.25,False,True,False
26,4-2,48314.25,"(12, 10)",taxation,6,0.25,False,True,False
26,83-2,70824.75,"(6, 15)",taxation,6,0.25,False,True,False
26,249-2,67603.0,"(26, 42)",taxation,6,0.25,False,True,False
26,22-2,74038.0,"(14, 8)",taxation,6,0.25,False,True,False
26,205-2,32243.75,"(27, 0)",taxation,6,0.25,False,True,False
26,156-2,48319.5,"(10, 39)",taxation,6,0.25,False,True,False
26,51-2,67603.5,"(8, 16)",taxation,6,0.25,False,True,False
26,133-2,57956.0,"(40, 28)",taxation,6,0.25,False,True,False
26,73-2,67617.25,"(5, 18)",taxation,6,0.25,False,True,False
26,56-2,64392.75,"(15, 42)",taxation,6,0.25,False,True,False
26,182-2,67605.25,"(8, 14)",taxation,6,0.25,False,True,False
26,71-2,70822.25,"(29, 0)",taxation,6,0.25,False,True,False
26,91-2,70812.75,"(24, 3)",taxation,6,0.25,False,True,False
26,226-2,64376.75,"(13, 11)",taxation,6,0.25,False,True,False
26,225-2,67600.75,"(6, 16)",taxation,6,0.25,False,True,False
26,148-2,51518.25,"(9, 22)",taxation,6,0.25,False,True,False
26,16-2,74045.5,"(43, 30)",taxation,6,0.25,False,True,False
26,111-2,70811.25,"(10, 13)",taxation,6,0.25,False,True,False
26,134-2,64391.0,"(44, 16)",taxation,6,0.25,False,True,False
26,168-2,70817.5,"(20, 5)",taxation,6,0.25,False,True,False
26,106-2,61187.75,"(42, 3)",taxation,6,0.25,False,True,False
26,162-2,67598.5,"(48, 10)",taxation,6,0.25,False,True,False
26,214-2,41880.0,"(49, 18)",taxation,6,0.25,False,True,False
26,110-2,74018.0,"(26, 45)",taxation,6,0.25,False,True,False
26,95-2,74022.5,"(31, 41)",taxation,6,0.25,False,True,False
26,122-2,54735.25,"(8, 46)",taxation,6,0.25,False,True,False
26,231-2,41877.75,"(11, 11)",taxation,6,0.25,False,True,False
26,100-2,64392.75,"(10, 12)",taxation,6,0.25,False,True,False
26,141-2,51535.5,"(31, 43)",taxation,6,0.25,False,True,False
26,165-2,77238.0,"(48, 11)",taxation,6,0.25,False,True,False
26,186-2,61178.25,"(22, 3)",taxation,6,0.25,False,True,False
26,201-2,45089.25,"(26, 41)",taxation,6,0.25,False,True,False
26,21-2,61172.25,"(36, 37)",taxation,6,0.25,False,True,False
27,2,85839.0,"(25, 47)",taxation,6,0.25,False,True,False
27,3,51548.0,"(3, 21)",taxation,6,0.25,False,True,False
27,5,38695.0,"(45, 30)",taxation,6,0.25,False,True,False
27,7,64421.0,"(2, 21)",taxation,6,0.25,False,True,False
27,8,85873.0,"(26, 49)",taxation,6,0.25,False,True,False
27,9,73005.0,"(21, 3)",taxation,6,0.25,False,True,False
27,11,68689.0,"(3, 25)",taxation,6,0.25,False,True,False
27,12,81563.0,"(16, 14)",taxation,6,0.25,False,True,False
27,13,81574.0,"(1, 22)",taxation,6,0.25,False,True,False
27,14,21561.0,"(0, 21)",taxation,6,0.25,False,True,False
27,15,77292.0,"(46, 4)",taxation,6,0.25,False,True,False
27,18,98715.0,"(49, 27)",taxation,6,0.25,False,True,False
27,19,90121.0,"(10, 24)",taxation,6,0.25,False,True,False
27,20,81559.0,"(37, 0)",taxation,6,0.25,False,True,False
27,24,68720.0,"(47, 8)",taxation,6,0.25,False,True,False
27,26,68722.0,"(4, 39)",taxation,6,0.25,False,True,False
27,27,77275.0,"(42, 9)",taxation,6,0.25,False,True,False
27,29,85847.0,"(10, 40)",taxation,6,0.25,False,True,False
27,30,98711.0,"(6, 21)",taxation,6,0.25,False,True,False
27,33,68726.0,"(16, 3)",taxation,6,0.25,False,True,False
27,34,77274.0,"(27, 47)",taxation,6,0.25,False,True,False
27,35,85868.0,"(21, 40)",taxation,6,0.25,False,True,False
27,36,64416.0,"(4, 19)",taxation,6,0.25,False,True,False
27,37,90142.0,"(44, 3)",taxation,6,0.25,False,True,False
27,39,60125.0,"(14, 10)",taxation,6,0.25,False,True,False
27,41,94434.0,"(25, 48)",taxation,6,0.25,False,True,False
27,43,85850.0,"(39, 1)",taxation,6,0.25,False,True,False
27,44,55858.0,"(47, 28)",taxation,6,0.25,False,True,False
27,45,90127.0,"(7, 38)",taxation,6,0.25,False,True,False
27,46,60140.0,"(48, 27)",taxation,6,0.25,False,True,False
27,47,60141.0,"(6, 19)",taxation,6,0.25,False,True,False
27,48,90122.0,"(49, 32)",taxation,6,0.25,False,True,False
27,49,81583.0,"(5, 20)",taxation,6,0.25,False,True,False
27,50,98706.0,"(11, 42)",taxation,6,0.25,False,True,False
27,52,64408.0,"(43, 13)",taxation,6,0.25,False,True,False
27,53,55834.0,"(30, 0)",taxation,6,0.25,False,True,False
27,55,94407.0,"(7, 25)",taxation,6,0.25,False,True,False
27,57,77264.0,"(34, 0)",taxation,6,0.25,False,True,False
27,58,90112.0,"(3, 22)",taxation,6,0.25,False,True,False
27,59,77271.0,"(5, 37)",taxation,6,0.25,False,True,False
27,60,90133.0,"(43, 22)",taxation,6,0.25,False,True,False
27,61,102990.0,"(9, 30)",taxation,6,0.25,False,True,False
27,62,85870.0,"(13, 43)",taxation,6,0.25,False,True,False
27,64,85843.0,"(31, 5)",taxation,6,0.25,False,True,False
27,65,98702.0,"(45, 31)",taxation,6,0.25,False,True,False
27,66,94423.0,"(29, 47)",taxation,6,0.25,False,True,False
27,67,64415.0,"(7, 37)",taxation,6,0.25,False,True,False
27,68,72993.0,"(25, 44)",taxation,6,0.25,False,True,False
27,69,94430.0,"(26, 48)",taxation,6,0.25,False,True,False
27,70,90150.0,"(3, 20)",taxation,6,0.25,False,True,False
27,72,98685.0,"(12, 44)",taxation,6,0.25,False,True,False
27,77,72985.0,"(2, 39)",taxation,6,0.25,False,True,False
27,79,81556.0,"(4, 25)",taxation,6,0.25,False,True,False
27,80,94410.0,"(49, 24)",taxation,6,0.25,False,True,False
27,81,81584.0,"(44, 9)",taxation,6,0.25,False,True,False
27,82,90129.0,"(4, 23)",taxation,6,0.25,False,True,False
27,84,85862.0,"(12, 43)",taxation,6,0.25,False,True,False
27,85,77275.0,"(48, 7)",taxation,6,0.25,False,True,False
27,86,85869.0,"(28, 45)",taxation,6,0.25,False,True,False
27,87,85831.0,"(27, 43)",taxation,6,0.25,False,True,False
27,88,85847.0,"(25, 0)",taxation,6,0.25,False,True,False
27,89,90146.0,"(24, 46)",taxation,6,0.25,False,True,False
27,90,77299.0,"(44, 7)",taxation,6,0.25,False,True,False
27,92,94402.0,"(4, 40)",taxation,6,0.25,False,True,False
27,93,38694.0,"(44, 30)",taxation,6,0.25,False,True,False
27,96,98706.0,"(8, 36)",taxation,6,0.25,False,True,False
27,97,68698.0,"(40, 30)",taxation,6,0.25,False,True,False
27,99,81554.0,"(46, 30)",taxation,6,0.25,False,True,False
27,101,85873.0,"(46, 9)",taxation,6,0.25,False,True,False
27,102,60126.0,"(30, 45)",taxation,6,0.25,False,True,False
27,103,85839.0,"(17, 4)",taxation,6,0.25,False,True,False
27,104,81584.0,"(22, 1)",taxation,6,0.25,False,True,False
27,105,77288.0,"(4, 17)",taxation,6,0.25,False,True,False
27,107,94417.0,"(49, 30)",taxation,6,0.25,False,True,False
27,108,47278.0,"(4, 30)",taxation,6,0.25,False,True,False
27,109,85870.0,"(6, 25)",taxation,6,0.25,False,True,False
27,112,94418.0,"(28, 48)",taxation,6,0.25,False,True,False
27,113,90121.0,"(3, 18)",taxation,6,0.25,False,True,False
27,114,98697.0,"(48, 8)",taxation,6,0.25,False,True,False
27,116,94440.0,"(27, 44)",taxation,6,0.25,False,True,False
27,117,77273.0,"(27, 46)",taxation,6,0.25,False,True,False
27,118,94419.0,"(39, 0)",taxation,6,0.25,False,True,False
27,119,85854.0,"(20, 3)",taxation,6,0.25,False,True,False
27,120,98687.0,"(0, 18)",taxation,6,0.25,False,True,False
27,121,85874.0,"(6, 29)",taxation,6,0.25,False,True,False
27,123,98712.0,"(47, 6)",taxation,6,0.25,False,True,False
27,124,81563.0,"(19, 4)",taxation,6,0.25,False,True,False
27,125,94426.0,"(13, 40)",taxation,6,0.25,False,True,False
27,126,85836.0,"(47, 32)",taxation,6,0.25,False,True,False
27,127,90119.0,"(23, 0)",taxation,6,0.25,False,True,False
27,128,94424.0,"(46, 28)",taxation,6,0.25,False,True,False
27,129,81577.0,"(45, 8)",taxation,6,0.25,False,True,False
27,130,94428.0,"(48, 30)",taxation,6,0.25,False,True,False
27,131,85857.0,"(8, 24)",taxation,6,0.25,False,True,False
27,132,94419.0,"(48, 32)",taxation,6,0.25,False,True,False
27,135,85847.0,"(26, 46)",taxation,6,0.25,False,True,False
27,136,68705.0,"(46, 29)",taxation,6,0.25,False,True,False
27,137,77274.0,"(16, 2)",taxation,6,0.25,False,True,False
27,138,90132.0,"(4, 18)",taxation,6,0.25,False,True,False
27,143,85833.0,"(11, 21)",taxation,6,0.25,False,True,False
27,145,90130.0,"(44, 28)",taxation,6,0.25,False,True,False
27,147,85854.0,"(49, 6)",taxation,6,0.25,False,True,False
27,150,72982.0,"(1, 24)",taxation,6,0.25,False,True,False
27,151,68707.0,"(42, 24)",taxation,6,0.25,False,True,False
27,152,90145.0,"(10, 45)",taxation,6,0.25,False,True,False
27,153,42979.0,"(47, 30)",taxation,6,0.25,False,True,False
27,155,90142.0,"(49, 8)",taxation,6,0.25,False,True,False
27,157,81559.0,"(2, 22)",taxation,6,0.25,False,True,False
27,159,68721.0,"(49, 25)",taxation,6,0.25,False,True,False
27,160,77282.0,"(7, 39)",taxation,6,0.25,False,True,False
27,161,72981.0,"(22, 2)",taxation,6,0.25,False,True,False
27,163,102993.0,"(25, 49)",taxation,6,0.25,False,True,False
27,164,90141.0,"(32, 4)",taxation,6,0.25,False,True,False
27,166,81574.0,"(26, 0)",taxation,6,0.25,False,True,False
27,171,85870.0,"(25, 40)",taxation,6,0.25,False,True,False
27,174,94410.0,"(45, 27)",taxation,6,0.25,False,True,False
27,175,72989.0,"(48, 6)",taxation,6,0.25,False,True,False
27,177,85877.0,"(48, 29)",taxation,6,0.25,False,True,False
27,178,94431.0,"(46, 8)",taxation,6,0.25,False,True,False
27,181,85858.00000000001,"(29, 48)",taxation,6,0.25,False,True,False
27,184,85846.0,"(4, 20)",taxation,6,0.25,False,True,False
27,185,85844.0,"(6, 20)",taxation,6,0.25,False,True,False
27,188,85865.0,"(14, 41)",taxation,6,0.25,False,True,False
27,190,85870.0,"(4, 24)",taxation,6,0.25,False,True,False
27,191,98690.0,"(44, 35)",taxation,6,0.25,False,True,False
27,192,77299.0,"(44, 10)",taxation,6,0.25,False,True,False
27,193,77287.0,"(5, 22)",taxation,6,0.25,False,True,False
27,194,77298.0,"(2, 40)",taxation,6,0.25,False,True,False
27,195,38691.0,"(40, 13)",taxation,6,0.25,False,True,False
27,196,60135.0,"(9, 39)",taxation,6,0.25,False,True,False
27,197,68692.0,"(3, 23)",taxation,6,0.25,False,True,False
27,199,98683.0,"(19, 3)",taxation,6,0.25,False,True,False
27,200,81558.0,"(17, 2)",taxation,6,0.25,False,True,False
27,202,98694.0,"(21, 0)",taxation,6,0.25,False,True,False
27,204,94419.0,"(49, 29)",taxation,6,0.25,False,True,False
27,207,68699.0,"(14, 9)",taxation,6,0.25,False,True,False
27,209,98717.0,"(49, 7)",taxation,6,0.25,False,True,False
27,210,102976.0,"(28, 46)",taxation,6,0.25,False,True,False
27,211,55844.0,"(35, 40)",taxation,6,0.25,False,True,False
27,213,85871.0,"(5, 26)",taxation,6,0.25,False,True,False
27,215,94412.0,"(26, 47)",taxation,6,0.25,False,True,False
27,216,94418.0,"(4, 38)",taxation,6,0.25,False,True,False
27,217,51557.0,"(8, 38)",taxation,6,0.25,False,True,False
27,218,98705.0,"(27, 45)",taxation,6,0.25,False,True,False
27,220,94418.0,"(44, 36)",taxation,6,0.25,False,True,False
27,221,81557.0,"(39, 11)",taxation,6,0.25,False,True,False
27,222,85871.0,"(1, 18)",taxation,6,0.25,False,True,False
27,223,60116.0,"(10, 41)",taxation,6,0.25,False,True,False
27,224,73002.0,"(47, 33)",taxation,6,0.25,False,True,False
27,227,94417.0,"(44, 32)",taxation,6,0.25,False,True,False
27,229,94432.0,"(12, 42)",taxation,6,0.25,False,True,False
27,230,68724.0,"(6, 36)",taxation,6,0.25,False,True,False
27,232,51555.0,"(9, 29)",taxation,6,0.25,False,True,False
27,233,81564.0,"(49, 26)",taxation,6,0.25,False,True,False
27,234,90125.0,"(0, 22)",taxation,6,0.25,False,True,False
27,235,85855.0,"(24, 0)",taxation,6,0.25,False,True,False
27,236,85846.0,"(18, 4)",taxation,6,0.25,False,True,False
27,237,68692.0,"(34, 40)",taxation,6,0.25,False,True,False
27,238,85877.0,"(43, 26)",taxation,6,0.25,False,True,False
27,239,85840.0,"(3, 17)",taxation,6,0.25,False,True,False
27,243,81562.0,"(42, 21)",taxation,6,0.25,False,True,False
27,244,98721.0,"(3, 40)",taxation,6,0.25,False,True,False
27,245,94425.0,"(6, 39)",taxation,6,0.25,False,True,False
27,247,77285.0,"(7, 24)",taxation,6,0.25,False,True,False
27,248,85847.0,"(43, 2)",taxation,6,0.25,False,True,False
27,219-2,75117.0,"(29, 6)",taxation,6,0.25,False,True,False
27,158-2,62269.0,"(49, 31)",taxation,6,0.25,False,True,False
27,139-2,77274.25,"(8, 37)",taxation,6,0.25,False,True,False
27,179-2,55869.5,"(40, 1)",taxation,6,0.25,False,True,False
27,28-2,59082.25,"(23, 1)",taxation,6,0.25,False,True,False
27,187-2,34408.0,"(30, 44)",taxation,6,0.25,False,True,False
27,146-2,25847.0,"(44, 22)",taxation,6,0.25,False,True,False
27,94-2,21573.0,"(1, 23)",taxation,6,0.25,False,True,False
27,154-2,30127.0,"(21, 44)",taxation,6,0.25,False,True,False
27,173-2,17269.0,"(47, 31)",taxation,6,0.25,False,True,False
27,240-2,21545.0,"(44, 33)",taxation,6,0.25,False,True,False
27,246-2,64419.0,"(9, 37)",taxation,6,0.25,False,True,False
27,98-2,34429.0,"(45, 3)",taxation,6,0.25,False,True,False
27,140-2,160.0,"(29, 44)",taxation,6,0.25,False,True,False
27,176-2,156.0,"(6, 37)",taxation,6,0.25,False,True,False
27,208-2,68701.25,"(7, 20)",taxation,6,0.25,False,True,False
27,170-2,59074.75,"(43, 34)",taxation,6,0.25,False,True,False
27,1-2,49403.25,"(9, 38)",taxation,6,0.25,False,True,False
27,23-2,69794.0,"(46, 7)",taxation,6,0.25,False,True,False
27,17-2,70828.5,"(45, 12)",taxation,6,0.25,False,True,False
27,31-2,77265.5,"(33, 40)",taxation,6,0.25,False,True,False
27,228-2,50489.0,"(41, 35)",taxation,6,0.25,False,True,False
27,149-2,58007.0,"(8, 39)",taxation,6,0.25,False,True,False
27,206-2,65488.25,"(24, 44)",taxation,6,0.25,False,True,False
27,242-2,29064.25,"(24, 1)",taxation,6,0.25,False,True,False
27,75-2,61215.0,"(12, 40)",taxation,6,0.25,False,True,False
27,74-2,75123.0,"(27, 48)",taxation,6,0.25,False,True,False
27,241-2,61195.5,"(45, 32)",taxation,6,0.25,False,True,False
27,42-2,48345.5,"(29, 45)",taxation,6,0.25,False,True,False
27,142-2,41906.75,"(45, 33)",taxation,6,0.25,False,True,False
27,172-2,70843.75,"(2, 17)",taxation,6,0.25,False,True,False
27,167-2,67637.75,"(47, 5)",taxation,6,0.25,False,True,False
27,38-2,67635.5,"(48, 25)",taxation,6,0.25,False,True,False
27,198-2,61214.5,"(12, 39)",taxation,6,0.25,False,True,False
27,0-2,45133.25,"(20, 4)",taxation,6,0.25,False,True,False
27,6-2,74047.0,"(15, 37)",taxation,6,0.25,False,True,False
27,76-2,64421.750000000015,"(13, 42)",taxation,6,0.25,False,True,False
27,144-2,64414.5,"(14, 43)",taxation,6,0.25,False,True,False
27,25-2,57988.0,"(3, 19)",taxation,6,0.25,False,True,False
27,40-2,70845.0,"(9, 40)",taxation,6,0.25,False,True,False
27,10-2,67624.25,"(48, 31)",taxation,6,0.25,False,True,False
27,180-2,64428.25,"(28, 44)",taxation,6,0.25,False,True,False
27,212-2,67611.75,"(44, 25)",taxation,6,0.25,False,True,False
27,63-2,61188.75,"(44, 34)",taxation,6,0.25,False,True,False
27,189-2,57981.5,"(2, 18)",taxation,6,0.25,False,True,False
27,54-2,64420.25,"(31, 1)",taxation,6,0.25,False,True,False
27,4-2,48316.25,"(16, 11)",taxation,6,0.25,False,True,False
27,83-2,70832.75,"(0, 20)",taxation,6,0.25,False,True,False
27,249-2,67611.0,"(25, 43)",taxation,6,0.25,False,True,False
27,22-2,74045.0,"(17, 3)",taxation,6,0.25,False,True,False
27,205-2,32252.75,"(32, 0)",taxation,6,0.25,False,True,False
27,156-2,48326.5,"(10, 38)",taxation,6,0.25,False,True,False
27,51-2,67611.5,"(2, 20)",taxation,6,0.25,False,True,False
27,133-2,57963.0,"(40, 29)",taxation,6,0.25,False,True,False
27,73-2,67624.25,"(1, 19)",taxation,6,0.25,False,True,False
27,56-2,64400.75,"(19, 45)",taxation,6,0.25,False,True,False
27,182-2,67612.25,"(2, 19)",taxation,6,0.25,False,True,False
27,71-2,70830.25,"(31, 0)",taxation,6,0.25,False,True,False
27,91-2,70820.75,"(23, 2)",taxation,6,0.25,False,True,False
27,226-2,64382.75,"(19, 8)",taxation,6,0.25,False,True,False
27,225-2,67608.75,"(1, 20)",taxation,6,0.25,False,True,False
27,148-2,51525.25,"(6, 26)",taxation,6,0.25,False,True,False
27,16-2,74053.5,"(44, 29)",taxation,6,0.25,False,True,False
27,111-2,70817.25,"(5, 19)",taxation,6,0.25,False,True,False
27,134-2,64398.0,"(41, 12)",taxation,6,0.25,False,True,False
27,168-2,70825.5,"(19, 5)",taxation,6,0.25,False,True,False
27,106-2,61196.75,"(42, 2)",taxation,6,0.25,False,True,False
27,162-2,67607.5,"(48, 5)",taxation,6,0.25,False,True,False
27,214-2,41886.0,"(43, 23)",taxation,6,0.25,False,True,False
27,110-2,74026.0,"(28, 47)",taxation,6,0.25,False,True,False
27,95-2,74029.5,"(33, 41)",taxation,6,0.25,False,True,False
27,122-2,54742.25,"(13, 41)",taxation,6,0.25,False,True,False
27,231-2,41882.75,"(16, 15)",taxation,6,0.25,False,True,False
27,100-2,64397.75,"(16, 6)",taxation,6,0.25,False,True,False
27,141-2,51543.5,"(29, 43)",taxation,6,0.25,False,True,False
27,165-2,77247.0,"(49, 9)",taxation,6,0.25,False,True,False
27,186-2,61186.25,"(22, 0)",taxation,6,0.25,False,True,False
27,201-2,45097.25,"(25, 42)",taxation,6,0.25,False,True,False
27,21-2,61179.25,"(36, 39)",taxation,6,0.25,False,True,False
27,183-2,45096.75,"(43, 36)",taxation,6,0.25,False,True,False
27,203-2,77234.25,"(45, 28)",taxation,6,0.25,False,True,False
27,32-2,70803.75,"(1, 21)",taxation,6,0.25,False,True,False
27,115-2,70803.75,"(42, 8)",taxation,6,0.25,False,True,False
27,169-2,51534.0,"(5, 23)",taxation,6,0.25,False,True,False
27,78-2,61166.25,"(18, 3)",taxation,6,0.25,False,True,False
28,2,85847.0,"(20, 43)",taxation,6,0.25,False,True,False
28,3,51551.0,"(3, 27)",taxation,6,0.25,False,True,False
28,7,64424.0,"(2, 27)",taxation,6,0.25,False,True,False
28,8,85881.0,"(29, 46)",taxation,6,0.25,False,True,False
28,9,73013.0,"(21, 2)",taxation,6,0.25,False,True,False
28,11,68696.0,"(3, 30)",taxation,6,0.25,False,True,False
28,12,81570.0,"(22, 8)",taxation,6,0.25,False,True,False
28,13,81580.0,"(7, 26)",taxation,6,0.25,False,True,False
28,14,21564.0,"(2, 26)",taxation,6,0.25,False,True,False
28,15,77301.0,"(45, 2)",taxation,6,0.25,False,True,False
28,18,98719.0,"(43, 21)",taxation,6,0.25,False,True,False
28,19,90128.0,"(10, 27)",taxation,6,0.25,False,True,False
28,20,81569.0,"(41, 1)",taxation,6,0.25,False,True,False
28,24,68729.0,"(47, 2)",taxation,6,0.25,False,True,False
28,26,68730.0,"(10, 35)",taxation,6,0.25,False,True,False
28,27,77284.0,"(39, 5)",taxation,6,0.25,False,True,False
28,29,85855.0,"(16, 39)",taxation,6,0.25,False,True,False
28,30,98718.0,"(12, 27)",taxation,6,0.25,False,True,False
28,33,68734.0,"(18, 1)",taxation,6,0.25,False,True,False
28,34,77282.0,"(21, 43)",taxation,6,0.25,False,True,False
28,35,85876.0,"(22, 40)",taxation,6,0.25,False,True,False
28,36,64418.0,"(7, 22)",taxation,6,0.25,False,True,False
28,37,90152.0,"(44, 2)",taxation,6,0.25,False,True,False
28,39,60130.0,"(20, 12)",taxation,6,0.25,False,True,False
28,41,94442.0,"(23, 43)",taxation,6,0.25,False,True,False
28,43,85859.0,"(40, 0)",taxation,6,0.25,False,True,False
28,44,55866.0,"(46, 31)",taxation,6,0.25,False,True,False
28,45,90135.0,"(11, 36)",taxation,6,0.25,False,True,False
28,46,60147.0,"(47, 29)",taxation,6,0.25,False,True,False
28,47,60147.0,"(12, 21)",taxation,6,0.25,False,True,False
28,48,90130.0,"(49, 34)",taxation,6,0.25,False,True,False
28,49,81590.0,"(10, 25)",taxation,6,0.25,False,True,False
28,52,64416.0,"(40, 10)",taxation,6,0.25,False,True,False
28,57,77272.0,"(38, 3)",taxation,6,0.25,False,True,False
28,58,90117.0,"(5, 28)",taxation,6,0.25,False,True,False
28,59,77278.0,"(5, 34)",taxation,6,0.25,False,True,False
28,60,90140.0,"(39, 27)",taxation,6,0.25,False,True,False
28,61,102998.0,"(10, 34)",taxation,6,0.25,False,True,False
28,62,85878.0,"(16, 38)",taxation,6,0.25,False,True,False
28,64,85852.0,"(36, 4)",taxation,6,0.25,False,True,False
28,65,98710.0,"(45, 34)",taxation,6,0.25,False,True,False
28,66,94430.0,"(27, 41)",taxation,6,0.25,False,True,False
28,67,64422.0,"(6, 33)",taxation,6,0.25,False,True,False
28,68,73001.0,"(21, 39)",taxation,6,0.25,False,True,False
28,69,94438.0,"(23, 44)",taxation,6,0.25,False,True,False
28,70,90157.0,"(8, 26)",taxation,6,0.25,False,True,False
28,72,98693.0,"(15, 40)",taxation,6,0.25,False,True,False
28,77,72992.0,"(4, 36)",taxation,6,0.25,False,True,False
28,79,81564.0,"(6, 28)",taxation,6,0.25,False,True,False
28,80,94414.0,"(44, 20)",taxation,6,0.25,False,True,False
28,81,81592.0,"(45, 7)",taxation,6,0.25,False,True,False
28,82,90136.0,"(9, 27)",taxation,6,0.25,False,True,False
28,84,85869.0,"(11, 43)",taxation,6,0.25,False,True,False
28,85,77284.0,"(48, 4)",taxation,6,0.25,False,True,False
28,86,85877.0,"(30, 46)",taxation,6,0.25,False,True,False
28,87,85839.0,"(26, 38)",taxation,6,0.25,False,True,False
28,88,85855.0,"(24, 2)",taxation,6,0.25,False,True,False
28,89,90154.0,"(20, 42)",taxation,6,0.25,False,True,False
28,90,77308.0,"(44, 1)",taxation,6,0.25,False,True,False
28,92,94410.0,"(6, 34)",taxation,6,0.25,False,True,False
28,93,38701.0,"(41, 30)",taxation,6,0.25,False,True,False
28,96,98713.0,"(7, 33)",taxation,6,0.25,False,True,False
28,97,68705.0,"(40, 31)",taxation,6,0.25,False,True,False
28,99,81562.0,"(46, 35)",taxation,6,0.25,False,True,False
28,101,85881.0,"(46, 6)",taxation,6,0.25,False,True,False
28,102,60135.0,"(29, 49)",taxation,6,0.25,False,True,False
28,103,85847.0,"(18, 0)",taxation,6,0.25,False,True,False
28,104,81591.0,"(25, 5)",taxation,6,0.25,False,True,False
28,105,77290.0,"(10, 17)",taxation,6,0.25,False,True,False
28,107,94425.0,"(47, 34)",taxation,6,0.25,False,True,False
28,108,47285.0,"(4, 31)",taxation,6,0.25,False,True,False
28,109,85878.0,"(7, 28)",taxation,6,0.25,False,True,False
28,113,90123.0,"(8, 21)",taxation,6,0.25,False,True,False
28,114,98707.0,"(49, 5)",taxation,6,0.25,False,True,False
28,116,94448.0,"(24, 40)",taxation,6,0.25,False,True,False
28,117,77281.0,"(21, 41)",taxation,6,0.25,False,True,False
28,118,94428.0,"(42, 0)",taxation,6,0.25,False,True,False
28,119,85861.0,"(22, 5)",taxation,6,0.25,False,True,False
28,120,98689.0,"(6, 22)",taxation,6,0.25,False,True,False
28,121,85882.0,"(7, 29)",taxation,6,0.25,False,True,False
28,123,98722.0,"(41, 2)",taxation,6,0.25,False,True,False
28,124,81571.0,"(19, 0)",taxation,6,0.25,False,True,False
28,125,94434.0,"(15, 36)",taxation,6,0.25,False,True,False
28,126,85844.0,"(46, 32)",taxation,6,0.25,False,True,False
28,127,90126.0,"(24, 5)",taxation,6,0.25,False,True,False
28,128,94432.0,"(43, 28)",taxation,6,0.25,False,True,False
28,129,81586.0,"(41, 8)",taxation,6,0.25,False,True,False
28,130,94435.0,"(42, 34)",taxation,6,0.25,False,True,False
28,131,85864.0,"(9, 26)",taxation,6,0.25,False,True,False
28,132,94427.0,"(48, 34)",taxation,6,0.25,False,True,False
28,135,85855.0,"(21, 42)",taxation,6,0.25,False,True,False
28,136,68713.0,"(41, 27)",taxation,6,0.25,False,True,False
28,138,90138.0,"(10, 19)",taxation,6,0.25,False,True,False
28,143,85840.0,"(11, 27)",taxation,6,0.25,False,True,False
28,145,90137.0,"(39, 29)",taxation,6,0.25,False,True,False
28,147,85863.0,"(49, 3)",taxation,6,0.25,False,True,False
28,150,72989.0,"(6, 30)",taxation,6,0.25,False,True,False
28,151,68714.0,"(39, 28)",taxation,6,0.25,False,True,False
28,152,90152.0,"(11, 45)",taxation,6,0.25,False,True,False
28,153,42987.0,"(47, 35)",taxation,6,0.25,False,True,False
28,155,90151.0,"(48, 3)",taxation,6,0.25,False,True,False
28,157,81566.0,"(7, 27)",taxation,6,0.25,False,True,False
28,159,68728.0,"(49, 28)",taxation,6,0.25,False,True,False
28,160,77290.0,"(12, 35)",taxation,6,0.25,False,True,False
28,161,72989.0,"(23, 5)",taxation,6,0.25,False,True,False
28,163,103001.0,"(20, 46)",taxation,6,0.25,False,True,False
28,164,90149.0,"(32, 6)",taxation,6,0.25,False,True,False
28,166,81582.0,"(31, 6)",taxation,6,0.25,False,True,False
28,171,85878.0,"(25, 39)",taxation,6,0.25,False,True,False
28,174,94418.0,"(42, 26)",taxation,6,0.25,False,True,False
28,175,72998.0,"(49, 2)",taxation,6,0.25,False,True,False
28,177,85885.0,"(48, 33)",taxation,6,0.25,False,True,False
28,178,94440.0,"(46, 2)",taxation,6,0.25,False,True,False
28,181,85861.00000000001,"(23, 42)",taxation,6,0.25,False,True,False
28,184,85849.0,"(3, 26)",taxation,6,0.25,False,True,False
28,185,85851.0,"(11, 25)",taxation,6,0.25,False,True,False
28,188,85873.0,"(19, 41)",taxation,6,0.25,False,True,False
28,190,85877.0,"(8, 27)",taxation,6,0.25,False,True,False
28,191,98697.0,"(40, 32)",taxation,6,0.25,False,True,False
28,192,77307.0,"(44, 6)",taxation,6,0.25,False,True,False
28,194,77305.0,"(5, 35)",taxation,6,0.25,False,True,False
28,195,38699.0,"(38, 13)",taxation,6,0.25,False,True,False
28,196,60143.0,"(10, 37)",taxation,6,0.25,False,True,False
28,197,68697.0,"(3, 29)",taxation,6,0.25,False,True,False
28,199,98691.0,"(20, 2)",taxation,6,0.25,False,True,False
28,200,81565.0,"(17, 0)",taxation,6,0.25,False,True,False
28,202,98702.0,"(20, 0)",taxation,6,0.25,False,True,False
28,204,94422.0,"(43, 25)",taxation,6,0.25,False,True,False
28,207,68705.0,"(19, 12)",taxation,6,0.25,False,True,False
28,209,98726.0,"(49, 4)",taxation,6,0.25,False,True,False
28,210,102984.0,"(22, 41)",taxation,6,0.25,False,True,False
28,211,55851.0,"(33, 38)",taxation,6,0.25,False,True,False
28,213,85878.0,"(7, 30)",taxation,6,0.25,False,True,False
28,215,94419.0,"(20, 41)",taxation,6,0.25,False,True,False
28,216,94426.0,"(4, 37)",taxation,6,0.25,False,True,False
28,217,51565.0,"(10, 36)",taxation,6,0.25,False,True,False
28,218,98713.0,"(23, 41)",taxation,6,0.25,False,True,False
28,220,94425.0,"(39, 34)",taxation,6,0.25,False,True,False
28,221,81565.0,"(38, 11)",taxation,6,0.25,False,True,False
28,222,85878.0,"(0, 24)",taxation,6,0.25,False,True,False
28,223,60124.0,"(12, 38)",taxation,6,0.25,False,True,False
28,224,73009.0,"(44, 31)",taxation,6,0.25,False,True,False
28,227,94425.0,"(46, 34)",taxation,6,0.25,False,True,False
28,229,94440.0,"(14, 40)",taxation,6,0.25,False,True,False
28,230,68731.0,"(6, 32)",taxation,6,0.25,False,True,False
28,232,51563.0,"(8, 29)",taxation,6,0.25,False,True,False
28,233,81568.0,"(44, 21)",taxation,6,0.25,False,True,False
28,234,90131.0,"(4, 27)",taxation,6,0.25,False,True,False
28,235,85863.0,"(27, 4)",taxation,6,0.25,False,True,False
28,236,85854.0,"(18, 2)",taxation,6,0.25,False,True,False
28,237,68700.0,"(34, 41)",taxation,6,0.25,False,True,False
28,238,85884.0,"(40, 26)",taxation,6,0.25,False,True,False
28,239,85848.0,"(2, 23)",taxation,6,0.25,False,True,False
28,243,81569.0,"(38, 23)",taxation,6,0.25,False,True,False
28,244,98728.0,"(5, 36)",taxation,6,0.25,False,True,False
28,245,94432.0,"(10, 42)",taxation,6,0.25,False,True,False
28,248,85856.0,"(43, 1)",taxation,6,0.25,False,True,False
28,219-2,75126.0,"(33, 4)",taxation,6,0.25,False,True,False
28,158-2,62277.0,"(49, 33)",taxation,6,0.25,False,True,False
28,139-2,77281.25,"(8, 33)",taxation,6,0.25,False,True,False
28,179-2,55878.5,"(41, 0)",taxation,6,0.25,False,True,False
28,28-2,59090.25,"(23, 3)",taxation,6,0.25,False,True,False
28,187-2,34416.0,"(25, 41)",taxation,6,0.25,False,True,False
28,146-2,25854.0,"(39, 23)",taxation,6,0.25,False,True,False
28,94-2,21579.0,"(4, 26)",taxation,6,0.25,False,True,False
28,154-2,30135.0,"(20, 44)",taxation,6,0.25,False,True,False
28,173-2,17276.0,"(42, 33)",taxation,6,0.25,False,True,False
28,240-2,21552.0,"(39, 32)",taxation,6,0.25,False,True,False
28,246-2,64427.0,"(11, 34)",taxation,6,0.25,False,True,False
28,98-2,34438.0,"(46, 3)",taxation,6,0.25,False,True,False
28,140-2,168.0,"(26, 39)",taxation,6,0.25,False,True,False
28,176-2,164.0,"(11, 35)",taxation,6,0.25,False,True,False
28,208-2,68708.25,"(8, 25)",taxation,6,0.25,False,True,False
28,170-2,59082.75,"(45, 36)",taxation,6,0.25,False,True,False
28,1-2,49411.25,"(12, 36)",taxation,6,0.25,False,True,False
28,23-2,69803.0,"(46, 1)",taxation,6,0.25,False,True,False
28,17-2,70837.5,"(41, 6)",taxation,6,0.25,False,True,False
28,31-2,77272.5,"(33, 39)",taxation,6,0.25,False,True,False
28,228-2,50497.0,"(45, 35)",taxation,6,0.25,False,True,False
28,149-2,58014.0,"(11, 41)",taxation,6,0.25,False,True,False
28,206-2,65497.25,"(27, 49)",taxation,6,0.25,False,True,False
28,242-2,29072.25,"(22, 4)",taxation,6,0.25,False,True,False
28,75-2,61223.0,"(14, 39)",taxation,6,0.25,False,True,False
28,74-2,75131.0,"(24, 43)",taxation,6,0.25,False,True,False
28,241-2,61202.5,"(45, 29)",taxation,6,0.25,False,True,False
28,42-2,48353.5,"(24, 39)",taxation,6,0.25,False,True,False
28,142-2,41914.75,"(48, 35)",taxation,6,0.25,False,True,False
28,172-2,70845.75,"(7, 21)",taxation,6,0.25,False,True,False
28,167-2,67646.75,"(47, 3)",taxation,6,0.25,False,True,False
28,38-2,67642.5,"(48, 28)",taxation,6,0.25,False,True,False
28,198-2,61222.5,"(13, 39)",taxation,6,0.25,False,True,False
28,0-2,45141.25,"(20, 1)",taxation,6,0.25,False,True,False
28,6-2,74054.0,"(14, 37)",taxation,6,0.25,False,True,False
28,76-2,64429.750000000015,"(16, 40)",taxation,6,0.25,False,True,False
28,144-2,64422.5,"(15, 41)",taxation,6,0.25,False,True,False
28,25-2,57995.0,"(3, 24)",taxation,6,0.25,False,True,False
28,40-2,70853.0,"(11, 38)",taxation,6,0.25,False,True,False
28,10-2,67632.25,"(46, 33)",taxation,6,0.25,False,True,False
28,180-2,64437.25,"(28, 49)",taxation,6,0.25,False,True,False
28,212-2,67618.75,"(40, 25)",taxation,6,0.25,False,True,False
28,63-2,61195.75,"(39, 33)",taxation,6,0.25,False,True,False
28,189-2,57989.5,"(0, 19)",taxation,6,0.25,False,True,False
28,54-2,64428.25,"(28, 5)",taxation,6,0.25,False,True,False
28,4-2,48323.25,"(21, 7)",taxation,6,0.25,False,True,False
28,83-2,70835.75,"(0, 26)",taxation,6,0.25,False,True,False
28,249-2,67619.0,"(23, 39)",taxation,6,0.25,False,True,False
28,22-2,74052.0,"(16, 1)",taxation,6,0.25,False,True,False
28,205-2,32261.75,"(33, 0)",taxation,6,0.25,False,True,False
28,156-2,48334.5,"(11, 37)",taxation,6,0.25,False,True,False
28,51-2,67613.5,"(1, 25)",taxation,6,0.25,False,True,False
28,133-2,57971.0,"(41, 26)",taxation,6,0.25,False,True,False
28,73-2,67631.25,"(2, 24)",taxation,6,0.25,False,True,False
28,56-2,64408.75,"(19, 44)",taxation,6,0.25,False,True,False
28,182-2,67614.25,"(6, 23)",taxation,6,0.25,False,True,False
28,71-2,70838.25,"(34, 5)",taxation,6,0.25,False,True,False
28,91-2,70827.75,"(23, 4)",taxation,6,0.25,False,True,False
28,226-2,64389.75,"(21, 8)",taxation,6,0.25,False,True,False
28,225-2,67611.75,"(1, 26)",taxation,6,0.25,False,True,False
28,148-2,51533.25,"(8, 30)",taxation,6,0.25,False,True,False
28,16-2,74061.5,"(42, 27)",taxation,6,0.25,False,True,False
28,111-2,70824.25,"(11, 24)",taxation,6,0.25,False,True,False
28,134-2,64406.0,"(41, 9)",taxation,6,0.25,False,True,False
28,168-2,70832.5,"(22, 6)",taxation,6,0.25,False,True,False
28,106-2,61205.75,"(42, 1)",taxation,6,0.25,False,True,False
28,162-2,67616.5,"(48, 2)",taxation,6,0.25,False,True,False
28,214-2,41893.0,"(41, 24)",taxation,6,0.25,False,True,False
28,110-2,74028.0,"(23, 48)",taxation,6,0.25,False,True,False
28,95-2,74037.5,"(31, 45)",taxation,6,0.25,False,True,False
28,122-2,54750.25,"(15, 39)",taxation,6,0.25,False,True,False
28,231-2,41888.75,"(19, 13)",taxation,6,0.25,False,True,False
28,100-2,64405.75,"(19, 1)",taxation,6,0.25,False,True,False
28,141-2,51550.5,"(27, 39)",taxation,6,0.25,False,True,False
28,165-2,77257.0,"(47, 4)",taxation,6,0.25,False,True,False
28,186-2,61194.25,"(21, 1)",taxation,6,0.25,False,True,False
28,201-2,45105.25,"(24, 41)",taxation,6,0.25,False,True,False
28,21-2,61186.25,"(35, 37)",taxation,6,0.25,False,True,False
28,183-2,45103.75,"(42, 35)",taxation,6,0.25,False,True,False
28,203-2,77241.25,"(40, 27)",taxation,6,0.25,False,True,False
28,32-2,70809.75,"(6, 27)",taxation,6,0.25,False,True,False
28,115-2,70812.75,"(37, 4)",taxation,6,0.25,False,True,False
28,169-2,51541.0,"(5, 27)",taxation,6,0.25,False,True,False
28,78-2,61174.25,"(19, 2)",taxation,6,0.25,False,True,False
28,137-2,57961.5,"(17, 1)",taxation,6,0.25,False,True,False
28,55-2,70811.25,"(8, 28)",taxation,6,0.25,False,True,False
28,112-2,70819.5,"(22, 42)",taxation,6,0.25,False,True,False
28,193-2,57970.5,"(10, 26)",taxation,6,0.25,False,True,False
28,50-2,74035.5,"(13, 38)",taxation,6,0.25,False,True,False
28,53-2,41882.25,"(35, 4)",taxation,6,0.25,False,True,False
28,5-2,29026.5,"(39, 31)",taxation,6,0.25,False,True,False
28,247-2,57969.0,"(11, 29)",taxation,6,0.25,False,True,False
29,2,85855.0,"(18, 41)",taxation,6,0.25,False,True,False
29,3,51559.0,"(2, 31)",taxation,6,0.25,False,True,False
29,7,64431.0,"(1, 33)",taxation,6,0.25,False,True,False
29,8,85884.0,"(29, 41)",taxation,6,0.25,False,True,False
29,9,73021.0,"(24, 7)",taxation,6,0.25,False,True,False
29,11,68703.0,"(2, 34)",taxation,6,0.25,False,True,False
29,12,81578.0,"(24, 9)",taxation,6,0.25,False,True,False
29,13,81588.0,"(8, 31)",taxation,6,0.25,False,True,False
29,14,21570.0,"(3, 31)",taxation,6,0.25,False,True,False
29,15,77310.0,"(40, 6)",taxation,6,0.25,False,True,False
29,18,98727.0,"(38, 15)",taxation,6,0.25,False,True,False
29,19,90136.0,"(10, 30)",taxation,6,0.25,False,True,False
29,20,81578.0,"(39, 7)",taxation,6,0.25,False,True,False
29,24,68738.0,"(49, 0)",taxation,6,0.25,False,True,False
29,26,68737.0,"(14, 32)",taxation,6,0.25,False,True,False
29,27,77292.0,"(37, 6)",taxation,6,0.25,False,True,False
29,29,85863.0,"(17, 40)",taxation,6,0.25,False,True,False
29,30,98725.0,"(14, 27)",taxation,6,0.25,False,True,False
29,33,68739.0,"(23, 7)",taxation,6,0.25,False,True,False
29,34,77290.0,"(18, 43)",taxation,6,0.25,False,True,False
29,35,85884.0,"(20, 38)",taxation,6,0.25,False,True,False
29,36,64425.0,"(13, 24)",taxation,6,0.25,False,True,False
29,37,90160.0,"(38, 8)",taxation,6,0.25,False,True,False
29,39,60137.0,"(23, 11)",taxation,6,0.25,False,True,False
29,41,94449.0,"(23, 38)",taxation,6,0.25,False,True,False
29,43,85868.0,"(39, 4)",taxation,6,0.25,False,True,False
29,44,55870.0,"(42, 25)",taxation,6,0.25,False,True,False
29,45,90143.0,"(13, 36)",taxation,6,0.25,False,True,False
29,46,60151.0,"(41, 25)",taxation,6,0.25,False,True,False
29,47,60154.0,"(14, 24)",taxation,6,0.25,False,True,False
29,48,90132.0,"(43, 32)",taxation,6,0.25,False,True,False
29,49,81598.0,"(12, 30)",taxation,6,0.25,False,True,False
29,52,64425.0,"(40, 7)",taxation,6,0.25,False,True,False
29,57,77281.0,"(38, 5)",taxation,6,0.25,False,True,False
29,58,90124.0,"(5, 32)",taxation,6,0.25,False,True,False
29,59,77285.0,"(4, 34)",taxation,6,0.25,False,True,False
29,60,90147.0,"(37, 27)",taxation,6,0.25,False,True,False
29,61,103005.0,"(12, 31)",taxation,6,0.25,False,True,False
29,62,85886.0,"(17, 38)",taxation,6,0.25,False,True,False
29,64,85861.0,"(36, 5)",taxation,6,0.25,False,True,False
29,65,98713.0,"(39, 36)",taxation,6,0.25,False,True,False
29,66,94437.0,"(25, 37)",taxation,6,0.25,False,True,False
29,67,64429.0,"(3, 33)",taxation,6,0.25,False,True,False
29,68,73009.0,"(19, 39)",taxation,6,0.25,False,True,False
29,69,94446.0,"(18, 42)",taxation,6,0.25,False,True,False
29,70,90164.0,"(13, 26)",taxation,6,0.25,False,True,False
29,72,98701.0,"(16, 42)",taxation,6,0.25,False,True,False
29,77,72999.0,"(3, 36)",taxation,6,0.25,False,True,False
29,79,81571.0,"(5, 33)",taxation,6,0.25,False,True,False
29,80,94421.0,"(41, 15)",taxation,6,0.25,False,True,False
29,81,81601.0,"(43, 6)",taxation,6,0.25,False,True,False
29,82,90143.0,"(13, 25)",taxation,6,0.25,False,True,False
29,84,85877.0,"(12, 45)",taxation,6,0.25,False,True,False
29,85,77293.0,"(48, 0)",taxation,6,0.25,False,True,False
29,86,85880.0,"(30, 41)",taxation,6,0.25,False,True,False
29,87,85847.0,"(20, 36)",taxation,6,0.25,False,True,False
29,88,85863.0,"(30, 8)",taxation,6,0.25,False,True,False
29,89,90162.0,"(14, 44)",taxation,6,0.25,False,True,False
29,90,77317.0,"(42, 4)",taxation,6,0.25,False,True,False
29,92,94418.0,"(12, 32)",taxation,6,0.25,False,True,False
29,93,38708.0,"(35, 26)",taxation,6,0.25,False,True,False
29,96,98721.0,"(11, 32)",taxation,6,0.25,False,True,False
29,97,68713.0,"(36, 36)",taxation,6,0.25,False,True,False
29,99,81564.0,"(43, 31)",taxation,6,0.25,False,True,False
29,101,85891.0,"(45, 1)",taxation,6,0.25,False,True,False
29,102,60137.0,"(26, 45)",taxation,6,0.25,False,True,False
29,103,85855.0,"(24, 6)",taxation,6,0.25,False,True,False
29,104,81599.0,"(26, 6)",taxation,6,0.25,False,True,False
29,105,77296.0,"(13, 20)",taxation,6,0.25,False,True,False
29,107,94428.0,"(41, 28)",taxation,6,0.25,False,True,False
29,108,47292.0,"(4, 33)",taxation,6,0.25,False,True,False
29,109,85886.0,"(8, 32)",taxation,6,0.25,False,True,False
29,113,90130.0,"(13, 19)",taxation,6,0.25,False,True,False
29,114,98716.0,"(44, 5)",taxation,6,0.25,False,True,False
29,116,94456.0,"(20, 37)",taxation,6,0.25,False,True,False
29,117,77289.0,"(20, 40)",taxation,6,0.25,False,True,False
29,118,94437.0,"(42, 5)",taxation,6,0.25,False,True,False
29,119,85869.0,"(25, 7)",taxation,6,0.25,False,True,False
29,120,98694.0,"(1, 28)",taxation,6,0.25,False,True,False
29,121,85890.0,"(9, 31)",taxation,6,0.25,False,True,False
29,123,98731.0,"(40, 5)",taxation,6,0.25,False,True,False
29,124,81579.0,"(23, 6)",taxation,6,0.25,False,True,False
29,125,94442.0,"(16, 35)",taxation,6,0.25,False,True,False
29,126,85847.0,"(42, 29)",taxation,6,0.25,False,True,False
29,127,90134.0,"(30, 9)",taxation,6,0.25,False,True,False
29,128,94439.0,"(39, 26)",taxation,6,0.25,False,True,False
29,129,81595.0,"(41, 7)",taxation,6,0.25,False,True,False
29,130,94443.0,"(38, 37)",taxation,6,0.25,False,True,False
29,131,85871.0,"(14, 25)",taxation,6,0.25,False,True,False
29,132,94429.0,"(43, 33)",taxation,6,0.25,False,True,False
29,135,85862.0,"(17, 43)",taxation,6,0.25,False,True,False
29,136,68720.0,"(38, 27)",taxation,6,0.25,False,True,False
29,138,90145.0,"(14, 22)",taxation,6,0.25,False,True,False
29,143,85847.0,"(13, 27)",taxation,6,0.25,False,True,False
29,150,72997.0,"(6, 31)",taxation,6,0.25,False,True,False
29,151,68721.0,"(37, 28)",taxation,6,0.25,False,True,False
29,152,90160.0,"(13, 45)",taxation,6,0.25,False,True,False
29,153,42989.0,"(42, 36)",taxation,6,0.25,False,True,False
29,155,90159.0,"(46, 5)",taxation,6,0.25,False,True,False
29,157,81574.0,"(7, 31)",taxation,6,0.25,False,True,False
29,159,68732.0,"(44, 23)",taxation,6,0.25,False,True,False
29,160,77298.0,"(13, 35)",taxation,6,0.25,False,True,False
29,161,72996.0,"(25, 9)",taxation,6,0.25,False,True,False
29,163,103009.0,"(18, 45)",taxation,6,0.25,False,True,False
29,164,90158.0,"(33, 6)",taxation,6,0.25,False,True,False
29,166,81591.0,"(34, 6)",taxation,6,0.25,False,True,False
29,171,85886.0,"(25, 38)",taxation,6,0.25,False,True,False
29,174,94425.0,"(42, 23)",taxation,6,0.25,False,True,False
29,175,73008.0,"(45, 0)",taxation,6,0.25,False,True,False
29,177,85888.0,"(43, 27)",taxation,6,0.25,False,True,False
29,178,94450.0,"(47, 1)",taxation,6,0.25,False,True,False
29,181,85869.00000000001,"(22, 39)",taxation,6,0.25,False,True,False
29,184,85856.0,"(2, 30)",taxation,6,0.25,False,True,False
29,185,85858.0,"(15, 30)",taxation,6,0.25,False,True,False
29,188,85881.0,"(18, 40)",taxation,6,0.25,False,True,False
29,190,85884.0,"(13, 30)",taxation,6,0.25,False,True,False
29,191,98703.0,"(35, 28)",taxation,6,0.25,False,True,False
29,192,77316.0,"(42, 6)",taxation,6,0.25,False,True,False
29,194,77312.0,"(4, 35)",taxation,6,0.25,False,True,False
29,195,38708.0,"(38, 12)",taxation,6,0.25,False,True,False
29,196,60151.0,"(13, 33)",taxation,6,0.25,False,True,False
29,197,68704.0,"(3, 32)",taxation,6,0.25,False,True,False
29,199,98699.0,"(25, 6)",taxation,6,0.25,False,True,False
29,200,81567.0,"(16, 4)",taxation,6,0.25,False,True,False
29,202,98706.0,"(26, 4)",taxation,6,0.25,False,True,False
29,204,94429.0,"(42, 20)",taxation,6,0.25,False,True,False
29,207,68712.0,"(24, 11)",taxation,6,0.25,False,True,False
29,209,98736.0,"(48, 1)",taxation,6,0.25,False,True,False
29,210,102992.0,"(23, 40)",taxation,6,0.25,False,True,False
29,211,55859.0,"(34, 36)",taxation,6,0.25,False,True,False
29,213,85885.0,"(3, 34)",taxation,6,0.25,False,True,False
29,215,94427.0,"(19, 40)",taxation,6,0.25,False,True,False
29,216,94434.0,"(10, 31)",taxation,6,0.25,False,True,False
29,217,51573.0,"(10, 32)",taxation,6,0.25,False,True,False
29,218,98721.0,"(20, 39)",taxation,6,0.25,False,True,False
29,220,94433.0,"(37, 34)",taxation,6,0.25,False,True,False
29,221,81574.0,"(38, 7)",taxation,6,0.25,False,True,False
29,222,85883.0,"(0, 28)",taxation,6,0.25,False,True,False
29,223,60132.0,"(15, 34)",taxation,6,0.25,False,True,False
29,224,73015.0,"(38, 26)",taxation,6,0.25,False,True,False
29,227,94428.0,"(41, 31)",taxation,6,0.25,False,True,False
29,229,94448.0,"(20, 35)",taxation,6,0.25,False,True,False
29,230,68738.0,"(7, 32)",taxation,6,0.25,False,True,False
29,232,51571.0,"(14, 33)",taxation,6,0.25,False,True,False
29,233,81575.0,"(38, 21)",taxation,6,0.25,False,True,False
29,234,90139.0,"(5, 31)",taxation,6,0.25,False,True,False
29,235,85871.0,"(27, 5)",taxation,6,0.25,False,True,False
29,236,85860.0,"(24, 8)",taxation,6,0.25,False,True,False
29,237,68708.0,"(34, 37)",taxation,6,0.25,False,True,False
29,238,85891.0,"(35, 24)",taxation,6,0.25,False,True,False
29,239,85853.0,"(2, 28)",taxation,6,0.25,False,True,False
29,243,81576.0,"(36, 23)",taxation,6,0.25,False,True,False
29,244,98735.0,"(3, 37)",taxation,6,0.25,False,True,False
29,245,94440.0,"(13, 44)",taxation,6,0.25,False,True,False
29,248,85865.0,"(41, 4)",taxation,6,0.25,False,True,False
29,219-2,75135.0,"(36, 6)",taxation,6,0.25,False,True,False
29,158-2,62279.0,"(47, 27)",taxation,6,0.25,False,True,False
29,139-2,77288.25,"(9, 34)",taxation,6,0.25,False,True,False
29,179-2,55887.5,"(41, 5)",taxation,6,0.25,False,True,False
29,28-2,59098.25,"(27, 6)",taxation,6,0.25,False,True,False
29,187-2,34424.0,"(26, 36)",taxation,6,0.25,False,True,False
29,146-2,25861.0,"(37, 21)",taxation,6,0.25,False,True,False
29,94-2,21586.0,"(4, 32)",taxation,6,0.25,False,True,False
29,154-2,30143.0,"(19, 43)",taxation,6,0.25,False,True,False
29,173-2,17281.0,"(36, 27)",taxation,6,0.25,False,True,False
29,240-2,21560.0,"(38, 32)",taxation,6,0.25,False,True,False
29,246-2,64434.0,"(15, 33)",taxation,6,0.25,False,True,False
29,98-2,34446.0,"(45, 4)",taxation,6,0.25,False,True,False
29,140-2,176.0,"(32, 37)",taxation,6,0.25,False,True,False
29,176-2,171.0,"(13, 31)",taxation,6,0.25,False,True,False
29,208-2,68715.25,"(12, 26)",taxation,6,0.25,False,True,False
29,170-2,59085.75,"(40, 33)",taxation,6,0.25,False,True,False
29,1-2,49419.25,"(14, 36)",taxation,6,0.25,False,True,False
29,23-2,69812.0,"(43, 5)",taxation,6,0.25,False,True,False
29,17-2,70845.5,"(39, 9)",taxation,6,0.25,False,True,False
29,31-2,77280.5,"(33, 37)",taxation,6,0.25,False,True,False
29,228-2,50500.0,"(39, 35)",taxation,6,0.25,False,True,False
29,149-2,58021.0,"(14, 45)",taxation,6,0.25,False,True,False
29,206-2,65501.25,"(21, 49)",taxation,6,0.25,False,True,False
29,242-2,29080.25,"(26, 7)",taxation,6,0.25,False,True,False
29,75-2,61231.0,"(17, 41)",taxation,6,0.25,False,True,False
29,74-2,75139.0,"(19, 38)",taxation,6,0.25,False,True,False
29,241-2,61207.5,"(40, 24)",taxation,6,0.25,False,True,False
29,42-2,48361.5,"(26, 37)",taxation,6,0.25,False,True,False
29,142-2,41916.75,"(43, 35)",taxation,6,0.25,False,True,False
29,172-2,70852.75,"(12, 24)",taxation,6,0.25,False,True,False
29,167-2,67655.75,"(47, 0)",taxation,6,0.25,False,True,False
29,38-2,67646.5,"(43, 24)",taxation,6,0.25,False,True,False
29,198-2,61230.5,"(12, 41)",taxation,6,0.25,False,True,False
29,0-2,45149.25,"(26, 5)",taxation,6,0.25,False,True,False
29,6-2,74062.0,"(19, 37)",taxation,6,0.25,False,True,False
29,76-2,64437.750000000015,"(16, 43)",taxation,6,0.25,False,True,False
29,144-2,64430.5,"(16, 41)",taxation,6,0.25,False,True,False
29,25-2,58000.0,"(3, 28)",taxation,6,0.25,False,True,False
29,40-2,70861.0,"(16, 36)",taxation,6,0.25,False,True,False
29,10-2,67635.25,"(41, 32)",taxation,6,0.25,False,True,False
29,180-2,64440.25,"(22, 49)",taxation,6,0.25,False,True,False
29,212-2,67625.75,"(37, 22)",taxation,6,0.25,False,True,False
29,63-2,61202.75,"(34, 32)",taxation,6,0.25,False,True,False
29,189-2,57992.5,"(0, 25)",taxation,6,0.25,False,True,False
29,54-2,64436.25,"(29, 4)",taxation,6,0.25,False,True,False
29,4-2,48331.25,"(26, 8)",taxation,6,0.25,False,True,False
29,83-2,70842.75,"(2, 32)",taxation,6,0.25,False,True,False
29,249-2,67627.0,"(22, 36)",taxation,6,0.25,False,True,False
29,22-2,74059.0,"(21, 5)",taxation,6,0.25,False,True,False
29,205-2,32270.75,"(35, 5)",taxation,6,0.25,False,True,False
29,156-2,48342.5,"(15, 43)",taxation,6,0.25,False,True,False
29,51-2,67620.5,"(1, 30)",taxation,6,0.25,False,True,False
29,133-2,57978.0,"(36, 26)",taxation,6,0.25,False,True,False
29,73-2,67637.25,"(2, 29)",taxation,6,0.25,False,True,False
29,56-2,64416.75,"(17, 42)",taxation,6,0.25,False,True,False
29,182-2,67621.25,"(11, 26)",taxation,6,0.25,False,True,False
29,71-2,70847.25,"(39, 6)",taxation,6,0.25,False,True,False
29,91-2,70835.75,"(27, 8)",taxation,6,0.25,False,True,False
29,226-2,64397.75,"(23, 8)",taxation,6,0.25,False,True,False
29,225-2,67618.75,"(1, 32)",taxation,6,0.25,False,True,False
29,148-2,51541.25,"(9, 32)",taxation,6,0.25,False,True,False
29,16-2,74068.5,"(38, 28)",taxation,6,0.25,False,True,False
29,111-2,70831.25,"(12, 25)",taxation,6,0.25,False,True,False
29,134-2,64415.0,"(40, 8)",taxation,6,0.25,False,True,False
29,168-2,70840.5,"(27, 7)",taxation,6,0.25,False,True,False
29,106-2,61215.75,"(44, 0)",taxation,6,0.25,False,True,False
29,162-2,67626.5,"(46, 0)",taxation,6,0.25,False,True,False
29,214-2,41900.0,"(37, 23)",taxation,6,0.25,False,True,False
29,110-2,74036.0,"(18, 44)",taxation,6,0.25,False,True,False
29,95-2,74041.5,"(28, 39)",taxation,6,0.25,False,True,False
29,122-2,54758.25,"(17, 39)",taxation,6,0.25,False,True,False
29,231-2,41896.75,"(23, 9)",taxation,6,0.25,False,True,False
29,100-2,64408.75,"(24, 4)",taxation,6,0.25,False,True,False
29,141-2,51557.5,"(25, 36)",taxation,6,0.25,False,True,False
29,165-2,77265.0,"(44, 4)",taxation,6,0.25,False,True,False
29,186-2,61202.25,"(16, 0)",taxation,6,0.25,False,True,False
29,201-2,45113.25,"(18, 39)",taxation,6,0.25,False,True,False
29,21-2,61193.25,"(34, 34)",taxation,6,0.25,False,True,False
29,183-2,45111.75,"(36, 35)",taxation,6,0.25,False,True,False
29,203-2,77248.25,"(36, 28)",taxation,6,0.25,False,True,False
29,32-2,70816.75,"(2, 33)",taxation,6,0.25,False,True,False
29,115-2,70822.75,"(43, 0)",taxation,6,0.25,False,True,False
29,169-2,51549.0,"(11, 31)",taxation,6,0.25,False,True,False
29,78-2,61182.25,"(25, 8)",taxation,6,0.25,False,True,False
29,137-2,57968.5,"(22, 7)",taxation,6,0.25,False,True,False
29,55-2,70818.25,"(14, 31)",taxation,6,0.25,False,True,False
29,112-2,70827.5,"(19, 42)",taxation,6,0.25,False,True,False
29,193-2,57977.5,"(14, 26)",taxation,6,0.25,False,True,False
29,50-2,74043.5,"(17, 37)",taxation,6,0.25,False,True,False
29,53-2,41891.25,"(37, 5)",taxation,6,0.25,False,True,False
29,5-2,29033.5,"(36, 29)",taxation,6,0.25,False,True,False
29,247-2,57977.0,"(11, 30)",taxation,6,0.25,False,True,False
29,147-2,64404.75,"(49, 1)",taxation,6,0.25,False,True,False
29,145-2,67608.0,"(34, 29)",taxation,6,0.25,False,True,False
30,2,85862.0,"(16, 47)",taxation,6,0.25,False,True,False
30,3,51567.0,"(2, 35)",taxation,6,0.25,False,True,False
30,7,64438.0,"(0, 33)",taxation,6,0.25,False,True,False
30,8,85891.0,"(24, 35)",taxation,6,0.25,False,True,False
30,9,73029.0,"(26, 10)",taxation,6,0.25,False,True,False
30,11,68710.0,"(1, 37)",taxation,6,0.25,False,True,False
30,12,81587.0,"(30, 11)",taxation,6,0.25,False,True,False
30,13,81594.0,"(5, 29)",taxation,6,0.25,False,True,False
30,14,21575.0,"(4, 28)",taxation,6,0.25,False,True,False
30,15,77319.0,"(36, 10)",taxation,6,0.25,False,True,False
30,18,98736.0,"(36, 14)",taxation,6,0.25,False,True,False
30,19,90144.0,"(15, 31)",taxation,6,0.25,False,True,False
30,20,81587.0,"(37, 9)",taxation,6,0.25,False,True,False
30,24,68742.0,"(45, 6)",taxation,6,0.25,False,True,False
30,26,68744.0,"(19, 30)",taxation,6,0.25,False,True,False
30,27,77301.0,"(35, 12)",taxation,6,0.25,False,True,False
30,29,85871.0,"(17, 36)",taxation,6,0.25,False,True,False
30,30,98733.0,"(17, 33)",taxation,6,0.25,False,True,False
30,33,68747.0,"(28, 12)",taxation,6,0.25,False,True,False
30,34,77297.0,"(19, 46)",taxation,6,0.25,False,True,False
30,35,85891.0,"(21, 36)",taxation,6,0.25,False,True,False
30,36,64432.0,"(17, 24)",taxation,6,0.25,False,True,False
30,37,90169.0,"(37, 8)",taxation,6,0.25,False,True,False
30,39,60145.0,"(26, 12)",taxation,6,0.25,False,True,False
30,41,94457.0,"(23, 37)",taxation,6,0.25,False,True,False
30,43,85877.0,"(35, 7)",taxation,6,0.25,False,True,False
30,44,55877.0,"(39, 20)",taxation,6,0.25,False,True,False
30,45,90149.0,"(18, 31)",taxation,6,0.25,False,True,False
30,46,60158.0,"(39, 21)",taxation,6,0.25,False,True,False
30,47,60161.0,"(16, 24)",taxation,6,0.25,False,True,False
30,48,90137.0,"(37, 31)",taxation,6,0.25,False,True,False
30,49,81605.0,"(17, 27)",taxation,6,0.25,False,True,False
30,52,64434.0,"(36, 11)",taxation,6,0.25,False,True,False
30,57,77289.0,"(35, 8)",taxation,6,0.25,False,True,False
30,58,90129.0,"(1, 27)",taxation,6,0.25,False,True,False
30,59,77292.0,"(2, 38)",taxation,6,0.25,False,True,False
30,60,90154.0,"(34, 22)",taxation,6,0.25,False,True,False
30,61,103011.0,"(17, 29)",taxation,6,0.25,False,True,False
30,62,85893.0,"(22, 33)",taxation,6,0.25,False,True,False
30,64,85870.0,"(35, 6)",taxation,6,0.25,False,True,False
30,65,98718.0,"(35, 33)",taxation,6,0.25,False,True,False
30,66,94444.0,"(25, 33)",taxation,6,0.25,False,True,False
30,67,64436.0,"(1, 34)",taxation,6,0.25,False,True,False
30,68,73017.0,"(18, 38)",taxation,6,0.25,False,True,False
30,69,94454.0,"(17, 46)",taxation,6,0.25,False,True,False
30,70,90171.0,"(16, 28)",taxation,6,0.25,False,True,False
30,72,98709.0,"(16, 45)",taxation,6,0.25,False,True,False
30,77,73006.0,"(1, 39)",taxation,6,0.25,False,True,False
30,79,81578.0,"(3, 39)",taxation,6,0.25,False,True,False
30,80,94430.0,"(41, 13)",taxation,6,0.25,False,True,False
30,81,81610.0,"(37, 12)",taxation,6,0.25,False,True,False
30,82,90150.0,"(18, 25)",taxation,6,0.25,False,True,False
30,84,85885.0,"(12, 46)",taxation,6,0.25,False,True,False
30,85,77296.0,"(45, 5)",taxation,6,0.25,False,True,False
30,86,85887.0,"(24, 37)",taxation,6,0.25,False,True,False
30,87,85855.0,"(19, 35)",taxation,6,0.25,False,True,False
30,88,85872.0,"(34, 12)",taxation,6,0.25,False,True,False
30,89,90170.0,"(15, 44)",taxation,6,0.25,False,True,False
30,90,77324.0,"(38, 6)",taxation,6,0.25,False,True,False
30,92,94426.0,"(18, 34)",taxation,6,0.25,False,True,False
30,93,38715.0,"(33, 24)",taxation,6,0.25,False,True,False
30,96,98729.0,"(17, 35)",taxation,6,0.25,False,True,False
30,97,68719.0,"(31, 31)",taxation,6,0.25,False,True,False
30,99,81568.0,"(38, 31)",taxation,6,0.25,False,True,False
30,101,85897.0,"(39, 2)",taxation,6,0.25,False,True,False
30,102,60144.0,"(20, 45)",taxation,6,0.25,False,True,False
30,103,85863.0,"(28, 9)",taxation,6,0.25,False,True,False
30,104,81608.0,"(31, 10)",taxation,6,0.25,False,True,False
30,105,77303.0,"(17, 22)",taxation,6,0.25,False,True,False
30,107,94435.0,"(39, 22)",taxation,6,0.25,False,True,False
30,108,47299.0,"(2, 36)",taxation,6,0.25,False,True,False
30,109,85893.0,"(2, 37)",taxation,6,0.25,False,True,False
30,113,90137.0,"(16, 22)",taxation,6,0.25,False,True,False
30,114,98725.0,"(39, 10)",taxation,6,0.25,False,True,False
30,116,94464.0,"(22, 35)",taxation,6,0.25,False,True,False
30,117,77297.0,"(22, 38)",taxation,6,0.25,False,True,False
30,118,94446.0,"(40, 11)",taxation,6,0.25,False,True,False
30,119,85877.0,"(29, 8)",taxation,6,0.25,False,True,False
30,120,98701.0,"(0, 34)",taxation,6,0.25,False,True,False
30,121,85897.0,"(15, 28)",taxation,6,0.25,False,True,False
30,123,98740.0,"(35, 11)",taxation,6,0.25,False,True,False
30,124,81587.0,"(29, 10)",taxation,6,0.25,False,True,False
30,125,94449.0,"(21, 34)",taxation,6,0.25,False,True,False
30,126,85853.0,"(37, 25)",taxation,6,0.25,False,True,False
30,127,90143.0,"(35, 13)",taxation,6,0.25,False,True,False
30,128,94447.0,"(36, 22)",taxation,6,0.25,False,True,False
30,129,81604.0,"(38, 9)",taxation,6,0.25,False,True,False
30,130,94448.0,"(34, 33)",taxation,6,0.25,False,True,False
30,131,85878.0,"(17, 25)",taxation,6,0.25,False,True,False
30,132,94434.0,"(37, 30)",taxation,6,0.25,False,True,False
30,135,85870.0,"(17, 44)",taxation,6,0.25,False,True,False
30,136,68727.0,"(34, 28)",taxation,6,0.25,False,True,False
30,138,90152.0,"(16, 23)",taxation,6,0.25,False,True,False
30,143,85855.0,"(17, 32)",taxation,6,0.25,False,True,False
30,150,73004.0,"(0, 32)",taxation,6,0.25,False,True,False
30,151,68729.0,"(33, 31)",taxation,6,0.25,False,True,False
30,152,90168.0,"(14, 46)",taxation,6,0.25,False,True,False
30,153,42994.0,"(36, 32)",taxation,6,0.25,False,True,False
30,155,90167.0,"(40, 9)",taxation,6,0.25,False,True,False
30,157,81581.0,"(1, 35)",taxation,6,0.25,False,True,False
30,159,68739.0,"(40, 21)",taxation,6,0.25,False,True,False
30,160,77306.0,"(16, 34)",taxation,6,0.25,False,True,False
30,161,73004.0,"(28, 11)",taxation,6,0.25,False,True,False
30,163,103016.0,"(17, 47)",taxation,6,0.25,False,True,False
30,164,90167.0,"(34, 3)",taxation,6,0.25,False,True,False
30,166,81599.0,"(34, 7)",taxation,6,0.25,False,True,False
30,171,85893.0,"(24, 38)",taxation,6,0.25,False,True,False
30,174,94433.0,"(38, 17)",taxation,6,0.25,False,True,False
30,175,73014.0,"(39, 3)",taxation,6,0.25,False,True,False
30,177,85895.0,"(40, 22)",taxation,6,0.25,False,True,False
30,178,94453.0,"(43, 3)",taxation,6,0.25,False,True,False
30,181,85876.00000000001,"(24, 34)",taxation,6,0.25,False,True,False
30,184,85862.0,"(0, 30)",taxation,6,0.25,False,True,False
30,185,85866.0,"(18, 33)",taxation,6,0.25,False,True,False
30,188,85889.0,"(18, 36)",taxation,6,0.25,False,True,False
30,190,85891.0,"(18, 27)",taxation,6,0.25,False,True,False
30,191,98711.0,"(35, 23)",taxation,6,0.25,False,True,False
30,192,77323.0,"(36, 3)",taxation,6,0.25,False,True,False
30,194,77319.0,"(0, 38)",taxation,6,0.25,False,True,False
30,195,38717.0,"(36, 13)",taxation,6,0.25,False,True,False
30,196,60159.0,"(19, 33)",taxation,6,0.25,False,True,False
30,197,68711.0,"(0, 36)",taxation,6,0.25,False,True,False
30,199,98707.0,"(28, 8)",taxation,6,0.25,False,True,False
30,200,81574.0,"(21, 9)",taxation,6,0.25,False,True,False
30,202,98715.0,"(31, 8)",taxation,6,0.25,False,True,False
30,204,94438.0,"(37, 14)",taxation,6,0.25,False,True,False
30,207,68720.0,"(26, 11)",taxation,6,0.25,False,True,False
30,209,98741.0,"(43, 7)",taxation,6,0.25,False,True,False
30,210,103000.0,"(22, 37)",taxation,6,0.25,False,True,False
30,211,55866.0,"(31, 35)",taxation,6,0.25,False,True,False
30,213,85892.0,"(0, 35)",taxation,6,0.25,False,True,False
30,215,94435.0,"(23, 36)",taxation,6,0.25,False,True,False
30,216,94441.0,"(16, 29)",taxation,6,0.25,False,True,False
30,217,51579.0,"(12, 37)",taxation,6,0.25,False,True,False
30,218,98728.0,"(23, 35)",taxation,6,0.25,False,True,False
30,220,94441.0,"(33, 33)",taxation,6,0.25,False,True,False
30,221,81583.0,"(35, 10)",taxation,6,0.25,False,True,False
30,222,85888.0,"(0, 27)",taxation,6,0.25,False,True,False
30,223,60140.0,"(17, 34)",taxation,6,0.25,False,True,False
30,224,73022.0,"(38, 22)",taxation,6,0.25,False,True,False
30,227,94434.0,"(39, 25)",taxation,6,0.25,False,True,False
30,229,94456.0,"(20, 34)",taxation,6,0.25,False,True,False
30,230,68745.0,"(8, 34)",taxation,6,0.25,False,True,False
30,232,51579.0,"(16, 33)",taxation,6,0.25,False,True,False
30,233,81583.0,"(38, 18)",taxation,6,0.25,False,True,False
30,234,90146.0,"(0, 31)",taxation,6,0.25,False,True,False
30,235,85880.0,"(31, 11)",taxation,6,0.25,False,True,False
30,236,85868.0,"(25, 10)",taxation,6,0.25,False,True,False
30,237,68714.0,"(29, 37)",taxation,6,0.25,False,True,False
30,238,85898.0,"(33, 23)",taxation,6,0.25,False,True,False
30,239,85860.0,"(1, 31)",taxation,6,0.25,False,True,False
30,243,81583.0,"(36, 21)",taxation,6,0.25,False,True,False
30,244,98742.0,"(3, 38)",taxation,6,0.25,False,True,False
30,245,94448.0,"(13, 46)",taxation,6,0.25,False,True,False
30,248,85873.0,"(36, 8)",taxation,6,0.25,False,True,False
30,219-2,75144.0,"(36, 7)",taxation,6,0.25,False,True,False
30,158-2,62285.0,"(41, 21)",taxation,6,0.25,False,True,False
30,139-2,77295.25,"(11, 39)",taxation,6,0.25,False,True,False
30,179-2,55894.5,"(41, 10)",taxation,6,0.25,False,True,False
30,28-2,59107.25,"(33, 10)",taxation,6,0.25,False,True,False
30,187-2,34431.0,"(24, 36)",taxation,6,0.25,False,True,False
30,146-2,25869.0,"(36, 18)",taxation,6,0.25,False,True,False
30,94-2,21593.0,"(1, 36)",taxation,6,0.25,False,True,False
30,154-2,30151.0,"(17, 45)",taxation,6,0.25,False,True,False
30,173-2,17288.0,"(32, 24)",taxation,6,0.25,False,True,False
30,240-2,21566.0,"(34, 30)",taxation,6,0.25,False,True,False
30,246-2,64442.0,"(15, 32)",taxation,6,0.25,False,True,False
30,98-2,34454.0,"(42, 10)",taxation,6,0.25,False,True,False
30,140-2,184.0,"(31, 36)",taxation,6,0.25,False,True,False
30,176-2,178.0,"(19, 29)",taxation,6,0.25,False,True,False
30,208-2,68722.25,"(17, 26)",taxation,6,0.25,False,True,False
30,170-2,59091.75,"(34, 31)",taxation,6,0.25,False,True,False
30,1-2,49426.25,"(20, 31)",taxation,6,0.25,False,True,False
30,23-2,69819.0,"(39, 8)",taxation,6,0.25,False,True,False
30,17-2,70854.5,"(36, 12)",taxation,6,0.25,False,True,False
30,31-2,77286.5,"(30, 35)",taxation,6,0.25,False,True,False
30,228-2,50508.0,"(33, 32)",taxation,6,0.25,False,True,False
30,149-2,58029.0,"(10, 46)",taxation,6,0.25,False,True,False
30,206-2,65509.25,"(18, 46)",taxation,6,0.25,False,True,False
30,242-2,29088.25,"(29, 11)",taxation,6,0.25,False,True,False
30,75-2,61238.0,"(15, 47)",taxation,6,0.25,False,True,False
30,74-2,75147.0,"(18, 37)",taxation,6,0.25,False,True,False
30,241-2,61215.5,"(37, 19)",taxation,6,0.25,False,True,False
30,42-2,48369.5,"(25, 35)",taxation,6,0.25,False,True,False
30,142-2,41921.75,"(37, 32)",taxation,6,0.25,False,True,False
30,172-2,70859.75,"(17, 23)",taxation,6,0.25,False,True,False
30,167-2,67659.75,"(41, 3)",taxation,6,0.25,False,True,False
30,38-2,67654.5,"(37, 18)",taxation,6,0.25,False,True,False
30,198-2,61238.5,"(11, 46)",taxation,6,0.25,False,True,False
30,0-2,45157.25,"(29, 7)",taxation,6,0.25,False,True,False
30,6-2,74070.0,"(19, 36)",taxation,6,0.25,False,True,False
30,76-2,64445.750000000015,"(16, 44)",taxation,6,0.25,False,True,False
30,144-2,64438.5,"(15, 46)",taxation,6,0.25,False,True,False
30,25-2,58006.0,"(4, 29)",taxation,6,0.25,False,True,False
30,40-2,70869.0,"(18, 35)",taxation,6,0.25,False,True,False
30,10-2,67641.25,"(35, 27)",taxation,6,0.25,False,True,False
30,180-2,64448.25,"(18, 47)",taxation,6,0.25,False,True,False
30,212-2,67633.75,"(38, 16)",taxation,6,0.25,False,True,False
30,63-2,61209.75,"(29, 30)",taxation,6,0.25,False,True,False
30,189-2,57998.5,"(0, 29)",taxation,6,0.25,False,True,False
30,54-2,64445.25,"(31, 7)",taxation,6,0.25,False,True,False
30,4-2,48339.25,"(27, 9)",taxation,6,0.25,False,True,False
30,83-2,70848.75,"(5, 38)",taxation,6,0.25,False,True,False
30,249-2,67634.0,"(23, 34)",taxation,6,0.25,False,True,False
30,22-2,74066.0,"(22, 9)",taxation,6,0.25,False,True,False
30,205-2,32279.75,"(34, 10)",taxation,6,0.25,False,True,False
30,156-2,48349.5,"(14, 47)",taxation,6,0.25,False,True,False
30,51-2,67628.5,"(3, 35)",taxation,6,0.25,False,True,False
30,133-2,57985.0,"(32, 26)",taxation,6,0.25,False,True,False
30,73-2,67643.25,"(1, 29)",taxation,6,0.25,False,True,False
30,56-2,64424.75,"(11, 47)",taxation,6,0.25,False,True,False
30,182-2,67629.25,"(16, 32)",taxation,6,0.25,False,True,False
30,71-2,70856.25,"(37, 7)",taxation,6,0.25,False,True,False
30,91-2,70843.75,"(28, 10)",taxation,6,0.25,False,True,False
30,226-2,64405.75,"(27, 12)",taxation,6,0.25,False,True,False
30,225-2,67625.75,"(1, 38)",taxation,6,0.25,False,True,False
30,148-2,51547.25,"(6, 38)",taxation,6,0.25,False,True,False
30,16-2,74075.5,"(32, 28)",taxation,6,0.25,False,True,False
30,111-2,70838.25,"(16, 25)",taxation,6,0.25,False,True,False
30,134-2,64424.0,"(40, 12)",taxation,6,0.25,False,True,False
30,168-2,70848.5,"(29, 9)",taxation,6,0.25,False,True,False
30,106-2,61221.75,"(38, 2)",taxation,6,0.25,False,True,False
30,162-2,67631.5,"(40, 3)",taxation,6,0.25,False,True,False
30,214-2,41908.0,"(34, 18)",taxation,6,0.25,False,True,False
30,110-2,74044.0,"(16, 46)",taxation,6,0.25,False,True,False
30,95-2,74049.5,"(30, 36)",taxation,6,0.25,False,True,False
30,122-2,54765.25,"(23, 33)",taxation,6,0.25,False,True,False
30,231-2,41904.75,"(27, 11)",taxation,6,0.25,False,True,False
30,100-2,64416.75,"(29, 5)",taxation,6,0.25,False,True,False
30,141-2,51565.5,"(22, 34)",taxation,6,0.25,False,True,False
30,165-2,77273.0,"(38, 4)",taxation,6,0.25,False,True,False
30,186-2,61205.25,"(16, 5)",taxation,6,0.25,False,True,False
30,201-2,45120.25,"(21, 35)",taxation,6,0.25,False,True,False
30,21-2,61200.25,"(30, 29)",taxation,6,0.25,False,True,False
30,183-2,45119.75,"(32, 35)",taxation,6,0.25,False,True,False
30,203-2,77255.25,"(32, 27)",taxation,6,0.25,False,True,False
30,32-2,70823.75,"(0, 37)",taxation,6,0.25,False,True,False
30,115-2,70829.75,"(37, 3)",taxation,6,0.25,False,True,False
30,169-2,51557.0,"(16, 31)",taxation,6,0.25,False,True,False
30,78-2,61190.25,"(27, 10)",taxation,6,0.25,False,True,False
30,137-2,57976.5,"(24, 10)",taxation,6,0.25,False,True,False
30,55-2,70825.25,"(18, 28)",taxation,6,0.25,False,True,False
30,112-2,70835.5,"(15, 45)",taxation,6,0.25,False,True,False
30,193-2,57984.5,"(18, 26)",taxation,6,0.25,False,True,False
30,50-2,74051.5,"(19, 34)",taxation,6,0.25,False,True,False
30,53-2,41900.25,"(34, 11)",taxation,6,0.25,False,True,False
30,5-2,29040.5,"(31, 27)",taxation,6,0.25,False,True,False
30,247-2,57983.0,"(17, 30)",taxation,6,0.25,False,True,False
30,147-2,64407.75,"(47, 7)",taxation,6,0.25,False,True,False
30,145-2,67615.0,"(31, 28)",taxation,6,0.25,False,True,False
31,2,85869.0,"(16, 49)",taxation,6,0.25,False,True,False
31,3,51574.0,"(2, 41)",taxation,6,0.25,False,True,False
31,7,64442.0,"(6, 35)",taxation,6,0.25,False,True,False
31,8,85899.0,"(24, 30)",taxation,6,0.25,False,True,False
31,9,73037.0,"(23, 12)",taxation,6,0.25,False,True,False
31,11,68717.0,"(0, 40)",taxation,6,0.25,False,True,False
31,12,81595.0,"(28, 13)",taxation,6,0.25,False,True,False
31,13,81599.0,"(10, 28)",taxation,6,0.25,False,True,False
31,14,21580.0,"(9, 28)",taxation,6,0.25,False,True,False
31,15,77328.0,"(33, 12)",taxation,6,0.25,False,True,False
31,18,98744.0,"(40, 18)",taxation,6,0.25,False,True,False
31,19,90152.0,"(19, 28)",taxation,6,0.25,False,True,False
31,20,81595.0,"(32, 3)",taxation,6,0.25,False,True,False
31,24,68749.0,"(43, 11)",taxation,6,0.25,False,True,False
31,26,68752.0,"(21, 30)",taxation,6,0.25,False,True,False
31,27,77310.0,"(32, 13)",taxation,6,0.25,False,True,False
31,29,85877.0,"(18, 32)",taxation,6,0.25,False,True,False
31,30,98741.0,"(20, 30)",taxation,6,0.25,False,True,False
31,33,68756.0,"(31, 13)",taxation,6,0.25,False,True,False
31,34,77304.0,"(18, 48)",taxation,6,0.25,False,True,False
31,35,85898.0,"(19, 32)",taxation,6,0.25,False,True,False
31,36,64439.0,"(19, 25)",taxation,6,0.25,False,True,False
31,37,90176.0,"(42, 14)",taxation,6,0.25,False,True,False
31,39,60153.0,"(26, 15)",taxation,6,0.25,False,True,False
31,43,85885.0,"(32, 9)",taxation,6,0.25,False,True,False
31,44,55886.0,"(34, 15)",taxation,6,0.25,False,True,False
31,45,90156.0,"(22, 26)",taxation,6,0.25,False,True,False
31,46,60167.0,"(35, 15)",taxation,6,0.25,False,True,False
31,47,60168.0,"(18, 23)",taxation,6,0.25,False,True,False
31,48,90144.0,"(31, 26)",taxation,6,0.25,False,True,False
31,49,81612.0,"(22, 25)",taxation,6,0.25,False,True,False
31,52,64443.0,"(33, 14)",taxation,6,0.25,False,True,False
31,57,77298.0,"(34, 8)",taxation,6,0.25,False,True,False
31,58,90133.0,"(5, 24)",taxation,6,0.25,False,True,False
31,59,77298.0,"(3, 44)",taxation,6,0.25,False,True,False
31,60,90162.0,"(32, 20)",taxation,6,0.25,False,True,False
31,61,103019.0,"(22, 28)",taxation,6,0.25,False,True,False
31,62,85901.0,"(23, 31)",taxation,6,0.25,False,True,False
31,64,85878.0,"(35, 2)",taxation,6,0.25,False,True,False
31,65,98726.0,"(29, 29)",taxation,6,0.25,False,True,False
31,66,94452.0,"(25, 31)",taxation,6,0.25,False,True,False
31,67,64440.0,"(7, 35)",taxation,6,0.25,False,True,False
31,68,73023.0,"(14, 34)",taxation,6,0.25,False,True,False
31,69,94462.0,"(13, 48)",taxation,6,0.25,False,True,False
31,70,90179.0,"(20, 28)",taxation,6,0.25,False,True,False
31,72,98716.0,"(17, 49)",taxation,6,0.25,False,True,False
31,77,73013.0,"(0, 41)",taxation,6,0.25,False,True,False
31,79,81585.0,"(1, 40)",taxation,6,0.25,False,True,False
31,80,94438.0,"(41, 16)",taxation,6,0.25,False,True,False
31,81,81620.0,"(35, 14)",taxation,6,0.25,False,True,False
31,82,90157.0,"(20, 25)",taxation,6,0.25,False,True,False
31,84,85892.0,"(10, 48)",taxation,6,0.25,False,True,False
31,85,77303.0,"(42, 11)",taxation,6,0.25,False,True,False
31,86,85895.0,"(24, 33)",taxation,6,0.25,False,True,False
31,87,85863.0,"(23, 30)",taxation,6,0.25,False,True,False
31,88,85880.0,"(33, 17)",taxation,6,0.25,False,True,False
31,89,90177.0,"(15, 49)",taxation,6,0.25,False,True,False
31,90,77331.0,"(41, 11)",taxation,6,0.25,False,True,False
31,92,94434.0,"(22, 31)",taxation,6,0.25,False,True,False
31,93,38723.0,"(33, 22)",taxation,6,0.25,False,True,False
31,96,98737.0,"(21, 32)",taxation,6,0.25,False,True,False
31,97,68726.0,"(30, 28)",taxation,6,0.25,False,True,False
31,99,81575.0,"(33, 25)",taxation,6,0.25,False,True,False
31,101,85904.0,"(33, 2)",taxation,6,0.25,False,True,False
31,102,60151.0,"(20, 47)",taxation,6,0.25,False,True,False
31,103,85871.0,"(28, 15)",taxation,6,0.25,False,True,False
31,104,81616.0,"(29, 14)",taxation,6,0.25,False,True,False
31,105,77311.0,"(22, 17)",taxation,6,0.25,False,True,False
31,107,94443.0,"(39, 19)",taxation,6,0.25,False,True,False
31,108,47305.0,"(5, 42)",taxation,6,0.25,False,True,False
31,109,85900.0,"(2, 42)",taxation,6,0.25,False,True,False
31,113,90145.0,"(20, 16)",taxation,6,0.25,False,True,False
31,114,98734.0,"(41, 14)",taxation,6,0.25,False,True,False
31,116,94472.0,"(23, 29)",taxation,6,0.25,False,True,False
31,117,77304.0,"(27, 38)",taxation,6,0.25,False,True,False
31,118,94454.0,"(41, 17)",taxation,6,0.25,False,True,False
31,119,85885.0,"(29, 3)",taxation,6,0.25,False,True,False
31,121,85904.0,"(18, 29)",taxation,6,0.25,False,True,False
31,123,98748.0,"(30, 16)",taxation,6,0.25,False,True,False
31,124,81595.0,"(29, 12)",taxation,6,0.25,False,True,False
31,126,85861.0,"(32, 21)",taxation,6,0.25,False,True,False
31,127,90151.0,"(35, 16)",taxation,6,0.25,False,True,False
31,128,94455.0,"(35, 21)",taxation,6,0.25,False,True,False
31,129,81613.0,"(33, 8)",taxation,6,0.25,False,True,False
31,130,94455.0,"(30, 32)",taxation,6,0.25,False,True,False
31,131,85885.0,"(19, 22)",taxation,6,0.25,False,True,False
31,132,94441.0,"(35, 25)",taxation,6,0.25,False,True,False
31,135,85877.0,"(19, 47)",taxation,6,0.25,False,True,False
31,136,68735.0,"(30, 27)",taxation,6,0.25,False,True,False
31,138,90160.0,"(19, 20)",taxation,6,0.25,False,True,False
31,143,85862.0,"(20, 27)",taxation,6,0.25,False,True,False
31,150,73008.0,"(5, 30)",taxation,6,0.25,False,True,False
31,151,68736.0,"(28, 28)",taxation,6,0.25,False,True,False
31,152,90175.0,"(14, 49)",taxation,6,0.25,False,True,False
31,153,43001.0,"(33, 27)",taxation,6,0.25,False,True,False
31,155,90175.0,"(36, 15)",taxation,6,0.25,False,True,False
31,157,81585.0,"(7, 36)",taxation,6,0.25,False,True,False
31,159,68747.0,"(40, 19)",taxation,6,0.25,False,True,False
31,160,77314.0,"(22, 30)",taxation,6,0.25,False,True,False
31,161,73012.0,"(27, 13)",taxation,6,0.25,False,True,False
31,163,103024.0,"(17, 48)",taxation,6,0.25,False,True,False
31,164,90176.0,"(31, 4)",taxation,6,0.25,False,True,False
31,166,81608.0,"(30, 4)",taxation,6,0.25,False,True,False
31,171,85901.0,"(24, 32)",taxation,6,0.25,False,True,False
31,174,94442.0,"(39, 16)",taxation,6,0.25,False,True,False
31,175,73020.0,"(40, 4)",taxation,6,0.25,False,True,False
31,177,85903.0,"(38, 20)",taxation,6,0.25,False,True,False
31,178,94460.0,"(37, 2)",taxation,6,0.25,False,True,False
31,181,85884.00000000001,"(25, 30)",taxation,6,0.25,False,True,False
31,184,85865.0,"(4, 30)",taxation,6,0.25,False,True,False
31,185,85874.0,"(23, 32)",taxation,6,0.25,False,True,False
31,188,85895.0,"(20, 32)",taxation,6,0.25,False,True,False
31,190,85898.0,"(21, 26)",taxation,6,0.25,False,True,False
31,191,98719.0,"(33, 21)",taxation,6,0.25,False,True,False
31,192,77330.0,"(32, 2)",taxation,6,0.25,False,True,False
31,194,77326.0,"(0, 39)",taxation,6,0.25,False,True,False
31,195,38725.0,"(32, 18)",taxation,6,0.25,False,True,False
31,196,60166.0,"(24, 28)",taxation,6,0.25,False,True,False
31,197,68717.0,"(3, 42)",taxation,6,0.25,False,True,False
31,199,98715.0,"(28, 3)",taxation,6,0.25,False,True,False
31,200,81582.0,"(21, 10)",taxation,6,0.25,False,True,False
31,202,98724.0,"(32, 14)",taxation,6,0.25,False,True,False
31,204,94446.0,"(40, 17)",taxation,6,0.25,False,True,False
31,209,98747.0,"(44, 8)",taxation,6,0.25,False,True,False
31,210,103008.0,"(24, 31)",taxation,6,0.25,False,True,False
31,211,55874.0,"(26, 30)",taxation,6,0.25,False,True,False
31,213,85899.0,"(6, 41)",taxation,6,0.25,False,True,False
31,215,94442.0,"(28, 38)",taxation,6,0.25,False,True,False
31,216,94448.0,"(20, 26)",taxation,6,0.25,False,True,False
31,217,51585.0,"(13, 37)",taxation,6,0.25,False,True,False
31,218,98735.0,"(27, 35)",taxation,6,0.25,False,True,False
31,220,94449.0,"(27, 29)",taxation,6,0.25,False,True,False
31,221,81592.0,"(33, 11)",taxation,6,0.25,False,True,False
31,222,85892.0,"(2, 25)",taxation,6,0.25,False,True,False
31,223,60146.0,"(16, 30)",taxation,6,0.25,False,True,False
31,224,73030.0,"(34, 21)",taxation,6,0.25,False,True,False
31,227,94442.0,"(37, 20)",taxation,6,0.25,False,True,False
31,229,94463.0,"(25, 28)",taxation,6,0.25,False,True,False
31,230,68752.0,"(5, 39)",taxation,6,0.25,False,True,False
31,232,51585.0,"(17, 31)",taxation,6,0.25,False,True,False
31,233,81591.0,"(37, 17)",taxation,6,0.25,False,True,False
31,234,90150.0,"(5, 25)",taxation,6,0.25,False,True,False
31,235,85889.0,"(31, 12)",taxation,6,0.25,False,True,False
31,236,85877.0,"(31, 9)",taxation,6,0.25,False,True,False
31,237,68721.0,"(29, 32)",taxation,6,0.25,False,True,False
31,238,85906.0,"(32, 22)",taxation,6,0.25,False,True,False
31,239,85865.0,"(7, 34)",taxation,6,0.25,False,True,False
31,243,81592.0,"(32, 15)",taxation,6,0.25,False,True,False
31,244,98749.0,"(5, 40)",taxation,6,0.25,False,True,False
31,245,94456.0,"(13, 47)",taxation,6,0.25,False,True,False
31,248,85881.0,"(30, 3)",taxation,6,0.25,False,True,False
31,219-2,75152.0,"(35, 3)",taxation,6,0.25,False,True,False
31,158-2,62294.0,"(37, 15)",taxation,6,0.25,False,True,False
31,139-2,77301.25,"(7, 41)",taxation,6,0.25,False,True,False
31,179-2,55902.5,"(44, 15)",taxation,6,0.25,False,True,False
31,28-2,59116.25,"(32, 11)",taxation,6,0.25,False,True,False
31,187-2,34438.0,"(28, 35)",taxation,6,0.25,False,True,False
31,146-2,25877.0,"(36, 17)",taxation,6,0.25,False,True,False
31,94-2,21598.0,"(4, 42)",taxation,6,0.25,False,True,False
31,154-2,30159.0,"(12, 47)",taxation,6,0.25,False,True,False
31,173-2,17296.0,"(31, 24)",taxation,6,0.25,False,True,False
31,240-2,21573.0,"(30, 31)",taxation,6,0.25,False,True,False
31,246-2,64450.0,"(20, 29)",taxation,6,0.25,False,True,False
31,98-2,34462.0,"(37, 16)",taxation,6,0.25,False,True,False
31,140-2,192.0,"(25, 32)",taxation,6,0.25,False,True,False
31,176-2,186.0,"(21, 29)",taxation,6,0.25,False,True,False
31,208-2,68730.25,"(21, 28)",taxation,6,0.25,False,True,False
31,170-2,59099.75,"(28, 29)",taxation,6,0.25,False,True,False
31,1-2,49433.25,"(23, 27)",taxation,6,0.25,False,True,False
31,23-2,69828.0,"(33, 7)",taxation,6,0.25,False,True,False
31,17-2,70862.5,"(36, 16)",taxation,6,0.25,False,True,False
31,31-2,77293.5,"(28, 33)",taxation,6,0.25,False,True,False
31,228-2,50516.0,"(28, 30)",taxation,6,0.25,False,True,False
31,149-2,58037.0,"(10, 47)",taxation,6,0.25,False,True,False
31,206-2,65517.25,"(14, 48)",taxation,6,0.25,False,True,False
31,242-2,29097.25,"(31, 14)",taxation,6,0.25,False,True,False
31,75-2,61246.0,"(9, 48)",taxation,6,0.25,False,True,False
31,74-2,75154.0,"(21, 37)",taxation,6,0.25,False,True,False
31,241-2,61223.5,"(35, 17)",taxation,6,0.25,False,True,False
31,42-2,48376.5,"(28, 32)",taxation,6,0.25,False,True,False
31,142-2,41928.75,"(34, 27)",taxation,6,0.25,False,True,False
31,172-2,70867.75,"(18, 22)",taxation,6,0.25,False,True,False
31,167-2,67665.75,"(35, 0)",taxation,6,0.25,False,True,False
31,38-2,67663.5,"(33, 15)",taxation,6,0.25,False,True,False
31,198-2,61246.5,"(9, 47)",taxation,6,0.25,False,True,False
31,0-2,45166.25,"(32, 7)",taxation,6,0.25,False,True,False
31,6-2,74076.0,"(25, 34)",taxation,6,0.25,False,True,False
31,76-2,64453.750000000015,"(12, 48)",taxation,6,0.25,False,True,False
31,144-2,64445.5,"(16, 48)",taxation,6,0.25,False,True,False
31,25-2,58011.0,"(8, 35)",taxation,6,0.25,False,True,False
31,40-2,70877.0,"(21, 31)",taxation,6,0.25,False,True,False
31,10-2,67649.25,"(31, 22)",taxation,6,0.25,False,True,False
31,180-2,64455.25,"(18, 49)",taxation,6,0.25,False,True,False
31,212-2,67642.75,"(34, 13)",taxation,6,0.25,False,True,False
31,63-2,61216.75,"(29, 28)",taxation,6,0.25,False,True,False
31,189-2,58002.5,"(6, 24)",taxation,6,0.25,False,True,False
31,54-2,64453.25,"(28, 4)",taxation,6,0.25,False,True,False
31,4-2,48347.25,"(23, 13)",taxation,6,0.25,False,True,False
31,83-2,70855.75,"(6, 40)",taxation,6,0.25,False,True,False
31,249-2,67641.0,"(27, 33)",taxation,6,0.25,False,True,False
31,22-2,74074.0,"(22, 10)",taxation,6,0.25,False,True,False
31,205-2,32288.75,"(32, 12)",taxation,6,0.25,False,True,False
31,156-2,48356.5,"(12, 49)",taxation,6,0.25,False,True,False
31,51-2,67634.5,"(7, 40)",taxation,6,0.25,False,True,False
31,133-2,57993.0,"(32, 23)",taxation,6,0.25,False,True,False
31,73-2,67647.25,"(0, 23)",taxation,6,0.25,False,True,False
31,56-2,64432.75,"(11, 48)",taxation,6,0.25,False,True,False
31,182-2,67636.25,"(18, 30)",taxation,6,0.25,False,True,False
31,71-2,70864.25,"(36, 2)",taxation,6,0.25,False,True,False
31,91-2,70851.75,"(26, 14)",taxation,6,0.25,False,True,False
31,226-2,64413.75,"(27, 16)",taxation,6,0.25,False,True,False
31,225-2,67632.75,"(1, 41)",taxation,6,0.25,False,True,False
31,148-2,51554.25,"(3, 43)",taxation,6,0.25,False,True,False
31,16-2,74083.5,"(31, 23)",taxation,6,0.25,False,True,False
31,111-2,70846.25,"(18, 24)",taxation,6,0.25,False,True,False
31,134-2,64432.0,"(41, 18)",taxation,6,0.25,False,True,False
31,168-2,70856.5,"(27, 15)",taxation,6,0.25,False,True,False
31,106-2,61230.75,"(32, 8)",taxation,6,0.25,False,True,False
31,162-2,67638.5,"(35, 1)",taxation,6,0.25,False,True,False
31,214-2,41916.0,"(34, 17)",taxation,6,0.25,False,True,False
31,110-2,74052.0,"(15, 48)",taxation,6,0.25,False,True,False
31,95-2,74056.5,"(28, 34)",taxation,6,0.25,False,True,False
31,122-2,54772.25,"(26, 31)",taxation,6,0.25,False,True,False
31,231-2,41912.75,"(28, 14)",taxation,6,0.25,False,True,False
31,100-2,64423.75,"(27, 3)",taxation,6,0.25,False,True,False
31,141-2,51573.5,"(22, 32)",taxation,6,0.25,False,True,False
31,165-2,77281.0,"(34, 2)",taxation,6,0.25,False,True,False
31,186-2,61213.25,"(22, 11)",taxation,6,0.25,False,True,False
31,201-2,45128.25,"(24, 29)",taxation,6,0.25,False,True,False
31,21-2,61208.25,"(26, 29)",taxation,6,0.25,False,True,False
31,183-2,45127.75,"(27, 30)",taxation,6,0.25,False,True,False
31,203-2,77263.25,"(30, 23)",taxation,6,0.25,False,True,False
31,32-2,70830.75,"(2, 43)",taxation,6,0.25,False,True,False
31,115-2,70837.75,"(31, 2)",taxation,6,0.25,False,True,False
31,169-2,51565.0,"(22, 29)",taxation,6,0.25,False,True,False
31,78-2,61198.25,"(27, 14)",taxation,6,0.25,False,True,False
31,137-2,57984.5,"(23, 10)",taxation,6,0.25,False,True,False
31,55-2,70832.25,"(21, 27)",taxation,6,0.25,False,True,False
31,112-2,70843.5,"(13, 49)",taxation,6,0.25,False,True,False
31,193-2,57992.5,"(19, 27)",taxation,6,0.25,False,True,False
31,50-2,74059.5,"(25, 29)",taxation,6,0.25,False,True,False
31,53-2,41908.25,"(34, 16)",taxation,6,0.25,False,True,False
31,5-2,29048.5,"(28, 27)",taxation,6,0.25,False,True,False
31,247-2,57990.0,"(21, 25)",taxation,6,0.25,False,True,False
31,147-2,64413.75,"(45, 9)",taxation,6,0.25,False,True,False
31,145-2,67623.0,"(29, 27)",taxation,6,0.25,False,True,False
31,207-2,51546.75,"(30, 10)",taxation,6,0.25,False,True,False
31,120-2,74028.0,"(2, 39)",taxation,6,0.25,False,True,False
31,125-2,70842.0,"(19, 31)",taxation,6,0.25,False,True,False
31,41-2,70848.0,"(28, 37)",taxation,6,0.25,False,True,False
32,2,85876.0,"(21, 48)",taxation,6,0.25,False,True,False
32,3,51581.0,"(5, 47)",taxation,6,0.25,False,True,False
32,7,64448.0,"(12, 34)",taxation,6,0.25,False,True,False
32,8,85906.0,"(21, 24)",taxation,6,0.25,False,True,False
32,9,73046.0,"(22, 13)",taxation,6,0.25,False,True,False
32,11,68724.0,"(1, 46)",taxation,6,0.25,False,True,False
32,12,81604.0,"(26, 16)",taxation,6,0.25,False,True,False
32,13,81606.0,"(15, 23)",taxation,6,0.25,False,True,False
32,14,21587.0,"(14, 28)",taxation,6,0.25,False,True,False
32,15,77337.0,"(27, 18)",taxation,6,0.25,False,True,False
32,18,98752.0,"(40, 20)",taxation,6,0.25,False,True,False
32,19,90160.0,"(22, 22)",taxation,6,0.25,False,True,False
32,20,81601.0,"(29, 1)",taxation,6,0.25,False,True,False
32,24,68757.0,"(43, 15)",taxation,6,0.25,False,True,False
32,26,68760.0,"(23, 25)",taxation,6,0.25,False,True,False
32,27,77319.0,"(29, 17)",taxation,6,0.25,False,True,False
32,29,85884.0,"(17, 28)",taxation,6,0.25,False,True,False
32,30,98749.0,"(23, 24)",taxation,6,0.25,False,True,False
32,33,68764.0,"(31, 19)",taxation,6,0.25,False,True,False
32,34,77311.0,"(21, 46)",taxation,6,0.25,False,True,False
32,35,85905.0,"(22, 27)",taxation,6,0.25,False,True,False
32,36,64447.0,"(21, 21)",taxation,6,0.25,False,True,False
32,37,90184.0,"(43, 16)",taxation,6,0.25,False,True,False
32,39,60161.0,"(24, 15)",taxation,6,0.25,False,True,False
32,43,85892.0,"(30, 14)",taxation,6,0.25,False,True,False
32,44,55894.0,"(30, 18)",taxation,6,0.25,False,True,False
32,45,90164.0,"(24, 24)",taxation,6,0.25,False,True,False
32,46,60176.0,"(29, 16)",taxation,6,0.25,False,True,False
32,47,60176.0,"(16, 21)",taxation,6,0.25,False,True,False
32,48,90153.0,"(31, 21)",taxation,6,0.25,False,True,False
32,49,81620.0,"(24, 23)",taxation,6,0.25,False,True,False
32,52,64451.0,"(31, 17)",taxation,6,0.25,False,True,False
32,57,77305.0,"(33, 3)",taxation,6,0.25,False,True,False
32,58,90139.0,"(9, 21)",taxation,6,0.25,False,True,False
32,59,77305.0,"(3, 46)",taxation,6,0.25,False,True,False
32,60,90170.0,"(33, 20)",taxation,6,0.25,False,True,False
32,61,103027.0,"(25, 23)",taxation,6,0.25,False,True,False
32,62,85909.0,"(24, 27)",taxation,6,0.25,False,True,False
32,64,85884.0,"(40, 2)",taxation,6,0.25,False,True,False
32,65,98734.0,"(27, 28)",taxation,6,0.25,False,True,False
32,66,94460.0,"(27, 25)",taxation,6,0.25,False,True,False
32,67,64447.0,"(12, 29)",taxation,6,0.25,False,True,False
32,69,94468.0,"(9, 43)",taxation,6,0.25,False,True,False
32,70,90187.0,"(23, 23)",taxation,6,0.25,False,True,False
32,72,98723.0,"(20, 49)",taxation,6,0.25,False,True,False
32,77,73020.0,"(1, 45)",taxation,6,0.25,False,True,False
32,79,81592.0,"(2, 46)",taxation,6,0.25,False,True,False
32,80,94446.0,"(42, 17)",taxation,6,0.25,False,True,False
32,81,81627.0,"(32, 16)",taxation,6,0.25,False,True,False
32,82,90165.0,"(22, 21)",taxation,6,0.25,False,True,False
32,84,85899.0,"(6, 48)",taxation,6,0.25,False,True,False
32,85,77311.0,"(42, 16)",taxation,6,0.25,False,True,False
32,86,85903.0,"(27, 27)",taxation,6,0.25,False,True,False
32,87,85870.0,"(23, 28)",taxation,6,0.25,False,True,False
32,88,85888.0,"(32, 19)",taxation,6,0.25,False,True,False
32,89,90183.0,"(21, 45)",taxation,6,0.25,False,True,False
32,90,77338.0,"(42, 12)",taxation,6,0.25,False,True,False
32,92,94442.0,"(24, 26)",taxation,6,0.25,False,True,False
32,93,38732.0,"(31, 20)",taxation,6,0.25,False,True,False
32,96,98744.0,"(19, 26)",taxation,6,0.25,False,True,False
32,97,68734.0,"(26, 22)",taxation,6,0.25,False,True,False
32,99,81583.0,"(31, 25)",taxation,6,0.25,False,True,False
32,101,85911.0,"(33, 1)",taxation,6,0.25,False,True,False
32,102,60157.0,"(22, 47)",taxation,6,0.25,False,True,False
32,103,85879.0,"(25, 17)",taxation,6,0.25,False,True,False
32,104,81625.0,"(23, 14)",taxation,6,0.25,False,True,False
32,105,77319.0,"(21, 17)",taxation,6,0.25,False,True,False
32,107,94452.0,"(33, 19)",taxation,6,0.25,False,True,False
32,108,47312.0,"(4, 44)",taxation,6,0.25,False,True,False
32,109,85907.0,"(3, 45)",taxation,6,0.25,False,True,False
32,114,98742.0,"(43, 17)",taxation,6,0.25,False,True,False
32,116,94480.0,"(25, 27)",taxation,6,0.25,False,True,False
32,117,77311.0,"(29, 38)",taxation,6,0.25,False,True,False
32,118,94461.0,"(40, 16)",taxation,6,0.25,False,True,False
32,119,85891.0,"(28, 6)",taxation,6,0.25,False,True,False
32,121,85911.0,"(16, 27)",taxation,6,0.25,False,True,False
32,123,98756.0,"(30, 17)",taxation,6,0.25,False,True,False
32,124,81604.0,"(28, 16)",taxation,6,0.25,False,True,False
32,126,85869.0,"(30, 21)",taxation,6,0.25,False,True,False
32,127,90159.0,"(39, 15)",taxation,6,0.25,False,True,False
32,128,94464.0,"(29, 19)",taxation,6,0.25,False,True,False
32,129,81620.0,"(33, 13)",taxation,6,0.25,False,True,False
32,130,94462.0,"(31, 32)",taxation,6,0.25,False,True,False
32,131,85893.0,"(20, 20)",taxation,6,0.25,False,True,False
32,132,94449.0,"(30, 25)",taxation,6,0.25,False,True,False
32,135,85884.0,"(20, 48)",taxation,6,0.25,False,True,False
32,136,68743.0,"(29, 23)",taxation,6,0.25,False,True,False
32,138,90169.0,"(19, 15)",taxation,6,0.25,False,True,False
32,143,85870.0,"(24, 21)",taxation,6,0.25,False,True,False
32,150,73014.0,"(11, 28)",taxation,6,0.25,False,True,False
32,151,68744.0,"(28, 26)",taxation,6,0.25,False,True,False
32,152,90181.0,"(8, 44)",taxation,6,0.25,False,True,False
32,153,43009.0,"(30, 26)",taxation,6,0.25,False,True,False
32,155,90182.0,"(33, 16)",taxation,6,0.25,False,True,False
32,157,81591.0,"(11, 33)",taxation,6,0.25,False,True,False
32,159,68755.0,"(41, 19)",taxation,6,0.25,False,True,False
32,160,77322.0,"(25, 25)",taxation,6,0.25,False,True,False
32,163,103030.0,"(22, 48)",taxation,6,0.25,False,True,False
32,164,90182.0,"(30, 7)",taxation,6,0.25,False,True,False
32,166,81615.0,"(30, 1)",taxation,6,0.25,False,True,False
32,171,85908.0,"(29, 34)",taxation,6,0.25,False,True,False
32,174,94450.0,"(44, 19)",taxation,6,0.25,False,True,False
32,175,73026.0,"(38, 10)",taxation,6,0.25,False,True,False
32,177,85911.0,"(43, 19)",taxation,6,0.25,False,True,False
32,178,94466.0,"(37, 1)",taxation,6,0.25,False,True,False
32,181,85892.00000000001,"(29, 25)",taxation,6,0.25,False,True,False
32,184,85870.0,"(9, 33)",taxation,6,0.25,False,True,False
32,185,85881.0,"(26, 33)",taxation,6,0.25,False,True,False
32,188,85903.0,"(25, 26)",taxation,6,0.25,False,True,False
32,190,85906.0,"(24, 22)",taxation,6,0.25,False,True,False
32,191,98727.0,"(30, 20)",taxation,6,0.25,False,True,False
32,192,77337.0,"(28, 1)",taxation,6,0.25,False,True,False
32,194,77332.0,"(0, 45)",taxation,6,0.25,False,True,False
32,195,38733.0,"(29, 20)",taxation,6,0.25,False,True,False
32,196,60174.0,"(26, 23)",taxation,6,0.25,False,True,False
32,197,68725.0,"(7, 47)",taxation,6,0.25,False,True,False
32,199,98723.0,"(28, 2)",taxation,6,0.25,False,True,False
32,200,81591.0,"(21, 12)",taxation,6,0.25,False,True,False
32,202,98732.0,"(26, 18)",taxation,6,0.25,False,True,False
32,204,94454.0,"(42, 19)",taxation,6,0.25,False,True,False
32,210,103016.0,"(26, 25)",taxation,6,0.25,False,True,False
32,211,55881.0,"(31, 29)",taxation,6,0.25,False,True,False
32,213,85906.0,"(5, 46)",taxation,6,0.25,False,True,False
32,215,94449.0,"(29, 36)",taxation,6,0.25,False,True,False
32,216,94456.0,"(23, 22)",taxation,6,0.25,False,True,False
32,217,51591.0,"(14, 38)",taxation,6,0.25,False,True,False
32,218,98742.0,"(28, 36)",taxation,6,0.25,False,True,False
32,220,94457.0,"(27, 23)",taxation,6,0.25,False,True,False
32,221,81599.0,"(34, 14)",taxation,6,0.25,False,True,False
32,222,85897.0,"(4, 21)",taxation,6,0.25,False,True,False
32,223,60153.0,"(14, 29)",taxation,6,0.25,False,True,False
32,224,73039.0,"(30, 19)",taxation,6,0.25,False,True,False
32,227,94450.0,"(34, 20)",taxation,6,0.25,False,True,False
32,229,94471.0,"(26, 27)",taxation,6,0.25,False,True,False
32,230,68759.0,"(5, 45)",taxation,6,0.25,False,True,False
32,232,51592.0,"(15, 29)",taxation,6,0.25,False,True,False
32,233,81598.0,"(38, 19)",taxation,6,0.25,False,True,False
32,234,90156.0,"(10, 22)",taxation,6,0.25,False,True,False
32,235,85896.0,"(31, 15)",taxation,6,0.25,False,True,False
32,236,85884.0,"(29, 13)",taxation,6,0.25,False,True,False
32,237,68728.0,"(30, 33)",taxation,6,0.25,False,True,False
32,238,85914.0,"(28, 21)",taxation,6,0.25,False,True,False
32,239,85872.0,"(13, 28)",taxation,6,0.25,False,True,False
32,243,81601.0,"(31, 18)",taxation,6,0.25,False,True,False
32,244,98755.0,"(6, 42)",taxation,6,0.25,False,True,False
32,245,94464.0,"(8, 48)",taxation,6,0.25,False,True,False
32,248,85889.0,"(30, 2)",taxation,6,0.25,False,True,False
32,219-2,75158.0,"(34, 4)",taxation,6,0.25,False,True,False
32,158-2,62301.0,"(39, 17)",taxation,6,0.25,False,True,False
32,139-2,77308.25,"(4, 46)",taxation,6,0.25,False,True,False
32,179-2,55910.5,"(43, 18)",taxation,6,0.25,False,True,False
32,28-2,59123.25,"(30, 12)",taxation,6,0.25,False,True,False
32,187-2,34445.0,"(29, 35)",taxation,6,0.25,False,True,False
32,146-2,25884.0,"(35, 18)",taxation,6,0.25,False,True,False
32,94-2,21605.0,"(6, 47)",taxation,6,0.25,False,True,False
32,154-2,30167.0,"(10, 49)",taxation,6,0.25,False,True,False
32,173-2,17304.0,"(28, 23)",taxation,6,0.25,False,True,False
32,240-2,21580.0,"(29, 31)",taxation,6,0.25,False,True,False
32,246-2,64457.0,"(20, 24)",taxation,6,0.25,False,True,False
32,98-2,34470.0,"(41, 20)",taxation,6,0.25,False,True,False
32,140-2,199.0,"(27, 31)",taxation,6,0.25,False,True,False
32,176-2,194.0,"(25, 24)",taxation,6,0.25,False,True,False
32,208-2,68738.25,"(24, 25)",taxation,6,0.25,False,True,False
32,170-2,59107.75,"(27, 26)",taxation,6,0.25,False,True,False
32,1-2,49441.25,"(25, 22)",taxation,6,0.25,False,True,False
32,23-2,69834.0,"(33, 9)",taxation,6,0.25,False,True,False
32,17-2,70869.5,"(36, 19)",taxation,6,0.25,False,True,False
32,31-2,77300.5,"(29, 33)",taxation,6,0.25,False,True,False
32,228-2,50523.0,"(31, 30)",taxation,6,0.25,False,True,False
32,149-2,58045.0,"(8, 49)",taxation,6,0.25,False,True,False
32,206-2,65524.25,"(11, 44)",taxation,6,0.25,False,True,False
32,242-2,29105.25,"(27, 19)",taxation,6,0.25,False,True,False
32,75-2,61253.0,"(7, 49)",taxation,6,0.25,False,True,False
32,74-2,75160.0,"(21, 33)",taxation,6,0.25,False,True,False
32,241-2,61231.5,"(34, 19)",taxation,6,0.25,False,True,False
32,42-2,48383.5,"(28, 31)",taxation,6,0.25,False,True,False
32,142-2,41936.75,"(29, 21)",taxation,6,0.25,False,True,False
32,172-2,70875.75,"(17, 20)",taxation,6,0.25,False,True,False
32,167-2,67673.75,"(31, 3)",taxation,6,0.25,False,True,False
32,38-2,67671.5,"(28, 20)",taxation,6,0.25,False,True,False
32,198-2,61253.5,"(7, 48)",taxation,6,0.25,False,True,False
32,0-2,45173.25,"(30, 13)",taxation,6,0.25,False,True,False
32,6-2,74083.0,"(26, 34)",taxation,6,0.25,False,True,False
32,76-2,64461.750000000015,"(9, 49)",taxation,6,0.25,False,True,False
32,144-2,64452.5,"(19, 49)",taxation,6,0.25,False,True,False
32,25-2,58018.0,"(14, 30)",taxation,6,0.25,False,True,False
32,40-2,70884.0,"(16, 26)",taxation,6,0.25,False,True,False
32,10-2,67657.25,"(29, 22)",taxation,6,0.25,False,True,False
32,180-2,64462.25,"(21, 47)",taxation,6,0.25,False,True,False
32,212-2,67650.75,"(28, 19)",taxation,6,0.25,False,True,False
32,63-2,61224.75,"(27, 22)",taxation,6,0.25,False,True,False
32,189-2,58008.5,"(8, 22)",taxation,6,0.25,False,True,False
32,54-2,64460.25,"(27, 2)",taxation,6,0.25,False,True,False
32,4-2,48355.25,"(21, 13)",taxation,6,0.25,False,True,False
32,83-2,70862.75,"(9, 44)",taxation,6,0.25,False,True,False
32,249-2,67648.0,"(27, 32)",taxation,6,0.25,False,True,False
32,22-2,74083.0,"(20, 13)",taxation,6,0.25,False,True,False
32,205-2,32296.75,"(29, 15)",taxation,6,0.25,False,True,False
32,156-2,48363.5,"(6, 49)",taxation,6,0.25,False,True,False
32,51-2,67640.5,"(7, 42)",taxation,6,0.25,False,True,False
32,133-2,58001.0,"(30, 24)",taxation,6,0.25,False,True,False
32,73-2,67652.25,"(4, 22)",taxation,6,0.25,False,True,False
32,56-2,64440.75,"(11, 49)",taxation,6,0.25,False,True,False
32,182-2,67644.25,"(22, 24)",taxation,6,0.25,False,True,False
32,71-2,70870.25,"(36, 1)",taxation,6,0.25,False,True,False
32,91-2,70860.75,"(26, 17)",taxation,6,0.25,False,True,False
32,226-2,64422.75,"(27, 17)",taxation,6,0.25,False,True,False
32,225-2,67639.75,"(1, 44)",taxation,6,0.25,False,True,False
32,148-2,51561.25,"(2, 47)",taxation,6,0.25,False,True,False
32,16-2,74091.5,"(30, 22)",taxation,6,0.25,False,True,False
32,111-2,70854.25,"(21, 20)",taxation,6,0.25,False,True,False
32,134-2,64440.0,"(42, 18)",taxation,6,0.25,False,True,False
32,168-2,70865.5,"(22, 15)",taxation,6,0.25,False,True,False
32,106-2,61236.75,"(32, 10)",taxation,6,0.25,False,True,False
32,162-2,67644.5,"(38, 1)",taxation,6,0.25,False,True,False
32,214-2,41925.0,"(29, 18)",taxation,6,0.25,False,True,False
32,110-2,74059.0,"(19, 48)",taxation,6,0.25,False,True,False
32,95-2,74063.5,"(27, 34)",taxation,6,0.25,False,True,False
32,122-2,54779.25,"(30, 30)",taxation,6,0.25,False,True,False
32,231-2,41920.75,"(24, 13)",taxation,6,0.25,False,True,False
32,100-2,64429.75,"(26, 3)",taxation,6,0.25,False,True,False
32,141-2,51580.5,"(26, 32)",taxation,6,0.25,False,True,False
32,165-2,77289.0,"(29, 2)",taxation,6,0.25,False,True,False
32,186-2,61221.25,"(22, 12)",taxation,6,0.25,False,True,False
32,201-2,45136.25,"(26, 26)",taxation,6,0.25,False,True,False
32,21-2,61216.25,"(26, 28)",taxation,6,0.25,False,True,False
32,183-2,45134.75,"(31, 33)",taxation,6,0.25,False,True,False
32,203-2,77272.25,"(28, 18)",taxation,6,0.25,False,True,False
32,32-2,70837.75,"(4, 45)",taxation,6,0.25,False,True,False
32,115-2,70844.75,"(32, 1)",taxation,6,0.25,False,True,False
32,169-2,51573.0,"(26, 24)",taxation,6,0.25,False,True,False
32,78-2,61207.25,"(22, 14)",taxation,6,0.25,False,True,False
32,137-2,57992.5,"(21, 11)",taxation,6,0.25,False,True,False
32,55-2,70840.25,"(21, 22)",taxation,6,0.25,False,True,False
32,112-2,70849.5,"(10, 43)",taxation,6,0.25,False,True,False
32,193-2,58000.5,"(22, 23)",taxation,6,0.25,False,True,False
32,50-2,74067.5,"(28, 25)",taxation,6,0.25,False,True,False
32,53-2,41917.25,"(28, 17)",taxation,6,0.25,False,True,False
32,5-2,29056.5,"(28, 22)",taxation,6,0.25,False,True,False
32,247-2,57998.0,"(23, 21)",taxation,6,0.25,False,True,False
32,147-2,64421.75,"(42, 15)",taxation,6,0.25,False,True,False
32,145-2,67631.0,"(29, 26)",taxation,6,0.25,False,True,False
32,207-2,51555.75,"(25, 16)",taxation,6,0.25,False,True,False
32,120-2,74035.0,"(0, 44)",taxation,6,0.25,False,True,False
32,125-2,70850.0,"(23, 26)",taxation,6,0.25,False,True,False
32,41-2,70855.0,"(30, 37)",taxation,6,0.25,False,True,False
32,209-2,74065.5,"(45, 10)",taxation,6,0.25,False,True,False
32,113-2,67614.75,"(20, 17)",taxation,6,0.25,False,True,False
32,68-2,54771.75,"(13, 34)",taxation,6,0.25,False,True,False
32,161-2,54765.0,"(24, 16)",taxation,6,0.25,False,True,False
33,2,85882.0,"(24, 49)",taxation,6,0.25,False,True,False
33,3,51587.0,"(6, 46)",taxation,6,0.25,False,True,False
33,7,64455.0,"(12, 33)",taxation,6,0.25,False,True,False
33,8,85915.0,"(22, 19)",taxation,6,0.25,False,True,False
33,9,73054.0,"(19, 14)",taxation,6,0.25,False,True,False
33,11,68731.0,"(0, 47)",taxation,6,0.25,False,True,False
33,12,81606.0,"(26, 12)",taxation,6,0.25,False,True,False
33,13,81614.0,"(15, 21)",taxation,6,0.25,False,True,False
33,14,21595.0,"(19, 24)",taxation,6,0.25,False,True,False
33,15,77345.0,"(24, 12)",taxation,6,0.25,False,True,False
33,18,98760.0,"(39, 24)",taxation,6,0.25,False,True,False
33,19,90168.0,"(17, 19)",taxation,6,0.25,False,True,False
33,20,81607.0,"(28, 0)",taxation,6,0.25,False,True,False
33,24,68765.0,"(46, 15)",taxation,6,0.25,False,True,False
33,26,68769.0,"(25, 21)",taxation,6,0.25,False,True,False
33,27,77321.0,"(27, 12)",taxation,6,0.25,False,True,False
33,29,85892.0,"(20, 23)",taxation,6,0.25,False,True,False
33,30,98751.0,"(18, 25)",taxation,6,0.25,False,True,False
33,33,68772.0,"(25, 18)",taxation,6,0.25,False,True,False
33,34,77318.0,"(22, 46)",taxation,6,0.25,False,True,False
33,35,85907.0,"(19, 29)",taxation,6,0.25,False,True,False
33,36,64456.0,"(21, 19)",taxation,6,0.25,False,True,False
33,37,90192.0,"(45, 17)",taxation,6,0.25,False,True,False
33,39,60170.0,"(23, 15)",taxation,6,0.25,False,True,False
33,43,85900.0,"(25, 14)",taxation,6,0.25,False,True,False
33,44,55902.0,"(32, 17)",taxation,6,0.25,False,True,False
33,45,90172.0,"(19, 18)",taxation,6,0.25,False,True,False
33,46,60179.0,"(24, 11)",taxation,6,0.25,False,True,False
33,47,60184.0,"(15, 20)",taxation,6,0.25,False,True,False
33,48,90162.0,"(26, 20)",taxation,6,0.25,False,True,False
33,49,81622.0,"(18, 26)",taxation,6,0.25,False,True,False
33,52,64458.0,"(37, 11)",taxation,6,0.25,False,True,False
33,57,77312.0,"(35, 9)",taxation,6,0.25,False,True,False
33,58,90147.0,"(14, 21)",taxation,6,0.25,False,True,False
33,59,77311.0,"(2, 44)",taxation,6,0.25,False,True,False
33,60,90178.0,"(35, 22)",taxation,6,0.25,False,True,False
33,61,103036.0,"(23, 20)",taxation,6,0.25,False,True,False
33,62,85917.0,"(21, 23)",taxation,6,0.25,False,True,False
33,64,85890.0,"(42, 3)",taxation,6,0.25,False,True,False
33,65,98742.0,"(27, 24)",taxation,6,0.25,False,True,False
33,66,94469.0,"(27, 21)",taxation,6,0.25,False,True,False
33,67,64454.0,"(13, 29)",taxation,6,0.25,False,True,False
33,69,94475.0,"(6, 44)",taxation,6,0.25,False,True,False
33,70,90195.0,"(20, 21)",taxation,6,0.25,False,True,False
33,72,98729.0,"(23, 49)",taxation,6,0.25,False,True,False
33,77,73026.0,"(2, 45)",taxation,6,0.25,False,True,False
33,79,81599.0,"(2, 48)",taxation,6,0.25,False,True,False
33,80,94454.0,"(44, 17)",taxation,6,0.25,False,True,False
33,81,81634.0,"(38, 14)",taxation,6,0.25,False,True,False
33,82,90173.0,"(18, 18)",taxation,6,0.25,False,True,False
33,84,85906.0,"(4, 48)",taxation,6,0.25,False,True,False
33,85,77319.0,"(45, 15)",taxation,6,0.25,False,True,False
33,86,85910.0,"(33, 30)",taxation,6,0.25,False,True,False
33,87,85872.0,"(20, 31)",taxation,6,0.25,False,True,False
33,88,85896.0,"(38, 24)",taxation,6,0.25,False,True,False
33,89,90190.0,"(24, 42)",taxation,6,0.25,False,True,False
33,90,77346.0,"(43, 12)",taxation,6,0.25,False,True,False
33,92,94450.0,"(18, 20)",taxation,6,0.25,False,True,False
33,93,38739.0,"(37, 24)",taxation,6,0.25,False,True,False
33,96,98752.0,"(19, 21)",taxation,6,0.25,False,True,False
33,97,68736.0,"(32, 27)",taxation,6,0.25,False,True,False
33,99,81591.0,"(34, 25)",taxation,6,0.25,False,True,False
33,101,85917.0,"(33, 5)",taxation,6,0.25,False,True,False
33,102,60163.0,"(23, 46)",taxation,6,0.25,False,True,False
33,103,85886.0,"(19, 11)",taxation,6,0.25,False,True,False
33,104,81634.0,"(20, 11)",taxation,6,0.25,False,True,False
33,105,77328.0,"(21, 16)",taxation,6,0.25,False,True,False
33,107,94460.0,"(36, 25)",taxation,6,0.25,False,True,False
33,108,47319.0,"(2, 49)",taxation,6,0.25,False,True,False
33,109,85914.0,"(0, 48)",taxation,6,0.25,False,True,False
33,114,98750.0,"(46, 17)",taxation,6,0.25,False,True,False
33,116,94488.0,"(29, 24)",taxation,6,0.25,False,True,False
33,117,77319.0,"(33, 34)",taxation,6,0.25,False,True,False
33,118,94469.0,"(43, 14)",taxation,6,0.25,False,True,False
33,119,85899.0,"(25, 11)",taxation,6,0.25,False,True,False
33,121,85919.0,"(17, 21)",taxation,6,0.25,False,True,False
33,123,98758.0,"(34, 18)",taxation,6,0.25,False,True,False
33,124,81613.0,"(22, 16)",taxation,6,0.25,False,True,False
33,126,85872.0,"(36, 23)",taxation,6,0.25,False,True,False
33,127,90167.0,"(45, 11)",taxation,6,0.25,False,True,False
33,128,94467.0,"(35, 24)",taxation,6,0.25,False,True,False
33,129,81628.0,"(31, 16)",taxation,6,0.25,False,True,False
33,130,94470.0,"(32, 31)",taxation,6,0.25,False,True,False
33,131,85901.0,"(17, 18)",taxation,6,0.25,False,True,False
33,132,94457.0,"(35, 30)",taxation,6,0.25,False,True,False
33,135,85890.0,"(23, 47)",taxation,6,0.25,False,True,False
33,136,68752.0,"(24, 18)",taxation,6,0.25,False,True,False
33,138,90178.0,"(20, 15)",taxation,6,0.25,False,True,False
33,143,85879.0,"(23, 19)",taxation,6,0.25,False,True,False
33,150,73021.0,"(11, 23)",taxation,6,0.25,False,True,False
33,151,68747.0,"(34, 32)",taxation,6,0.25,False,True,False
33,152,90187.0,"(8, 43)",taxation,6,0.25,False,True,False
33,153,43012.0,"(35, 28)",taxation,6,0.25,False,True,False
33,155,90190.0,"(33, 18)",taxation,6,0.25,False,True,False
33,157,81597.0,"(9, 35)",taxation,6,0.25,False,True,False
33,159,68763.0,"(45, 20)",taxation,6,0.25,False,True,False
33,160,77330.0,"(20, 22)",taxation,6,0.25,False,True,False
33,163,103036.0,"(24, 48)",taxation,6,0.25,False,True,False
33,164,90188.0,"(30, 6)",taxation,6,0.25,False,True,False
33,166,81621.0,"(27, 0)",taxation,6,0.25,False,True,False
33,171,85916.0,"(30, 34)",taxation,6,0.25,False,True,False
33,174,94458.0,"(46, 19)",taxation,6,0.25,False,True,False
33,177,85919.0,"(45, 19)",taxation,6,0.25,False,True,False
33,178,94472.0,"(34, 1)",taxation,6,0.25,False,True,False
33,181,85901.00000000001,"(26, 21)",taxation,6,0.25,False,True,False
33,184,85876.0,"(10, 33)",taxation,6,0.25,False,True,False
33,185,85888.0,"(31, 37)",taxation,6,0.25,False,True,False
33,188,85905.0,"(29, 30)",taxation,6,0.25,False,True,False
33,190,85914.0,"(20, 18)",taxation,6,0.25,False,True,False
33,191,98730.0,"(35, 26)",taxation,6,0.25,False,True,False
33,192,77343.0,"(27, 1)",taxation,6,0.25,False,True,False
33,194,77339.0,"(0, 46)",taxation,6,0.25,False,True,False
33,195,38742.0,"(27, 20)",taxation,6,0.25,False,True,False
33,196,60183.0,"(23, 18)",taxation,6,0.25,False,True,False
33,197,68732.0,"(7, 45)",taxation,6,0.25,False,True,False
33,199,98729.0,"(26, 2)",taxation,6,0.25,False,True,False
33,200,81600.0,"(19, 9)",taxation,6,0.25,False,True,False
33,202,98740.0,"(25, 15)",taxation,6,0.25,False,True,False
33,204,94462.0,"(45, 18)",taxation,6,0.25,False,True,False
33,210,103025.0,"(20, 19)",taxation,6,0.25,False,True,False
33,211,55889.0,"(33, 26)",taxation,6,0.25,False,True,False
33,213,85913.0,"(4, 47)",taxation,6,0.25,False,True,False
33,215,94457.0,"(32, 33)",taxation,6,0.25,False,True,False
33,216,94465.0,"(23, 17)",taxation,6,0.25,False,True,False
33,217,51598.0,"(15, 38)",taxation,6,0.25,False,True,False
33,218,98750.0,"(32, 34)",taxation,6,0.25,False,True,False
33,220,94459.0,"(31, 27)",taxation,6,0.25,False,True,False
33,221,81606.0,"(37, 13)",taxation,6,0.25,False,True,False
33,222,85904.0,"(10, 18)",taxation,6,0.25,False,True,False
33,223,60160.0,"(15, 27)",taxation,6,0.25,False,True,False
33,224,73047.0,"(36, 24)",taxation,6,0.25,False,True,False
33,227,94458.0,"(34, 24)",taxation,6,0.25,False,True,False
33,229,94478.0,"(20, 33)",taxation,6,0.25,False,True,False
33,230,68766.0,"(0, 49)",taxation,6,0.25,False,True,False
33,232,51599.0,"(13, 32)",taxation,6,0.25,False,True,False
33,233,81605.0,"(39, 18)",taxation,6,0.25,False,True,False
33,234,90165.0,"(14, 20)",taxation,6,0.25,False,True,False
33,235,85904.0,"(25, 13)",taxation,6,0.25,False,True,False
33,236,85890.0,"(26, 9)",taxation,6,0.25,False,True,False
33,237,68736.0,"(35, 32)",taxation,6,0.25,False,True,False
33,238,85915.0,"(30, 23)",taxation,6,0.25,False,True,False
33,239,85879.0,"(15, 26)",taxation,6,0.25,False,True,False
33,243,81609.0,"(34, 23)",taxation,6,0.25,False,True,False
33,244,98763.0,"(5, 48)",taxation,6,0.25,False,True,False
33,245,94471.0,"(3, 48)",taxation,6,0.25,False,True,False
33,248,85896.0,"(25, 3)",taxation,6,0.25,False,True,False
33,219-2,75165.0,"(34, 9)",taxation,6,0.25,False,True,False
33,158-2,62309.0,"(36, 20)",taxation,6,0.25,False,True,False
33,139-2,77316.25,"(5, 49)",taxation,6,0.25,False,True,False
33,179-2,55918.5,"(46, 18)",taxation,6,0.25,False,True,False
33,28-2,59131.25,"(25, 12)",taxation,6,0.25,False,True,False
33,187-2,34452.0,"(32, 36)",taxation,6,0.25,False,True,False
33,146-2,25892.0,"(35, 19)",taxation,6,0.25,False,True,False
33,94-2,21612.0,"(6, 45)",taxation,6,0.25,False,True,False
33,154-2,30173.0,"(8, 47)",taxation,6,0.25,False,True,False
33,173-2,17307.0,"(34, 29)",taxation,6,0.25,False,True,False
33,240-2,21588.0,"(33, 28)",taxation,6,0.25,False,True,False
33,246-2,64466.0,"(22, 20)",taxation,6,0.25,False,True,False
33,98-2,34478.0,"(41, 23)",taxation,6,0.25,False,True,False
33,140-2,207.0,"(32, 30)",taxation,6,0.25,False,True,False
33,176-2,196.0,"(31, 28)",taxation,6,0.25,False,True,False
33,208-2,68747.25,"(24, 20)",taxation,6,0.25,False,True,False
33,170-2,59114.75,"(33, 29)",taxation,6,0.25,False,True,False
33,1-2,49449.25,"(19, 17)",taxation,6,0.25,False,True,False
33,23-2,69842.0,"(30, 15)",taxation,6,0.25,False,True,False
33,17-2,70876.5,"(40, 15)",taxation,6,0.25,False,True,False
33,31-2,77308.5,"(35, 31)",taxation,6,0.25,False,True,False
33,228-2,50530.0,"(35, 34)",taxation,6,0.25,False,True,False
33,149-2,58052.0,"(3, 49)",taxation,6,0.25,False,True,False
33,206-2,65530.25,"(10, 44)",taxation,6,0.25,False,True,False
33,242-2,29107.25,"(32, 24)",taxation,6,0.25,False,True,False
33,75-2,61260.0,"(1, 49)",taxation,6,0.25,False,True,False
33,74-2,75167.0,"(27, 37)",taxation,6,0.25,False,True,False
33,241-2,61239.5,"(35, 20)",taxation,6,0.25,False,True,False
33,42-2,48390.5,"(26, 35)",taxation,6,0.25,False,True,False
33,142-2,41938.75,"(33, 23)",taxation,6,0.25,False,True,False
33,172-2,70883.75,"(16, 20)",taxation,6,0.25,False,True,False
33,167-2,67680.75,"(25, 4)",taxation,6,0.25,False,True,False
33,38-2,67678.5,"(34, 26)",taxation,6,0.25,False,True,False
33,198-2,61259.5,"(7, 46)",taxation,6,0.25,False,True,False
33,0-2,45180.25,"(26, 13)",taxation,6,0.25,False,True,False
33,6-2,74090.0,"(30, 38)",taxation,6,0.25,False,True,False
33,76-2,64467.750000000015,"(9, 46)",taxation,6,0.25,False,True,False
33,144-2,64459.5,"(22, 43)",taxation,6,0.25,False,True,False
33,25-2,58025.0,"(15, 35)",taxation,6,0.25,False,True,False
33,40-2,70892.0,"(19, 23)",taxation,6,0.25,False,True,False
33,10-2,67659.25,"(33, 24)",taxation,6,0.25,False,True,False
33,180-2,64468.25,"(22, 45)",taxation,6,0.25,False,True,False
33,212-2,67659.75,"(25, 20)",taxation,6,0.25,False,True,False
33,63-2,61232.75,"(21, 18)",taxation,6,0.25,False,True,False
33,189-2,58016.5,"(13, 21)",taxation,6,0.25,False,True,False
33,54-2,64466.25,"(26, 1)",taxation,6,0.25,False,True,False
33,4-2,48363.25,"(18, 13)",taxation,6,0.25,False,True,False
33,83-2,70868.75,"(9, 45)",taxation,6,0.25,False,True,False
33,249-2,67656.0,"(32, 32)",taxation,6,0.25,False,True,False
33,22-2,74092.0,"(20, 14)",taxation,6,0.25,False,True,False
33,205-2,32305.75,"(26, 19)",taxation,6,0.25,False,True,False
33,156-2,48370.5,"(4, 49)",taxation,6,0.25,False,True,False
33,51-2,67647.5,"(7, 44)",taxation,6,0.25,False,True,False
33,133-2,58009.0,"(36, 30)",taxation,6,0.25,False,True,False
33,73-2,67659.25,"(10, 20)",taxation,6,0.25,False,True,False
33,56-2,64447.75,"(5, 43)",taxation,6,0.25,False,True,False
33,182-2,67653.25,"(22, 18)",taxation,6,0.25,False,True,False
33,71-2,70876.25,"(36, 0)",taxation,6,0.25,False,True,False
33,91-2,70864.75,"(20, 12)",taxation,6,0.25,False,True,False
33,226-2,64425.75,"(23, 11)",taxation,6,0.25,False,True,False
33,225-2,67646.75,"(1, 47)",taxation,6,0.25,False,True,False
33,148-2,51568.25,"(3, 47)",taxation,6,0.25,False,True,False
33,16-2,74100.5,"(24, 19)",taxation,6,0.25,False,True,False
33,111-2,70863.25,"(21, 15)",taxation,6,0.25,False,True,False
33,134-2,64448.0,"(44, 18)",taxation,6,0.25,False,True,False
33,168-2,70873.5,"(18, 15)",taxation,6,0.25,False,True,False
33,106-2,61243.75,"(36, 9)",taxation,6,0.25,False,True,False
33,162-2,67650.5,"(38, 0)",taxation,6,0.25,False,True,False
33,214-2,41927.0,"(28, 12)",taxation,6,0.25,False,True,False
33,110-2,74066.0,"(22, 44)",taxation,6,0.25,False,True,False
33,95-2,74071.5,"(32, 29)",taxation,6,0.25,False,True,False
33,122-2,54786.25,"(33, 35)",taxation,6,0.25,False,True,False
33,231-2,41929.75,"(23, 16)",taxation,6,0.25,False,True,False
33,100-2,64436.75,"(20, 7)",taxation,6,0.25,False,True,False
33,141-2,51587.5,"(27, 36)",taxation,6,0.25,False,True,False
33,165-2,77295.0,"(29, 0)",taxation,6,0.25,False,True,False
33,186-2,61230.25,"(21, 14)",taxation,6,0.25,False,True,False
33,201-2,45138.25,"(30, 29)",taxation,6,0.25,False,True,False
33,21-2,61224.25,"(28, 24)",taxation,6,0.25,False,True,False
33,183-2,45142.75,"(36, 31)",taxation,6,0.25,False,True,False
33,203-2,77281.25,"(25, 19)",taxation,6,0.25,False,True,False
33,32-2,70844.75,"(1, 48)",taxation,6,0.25,False,True,False
33,115-2,70851.75,"(28, 7)",taxation,6,0.25,False,True,False
33,169-2,51581.0,"(32, 25)",taxation,6,0.25,False,True,False
33,78-2,61216.25,"(20, 10)",taxation,6,0.25,False,True,False
33,137-2,58000.5,"(19, 10)",taxation,6,0.25,False,True,False
33,55-2,70848.25,"(18, 19)",taxation,6,0.25,False,True,False
33,112-2,70855.5,"(9, 42)",taxation,6,0.25,False,True,False
33,193-2,58008.5,"(19, 19)",taxation,6,0.25,False,True,False
33,50-2,74069.5,"(32, 26)",taxation,6,0.25,False,True,False
33,53-2,41925.25,"(24, 14)",taxation,6,0.25,False,True,False
33,5-2,29058.5,"(34, 22)",taxation,6,0.25,False,True,False
33,247-2,58006.0,"(18, 17)",taxation,6,0.25,False,True,False
33,147-2,64429.75,"(46, 14)",taxation,6,0.25,False,True,False
33,145-2,67639.0,"(35, 29)",taxation,6,0.25,False,True,False
33,207-2,51564.75,"(24, 17)",taxation,6,0.25,False,True,False
33,120-2,74041.0,"(0, 43)",taxation,6,0.25,False,True,False
33,125-2,70858.0,"(18, 21)",taxation,6,0.25,False,True,False
33,41-2,70863.0,"(31, 34)",taxation,6,0.25,False,True,False
33,209-2,74072.5,"(46, 10)",taxation,6,0.25,False,True,False
33,113-2,67622.75,"(19, 16)",taxation,6,0.25,False,True,False
33,68-2,54778.75,"(14, 35)",taxation,6,0.25,False,True,False
33,161-2,54773.0,"(18, 16)",taxation,6,0.25,False,True,False
33,175-2,54775.5,"(42, 13)",taxation,6,0.25,False,True,False
34,2,85889.0,"(24, 47)",taxation,6,0.25,False,True,False
34,3,51594.0,"(8, 40)",taxation,6,0.25,False,True,False
34,7,64462.0,"(9, 36)",taxation,6,0.25,False,True,False
34,8,85921.0,"(16, 15)",taxation,6,0.25,False,True,False
34,9,73062.0,"(15, 12)",taxation,6,0.25,False,True,False
34,11,68733.0,"(2, 42)",taxation,6,0.25,False,True,False
34,12,81612.0,"(29, 6)",taxation,6,0.25,False,True,False
34,13,81623.0,"(16, 17)",taxation,6,0.25,False,True,False
34,14,21603.0,"(15, 22)",taxation,6,0.25,False,True,False
34,15,77353.0,"(18, 8)",taxation,6,0.25,False,True,False
34,18,98768.0,"(40, 23)",taxation,6,0.25,False,True,False
34,19,90176.0,"(12, 17)",taxation,6,0.25,False,True,False
34,20,81613.0,"(26, 0)",taxation,6,0.25,False,True,False
34,24,68773.0,"(47, 15)",taxation,6,0.25,False,True,False
34,26,68771.0,"(22, 25)",taxation,6,0.25,False,True,False
34,27,77328.0,"(21, 6)",taxation,6,0.25,False,True,False
34,29,85900.0,"(14, 23)",taxation,6,0.25,False,True,False
34,30,98758.0,"(12, 20)",taxation,6,0.25,False,True,False
34,33,68774.0,"(26, 14)",taxation,6,0.25,False,True,False
34,34,77325.0,"(23, 45)",taxation,6,0.25,False,True,False
34,35,85915.0,"(15, 24)",taxation,6,0.25,False,True,False
34,36,64465.0,"(16, 19)",taxation,6,0.25,False,True,False
34,37,90200.0,"(47, 16)",taxation,6,0.25,False,True,False
34,39,60178.0,"(17, 9)",taxation,6,0.25,False,True,False
34,43,85906.0,"(19, 8)",taxation,6,0.25,False,True,False
34,44,55907.0,"(38, 13)",taxation,6,0.25,False,True,False
34,46,60186.0,"(19, 6)",taxation,6,0.25,False,True,False
34,47,60192.0,"(12, 19)",taxation,6,0.25,False,True,False
34,48,90164.0,"(28, 15)",taxation,6,0.25,False,True,False
34,49,81630.0,"(12, 23)",taxation,6,0.25,False,True,False
34,52,64465.0,"(43, 10)",taxation,6,0.25,False,True,False
34,57,77319.0,"(32, 5)",taxation,6,0.25,False,True,False
34,58,90156.0,"(15, 15)",taxation,6,0.25,False,True,False
34,59,77318.0,"(1, 42)",taxation,6,0.25,False,True,False
34,60,90185.0,"(40, 28)",taxation,6,0.25,False,True,False
34,61,103039.0,"(17, 22)",taxation,6,0.25,False,True,False
34,62,85920.0,"(17, 24)",taxation,6,0.25,False,True,False
34,64,85897.0,"(43, 4)",taxation,6,0.25,False,True,False
34,65,98744.0,"(28, 27)",taxation,6,0.25,False,True,False
34,66,94471.0,"(31, 23)",taxation,6,0.25,False,True,False
34,67,64461.0,"(9, 25)",taxation,6,0.25,False,True,False
34,69,94482.0,"(11, 40)",taxation,6,0.25,False,True,False
34,70,90203.0,"(14, 18)",taxation,6,0.25,False,True,False
34,72,98736.0,"(26, 44)",taxation,6,0.25,False,True,False
34,77,73032.0,"(2, 40)",taxation,6,0.25,False,True,False
34,79,81601.0,"(3, 44)",taxation,6,0.25,False,True,False
34,80,94462.0,"(47, 17)",taxation,6,0.25,False,True,False
34,81,81641.0,"(44, 14)",taxation,6,0.25,False,True,False
34,82,90182.0,"(16, 18)",taxation,6,0.25,False,True,False
34,84,85913.0,"(4, 43)",taxation,6,0.25,False,True,False
34,86,85917.0,"(38, 36)",taxation,6,0.25,False,True,False
34,87,85878.0,"(15, 37)",taxation,6,0.25,False,True,False
34,88,85904.0,"(44, 24)",taxation,6,0.25,False,True,False
34,89,90197.0,"(26, 42)",taxation,6,0.25,False,True,False
34,90,77354.0,"(46, 12)",taxation,6,0.25,False,True,False
34,92,94458.0,"(13, 17)",taxation,6,0.25,False,True,False
34,93,38746.0,"(42, 28)",taxation,6,0.25,False,True,False
34,96,98761.0,"(16, 16)",taxation,6,0.25,False,True,False
34,97,68740.0,"(37, 28)",taxation,6,0.25,False,True,False
34,99,81597.0,"(40, 29)",taxation,6,0.25,False,True,False
34,101,85923.0,"(32, 4)",taxation,6,0.25,False,True,False
34,102,60171.0,"(29, 40)",taxation,6,0.25,False,True,False
34,104,81642.0,"(17, 8)",taxation,6,0.25,False,True,False
34,105,77336.0,"(15, 10)",taxation,6,0.25,False,True,False
34,107,94468.0,"(42, 22)",taxation,6,0.25,False,True,False
34,108,47326.0,"(1, 43)",taxation,6,0.25,False,True,False
34,109,85921.0,"(0, 42)",taxation,6,0.25,False,True,False
34,114,98758.0,"(46, 16)",taxation,6,0.25,False,True,False
34,116,94491.0,"(32, 28)",taxation,6,0.25,False,True,False
34,117,77327.0,"(34, 39)",taxation,6,0.25,False,True,False
34,118,94477.0,"(47, 14)",taxation,6,0.25,False,True,False
34,119,85907.0,"(19, 7)",taxation,6,0.25,False,True,False
34,121,85927.0,"(13, 22)",taxation,6,0.25,False,True,False
34,123,98766.0,"(39, 14)",taxation,6,0.25,False,True,False
34,124,81621.0,"(16, 10)",taxation,6,0.25,False,True,False
34,126,85879.0,"(41, 29)",taxation,6,0.25,False,True,False
34,127,90175.0,"(46, 11)",taxation,6,0.25,False,True,False
34,128,94474.0,"(39, 30)",taxation,6,0.25,False,True,False
34,129,81632.0,"(37, 21)",taxation,6,0.25,False,True,False
34,130,94478.0,"(38, 33)",taxation,6,0.25,False,True,False
34,131,85909.0,"(14, 16)",taxation,6,0.25,False,True,False
34,132,94465.0,"(37, 29)",taxation,6,0.25,False,True,False
34,135,85897.0,"(24, 45)",taxation,6,0.25,False,True,False
34,136,68754.0,"(22, 17)",taxation,6,0.25,False,True,False
34,138,90186.0,"(15, 13)",taxation,6,0.25,False,True,False
34,143,85882.0,"(17, 23)",taxation,6,0.25,False,True,False
34,150,73029.0,"(11, 22)",taxation,6,0.25,False,True,False
34,151,68755.0,"(38, 35)",taxation,6,0.25,False,True,False
34,152,90193.0,"(10, 41)",taxation,6,0.25,False,True,False
34,153,43020.0,"(37, 26)",taxation,6,0.25,False,True,False
34,155,90195.0,"(39, 23)",taxation,6,0.25,False,True,False
34,157,81603.0,"(8, 36)",taxation,6,0.25,False,True,False
34,159,68771.0,"(46, 21)",taxation,6,0.25,False,True,False
34,160,77334.0,"(14, 22)",taxation,6,0.25,False,True,False
34,163,103043.0,"(25, 46)",taxation,6,0.25,False,True,False
34,164,90194.0,"(31, 1)",taxation,6,0.25,False,True,False
34,166,81628.0,"(25, 2)",taxation,6,0.25,False,True,False
34,171,85924.0,"(31, 39)",taxation,6,0.25,False,True,False
34,177,85927.0,"(46, 20)",taxation,6,0.25,False,True,False
34,178,94478.0,"(34, 0)",taxation,6,0.25,False,True,False
34,181,85903.00000000001,"(31, 22)",taxation,6,0.25,False,True,False
34,184,85883.0,"(10, 29)",taxation,6,0.25,False,True,False
34,185,85896.0,"(32, 39)",taxation,6,0.25,False,True,False
34,188,85909.0,"(34, 34)",taxation,6,0.25,False,True,False
34,190,85922.0,"(14, 14)",taxation,6,0.25,False,True,False
34,191,98738.0,"(41, 22)",taxation,6,0.25,False,True,False
34,192,77350.0,"(25, 1)",taxation,6,0.25,False,True,False
34,194,77345.0,"(3, 40)",taxation,6,0.25,False,True,False
34,195,38744.0,"(27, 16)",taxation,6,0.25,False,True,False
34,197,68739.0,"(10, 39)",taxation,6,0.25,False,True,False
34,199,98737.0,"(20, 8)",taxation,6,0.25,False,True,False
34,200,81608.0,"(18, 7)",taxation,6,0.25,False,True,False
34,202,98744.0,"(25, 9)",taxation,6,0.25,False,True,False
34,204,94470.0,"(45, 16)",taxation,6,0.25,False,True,False
34,210,103033.0,"(15, 17)",taxation,6,0.25,False,True,False
34,211,55894.0,"(39, 29)",taxation,6,0.25,False,True,False
34,213,85920.0,"(4, 41)",taxation,6,0.25,False,True,False
34,215,94465.0,"(31, 38)",taxation,6,0.25,False,True,False
34,216,94474.0,"(17, 12)",taxation,6,0.25,False,True,False
34,217,51605.0,"(15, 42)",taxation,6,0.25,False,True,False
34,218,98758.0,"(34, 35)",taxation,6,0.25,False,True,False
34,220,94463.0,"(37, 27)",taxation,6,0.25,False,True,False
34,221,81614.0,"(39, 13)",taxation,6,0.25,False,True,False
34,222,85913.0,"(14, 19)",taxation,6,0.25,False,True,False
34,223,60168.0,"(15, 25)",taxation,6,0.25,False,True,False
34,224,73054.0,"(42, 30)",taxation,6,0.25,False,True,False
34,227,94463.0,"(40, 26)",taxation,6,0.25,False,True,False
34,229,94485.0,"(21, 38)",taxation,6,0.25,False,True,False
34,230,68767.0,"(2, 47)",taxation,6,0.25,False,True,False
34,232,51606.0,"(12, 28)",taxation,6,0.25,False,True,False
34,233,81613.0,"(45, 23)",taxation,6,0.25,False,True,False
34,235,85912.0,"(20, 9)",taxation,6,0.25,False,True,False
34,236,85897.0,"(30, 5)",taxation,6,0.25,False,True,False
34,237,68744.0,"(37, 38)",taxation,6,0.25,False,True,False
34,238,85919.0,"(36, 26)",taxation,6,0.25,False,True,False
34,239,85887.0,"(13, 23)",taxation,6,0.25,False,True,False
34,243,81614.0,"(40, 27)",taxation,6,0.25,False,True,False
34,244,98770.0,"(8, 46)",taxation,6,0.25,False,True,False
34,245,94473.0,"(3, 42)",taxation,6,0.25,False,True,False
34,248,85903.0,"(24, 3)",taxation,6,0.25,False,True,False
34,219-2,75171.0,"(31, 5)",taxation,6,0.25,False,True,False
34,158-2,62315.0,"(42, 21)",taxation,6,0.25,False,True,False
34,139-2,77321.25,"(11, 45)",taxation,6,0.25,False,True,False
34,179-2,55926.5,"(48, 17)",taxation,6,0.25,False,True,False
34,28-2,59138.25,"(20, 6)",taxation,6,0.25,False,True,False
34,187-2,34460.0,"(32, 38)",taxation,6,0.25,False,True,False
34,146-2,25898.0,"(40, 13)",taxation,6,0.25,False,True,False
34,94-2,21618.0,"(9, 40)",taxation,6,0.25,False,True,False
34,154-2,30180.0,"(8, 45)",taxation,6,0.25,False,True,False
34,173-2,17314.0,"(36, 34)",taxation,6,0.25,False,True,False
34,240-2,21593.0,"(39, 28)",taxation,6,0.25,False,True,False
34,246-2,64469.0,"(16, 22)",taxation,6,0.25,False,True,False
34,98-2,34487.0,"(45, 22)",taxation,6,0.25,False,True,False
34,140-2,215.0,"(37, 36)",taxation,6,0.25,False,True,False
34,176-2,200.0,"(36, 28)",taxation,6,0.25,False,True,False
34,208-2,68749.25,"(19, 20)",taxation,6,0.25,False,True,False
34,170-2,59122.75,"(36, 33)",taxation,6,0.25,False,True,False
34,1-2,49457.25,"(14, 17)",taxation,6,0.25,False,True,False
34,23-2,69846.0,"(30, 9)",taxation,6,0.25,False,True,False
34,17-2,70884.5,"(40, 14)",taxation,6,0.25,False,True,False
34,31-2,77316.5,"(37, 37)",taxation,6,0.25,False,True,False
34,228-2,50538.0,"(35, 36)",taxation,6,0.25,False,True,False
34,149-2,58059.0,"(5, 44)",taxation,6,0.25,False,True,False
34,206-2,65536.25,"(12, 44)",taxation,6,0.25,False,True,False
34,242-2,29111.25,"(37, 23)",taxation,6,0.25,False,True,False
34,75-2,61262.0,"(3, 43)",taxation,6,0.25,False,True,False
34,74-2,75175.0,"(29, 39)",taxation,6,0.25,False,True,False
34,241-2,61244.5,"(38, 23)",taxation,6,0.25,False,True,False
34,42-2,48398.5,"(30, 39)",taxation,6,0.25,False,True,False
34,142-2,41943.75,"(39, 27)",taxation,6,0.25,False,True,False
34,172-2,70892.75,"(15, 14)",taxation,6,0.25,False,True,False
34,167-2,67687.75,"(21, 4)",taxation,6,0.25,False,True,False
34,38-2,67684.5,"(40, 30)",taxation,6,0.25,False,True,False
34,198-2,61266.5,"(8, 41)",taxation,6,0.25,False,True,False
34,0-2,45185.25,"(22, 8)",taxation,6,0.25,False,True,False
34,6-2,74098.0,"(30, 40)",taxation,6,0.25,False,True,False
34,76-2,64474.750000000015,"(9, 41)",taxation,6,0.25,False,True,False
34,144-2,64466.5,"(26, 43)",taxation,6,0.25,False,True,False
34,25-2,58032.0,"(16, 37)",taxation,6,0.25,False,True,False
34,40-2,70901.0,"(15, 18)",taxation,6,0.25,False,True,False
34,10-2,67667.25,"(38, 29)",taxation,6,0.25,False,True,False
34,180-2,64476.25,"(27, 40)",taxation,6,0.25,False,True,False
34,212-2,67661.75,"(27, 15)",taxation,6,0.25,False,True,False
34,63-2,61238.75,"(16, 14)",taxation,6,0.25,False,True,False
34,189-2,58024.5,"(12, 22)",taxation,6,0.25,False,True,False
34,54-2,64473.25,"(22, 3)",taxation,6,0.25,False,True,False
34,4-2,48372.25,"(17, 13)",taxation,6,0.25,False,True,False
34,83-2,70875.75,"(14, 42)",taxation,6,0.25,False,True,False
34,249-2,67664.0,"(34, 38)",taxation,6,0.25,False,True,False
34,22-2,74101.0,"(18, 14)",taxation,6,0.25,False,True,False
34,205-2,32307.75,"(26, 15)",taxation,6,0.25,False,True,False
34,156-2,48376.5,"(10, 45)",taxation,6,0.25,False,True,False
34,51-2,67654.5,"(7, 43)",taxation,6,0.25,False,True,False
34,133-2,58017.0,"(38, 30)",taxation,6,0.25,False,True,False
34,73-2,67668.25,"(15, 16)",taxation,6,0.25,False,True,False
34,56-2,64454.75,"(5, 41)",taxation,6,0.25,False,True,False
34,182-2,67662.25,"(17, 17)",taxation,6,0.25,False,True,False
34,71-2,70882.25,"(37, 0)",taxation,6,0.25,False,True,False
34,91-2,70873.75,"(18, 11)",taxation,6,0.25,False,True,False
34,226-2,64434.75,"(18, 9)",taxation,6,0.25,False,True,False
34,225-2,67648.75,"(2, 43)",taxation,6,0.25,False,True,False
34,148-2,51575.25,"(3, 41)",taxation,6,0.25,False,True,False
34,16-2,74105.5,"(19, 13)",taxation,6,0.25,False,True,False
34,111-2,70871.25,"(15, 11)",taxation,6,0.25,False,True,False
34,134-2,64456.0,"(47, 18)",taxation,6,0.25,False,True,False
34,168-2,70881.5,"(14, 13)",taxation,6,0.25,False,True,False
34,106-2,61251.75,"(37, 10)",taxation,6,0.25,False,True,False
34,162-2,67656.5,"(39, 0)",taxation,6,0.25,False,True,False
34,214-2,41932.0,"(31, 6)",taxation,6,0.25,False,True,False
34,110-2,74073.0,"(25, 45)",taxation,6,0.25,False,True,False
34,95-2,74079.5,"(37, 33)",taxation,6,0.25,False,True,False
34,122-2,54794.25,"(35, 35)",taxation,6,0.25,False,True,False
34,231-2,41938.75,"(17, 15)",taxation,6,0.25,False,True,False
34,100-2,64445.75,"(17, 11)",taxation,6,0.25,False,True,False
34,141-2,51595.5,"(28, 40)",taxation,6,0.25,False,True,False
34,165-2,77301.0,"(30, 0)",taxation,6,0.25,False,True,False
34,186-2,61239.25,"(18, 12)",taxation,6,0.25,False,True,False
34,201-2,45142.25,"(36, 29)",taxation,6,0.25,False,True,False
34,21-2,61227.25,"(34, 28)",taxation,6,0.25,False,True,False
34,183-2,45150.75,"(38, 34)",taxation,6,0.25,False,True,False
34,203-2,77283.25,"(27, 14)",taxation,6,0.25,False,True,False
34,32-2,70851.75,"(6, 43)",taxation,6,0.25,False,True,False
34,115-2,70857.75,"(23, 2)",taxation,6,0.25,False,True,False
34,169-2,51589.0,"(38, 25)",taxation,6,0.25,False,True,False
34,78-2,61225.25,"(17, 10)",taxation,6,0.25,False,True,False
34,137-2,58009.5,"(18, 10)",taxation,6,0.25,False,True,False
34,55-2,70856.25,"(13, 18)",taxation,6,0.25,False,True,False
34,112-2,70862.5,"(8, 42)",taxation,6,0.25,False,True,False
34,193-2,58016.5,"(13, 16)",taxation,6,0.25,False,True,False
34,50-2,74073.5,"(36, 27)",taxation,6,0.25,False,True,False
34,53-2,41930.25,"(21, 8)",taxation,6,0.25,False,True,False
34,5-2,29063.5,"(40, 25)",taxation,6,0.25,False,True,False
34,247-2,58015.0,"(16, 13)",taxation,6,0.25,False,True,False
34,147-2,64437.75,"(46, 13)",taxation,6,0.25,False,True,False
34,145-2,67647.0,"(37, 35)",taxation,6,0.25,False,True,False
34,207-2,51569.75,"(19, 12)",taxation,6,0.25,False,True,False
34,120-2,74047.0,"(4, 40)",taxation,6,0.25,False,True,False
34,125-2,70866.0,"(12, 18)",taxation,6,0.25,False,True,False
34,41-2,70871.0,"(33, 36)",taxation,6,0.25,False,True,False
34,209-2,74080.5,"(47, 11)",taxation,6,0.25,False,True,False
34,113-2,67631.75,"(16, 12)",taxation,6,0.25,False,True,False
34,68-2,54784.75,"(12, 39)",taxation,6,0.25,False,True,False
34,161-2,54781.0,"(14, 15)",taxation,6,0.25,False,True,False
34,175-2,54783.5,"(39, 12)",taxation,6,0.25,False,True,False
34,85-2,57996.0,"(45, 21)",taxation,6,0.25,False,True,False
34,234-2,67630.5,"(15, 19)",taxation,6,0.25,False,True,False
34,45-2,67635.75,"(17, 16)",taxation,6,0.25,False,True,False
34,196-2,45144.0,"(17, 14)",taxation,6,0.25,False,True,False
34,174-2,70849.5,"(47, 19)",taxation,6,0.25,False,True,False
34,103-2,64420.5,"(16, 9)",taxation,6,0.25,False,True,False
35,2,85897.0,"(30, 43)",taxation,6,0.25,False,True,False
35,3,51601.0,"(10, 38)",taxation,6,0.25,False,True,False
35,7,64469.0,"(9, 37)",taxation,6,0.25,False,True,False
35,8,85929.0,"(12, 14)",taxation,6,0.25,False,True,False
35,9,73068.0,"(10, 17)",taxation,6,0.25,False,True,False
35,11,68740.0,"(5, 37)",taxation,6,0.25,False,True,False
35,12,81619.0,"(23, 0)",taxation,6,0.25,False,True,False
35,13,81631.0,"(11, 15)",taxation,6,0.25,False,True,False
35,14,21611.0,"(9, 22)",taxation,6,0.25,False,True,False
35,15,77362.0,"(15, 8)",taxation,6,0.25,False,True,False
35,18,98776.0,"(46, 24)",taxation,6,0.25,False,True,False
35,20,81621.0,"(20, 5)",taxation,6,0.25,False,True,False
35,24,68782.0,"(48, 20)",taxation,6,0.25,False,True,False
35,26,68775.0,"(18, 27)",taxation,6,0.25,False,True,False
35,27,77336.0,"(18, 6)",taxation,6,0.25,False,True,False
35,29,85908.0,"(10, 23)",taxation,6,0.25,False,True,False
35,30,98766.0,"(7, 19)",taxation,6,0.25,False,True,False
35,34,77333.0,"(26, 41)",taxation,6,0.25,False,True,False
35,35,85923.0,"(9, 20)",taxation,6,0.25,False,True,False
35,36,64473.0,"(10, 13)",taxation,6,0.25,False,True,False
35,37,90208.0,"(49, 16)",taxation,6,0.25,False,True,False
35,39,60186.0,"(15, 7)",taxation,6,0.25,False,True,False
35,43,85915.0,"(17, 7)",taxation,6,0.25,False,True,False
35,44,55915.0,"(44, 12)",taxation,6,0.25,False,True,False
35,46,60195.0,"(13, 10)",taxation,6,0.25,False,True,False
35,47,60201.0,"(11, 17)",taxation,6,0.25,False,True,False
35,48,90169.0,"(23, 9)",taxation,6,0.25,False,True,False
35,49,81638.0,"(8, 18)",taxation,6,0.25,False,True,False
35,52,64474.0,"(47, 12)",taxation,6,0.25,False,True,False
35,57,77325.0,"(35, 4)",taxation,6,0.25,False,True,False
35,58,90162.0,"(10, 19)",taxation,6,0.25,False,True,False
35,59,77325.0,"(4, 38)",taxation,6,0.25,False,True,False
35,60,90193.0,"(46, 26)",taxation,6,0.25,False,True,False
35,61,103046.0,"(11, 21)",taxation,6,0.25,False,True,False
35,62,85929.0,"(11, 19)",taxation,6,0.25,False,True,False
35,64,85905.0,"(43, 8)",taxation,6,0.25,False,True,False
35,65,98748.0,"(31, 31)",taxation,6,0.25,False,True,False
35,66,94476.0,"(37, 22)",taxation,6,0.25,False,True,False
35,67,64469.0,"(5, 21)",taxation,6,0.25,False,True,False
35,69,94489.0,"(12, 40)",taxation,6,0.25,False,True,False
35,70,90212.0,"(12, 16)",taxation,6,0.25,False,True,False
35,72,98744.0,"(31, 44)",taxation,6,0.25,False,True,False
35,77,73039.0,"(6, 37)",taxation,6,0.25,False,True,False
35,79,81608.0,"(6, 39)",taxation,6,0.25,False,True,False
35,80,94471.0,"(48, 15)",taxation,6,0.25,False,True,False
35,81,81649.0,"(45, 13)",taxation,6,0.25,False,True,False
35,82,90191.0,"(12, 15)",taxation,6,0.25,False,True,False
35,84,85919.0,"(10, 37)",taxation,6,0.25,False,True,False
35,86,85924.0,"(43, 36)",taxation,6,0.25,False,True,False
35,87,85885.0,"(21, 40)",taxation,6,0.25,False,True,False
35,88,85912.0,"(46, 25)",taxation,6,0.25,False,True,False
35,89,90204.0,"(25, 42)",taxation,6,0.25,False,True,False
35,90,77363.0,"(48, 14)",taxation,6,0.25,False,True,False
35,92,94466.0,"(9, 17)",taxation,6,0.25,False,True,False
35,93,38754.0,"(46, 27)",taxation,6,0.25,False,True,False
35,96,98770.0,"(11, 16)",taxation,6,0.25,False,True,False
35,97,68748.0,"(42, 31)",taxation,6,0.25,False,True,False
35,99,81604.0,"(45, 28)",taxation,6,0.25,False,True,False
35,101,85929.0,"(33, 4)",taxation,6,0.25,False,True,False
35,102,60179.0,"(28, 41)",taxation,6,0.25,False,True,False
35,104,81650.0,"(14, 7)",taxation,6,0.25,False,True,False
35,105,77344.0,"(10, 12)",taxation,6,0.25,False,True,False
35,107,94477.0,"(46, 22)",taxation,6,0.25,False,True,False
35,108,47331.0,"(3, 37)",taxation,6,0.25,False,True,False
35,109,85926.0,"(3, 36)",taxation,6,0.25,False,True,False
35,114,98766.0,"(48, 16)",taxation,6,0.25,False,True,False
35,116,94496.0,"(38, 28)",taxation,6,0.25,False,True,False
35,117,77335.0,"(32, 42)",taxation,6,0.25,False,True,False
35,118,94485.0,"(48, 13)",taxation,6,0.25,False,True,False
35,119,85915.0,"(15, 5)",taxation,6,0.25,False,True,False
35,121,85935.0,"(8, 19)",taxation,6,0.25,False,True,False
35,123,98774.0,"(45, 14)",taxation,6,0.25,False,True,False
35,124,81630.0,"(14, 11)",taxation,6,0.25,False,True,False
35,126,85887.0,"(47, 25)",taxation,6,0.25,False,True,False
35,127,90183.0,"(47, 10)",taxation,6,0.25,False,True,False
35,128,94483.0,"(44, 26)",taxation,6,0.25,False,True,False
35,129,81640.0,"(43, 20)",taxation,6,0.25,False,True,False
35,130,94486.0,"(41, 34)",taxation,6,0.25,False,True,False
35,131,85917.0,"(10, 15)",taxation,6,0.25,False,True,False
35,132,94473.0,"(43, 30)",taxation,6,0.25,False,True,False
35,135,85904.0,"(24, 46)",taxation,6,0.25,False,True,False
35,136,68761.0,"(16, 11)",taxation,6,0.25,False,True,False
35,138,90190.0,"(21, 9)",taxation,6,0.25,False,True,False
35,143,85891.0,"(11, 20)",taxation,6,0.25,False,True,False
35,150,73038.0,"(11, 18)",taxation,6,0.25,False,True,False
35,151,68763.0,"(40, 36)",taxation,6,0.25,False,True,False
35,152,90200.0,"(12, 42)",taxation,6,0.25,False,True,False
35,153,43028.0,"(43, 29)",taxation,6,0.25,False,True,False
35,155,90204.0,"(45, 24)",taxation,6,0.25,False,True,False
35,157,81610.0,"(8, 37)",taxation,6,0.25,False,True,False
35,159,68779.0,"(48, 21)",taxation,6,0.25,False,True,False
35,160,77342.0,"(8, 20)",taxation,6,0.25,False,True,False
35,163,103050.0,"(26, 46)",taxation,6,0.25,False,True,False
35,164,90200.0,"(33, 0)",taxation,6,0.25,False,True,False
35,166,81635.0,"(24, 1)",taxation,6,0.25,False,True,False
35,171,85933.0,"(31, 40)",taxation,6,0.25,False,True,False
35,177,85936.0,"(47, 20)",taxation,6,0.25,False,True,False
35,178,94485.0,"(40, 1)",taxation,6,0.25,False,True,False
35,181,85907.00000000001,"(35, 23)",taxation,6,0.25,False,True,False
35,184,85891.0,"(9, 24)",taxation,6,0.25,False,True,False
35,185,85904.0,"(32, 43)",taxation,6,0.25,False,True,False
35,188,85916.0,"(36, 39)",taxation,6,0.25,False,True,False
35,190,85930.0,"(11, 14)",taxation,6,0.25,False,True,False
35,191,98746.0,"(47, 23)",taxation,6,0.25,False,True,False
35,192,77357.0,"(24, 0)",taxation,6,0.25,False,True,False
35,194,77351.0,"(5, 35)",taxation,6,0.25,False,True,False
35,195,38748.0,"(27, 11)",taxation,6,0.25,False,True,False
35,197,68746.0,"(9, 39)",taxation,6,0.25,False,True,False
35,199,98744.0,"(20, 3)",taxation,6,0.25,False,True,False
35,200,81617.0,"(16, 8)",taxation,6,0.25,False,True,False
35,202,98751.0,"(20, 4)",taxation,6,0.25,False,True,False
35,204,94478.0,"(44, 16)",taxation,6,0.25,False,True,False
35,210,103041.0,"(9, 15)",taxation,6,0.25,False,True,False
35,211,55901.0,"(44, 32)",taxation,6,0.25,False,True,False
35,213,85926.0,"(4, 36)",taxation,6,0.25,False,True,False
35,215,94472.0,"(33, 40)",taxation,6,0.25,False,True,False
35,216,94482.0,"(11, 11)",taxation,6,0.25,False,True,False
35,217,51612.0,"(14, 41)",taxation,6,0.25,False,True,False
35,218,98766.0,"(35, 39)",taxation,6,0.25,False,True,False
35,220,94470.0,"(43, 22)",taxation,6,0.25,False,True,False
35,221,81622.0,"(44, 13)",taxation,6,0.25,False,True,False
35,222,85921.0,"(9, 18)",taxation,6,0.25,False,True,False
35,223,60176.0,"(9, 19)",taxation,6,0.25,False,True,False
35,224,73062.0,"(47, 26)",taxation,6,0.25,False,True,False
35,227,94472.0,"(45, 25)",taxation,6,0.25,False,True,False
35,229,94493.0,"(26, 40)",taxation,6,0.25,False,True,False
35,230,68770.0,"(4, 42)",taxation,6,0.25,False,True,False
35,232,51614.0,"(7, 23)",taxation,6,0.25,False,True,False
35,233,81621.0,"(47, 24)",taxation,6,0.25,False,True,False
35,235,85919.0,"(19, 4)",taxation,6,0.25,False,True,False
35,236,85904.0,"(25, 0)",taxation,6,0.25,False,True,False
35,237,68752.0,"(39, 37)",taxation,6,0.25,False,True,False
35,238,85925.0,"(41, 26)",taxation,6,0.25,False,True,False
35,239,85895.0,"(8, 23)",taxation,6,0.25,False,True,False
35,243,81621.0,"(44, 25)",taxation,6,0.25,False,True,False
35,244,98777.0,"(14, 43)",taxation,6,0.25,False,True,False
35,245,94480.0,"(4, 39)",taxation,6,0.25,False,True,False
35,248,85910.0,"(22, 2)",taxation,6,0.25,False,True,False
35,219-2,75178.0,"(32, 0)",taxation,6,0.25,False,True,False
35,158-2,62324.0,"(46, 23)",taxation,6,0.25,False,True,False
35,139-2,77328.25,"(13, 43)",taxation,6,0.25,False,True,False
35,179-2,55935.5,"(48, 19)",taxation,6,0.25,False,True,False
35,28-2,59146.25,"(18, 5)",taxation,6,0.25,False,True,False
35,187-2,34468.0,"(31, 42)",taxation,6,0.25,False,True,False
35,146-2,25906.0,"(44, 11)",taxation,6,0.25,False,True,False
35,94-2,21625.0,"(9, 38)",taxation,6,0.25,False,True,False
35,154-2,30187.0,"(12, 43)",taxation,6,0.25,False,True,False
35,173-2,17322.0,"(36, 38)",taxation,6,0.25,False,True,False
35,240-2,21600.0,"(44, 28)",taxation,6,0.25,False,True,False
35,246-2,64477.0,"(10, 21)",taxation,6,0.25,False,True,False
35,98-2,34496.0,"(47, 22)",taxation,6,0.25,False,True,False
35,140-2,224.0,"(32, 40)",taxation,6,0.25,False,True,False
35,176-2,208.0,"(41, 33)",taxation,6,0.25,False,True,False
35,208-2,68754.25,"(13, 20)",taxation,6,0.25,False,True,False
35,170-2,59130.75,"(36, 37)",taxation,6,0.25,False,True,False
35,1-2,49465.25,"(11, 13)",taxation,6,0.25,False,True,False
35,23-2,69852.0,"(32, 6)",taxation,6,0.25,False,True,False
35,17-2,70892.5,"(43, 9)",taxation,6,0.25,False,True,False
35,31-2,77324.5,"(38, 38)",taxation,6,0.25,False,True,False
35,228-2,50546.0,"(41, 36)",taxation,6,0.25,False,True,False
35,149-2,58066.0,"(8, 38)",taxation,6,0.25,False,True,False
35,206-2,65543.25,"(13, 41)",taxation,6,0.25,False,True,False
35,242-2,29118.25,"(43, 23)",taxation,6,0.25,False,True,False
35,75-2,61268.0,"(4, 37)",taxation,6,0.25,False,True,False
35,74-2,75183.0,"(29, 42)",taxation,6,0.25,False,True,False
35,241-2,61251.5,"(44, 22)",taxation,6,0.25,False,True,False
35,42-2,48406.5,"(31, 41)",taxation,6,0.25,False,True,False
35,142-2,41950.75,"(44, 29)",taxation,6,0.25,False,True,False
35,172-2,70900.75,"(12, 10)",taxation,6,0.25,False,True,False
35,167-2,67694.75,"(21, 3)",taxation,6,0.25,False,True,False
35,38-2,67691.5,"(44, 30)",taxation,6,0.25,False,True,False
35,198-2,61272.5,"(10, 42)",taxation,6,0.25,False,True,False
35,0-2,45192.25,"(19, 5)",taxation,6,0.25,False,True,False
35,6-2,74106.0,"(30, 42)",taxation,6,0.25,False,True,False
35,76-2,64481.750000000015,"(10, 40)",taxation,6,0.25,False,True,False
35,144-2,64474.5,"(27, 42)",taxation,6,0.25,False,True,False
35,25-2,58039.0,"(13, 40)",taxation,6,0.25,False,True,False
35,40-2,70909.0,"(13, 14)",taxation,6,0.25,False,True,False
35,10-2,67674.25,"(43, 26)",taxation,6,0.25,False,True,False
35,180-2,64484.25,"(28, 42)",taxation,6,0.25,False,True,False
35,212-2,67665.75,"(28, 11)",taxation,6,0.25,False,True,False
35,63-2,61245.75,"(14, 9)",taxation,6,0.25,False,True,False
35,189-2,58032.5,"(9, 23)",taxation,6,0.25,False,True,False
35,54-2,64481.25,"(17, 5)",taxation,6,0.25,False,True,False
35,4-2,48378.25,"(21, 7)",taxation,6,0.25,False,True,False
35,83-2,70882.75,"(13, 42)",taxation,6,0.25,False,True,False
35,249-2,67672.0,"(31, 43)",taxation,6,0.25,False,True,False
35,22-2,74110.0,"(12, 12)",taxation,6,0.25,False,True,False
35,205-2,32312.75,"(24, 9)",taxation,6,0.25,False,True,False
35,156-2,48382.5,"(11, 43)",taxation,6,0.25,False,True,False
35,51-2,67661.5,"(7, 39)",taxation,6,0.25,False,True,False
35,133-2,58025.0,"(42, 32)",taxation,6,0.25,False,True,False
35,73-2,67676.25,"(11, 12)",taxation,6,0.25,False,True,False
35,56-2,64461.75,"(7, 38)",taxation,6,0.25,False,True,False
35,182-2,67668.25,"(12, 21)",taxation,6,0.25,False,True,False
35,71-2,70889.25,"(42, 2)",taxation,6,0.25,False,True,False
35,91-2,70880.75,"(14, 10)",taxation,6,0.25,False,True,False
35,226-2,64441.75,"(18, 4)",taxation,6,0.25,False,True,False
35,225-2,67655.75,"(7, 37)",taxation,6,0.25,False,True,False
35,148-2,51581.25,"(5, 36)",taxation,6,0.25,False,True,False
35,16-2,74113.5,"(13, 9)",taxation,6,0.25,False,True,False
35,111-2,70879.25,"(13, 11)",taxation,6,0.25,False,True,False
35,134-2,64464.0,"(49, 18)",taxation,6,0.25,False,True,False
35,168-2,70889.5,"(9, 13)",taxation,6,0.25,False,True,False
35,106-2,61259.75,"(42, 7)",taxation,6,0.25,False,True,False
35,162-2,67663.5,"(39, 1)",taxation,6,0.25,False,True,False
35,214-2,41938.0,"(34, 5)",taxation,6,0.25,False,True,False
35,110-2,74081.0,"(28, 43)",taxation,6,0.25,False,True,False
35,95-2,74087.5,"(40, 35)",taxation,6,0.25,False,True,False
35,122-2,54802.25,"(35, 38)",taxation,6,0.25,False,True,False
35,231-2,41947.75,"(12, 13)",taxation,6,0.25,False,True,False
35,100-2,64454.75,"(15, 9)",taxation,6,0.25,False,True,False
35,141-2,51602.5,"(25, 40)",taxation,6,0.25,False,True,False
35,165-2,77308.0,"(31, 0)",taxation,6,0.25,False,True,False
35,186-2,61248.25,"(13, 12)",taxation,6,0.25,False,True,False
35,201-2,45150.25,"(40, 34)",taxation,6,0.25,False,True,False
35,21-2,61233.25,"(39, 31)",taxation,6,0.25,False,True,False
35,183-2,45157.75,"(41, 35)",taxation,6,0.25,False,True,False
35,203-2,77288.25,"(27, 8)",taxation,6,0.25,False,True,False
35,32-2,70858.75,"(8, 39)",taxation,6,0.25,False,True,False
35,115-2,70864.75,"(23, 1)",taxation,6,0.25,False,True,False
35,169-2,51597.0,"(44, 27)",taxation,6,0.25,False,True,False
35,78-2,61233.25,"(16, 7)",taxation,6,0.25,False,True,False
35,137-2,58017.5,"(17, 6)",taxation,6,0.25,False,True,False
35,55-2,70865.25,"(10, 16)",taxation,6,0.25,False,True,False
35,112-2,70869.5,"(11, 42)",taxation,6,0.25,False,True,False
35,193-2,58025.5,"(10, 14)",taxation,6,0.25,False,True,False
35,50-2,74080.5,"(42, 24)",taxation,6,0.25,False,True,False
35,53-2,41938.25,"(15, 6)",taxation,6,0.25,False,True,False
35,5-2,29071.5,"(45, 26)",taxation,6,0.25,False,True,False
35,247-2,58024.0,"(12, 11)",taxation,6,0.25,False,True,False
35,147-2,64446.75,"(47, 13)",taxation,6,0.25,False,True,False
35,145-2,67654.0,"(35, 40)",taxation,6,0.25,False,True,False
35,207-2,51577.75,"(14, 8)",taxation,6,0.25,False,True,False
35,120-2,74054.0,"(6, 36)",taxation,6,0.25,False,True,False
35,125-2,70874.0,"(9, 16)",taxation,6,0.25,False,True,False
35,41-2,70879.0,"(32, 41)",taxation,6,0.25,False,True,False
35,209-2,74088.5,"(48, 11)",taxation,6,0.25,False,True,False
35,113-2,67640.75,"(14, 12)",taxation,6,0.25,False,True,False
35,68-2,54790.75,"(13, 39)",taxation,6,0.25,False,True,False
35,161-2,54790.0,"(13, 15)",taxation,6,0.25,False,True,False
35,175-2,54790.5,"(39, 11)",taxation,6,0.25,False,True,False
35,85-2,58005.0,"(47, 21)",taxation,6,0.25,False,True,False
35,234-2,67638.5,"(9, 14)",taxation,6,0.25,False,True,False
35,45-2,67644.75,"(13, 13)",taxation,6,0.25,False,True,False
35,196-2,45149.0,"(13, 19)",taxation,6,0.25,False,True,False
35,174-2,70857.5,"(48, 18)",taxation,6,0.25,False,True,False
35,103-2,64427.5,"(16, 6)",taxation,6,0.25,False,True,False
35,33-2,51584.25,"(26, 8)",taxation,6,0.25,False,True,False
35,19-2,67638.0,"(8, 17)",taxation,6,0.25,False,True,False
36,2,85905.0,"(28, 47)",taxation,6,0.25,False,True,False
36,3,51608.0,"(15, 36)",taxation,6,0.25,False,True,False
36,7,64476.0,"(11, 34)",taxation,6,0.25,False,True,False
36,8,85938.0,"(8, 14)",taxation,6,0.25,False,True,False
36,9,73077.0,"(5, 17)",taxation,6,0.25,False,True,False
36,11,68747.0,"(7, 33)",taxation,6,0.25,False,True,False
36,12,81627.0,"(22, 0)",taxation,6,0.25,False,True,False
36,13,81634.0,"(16, 21)",taxation,6,0.25,False,True,False
36,14,21619.0,"(5, 22)",taxation,6,0.25,False,True,False
36,15,77370.0,"(16, 3)",taxation,6,0.25,False,True,False
36,18,98784.0,"(48, 25)",taxation,6,0.25,False,True,False
36,20,81629.0,"(16, 2)",taxation,6,0.25,False,True,False
36,24,68791.0,"(49, 19)",taxation,6,0.25,False,True,False
36,26,68782.0,"(12, 27)",taxation,6,0.25,False,True,False
36,27,77343.0,"(19, 0)",taxation,6,0.25,False,True,False
36,29,85917.0,"(6, 17)",taxation,6,0.25,False,True,False
36,30,98774.0,"(3, 21)",taxation,6,0.25,False,True,False
36,34,77341.0,"(24, 44)",taxation,6,0.25,False,True,False
36,35,85931.0,"(7, 20)",taxation,6,0.25,False,True,False
36,36,64481.0,"(4, 17)",taxation,6,0.25,False,True,False
36,37,90217.0,"(49, 14)",taxation,6,0.25,False,True,False
36,39,60194.0,"(18, 3)",taxation,6,0.25,False,True,False
36,43,85922.0,"(22, 5)",taxation,6,0.25,False,True,False
36,44,55924.0,"(48, 12)",taxation,6,0.25,False,True,False
36,46,60201.0,"(16, 4)",taxation,6,0.25,False,True,False
36,47,60209.0,"(5, 19)",taxation,6,0.25,False,True,False
36,48,90176.0,"(23, 4)",taxation,6,0.25,False,True,False
36,49,81647.0,"(7, 17)",taxation,6,0.25,False,True,False
36,52,64482.0,"(47, 8)",taxation,6,0.25,False,True,False
36,57,77332.0,"(38, 3)",taxation,6,0.25,False,True,False
36,58,90170.0,"(6, 19)",taxation,6,0.25,False,True,False
36,59,77332.0,"(6, 34)",taxation,6,0.25,False,True,False
36,60,90201.0,"(45, 27)",taxation,6,0.25,False,True,False
36,61,103054.0,"(5, 23)",taxation,6,0.25,False,True,False
36,62,85938.0,"(7, 18)",taxation,6,0.25,False,True,False
36,64,85914.0,"(48, 9)",taxation,6,0.25,False,True,False
36,65,98755.0,"(35, 37)",taxation,6,0.25,False,True,False
36,66,94483.0,"(43, 21)",taxation,6,0.25,False,True,False
36,67,64478.0,"(5, 18)",taxation,6,0.25,False,True,False
36,69,94496.0,"(12, 38)",taxation,6,0.25,False,True,False
36,70,90219.0,"(8, 21)",taxation,6,0.25,False,True,False
36,72,98752.0,"(29, 47)",taxation,6,0.25,False,True,False
36,77,73046.0,"(10, 34)",taxation,6,0.25,False,True,False
36,79,81615.0,"(11, 38)",taxation,6,0.25,False,True,False
36,80,94480.0,"(49, 15)",taxation,6,0.25,False,True,False
36,81,81658.0,"(48, 10)",taxation,6,0.25,False,True,False
36,82,90194.0,"(9, 21)",taxation,6,0.25,False,True,False
36,84,85926.0,"(11, 37)",taxation,6,0.25,False,True,False
36,86,85932.0,"(44, 36)",taxation,6,0.25,False,True,False
36,87,85893.0,"(21, 44)",taxation,6,0.25,False,True,False
36,88,85920.0,"(48, 31)",taxation,6,0.25,False,True,False
36,89,90212.0,"(27, 47)",taxation,6,0.25,False,True,False
36,90,77371.0,"(46, 9)",taxation,6,0.25,False,True,False
36,92,94474.0,"(4, 19)",taxation,6,0.25,False,True,False
36,93,38762.0,"(46, 28)",taxation,6,0.25,False,True,False
36,96,98777.0,"(7, 21)",taxation,6,0.25,False,True,False
36,97,68756.0,"(47, 31)",taxation,6,0.25,False,True,False
36,99,81612.0,"(46, 29)",taxation,6,0.25,False,True,False
36,101,85936.0,"(39, 5)",taxation,6,0.25,False,True,False
36,102,60187.0,"(28, 44)",taxation,6,0.25,False,True,False
36,104,81657.0,"(18, 1)",taxation,6,0.25,False,True,False
36,105,77345.0,"(14, 13)",taxation,6,0.25,False,True,False
36,107,94485.0,"(49, 24)",taxation,6,0.25,False,True,False
36,108,47338.0,"(6, 33)",taxation,6,0.25,False,True,False
36,109,85933.0,"(3, 30)",taxation,6,0.25,False,True,False
36,114,98775.0,"(49, 17)",taxation,6,0.25,False,True,False
36,116,94503.0,"(41, 27)",taxation,6,0.25,False,True,False
36,117,77343.0,"(33, 41)",taxation,6,0.25,False,True,False
36,118,94493.0,"(48, 8)",taxation,6,0.25,False,True,False
36,119,85922.0,"(17, 0)",taxation,6,0.25,False,True,False
36,121,85943.0,"(3, 20)",taxation,6,0.25,False,True,False
36,123,98782.0,"(44, 10)",taxation,6,0.25,False,True,False
36,124,81633.0,"(20, 13)",taxation,6,0.25,False,True,False
36,126,85895.0,"(48, 29)",taxation,6,0.25,False,True,False
36,127,90192.0,"(49, 10)",taxation,6,0.25,False,True,False
36,128,94491.0,"(47, 28)",taxation,6,0.25,False,True,False
36,129,81648.0,"(49, 25)",taxation,6,0.25,False,True,False
36,131,85925.0,"(4, 18)",taxation,6,0.25,False,True,False
36,132,94481.0,"(47, 30)",taxation,6,0.25,False,True,False
36,135,85912.0,"(25, 47)",taxation,6,0.25,False,True,False
36,136,68767.0,"(22, 7)",taxation,6,0.25,False,True,False
36,138,90197.0,"(22, 6)",taxation,6,0.25,False,True,False
36,143,85899.0,"(6, 26)",taxation,6,0.25,False,True,False
36,150,73045.0,"(7, 22)",taxation,6,0.25,False,True,False
36,151,68770.0,"(42, 35)",taxation,6,0.25,False,True,False
36,152,90207.0,"(13, 38)",taxation,6,0.25,False,True,False
36,153,43036.0,"(47, 33)",taxation,6,0.25,False,True,False
36,157,81617.0,"(10, 36)",taxation,6,0.25,False,True,False
36,159,68788.0,"(48, 22)",taxation,6,0.25,False,True,False
36,160,77350.0,"(6, 20)",taxation,6,0.25,False,True,False
36,163,103058.0,"(26, 47)",taxation,6,0.25,False,True,False
36,164,90207.0,"(36, 4)",taxation,6,0.25,False,True,False
36,166,81642.0,"(24, 2)",taxation,6,0.25,False,True,False
36,171,85941.0,"(27, 44)",taxation,6,0.25,False,True,False
36,177,85943.0,"(44, 20)",taxation,6,0.25,False,True,False
36,178,94493.0,"(45, 3)",taxation,6,0.25,False,True,False
36,181,85914.00000000001,"(41, 24)",taxation,6,0.25,False,True,False
36,184,85899.0,"(7, 25)",taxation,6,0.25,False,True,False
36,185,85912.0,"(30, 45)",taxation,6,0.25,False,True,False
36,188,85923.0,"(39, 34)",taxation,6,0.25,False,True,False
36,190,85938.0,"(5, 20)",taxation,6,0.25,False,True,False
36,191,98755.0,"(49, 21)",taxation,6,0.25,False,True,False
36,192,77365.0,"(21, 0)",taxation,6,0.25,False,True,False
36,194,77359.0,"(6, 29)",taxation,6,0.25,False,True,False
36,195,38754.0,"(25, 8)",taxation,6,0.25,False,True,False
36,197,68753.0,"(12, 36)",taxation,6,0.25,False,True,False
36,199,98751.0,"(19, 1)",taxation,6,0.25,False,True,False
36,200,81624.0,"(22, 4)",taxation,6,0.25,False,True,False
36,202,98758.0,"(20, 1)",taxation,6,0.25,False,True,False
36,204,94486.0,"(43, 13)",taxation,6,0.25,False,True,False
36,210,103049.0,"(3, 17)",taxation,6,0.25,False,True,False
36,211,55909.0,"(47, 32)",taxation,6,0.25,False,True,False
36,213,85933.0,"(6, 32)",taxation,6,0.25,False,True,False
36,215,94480.0,"(28, 45)",taxation,6,0.25,False,True,False
36,216,94491.0,"(7, 15)",taxation,6,0.25,False,True,False
36,217,51620.0,"(19, 45)",taxation,6,0.25,False,True,False
36,218,98774.0,"(30, 44)",taxation,6,0.25,False,True,False
36,220,94479.0,"(49, 22)",taxation,6,0.25,False,True,False
36,221,81631.0,"(49, 11)",taxation,6,0.25,False,True,False
36,222,85929.0,"(4, 20)",taxation,6,0.25,False,True,False
36,223,60185.0,"(6, 18)",taxation,6,0.25,False,True,False
36,224,73070.0,"(49, 30)",taxation,6,0.25,False,True,False
36,227,94480.0,"(49, 27)",taxation,6,0.25,False,True,False
36,229,94501.0,"(25, 43)",taxation,6,0.25,False,True,False
36,230,68775.0,"(3, 39)",taxation,6,0.25,False,True,False
36,232,51622.0,"(7, 24)",taxation,6,0.25,False,True,False
36,233,81630.0,"(48, 24)",taxation,6,0.25,False,True,False
36,235,85926.0,"(20, 2)",taxation,6,0.25,False,True,False
36,236,85911.0,"(23, 3)",taxation,6,0.25,False,True,False
36,237,68759.0,"(39, 33)",taxation,6,0.25,False,True,False
36,238,85933.0,"(45, 30)",taxation,6,0.25,False,True,False
36,239,85903.0,"(8, 24)",taxation,6,0.25,False,True,False
36,243,81630.0,"(48, 26)",taxation,6,0.25,False,True,False
36,244,98784.0,"(16, 40)",taxation,6,0.25,False,True,False
36,245,94487.0,"(5, 34)",taxation,6,0.25,False,True,False
36,248,85918.0,"(22, 1)",taxation,6,0.25,False,True,False
36,219-2,75185.0,"(37, 4)",taxation,6,0.25,False,True,False
36,158-2,62333.0,"(49, 20)",taxation,6,0.25,False,True,False
36,139-2,77335.25,"(15, 41)",taxation,6,0.25,False,True,False
36,179-2,55941.5,"(44, 23)",taxation,6,0.25,False,True,False
36,28-2,59154.25,"(17, 2)",taxation,6,0.25,False,True,False
36,187-2,34476.0,"(29, 45)",taxation,6,0.25,False,True,False
36,146-2,25915.0,"(47, 9)",taxation,6,0.25,False,True,False
36,94-2,21631.0,"(9, 34)",taxation,6,0.25,False,True,False
36,154-2,30194.0,"(15, 40)",taxation,6,0.25,False,True,False
36,173-2,17329.0,"(33, 38)",taxation,6,0.25,False,True,False
36,240-2,21608.0,"(49, 31)",taxation,6,0.25,False,True,False
36,246-2,64485.0,"(6, 21)",taxation,6,0.25,False,True,False
36,98-2,34504.0,"(49, 26)",taxation,6,0.25,False,True,False
36,140-2,231.0,"(27, 41)",taxation,6,0.25,False,True,False
36,176-2,216.0,"(44, 33)",taxation,6,0.25,False,True,False
36,208-2,68761.25,"(11, 25)",taxation,6,0.25,False,True,False
36,170-2,59137.75,"(33, 39)",taxation,6,0.25,False,True,False
36,1-2,49474.25,"(5, 16)",taxation,6,0.25,False,True,False
36,23-2,69859.0,"(38, 11)",taxation,6,0.25,False,True,False
36,17-2,70900.5,"(42, 9)",taxation,6,0.25,False,True,False
36,31-2,77331.5,"(42, 34)",taxation,6,0.25,False,True,False
36,228-2,50554.0,"(45, 33)",taxation,6,0.25,False,True,False
36,149-2,58073.0,"(11, 35)",taxation,6,0.25,False,True,False
36,206-2,65550.25,"(15, 39)",taxation,6,0.25,False,True,False
36,242-2,29126.25,"(49, 29)",taxation,6,0.25,False,True,False
36,75-2,61275.0,"(4, 31)",taxation,6,0.25,False,True,False
36,74-2,75191.0,"(27, 46)",taxation,6,0.25,False,True,False
36,241-2,61258.5,"(44, 21)",taxation,6,0.25,False,True,False
36,42-2,48413.5,"(31, 45)",taxation,6,0.25,False,True,False
36,142-2,41959.75,"(49, 23)",taxation,6,0.25,False,True,False
36,172-2,70902.75,"(18, 15)",taxation,6,0.25,False,True,False
36,167-2,67701.75,"(21, 2)",taxation,6,0.25,False,True,False
36,38-2,67699.5,"(46, 30)",taxation,6,0.25,False,True,False
36,198-2,61278.5,"(12, 41)",taxation,6,0.25,False,True,False
36,0-2,45200.25,"(19, 3)",taxation,6,0.25,False,True,False
36,6-2,74114.0,"(29, 44)",taxation,6,0.25,False,True,False
36,76-2,64488.750000000015,"(14, 37)",taxation,6,0.25,False,True,False
36,144-2,64482.5,"(27, 43)",taxation,6,0.25,False,True,False
36,25-2,58046.0,"(14, 40)",taxation,6,0.25,False,True,False
36,40-2,70912.0,"(17, 20)",taxation,6,0.25,False,True,False
36,10-2,67682.25,"(48, 32)",taxation,6,0.25,False,True,False
36,180-2,64492.25,"(29, 43)",taxation,6,0.25,False,True,False
36,212-2,67672.75,"(25, 5)",taxation,6,0.25,False,True,False
36,63-2,61253.75,"(17, 3)",taxation,6,0.25,False,True,False
36,189-2,58040.5,"(6, 25)",taxation,6,0.25,False,True,False
36,54-2,64488.25,"(18, 0)",taxation,6,0.25,False,True,False
36,4-2,48385.25,"(23, 5)",taxation,6,0.25,False,True,False
36,83-2,70889.75,"(16, 38)",taxation,6,0.25,False,True,False
36,249-2,67680.0,"(28, 46)",taxation,6,0.25,False,True,False
36,22-2,74112.0,"(18, 13)",taxation,6,0.25,False,True,False
36,205-2,32319.75,"(24, 5)",taxation,6,0.25,False,True,False
36,156-2,48389.5,"(14, 39)",taxation,6,0.25,False,True,False
36,51-2,67668.5,"(12, 35)",taxation,6,0.25,False,True,False
36,133-2,58032.0,"(42, 33)",taxation,6,0.25,False,True,False
36,73-2,67678.25,"(10, 18)",taxation,6,0.25,False,True,False
36,56-2,64468.75,"(10, 35)",taxation,6,0.25,False,True,False
36,182-2,67675.25,"(11, 24)",taxation,6,0.25,False,True,False
36,71-2,70897.25,"(44, 3)",taxation,6,0.25,False,True,False
36,91-2,70885.75,"(16, 5)",taxation,6,0.25,False,True,False
36,226-2,64448.75,"(18, 2)",taxation,6,0.25,False,True,False
36,225-2,67662.75,"(8, 33)",taxation,6,0.25,False,True,False
36,148-2,51589.25,"(9, 30)",taxation,6,0.25,False,True,False
36,16-2,74115.5,"(19, 9)",taxation,6,0.25,False,True,False
36,111-2,70881.25,"(19, 11)",taxation,6,0.25,False,True,False
36,134-2,64473.0,"(49, 12)",taxation,6,0.25,False,True,False
36,168-2,70898.5,"(6, 15)",taxation,6,0.25,False,True,False
36,106-2,61267.75,"(42, 8)",taxation,6,0.25,False,True,False
36,162-2,67671.5,"(43, 2)",taxation,6,0.25,False,True,False
36,214-2,41945.0,"(40, 0)",taxation,6,0.25,False,True,False
36,110-2,74089.0,"(27, 45)",taxation,6,0.25,False,True,False
36,95-2,74095.5,"(45, 32)",taxation,6,0.25,False,True,False
36,122-2,54809.25,"(39, 32)",taxation,6,0.25,False,True,False
36,231-2,41949.75,"(17, 18)",taxation,6,0.25,False,True,False
36,100-2,64460.75,"(21, 5)",taxation,6,0.25,False,True,False
36,141-2,51610.5,"(25, 44)",taxation,6,0.25,False,True,False
36,165-2,77314.0,"(29, 4)",taxation,6,0.25,False,True,False
36,186-2,61251.25,"(19, 15)",taxation,6,0.25,False,True,False
36,201-2,45158.25,"(45, 31)",taxation,6,0.25,False,True,False
36,21-2,61241.25,"(43, 34)",taxation,6,0.25,False,True,False
36,183-2,45165.75,"(44, 35)",taxation,6,0.25,False,True,False
36,203-2,77295.25,"(28, 5)",taxation,6,0.25,False,True,False
36,32-2,70865.75,"(11, 36)",taxation,6,0.25,False,True,False
36,115-2,70871.75,"(21, 1)",taxation,6,0.25,False,True,False
36,169-2,51605.0,"(48, 30)",taxation,6,0.25,False,True,False
36,78-2,61241.25,"(17, 4)",taxation,6,0.25,False,True,False
36,137-2,58024.5,"(19, 2)",taxation,6,0.25,False,True,False
36,55-2,70874.25,"(6, 16)",taxation,6,0.25,False,True,False
36,112-2,70876.5,"(11, 41)",taxation,6,0.25,False,True,False
36,193-2,58027.5,"(10, 20)",taxation,6,0.25,False,True,False
36,50-2,74089.5,"(48, 23)",taxation,6,0.25,False,True,False
36,53-2,41945.25,"(16, 1)",taxation,6,0.25,False,True,False
36,5-2,29079.5,"(48, 27)",taxation,6,0.25,False,True,False
36,247-2,58026.0,"(18, 16)",taxation,6,0.25,False,True,False
36,147-2,64455.75,"(49, 13)",taxation,6,0.25,False,True,False
36,145-2,67661.0,"(34, 41)",taxation,6,0.25,False,True,False
36,207-2,51579.75,"(19, 10)",taxation,6,0.25,False,True,False
36,120-2,74061.0,"(6, 30)",taxation,6,0.25,False,True,False
36,125-2,70882.0,"(3, 19)",taxation,6,0.25,False,True,False
36,41-2,70887.0,"(34, 40)",taxation,6,0.25,False,True,False
36,209-2,74096.5,"(49, 9)",taxation,6,0.25,False,True,False
36,113-2,67644.75,"(20, 16)",taxation,6,0.25,False,True,False
36,68-2,54797.75,"(16, 39)",taxation,6,0.25,False,True,False
36,161-2,54799.0,"(8, 15)",taxation,6,0.25,False,True,False
36,175-2,54798.5,"(41, 12)",taxation,6,0.25,False,True,False
36,85-2,58012.0,"(42, 26)",taxation,6,0.25,False,True,False
36,234-2,67646.5,"(3, 18)",taxation,6,0.25,False,True,False
36,45-2,67653.75,"(7, 16)",taxation,6,0.25,False,True,False
36,196-2,45157.0,"(10, 24)",taxation,6,0.25,False,True,False
36,174-2,70865.5,"(45, 12)",taxation,6,0.25,False,True,False
36,103-2,64434.5,"(17, 1)",taxation,6,0.25,False,True,False
36,33-2,51591.25,"(27, 4)",taxation,6,0.25,False,True,False
36,19-2,67647.0,"(8, 16)",taxation,6,0.25,False,True,False
36,130-2,70870.5,"(44, 34)",taxation,6,0.25,False,True,False
36,155-2,67658.25,"(43, 25)",taxation,6,0.25,False,True,False
37,3,51616.0,"(21, 39)",taxation,6,0.25,False,True,False
37,7,64484.0,"(7, 28)",taxation,6,0.25,False,True,False
37,8,85941.0,"(14, 20)",taxation,6,0.25,False,True,False
37,9,73086.0,"(0, 22)",taxation,6,0.25,False,True,False
37,11,68755.0,"(7, 27)",taxation,6,0.25,False,True,False
37,12,81632.0,"(28, 4)",taxation,6,0.25,False,True,False
37,13,81642.0,"(10, 27)",taxation,6,0.25,False,True,False
37,14,21628.0,"(2, 22)",taxation,6,0.25,False,True,False
37,15,77372.0,"(18, 7)",taxation,6,0.25,False,True,False
37,18,98787.0,"(45, 20)",taxation,6,0.25,False,True,False
37,20,81632.0,"(20, 7)",taxation,6,0.25,False,True,False
37,24,68795.0,"(43, 16)",taxation,6,0.25,False,True,False
37,26,68790.0,"(11, 27)",taxation,6,0.25,False,True,False
37,27,77350.0,"(16, 0)",taxation,6,0.25,False,True,False
37,29,85922.0,"(0, 23)",taxation,6,0.25,False,True,False
37,30,98782.0,"(0, 24)",taxation,6,0.25,False,True,False
37,34,77349.0,"(23, 44)",taxation,6,0.25,False,True,False
37,35,85940.0,"(3, 22)",taxation,6,0.25,False,True,False
37,36,64490.0,"(2, 17)",taxation,6,0.25,False,True,False
37,37,90222.0,"(45, 9)",taxation,6,0.25,False,True,False
37,39,60196.0,"(19, 6)",taxation,6,0.25,False,True,False
37,43,85929.0,"(24, 6)",taxation,6,0.25,False,True,False
37,44,55933.0,"(49, 8)",taxation,6,0.25,False,True,False
37,46,60206.0,"(22, 10)",taxation,6,0.25,False,True,False
37,47,60217.0,"(1, 25)",taxation,6,0.25,False,True,False
37,48,90183.0,"(23, 6)",taxation,6,0.25,False,True,False
37,49,81656.0,"(1, 19)",taxation,6,0.25,False,True,False
37,52,64491.0,"(47, 5)",taxation,6,0.25,False,True,False
37,57,77340.0,"(41, 1)",taxation,6,0.25,False,True,False
37,58,90178.0,"(2, 24)",taxation,6,0.25,False,True,False
37,59,77340.0,"(7, 30)",taxation,6,0.25,False,True,False
37,60,90209.0,"(43, 28)",taxation,6,0.25,False,True,False
37,61,103063.0,"(3, 23)",taxation,6,0.25,False,True,False
37,62,85943.0,"(6, 24)",taxation,6,0.25,False,True,False
37,64,85923.0,"(48, 7)",taxation,6,0.25,False,True,False
37,65,98762.0,"(34, 37)",taxation,6,0.25,False,True,False
37,66,94490.0,"(42, 20)",taxation,6,0.25,False,True,False
37,67,64486.0,"(3, 24)",taxation,6,0.25,False,True,False
37,69,94503.0,"(14, 36)",taxation,6,0.25,False,True,False
37,70,90228.0,"(4, 23)",taxation,6,0.25,False,True,False
37,72,98760.0,"(29, 49)",taxation,6,0.25,False,True,False
37,77,73053.0,"(12, 32)",taxation,6,0.25,False,True,False
37,79,81622.0,"(13, 36)",taxation,6,0.25,False,True,False
37,80,94485.0,"(43, 11)",taxation,6,0.25,False,True,False
37,81,81667.0,"(46, 7)",taxation,6,0.25,False,True,False
37,82,90203.0,"(4, 24)",taxation,6,0.25,False,True,False
37,84,85933.0,"(13, 35)",taxation,6,0.25,False,True,False
37,87,85901.0,"(20, 44)",taxation,6,0.25,False,True,False
37,88,85928.0,"(46, 32)",taxation,6,0.25,False,True,False
37,89,90221.0,"(26, 49)",taxation,6,0.25,False,True,False
37,90,77380.0,"(46, 8)",taxation,6,0.25,False,True,False
37,92,94483.0,"(2, 19)",taxation,6,0.25,False,True,False
37,93,38770.0,"(46, 33)",taxation,6,0.25,False,True,False
37,96,98785.0,"(7, 26)",taxation,6,0.25,False,True,False
37,97,68763.0,"(43, 32)",taxation,6,0.25,False,True,False
37,99,81620.0,"(45, 29)",taxation,6,0.25,False,True,False
37,101,85944.0,"(41, 8)",taxation,6,0.25,False,True,False
37,102,60195.0,"(24, 43)",taxation,6,0.25,False,True,False
37,104,81664.0,"(24, 4)",taxation,6,0.25,False,True,False
37,105,77349.0,"(20, 17)",taxation,6,0.25,False,True,False
37,107,94489.0,"(43, 18)",taxation,6,0.25,False,True,False
37,108,47346.0,"(6, 28)",taxation,6,0.25,False,True,False
37,109,85941.0,"(5, 28)",taxation,6,0.25,False,True,False
37,114,98780.0,"(44, 15)",taxation,6,0.25,False,True,False
37,116,94511.0,"(41, 30)",taxation,6,0.25,False,True,False
37,117,77350.0,"(30, 41)",taxation,6,0.25,False,True,False
37,118,94501.0,"(46, 6)",taxation,6,0.25,False,True,False
37,119,85924.0,"(21, 4)",taxation,6,0.25,False,True,False
37,121,85951.0,"(0, 19)",taxation,6,0.25,False,True,False
37,123,98791.0,"(47, 6)",taxation,6,0.25,False,True,False
37,124,81639.0,"(26, 11)",taxation,6,0.25,False,True,False
37,126,85903.0,"(49, 33)",taxation,6,0.25,False,True,False
37,127,90201.0,"(49, 6)",taxation,6,0.25,False,True,False
37,128,94498.0,"(43, 31)",taxation,6,0.25,False,True,False
37,129,81656.0,"(46, 31)",taxation,6,0.25,False,True,False
37,131,85934.0,"(1, 20)",taxation,6,0.25,False,True,False
37,132,94489.0,"(47, 29)",taxation,6,0.25,False,True,False
37,135,85920.0,"(23, 48)",taxation,6,0.25,False,True,False
37,136,68774.0,"(27, 7)",taxation,6,0.25,False,True,False
37,138,90204.0,"(24, 8)",taxation,6,0.25,False,True,False
37,143,85908.0,"(4, 25)",taxation,6,0.25,False,True,False
37,150,73053.0,"(6, 23)",taxation,6,0.25,False,True,False
37,151,68778.0,"(45, 35)",taxation,6,0.25,False,True,False
37,152,90214.0,"(16, 36)",taxation,6,0.25,False,True,False
37,153,43044.0,"(47, 35)",taxation,6,0.25,False,True,False
37,157,81624.0,"(10, 32)",taxation,6,0.25,False,True,False
37,159,68792.0,"(42, 18)",taxation,6,0.25,False,True,False
37,160,77358.0,"(2, 23)",taxation,6,0.25,False,True,False
37,163,103066.0,"(27, 49)",taxation,6,0.25,False,True,False
37,166,81649.0,"(27, 6)",taxation,6,0.25,False,True,False
37,171,85949.0,"(23, 41)",taxation,6,0.25,False,True,False
37,177,85950.0,"(41, 15)",taxation,6,0.25,False,True,False
37,178,94501.0,"(45, 2)",taxation,6,0.25,False,True,False
37,181,85921.00000000001,"(40, 24)",taxation,6,0.25,False,True,False
37,184,85908.0,"(1, 24)",taxation,6,0.25,False,True,False
37,185,85920.0,"(24, 40)",taxation,6,0.25,False,True,False
37,188,85930.0,"(39, 35)",taxation,6,0.25,False,True,False
37,190,85947.0,"(2, 20)",taxation,6,0.25,False,True,False
37,191,98759.0,"(43, 19)",taxation,6,0.25,False,True,False
37,192,77372.0,"(26, 6)",taxation,6,0.25,False,True,False
37,194,77368.0,"(3, 25)",taxation,6,0.25,False,True,False
37,195,38760.0,"(27, 9)",taxation,6,0.25,False,True,False
37,197,68761.0,"(8, 30)",taxation,6,0.25,False,True,False
37,199,98753.0,"(22, 3)",taxation,6,0.25,False,True,False
37,200,81631.0,"(26, 7)",taxation,6,0.25,False,True,False
37,202,98762.0,"(26, 3)",taxation,6,0.25,False,True,False
37,204,94493.0,"(38, 12)",taxation,6,0.25,False,True,False
37,210,103058.0,"(0, 20)",taxation,6,0.25,False,True,False
37,211,55917.0,"(48, 34)",taxation,6,0.25,False,True,False
37,213,85942.0,"(5, 26)",taxation,6,0.25,False,True,False
37,215,94488.0,"(23, 42)",taxation,6,0.25,False,True,False
37,216,94495.0,"(4, 21)",taxation,6,0.25,False,True,False
37,217,51628.0,"(20, 46)",taxation,6,0.25,False,True,False
37,218,98783.0,"(25, 48)",taxation,6,0.25,False,True,False
37,220,94486.0,"(43, 24)",taxation,6,0.25,False,True,False
37,221,81640.0,"(49, 7)",taxation,6,0.25,False,True,False
37,222,85938.0,"(0, 21)",taxation,6,0.25,False,True,False
37,223,60194.0,"(0, 18)",taxation,6,0.25,False,True,False
37,224,73078.0,"(48, 28)",taxation,6,0.25,False,True,False
37,227,94488.0,"(49, 28)",taxation,6,0.25,False,True,False
37,229,94510.0,"(25, 49)",taxation,6,0.25,False,True,False
37,230,68782.0,"(4, 35)",taxation,6,0.25,False,True,False
37,232,51631.0,"(2, 21)",taxation,6,0.25,False,True,False
37,233,81637.0,"(47, 27)",taxation,6,0.25,False,True,False
37,235,85929.0,"(25, 4)",taxation,6,0.25,False,True,False
37,236,85918.0,"(26, 4)",taxation,6,0.25,False,True,False
37,237,68767.0,"(40, 31)",taxation,6,0.25,False,True,False
37,238,85941.0,"(46, 35)",taxation,6,0.25,False,True,False
37,239,85911.0,"(8, 25)",taxation,6,0.25,False,True,False
37,243,81637.0,"(42, 25)",taxation,6,0.25,False,True,False
37,244,98792.0,"(19, 44)",taxation,6,0.25,False,True,False
37,245,94496.0,"(9, 29)",taxation,6,0.25,False,True,False
37,248,85923.0,"(28, 3)",taxation,6,0.25,False,True,False
37,219-2,75193.0,"(41, 6)",taxation,6,0.25,False,True,False
37,158-2,62337.0,"(44, 19)",taxation,6,0.25,False,True,False
37,139-2,77343.25,"(19, 41)",taxation,6,0.25,False,True,False
37,179-2,55949.5,"(42, 27)",taxation,6,0.25,False,True,False
37,28-2,59161.25,"(23, 8)",taxation,6,0.25,False,True,False
37,187-2,34484.0,"(26, 39)",taxation,6,0.25,False,True,False
37,146-2,25923.0,"(45, 7)",taxation,6,0.25,False,True,False
37,94-2,21638.0,"(9, 32)",taxation,6,0.25,False,True,False
37,154-2,30202.0,"(21, 42)",taxation,6,0.25,False,True,False
37,173-2,17337.0,"(27, 39)",taxation,6,0.25,False,True,False
37,240-2,21617.0,"(49, 32)",taxation,6,0.25,False,True,False
37,246-2,64493.0,"(8, 26)",taxation,6,0.25,False,True,False
37,98-2,34511.0,"(43, 27)",taxation,6,0.25,False,True,False
37,140-2,239.0,"(25, 41)",taxation,6,0.25,False,True,False
37,176-2,224.0,"(44, 31)",taxation,6,0.25,False,True,False
37,208-2,68769.25,"(10, 26)",taxation,6,0.25,False,True,False
37,170-2,59144.75,"(33, 37)",taxation,6,0.25,False,True,False
37,1-2,49478.25,"(10, 22)",taxation,6,0.25,False,True,False
37,23-2,69867.0,"(41, 9)",taxation,6,0.25,False,True,False
37,17-2,70909.5,"(45, 8)",taxation,6,0.25,False,True,False
37,31-2,77339.5,"(46, 34)",taxation,6,0.25,False,True,False
37,228-2,50561.0,"(41, 32)",taxation,6,0.25,False,True,False
37,149-2,58081.0,"(11, 29)",taxation,6,0.25,False,True,False
37,206-2,65558.25,"(20, 43)",taxation,6,0.25,False,True,False
37,242-2,29134.25,"(49, 34)",taxation,6,0.25,False,True,False
37,75-2,61283.0,"(3, 29)",taxation,6,0.25,False,True,False
37,74-2,75199.0,"(22, 42)",taxation,6,0.25,False,True,False
37,241-2,61265.5,"(42, 23)",taxation,6,0.25,False,True,False
37,42-2,48422.5,"(29, 48)",taxation,6,0.25,False,True,False
37,142-2,41963.75,"(43, 17)",taxation,6,0.25,False,True,False
37,172-2,70907.75,"(23, 13)",taxation,6,0.25,False,True,False
37,167-2,67706.75,"(27, 3)",taxation,6,0.25,False,True,False
37,38-2,67706.5,"(41, 31)",taxation,6,0.25,False,True,False
37,198-2,61285.5,"(13, 44)",taxation,6,0.25,False,True,False
37,0-2,45206.25,"(22, 9)",taxation,6,0.25,False,True,False
37,6-2,74122.0,"(24, 41)",taxation,6,0.25,False,True,False
37,76-2,64496.750000000015,"(20, 42)",taxation,6,0.25,False,True,False
37,144-2,64491.5,"(28, 48)",taxation,6,0.25,False,True,False
37,25-2,58053.0,"(16, 41)",taxation,6,0.25,False,True,False
37,40-2,70919.0,"(13, 24)",taxation,6,0.25,False,True,False
37,10-2,67690.25,"(48, 33)",taxation,6,0.25,False,True,False
37,180-2,64501.25,"(26, 48)",taxation,6,0.25,False,True,False
37,212-2,67679.75,"(26, 5)",taxation,6,0.25,False,True,False
37,63-2,61255.75,"(20, 6)",taxation,6,0.25,False,True,False
37,189-2,58049.5,"(1, 23)",taxation,6,0.25,False,True,False
37,54-2,64496.25,"(20, 0)",taxation,6,0.25,False,True,False
37,4-2,48392.25,"(25, 6)",taxation,6,0.25,False,True,False
37,83-2,70897.75,"(22, 40)",taxation,6,0.25,False,True,False
37,249-2,67688.0,"(28, 49)",taxation,6,0.25,False,True,False
37,22-2,74117.0,"(22, 11)",taxation,6,0.25,False,True,False
37,205-2,32326.75,"(30, 8)",taxation,6,0.25,False,True,False
37,156-2,48397.5,"(20, 41)",taxation,6,0.25,False,True,False
37,51-2,67676.5,"(7, 29)",taxation,6,0.25,False,True,False
37,133-2,58040.0,"(40, 32)",taxation,6,0.25,False,True,False
37,73-2,67685.25,"(12, 24)",taxation,6,0.25,False,True,False
37,56-2,64475.75,"(11, 32)",taxation,6,0.25,False,True,False
37,182-2,67683.25,"(9, 26)",taxation,6,0.25,False,True,False
37,71-2,70906.25,"(48, 5)",taxation,6,0.25,False,True,False
37,91-2,70889.75,"(21, 11)",taxation,6,0.25,False,True,False
37,226-2,64455.75,"(24, 7)",taxation,6,0.25,False,True,False
37,225-2,67670.75,"(8, 29)",taxation,6,0.25,False,True,False
37,148-2,51597.25,"(8, 28)",taxation,6,0.25,False,True,False
37,16-2,74120.5,"(23, 10)",taxation,6,0.25,False,True,False
37,111-2,70888.25,"(25, 7)",taxation,6,0.25,False,True,False
37,134-2,64482.0,"(48, 6)",taxation,6,0.25,False,True,False
37,168-2,70900.5,"(12, 17)",taxation,6,0.25,False,True,False
37,106-2,61276.75,"(44, 7)",taxation,6,0.25,False,True,False
37,162-2,67680.5,"(46, 4)",taxation,6,0.25,False,True,False
37,214-2,41953.0,"(41, 0)",taxation,6,0.25,False,True,False
37,110-2,74098.0,"(27, 48)",taxation,6,0.25,False,True,False
37,95-2,74102.5,"(43, 35)",taxation,6,0.25,False,True,False
37,122-2,54816.25,"(38, 32)",taxation,6,0.25,False,True,False
37,231-2,41956.75,"(14, 24)",taxation,6,0.25,False,True,False
37,100-2,64466.75,"(26, 10)",taxation,6,0.25,False,True,False
37,141-2,51618.5,"(23, 43)",taxation,6,0.25,False,True,False
37,165-2,77321.0,"(27, 5)",taxation,6,0.25,False,True,False
37,186-2,61256.25,"(23, 12)",taxation,6,0.25,False,True,False
37,201-2,45166.25,"(47, 34)",taxation,6,0.25,False,True,False
37,21-2,61248.25,"(43, 33)",taxation,6,0.25,False,True,False
37,183-2,45173.75,"(45, 34)",taxation,6,0.25,False,True,False
37,203-2,77302.25,"(33, 6)",taxation,6,0.25,False,True,False
37,32-2,70872.75,"(13, 33)",taxation,6,0.25,False,True,False
37,115-2,70875.75,"(27, 2)",taxation,6,0.25,False,True,False
37,169-2,51612.0,"(42, 36)",taxation,6,0.25,False,True,False
37,78-2,61246.25,"(21, 10)",taxation,6,0.25,False,True,False
37,137-2,58027.5,"(25, 3)",taxation,6,0.25,False,True,False
37,55-2,70878.25,"(4, 22)",taxation,6,0.25,False,True,False
37,112-2,70883.5,"(12, 45)",taxation,6,0.25,False,True,False
37,193-2,58035.5,"(6, 22)",taxation,6,0.25,False,True,False
37,50-2,74093.5,"(42, 19)",taxation,6,0.25,False,True,False
37,53-2,41947.25,"(19, 7)",taxation,6,0.25,False,True,False
37,5-2,29086.5,"(42, 29)",taxation,6,0.25,False,True,False
37,247-2,58032.0,"(24, 10)",taxation,6,0.25,False,True,False
37,147-2,64461.75,"(47, 7)",taxation,6,0.25,False,True,False
37,145-2,67669.0,"(30, 46)",taxation,6,0.25,False,True,False
37,207-2,51583.75,"(21, 12)",taxation,6,0.25,False,True,False
37,120-2,74069.0,"(6, 27)",taxation,6,0.25,False,True,False
37,125-2,70891.0,"(1, 22)",taxation,6,0.25,False,True,False
37,41-2,70895.0,"(29, 46)",taxation,6,0.25,False,True,False
37,209-2,74104.5,"(49, 5)",taxation,6,0.25,False,True,False
37,113-2,67650.75,"(25, 10)",taxation,6,0.25,False,True,False
37,68-2,54805.75,"(21, 41)",taxation,6,0.25,False,True,False
37,161-2,54808.0,"(2, 18)",taxation,6,0.25,False,True,False
37,175-2,54806.5,"(40, 10)",taxation,6,0.25,False,True,False
37,85-2,58019.0,"(41, 25)",taxation,6,0.25,False,True,False
37,234-2,67655.5,"(1, 18)",taxation,6,0.25,False,True,False
37,45-2,67662.75,"(1, 21)",taxation,6,0.25,False,True,False
37,196-2,45165.0,"(10, 25)",taxation,6,0.25,False,True,False
37,174-2,70874.5,"(44, 9)",taxation,6,0.25,False,True,False
37,103-2,64441.5,"(23, 7)",taxation,6,0.25,False,True,False
37,33-2,51597.25,"(29, 5)",taxation,6,0.25,False,True,False
37,19-2,67651.0,"(8, 22)",taxation,6,0.25,False,True,False
37,130-2,70878.5,"(48, 35)",taxation,6,0.25,False,True,False
37,155-2,67665.25,"(41, 28)",taxation,6,0.25,False,True,False
37,86-2,64455.0,"(45, 36)",taxation,6,0.25,False,True,False
37,164-2,67661.25,"(41, 2)",taxation,6,0.25,False,True,False
37,2-2,64434.75,"(22, 41)",taxation,6,0.25,False,True,False
38,3,51624.0,"(20, 38)",taxation,6,0.25,False,True,False
38,7,64492.0,"(5, 31)",taxation,6,0.25,False,True,False
38,8,85949.0,"(14, 25)",taxation,6,0.25,False,True,False
38,9,73095.0,"(4, 27)",taxation,6,0.25,False,True,False
38,12,81640.0,"(34, 6)",taxation,6,0.25,False,True,False
38,13,81651.0,"(9, 27)",taxation,6,0.25,False,True,False
38,14,21630.0,"(8, 23)",taxation,6,0.25,False,True,False
38,15,77377.0,"(24, 13)",taxation,6,0.25,False,True,False
38,18,98794.0,"(41, 21)",taxation,6,0.25,False,True,False
38,20,81637.0,"(21, 13)",taxation,6,0.25,False,True,False
38,24,68803.0,"(38, 15)",taxation,6,0.25,False,True,False
38,26,68798.0,"(13, 31)",taxation,6,0.25,False,True,False
38,27,77353.0,"(21, 6)",taxation,6,0.25,False,True,False
38,29,85929.0,"(0, 29)",taxation,6,0.25,False,True,False
38,30,98790.0,"(1, 30)",taxation,6,0.25,False,True,False
38,34,77357.0,"(17, 42)",taxation,6,0.25,False,True,False
38,35,85947.0,"(0, 27)",taxation,6,0.25,False,True,False
38,36,64492.0,"(7, 19)",taxation,6,0.25,False,True,False
38,37,90230.0,"(43, 6)",taxation,6,0.25,False,True,False
38,39,60200.0,"(20, 10)",taxation,6,0.25,False,True,False
38,43,85935.0,"(30, 4)",taxation,6,0.25,False,True,False
38,44,55941.0,"(45, 4)",taxation,6,0.25,False,True,False
38,46,60213.0,"(28, 10)",taxation,6,0.25,False,True,False
38,47,60225.0,"(0, 28)",taxation,6,0.25,False,True,False
38,48,90188.0,"(28, 2)",taxation,6,0.25,False,True,False
38,49,81657.0,"(3, 19)",taxation,6,0.25,False,True,False
38,52,64499.0,"(44, 5)",taxation,6,0.25,False,True,False
38,57,77349.0,"(42, 1)",taxation,6,0.25,False,True,False
38,58,90187.0,"(2, 26)",taxation,6,0.25,False,True,False
38,59,77349.0,"(8, 27)",taxation,6,0.25,False,True,False
38,60,90213.0,"(38, 24)",taxation,6,0.25,False,True,False
38,61,103070.0,"(4, 29)",taxation,6,0.25,False,True,False
38,62,85950.0,"(5, 29)",taxation,6,0.25,False,True,False
38,64,85931.0,"(46, 5)",taxation,6,0.25,False,True,False
38,65,98769.0,"(32, 35)",taxation,6,0.25,False,True,False
38,66,94498.0,"(38, 21)",taxation,6,0.25,False,True,False
38,67,64495.0,"(4, 26)",taxation,6,0.25,False,True,False
38,69,94511.0,"(15, 34)",taxation,6,0.25,False,True,False
38,70,90235.0,"(1, 29)",taxation,6,0.25,False,True,False
38,72,98764.0,"(24, 49)",taxation,6,0.25,False,True,False
38,77,73061.0,"(12, 31)",taxation,6,0.25,False,True,False
38,79,81630.0,"(15, 33)",taxation,6,0.25,False,True,False
38,80,94493.0,"(41, 7)",taxation,6,0.25,False,True,False
38,81,81676.0,"(48, 4)",taxation,6,0.25,False,True,False
38,82,90211.0,"(2, 29)",taxation,6,0.25,False,True,False
38,84,85941.0,"(14, 33)",taxation,6,0.25,False,True,False
38,87,85909.0,"(18, 44)",taxation,6,0.25,False,True,False
38,88,85931.0,"(40, 30)",taxation,6,0.25,False,True,False
38,89,90228.0,"(20, 45)",taxation,6,0.25,False,True,False
38,90,77389.0,"(49, 4)",taxation,6,0.25,False,True,False
38,92,94491.0,"(0, 25)",taxation,6,0.25,False,True,False
38,93,38773.0,"(40, 28)",taxation,6,0.25,False,True,False
38,96,98793.0,"(10, 30)",taxation,6,0.25,False,True,False
38,97,68771.0,"(39, 36)",taxation,6,0.25,False,True,False
38,99,81624.0,"(39, 24)",taxation,6,0.25,False,True,False
38,101,85952.0,"(40, 8)",taxation,6,0.25,False,True,False
38,102,60204.0,"(21, 43)",taxation,6,0.25,False,True,False
38,104,81671.0,"(29, 7)",taxation,6,0.25,False,True,False
38,105,77356.0,"(16, 23)",taxation,6,0.25,False,True,False
38,107,94496.0,"(40, 21)",taxation,6,0.25,False,True,False
38,108,47354.0,"(6, 31)",taxation,6,0.25,False,True,False
38,109,85950.0,"(5, 27)",taxation,6,0.25,False,True,False
38,114,98787.0,"(40, 12)",taxation,6,0.25,False,True,False
38,116,94519.0,"(36, 36)",taxation,6,0.25,False,True,False
38,117,77359.0,"(26, 38)",taxation,6,0.25,False,True,False
38,118,94510.0,"(47, 2)",taxation,6,0.25,False,True,False
38,119,85931.0,"(27, 10)",taxation,6,0.25,False,True,False
38,123,98800.0,"(49, 2)",taxation,6,0.25,False,True,False
38,124,81645.0,"(31, 12)",taxation,6,0.25,False,True,False
38,126,85905.0,"(45, 28)",taxation,6,0.25,False,True,False
38,127,90210.0,"(44, 1)",taxation,6,0.25,False,True,False
38,128,94501.0,"(40, 27)",taxation,6,0.25,False,True,False
38,129,81659.0,"(42, 28)",taxation,6,0.25,False,True,False
38,131,85940.0,"(5, 25)",taxation,6,0.25,False,True,False
38,132,94493.0,"(41, 23)",taxation,6,0.25,False,True,False
38,135,85928.0,"(18, 45)",taxation,6,0.25,False,True,False
38,136,68781.0,"(29, 11)",taxation,6,0.25,False,True,False
38,138,90209.0,"(28, 6)",taxation,6,0.25,False,True,False
38,143,85916.0,"(2, 30)",taxation,6,0.25,False,True,False
38,150,73061.0,"(11, 26)",taxation,6,0.25,False,True,False
38,151,68781.0,"(39, 30)",taxation,6,0.25,False,True,False
38,152,90222.0,"(16, 35)",taxation,6,0.25,False,True,False
38,153,43047.0,"(41, 29)",taxation,6,0.25,False,True,False
38,157,81632.0,"(10, 31)",taxation,6,0.25,False,True,False
38,159,68799.0,"(38, 18)",taxation,6,0.25,False,True,False
38,160,77366.0,"(2, 28)",taxation,6,0.25,False,True,False
38,163,103071.0,"(21, 48)",taxation,6,0.25,False,True,False
38,166,81656.0,"(33, 10)",taxation,6,0.25,False,True,False
38,171,85957.0,"(23, 40)",taxation,6,0.25,False,True,False
38,177,85957.0,"(38, 16)",taxation,6,0.25,False,True,False
38,178,94510.0,"(46, 2)",taxation,6,0.25,False,True,False
38,181,85929.00000000001,"(39, 26)",taxation,6,0.25,False,True,False
38,184,85917.0,"(2, 27)",taxation,6,0.25,False,True,False
38,185,85928.0,"(25, 38)",taxation,6,0.25,False,True,False
38,188,85938.0,"(34, 36)",taxation,6,0.25,False,True,False
38,190,85953.0,"(2, 25)",taxation,6,0.25,False,True,False
38,191,98766.0,"(39, 20)",taxation,6,0.25,False,True,False
38,192,77378.0,"(31, 9)",taxation,6,0.25,False,True,False
38,194,77377.0,"(3, 26)",taxation,6,0.25,False,True,False
38,195,38767.0,"(30, 11)",taxation,6,0.25,False,True,False
38,197,68769.0,"(8, 31)",taxation,6,0.25,False,True,False
38,199,98757.0,"(26, 2)",taxation,6,0.25,False,True,False
38,200,81637.0,"(32, 7)",taxation,6,0.25,False,True,False
38,204,94502.0,"(44, 6)",taxation,6,0.25,False,True,False
38,210,103067.0,"(1, 26)",taxation,6,0.25,False,True,False
38,211,55919.0,"(42, 32)",taxation,6,0.25,False,True,False
38,213,85950.0,"(3, 31)",taxation,6,0.25,False,True,False
38,215,94497.0,"(24, 39)",taxation,6,0.25,False,True,False
38,216,94498.0,"(9, 25)",taxation,6,0.25,False,True,False
38,217,51636.0,"(17, 43)",taxation,6,0.25,False,True,False
38,218,98791.0,"(21, 49)",taxation,6,0.25,False,True,False
38,220,94493.0,"(39, 22)",taxation,6,0.25,False,True,False
38,221,81648.0,"(44, 4)",taxation,6,0.25,False,True,False
38,222,85947.0,"(0, 26)",taxation,6,0.25,False,True,False
38,223,60195.0,"(3, 18)",taxation,6,0.25,False,True,False
38,224,73081.0,"(45, 23)",taxation,6,0.25,False,True,False
38,227,94491.0,"(45, 22)",taxation,6,0.25,False,True,False
38,229,94518.0,"(22, 49)",taxation,6,0.25,False,True,False
38,230,68790.0,"(4, 34)",taxation,6,0.25,False,True,False
38,232,51638.0,"(1, 27)",taxation,6,0.25,False,True,False
38,233,81640.0,"(44, 24)",taxation,6,0.25,False,True,False
38,235,85936.0,"(29, 10)",taxation,6,0.25,False,True,False
38,236,85925.0,"(31, 7)",taxation,6,0.25,False,True,False
38,237,68774.0,"(36, 32)",taxation,6,0.25,False,True,False
38,238,85944.0,"(40, 29)",taxation,6,0.25,False,True,False
38,239,85919.0,"(14, 27)",taxation,6,0.25,False,True,False
38,243,81645.0,"(38, 27)",taxation,6,0.25,False,True,False
38,244,98800.0,"(18, 43)",taxation,6,0.25,False,True,False
38,245,94504.0,"(5, 32)",taxation,6,0.25,False,True,False
38,248,85930.0,"(34, 3)",taxation,6,0.25,False,True,False
38,219-2,75202.0,"(43, 1)",taxation,6,0.25,False,True,False
38,158-2,62344.0,"(40, 22)",taxation,6,0.25,False,True,False
38,139-2,77351.25,"(18, 41)",taxation,6,0.25,False,True,False
38,179-2,55956.5,"(37, 25)",taxation,6,0.25,False,True,False
38,28-2,59168.25,"(29, 8)",taxation,6,0.25,False,True,False
38,187-2,34492.0,"(26, 37)",taxation,6,0.25,False,True,False
38,146-2,25932.0,"(46, 3)",taxation,6,0.25,False,True,False
38,94-2,21646.0,"(7, 32)",taxation,6,0.25,False,True,False
38,154-2,30210.0,"(18, 42)",taxation,6,0.25,False,True,False
38,173-2,17345.0,"(28, 39)",taxation,6,0.25,False,True,False
38,240-2,21619.0,"(44, 32)",taxation,6,0.25,False,True,False
38,246-2,64501.0,"(11, 30)",taxation,6,0.25,False,True,False
38,98-2,34518.0,"(39, 25)",taxation,6,0.25,False,True,False
38,140-2,248.0,"(25, 39)",taxation,6,0.25,False,True,False
38,176-2,227.0,"(39, 28)",taxation,6,0.25,False,True,False
38,208-2,68777.25,"(15, 30)",taxation,6,0.25,False,True,False
38,170-2,59152.75,"(32, 37)",taxation,6,0.25,False,True,False
38,1-2,49485.25,"(16, 24)",taxation,6,0.25,False,True,False
38,23-2,69876.0,"(47, 3)",taxation,6,0.25,False,True,False
38,17-2,70918.5,"(48, 2)",taxation,6,0.25,False,True,False
38,31-2,77341.5,"(41, 34)",taxation,6,0.25,False,True,False
38,228-2,50569.0,"(36, 35)",taxation,6,0.25,False,True,False
38,149-2,58089.0,"(12, 30)",taxation,6,0.25,False,True,False
38,206-2,65566.25,"(19, 43)",taxation,6,0.25,False,True,False
38,242-2,29136.25,"(44, 30)",taxation,6,0.25,False,True,False
38,75-2,61292.0,"(3, 27)",taxation,6,0.25,False,True,False
38,74-2,75207.0,"(20, 40)",taxation,6,0.25,False,True,False
38,241-2,61272.5,"(38, 22)",taxation,6,0.25,False,True,False
38,42-2,48426.5,"(24, 48)",taxation,6,0.25,False,True,False
38,142-2,41970.75,"(41, 13)",taxation,6,0.25,False,True,False
38,172-2,70912.75,"(23, 14)",taxation,6,0.25,False,True,False
38,167-2,67712.75,"(31, 2)",taxation,6,0.25,False,True,False
38,38-2,67714.5,"(40, 33)",taxation,6,0.25,False,True,False
38,198-2,61293.5,"(13, 45)",taxation,6,0.25,False,True,False
38,0-2,45212.25,"(27, 13)",taxation,6,0.25,False,True,False
38,6-2,74130.0,"(23, 38)",taxation,6,0.25,False,True,False
38,76-2,64505.750000000015,"(23, 39)",taxation,6,0.25,False,True,False
38,144-2,64496.5,"(22, 47)",taxation,6,0.25,False,True,False
38,25-2,58061.0,"(17, 41)",taxation,6,0.25,False,True,False
38,40-2,70927.0,"(13, 26)",taxation,6,0.25,False,True,False
38,10-2,67692.25,"(44, 29)",taxation,6,0.25,False,True,False
38,180-2,64507.25,"(20, 47)",taxation,6,0.25,False,True,False
38,212-2,67686.75,"(29, 9)",taxation,6,0.25,False,True,False
38,63-2,61259.75,"(20, 11)",taxation,6,0.25,False,True,False
38,189-2,58056.5,"(4, 28)",taxation,6,0.25,False,True,False
38,54-2,64500.25,"(26, 1)",taxation,6,0.25,False,True,False
38,4-2,48398.25,"(31, 4)",taxation,6,0.25,False,True,False
38,83-2,70905.75,"(20, 39)",taxation,6,0.25,False,True,False
38,249-2,67696.0,"(26, 45)",taxation,6,0.25,False,True,False
38,22-2,74123.0,"(28, 14)",taxation,6,0.25,False,True,False
38,205-2,32334.75,"(36, 6)",taxation,6,0.25,False,True,False
38,156-2,48405.5,"(19, 40)",taxation,6,0.25,False,True,False
38,51-2,67684.5,"(9, 31)",taxation,6,0.25,False,True,False
38,133-2,58048.0,"(38, 37)",taxation,6,0.25,False,True,False
38,73-2,67693.25,"(12, 25)",taxation,6,0.25,False,True,False
38,56-2,64483.75,"(11, 31)",taxation,6,0.25,False,True,False
38,182-2,67691.25,"(13, 27)",taxation,6,0.25,False,True,False
38,71-2,70914.25,"(48, 1)",taxation,6,0.25,False,True,False
38,91-2,70894.75,"(22, 14)",taxation,6,0.25,False,True,False
38,226-2,64461.75,"(30, 10)",taxation,6,0.25,False,True,False
38,225-2,67678.75,"(5, 33)",taxation,6,0.25,False,True,False
38,148-2,51605.25,"(8, 32)",taxation,6,0.25,False,True,False
38,16-2,74126.5,"(29, 12)",taxation,6,0.25,False,True,False
38,111-2,70895.25,"(28, 8)",taxation,6,0.25,False,True,False
38,134-2,64491.0,"(48, 3)",taxation,6,0.25,False,True,False
38,168-2,70906.5,"(18, 22)",taxation,6,0.25,False,True,False
38,106-2,61285.75,"(44, 2)",taxation,6,0.25,False,True,False
38,162-2,67689.5,"(47, 4)",taxation,6,0.25,False,True,False
38,214-2,41962.0,"(42, 0)",taxation,6,0.25,False,True,False
38,110-2,74103.0,"(22, 48)",taxation,6,0.25,False,True,False
38,95-2,74109.5,"(37, 31)",taxation,6,0.25,False,True,False
38,122-2,54824.25,"(37, 34)",taxation,6,0.25,False,True,False
38,231-2,41964.75,"(13, 25)",taxation,6,0.25,False,True,False
38,100-2,64473.75,"(28, 9)",taxation,6,0.25,False,True,False
38,141-2,51626.5,"(19, 42)",taxation,6,0.25,False,True,False
38,165-2,77328.0,"(31, 11)",taxation,6,0.25,False,True,False
38,186-2,61262.25,"(29, 14)",taxation,6,0.25,False,True,False
38,201-2,45168.25,"(43, 30)",taxation,6,0.25,False,True,False
38,21-2,61255.25,"(37, 32)",taxation,6,0.25,False,True,False
38,183-2,45176.75,"(39, 29)",taxation,6,0.25,False,True,False
38,203-2,77310.25,"(35, 5)",taxation,6,0.25,False,True,False
38,32-2,70880.75,"(14, 32)",taxation,6,0.25,False,True,False
38,115-2,70882.75,"(31, 8)",taxation,6,0.25,False,True,False
38,169-2,51616.0,"(36, 31)",taxation,6,0.25,False,True,False
38,78-2,61251.25,"(22, 15)",taxation,6,0.25,False,True,False
38,137-2,58033.5,"(29, 3)",taxation,6,0.25,False,True,False
38,55-2,70884.25,"(9, 28)",taxation,6,0.25,False,True,False
38,112-2,70891.5,"(14, 45)",taxation,6,0.25,False,True,False
38,193-2,58043.5,"(12, 26)",taxation,6,0.25,False,True,False
38,50-2,74100.5,"(39, 21)",taxation,6,0.25,False,True,False
38,53-2,41952.25,"(22, 13)",taxation,6,0.25,False,True,False
38,5-2,29093.5,"(38, 31)",taxation,6,0.25,False,True,False
38,247-2,58038.0,"(28, 13)",taxation,6,0.25,False,True,False
38,147-2,64470.75,"(46, 1)",taxation,6,0.25,False,True,False
38,145-2,67673.0,"(24, 42)",taxation,6,0.25,False,True,False
38,207-2,51588.75,"(22, 12)",taxation,6,0.25,False,True,False
38,120-2,74077.0,"(3, 28)",taxation,6,0.25,False,True,False
38,125-2,70899.0,"(1, 28)",taxation,6,0.25,False,True,False
38,41-2,70903.0,"(29, 41)",taxation,6,0.25,False,True,False
38,209-2,74112.5,"(49, 1)",taxation,6,0.25,False,True,False
38,113-2,67657.75,"(31, 10)",taxation,6,0.25,False,True,False
38,68-2,54813.75,"(22, 39)",taxation,6,0.25,False,True,False
38,161-2,54810.0,"(5, 21)",taxation,6,0.25,False,True,False
38,175-2,54814.5,"(39, 9)",taxation,6,0.25,False,True,False
38,85-2,58027.0,"(38, 26)",taxation,6,0.25,False,True,False
38,234-2,67661.5,"(5, 24)",taxation,6,0.25,False,True,False
38,45-2,67664.75,"(7, 23)",taxation,6,0.25,False,True,False
38,196-2,45173.0,"(13, 30)",taxation,6,0.25,False,True,False
38,174-2,70883.5,"(49, 3)",taxation,6,0.25,False,True,False
38,103-2,64446.5,"(28, 1)",taxation,6,0.25,False,True,False
38,33-2,51604.25,"(34, 7)",taxation,6,0.25,False,True,False
38,19-2,67659.0,"(14, 26)",taxation,6,0.25,False,True,False
38,130-2,70881.5,"(42, 30)",taxation,6,0.25,False,True,False
38,155-2,67672.25,"(37, 30)",taxation,6,0.25,False,True,False
38,86-2,64457.0,"(43, 36)",taxation,6,0.25,False,True,False
38,164-2,67669.25,"(41, 4)",taxation,6,0.25,False,True,False
38,2-2,64442.75,"(19, 39)",taxation,6,0.25,False,True,False
38,11-2,51572.25,"(7, 31)",taxation,6,0.25,False,True,False
38,202-2,74076.0,"(30, 3)",taxation,6,0.25,False,True,False
38,121-2,64464.0,"(3, 20)",taxation,6,0.25,False,True,False
39,3,51632.0,"(18, 38)",taxation,6,0.25,False,True,False
39,7,64501.0,"(4, 33)",taxation,6,0.25,False,True,False
39,8,85957.0,"(16, 25)",taxation,6,0.25,False,True,False
39,9,73104.0,"(2, 31)",taxation,6,0.25,False,True,False
39,12,81649.0,"(40, 5)",taxation,6,0.25,False,True,False
39,13,81660.0,"(3, 32)",taxation,6,0.25,False,True,False
39,14,21636.0,"(13, 28)",taxation,6,0.25,False,True,False
39,15,77383.0,"(28, 16)",taxation,6,0.25,False,True,False
39,20,81643.0,"(26, 17)",taxation,6,0.25,False,True,False
39,24,68811.0,"(36, 14)",taxation,6,0.25,False,True,False
39,26,68806.0,"(16, 32)",taxation,6,0.25,False,True,False
39,27,77358.0,"(23, 11)",taxation,6,0.25,False,True,False
39,29,85937.0,"(0, 33)",taxation,6,0.25,False,True,False
39,30,98798.0,"(1, 35)",taxation,6,0.25,False,True,False
39,34,77366.0,"(16, 42)",taxation,6,0.25,False,True,False
39,35,85956.0,"(1, 32)",taxation,6,0.25,False,True,False
39,36,64497.0,"(13, 21)",taxation,6,0.25,False,True,False
39,37,90239.0,"(42, 6)",taxation,6,0.25,False,True,False
39,39,60206.0,"(24, 16)",taxation,6,0.25,False,True,False
39,43,85943.0,"(35, 6)",taxation,6,0.25,False,True,False
39,44,55949.0,"(39, 3)",taxation,6,0.25,False,True,False
39,46,60220.0,"(32, 9)",taxation,6,0.25,False,True,False
39,47,60227.0,"(4, 31)",taxation,6,0.25,False,True,False
39,48,90195.0,"(32, 2)",taxation,6,0.25,False,True,False
39,49,81660.0,"(8, 19)",taxation,6,0.25,False,True,False
39,52,64507.0,"(43, 7)",taxation,6,0.25,False,True,False
39,57,77358.0,"(42, 5)",taxation,6,0.25,False,True,False
39,58,90195.0,"(0, 32)",taxation,6,0.25,False,True,False
39,59,77358.0,"(4, 32)",taxation,6,0.25,False,True,False
39,60,90221.0,"(36, 18)",taxation,6,0.25,False,True,False
39,61,103077.0,"(6, 35)",taxation,6,0.25,False,True,False
39,62,85958.0,"(3, 35)",taxation,6,0.25,False,True,False
39,64,85940.0,"(43, 5)",taxation,6,0.25,False,True,False
39,65,98777.0,"(31, 36)",taxation,6,0.25,False,True,False
39,66,94505.0,"(37, 17)",taxation,6,0.25,False,True,False
39,67,64502.0,"(10, 28)",taxation,6,0.25,False,True,False
39,69,94520.0,"(17, 38)",taxation,6,0.25,False,True,False
39,70,90243.0,"(1, 34)",taxation,6,0.25,False,True,False
39,72,98772.0,"(18, 47)",taxation,6,0.25,False,True,False
39,77,73069.0,"(16, 34)",taxation,6,0.25,False,True,False
39,79,81639.0,"(17, 37)",taxation,6,0.25,False,True,False
39,80,94502.0,"(40, 7)",taxation,6,0.25,False,True,False
39,81,81685.0,"(48, 0)",taxation,6,0.25,False,True,False
39,82,90220.0,"(1, 33)",taxation,6,0.25,False,True,False
39,84,85950.0,"(19, 37)",taxation,6,0.25,False,True,False
39,87,85917.0,"(16, 45)",taxation,6,0.25,False,True,False
39,88,85936.0,"(35, 31)",taxation,6,0.25,False,True,False
39,89,90236.0,"(17, 46)",taxation,6,0.25,False,True,False
39,90,77398.0,"(46, 0)",taxation,6,0.25,False,True,False
39,92,94499.0,"(0, 31)",taxation,6,0.25,False,True,False
39,93,38781.0,"(34, 33)",taxation,6,0.25,False,True,False
39,96,98801.0,"(8, 34)",taxation,6,0.25,False,True,False
39,97,68776.0,"(35, 34)",taxation,6,0.25,False,True,False
39,99,81631.0,"(37, 20)",taxation,6,0.25,False,True,False
39,101,85961.0,"(40, 6)",taxation,6,0.25,False,True,False
39,102,60212.0,"(16, 44)",taxation,6,0.25,False,True,False
39,104,81678.0,"(33, 7)",taxation,6,0.25,False,True,False
39,105,77364.0,"(17, 25)",taxation,6,0.25,False,True,False
39,107,94503.0,"(38, 20)",taxation,6,0.25,False,True,False
39,108,47362.0,"(0, 35)",taxation,6,0.25,False,True,False
39,109,85956.0,"(11, 28)",taxation,6,0.25,False,True,False
39,114,98796.0,"(38, 8)",taxation,6,0.25,False,True,False
39,116,94526.0,"(30, 32)",taxation,6,0.25,False,True,False
39,117,77367.0,"(24, 36)",taxation,6,0.25,False,True,False
39,118,94519.0,"(47, 0)",taxation,6,0.25,False,True,False
39,119,85938.0,"(31, 13)",taxation,6,0.25,False,True,False
39,123,98809.0,"(49, 0)",taxation,6,0.25,False,True,False
39,124,81653.0,"(35, 12)",taxation,6,0.25,False,True,False
39,126,85909.0,"(40, 25)",taxation,6,0.25,False,True,False
39,127,90218.0,"(39, 2)",taxation,6,0.25,False,True,False
39,128,94509.0,"(36, 21)",taxation,6,0.25,False,True,False
39,129,81664.0,"(36, 25)",taxation,6,0.25,False,True,False
39,131,85947.0,"(5, 30)",taxation,6,0.25,False,True,False
39,132,94501.0,"(36, 22)",taxation,6,0.25,False,True,False
39,135,85937.0,"(18, 39)",taxation,6,0.25,False,True,False
39,136,68789.0,"(35, 11)",taxation,6,0.25,False,True,False
39,138,90217.0,"(34, 11)",taxation,6,0.25,False,True,False
39,143,85924.0,"(0, 34)",taxation,6,0.25,False,True,False
39,150,73069.0,"(17, 32)",taxation,6,0.25,False,True,False
39,151,68789.0,"(33, 32)",taxation,6,0.25,False,True,False
39,152,90231.0,"(22, 36)",taxation,6,0.25,False,True,False
39,153,43052.0,"(35, 30)",taxation,6,0.25,False,True,False
39,157,81640.0,"(16, 31)",taxation,6,0.25,False,True,False
39,159,68807.0,"(37, 18)",taxation,6,0.25,False,True,False
39,160,77375.0,"(2, 33)",taxation,6,0.25,False,True,False
39,166,81665.0,"(39, 4)",taxation,6,0.25,False,True,False
39,171,85965.0,"(24, 37)",taxation,6,0.25,False,True,False
39,177,85965.0,"(37, 14)",taxation,6,0.25,False,True,False
39,178,94519.0,"(41, 5)",taxation,6,0.25,False,True,False
39,181,85935.00000000001,"(40, 20)",taxation,6,0.25,False,True,False
39,184,85919.0,"(6, 26)",taxation,6,0.25,False,True,False
39,185,85936.0,"(23, 36)",taxation,6,0.25,False,True,False
39,188,85946.0,"(30, 36)",taxation,6,0.25,False,True,False
39,190,85955.0,"(5, 23)",taxation,6,0.25,False,True,False
39,191,98774.0,"(37, 19)",taxation,6,0.25,False,True,False
39,192,77386.0,"(36, 8)",taxation,6,0.25,False,True,False
39,194,77380.0,"(9, 24)",taxation,6,0.25,False,True,False
39,195,38775.0,"(36, 11)",taxation,6,0.25,False,True,False
39,197,68777.0,"(2, 37)",taxation,6,0.25,False,True,False
39,199,98763.0,"(29, 2)",taxation,6,0.25,False,True,False
39,200,81646.0,"(37, 6)",taxation,6,0.25,False,True,False
39,204,94510.0,"(42, 10)",taxation,6,0.25,False,True,False
39,210,103074.0,"(4, 30)",taxation,6,0.25,False,True,False
39,211,55924.0,"(36, 30)",taxation,6,0.25,False,True,False
39,213,85958.0,"(1, 31)",taxation,6,0.25,False,True,False
39,215,94505.0,"(24, 38)",taxation,6,0.25,False,True,False
39,216,94507.0,"(14, 31)",taxation,6,0.25,False,True,False
39,217,51645.0,"(16, 43)",taxation,6,0.25,False,True,False
39,218,98799.0,"(17, 47)",taxation,6,0.25,False,True,False
39,220,94500.0,"(35, 21)",taxation,6,0.25,False,True,False
39,221,81656.0,"(40, 3)",taxation,6,0.25,False,True,False
39,222,85956.0,"(2, 32)",taxation,6,0.25,False,True,False
39,223,60198.0,"(8, 18)",taxation,6,0.25,False,True,False
39,224,73088.0,"(40, 18)",taxation,6,0.25,False,True,False
39,227,94498.0,"(41, 18)",taxation,6,0.25,False,True,False
39,229,94526.0,"(19, 46)",taxation,6,0.25,False,True,False
39,230,68798.0,"(1, 36)",taxation,6,0.25,False,True,False
39,232,51640.0,"(6, 25)",taxation,6,0.25,False,True,False
39,233,81647.0,"(40, 19)",taxation,6,0.25,False,True,False
39,235,85943.0,"(33, 11)",taxation,6,0.25,False,True,False
39,236,85933.0,"(36, 7)",taxation,6,0.25,False,True,False
39,237,68782.0,"(35, 33)",taxation,6,0.25,False,True,False
39,238,85949.0,"(35, 29)",taxation,6,0.25,False,True,False
39,239,85927.0,"(17, 27)",taxation,6,0.25,False,True,False
39,243,81653.0,"(35, 27)",taxation,6,0.25,False,True,False
39,244,98808.0,"(17, 44)",taxation,6,0.25,False,True,False
39,245,94512.0,"(2, 36)",taxation,6,0.25,False,True,False
39,248,85939.0,"(38, 5)",taxation,6,0.25,False,True,False
39,219-2,75211.0,"(43, 0)",taxation,6,0.25,False,True,False
39,158-2,62351.0,"(39, 19)",taxation,6,0.25,False,True,False
39,139-2,77359.25,"(18, 37)",taxation,6,0.25,False,True,False
39,179-2,55963.5,"(35, 25)",taxation,6,0.25,False,True,False
39,28-2,59175.25,"(33, 8)",taxation,6,0.25,False,True,False
39,187-2,34500.0,"(25, 35)",taxation,6,0.25,False,True,False
39,146-2,25940.0,"(40, 9)",taxation,6,0.25,False,True,False
39,94-2,21655.0,"(2, 34)",taxation,6,0.25,False,True,False
39,154-2,30219.0,"(18, 40)",taxation,6,0.25,False,True,False
39,173-2,17354.0,"(25, 37)",taxation,6,0.25,False,True,False
39,240-2,21623.0,"(38, 33)",taxation,6,0.25,False,True,False
39,246-2,64509.0,"(17, 30)",taxation,6,0.25,False,True,False
39,98-2,34525.0,"(34, 21)",taxation,6,0.25,False,True,False
39,140-2,257.0,"(25, 36)",taxation,6,0.25,False,True,False
39,176-2,234.0,"(33, 22)",taxation,6,0.25,False,True,False
39,208-2,68785.25,"(18, 31)",taxation,6,0.25,False,True,False
39,170-2,59159.75,"(28, 37)",taxation,6,0.25,False,True,False
39,1-2,49493.25,"(19, 30)",taxation,6,0.25,False,True,False
39,23-2,69885.0,"(45, 0)",taxation,6,0.25,False,True,False
39,17-2,70925.5,"(44, 8)",taxation,6,0.25,False,True,False
39,31-2,77346.5,"(35, 32)",taxation,6,0.25,False,True,False
39,228-2,50577.0,"(30, 35)",taxation,6,0.25,False,True,False
39,149-2,58097.0,"(15, 31)",taxation,6,0.25,False,True,False
39,206-2,65574.25,"(17, 45)",taxation,6,0.25,False,True,False
39,242-2,29140.25,"(40, 26)",taxation,6,0.25,False,True,False
39,75-2,61298.0,"(9, 33)",taxation,6,0.25,False,True,False
39,74-2,75216.0,"(20, 37)",taxation,6,0.25,False,True,False
39,241-2,61279.5,"(33, 21)",taxation,6,0.25,False,True,False
39,42-2,48434.5,"(18, 46)",taxation,6,0.25,False,True,False
39,142-2,41978.75,"(40, 11)",taxation,6,0.25,False,True,False
39,172-2,70918.75,"(25, 16)",taxation,6,0.25,False,True,False
39,167-2,67720.75,"(36, 3)",taxation,6,0.25,False,True,False
39,38-2,67721.5,"(34, 27)",taxation,6,0.25,False,True,False
39,198-2,61301.5,"(13, 46)",taxation,6,0.25,False,True,False
39,0-2,45219.25,"(31, 14)",taxation,6,0.25,False,True,False
39,6-2,74138.0,"(23, 37)",taxation,6,0.25,False,True,False
39,76-2,64513.750000000015,"(22, 38)",taxation,6,0.25,False,True,False
39,144-2,64504.5,"(16, 46)",taxation,6,0.25,False,True,False
39,25-2,58070.0,"(17, 39)",taxation,6,0.25,False,True,False
39,40-2,70935.0,"(17, 29)",taxation,6,0.25,False,True,False
39,10-2,67696.25,"(39, 27)",taxation,6,0.25,False,True,False
39,180-2,64515.25,"(15, 47)",taxation,6,0.25,False,True,False
39,212-2,67693.75,"(32, 11)",taxation,6,0.25,False,True,False
39,63-2,61265.75,"(24, 15)",taxation,6,0.25,False,True,False
39,189-2,58061.5,"(10, 33)",taxation,6,0.25,False,True,False
39,54-2,64506.25,"(29, 1)",taxation,6,0.25,False,True,False
39,4-2,48406.25,"(37, 3)",taxation,6,0.25,False,True,False
39,83-2,70914.75,"(19, 38)",taxation,6,0.25,False,True,False
39,249-2,67702.0,"(21, 45)",taxation,6,0.25,False,True,False
39,22-2,74131.0,"(34, 12)",taxation,6,0.25,False,True,False
39,205-2,32343.75,"(37, 5)",taxation,6,0.25,False,True,False
39,156-2,48413.5,"(19, 36)",taxation,6,0.25,False,True,False
39,51-2,67692.5,"(12, 37)",taxation,6,0.25,False,True,False
39,133-2,58053.0,"(33, 35)",taxation,6,0.25,False,True,False
39,73-2,67701.25,"(16, 28)",taxation,6,0.25,False,True,False
39,56-2,64491.75,"(16, 33)",taxation,6,0.25,False,True,False
39,182-2,67699.25,"(16, 29)",taxation,6,0.25,False,True,False
39,71-2,70923.25,"(47, 1)",taxation,6,0.25,False,True,False
39,91-2,70900.75,"(26, 16)",taxation,6,0.25,False,True,False
39,226-2,64469.75,"(36, 10)",taxation,6,0.25,False,True,False
39,225-2,67686.75,"(2, 35)",taxation,6,0.25,False,True,False
39,148-2,51614.25,"(3, 34)",taxation,6,0.25,False,True,False
39,16-2,74133.5,"(32, 12)",taxation,6,0.25,False,True,False
39,111-2,70903.25,"(34, 10)",taxation,6,0.25,False,True,False
39,134-2,64499.0,"(45, 5)",taxation,6,0.25,False,True,False
39,168-2,70914.5,"(18, 28)",taxation,6,0.25,False,True,False
39,106-2,61294.75,"(45, 1)",taxation,6,0.25,False,True,False
39,162-2,67697.5,"(45, 6)",taxation,6,0.25,False,True,False
39,214-2,41970.0,"(41, 3)",taxation,6,0.25,False,True,False
39,110-2,74111.0,"(16, 47)",taxation,6,0.25,False,True,False
39,95-2,74116.5,"(31, 26)",taxation,6,0.25,False,True,False
39,122-2,54832.25,"(33, 33)",taxation,6,0.25,False,True,False
39,231-2,41972.75,"(17, 26)",taxation,6,0.25,False,True,False
39,100-2,64480.75,"(32, 8)",taxation,6,0.25,False,True,False
39,141-2,51635.5,"(17, 40)",taxation,6,0.25,False,True,False
39,165-2,77336.0,"(35, 10)",taxation,6,0.25,False,True,False
39,186-2,61270.25,"(35, 13)",taxation,6,0.25,False,True,False
39,201-2,45173.25,"(37, 24)",taxation,6,0.25,False,True,False
39,21-2,61263.25,"(34, 31)",taxation,6,0.25,False,True,False
39,183-2,45184.75,"(34, 30)",taxation,6,0.25,False,True,False
39,203-2,77319.25,"(39, 6)",taxation,6,0.25,False,True,False
39,32-2,70889.75,"(20, 35)",taxation,6,0.25,False,True,False
39,115-2,70890.75,"(35, 8)",taxation,6,0.25,False,True,False
39,169-2,51624.0,"(33, 31)",taxation,6,0.25,False,True,False
39,78-2,61257.25,"(25, 17)",taxation,6,0.25,False,True,False
39,137-2,58041.5,"(35, 7)",taxation,6,0.25,False,True,False
39,55-2,70891.25,"(7, 34)",taxation,6,0.25,False,True,False
39,112-2,70900.5,"(14, 44)",taxation,6,0.25,False,True,False
39,193-2,58051.5,"(15, 28)",taxation,6,0.25,False,True,False
39,50-2,74108.5,"(38, 17)",taxation,6,0.25,False,True,False
39,53-2,41958.25,"(21, 17)",taxation,6,0.25,False,True,False
39,5-2,29100.5,"(33, 27)",taxation,6,0.25,False,True,False
39,247-2,58045.0,"(30, 16)",taxation,6,0.25,False,True,False
39,147-2,64478.75,"(43, 3)",taxation,6,0.25,False,True,False
39,145-2,67682.0,"(26, 36)",taxation,6,0.25,False,True,False
39,207-2,51594.75,"(27, 17)",taxation,6,0.25,False,True,False
39,120-2,74080.0,"(9, 23)",taxation,6,0.25,False,True,False
39,125-2,70901.0,"(3, 30)",taxation,6,0.25,False,True,False
39,41-2,70911.0,"(29, 37)",taxation,6,0.25,False,True,False
39,209-2,74116.5,"(43, 4)",taxation,6,0.25,False,True,False
39,113-2,67666.75,"(36, 5)",taxation,6,0.25,False,True,False
39,68-2,54821.75,"(22, 37)",taxation,6,0.25,False,True,False
39,161-2,54815.0,"(11, 23)",taxation,6,0.25,False,True,False
39,175-2,54823.5,"(39, 7)",taxation,6,0.25,False,True,False
39,85-2,58034.0,"(33, 25)",taxation,6,0.25,False,True,False
39,234-2,67669.5,"(0, 30)",taxation,6,0.25,False,True,False
39,45-2,67670.75,"(12, 29)",taxation,6,0.25,False,True,False
39,196-2,45181.0,"(15, 32)",taxation,6,0.25,False,True,False
39,174-2,70892.5,"(44, 0)",taxation,6,0.25,False,True,False
39,103-2,64453.5,"(32, 3)",taxation,6,0.25,False,True,False
39,33-2,51613.25,"(38, 7)",taxation,6,0.25,False,True,False
39,19-2,67666.0,"(16, 30)",taxation,6,0.25,False,True,False
39,130-2,70886.5,"(36, 24)",taxation,6,0.25,False,True,False
39,155-2,67680.25,"(31, 35)",taxation,6,0.25,False,True,False
39,86-2,64461.0,"(38, 36)",taxation,6,0.25,False,True,False
39,164-2,67678.25,"(42, 4)",taxation,6,0.25,False,True,False
39,2-2,64451.75,"(20, 36)",taxation,6,0.25,False,True,False
39,11-2,51581.25,"(3, 33)",taxation,6,0.25,False,True,False
39,202-2,74083.0,"(33, 2)",taxation,6,0.25,False,True,False
39,121-2,64467.0,"(8, 20)",taxation,6,0.25,False,True,False
39,163-2,77310.0,"(15, 43)",taxation,6,0.25,False,True,False
39,18-2,74100.75,"(41, 17)",taxation,6,0.25,False,True,False
40,3,51640.0,"(13, 37)",taxation,6,0.25,False,True,False
40,7,64510.0,"(3, 38)",taxation,6,0.25,False,True,False
40,8,85965.0,"(18, 24)",taxation,6,0.25,False,True,False
40,9,73109.0,"(8, 36)",taxation,6,0.25,False,True,False
40,12,81655.0,"(36, 9)",taxation,6,0.25,False,True,False
40,13,81669.0,"(2, 38)",taxation,6,0.25,False,True,False
40,14,21644.0,"(18, 29)",taxation,6,0.25,False,True,False
40,15,77391.0,"(32, 15)",taxation,6,0.25,False,True,False
40,20,81651.0,"(32, 18)",taxation,6,0.25,False,True,False
40,24,68818.0,"(34, 14)",taxation,6,0.25,False,True,False
40,26,68814.0,"(19, 32)",taxation,6,0.25,False,True,False
40,27,77365.0,"(29, 13)",taxation,6,0.25,False,True,False
40,29,85946.0,"(0, 38)",taxation,6,0.25,False,True,False
40,30,98806.0,"(1, 41)",taxation,6,0.25,False,True,False
40,34,77374.0,"(13, 47)",taxation,6,0.25,False,True,False
40,35,85960.0,"(5, 35)",taxation,6,0.25,False,True,False
40,36,64505.0,"(18, 23)",taxation,6,0.25,False,True,False
40,37,90247.0,"(42, 11)",taxation,6,0.25,False,True,False
40,39,60214.0,"(19, 22)",taxation,6,0.25,False,True,False
40,43,85952.0,"(37, 9)",taxation,6,0.25,False,True,False
40,44,55956.0,"(37, 1)",taxation,6,0.25,False,True,False
40,46,60228.0,"(32, 14)",taxation,6,0.25,False,True,False
40,47,60235.0,"(7, 35)",taxation,6,0.25,False,True,False
40,48,90202.0,"(32, 1)",taxation,6,0.25,False,True,False
40,49,81665.0,"(12, 19)",taxation,6,0.25,False,True,False
40,52,64513.0,"(45, 11)",taxation,6,0.25,False,True,False
40,57,77365.0,"(45, 10)",taxation,6,0.25,False,True,False
40,58,90204.0,"(0, 37)",taxation,6,0.25,False,True,False
40,59,77364.0,"(9, 35)",taxation,6,0.25,False,True,False
40,60,90229.0,"(35, 16)",taxation,6,0.25,False,True,False
40,61,103085.0,"(7, 40)",taxation,6,0.25,False,True,False
40,62,85967.0,"(1, 37)",taxation,6,0.25,False,True,False
40,64,85945.0,"(46, 11)",taxation,6,0.25,False,True,False
40,65,98785.0,"(28, 35)",taxation,6,0.25,False,True,False
40,66,94514.0,"(37, 12)",taxation,6,0.25,False,True,False
40,67,64509.0,"(14, 30)",taxation,6,0.25,False,True,False
40,69,94528.0,"(21, 32)",taxation,6,0.25,False,True,False
40,70,90251.0,"(0, 40)",taxation,6,0.25,False,True,False
40,72,98780.0,"(18, 48)",taxation,6,0.25,False,True,False
40,77,73078.0,"(17, 34)",taxation,6,0.25,False,True,False
40,79,81648.0,"(17, 36)",taxation,6,0.25,False,True,False
40,80,94508.0,"(35, 9)",taxation,6,0.25,False,True,False
40,81,81691.0,"(42, 3)",taxation,6,0.25,False,True,False
40,82,90224.0,"(3, 37)",taxation,6,0.25,False,True,False
40,84,85959.0,"(18, 36)",taxation,6,0.25,False,True,False
40,87,85926.0,"(11, 47)",taxation,6,0.25,False,True,False
40,88,85943.0,"(30, 30)",taxation,6,0.25,False,True,False
40,89,90245.0,"(15, 45)",taxation,6,0.25,False,True,False
40,92,94503.0,"(4, 36)",taxation,6,0.25,False,True,False
40,93,38788.0,"(30, 33)",taxation,6,0.25,False,True,False
40,96,98810.0,"(6, 38)",taxation,6,0.25,False,True,False
40,97,68783.0,"(31, 33)",taxation,6,0.25,False,True,False
40,99,81639.0,"(35, 17)",taxation,6,0.25,False,True,False
40,101,85967.0,"(37, 11)",taxation,6,0.25,False,True,False
40,102,60221.0,"(11, 46)",taxation,6,0.25,False,True,False
40,104,81687.0,"(37, 7)",taxation,6,0.25,False,True,False
40,105,77372.0,"(19, 25)",taxation,6,0.25,False,True,False
40,107,94511.0,"(36, 17)",taxation,6,0.25,False,True,False
40,108,47370.0,"(0, 41)",taxation,6,0.25,False,True,False
40,109,85964.0,"(17, 31)",taxation,6,0.25,False,True,False
40,114,98803.0,"(42, 12)",taxation,6,0.25,False,True,False
40,116,94534.0,"(27, 33)",taxation,6,0.25,False,True,False
40,117,77375.0,"(27, 38)",taxation,6,0.25,False,True,False
40,118,94523.0,"(42, 2)",taxation,6,0.25,False,True,False
40,119,85946.0,"(33, 15)",taxation,6,0.25,False,True,False
40,123,98812.0,"(45, 3)",taxation,6,0.25,False,True,False
40,124,81661.0,"(34, 13)",taxation,6,0.25,False,True,False
40,126,85916.0,"(41, 19)",taxation,6,0.25,False,True,False
40,127,90226.0,"(35, 1)",taxation,6,0.25,False,True,False
40,128,94517.0,"(34, 17)",taxation,6,0.25,False,True,False
40,129,81672.0,"(30, 31)",taxation,6,0.25,False,True,False
40,131,85955.0,"(7, 36)",taxation,6,0.25,False,True,False
40,135,85944.0,"(14, 38)",taxation,6,0.25,False,True,False
40,136,68797.0,"(34, 15)",taxation,6,0.25,False,True,False
40,138,90225.0,"(35, 14)",taxation,6,0.25,False,True,False
40,143,85932.0,"(0, 39)",taxation,6,0.25,False,True,False
40,150,73078.0,"(22, 34)",taxation,6,0.25,False,True,False
40,151,68797.0,"(28, 29)",taxation,6,0.25,False,True,False
40,152,90239.0,"(23, 32)",taxation,6,0.25,False,True,False
40,153,43059.0,"(31, 29)",taxation,6,0.25,False,True,False
40,157,81649.0,"(17, 33)",taxation,6,0.25,False,True,False
40,159,68815.0,"(36, 16)",taxation,6,0.25,False,True,False
40,166,81673.0,"(35, 0)",taxation,6,0.25,False,True,False
40,171,85974.0,"(24, 35)",taxation,6,0.25,False,True,False
40,177,85972.0,"(40, 16)",taxation,6,0.25,False,True,False
40,178,94528.0,"(38, 9)",taxation,6,0.25,False,True,False
40,181,85943.00000000001,"(40, 17)",taxation,6,0.25,False,True,False
40,184,85924.0,"(12, 28)",taxation,6,0.25,False,True,False
40,185,85944.0,"(24, 33)",taxation,6,0.25,False,True,False
40,188,85954.0,"(28, 38)",taxation,6,0.25,False,True,False
40,190,85960.0,"(11, 22)",taxation,6,0.25,False,True,False
40,191,98782.0,"(37, 16)",taxation,6,0.25,False,True,False
40,192,77395.0,"(36, 12)",taxation,6,0.25,False,True,False
40,194,77387.0,"(15, 23)",taxation,6,0.25,False,True,False
40,195,38782.0,"(39, 15)",taxation,6,0.25,False,True,False
40,197,68785.0,"(1, 40)",taxation,6,0.25,False,True,False
40,199,98770.0,"(30, 2)",taxation,6,0.25,False,True,False
40,200,81653.0,"(34, 4)",taxation,6,0.25,False,True,False
40,204,94518.0,"(42, 14)",taxation,6,0.25,False,True,False
40,210,103083.0,"(0, 36)",taxation,6,0.25,False,True,False
40,211,55931.0,"(31, 30)",taxation,6,0.25,False,True,False
40,213,85962.0,"(5, 36)",taxation,6,0.25,False,True,False
40,215,94514.0,"(22, 35)",taxation,6,0.25,False,True,False
40,216,94516.0,"(18, 34)",taxation,6,0.25,False,True,False
40,217,51654.0,"(15, 44)",taxation,6,0.25,False,True,False
40,218,98808.0,"(15, 46)",taxation,6,0.25,False,True,False
40,220,94508.0,"(32, 21)",taxation,6,0.25,False,True,False
40,222,85960.0,"(4, 37)",taxation,6,0.25,False,True,False
40,223,60203.0,"(12, 18)",taxation,6,0.25,False,True,False
40,224,73095.0,"(39, 17)",taxation,6,0.25,False,True,False
40,227,94507.0,"(36, 13)",taxation,6,0.25,False,True,False
40,229,94534.0,"(18, 49)",taxation,6,0.25,False,True,False
40,230,68807.0,"(1, 38)",taxation,6,0.25,False,True,False
40,232,51645.0,"(10, 29)",taxation,6,0.25,False,True,False
40,233,81655.0,"(41, 16)",taxation,6,0.25,False,True,False
40,235,85951.0,"(33, 14)",taxation,6,0.25,False,True,False
40,236,85940.0,"(32, 10)",taxation,6,0.25,False,True,False
40,237,68789.0,"(29, 33)",taxation,6,0.25,False,True,False
40,238,85957.0,"(29, 32)",taxation,6,0.25,False,True,False
40,239,85935.0,"(19, 27)",taxation,6,0.25,False,True,False
40,243,81661.0,"(29, 29)",taxation,6,0.25,False,True,False
40,244,98817.0,"(14, 47)",taxation,6,0.25,False,True,False
40,245,94520.0,"(2, 39)",taxation,6,0.25,False,True,False
40,248,85947.0,"(35, 3)",taxation,6,0.25,False,True,False
40,219-2,75216.0,"(39, 0)",taxation,6,0.25,False,True,False
40,158-2,62359.0,"(39, 16)",taxation,6,0.25,False,True,False
40,139-2,77368.25,"(21, 35)",taxation,6,0.25,False,True,False
40,179-2,55971.5,"(29, 28)",taxation,6,0.25,False,True,False
40,28-2,59183.25,"(33, 12)",taxation,6,0.25,False,True,False
40,187-2,34509.0,"(25, 33)",taxation,6,0.25,False,True,False
40,146-2,25948.0,"(41, 14)",taxation,6,0.25,False,True,False
40,94-2,21663.0,"(6, 40)",taxation,6,0.25,False,True,False
40,154-2,30227.0,"(14, 34)",taxation,6,0.25,False,True,False
40,173-2,17363.0,"(24, 34)",taxation,6,0.25,False,True,False
40,240-2,21629.0,"(34, 32)",taxation,6,0.25,False,True,False
40,246-2,64518.0,"(18, 33)",taxation,6,0.25,False,True,False
40,98-2,34532.0,"(33, 20)",taxation,6,0.25,False,True,False
40,140-2,266.0,"(23, 33)",taxation,6,0.25,False,True,False
40,176-2,242.0,"(33, 17)",taxation,6,0.25,False,True,False
40,208-2,68793.25,"(18, 32)",taxation,6,0.25,False,True,False
40,170-2,59168.75,"(23, 34)",taxation,6,0.25,False,True,False
40,1-2,49502.25,"(19, 33)",taxation,6,0.25,False,True,False
40,23-2,69893.0,"(40, 4)",taxation,6,0.25,False,True,False
40,17-2,70933.5,"(41, 11)",taxation,6,0.25,False,True,False
40,31-2,77353.5,"(31, 32)",taxation,6,0.25,False,True,False
40,228-2,50585.0,"(26, 31)",taxation,6,0.25,False,True,False
40,149-2,58106.0,"(21, 34)",taxation,6,0.25,False,True,False
40,206-2,65582.25,"(17, 48)",taxation,6,0.25,False,True,False
40,242-2,29147.25,"(41, 20)",taxation,6,0.25,False,True,False
40,75-2,61306.0,"(8, 35)",taxation,6,0.25,False,True,False
40,74-2,75224.0,"(20, 32)",taxation,6,0.25,False,True,False
40,241-2,61287.5,"(32, 20)",taxation,6,0.25,False,True,False
40,42-2,48443.5,"(14, 46)",taxation,6,0.25,False,True,False
40,142-2,41987.75,"(39, 10)",taxation,6,0.25,False,True,False
40,172-2,70925.75,"(28, 17)",taxation,6,0.25,False,True,False
40,167-2,67729.75,"(39, 8)",taxation,6,0.25,False,True,False
40,38-2,67729.5,"(30, 27)",taxation,6,0.25,False,True,False
40,198-2,61310.5,"(10, 46)",taxation,6,0.25,False,True,False
40,0-2,45226.25,"(30, 14)",taxation,6,0.25,False,True,False
40,6-2,74147.0,"(23, 35)",taxation,6,0.25,False,True,False
40,76-2,64521.750000000015,"(21, 37)",taxation,6,0.25,False,True,False
40,144-2,64512.5,"(16, 48)",taxation,6,0.25,False,True,False
40,25-2,58079.0,"(17, 35)",taxation,6,0.25,False,True,False
40,40-2,70943.0,"(20, 29)",taxation,6,0.25,False,True,False
40,10-2,67702.25,"(35, 26)",taxation,6,0.25,False,True,False
40,180-2,64523.25,"(14, 48)",taxation,6,0.25,False,True,False
40,212-2,67701.75,"(32, 13)",taxation,6,0.25,False,True,False
40,63-2,61272.75,"(27, 18)",taxation,6,0.25,False,True,False
40,189-2,58068.5,"(11, 33)",taxation,6,0.25,False,True,False
40,54-2,64514.25,"(34, 2)",taxation,6,0.25,False,True,False
40,4-2,48414.25,"(36, 2)",taxation,6,0.25,False,True,False
40,83-2,70922.75,"(22, 32)",taxation,6,0.25,False,True,False
40,249-2,67710.0,"(19, 47)",taxation,6,0.25,False,True,False
40,22-2,74138.0,"(30, 12)",taxation,6,0.25,False,True,False
40,205-2,32350.75,"(36, 1)",taxation,6,0.25,False,True,False
40,156-2,48422.5,"(18, 35)",taxation,6,0.25,False,True,False
40,51-2,67701.5,"(11, 39)",taxation,6,0.25,False,True,False
40,133-2,58061.0,"(27, 35)",taxation,6,0.25,False,True,False
40,73-2,67710.25,"(22, 33)",taxation,6,0.25,False,True,False
40,56-2,64499.75,"(19, 31)",taxation,6,0.25,False,True,False
40,182-2,67708.25,"(19, 34)",taxation,6,0.25,False,True,False
40,71-2,70927.25,"(42, 7)",taxation,6,0.25,False,True,False
40,91-2,70907.75,"(29, 16)",taxation,6,0.25,False,True,False
40,226-2,64477.75,"(36, 15)",taxation,6,0.25,False,True,False
40,225-2,67694.75,"(2, 41)",taxation,6,0.25,False,True,False
40,148-2,51622.25,"(5, 40)",taxation,6,0.25,False,True,False
40,16-2,74140.5,"(30, 13)",taxation,6,0.25,False,True,False
40,111-2,70910.25,"(33, 13)",taxation,6,0.25,False,True,False
40,134-2,64505.0,"(46, 10)",taxation,6,0.25,False,True,False
40,168-2,70923.5,"(20, 34)",taxation,6,0.25,False,True,False
40,106-2,61298.75,"(39, 1)",taxation,6,0.25,False,True,False
40,162-2,67706.5,"(41, 10)",taxation,6,0.25,False,True,False
40,214-2,41978.0,"(37, 2)",taxation,6,0.25,False,True,False
40,110-2,74119.0,"(15, 48)",taxation,6,0.25,False,True,False
40,95-2,74124.5,"(31, 24)",taxation,6,0.25,False,True,False
40,122-2,54840.25,"(28, 33)",taxation,6,0.25,False,True,False
40,231-2,41980.75,"(20, 26)",taxation,6,0.25,False,True,False
40,100-2,64488.75,"(34, 8)",taxation,6,0.25,False,True,False
40,141-2,51642.5,"(11, 44)",taxation,6,0.25,False,True,False
40,165-2,77344.0,"(35, 15)",taxation,6,0.25,False,True,False
40,186-2,61278.25,"(34, 16)",taxation,6,0.25,False,True,False
40,201-2,45180.25,"(34, 20)",taxation,6,0.25,False,True,False
40,21-2,61271.25,"(28, 32)",taxation,6,0.25,False,True,False
40,183-2,45192.75,"(28, 28)",taxation,6,0.25,False,True,False
40,203-2,77328.25,"(38, 6)",taxation,6,0.25,False,True,False
40,32-2,70898.75,"(19, 35)",taxation,6,0.25,False,True,False
40,115-2,70899.75,"(37, 8)",taxation,6,0.25,False,True,False
40,169-2,51632.0,"(28, 30)",taxation,6,0.25,False,True,False
40,78-2,61264.25,"(26, 18)",taxation,6,0.25,False,True,False
40,137-2,58048.5,"(33, 9)",taxation,6,0.25,False,True,False
40,55-2,70899.25,"(5, 39)",taxation,6,0.25,False,True,False
40,112-2,70908.5,"(12, 47)",taxation,6,0.25,False,True,False
40,193-2,58059.5,"(19, 28)",taxation,6,0.25,False,True,False
40,50-2,74116.5,"(37, 15)",taxation,6,0.25,False,True,False
40,53-2,41965.25,"(21, 20)",taxation,6,0.25,False,True,False
40,5-2,29108.5,"(29, 27)",taxation,6,0.25,False,True,False
40,247-2,58052.0,"(30, 17)",taxation,6,0.25,False,True,False
40,147-2,64485.75,"(40, 2)",taxation,6,0.25,False,True,False
40,145-2,67690.0,"(25, 32)",taxation,6,0.25,False,True,False
40,207-2,51601.75,"(28, 18)",taxation,6,0.25,False,True,False
40,120-2,74087.0,"(14, 28)",taxation,6,0.25,False,True,False
40,125-2,70906.0,"(9, 36)",taxation,6,0.25,False,True,False
40,41-2,70919.0,"(24, 32)",taxation,6,0.25,False,True,False
40,209-2,74121.5,"(43, 10)",taxation,6,0.25,False,True,False
40,113-2,67673.75,"(33, 3)",taxation,6,0.25,False,True,False
40,68-2,54829.75,"(25, 34)",taxation,6,0.25,False,True,False
40,161-2,54822.0,"(16, 26)",taxation,6,0.25,False,True,False
40,175-2,54830.5,"(38, 10)",taxation,6,0.25,False,True,False
40,85-2,58042.0,"(32, 23)",taxation,6,0.25,False,True,False
40,234-2,67673.5,"(3, 36)",taxation,6,0.25,False,True,False
40,45-2,67677.75,"(14, 29)",taxation,6,0.25,False,True,False
40,196-2,45189.0,"(20, 30)",taxation,6,0.25,False,True,False
40,174-2,70901.5,"(38, 4)",taxation,6,0.25,False,True,False
40,103-2,64462.5,"(38, 2)",taxation,6,0.25,False,True,False
40,33-2,51620.25,"(33, 1)",taxation,6,0.25,False,True,False
40,19-2,67674.0,"(18, 30)",taxation,6,0.25,False,True,False
40,130-2,70894.5,"(30, 28)",taxation,6,0.25,False,True,False
40,155-2,67688.25,"(28, 34)",taxation,6,0.25,False,True,False
40,86-2,64467.0,"(33, 34)",taxation,6,0.25,False,True,False
40,164-2,67685.25,"(38, 1)",taxation,6,0.25,False,True,False
40,2-2,64460.75,"(21, 36)",taxation,6,0.25,False,True,False
40,11-2,51590.25,"(1, 39)",taxation,6,0.25,False,True,False
40,202-2,74091.0,"(35, 2)",taxation,6,0.25,False,True,False
40,121-2,64473.0,"(14, 21)",taxation,6,0.25,False,True,False
40,163-2,77319.0,"(12, 46)",taxation,6,0.25,False,True,False
40,18-2,74107.75,"(42, 17)",taxation,6,0.25,False,True,False
40,132-2,70881.75,"(32, 22)",taxation,6,0.25,False,True,False
40,160-2,58038.0,"(5, 38)",taxation,6,0.25,False,True,False
40,221-2,61246.5,"(38, 0)",taxation,6,0.25,False,True,False
40,90-2,58051.5,"(40, 1)",taxation,6,0.25,False,True,False
41,3,51647.0,"(8, 43)",taxation,6,0.25,False,True,False
41,7,64518.0,"(4, 44)",taxation,6,0.25,False,True,False
41,8,85973.0,"(21, 22)",taxation,6,0.25,False,True,False
41,9,73117.0,"(7, 42)",taxation,6,0.25,False,True,False
41,12,81661.0,"(38, 13)",taxation,6,0.25,False,True,False
41,13,81678.0,"(6, 41)",taxation,6,0.25,False,True,False
41,14,21653.0,"(21, 29)",taxation,6,0.25,False,True,False
41,15,77399.0,"(30, 20)",taxation,6,0.25,False,True,False
41,20,81659.0,"(29, 22)",taxation,6,0.25,False,True,False
41,24,68826.0,"(33, 16)",taxation,6,0.25,False,True,False
41,26,68823.0,"(22, 29)",taxation,6,0.25,False,True,False
41,27,77373.0,"(29, 15)",taxation,6,0.25,False,True,False
41,29,85955.0,"(5, 42)",taxation,6,0.25,False,True,False
41,30,98814.0,"(2, 46)",taxation,6,0.25,False,True,False
41,34,77383.0,"(13, 49)",taxation,6,0.25,False,True,False
41,35,85966.0,"(4, 40)",taxation,6,0.25,False,True,False
41,36,64514.0,"(20, 25)",taxation,6,0.25,False,True,False
41,37,90254.0,"(46, 17)",taxation,6,0.25,False,True,False
41,39,60223.0,"(22, 26)",taxation,6,0.25,False,True,False
41,43,85958.0,"(39, 12)",taxation,6,0.25,False,True,False
41,44,55962.0,"(31, 5)",taxation,6,0.25,False,True,False
41,46,60236.0,"(30, 19)",taxation,6,0.25,False,True,False
41,47,60242.0,"(12, 33)",taxation,6,0.25,False,True,False
41,48,90209.0,"(28, 0)",taxation,6,0.25,False,True,False
41,49,81672.0,"(15, 21)",taxation,6,0.25,False,True,False
41,52,64520.0,"(45, 15)",taxation,6,0.25,False,True,False
41,57,77373.0,"(43, 15)",taxation,6,0.25,False,True,False
41,58,90211.0,"(5, 43)",taxation,6,0.25,False,True,False
41,59,77373.0,"(7, 41)",taxation,6,0.25,False,True,False
41,60,90237.0,"(35, 18)",taxation,6,0.25,False,True,False
41,61,103093.0,"(9, 43)",taxation,6,0.25,False,True,False
41,62,85974.0,"(0, 43)",taxation,6,0.25,False,True,False
41,65,98793.0,"(29, 35)",taxation,6,0.25,False,True,False
41,66,94521.0,"(32, 17)",taxation,6,0.25,False,True,False
41,67,64516.0,"(15, 26)",taxation,6,0.25,False,True,False
41,69,94537.0,"(22, 31)",taxation,6,0.25,False,True,False
41,70,90259.0,"(1, 46)",taxation,6,0.25,False,True,False
41,72,98788.0,"(19, 49)",taxation,6,0.25,False,True,False
41,77,73084.0,"(16, 37)",taxation,6,0.25,False,True,False
41,79,81657.0,"(21, 30)",taxation,6,0.25,False,True,False
41,80,94515.0,"(30, 15)",taxation,6,0.25,False,True,False
41,81,81696.0,"(43, 9)",taxation,6,0.25,False,True,False
41,82,90232.0,"(6, 42)",taxation,6,0.25,False,True,False
41,84,85968.0,"(21, 31)",taxation,6,0.25,False,True,False
41,87,85935.0,"(10, 48)",taxation,6,0.25,False,True,False
41,88,85951.0,"(28, 31)",taxation,6,0.25,False,True,False
41,89,90254.0,"(13, 48)",taxation,6,0.25,False,True,False
41,92,94509.0,"(3, 40)",taxation,6,0.25,False,True,False
41,93,38797.0,"(25, 30)",taxation,6,0.25,False,True,False
41,96,98818.0,"(9, 44)",taxation,6,0.25,False,True,False
41,97,68791.0,"(27, 27)",taxation,6,0.25,False,True,False
41,99,81647.0,"(29, 23)",taxation,6,0.25,False,True,False
41,101,85974.0,"(31, 16)",taxation,6,0.25,False,True,False
41,104,81693.0,"(31, 6)",taxation,6,0.25,False,True,False
41,105,77380.0,"(20, 24)",taxation,6,0.25,False,True,False
41,107,94519.0,"(30, 22)",taxation,6,0.25,False,True,False
41,108,47378.0,"(0, 45)",taxation,6,0.25,False,True,False
41,109,85973.0,"(21, 27)",taxation,6,0.25,False,True,False
41,114,98810.0,"(46, 15)",taxation,6,0.25,False,True,False
41,116,94541.0,"(27, 36)",taxation,6,0.25,False,True,False
41,117,77383.0,"(29, 38)",taxation,6,0.25,False,True,False
41,118,94527.0,"(43, 2)",taxation,6,0.25,False,True,False
41,119,85954.0,"(29, 20)",taxation,6,0.25,False,True,False
41,123,98817.0,"(43, 8)",taxation,6,0.25,False,True,False
41,124,81669.0,"(31, 15)",taxation,6,0.25,False,True,False
41,126,85924.0,"(38, 19)",taxation,6,0.25,False,True,False
41,127,90232.0,"(31, 1)",taxation,6,0.25,False,True,False
41,128,94525.0,"(28, 19)",taxation,6,0.25,False,True,False
41,129,81681.0,"(24, 28)",taxation,6,0.25,False,True,False
41,131,85962.0,"(13, 32)",taxation,6,0.25,False,True,False
41,135,85952.0,"(13, 34)",taxation,6,0.25,False,True,False
41,136,68805.0,"(29, 19)",taxation,6,0.25,False,True,False
41,138,90233.0,"(31, 17)",taxation,6,0.25,False,True,False
41,143,85940.0,"(0, 44)",taxation,6,0.25,False,True,False
41,150,73086.0,"(26, 28)",taxation,6,0.25,False,True,False
41,151,68806.0,"(24, 29)",taxation,6,0.25,False,True,False
41,152,90247.0,"(26, 33)",taxation,6,0.25,False,True,False
41,153,43068.0,"(25, 29)",taxation,6,0.25,False,True,False
41,157,81656.0,"(20, 33)",taxation,6,0.25,False,True,False
41,159,68822.0,"(35, 19)",taxation,6,0.25,False,True,False
41,166,81681.0,"(31, 3)",taxation,6,0.25,False,True,False
41,171,85981.0,"(26, 35)",taxation,6,0.25,False,True,False
41,177,85979.0,"(39, 18)",taxation,6,0.25,False,True,False
41,178,94535.0,"(38, 14)",taxation,6,0.25,False,True,False
41,181,85951.00000000001,"(42, 16)",taxation,6,0.25,False,True,False
41,184,85931.0,"(13, 29)",taxation,6,0.25,False,True,False
41,185,85952.0,"(26, 27)",taxation,6,0.25,False,True,False
41,190,85967.0,"(16, 20)",taxation,6,0.25,False,True,False
41,191,98790.0,"(36, 19)",taxation,6,0.25,False,True,False
41,192,77401.0,"(39, 14)",taxation,6,0.25,False,True,False
41,194,77396.0,"(21, 26)",taxation,6,0.25,False,True,False
41,195,38789.0,"(40, 15)",taxation,6,0.25,False,True,False
41,197,68793.0,"(1, 45)",taxation,6,0.25,False,True,False
41,199,98777.0,"(29, 0)",taxation,6,0.25,False,True,False
41,200,81661.0,"(30, 7)",taxation,6,0.25,False,True,False
41,204,94525.0,"(42, 13)",taxation,6,0.25,False,True,False
41,210,103089.0,"(3, 41)",taxation,6,0.25,False,True,False
41,211,55940.0,"(27, 29)",taxation,6,0.25,False,True,False
41,213,85968.0,"(2, 40)",taxation,6,0.25,False,True,False
41,215,94523.0,"(23, 29)",taxation,6,0.25,False,True,False
41,216,94524.0,"(17, 28)",taxation,6,0.25,False,True,False
41,217,51663.0,"(11, 48)",taxation,6,0.25,False,True,False
41,218,98816.0,"(20, 48)",taxation,6,0.25,False,True,False
41,220,94516.0,"(30, 21)",taxation,6,0.25,False,True,False
41,222,85966.0,"(4, 41)",taxation,6,0.25,False,True,False
41,223,60210.0,"(15, 20)",taxation,6,0.25,False,True,False
41,224,73102.0,"(36, 20)",taxation,6,0.25,False,True,False
41,227,94514.0,"(34, 18)",taxation,6,0.25,False,True,False
41,229,94543.0,"(17, 49)",taxation,6,0.25,False,True,False
41,230,68814.0,"(2, 44)",taxation,6,0.25,False,True,False
41,232,51652.0,"(15, 27)",taxation,6,0.25,False,True,False
41,233,81662.0,"(45, 18)",taxation,6,0.25,False,True,False
41,235,85959.0,"(30, 18)",taxation,6,0.25,False,True,False
41,236,85947.0,"(26, 9)",taxation,6,0.25,False,True,False
41,237,68797.0,"(27, 32)",taxation,6,0.25,False,True,False
41,238,85965.0,"(29, 36)",taxation,6,0.25,False,True,False
41,239,85943.0,"(22, 27)",taxation,6,0.25,False,True,False
41,243,81670.0,"(26, 29)",taxation,6,0.25,False,True,False
41,244,98825.0,"(10, 49)",taxation,6,0.25,False,True,False
41,245,94528.0,"(3, 45)",taxation,6,0.25,False,True,False
41,248,85953.0,"(32, 4)",taxation,6,0.25,False,True,False
41,219-2,75221.0,"(33, 0)",taxation,6,0.25,False,True,False
41,158-2,62366.0,"(43, 14)",taxation,6,0.25,False,True,False
41,139-2,77376.25,"(27, 31)",taxation,6,0.25,False,True,False
41,179-2,55979.5,"(27, 26)",taxation,6,0.25,False,True,False
41,28-2,59190.25,"(27, 12)",taxation,6,0.25,False,True,False
41,187-2,34516.0,"(29, 30)",taxation,6,0.25,False,True,False
41,146-2,25955.0,"(45, 17)",taxation,6,0.25,False,True,False
41,94-2,21671.0,"(8, 44)",taxation,6,0.25,False,True,False
41,154-2,30235.0,"(15, 29)",taxation,6,0.25,False,True,False
41,173-2,17371.0,"(26, 34)",taxation,6,0.25,False,True,False
41,240-2,21637.0,"(29, 31)",taxation,6,0.25,False,True,False
41,246-2,64526.0,"(24, 27)",taxation,6,0.25,False,True,False
41,98-2,34540.0,"(33, 19)",taxation,6,0.25,False,True,False
41,140-2,275.0,"(23, 31)",taxation,6,0.25,False,True,False
41,176-2,250.0,"(27, 22)",taxation,6,0.25,False,True,False
41,208-2,68801.25,"(19, 26)",taxation,6,0.25,False,True,False
41,170-2,59177.75,"(23, 30)",taxation,6,0.25,False,True,False
41,1-2,49511.25,"(22, 30)",taxation,6,0.25,False,True,False
41,23-2,69897.0,"(39, 5)",taxation,6,0.25,False,True,False
41,17-2,70940.5,"(44, 17)",taxation,6,0.25,False,True,False
41,31-2,77362.5,"(27, 30)",taxation,6,0.25,False,True,False
41,228-2,50593.0,"(26, 32)",taxation,6,0.25,False,True,False
41,149-2,58112.0,"(21, 38)",taxation,6,0.25,False,True,False
41,206-2,65591.25,"(16, 49)",taxation,6,0.25,False,True,False
41,242-2,29154.25,"(44, 18)",taxation,6,0.25,False,True,False
41,75-2,61313.0,"(14, 35)",taxation,6,0.25,False,True,False
41,74-2,75232.0,"(25, 27)",taxation,6,0.25,False,True,False
41,241-2,61295.5,"(31, 20)",taxation,6,0.25,False,True,False
41,42-2,48452.5,"(9, 48)",taxation,6,0.25,False,True,False
41,142-2,41995.75,"(42, 15)",taxation,6,0.25,False,True,False
41,172-2,70933.75,"(29, 18)",taxation,6,0.25,False,True,False
41,167-2,67735.75,"(39, 13)",taxation,6,0.25,False,True,False
41,38-2,67737.5,"(30, 26)",taxation,6,0.25,False,True,False
41,198-2,61318.5,"(8, 48)",taxation,6,0.25,False,True,False
41,0-2,45233.25,"(26, 13)",taxation,6,0.25,False,True,False
41,6-2,74155.0,"(21, 33)",taxation,6,0.25,False,True,False
41,76-2,64530.750000000015,"(24, 31)",taxation,6,0.25,False,True,False
41,144-2,64521.5,"(15, 49)",taxation,6,0.25,False,True,False
41,25-2,58086.0,"(15, 35)",taxation,6,0.25,False,True,False
41,40-2,70952.0,"(23, 27)",taxation,6,0.25,False,True,False
41,10-2,67710.25,"(31, 25)",taxation,6,0.25,False,True,False
41,180-2,64532.25,"(14, 49)",taxation,6,0.25,False,True,False
41,212-2,67709.75,"(31, 19)",taxation,6,0.25,False,True,False
41,63-2,61280.75,"(28, 21)",taxation,6,0.25,False,True,False
41,189-2,58076.5,"(12, 34)",taxation,6,0.25,False,True,False
41,54-2,64521.25,"(33, 5)",taxation,6,0.25,False,True,False
41,4-2,48420.25,"(32, 5)",taxation,6,0.25,False,True,False
41,83-2,70930.75,"(25, 26)",taxation,6,0.25,False,True,False
41,249-2,67718.0,"(19, 48)",taxation,6,0.25,False,True,False
41,22-2,74145.0,"(26, 12)",taxation,6,0.25,False,True,False
41,205-2,32357.75,"(30, 6)",taxation,6,0.25,False,True,False
41,156-2,48429.5,"(19, 29)",taxation,6,0.25,False,True,False
41,51-2,67709.5,"(10, 43)",taxation,6,0.25,False,True,False
41,133-2,58069.0,"(27, 34)",taxation,6,0.25,False,True,False
41,73-2,67717.25,"(27, 37)",taxation,6,0.25,False,True,False
41,56-2,64507.75,"(23, 26)",taxation,6,0.25,False,True,False
41,182-2,67714.25,"(15, 37)",taxation,6,0.25,False,True,False
41,71-2,70933.25,"(40, 13)",taxation,6,0.25,False,True,False
41,91-2,70915.75,"(29, 17)",taxation,6,0.25,False,True,False
41,226-2,64485.75,"(34, 19)",taxation,6,0.25,False,True,False
41,225-2,67702.75,"(4, 45)",taxation,6,0.25,False,True,False
41,148-2,51630.25,"(5, 46)",taxation,6,0.25,False,True,False
41,16-2,74147.5,"(25, 13)",taxation,6,0.25,False,True,False
41,111-2,70918.25,"(31, 18)",taxation,6,0.25,False,True,False
41,134-2,64511.0,"(47, 11)",taxation,6,0.25,False,True,False
41,168-2,70928.5,"(21, 40)",taxation,6,0.25,False,True,False
41,106-2,61304.75,"(34, 0)",taxation,6,0.25,False,True,False
41,162-2,67713.5,"(43, 12)",taxation,6,0.25,False,True,False
41,214-2,41985.0,"(36, 0)",taxation,6,0.25,False,True,False
41,110-2,74128.0,"(12, 49)",taxation,6,0.25,False,True,False
41,95-2,74133.5,"(25, 28)",taxation,6,0.25,False,True,False
41,122-2,54848.25,"(29, 34)",taxation,6,0.25,False,True,False
41,231-2,41988.75,"(22, 24)",taxation,6,0.25,False,True,False
41,100-2,64495.75,"(28, 12)",taxation,6,0.25,False,True,False
41,141-2,51651.5,"(9, 47)",taxation,6,0.25,False,True,False
41,165-2,77352.0,"(32, 16)",taxation,6,0.25,False,True,False
41,186-2,61286.25,"(32, 19)",taxation,6,0.25,False,True,False
41,201-2,45188.25,"(29, 21)",taxation,6,0.25,False,True,False
41,21-2,61280.25,"(26, 30)",taxation,6,0.25,False,True,False
41,183-2,45200.75,"(27, 28)",taxation,6,0.25,False,True,False
41,203-2,77334.25,"(37, 10)",taxation,6,0.25,False,True,False
41,32-2,70905.75,"(20, 31)",taxation,6,0.25,False,True,False
41,115-2,70906.75,"(34, 9)",taxation,6,0.25,False,True,False
41,169-2,51641.0,"(24, 30)",taxation,6,0.25,False,True,False
41,78-2,61272.25,"(27, 19)",taxation,6,0.25,False,True,False
41,137-2,58055.5,"(28, 7)",taxation,6,0.25,False,True,False
41,55-2,70907.25,"(5, 45)",taxation,6,0.25,False,True,False
41,112-2,70917.5,"(12, 48)",taxation,6,0.25,False,True,False
41,193-2,58067.5,"(23, 25)",taxation,6,0.25,False,True,False
41,50-2,74123.5,"(33, 18)",taxation,6,0.25,False,True,False
41,53-2,41974.25,"(21, 25)",taxation,6,0.25,False,True,False
41,5-2,29116.5,"(29, 26)",taxation,6,0.25,False,True,False
41,247-2,58060.0,"(28, 20)",taxation,6,0.25,False,True,False
41,147-2,64489.75,"(40, 0)",taxation,6,0.25,False,True,False
41,145-2,67699.0,"(25, 31)",taxation,6,0.25,False,True,False
41,207-2,51609.75,"(28, 22)",taxation,6,0.25,False,True,False
41,120-2,74096.0,"(20, 28)",taxation,6,0.25,False,True,False
41,125-2,70913.0,"(15, 38)",taxation,6,0.25,False,True,False
41,41-2,70927.0,"(24, 26)",taxation,6,0.25,False,True,False
41,209-2,74127.5,"(46, 12)",taxation,6,0.25,False,True,False
41,113-2,67680.75,"(27, 1)",taxation,6,0.25,False,True,False
41,68-2,54838.75,"(22, 28)",taxation,6,0.25,False,True,False
41,161-2,54830.0,"(21, 24)",taxation,6,0.25,False,True,False
41,175-2,54837.5,"(37, 13)",taxation,6,0.25,False,True,False
41,85-2,58050.0,"(30, 24)",taxation,6,0.25,False,True,False
41,234-2,67680.5,"(9, 42)",taxation,6,0.25,False,True,False
41,45-2,67685.75,"(16, 27)",taxation,6,0.25,False,True,False
41,196-2,45197.0,"(23, 28)",taxation,6,0.25,False,True,False
41,174-2,70907.5,"(37, 0)",taxation,6,0.25,False,True,False
41,103-2,64467.5,"(33, 4)",taxation,6,0.25,False,True,False
41,33-2,51628.25,"(30, 1)",taxation,6,0.25,False,True,False
41,19-2,67683.0,"(21, 28)",taxation,6,0.25,False,True,False
41,130-2,70902.5,"(28, 26)",taxation,6,0.25,False,True,False
41,155-2,67695.25,"(30, 34)",taxation,6,0.25,False,True,False
41,86-2,64475.0,"(30, 37)",taxation,6,0.25,False,True,False
41,164-2,67690.25,"(34, 5)",taxation,6,0.25,False,True,False
41,2-2,64466.75,"(27, 40)",taxation,6,0.25,False,True,False
41,11-2,51598.25,"(1, 44)",taxation,6,0.25,False,True,False
41,202-2,74098.0,"(34, 1)",taxation,6,0.25,False,True,False
41,121-2,64482.0,"(20, 27)",taxation,6,0.25,False,True,False
41,163-2,77327.0,"(11, 49)",taxation,6,0.25,False,True,False
41,18-2,74114.75,"(45, 19)",taxation,6,0.25,False,True,False
41,132-2,70889.75,"(31, 21)",taxation,6,0.25,False,True,False
41,160-2,58045.0,"(6, 44)",taxation,6,0.25,False,True,False
41,221-2,61251.5,"(32, 0)",taxation,6,0.25,False,True,False
41,90-2,58056.5,"(35, 4)",taxation,6,0.25,False,True,False
41,64-2,64464.0,"(46, 14)",taxation,6,0.25,False,True,False
41,102-2,45172.5,"(10, 47)",taxation,6,0.25,False,True,False
41,188-2,64471.5,"(28, 36)",taxation,6,0.25,False,True,False
42,3,51655.0,"(2, 48)",taxation,6,0.25,False,True,False
42,7,64527.0,"(7, 47)",taxation,6,0.25,False,True,False
42,8,85981.0,"(19, 21)",taxation,6,0.25,False,True,False
42,9,73124.0,"(8, 42)",taxation,6,0.25,False,True,False
42,12,81667.0,"(44, 13)",taxation,6,0.25,False,True,False
42,13,81686.0,"(6, 45)",taxation,6,0.25,False,True,False
42,14,21661.0,"(18, 25)",taxation,6,0.25,False,True,False
42,15,77408.0,"(29, 25)",taxation,6,0.25,False,True,False
42,20,81667.0,"(25, 19)",taxation,6,0.25,False,True,False
42,24,68834.0,"(27, 21)",taxation,6,0.25,False,True,False
42,26,68830.0,"(28, 27)",taxation,6,0.25,False,True,False
42,27,77381.0,"(25, 15)",taxation,6,0.25,False,True,False
42,29,85963.0,"(7, 44)",taxation,6,0.25,False,True,False
42,30,98822.0,"(1, 48)",taxation,6,0.25,False,True,False
42,34,77390.0,"(11, 45)",taxation,6,0.25,False,True,False
42,35,85975.0,"(4, 46)",taxation,6,0.25,False,True,False
42,36,64522.0,"(18, 21)",taxation,6,0.25,False,True,False
42,37,90261.0,"(47, 17)",taxation,6,0.25,False,True,False
42,39,60230.0,"(19, 20)",taxation,6,0.25,False,True,False
42,43,85964.0,"(45, 13)",taxation,6,0.25,False,True,False
42,44,55968.0,"(26, 8)",taxation,6,0.25,False,True,False
42,46,60245.0,"(27, 23)",taxation,6,0.25,False,True,False
42,47,60248.0,"(9, 37)",taxation,6,0.25,False,True,False
42,48,90216.0,"(23, 2)",taxation,6,0.25,False,True,False
42,49,81680.0,"(17, 19)",taxation,6,0.25,False,True,False
42,52,64528.0,"(46, 19)",taxation,6,0.25,False,True,False
42,57,77380.0,"(42, 21)",taxation,6,0.25,False,True,False
42,58,90219.0,"(2, 49)",taxation,6,0.25,False,True,False
42,59,77381.0,"(1, 47)",taxation,6,0.25,False,True,False
42,60,90245.0,"(35, 24)",taxation,6,0.25,False,True,False
42,61,103102.0,"(8, 49)",taxation,6,0.25,False,True,False
42,62,85982.0,"(0, 48)",taxation,6,0.25,False,True,False
42,65,98801.0,"(33, 30)",taxation,6,0.25,False,True,False
42,66,94529.0,"(35, 20)",taxation,6,0.25,False,True,False
42,67,64524.0,"(17, 21)",taxation,6,0.25,False,True,False
42,69,94541.0,"(16, 36)",taxation,6,0.25,False,True,False
42,70,90267.0,"(0, 46)",taxation,6,0.25,False,True,False
42,72,98797.0,"(21, 46)",taxation,6,0.25,False,True,False
42,77,73091.0,"(15, 42)",taxation,6,0.25,False,True,False
42,79,81665.0,"(18, 26)",taxation,6,0.25,False,True,False
42,80,94523.0,"(25, 18)",taxation,6,0.25,False,True,False
42,81,81703.0,"(47, 15)",taxation,6,0.25,False,True,False
42,82,90239.0,"(6, 43)",taxation,6,0.25,False,True,False
42,84,85973.0,"(15, 36)",taxation,6,0.25,False,True,False
42,87,85942.0,"(8, 45)",taxation,6,0.25,False,True,False
42,88,85959.0,"(34, 29)",taxation,6,0.25,False,True,False
42,89,90263.0,"(7, 49)",taxation,6,0.25,False,True,False
42,93,38806.0,"(25, 25)",taxation,6,0.25,False,True,False
42,96,98826.0,"(9, 45)",taxation,6,0.25,False,True,False
42,97,68799.0,"(32, 27)",taxation,6,0.25,False,True,False
42,99,81655.0,"(30, 23)",taxation,6,0.25,False,True,False
42,101,85982.0,"(27, 20)",taxation,6,0.25,False,True,False
42,104,81700.0,"(25, 9)",taxation,6,0.25,False,True,False
42,105,77388.0,"(20, 21)",taxation,6,0.25,False,True,False
42,107,94527.0,"(34, 25)",taxation,6,0.25,False,True,False
42,108,47386.0,"(0, 49)",taxation,6,0.25,False,True,False
42,109,85981.0,"(25, 21)",taxation,6,0.25,False,True,False
42,114,98817.0,"(48, 17)",taxation,6,0.25,False,True,False
42,116,94549.0,"(32, 31)",taxation,6,0.25,False,True,False
42,117,77391.0,"(32, 36)",taxation,6,0.25,False,True,False
42,118,94532.0,"(44, 3)",taxation,6,0.25,False,True,False
42,119,85963.0,"(25, 22)",taxation,6,0.25,False,True,False
42,123,98823.0,"(44, 11)",taxation,6,0.25,False,True,False
42,124,81677.0,"(26, 20)",taxation,6,0.25,False,True,False
42,126,85932.0,"(34, 23)",taxation,6,0.25,False,True,False
42,127,90238.0,"(25, 0)",taxation,6,0.25,False,True,False
42,128,94533.0,"(26, 19)",taxation,6,0.25,False,True,False
42,129,81690.0,"(24, 25)",taxation,6,0.25,False,True,False
42,131,85968.0,"(10, 37)",taxation,6,0.25,False,True,False
42,135,85959.0,"(10, 39)",taxation,6,0.25,False,True,False
42,136,68814.0,"(23, 21)",taxation,6,0.25,False,True,False
42,138,90242.0,"(28, 23)",taxation,6,0.25,False,True,False
42,143,85949.0,"(6, 48)",taxation,6,0.25,False,True,False
42,150,73095.0,"(25, 24)",taxation,6,0.25,False,True,False
42,151,68814.0,"(28, 24)",taxation,6,0.25,False,True,False
42,152,90254.0,"(30, 39)",taxation,6,0.25,False,True,False
42,153,43077.0,"(26, 26)",taxation,6,0.25,False,True,False
42,157,81662.0,"(18, 27)",taxation,6,0.25,False,True,False
42,159,68829.0,"(37, 23)",taxation,6,0.25,False,True,False
42,166,81686.0,"(27, 4)",taxation,6,0.25,False,True,False
42,171,85988.0,"(29, 39)",taxation,6,0.25,False,True,False
42,177,85987.0,"(35, 22)",taxation,6,0.25,False,True,False
42,178,94541.0,"(43, 20)",taxation,6,0.25,False,True,False
42,181,85958.00000000001,"(42, 22)",taxation,6,0.25,False,True,False
42,184,85939.0,"(19, 24)",taxation,6,0.25,False,True,False
42,185,85959.0,"(32, 28)",taxation,6,0.25,False,True,False
42,190,85976.0,"(20, 20)",taxation,6,0.25,False,True,False
42,191,98798.0,"(33, 23)",taxation,6,0.25,False,True,False
42,192,77408.0,"(45, 16)",taxation,6,0.25,False,True,False
42,194,77405.0,"(23, 24)",taxation,6,0.25,False,True,False
42,195,38796.0,"(37, 21)",taxation,6,0.25,False,True,False
42,197,68802.0,"(3, 46)",taxation,6,0.25,False,True,False
42,199,98784.0,"(25, 1)",taxation,6,0.25,False,True,False
42,200,81669.0,"(25, 11)",taxation,6,0.25,False,True,False
42,204,94532.0,"(47, 18)",taxation,6,0.25,False,True,False
42,210,103097.0,"(0, 47)",taxation,6,0.25,False,True,False
42,211,55948.0,"(33, 28)",taxation,6,0.25,False,True,False
42,213,85975.0,"(2, 42)",taxation,6,0.25,False,True,False
42,215,94531.0,"(19, 23)",taxation,6,0.25,False,True,False
42,216,94531.0,"(17, 24)",taxation,6,0.25,False,True,False
42,217,51670.0,"(10, 45)",taxation,6,0.25,False,True,False
42,218,98825.0,"(20, 49)",taxation,6,0.25,False,True,False
42,220,94524.0,"(34, 26)",taxation,6,0.25,False,True,False
42,222,85975.0,"(6, 47)",taxation,6,0.25,False,True,False
42,223,60218.0,"(18, 19)",taxation,6,0.25,False,True,False
42,224,73110.0,"(36, 23)",taxation,6,0.25,False,True,False
42,227,94522.0,"(34, 24)",taxation,6,0.25,False,True,False
42,229,94551.0,"(23, 49)",taxation,6,0.25,False,True,False
42,230,68823.0,"(7, 48)",taxation,6,0.25,False,True,False
42,232,51659.0,"(15, 24)",taxation,6,0.25,False,True,False
42,233,81669.0,"(46, 21)",taxation,6,0.25,False,True,False
42,235,85968.0,"(24, 22)",taxation,6,0.25,False,True,False
42,236,85955.0,"(24, 14)",taxation,6,0.25,False,True,False
42,237,68805.0,"(32, 32)",taxation,6,0.25,False,True,False
42,238,85973.0,"(32, 30)",taxation,6,0.25,False,True,False
42,239,85950.0,"(17, 22)",taxation,6,0.25,False,True,False
42,243,81679.0,"(25, 23)",taxation,6,0.25,False,True,False
42,244,98833.0,"(5, 48)",taxation,6,0.25,False,True,False
42,245,94537.0,"(5, 47)",taxation,6,0.25,False,True,False
42,248,85960.0,"(26, 0)",taxation,6,0.25,False,True,False
42,219-2,75228.0,"(30, 0)",taxation,6,0.25,False,True,False
42,158-2,62374.0,"(46, 18)",taxation,6,0.25,False,True,False
42,139-2,77384.25,"(33, 26)",taxation,6,0.25,False,True,False
42,179-2,55988.5,"(27, 25)",taxation,6,0.25,False,True,False
42,28-2,59198.25,"(25, 12)",taxation,6,0.25,False,True,False
42,187-2,34524.0,"(31, 28)",taxation,6,0.25,False,True,False
42,146-2,25962.0,"(46, 16)",taxation,6,0.25,False,True,False
42,94-2,21679.0,"(3, 47)",taxation,6,0.25,False,True,False
42,154-2,30242.0,"(14, 23)",taxation,6,0.25,False,True,False
42,173-2,17379.0,"(31, 34)",taxation,6,0.25,False,True,False
42,240-2,21645.0,"(35, 28)",taxation,6,0.25,False,True,False
42,246-2,64535.0,"(24, 23)",taxation,6,0.25,False,True,False
42,98-2,34548.0,"(33, 24)",taxation,6,0.25,False,True,False
42,140-2,277.0,"(25, 35)",taxation,6,0.25,False,True,False
42,176-2,259.0,"(21, 21)",taxation,6,0.25,False,True,False
42,208-2,68809.25,"(18, 20)",taxation,6,0.25,False,True,False
42,170-2,59179.75,"(19, 30)",taxation,6,0.25,False,True,False
42,1-2,49514.25,"(16, 35)",taxation,6,0.25,False,True,False
42,23-2,69903.0,"(39, 11)",taxation,6,0.25,False,True,False
42,17-2,70947.5,"(47, 19)",taxation,6,0.25,False,True,False
42,31-2,77371.5,"(26, 25)",taxation,6,0.25,False,True,False
42,228-2,50600.0,"(32, 38)",taxation,6,0.25,False,True,False
42,149-2,58119.0,"(26, 42)",taxation,6,0.25,False,True,False
42,206-2,65600.25,"(21, 47)",taxation,6,0.25,False,True,False
42,242-2,29161.25,"(46, 20)",taxation,6,0.25,False,True,False
42,75-2,61320.0,"(9, 40)",taxation,6,0.25,False,True,False
42,74-2,75241.0,"(22, 21)",taxation,6,0.25,False,True,False
42,241-2,61303.5,"(32, 24)",taxation,6,0.25,False,True,False
42,42-2,48460.5,"(7, 46)",taxation,6,0.25,False,True,False
42,142-2,42002.75,"(40, 14)",taxation,6,0.25,False,True,False
42,172-2,70942.75,"(26, 22)",taxation,6,0.25,False,True,False
42,167-2,67741.75,"(44, 16)",taxation,6,0.25,False,True,False
42,38-2,67745.5,"(31, 27)",taxation,6,0.25,False,True,False
42,198-2,61326.5,"(4, 48)",taxation,6,0.25,False,True,False
42,0-2,45241.25,"(23, 16)",taxation,6,0.25,False,True,False
42,6-2,74160.0,"(16, 38)",taxation,6,0.25,False,True,False
42,76-2,64533.750000000015,"(26, 37)",taxation,6,0.25,False,True,False
42,144-2,64530.5,"(9, 49)",taxation,6,0.25,False,True,False
42,25-2,58093.0,"(10, 41)",taxation,6,0.25,False,True,False
42,40-2,70961.0,"(23, 22)",taxation,6,0.25,False,True,False
42,10-2,67718.25,"(32, 25)",taxation,6,0.25,False,True,False
42,180-2,64540.25,"(8, 47)",taxation,6,0.25,False,True,False
42,212-2,67716.75,"(31, 22)",taxation,6,0.25,False,True,False
42,63-2,61289.75,"(26, 23)",taxation,6,0.25,False,True,False
42,189-2,58083.5,"(12, 39)",taxation,6,0.25,False,True,False
42,54-2,64527.25,"(27, 8)",taxation,6,0.25,False,True,False
42,4-2,48427.25,"(30, 9)",taxation,6,0.25,False,True,False
42,83-2,70938.75,"(24, 20)",taxation,6,0.25,False,True,False
42,249-2,67726.0,"(22, 46)",taxation,6,0.25,False,True,False
42,22-2,74153.0,"(24, 12)",taxation,6,0.25,False,True,False
42,205-2,32365.75,"(24, 11)",taxation,6,0.25,False,True,False
42,156-2,48436.5,"(13, 23)",taxation,6,0.25,False,True,False
42,51-2,67717.5,"(7, 45)",taxation,6,0.25,False,True,False
42,133-2,58077.0,"(31, 37)",taxation,6,0.25,False,True,False
42,73-2,67725.25,"(30, 38)",taxation,6,0.25,False,True,False
42,56-2,64515.75,"(23, 20)",taxation,6,0.25,False,True,False
42,182-2,67721.25,"(11, 40)",taxation,6,0.25,False,True,False
42,71-2,70939.25,"(44, 12)",taxation,6,0.25,False,True,False
42,91-2,70924.75,"(24, 21)",taxation,6,0.25,False,True,False
42,226-2,64494.75,"(30, 25)",taxation,6,0.25,False,True,False
42,225-2,67710.75,"(3, 49)",taxation,6,0.25,False,True,False
42,148-2,51639.25,"(6, 49)",taxation,6,0.25,False,True,False
42,16-2,74155.5,"(25, 14)",taxation,6,0.25,False,True,False
42,111-2,70925.25,"(27, 15)",taxation,6,0.25,False,True,False
42,134-2,64518.0,"(46, 13)",taxation,6,0.25,False,True,False
42,168-2,70936.5,"(22, 43)",taxation,6,0.25,False,True,False
42,106-2,61309.75,"(37, 4)",taxation,6,0.25,False,True,False
42,162-2,67720.5,"(47, 16)",taxation,6,0.25,False,True,False
42,214-2,41990.0,"(38, 3)",taxation,6,0.25,False,True,False
42,110-2,74136.0,"(9, 46)",taxation,6,0.25,False,True,False
42,95-2,74140.5,"(31, 23)",taxation,6,0.25,False,True,False
42,122-2,54856.25,"(32, 34)",taxation,6,0.25,False,True,False
42,231-2,41997.75,"(22, 23)",taxation,6,0.25,False,True,False
42,100-2,64503.75,"(23, 15)",taxation,6,0.25,False,True,False
42,141-2,51659.5,"(4, 49)",taxation,6,0.25,False,True,False
42,165-2,77359.0,"(28, 15)",taxation,6,0.25,False,True,False
42,186-2,61293.25,"(27, 16)",taxation,6,0.25,False,True,False
42,201-2,45196.25,"(26, 21)",taxation,6,0.25,False,True,False
42,21-2,61288.25,"(30, 29)",taxation,6,0.25,False,True,False
42,183-2,45208.75,"(32, 29)",taxation,6,0.25,False,True,False
42,203-2,77340.25,"(32, 6)",taxation,6,0.25,False,True,False
42,32-2,70912.75,"(22, 25)",taxation,6,0.25,False,True,False
42,115-2,70912.75,"(28, 11)",taxation,6,0.25,False,True,False
42,169-2,51649.0,"(27, 24)",taxation,6,0.25,False,True,False
42,78-2,61280.25,"(24, 19)",taxation,6,0.25,False,True,False
42,137-2,58062.5,"(24, 3)",taxation,6,0.25,False,True,False
42,55-2,70915.25,"(4, 47)",taxation,6,0.25,False,True,False
42,112-2,70925.5,"(6, 46)",taxation,6,0.25,False,True,False
42,193-2,58075.5,"(22, 20)",taxation,6,0.25,False,True,False
42,50-2,74131.5,"(34, 22)",taxation,6,0.25,False,True,False
42,53-2,41983.25,"(22, 22)",taxation,6,0.25,False,True,False
42,5-2,29124.5,"(29, 24)",taxation,6,0.25,False,True,False
42,247-2,58068.0,"(25, 20)",taxation,6,0.25,False,True,False
42,147-2,64493.75,"(41, 0)",taxation,6,0.25,False,True,False
42,145-2,67705.0,"(31, 31)",taxation,6,0.25,False,True,False
42,207-2,51617.75,"(24, 18)",taxation,6,0.25,False,True,False
42,120-2,74103.0,"(17, 23)",taxation,6,0.25,False,True,False
42,125-2,70921.0,"(10, 44)",taxation,6,0.25,False,True,False
42,41-2,70930.0,"(18, 22)",taxation,6,0.25,False,True,False
42,209-2,74134.5,"(44, 14)",taxation,6,0.25,False,True,False
42,113-2,67688.75,"(27, 0)",taxation,6,0.25,False,True,False
42,68-2,54846.75,"(21, 23)",taxation,6,0.25,False,True,False
42,161-2,54838.0,"(20, 22)",taxation,6,0.25,False,True,False
42,175-2,54842.5,"(38, 11)",taxation,6,0.25,False,True,False
42,85-2,58058.0,"(32, 26)",taxation,6,0.25,False,True,False
42,234-2,67688.5,"(3, 48)",taxation,6,0.25,False,True,False
42,45-2,67692.75,"(15, 25)",taxation,6,0.25,False,True,False
42,196-2,45206.0,"(24, 24)",taxation,6,0.25,False,True,False
42,174-2,70913.5,"(31, 0)",taxation,6,0.25,False,True,False
42,103-2,64472.5,"(28, 5)",taxation,6,0.25,False,True,False
42,33-2,51635.25,"(25, 2)",taxation,6,0.25,False,True,False
42,19-2,67691.0,"(20, 23)",taxation,6,0.25,False,True,False
42,130-2,70911.5,"(28, 25)",taxation,6,0.25,False,True,False
42,155-2,67703.25,"(33, 29)",taxation,6,0.25,False,True,False
42,86-2,64482.0,"(31, 38)",taxation,6,0.25,False,True,False
42,164-2,67697.25,"(29, 6)",taxation,6,0.25,False,True,False
42,2-2,64474.75,"(22, 44)",taxation,6,0.25,False,True,False
42,11-2,51606.25,"(1, 49)",taxation,6,0.25,False,True,False
42,202-2,74105.0,"(30, 5)",taxation,6,0.25,False,True,False
42,121-2,64491.0,"(23, 23)",taxation,6,0.25,False,True,False
42,163-2,77335.0,"(5, 49)",taxation,6,0.25,False,True,False
42,18-2,74121.75,"(45, 21)",taxation,6,0.25,False,True,False
42,132-2,70898.75,"(26, 24)",taxation,6,0.25,False,True,False
42,160-2,58053.0,"(2, 45)",taxation,6,0.25,False,True,False
42,221-2,61256.5,"(29, 4)",taxation,6,0.25,False,True,False
42,90-2,58061.5,"(36, 4)",taxation,6,0.25,False,True,False
42,64-2,64471.0,"(47, 14)",taxation,6,0.25,False,True,False
42,102-2,45179.5,"(8, 46)",taxation,6,0.25,False,True,False
42,188-2,64479.5,"(32, 33)",taxation,6,0.25,False,True,False
42,92-2,70887.0,"(3, 42)",taxation,6,0.25,False,True,False
43,3,51663.0,"(2, 43)",taxation,6,0.25,False,True,False
43,7,64534.0,"(13, 42)",taxation,6,0.25,False,True,False
43,8,85989.0,"(15, 18)",taxation,6,0.25,False,True,False
43,9,73131.0,"(8, 39)",taxation,6,0.25,False,True,False
43,12,81674.0,"(48, 13)",taxation,6,0.25,False,True,False
43,13,81692.0,"(3, 39)",taxation,6,0.25,False,True,False
43,14,21669.0,"(13, 22)",taxation,6,0.25,False,True,False
43,15,77415.0,"(35, 23)",taxation,6,0.25,False,True,False
43,20,81675.0,"(26, 15)",taxation,6,0.25,False,True,False
43,24,68837.0,"(27, 17)",taxation,6,0.25,False,True,False
43,26,68833.0,"(31, 26)",taxation,6,0.25,False,True,False
43,27,77388.0,"(21, 9)",taxation,6,0.25,False,True,False
43,29,85970.0,"(11, 42)",taxation,6,0.25,False,True,False
43,30,98830.0,"(1, 43)",taxation,6,0.25,False,True,False
43,34,77398.0,"(12, 44)",taxation,6,0.25,False,True,False
43,35,85977.0,"(1, 41)",taxation,6,0.25,False,True,False
43,36,64531.0,"(19, 17)",taxation,6,0.25,False,True,False
43,37,90268.0,"(48, 15)",taxation,6,0.25,False,True,False
43,39,60238.0,"(17, 16)",taxation,6,0.25,False,True,False
43,43,85971.0,"(47, 13)",taxation,6,0.25,False,True,False
43,44,55976.0,"(20, 8)",taxation,6,0.25,False,True,False
43,46,60253.0,"(22, 17)",taxation,6,0.25,False,True,False
43,47,60255.0,"(9, 38)",taxation,6,0.25,False,True,False
43,48,90224.0,"(22, 8)",taxation,6,0.25,False,True,False
43,49,81689.0,"(18, 18)",taxation,6,0.25,False,True,False
43,52,64536.0,"(40, 23)",taxation,6,0.25,False,True,False
43,57,77387.0,"(43, 22)",taxation,6,0.25,False,True,False
43,58,90220.0,"(2, 46)",taxation,6,0.25,False,True,False
43,59,77389.0,"(2, 47)",taxation,6,0.25,False,True,False
43,60,90252.0,"(41, 26)",taxation,6,0.25,False,True,False
43,61,103107.0,"(12, 45)",taxation,6,0.25,False,True,False
43,62,85983.0,"(0, 45)",taxation,6,0.25,False,True,False
43,65,98809.0,"(38, 35)",taxation,6,0.25,False,True,False
43,66,94537.0,"(39, 23)",taxation,6,0.25,False,True,False
43,67,64533.0,"(18, 17)",taxation,6,0.25,False,True,False
43,69,94548.0,"(13, 39)",taxation,6,0.25,False,True,False
43,70,90269.0,"(0, 40)",taxation,6,0.25,False,True,False
43,72,98806.0,"(22, 45)",taxation,6,0.25,False,True,False
43,77,73098.0,"(14, 43)",taxation,6,0.25,False,True,False
43,79,81673.0,"(14, 22)",taxation,6,0.25,False,True,False
43,80,94529.0,"(20, 13)",taxation,6,0.25,False,True,False
43,81,81710.0,"(48, 11)",taxation,6,0.25,False,True,False
43,82,90247.0,"(0, 42)",taxation,6,0.25,False,True,False
43,84,85980.0,"(12, 40)",taxation,6,0.25,False,True,False
43,87,85948.0,"(12, 41)",taxation,6,0.25,False,True,False
43,88,85967.0,"(38, 34)",taxation,6,0.25,False,True,False
43,89,90270.0,"(11, 43)",taxation,6,0.25,False,True,False
43,93,38808.0,"(28, 29)",taxation,6,0.25,False,True,False
43,97,68807.0,"(37, 27)",taxation,6,0.25,False,True,False
43,99,81663.0,"(36, 28)",taxation,6,0.25,False,True,False
43,101,85991.0,"(23, 18)",taxation,6,0.25,False,True,False
43,104,81709.0,"(20, 12)",taxation,6,0.25,False,True,False
43,105,77396.0,"(15, 16)",taxation,6,0.25,False,True,False
43,108,47387.0,"(1, 46)",taxation,6,0.25,False,True,False
43,109,85984.0,"(25, 17)",taxation,6,0.25,False,True,False
43,114,98824.0,"(48, 18)",taxation,6,0.25,False,True,False
43,116,94557.0,"(37, 36)",taxation,6,0.25,False,True,False
43,117,77399.0,"(33, 36)",taxation,6,0.25,False,True,False
43,118,94538.0,"(42, 8)",taxation,6,0.25,False,True,False
43,119,85972.0,"(19, 16)",taxation,6,0.25,False,True,False
43,123,98830.0,"(45, 14)",taxation,6,0.25,False,True,False
43,124,81681.0,"(28, 14)",taxation,6,0.25,False,True,False
43,126,85940.0,"(37, 26)",taxation,6,0.25,False,True,False
43,127,90245.0,"(21, 3)",taxation,6,0.25,False,True,False
43,128,94542.0,"(22, 16)",taxation,6,0.25,False,True,False
43,129,81699.0,"(23, 19)",taxation,6,0.25,False,True,False
43,131,85975.0,"(10, 38)",taxation,6,0.25,False,True,False
43,135,85966.0,"(8, 38)",taxation,6,0.25,False,True,False
43,136,68823.0,"(20, 15)",taxation,6,0.25,False,True,False
43,138,90245.0,"(33, 21)",taxation,6,0.25,False,True,False
43,143,85957.0,"(4, 43)",taxation,6,0.25,False,True,False
43,150,73097.0,"(28, 28)",taxation,6,0.25,False,True,False
43,151,68817.0,"(33, 25)",taxation,6,0.25,False,True,False
43,152,90262.0,"(26, 44)",taxation,6,0.25,False,True,False
43,153,43080.0,"(30, 32)",taxation,6,0.25,False,True,False
43,157,81670.0,"(12, 23)",taxation,6,0.25,False,True,False
43,159,68836.0,"(43, 29)",taxation,6,0.25,False,True,False
43,166,81693.0,"(23, 1)",taxation,6,0.25,False,True,False
43,171,85996.0,"(34, 39)",taxation,6,0.25,False,True,False
43,177,85995.0,"(38, 23)",taxation,6,0.25,False,True,False
43,178,94548.0,"(43, 23)",taxation,6,0.25,False,True,False
43,181,85965.00000000001,"(45, 24)",taxation,6,0.25,False,True,False
43,184,85947.0,"(14, 18)",taxation,6,0.25,False,True,False
43,185,85967.0,"(38, 29)",taxation,6,0.25,False,True,False
43,190,85984.0,"(16, 16)",taxation,6,0.25,False,True,False
43,191,98802.0,"(38, 22)",taxation,6,0.25,False,True,False
43,192,77415.0,"(48, 16)",taxation,6,0.25,False,True,False
43,194,77414.0,"(20, 19)",taxation,6,0.25,False,True,False
43,195,38803.0,"(43, 26)",taxation,6,0.25,False,True,False
43,197,68804.0,"(2, 41)",taxation,6,0.25,False,True,False
43,199,98791.0,"(24, 1)",taxation,6,0.25,False,True,False
43,200,81678.0,"(20, 14)",taxation,6,0.25,False,True,False
43,204,94539.0,"(49, 18)",taxation,6,0.25,False,True,False
43,210,103099.0,"(0, 41)",taxation,6,0.25,False,True,False
43,211,55956.0,"(34, 28)",taxation,6,0.25,False,True,False
43,213,85982.0,"(4, 39)",taxation,6,0.25,False,True,False
43,215,94540.0,"(19, 18)",taxation,6,0.25,False,True,False
43,216,94539.0,"(12, 22)",taxation,6,0.25,False,True,False
43,217,51677.0,"(12, 42)",taxation,6,0.25,False,True,False
43,218,98833.0,"(25, 46)",taxation,6,0.25,False,True,False
43,220,94530.0,"(39, 32)",taxation,6,0.25,False,True,False
43,222,85981.0,"(11, 41)",taxation,6,0.25,False,True,False
43,223,60226.0,"(17, 17)",taxation,6,0.25,False,True,False
43,224,73117.0,"(42, 24)",taxation,6,0.25,False,True,False
43,227,94526.0,"(38, 24)",taxation,6,0.25,False,True,False
43,229,94559.0,"(24, 47)",taxation,6,0.25,False,True,False
43,230,68828.0,"(13, 44)",taxation,6,0.25,False,True,False
43,232,51666.0,"(12, 21)",taxation,6,0.25,False,True,False
43,233,81677.0,"(41, 22)",taxation,6,0.25,False,True,False
43,235,85971.0,"(21, 17)",taxation,6,0.25,False,True,False
43,236,85963.0,"(19, 12)",taxation,6,0.25,False,True,False
43,237,68813.0,"(35, 35)",taxation,6,0.25,False,True,False
43,238,85981.0,"(37, 35)",taxation,6,0.25,False,True,False
43,239,85958.0,"(14, 19)",taxation,6,0.25,False,True,False
43,243,81684.0,"(20, 17)",taxation,6,0.25,False,True,False
43,244,98835.0,"(11, 47)",taxation,6,0.25,False,True,False
43,245,94544.0,"(10, 42)",taxation,6,0.25,False,True,False
43,248,85967.0,"(22, 2)",taxation,6,0.25,False,True,False
43,219-2,75234.0,"(24, 2)",taxation,6,0.25,False,True,False
43,158-2,62381.0,"(48, 20)",taxation,6,0.25,False,True,False
43,139-2,77391.25,"(38, 28)",taxation,6,0.25,False,True,False
43,179-2,55991.5,"(33, 27)",taxation,6,0.25,False,True,False
43,28-2,59207.25,"(21, 14)",taxation,6,0.25,False,True,False
43,187-2,34531.0,"(37, 22)",taxation,6,0.25,False,True,False
43,146-2,25969.0,"(47, 21)",taxation,6,0.25,False,True,False
43,94-2,21687.0,"(3, 43)",taxation,6,0.25,False,True,False
43,154-2,30250.0,"(12, 20)",taxation,6,0.25,False,True,False
43,173-2,17387.0,"(35, 36)",taxation,6,0.25,False,True,False
43,240-2,21653.0,"(37, 28)",taxation,6,0.25,False,True,False
43,246-2,64537.0,"(21, 20)",taxation,6,0.25,False,True,False
43,98-2,34556.0,"(38, 30)",taxation,6,0.25,False,True,False
43,140-2,285.0,"(28, 40)",taxation,6,0.25,False,True,False
43,176-2,268.0,"(21, 16)",taxation,6,0.25,False,True,False
43,208-2,68817.25,"(15, 17)",taxation,6,0.25,False,True,False
43,170-2,59184.75,"(13, 33)",taxation,6,0.25,False,True,False
43,1-2,49521.25,"(13, 40)",taxation,6,0.25,False,True,False
43,23-2,69909.0,"(44, 10)",taxation,6,0.25,False,True,False
43,17-2,70954.5,"(48, 19)",taxation,6,0.25,False,True,False
43,31-2,77373.5,"(29, 27)",taxation,6,0.25,False,True,False
43,228-2,50608.0,"(32, 39)",taxation,6,0.25,False,True,False
43,149-2,58127.0,"(26, 43)",taxation,6,0.25,False,True,False
43,206-2,65609.25,"(23, 47)",taxation,6,0.25,False,True,False
43,242-2,29168.25,"(47, 20)",taxation,6,0.25,False,True,False
43,75-2,61327.0,"(9, 39)",taxation,6,0.25,False,True,False
43,74-2,75250.0,"(22, 18)",taxation,6,0.25,False,True,False
43,241-2,61311.5,"(36, 26)",taxation,6,0.25,False,True,False
43,42-2,48468.5,"(5, 41)",taxation,6,0.25,False,True,False
43,142-2,42008.75,"(43, 13)",taxation,6,0.25,False,True,False
43,172-2,70948.75,"(20, 16)",taxation,6,0.25,False,True,False
43,167-2,67748.75,"(48, 14)",taxation,6,0.25,False,True,False
43,38-2,67753.5,"(36, 33)",taxation,6,0.25,False,True,False
43,198-2,61328.5,"(10, 46)",taxation,6,0.25,False,True,False
43,0-2,45249.25,"(18, 14)",taxation,6,0.25,False,True,False
43,6-2,74168.0,"(14, 42)",taxation,6,0.25,False,True,False
43,76-2,64541.750000000015,"(29, 40)",taxation,6,0.25,False,True,False
43,144-2,64537.5,"(13, 43)",taxation,6,0.25,False,True,False
43,25-2,58100.0,"(10, 40)",taxation,6,0.25,False,True,False
43,40-2,70970.0,"(21, 19)",taxation,6,0.25,False,True,False
43,10-2,67726.25,"(38, 25)",taxation,6,0.25,False,True,False
43,180-2,64547.25,"(13, 41)",taxation,6,0.25,False,True,False
43,212-2,67720.75,"(37, 25)",taxation,6,0.25,False,True,False
43,63-2,61292.75,"(26, 17)",taxation,6,0.25,False,True,False
43,189-2,58091.5,"(8, 40)",taxation,6,0.25,False,True,False
43,54-2,64535.25,"(21, 8)",taxation,6,0.25,False,True,False
43,4-2,48433.25,"(25, 8)",taxation,6,0.25,False,True,False
43,83-2,70947.75,"(23, 17)",taxation,6,0.25,False,True,False
43,249-2,67734.0,"(23, 45)",taxation,6,0.25,False,True,False
43,22-2,74162.0,"(19, 14)",taxation,6,0.25,False,True,False
43,205-2,32373.75,"(26, 14)",taxation,6,0.25,False,True,False
43,156-2,48444.5,"(13, 18)",taxation,6,0.25,False,True,False
43,51-2,67721.5,"(13, 45)",taxation,6,0.25,False,True,False
43,133-2,58085.0,"(34, 38)",taxation,6,0.25,False,True,False
43,73-2,67733.25,"(30, 40)",taxation,6,0.25,False,True,False
43,56-2,64523.75,"(17, 15)",taxation,6,0.25,False,True,False
43,182-2,67729.25,"(9, 41)",taxation,6,0.25,False,True,False
43,71-2,70946.25,"(47, 10)",taxation,6,0.25,False,True,False
43,91-2,70930.75,"(18, 16)",taxation,6,0.25,False,True,False
43,226-2,64502.75,"(36, 27)",taxation,6,0.25,False,True,False
43,225-2,67711.75,"(5, 46)",taxation,6,0.25,False,True,False
43,148-2,51646.25,"(12, 43)",taxation,6,0.25,False,True,False
43,16-2,74163.5,"(20, 9)",taxation,6,0.25,False,True,False
43,111-2,70934.25,"(24, 17)",taxation,6,0.25,False,True,False
43,134-2,64524.0,"(45, 12)",taxation,6,0.25,False,True,False
43,168-2,70944.5,"(24, 45)",taxation,6,0.25,False,True,False
43,106-2,61315.75,"(42, 9)",taxation,6,0.25,False,True,False
43,162-2,67727.5,"(49, 16)",taxation,6,0.25,False,True,False
43,214-2,41995.0,"(41, 2)",taxation,6,0.25,False,True,False
43,110-2,74144.0,"(7, 43)",taxation,6,0.25,False,True,False
43,95-2,74143.5,"(34, 21)",taxation,6,0.25,False,True,False
43,122-2,54864.25,"(37, 37)",taxation,6,0.25,False,True,False
43,231-2,42005.75,"(16, 19)",taxation,6,0.25,False,True,False
43,100-2,64511.75,"(19, 13)",taxation,6,0.25,False,True,False
43,141-2,51660.5,"(4, 45)",taxation,6,0.25,False,True,False
43,165-2,77364.0,"(26, 11)",taxation,6,0.25,False,True,False
43,186-2,61302.25,"(21, 15)",taxation,6,0.25,False,True,False
43,201-2,45200.25,"(22, 15)",taxation,6,0.25,False,True,False
43,21-2,61296.25,"(36, 34)",taxation,6,0.25,False,True,False
43,183-2,45216.75,"(37, 29)",taxation,6,0.25,False,True,False
43,203-2,77345.25,"(33, 6)",taxation,6,0.25,False,True,False
43,32-2,70921.75,"(22, 19)",taxation,6,0.25,False,True,False
43,115-2,70920.75,"(27, 14)",taxation,6,0.25,False,True,False
43,169-2,51651.0,"(31, 24)",taxation,6,0.25,False,True,False
43,78-2,61286.25,"(18, 15)",taxation,6,0.25,False,True,False
43,137-2,58070.5,"(18, 8)",taxation,6,0.25,False,True,False
43,55-2,70923.25,"(3, 44)",taxation,6,0.25,False,True,False
43,112-2,70933.5,"(1, 42)",taxation,6,0.25,False,True,False
43,193-2,58084.5,"(20, 18)",taxation,6,0.25,False,True,False
43,50-2,74136.5,"(40, 24)",taxation,6,0.25,False,True,False
43,53-2,41991.25,"(16, 17)",taxation,6,0.25,False,True,False
43,5-2,29127.5,"(33, 22)",taxation,6,0.25,False,True,False
43,247-2,58074.0,"(19, 15)",taxation,6,0.25,False,True,False
43,147-2,64498.75,"(41, 1)",taxation,6,0.25,False,True,False
43,145-2,67713.0,"(34, 34)",taxation,6,0.25,False,True,False
43,207-2,51625.75,"(18, 12)",taxation,6,0.25,False,True,False
43,120-2,74111.0,"(15, 19)",taxation,6,0.25,False,True,False
43,125-2,70928.0,"(7, 39)",taxation,6,0.25,False,True,False
43,41-2,70939.0,"(19, 19)",taxation,6,0.25,False,True,False
43,209-2,74141.5,"(47, 12)",taxation,6,0.25,False,True,False
43,113-2,67695.75,"(23, 0)",taxation,6,0.25,False,True,False
43,68-2,54854.75,"(16, 18)",taxation,6,0.25,False,True,False
43,161-2,54846.0,"(16, 22)",taxation,6,0.25,False,True,False
43,175-2,54848.5,"(41, 12)",taxation,6,0.25,False,True,False
43,85-2,58066.0,"(36, 29)",taxation,6,0.25,False,True,False
43,234-2,67689.5,"(3, 45)",taxation,6,0.25,False,True,False
43,45-2,67700.75,"(15, 22)",taxation,6,0.25,False,True,False
43,196-2,45209.0,"(18, 28)",taxation,6,0.25,False,True,False
43,174-2,70919.5,"(25, 5)",taxation,6,0.25,False,True,False
43,103-2,64479.5,"(23, 9)",taxation,6,0.25,False,True,False
43,33-2,51643.25,"(19, 8)",taxation,6,0.25,False,True,False
43,19-2,67699.0,"(14, 17)",taxation,6,0.25,False,True,False
43,130-2,70914.5,"(34, 27)",taxation,6,0.25,False,True,False
43,155-2,67711.25,"(37, 33)",taxation,6,0.25,False,True,False
43,86-2,64490.0,"(31, 39)",taxation,6,0.25,False,True,False
43,164-2,67704.25,"(27, 11)",taxation,6,0.25,False,True,False
43,2-2,64483.75,"(23, 46)",taxation,6,0.25,False,True,False
43,11-2,51607.25,"(1, 45)",taxation,6,0.25,False,True,False
43,202-2,74112.0,"(24, 9)",taxation,6,0.25,False,True,False
43,121-2,64500.0,"(21, 18)",taxation,6,0.25,False,True,False
43,163-2,77343.0,"(5, 44)",taxation,6,0.25,False,True,False
43,18-2,74128.75,"(44, 22)",taxation,6,0.25,False,True,False
43,132-2,70900.75,"(29, 28)",taxation,6,0.25,False,True,False
43,160-2,58060.0,"(6, 39)",taxation,6,0.25,False,True,False
43,221-2,61263.5,"(24, 0)",taxation,6,0.25,False,True,False
43,90-2,58066.5,"(41, 6)",taxation,6,0.25,False,True,False
43,64-2,64477.0,"(49, 14)",taxation,6,0.25,False,True,False
43,102-2,45186.5,"(14, 41)",taxation,6,0.25,False,True,False
43,188-2,64487.5,"(34, 35)",taxation,6,0.25,False,True,False
43,92-2,70894.0,"(4, 42)",taxation,6,0.25,False,True,False
43,96-2,74125.5,"(8, 41)",taxation,6,0.25,False,True,False
43,107-2,70900.5,"(39, 31)",taxation,6,0.25,False,True,False
44,3,51666.0,"(2, 39)",taxation,6,0.25,False,True,False
44,7,64541.0,"(13, 38)",taxation,6,0.25,False,True,False
44,8,85997.0,"(12, 16)",taxation,6,0.25,False,True,False
44,9,73139.0,"(6, 36)",taxation,6,0.25,False,True,False
44,12,81681.0,"(49, 10)",taxation,6,0.25,False,True,False
44,14,21677.0,"(9, 22)",taxation,6,0.25,False,True,False
44,15,77422.0,"(41, 24)",taxation,6,0.25,False,True,False
44,20,81681.0,"(24, 10)",taxation,6,0.25,False,True,False
44,24,68843.0,"(23, 12)",taxation,6,0.25,False,True,False
44,26,68838.0,"(36, 31)",taxation,6,0.25,False,True,False
44,29,85978.0,"(6, 37)",taxation,6,0.25,False,True,False
44,30,98833.0,"(1, 39)",taxation,6,0.25,False,True,False
44,34,77405.0,"(14, 40)",taxation,6,0.25,False,True,False
44,35,85983.0,"(4, 35)",taxation,6,0.25,False,True,False
44,36,64540.0,"(16, 12)",taxation,6,0.25,False,True,False
44,37,90275.0,"(49, 15)",taxation,6,0.25,False,True,False
44,39,60246.0,"(12, 13)",taxation,6,0.25,False,True,False
44,43,85978.0,"(49, 13)",taxation,6,0.25,False,True,False
44,44,55985.0,"(17, 8)",taxation,6,0.25,False,True,False
44,46,60261.0,"(16, 11)",taxation,6,0.25,False,True,False
44,47,60262.0,"(11, 35)",taxation,6,0.25,False,True,False
44,49,81697.0,"(13, 19)",taxation,6,0.25,False,True,False
44,52,64544.0,"(44, 26)",taxation,6,0.25,False,True,False
44,58,90223.0,"(5, 40)",taxation,6,0.25,False,True,False
44,59,77391.0,"(2, 44)",taxation,6,0.25,False,True,False
44,60,90260.0,"(44, 27)",taxation,6,0.25,False,True,False
44,61,103114.0,"(15, 39)",taxation,6,0.25,False,True,False
44,62,85986.0,"(0, 39)",taxation,6,0.25,False,True,False
44,65,98817.0,"(40, 35)",taxation,6,0.25,False,True,False
44,66,94544.0,"(44, 23)",taxation,6,0.25,False,True,False
44,67,64541.0,"(13, 15)",taxation,6,0.25,False,True,False
44,69,94556.0,"(7, 37)",taxation,6,0.25,False,True,False
44,70,90274.0,"(4, 34)",taxation,6,0.25,False,True,False
44,72,98814.0,"(26, 41)",taxation,6,0.25,False,True,False
44,77,73105.0,"(15, 41)",taxation,6,0.25,False,True,False
44,79,81682.0,"(13, 16)",taxation,6,0.25,False,True,False
44,81,81717.0,"(48, 9)",taxation,6,0.25,False,True,False
44,82,90251.0,"(1, 36)",taxation,6,0.25,False,True,False
44,84,85988.0,"(8, 37)",taxation,6,0.25,False,True,False
44,87,85954.0,"(14, 36)",taxation,6,0.25,False,True,False
44,88,85975.0,"(41, 35)",taxation,6,0.25,False,True,False
44,89,90275.0,"(17, 42)",taxation,6,0.25,False,True,False
44,93,38813.0,"(32, 35)",taxation,6,0.25,False,True,False
44,97,68813.0,"(41, 30)",taxation,6,0.25,False,True,False
44,99,81671.0,"(42, 31)",taxation,6,0.25,False,True,False
44,101,85996.0,"(24, 13)",taxation,6,0.25,False,True,False
44,105,77405.0,"(14, 14)",taxation,6,0.25,False,True,False
44,108,47390.0,"(1, 40)",taxation,6,0.25,False,True,False
44,109,85991.0,"(19, 11)",taxation,6,0.25,False,True,False
44,114,98831.0,"(49, 21)",taxation,6,0.25,False,True,False
44,116,94565.0,"(39, 37)",taxation,6,0.25,False,True,False
44,117,77407.0,"(35, 38)",taxation,6,0.25,False,True,False
44,118,94545.0,"(48, 8)",taxation,6,0.25,False,True,False
44,119,85980.0,"(13, 14)",taxation,6,0.25,False,True,False
44,123,98837.0,"(49, 17)",taxation,6,0.25,False,True,False
44,124,81687.0,"(26, 10)",taxation,6,0.25,False,True,False
44,126,85947.0,"(42, 26)",taxation,6,0.25,False,True,False
44,127,90253.0,"(18, 4)",taxation,6,0.25,False,True,False
44,128,94548.0,"(21, 11)",taxation,6,0.25,False,True,False
44,129,81704.0,"(23, 14)",taxation,6,0.25,False,True,False
44,131,85982.0,"(12, 38)",taxation,6,0.25,False,True,False
44,135,85973.0,"(10, 36)",taxation,6,0.25,False,True,False
44,136,68832.0,"(17, 11)",taxation,6,0.25,False,True,False
44,138,90250.0,"(39, 21)",taxation,6,0.25,False,True,False
44,143,85960.0,"(3, 38)",taxation,6,0.25,False,True,False
44,150,73101.0,"(34, 30)",taxation,6,0.25,False,True,False
44,151,68822.0,"(38, 26)",taxation,6,0.25,False,True,False
44,152,90270.0,"(28, 43)",taxation,6,0.25,False,True,False
44,153,43087.0,"(33, 38)",taxation,6,0.25,False,True,False
44,157,81678.0,"(10, 23)",taxation,6,0.25,False,True,False
44,159,68844.0,"(44, 28)",taxation,6,0.25,False,True,False
44,166,81701.0,"(19, 5)",taxation,6,0.25,False,True,False
44,171,86004.0,"(32, 41)",taxation,6,0.25,False,True,False
44,177,86002.0,"(43, 25)",taxation,6,0.25,False,True,False
44,178,94556.0,"(45, 25)",taxation,6,0.25,False,True,False
44,181,85973.00000000001,"(47, 24)",taxation,6,0.25,False,True,False
44,185,85974.0,"(44, 33)",taxation,6,0.25,False,True,False
44,190,85992.0,"(12, 15)",taxation,6,0.25,False,True,False
44,191,98809.0,"(43, 21)",taxation,6,0.25,False,True,False
44,192,77422.0,"(49, 20)",taxation,6,0.25,False,True,False
44,194,77421.0,"(17, 20)",taxation,6,0.25,False,True,False
44,195,38811.0,"(45, 26)",taxation,6,0.25,False,True,False
44,197,68812.0,"(5, 37)",taxation,6,0.25,False,True,False
44,199,98798.0,"(22, 1)",taxation,6,0.25,False,True,False
44,200,81686.0,"(14, 11)",taxation,6,0.25,False,True,False
44,204,94547.0,"(47, 23)",taxation,6,0.25,False,True,False
44,210,103103.0,"(2, 36)",taxation,6,0.25,False,True,False
44,211,55962.0,"(40, 31)",taxation,6,0.25,False,True,False
44,213,85989.0,"(6, 34)",taxation,6,0.25,False,True,False
44,215,94549.0,"(15, 12)",taxation,6,0.25,False,True,False
44,216,94547.0,"(10, 21)",taxation,6,0.25,False,True,False
44,217,51684.0,"(14, 39)",taxation,6,0.25,False,True,False
44,218,98841.0,"(30, 43)",taxation,6,0.25,False,True,False
44,220,94539.0,"(37, 38)",taxation,6,0.25,False,True,False
44,222,85988.0,"(14, 37)",taxation,6,0.25,False,True,False
44,223,60234.0,"(11, 15)",taxation,6,0.25,False,True,False
44,224,73125.0,"(46, 24)",taxation,6,0.25,False,True,False
44,227,94533.0,"(44, 21)",taxation,6,0.25,False,True,False
44,229,94567.0,"(25, 42)",taxation,6,0.25,False,True,False
44,230,68835.0,"(15, 40)",taxation,6,0.25,False,True,False
44,232,51674.0,"(11, 21)",taxation,6,0.25,False,True,False
44,233,81685.0,"(46, 26)",taxation,6,0.25,False,True,False
44,235,85980.0,"(16, 14)",taxation,6,0.25,False,True,False
44,236,85972.0,"(15, 11)",taxation,6,0.25,False,True,False
44,238,85989.0,"(38, 38)",taxation,6,0.25,False,True,False
44,239,85966.0,"(11, 17)",taxation,6,0.25,False,True,False
44,243,81691.0,"(14, 13)",taxation,6,0.25,False,True,False
44,244,98841.0,"(16, 41)",taxation,6,0.25,False,True,False
44,245,94548.0,"(14, 44)",taxation,6,0.25,False,True,False
44,219-2,75242.0,"(19, 4)",taxation,6,0.25,False,True,False
44,158-2,62389.0,"(46, 23)",taxation,6,0.25,False,True,False
44,139-2,77398.25,"(39, 34)",taxation,6,0.25,False,True,False
44,179-2,55998.5,"(39, 33)",taxation,6,0.25,False,True,False
44,28-2,59215.25,"(15, 9)",taxation,6,0.25,False,True,False
44,187-2,34537.0,"(41, 25)",taxation,6,0.25,False,True,False
44,146-2,25977.0,"(47, 25)",taxation,6,0.25,False,True,False
44,94-2,21690.0,"(5, 39)",taxation,6,0.25,False,True,False
44,154-2,30258.0,"(11, 20)",taxation,6,0.25,False,True,False
44,173-2,17395.0,"(33, 40)",taxation,6,0.25,False,True,False
44,240-2,21660.0,"(42, 34)",taxation,6,0.25,False,True,False
44,246-2,64544.0,"(17, 18)",taxation,6,0.25,False,True,False
44,98-2,34563.0,"(43, 34)",taxation,6,0.25,False,True,False
44,140-2,293.0,"(28, 41)",taxation,6,0.25,False,True,False
44,176-2,274.0,"(21, 12)",taxation,6,0.25,False,True,False
44,208-2,68826.25,"(15, 13)",taxation,6,0.25,False,True,False
44,170-2,59191.75,"(11, 34)",taxation,6,0.25,False,True,False
44,1-2,49528.25,"(10, 34)",taxation,6,0.25,False,True,False
44,23-2,69915.0,"(44, 9)",taxation,6,0.25,False,True,False
44,17-2,70962.5,"(47, 22)",taxation,6,0.25,False,True,False
44,31-2,77377.5,"(35, 27)",taxation,6,0.25,False,True,False
44,228-2,50616.0,"(32, 40)",taxation,6,0.25,False,True,False
44,149-2,58135.0,"(27, 42)",taxation,6,0.25,False,True,False
44,206-2,65617.25,"(24, 46)",taxation,6,0.25,False,True,False
44,242-2,29176.25,"(48, 21)",taxation,6,0.25,False,True,False
44,75-2,61334.0,"(11, 36)",taxation,6,0.25,False,True,False
44,74-2,75255.0,"(22, 13)",taxation,6,0.25,False,True,False
44,241-2,61317.5,"(41, 28)",taxation,6,0.25,False,True,False
44,42-2,48475.5,"(11, 38)",taxation,6,0.25,False,True,False
44,142-2,42015.75,"(49, 9)",taxation,6,0.25,False,True,False
44,172-2,70957.75,"(15, 10)",taxation,6,0.25,False,True,False
44,167-2,67755.75,"(44, 20)",taxation,6,0.25,False,True,False
44,38-2,67761.5,"(40, 36)",taxation,6,0.25,False,True,False
44,198-2,61333.5,"(14, 45)",taxation,6,0.25,False,True,False
44,0-2,45258.25,"(17, 10)",taxation,6,0.25,False,True,False
44,6-2,74175.0,"(16, 39)",taxation,6,0.25,False,True,False
44,76-2,64549.750000000015,"(29, 42)",taxation,6,0.25,False,True,False
44,144-2,64544.5,"(16, 40)",taxation,6,0.25,False,True,False
44,25-2,58107.0,"(12, 35)",taxation,6,0.25,False,True,False
44,40-2,70977.0,"(16, 21)",taxation,6,0.25,False,True,False
44,10-2,67732.25,"(42, 25)",taxation,6,0.25,False,True,False
44,180-2,64554.25,"(12, 36)",taxation,6,0.25,False,True,False
44,212-2,67727.75,"(41, 27)",taxation,6,0.25,False,True,False
44,63-2,61298.75,"(22, 11)",taxation,6,0.25,False,True,False
44,189-2,58098.5,"(11, 37)",taxation,6,0.25,False,True,False
44,54-2,64543.25,"(17, 6)",taxation,6,0.25,False,True,False
44,4-2,48441.25,"(20, 5)",taxation,6,0.25,False,True,False
44,83-2,70952.75,"(21, 13)",taxation,6,0.25,False,True,False
44,249-2,67743.0,"(25, 45)",taxation,6,0.25,False,True,False
44,22-2,74171.0,"(16, 13)",taxation,6,0.25,False,True,False
44,205-2,32379.75,"(23, 13)",taxation,6,0.25,False,True,False
44,156-2,48452.5,"(13, 20)",taxation,6,0.25,False,True,False
44,51-2,67727.5,"(19, 44)",taxation,6,0.25,False,True,False
44,133-2,58093.0,"(35, 40)",taxation,6,0.25,False,True,False
44,73-2,67741.25,"(31, 41)",taxation,6,0.25,False,True,False
44,56-2,64532.75,"(15, 15)",taxation,6,0.25,False,True,False
44,182-2,67735.25,"(13, 36)",taxation,6,0.25,False,True,False
44,71-2,70953.25,"(48, 10)",taxation,6,0.25,False,True,False
44,91-2,70938.75,"(13, 11)",taxation,6,0.25,False,True,False
44,226-2,64509.75,"(42, 33)",taxation,6,0.25,False,True,False
44,225-2,67714.75,"(11, 46)",taxation,6,0.25,False,True,False
44,148-2,51651.25,"(17, 43)",taxation,6,0.25,False,True,False
44,16-2,74172.5,"(18, 10)",taxation,6,0.25,False,True,False
44,111-2,70941.25,"(18, 13)",taxation,6,0.25,False,True,False
44,134-2,64531.0,"(48, 12)",taxation,6,0.25,False,True,False
44,168-2,70952.5,"(28, 42)",taxation,6,0.25,False,True,False
44,106-2,61322.75,"(46, 9)",taxation,6,0.25,False,True,False
44,162-2,67734.5,"(49, 19)",taxation,6,0.25,False,True,False
44,214-2,42002.0,"(47, 8)",taxation,6,0.25,False,True,False
44,110-2,74152.0,"(7, 38)",taxation,6,0.25,False,True,False
44,95-2,74148.5,"(38, 18)",taxation,6,0.25,False,True,False
44,122-2,54872.25,"(32, 42)",taxation,6,0.25,False,True,False
44,231-2,42013.75,"(11, 18)",taxation,6,0.25,False,True,False
44,100-2,64519.75,"(16, 8)",taxation,6,0.25,False,True,False
44,141-2,51663.5,"(7, 40)",taxation,6,0.25,False,True,False
44,165-2,77372.0,"(21, 7)",taxation,6,0.25,False,True,False
44,186-2,61311.25,"(17, 13)",taxation,6,0.25,False,True,False
44,201-2,45207.25,"(19, 10)",taxation,6,0.25,False,True,False
44,21-2,61304.25,"(36, 37)",taxation,6,0.25,False,True,False
44,183-2,45224.75,"(41, 33)",taxation,6,0.25,False,True,False
44,203-2,77351.25,"(30, 8)",taxation,6,0.25,False,True,False
44,32-2,70926.75,"(22, 14)",taxation,6,0.25,False,True,False
44,115-2,70926.75,"(25, 10)",taxation,6,0.25,False,True,False
44,169-2,51656.0,"(37, 30)",taxation,6,0.25,False,True,False
44,78-2,61295.25,"(16, 15)",taxation,6,0.25,False,True,False
44,137-2,58079.5,"(17, 9)",taxation,6,0.25,False,True,False
44,55-2,70926.25,"(2, 38)",taxation,6,0.25,False,True,False
44,112-2,70937.5,"(2, 37)",taxation,6,0.25,False,True,False
44,193-2,58092.5,"(14, 12)",taxation,6,0.25,False,True,False
44,50-2,74144.5,"(44, 25)",taxation,6,0.25,False,True,False
44,53-2,42000.25,"(14, 15)",taxation,6,0.25,False,True,False
44,5-2,29132.5,"(38, 21)",taxation,6,0.25,False,True,False
44,247-2,58082.0,"(13, 12)",taxation,6,0.25,False,True,False
44,147-2,64504.75,"(45, 2)",taxation,6,0.25,False,True,False
44,145-2,67721.0,"(36, 39)",taxation,6,0.25,False,True,False
44,207-2,51634.75,"(18, 11)",taxation,6,0.25,False,True,False
44,120-2,74120.0,"(15, 14)",taxation,6,0.25,False,True,False
44,125-2,70935.0,"(9, 34)",taxation,6,0.25,False,True,False
44,41-2,70947.0,"(13, 13)",taxation,6,0.25,False,True,False
44,209-2,74148.5,"(49, 11)",taxation,6,0.25,False,True,False
44,113-2,67703.75,"(18, 5)",taxation,6,0.25,False,True,False
44,68-2,54863.75,"(14, 16)",taxation,6,0.25,False,True,False
44,161-2,54854.0,"(11, 19)",taxation,6,0.25,False,True,False
44,175-2,54855.5,"(47, 9)",taxation,6,0.25,False,True,False
44,85-2,58074.0,"(40, 34)",taxation,6,0.25,False,True,False
44,234-2,67691.5,"(4, 44)",taxation,6,0.25,False,True,False
44,45-2,67709.75,"(13, 17)",taxation,6,0.25,False,True,False
44,196-2,45216.0,"(12, 27)",taxation,6,0.25,False,True,False
44,174-2,70927.5,"(20, 4)",taxation,6,0.25,False,True,False
44,103-2,64487.5,"(18, 6)",taxation,6,0.25,False,True,False
44,33-2,51652.25,"(18, 9)",taxation,6,0.25,False,True,False
44,19-2,67707.0,"(12, 14)",taxation,6,0.25,False,True,False
44,130-2,70920.5,"(38, 32)",taxation,6,0.25,False,True,False
44,155-2,67718.25,"(35, 37)",taxation,6,0.25,False,True,False
44,86-2,64498.0,"(31, 40)",taxation,6,0.25,False,True,False
44,164-2,67711.25,"(22, 7)",taxation,6,0.25,False,True,False
44,2-2,64491.75,"(26, 46)",taxation,6,0.25,False,True,False
44,11-2,51609.25,"(1, 44)",taxation,6,0.25,False,True,False
44,202-2,74119.0,"(22, 6)",taxation,6,0.25,False,True,False
44,121-2,64509.0,"(17, 14)",taxation,6,0.25,False,True,False
44,163-2,77346.0,"(6, 40)",taxation,6,0.25,False,True,False
44,18-2,74136.75,"(46, 22)",taxation,6,0.25,False,True,False
44,132-2,70904.75,"(33, 31)",taxation,6,0.25,False,True,False
44,160-2,58067.0,"(10, 35)",taxation,6,0.25,False,True,False
44,221-2,61271.5,"(20, 3)",taxation,6,0.25,False,True,False
44,90-2,58072.5,"(41, 8)",taxation,6,0.25,False,True,False
44,64-2,64484.0,"(49, 12)",taxation,6,0.25,False,True,False
44,102-2,45193.5,"(19, 45)",taxation,6,0.25,False,True,False
44,188-2,64495.5,"(35, 39)",taxation,6,0.25,False,True,False
44,92-2,70902.0,"(4, 38)",taxation,6,0.25,False,True,False
44,96-2,74131.5,"(13, 35)",taxation,6,0.25,False,True,False
44,107-2,70908.5,"(41, 36)",taxation,6,0.25,False,True,False
44,80-2,70903.5,"(17, 12)",taxation,6,0.25,False,True,False
44,237-2,51615.75,"(36, 38)",taxation,6,0.25,False,True,False
44,13-2,61274.25,"(5, 34)",taxation,6,0.25,False,True,False
44,104-2,61288.5,"(16, 10)",taxation,6,0.25,False,True,False
44,27-2,58047.75,"(16, 9)",taxation,6,0.25,False,True,False
44,248-2,64481.25,"(17, 5)",taxation,6,0.25,False,True,False
44,48-2,67674.0,"(17, 7)",taxation,6,0.25,False,True,False
44,57-2,58046.25,"(46, 25)",taxation,6,0.25,False,True,False
44,184-2,64466.25,"(11, 16)",taxation,6,0.25,False,True,False
45,3,51671.0,"(2, 35)",taxation,6,0.25,False,True,False
45,7,64549.0,"(7, 33)",taxation,6,0.25,False,True,False
45,8,86006.0,"(10, 16)",taxation,6,0.25,False,True,False
45,9,73146.0,"(9, 32)",taxation,6,0.25,False,True,False
45,12,81688.0,"(49, 7)",taxation,6,0.25,False,True,False
45,14,21686.0,"(9, 20)",taxation,6,0.25,False,True,False
45,15,77430.0,"(45, 27)",taxation,6,0.25,False,True,False
45,20,81689.0,"(23, 5)",taxation,6,0.25,False,True,False
45,24,68850.0,"(24, 7)",taxation,6,0.25,False,True,False
45,26,68845.0,"(41, 32)",taxation,6,0.25,False,True,False
45,29,85984.0,"(6, 31)",taxation,6,0.25,False,True,False
45,34,77412.0,"(20, 46)",taxation,6,0.25,False,True,False
45,35,85989.0,"(3, 31)",taxation,6,0.25,False,True,False
45,36,64549.0,"(12, 11)",taxation,6,0.25,False,True,False
45,37,90282.0,"(43, 16)",taxation,6,0.25,False,True,False
45,39,60254.0,"(7, 15)",taxation,6,0.25,False,True,False
45,43,85985.0,"(44, 15)",taxation,6,0.25,False,True,False
45,44,55993.0,"(16, 4)",taxation,6,0.25,False,True,False
45,46,60270.0,"(10, 12)",taxation,6,0.25,False,True,False
45,47,60270.0,"(6, 29)",taxation,6,0.25,False,True,False
45,49,81705.0,"(7, 20)",taxation,6,0.25,False,True,False
45,52,64552.0,"(47, 28)",taxation,6,0.25,False,True,False
45,58,90228.0,"(3, 35)",taxation,6,0.25,False,True,False
45,59,77395.0,"(0, 38)",taxation,6,0.25,False,True,False
45,60,90268.0,"(48, 27)",taxation,6,0.25,False,True,False
45,61,103120.0,"(18, 41)",taxation,6,0.25,False,True,False
45,62,85991.0,"(0, 35)",taxation,6,0.25,False,True,False
45,65,98824.0,"(42, 36)",taxation,6,0.25,False,True,False
45,66,94551.0,"(43, 24)",taxation,6,0.25,False,True,False
45,67,64550.0,"(10, 15)",taxation,6,0.25,False,True,False
45,69,94564.0,"(6, 32)",taxation,6,0.25,False,True,False
45,70,90281.0,"(3, 29)",taxation,6,0.25,False,True,False
45,72,98822.0,"(27, 41)",taxation,6,0.25,False,True,False
45,77,73112.0,"(20, 43)",taxation,6,0.25,False,True,False
45,79,81691.0,"(10, 17)",taxation,6,0.25,False,True,False
45,81,81724.0,"(47, 6)",taxation,6,0.25,False,True,False
45,82,90259.0,"(6, 30)",taxation,6,0.25,False,True,False
45,84,85994.0,"(8, 32)",taxation,6,0.25,False,True,False
45,87,85960.0,"(14, 33)",taxation,6,0.25,False,True,False
45,88,85982.0,"(43, 32)",taxation,6,0.25,False,True,False
45,89,90282.0,"(20, 42)",taxation,6,0.25,False,True,False
45,93,38821.0,"(33, 39)",taxation,6,0.25,False,True,False
45,97,68821.0,"(45, 30)",taxation,6,0.25,False,True,False
45,99,81679.0,"(45, 31)",taxation,6,0.25,False,True,False
45,101,86003.0,"(27, 9)",taxation,6,0.25,False,True,False
45,105,77414.0,"(12, 12)",taxation,6,0.25,False,True,False
45,109,85998.0,"(23, 7)",taxation,6,0.25,False,True,False
45,114,98839.0,"(49, 22)",taxation,6,0.25,False,True,False
45,116,94573.0,"(44, 36)",taxation,6,0.25,False,True,False
45,117,77414.0,"(34, 37)",taxation,6,0.25,False,True,False
45,118,94552.0,"(48, 6)",taxation,6,0.25,False,True,False
45,119,85989.0,"(10, 13)",taxation,6,0.25,False,True,False
45,123,98845.0,"(49, 23)",taxation,6,0.25,False,True,False
45,124,81695.0,"(23, 4)",taxation,6,0.25,False,True,False
45,126,85955.0,"(47, 30)",taxation,6,0.25,False,True,False
45,127,90261.0,"(17, 4)",taxation,6,0.25,False,True,False
45,128,94555.0,"(22, 10)",taxation,6,0.25,False,True,False
45,129,81711.0,"(23, 10)",taxation,6,0.25,False,True,False
45,131,85988.0,"(15, 34)",taxation,6,0.25,False,True,False
45,135,85979.0,"(10, 31)",taxation,6,0.25,False,True,False
45,136,68841.0,"(13, 10)",taxation,6,0.25,False,True,False
45,138,90257.0,"(42, 19)",taxation,6,0.25,False,True,False
45,143,85965.0,"(3, 34)",taxation,6,0.25,False,True,False
45,150,73107.0,"(36, 32)",taxation,6,0.25,False,True,False
45,151,68829.0,"(42, 27)",taxation,6,0.25,False,True,False
45,152,90279.0,"(31, 44)",taxation,6,0.25,False,True,False
45,153,43095.0,"(29, 44)",taxation,6,0.25,False,True,False
45,157,81686.0,"(10, 24)",taxation,6,0.25,False,True,False
45,159,68852.0,"(48, 29)",taxation,6,0.25,False,True,False
45,166,81710.0,"(15, 7)",taxation,6,0.25,False,True,False
45,171,86012.0,"(31, 45)",taxation,6,0.25,False,True,False
45,177,86011.0,"(46, 27)",taxation,6,0.25,False,True,False
45,178,94564.0,"(48, 25)",taxation,6,0.25,False,True,False
45,181,85981.00000000001,"(49, 29)",taxation,6,0.25,False,True,False
45,185,85982.0,"(47, 32)",taxation,6,0.25,False,True,False
45,190,86001.0,"(9, 15)",taxation,6,0.25,False,True,False
45,191,98816.0,"(43, 19)",taxation,6,0.25,False,True,False
45,192,77430.0,"(49, 24)",taxation,6,0.25,False,True,False
45,194,77429.0,"(11, 25)",taxation,6,0.25,False,True,False
45,195,38819.0,"(48, 26)",taxation,6,0.25,False,True,False
45,197,68818.0,"(5, 32)",taxation,6,0.25,False,True,False
45,199,98806.0,"(21, 1)",taxation,6,0.25,False,True,False
45,200,81695.0,"(12, 10)",taxation,6,0.25,False,True,False
45,204,94555.0,"(49, 27)",taxation,6,0.25,False,True,False
45,210,103111.0,"(6, 33)",taxation,6,0.25,False,True,False
45,211,55969.0,"(41, 31)",taxation,6,0.25,False,True,False
45,213,85996.0,"(7, 29)",taxation,6,0.25,False,True,False
45,215,94558.0,"(14, 8)",taxation,6,0.25,False,True,False
45,216,94555.0,"(8, 21)",taxation,6,0.25,False,True,False
45,217,51691.0,"(20, 41)",taxation,6,0.25,False,True,False
45,218,98849.0,"(29, 43)",taxation,6,0.25,False,True,False
45,220,94546.0,"(43, 35)",taxation,6,0.25,False,True,False
45,222,85994.0,"(19, 39)",taxation,6,0.25,False,True,False
45,223,60242.0,"(8, 15)",taxation,6,0.25,False,True,False
45,224,73133.0,"(48, 24)",taxation,6,0.25,False,True,False
45,227,94541.0,"(48, 22)",taxation,6,0.25,False,True,False
45,229,94575.0,"(25, 43)",taxation,6,0.25,False,True,False
45,230,68843.0,"(21, 44)",taxation,6,0.25,False,True,False
45,232,51682.0,"(7, 21)",taxation,6,0.25,False,True,False
45,233,81693.0,"(49, 26)",taxation,6,0.25,False,True,False
45,235,85988.0,"(10, 18)",taxation,6,0.25,False,True,False
45,236,85981.0,"(13, 9)",taxation,6,0.25,False,True,False
45,238,85997.0,"(34, 40)",taxation,6,0.25,False,True,False
45,239,85975.0,"(9, 17)",taxation,6,0.25,False,True,False
45,243,81697.0,"(20, 11)",taxation,6,0.25,False,True,False
45,244,98848.0,"(21, 41)",taxation,6,0.25,False,True,False
45,245,94555.0,"(20, 44)",taxation,6,0.25,False,True,False
45,219-2,75250.0,"(19, 2)",taxation,6,0.25,False,True,False
45,158-2,62397.0,"(48, 23)",taxation,6,0.25,False,True,False
45,139-2,77406.25,"(44, 35)",taxation,6,0.25,False,True,False
45,179-2,56005.5,"(43, 33)",taxation,6,0.25,False,True,False
45,28-2,59222.25,"(21, 4)",taxation,6,0.25,False,True,False
45,187-2,34545.0,"(46, 28)",taxation,6,0.25,False,True,False
45,146-2,25985.0,"(49, 25)",taxation,6,0.25,False,True,False
45,94-2,21695.0,"(2, 34)",taxation,6,0.25,False,True,False
45,154-2,30267.0,"(10, 19)",taxation,6,0.25,False,True,False
45,173-2,17403.0,"(28, 45)",taxation,6,0.25,False,True,False
45,240-2,21668.0,"(45, 33)",taxation,6,0.25,False,True,False
45,246-2,64551.0,"(14, 20)",taxation,6,0.25,False,True,False
45,98-2,34571.0,"(47, 33)",taxation,6,0.25,False,True,False
45,140-2,301.0,"(28, 44)",taxation,6,0.25,False,True,False
45,176-2,281.0,"(24, 8)",taxation,6,0.25,False,True,False
45,208-2,68835.25,"(14, 10)",taxation,6,0.25,False,True,False
45,170-2,59198.75,"(9, 29)",taxation,6,0.25,False,True,False
45,1-2,49536.25,"(8, 33)",taxation,6,0.25,False,True,False
45,23-2,69922.0,"(44, 7)",taxation,6,0.25,False,True,False
45,17-2,70969.5,"(44, 19)",taxation,6,0.25,False,True,False
45,31-2,77383.5,"(38, 27)",taxation,6,0.25,False,True,False
45,228-2,50625.0,"(31, 42)",taxation,6,0.25,False,True,False
45,149-2,58143.0,"(27, 43)",taxation,6,0.25,False,True,False
45,206-2,65626.25,"(25, 40)",taxation,6,0.25,False,True,False
45,242-2,29183.25,"(47, 27)",taxation,6,0.25,False,True,False
45,75-2,61341.0,"(11, 32)",taxation,6,0.25,False,True,False
45,74-2,75262.0,"(22, 9)",taxation,6,0.25,False,True,False
45,241-2,61325.5,"(46, 30)",taxation,6,0.25,False,True,False
45,42-2,48481.5,"(15, 33)",taxation,6,0.25,False,True,False
45,142-2,42022.75,"(49, 6)",taxation,6,0.25,False,True,False
45,172-2,70966.75,"(14, 9)",taxation,6,0.25,False,True,False
45,167-2,67764.75,"(47, 26)",taxation,6,0.25,False,True,False
45,38-2,67769.5,"(34, 41)",taxation,6,0.25,False,True,False
45,198-2,61339.5,"(18, 45)",taxation,6,0.25,False,True,False
45,0-2,45267.25,"(15, 8)",taxation,6,0.25,False,True,False
45,6-2,74182.0,"(21, 39)",taxation,6,0.25,False,True,False
45,76-2,64557.750000000015,"(27, 45)",taxation,6,0.25,False,True,False
45,144-2,64551.5,"(21, 42)",taxation,6,0.25,False,True,False
45,25-2,58113.0,"(12, 31)",taxation,6,0.25,False,True,False
45,40-2,70985.0,"(11, 24)",taxation,6,0.25,False,True,False
45,10-2,67740.25,"(46, 29)",taxation,6,0.25,False,True,False
45,180-2,64561.25,"(8, 30)",taxation,6,0.25,False,True,False
45,212-2,67735.75,"(47, 31)",taxation,6,0.25,False,True,False
45,63-2,61306.75,"(21, 5)",taxation,6,0.25,False,True,False
45,189-2,58105.5,"(12, 32)",taxation,6,0.25,False,True,False
45,54-2,64552.25,"(15, 6)",taxation,6,0.25,False,True,False
45,4-2,48450.25,"(16, 7)",taxation,6,0.25,False,True,False
45,83-2,70959.75,"(20, 7)",taxation,6,0.25,False,True,False
45,249-2,67751.0,"(25, 47)",taxation,6,0.25,False,True,False
45,22-2,74180.0,"(11, 11)",taxation,6,0.25,False,True,False
45,205-2,32387.75,"(19, 9)",taxation,6,0.25,False,True,False
45,156-2,48461.5,"(9, 18)",taxation,6,0.25,False,True,False
45,51-2,67735.5,"(24, 44)",taxation,6,0.25,False,True,False
45,133-2,58101.0,"(29, 45)",taxation,6,0.25,False,True,False
45,73-2,67750.25,"(31, 43)",taxation,6,0.25,False,True,False
45,56-2,64541.75,"(11, 14)",taxation,6,0.25,False,True,False
45,182-2,67741.25,"(14, 32)",taxation,6,0.25,False,True,False
45,71-2,70960.25,"(46, 8)",taxation,6,0.25,False,True,False
45,91-2,70947.75,"(9, 13)",taxation,6,0.25,False,True,False
45,226-2,64517.75,"(44, 34)",taxation,6,0.25,False,True,False
45,225-2,67720.75,"(17, 41)",taxation,6,0.25,False,True,False
45,148-2,51658.25,"(19, 41)",taxation,6,0.25,False,True,False
45,16-2,74179.5,"(18, 7)",taxation,6,0.25,False,True,False
45,111-2,70948.25,"(21, 10)",taxation,6,0.25,False,True,False
45,134-2,64538.0,"(45, 8)",taxation,6,0.25,False,True,False
45,168-2,70961.5,"(26, 40)",taxation,6,0.25,False,True,False
45,106-2,61329.75,"(45, 9)",taxation,6,0.25,False,True,False
45,162-2,67741.5,"(43, 18)",taxation,6,0.25,False,True,False
45,214-2,42009.0,"(47, 7)",taxation,6,0.25,False,True,False
45,110-2,74157.0,"(8, 34)",taxation,6,0.25,False,True,False
45,95-2,74155.5,"(42, 18)",taxation,6,0.25,False,True,False
45,122-2,54880.25,"(27, 44)",taxation,6,0.25,False,True,False
45,231-2,42021.75,"(9, 21)",taxation,6,0.25,False,True,False
45,100-2,64527.75,"(16, 3)",taxation,6,0.25,False,True,False
45,141-2,51668.5,"(6, 35)",taxation,6,0.25,False,True,False
45,165-2,77380.0,"(21, 2)",taxation,6,0.25,False,True,False
45,186-2,61318.25,"(19, 7)",taxation,6,0.25,False,True,False
45,201-2,45215.25,"(22, 4)",taxation,6,0.25,False,True,False
45,21-2,61312.25,"(33, 41)",taxation,6,0.25,False,True,False
45,183-2,45232.75,"(45, 32)",taxation,6,0.25,False,True,False
45,203-2,77358.25,"(29, 5)",taxation,6,0.25,False,True,False
45,32-2,70933.75,"(23, 8)",taxation,6,0.25,False,True,False
45,115-2,70934.75,"(24, 5)",taxation,6,0.25,False,True,False
45,169-2,51664.0,"(42, 35)",taxation,6,0.25,False,True,False
45,78-2,61303.25,"(10, 20)",taxation,6,0.25,False,True,False
45,137-2,58086.5,"(19, 6)",taxation,6,0.25,False,True,False
45,55-2,70932.25,"(7, 32)",taxation,6,0.25,False,True,False
45,112-2,70943.5,"(5, 31)",taxation,6,0.25,False,True,False
45,193-2,58098.5,"(20, 10)",taxation,6,0.25,False,True,False
45,50-2,74152.5,"(48, 30)",taxation,6,0.25,False,True,False
45,53-2,42009.25,"(10, 14)",taxation,6,0.25,False,True,False
45,5-2,29139.5,"(42, 20)",taxation,6,0.25,False,True,False
45,247-2,58090.0,"(8, 16)",taxation,6,0.25,False,True,False
45,147-2,64511.75,"(46, 4)",taxation,6,0.25,False,True,False
45,145-2,67730.0,"(32, 43)",taxation,6,0.25,False,True,False
45,207-2,51642.75,"(16, 5)",taxation,6,0.25,False,True,False
45,120-2,74129.0,"(9, 14)",taxation,6,0.25,False,True,False
45,125-2,70942.0,"(8, 29)",taxation,6,0.25,False,True,False
45,41-2,70955.0,"(8, 14)",taxation,6,0.25,False,True,False
45,209-2,74155.5,"(49, 8)",taxation,6,0.25,False,True,False
45,113-2,67712.75,"(15, 5)",taxation,6,0.25,False,True,False
45,68-2,54872.75,"(11, 12)",taxation,6,0.25,False,True,False
45,161-2,54863.0,"(9, 19)",taxation,6,0.25,False,True,False
45,175-2,54862.5,"(48, 7)",taxation,6,0.25,False,True,False
45,85-2,58081.0,"(39, 35)",taxation,6,0.25,False,True,False
45,234-2,67695.5,"(5, 38)",taxation,6,0.25,False,True,False
45,45-2,67718.75,"(9, 16)",taxation,6,0.25,False,True,False
45,196-2,45224.0,"(8, 24)",taxation,6,0.25,False,True,False
45,174-2,70935.5,"(19, 3)",taxation,6,0.25,False,True,False
45,103-2,64495.5,"(18, 3)",taxation,6,0.25,False,True,False
45,33-2,51660.25,"(17, 3)",taxation,6,0.25,False,True,False
45,19-2,67716.0,"(11, 13)",taxation,6,0.25,False,True,False
45,130-2,70927.5,"(40, 32)",taxation,6,0.25,False,True,False
45,155-2,67727.25,"(30, 42)",taxation,6,0.25,False,True,False
45,86-2,64506.0,"(28, 46)",taxation,6,0.25,False,True,False
45,164-2,67719.25,"(22, 5)",taxation,6,0.25,False,True,False
45,2-2,64499.75,"(27, 46)",taxation,6,0.25,False,True,False
45,11-2,51613.25,"(1, 38)",taxation,6,0.25,False,True,False
45,202-2,74127.0,"(23, 3)",taxation,6,0.25,False,True,False
45,121-2,64516.0,"(12, 17)",taxation,6,0.25,False,True,False
45,163-2,77351.0,"(7, 34)",taxation,6,0.25,False,True,False
45,18-2,74143.75,"(45, 20)",taxation,6,0.25,False,True,False
45,132-2,70911.75,"(33, 37)",taxation,6,0.25,False,True,False
45,160-2,58074.0,"(11, 29)",taxation,6,0.25,False,True,False
45,221-2,61279.5,"(20, 2)",taxation,6,0.25,False,True,False
45,90-2,58079.5,"(41, 9)",taxation,6,0.25,False,True,False
45,64-2,64491.0,"(46, 7)",taxation,6,0.25,False,True,False
45,102-2,45201.5,"(25, 44)",taxation,6,0.25,False,True,False
45,188-2,64503.5,"(30, 45)",taxation,6,0.25,False,True,False
45,92-2,70909.0,"(10, 32)",taxation,6,0.25,False,True,False
45,96-2,74139.5,"(9, 30)",taxation,6,0.25,False,True,False
45,107-2,70915.5,"(45, 36)",taxation,6,0.25,False,True,False
45,80-2,70910.5,"(23, 6)",taxation,6,0.25,False,True,False
45,237-2,51623.75,"(30, 44)",taxation,6,0.25,False,True,False
45,13-2,61281.25,"(7, 30)",taxation,6,0.25,False,True,False
45,104-2,61295.5,"(20, 6)",taxation,6,0.25,False,True,False
45,27-2,58054.75,"(22, 3)",taxation,6,0.25,False,True,False
45,248-2,64490.25,"(16, 6)",taxation,6,0.25,False,True,False
45,48-2,67683.0,"(14, 7)",taxation,6,0.25,False,True,False
45,57-2,58054.25,"(49, 30)",taxation,6,0.25,False,True,False
45,184-2,64475.25,"(8, 17)",taxation,6,0.25,False,True,False
45,30-2,74129.25,"(5, 33)",taxation,6,0.25,False,True,False
45,108-2,35546.25,"(1, 35)",taxation,6,0.25,False,True,False
46,3,51678.0,"(2, 30)",taxation,6,0.25,False,True,False
46,7,64556.0,"(10, 30)",taxation,6,0.25,False,True,False
46,8,86015.0,"(6, 18)",taxation,6,0.25,False,True,False
46,9,73154.0,"(8, 28)",taxation,6,0.25,False,True,False
46,12,81696.0,"(49, 5)",taxation,6,0.25,False,True,False
46,14,21695.0,"(5, 20)",taxation,6,0.25,False,True,False
46,15,77439.0,"(49, 31)",taxation,6,0.25,False,True,False
46,20,81697.0,"(26, 4)",taxation,6,0.25,False,True,False
46,24,68858.0,"(26, 7)",taxation,6,0.25,False,True,False
46,26,68853.0,"(47, 35)",taxation,6,0.25,False,True,False
46,29,85992.0,"(7, 28)",taxation,6,0.25,False,True,False
46,34,77420.0,"(23, 48)",taxation,6,0.25,False,True,False
46,35,85997.0,"(6, 27)",taxation,6,0.25,False,True,False
46,36,64551.0,"(15, 16)",taxation,6,0.25,False,True,False
46,37,90289.0,"(41, 13)",taxation,6,0.25,False,True,False
46,39,60263.0,"(6, 15)",taxation,6,0.25,False,True,False
46,43,85993.0,"(41, 15)",taxation,6,0.25,False,True,False
46,44,56000.0,"(21, 6)",taxation,6,0.25,False,True,False
46,46,60275.0,"(12, 18)",taxation,6,0.25,False,True,False
46,47,60279.0,"(7, 25)",taxation,6,0.25,False,True,False
46,49,81714.0,"(6, 20)",taxation,6,0.25,False,True,False
46,52,64559.0,"(42, 30)",taxation,6,0.25,False,True,False
46,58,90235.0,"(4, 29)",taxation,6,0.25,False,True,False
46,59,77401.0,"(0, 34)",taxation,6,0.25,False,True,False
46,60,90276.0,"(48, 33)",taxation,6,0.25,False,True,False
46,61,103127.0,"(18, 42)",taxation,6,0.25,False,True,False
46,62,85998.0,"(0, 29)",taxation,6,0.25,False,True,False
46,65,98832.0,"(45, 35)",taxation,6,0.25,False,True,False
46,66,94559.0,"(42, 23)",taxation,6,0.25,False,True,False
46,67,64557.0,"(5, 21)",taxation,6,0.25,False,True,False
46,69,94572.0,"(6, 28)",taxation,6,0.25,False,True,False
46,70,90289.0,"(5, 26)",taxation,6,0.25,False,True,False
46,72,98829.0,"(28, 39)",taxation,6,0.25,False,True,False
46,77,73120.0,"(25, 49)",taxation,6,0.25,False,True,False
46,79,81700.0,"(4, 19)",taxation,6,0.25,False,True,False
46,81,81732.0,"(47, 5)",taxation,6,0.25,False,True,False
46,82,90267.0,"(3, 25)",taxation,6,0.25,False,True,False
46,84,86001.0,"(9, 27)",taxation,6,0.25,False,True,False
46,87,85967.0,"(13, 31)",taxation,6,0.25,False,True,False
46,88,85990.0,"(46, 31)",taxation,6,0.25,False,True,False
46,89,90290.0,"(22, 42)",taxation,6,0.25,False,True,False
46,93,38829.0,"(30, 41)",taxation,6,0.25,False,True,False
46,97,68829.0,"(47, 34)",taxation,6,0.25,False,True,False
46,99,81686.0,"(42, 32)",taxation,6,0.25,False,True,False
46,101,86011.0,"(27, 7)",taxation,6,0.25,False,True,False
46,105,77416.0,"(16, 16)",taxation,6,0.25,False,True,False
46,109,86006.0,"(27, 6)",taxation,6,0.25,False,True,False
46,114,98847.0,"(49, 28)",taxation,6,0.25,False,True,False
46,116,94580.0,"(40, 33)",taxation,6,0.25,False,True,False
46,117,77421.0,"(36, 36)",taxation,6,0.25,False,True,False
46,118,94560.0,"(43, 11)",taxation,6,0.25,False,True,False
46,119,85995.0,"(8, 19)",taxation,6,0.25,False,True,False
46,123,98853.0,"(43, 27)",taxation,6,0.25,False,True,False
46,124,81704.0,"(19, 0)",taxation,6,0.25,False,True,False
46,126,85962.0,"(43, 30)",taxation,6,0.25,False,True,False
46,127,90263.0,"(22, 2)",taxation,6,0.25,False,True,False
46,128,94563.0,"(25, 7)",taxation,6,0.25,False,True,False
46,129,81719.0,"(27, 5)",taxation,6,0.25,False,True,False
46,131,85995.0,"(15, 30)",taxation,6,0.25,False,True,False
46,135,85987.0,"(10, 25)",taxation,6,0.25,False,True,False
46,136,68843.0,"(18, 14)",taxation,6,0.25,False,True,False
46,138,90264.0,"(39, 20)",taxation,6,0.25,False,True,False
46,143,85972.0,"(2, 29)",taxation,6,0.25,False,True,False
46,150,73114.0,"(37, 32)",taxation,6,0.25,False,True,False
46,151,68836.0,"(40, 27)",taxation,6,0.25,False,True,False
46,152,90287.0,"(27, 49)",taxation,6,0.25,False,True,False
46,153,43102.0,"(26, 45)",taxation,6,0.25,False,True,False
46,157,81695.0,"(4, 20)",taxation,6,0.25,False,True,False
46,159,68854.0,"(45, 24)",taxation,6,0.25,False,True,False
46,171,86020.0,"(28, 48)",taxation,6,0.25,False,True,False
46,177,86019.0,"(45, 29)",taxation,6,0.25,False,True,False
46,178,94572.0,"(43, 28)",taxation,6,0.25,False,True,False
46,181,85983.00000000001,"(43, 29)",taxation,6,0.25,False,True,False
46,185,85990.0,"(46, 32)",taxation,6,0.25,False,True,False
46,190,86009.0,"(4, 21)",taxation,6,0.25,False,True,False
46,191,98823.0,"(41, 21)",taxation,6,0.25,False,True,False
46,192,77437.0,"(44, 24)",taxation,6,0.25,False,True,False
46,194,77437.0,"(12, 24)",taxation,6,0.25,False,True,False
46,195,38822.0,"(46, 21)",taxation,6,0.25,False,True,False
46,197,68825.0,"(5, 29)",taxation,6,0.25,False,True,False
46,199,98815.0,"(17, 1)",taxation,6,0.25,False,True,False
46,200,81704.0,"(6, 16)",taxation,6,0.25,False,True,False
46,204,94562.0,"(44, 29)",taxation,6,0.25,False,True,False
46,210,103118.0,"(9, 31)",taxation,6,0.25,False,True,False
46,211,55977.0,"(44, 31)",taxation,6,0.25,False,True,False
46,213,86004.0,"(4, 25)",taxation,6,0.25,False,True,False
46,215,94560.0,"(19, 8)",taxation,6,0.25,False,True,False
46,216,94564.0,"(6, 21)",taxation,6,0.25,False,True,False
46,217,51698.0,"(20, 40)",taxation,6,0.25,False,True,False
46,218,98857.0,"(27, 39)",taxation,6,0.25,False,True,False
46,220,94553.0,"(43, 36)",taxation,6,0.25,False,True,False
46,222,86002.0,"(24, 41)",taxation,6,0.25,False,True,False
46,223,60251.0,"(5, 19)",taxation,6,0.25,False,True,False
46,224,73141.0,"(48, 28)",taxation,6,0.25,False,True,False
46,227,94548.0,"(42, 28)",taxation,6,0.25,False,True,False
46,229,94583.0,"(24, 43)",taxation,6,0.25,False,True,False
46,230,68850.0,"(20, 45)",taxation,6,0.25,False,True,False
46,232,51691.0,"(5, 22)",taxation,6,0.25,False,True,False
46,233,81700.0,"(45, 23)",taxation,6,0.25,False,True,False
46,235,85997.0,"(7, 18)",taxation,6,0.25,False,True,False
46,236,85983.0,"(18, 8)",taxation,6,0.25,False,True,False
46,238,86004.0,"(32, 37)",taxation,6,0.25,False,True,False
46,239,85984.0,"(5, 18)",taxation,6,0.25,False,True,False
46,243,81705.0,"(26, 6)",taxation,6,0.25,False,True,False
46,244,98855.0,"(19, 42)",taxation,6,0.25,False,True,False
46,245,94563.0,"(23, 42)",taxation,6,0.25,False,True,False
46,219-2,75259.0,"(18, 2)",taxation,6,0.25,False,True,False
46,158-2,62405.0,"(47, 29)",taxation,6,0.25,False,True,False
46,139-2,77414.25,"(45, 34)",taxation,6,0.25,False,True,False
46,179-2,56014.5,"(48, 32)",taxation,6,0.25,False,True,False
46,28-2,59230.25,"(27, 2)",taxation,6,0.25,False,True,False
46,187-2,34553.0,"(49, 33)",taxation,6,0.25,False,True,False
46,146-2,25989.0,"(45, 19)",taxation,6,0.25,False,True,False
46,94-2,21702.0,"(1, 29)",taxation,6,0.25,False,True,False
46,154-2,30276.0,"(6, 19)",taxation,6,0.25,False,True,False
46,173-2,17410.0,"(24, 48)",taxation,6,0.25,False,True,False
46,240-2,21676.0,"(46, 33)",taxation,6,0.25,False,True,False
46,246-2,64559.0,"(14, 24)",taxation,6,0.25,False,True,False
46,98-2,34579.0,"(48, 34)",taxation,6,0.25,False,True,False
46,140-2,310.0,"(28, 47)",taxation,6,0.25,False,True,False
46,176-2,289.0,"(24, 6)",taxation,6,0.25,False,True,False
46,208-2,68837.25,"(19, 12)",taxation,6,0.25,False,True,False
46,170-2,59206.75,"(8, 25)",taxation,6,0.25,False,True,False
46,1-2,49543.25,"(8, 27)",taxation,6,0.25,False,True,False
46,23-2,69930.0,"(45, 7)",taxation,6,0.25,False,True,False
46,17-2,70976.5,"(45, 22)",taxation,6,0.25,False,True,False
46,31-2,77391.5,"(42, 29)",taxation,6,0.25,False,True,False
46,228-2,50632.0,"(29, 41)",taxation,6,0.25,False,True,False
46,149-2,58152.0,"(27, 47)",taxation,6,0.25,False,True,False
46,206-2,65634.25,"(24, 40)",taxation,6,0.25,False,True,False
46,242-2,29190.25,"(41, 29)",taxation,6,0.25,False,True,False
46,75-2,61349.0,"(10, 26)",taxation,6,0.25,False,True,False
46,74-2,75270.0,"(28, 3)",taxation,6,0.25,False,True,False
46,241-2,61332.5,"(44, 30)",taxation,6,0.25,False,True,False
46,42-2,48489.5,"(10, 27)",taxation,6,0.25,False,True,False
46,142-2,42029.75,"(48, 4)",taxation,6,0.25,False,True,False
46,172-2,70968.75,"(18, 12)",taxation,6,0.25,False,True,False
46,167-2,67771.75,"(45, 28)",taxation,6,0.25,False,True,False
46,38-2,67777.5,"(30, 46)",taxation,6,0.25,False,True,False
46,198-2,61346.5,"(18, 44)",taxation,6,0.25,False,True,False
46,0-2,45269.25,"(20, 9)",taxation,6,0.25,False,True,False
46,6-2,74190.0,"(23, 41)",taxation,6,0.25,False,True,False
46,76-2,64565.750000000015,"(27, 48)",taxation,6,0.25,False,True,False
46,144-2,64558.5,"(21, 43)",taxation,6,0.25,False,True,False
46,25-2,58120.0,"(12, 30)",taxation,6,0.25,False,True,False
46,40-2,70993.0,"(13, 24)",taxation,6,0.25,False,True,False
46,10-2,67749.25,"(48, 31)",taxation,6,0.25,False,True,False
46,180-2,64569.25,"(8, 26)",taxation,6,0.25,False,True,False
46,212-2,67742.75,"(44, 32)",taxation,6,0.25,False,True,False
46,63-2,61314.75,"(27, 3)",taxation,6,0.25,False,True,False
46,189-2,58113.5,"(11, 27)",taxation,6,0.25,False,True,False
46,54-2,64554.25,"(20, 8)",taxation,6,0.25,False,True,False
46,4-2,48457.25,"(22, 12)",taxation,6,0.25,False,True,False
46,83-2,70967.75,"(26, 5)",taxation,6,0.25,False,True,False
46,249-2,67759.0,"(25, 48)",taxation,6,0.25,False,True,False
46,22-2,74182.0,"(14, 17)",taxation,6,0.25,False,True,False
46,205-2,32395.75,"(24, 4)",taxation,6,0.25,False,True,False
46,156-2,48469.5,"(6, 22)",taxation,6,0.25,False,True,False
46,51-2,67743.5,"(23, 44)",taxation,6,0.25,False,True,False
46,133-2,58109.0,"(29, 49)",taxation,6,0.25,False,True,False
46,73-2,67759.25,"(26, 47)",taxation,6,0.25,False,True,False
46,56-2,64547.75,"(8, 18)",taxation,6,0.25,False,True,False
46,182-2,67748.25,"(13, 30)",taxation,6,0.25,False,True,False
46,71-2,70967.25,"(44, 5)",taxation,6,0.25,False,True,False
46,91-2,70956.75,"(4, 18)",taxation,6,0.25,False,True,False
46,226-2,64524.75,"(41, 34)",taxation,6,0.25,False,True,False
46,225-2,67728.75,"(22, 41)",taxation,6,0.25,False,True,False
46,148-2,51666.25,"(22, 40)",taxation,6,0.25,False,True,False
46,16-2,74182.5,"(24, 11)",taxation,6,0.25,False,True,False
46,111-2,70956.25,"(25, 6)",taxation,6,0.25,False,True,False
46,134-2,64545.0,"(44, 6)",taxation,6,0.25,False,True,False
46,168-2,70969.5,"(26, 39)",taxation,6,0.25,False,True,False
46,106-2,61336.75,"(43, 6)",taxation,6,0.25,False,True,False
46,162-2,67748.5,"(40, 21)",taxation,6,0.25,False,True,False
46,214-2,42016.0,"(46, 5)",taxation,6,0.25,False,True,False
46,110-2,74164.0,"(11, 30)",taxation,6,0.25,False,True,False
46,95-2,74163.5,"(38, 12)",taxation,6,0.25,False,True,False
46,122-2,54888.25,"(26, 48)",taxation,6,0.25,False,True,False
46,231-2,42030.75,"(3, 21)",taxation,6,0.25,False,True,False
46,100-2,64529.75,"(22, 8)",taxation,6,0.25,False,True,False
46,141-2,51675.5,"(8, 31)",taxation,6,0.25,False,True,False
46,165-2,77388.0,"(20, 0)",taxation,6,0.25,False,True,False
46,186-2,61324.25,"(23, 11)",taxation,6,0.25,False,True,False
46,201-2,45224.25,"(21, 0)",taxation,6,0.25,False,True,False
46,21-2,61319.25,"(38, 37)",taxation,6,0.25,False,True,False
46,183-2,45240.75,"(46, 34)",taxation,6,0.25,False,True,False
46,203-2,77366.25,"(28, 4)",taxation,6,0.25,False,True,False
46,32-2,70941.75,"(26, 3)",taxation,6,0.25,False,True,False
46,115-2,70943.75,"(22, 0)",taxation,6,0.25,False,True,False
46,169-2,51672.0,"(46, 35)",taxation,6,0.25,False,True,False
46,78-2,61311.25,"(6, 23)",taxation,6,0.25,False,True,False
46,137-2,58089.5,"(25, 9)",taxation,6,0.25,False,True,False
46,55-2,70940.25,"(7, 26)",taxation,6,0.25,False,True,False
46,112-2,70951.5,"(5, 28)",taxation,6,0.25,False,True,False
46,193-2,58106.5,"(25, 4)",taxation,6,0.25,False,True,False
46,50-2,74160.5,"(49, 34)",taxation,6,0.25,False,True,False
46,53-2,42018.25,"(4, 17)",taxation,6,0.25,False,True,False
46,5-2,29146.5,"(40, 22)",taxation,6,0.25,False,True,False
46,247-2,58099.0,"(5, 16)",taxation,6,0.25,False,True,False
46,147-2,64518.75,"(46, 3)",taxation,6,0.25,False,True,False
46,145-2,67739.0,"(29, 47)",taxation,6,0.25,False,True,False
46,207-2,51644.75,"(21, 3)",taxation,6,0.25,False,True,False
46,120-2,74138.0,"(7, 17)",taxation,6,0.25,False,True,False
46,125-2,70951.0,"(7, 24)",taxation,6,0.25,False,True,False
46,41-2,70964.0,"(3, 17)",taxation,6,0.25,False,True,False
46,209-2,74162.5,"(49, 4)",taxation,6,0.25,False,True,False
46,113-2,67714.75,"(21, 8)",taxation,6,0.25,False,True,False
46,68-2,54881.75,"(6, 17)",taxation,6,0.25,False,True,False
46,161-2,54871.0,"(8, 22)",taxation,6,0.25,False,True,False
46,175-2,54870.5,"(48, 5)",taxation,6,0.25,False,True,False
46,85-2,58088.0,"(39, 36)",taxation,6,0.25,False,True,False
46,234-2,67701.5,"(4, 33)",taxation,6,0.25,False,True,False
46,45-2,67727.75,"(7, 16)",taxation,6,0.25,False,True,False
46,196-2,45233.0,"(7, 22)",taxation,6,0.25,False,True,False
46,174-2,70938.5,"(24, 3)",taxation,6,0.25,False,True,False
46,103-2,64498.5,"(23, 2)",taxation,6,0.25,False,True,False
46,33-2,51668.25,"(16, 0)",taxation,6,0.25,False,True,False
46,19-2,67723.0,"(7, 19)",taxation,6,0.25,False,True,False
46,130-2,70935.5,"(43, 31)",taxation,6,0.25,False,True,False
46,155-2,67735.25,"(25, 41)",taxation,6,0.25,False,True,False
46,86-2,64514.0,"(29, 46)",taxation,6,0.25,False,True,False
46,164-2,67728.25,"(20, 1)",taxation,6,0.25,False,True,False
46,2-2,64507.75,"(26, 49)",taxation,6,0.25,False,True,False
46,11-2,51619.25,"(1, 34)",taxation,6,0.25,False,True,False
46,202-2,74135.0,"(25, 3)",taxation,6,0.25,False,True,False
46,121-2,64524.0,"(10, 22)",taxation,6,0.25,False,True,False
46,163-2,77358.0,"(9, 28)",taxation,6,0.25,False,True,False
46,18-2,74151.75,"(43, 17)",taxation,6,0.25,False,True,False
46,132-2,70918.75,"(34, 36)",taxation,6,0.25,False,True,False
46,160-2,58082.0,"(6, 24)",taxation,6,0.25,False,True,False
46,221-2,61288.5,"(18, 0)",taxation,6,0.25,False,True,False
46,90-2,58087.5,"(40, 10)",taxation,6,0.25,False,True,False
46,64-2,64499.0,"(46, 6)",taxation,6,0.25,False,True,False
46,102-2,45209.5,"(23, 43)",taxation,6,0.25,False,True,False
46,188-2,64511.5,"(28, 49)",taxation,6,0.25,False,True,False
46,92-2,70916.0,"(11, 31)",taxation,6,0.25,False,True,False
46,96-2,74147.5,"(9, 26)",taxation,6,0.25,False,True,False
46,107-2,70923.5,"(48, 35)",taxation,6,0.25,False,True,False
46,80-2,70919.5,"(18, 1)",taxation,6,0.25,False,True,False
46,237-2,51631.75,"(29, 48)",taxation,6,0.25,False,True,False
46,13-2,61289.25,"(7, 27)",taxation,6,0.25,False,True,False
46,104-2,61304.5,"(17, 0)",taxation,6,0.25,False,True,False
46,27-2,58063.75,"(19, 1)",taxation,6,0.25,False,True,False
46,248-2,64499.25,"(17, 2)",taxation,6,0.25,False,True,False
46,48-2,67692.0,"(16, 2)",taxation,6,0.25,False,True,False
46,57-2,58062.25,"(49, 32)",taxation,6,0.25,False,True,False
46,184-2,64484.25,"(5, 17)",taxation,6,0.25,False,True,False
46,30-2,74136.25,"(7, 31)",taxation,6,0.25,False,True,False
46,108-2,35553.25,"(1, 30)",taxation,6,0.25,False,True,False
46,166-2,61289.25,"(16, 1)",taxation,6,0.25,False,True,False
47,3,51686.0,"(2, 28)",taxation,6,0.25,False,True,False
47,7,64564.0,"(13, 26)",taxation,6,0.25,False,True,False
47,8,86021.0,"(11, 22)",taxation,6,0.25,False,True,False
47,9,73163.0,"(2, 24)",taxation,6,0.25,False,True,False
47,12,81704.0,"(49, 2)",taxation,6,0.25,False,True,False
47,14,21704.0,"(0, 20)",taxation,6,0.25,False,True,False
47,15,77441.0,"(44, 28)",taxation,6,0.25,False,True,False
47,20,81705.0,"(26, 2)",taxation,6,0.25,False,True,False
47,24,68866.0,"(28, 10)",taxation,6,0.25,False,True,False
47,26,68855.0,"(42, 33)",taxation,6,0.25,False,True,False
47,29,86000.0,"(4, 27)",taxation,6,0.25,False,True,False
47,34,77427.0,"(19, 46)",taxation,6,0.25,False,True,False
47,35,86005.0,"(0, 27)",taxation,6,0.25,False,True,False
47,36,64558.0,"(13, 21)",taxation,6,0.25,False,True,False
47,37,90297.0,"(38, 15)",taxation,6,0.25,False,True,False
47,39,60270.0,"(8, 20)",taxation,6,0.25,False,True,False
47,43,86000.0,"(40, 18)",taxation,6,0.25,False,True,False
47,44,56005.0,"(27, 1)",taxation,6,0.25,False,True,False
47,46,60282.0,"(9, 23)",taxation,6,0.25,False,True,False
47,47,60288.0,"(3, 23)",taxation,6,0.25,False,True,False
47,49,81722.0,"(0, 26)",taxation,6,0.25,False,True,False
47,52,64567.0,"(38, 31)",taxation,6,0.25,False,True,False
47,58,90243.0,"(3, 28)",taxation,6,0.25,False,True,False
47,59,77408.0,"(0, 33)",taxation,6,0.25,False,True,False
47,60,90278.0,"(44, 33)",taxation,6,0.25,False,True,False
47,61,103134.0,"(18, 40)",taxation,6,0.25,False,True,False
47,62,86006.0,"(0, 28)",taxation,6,0.25,False,True,False
47,65,98835.0,"(39, 31)",taxation,6,0.25,False,True,False
47,66,94567.0,"(39, 24)",taxation,6,0.25,False,True,False
47,67,64565.0,"(0, 25)",taxation,6,0.25,False,True,False
47,69,94581.0,"(0, 22)",taxation,6,0.25,False,True,False
47,70,90298.0,"(3, 24)",taxation,6,0.25,False,True,False
47,72,98836.0,"(28, 37)",taxation,6,0.25,False,True,False
47,77,73128.0,"(22, 49)",taxation,6,0.25,False,True,False
47,79,81708.0,"(3, 20)",taxation,6,0.25,False,True,False
47,81,81740.0,"(47, 2)",taxation,6,0.25,False,True,False
47,82,90275.0,"(1, 27)",taxation,6,0.25,False,True,False
47,84,86009.0,"(13, 25)",taxation,6,0.25,False,True,False
47,87,85975.0,"(14, 26)",taxation,6,0.25,False,True,False
47,88,85997.0,"(40, 26)",taxation,6,0.25,False,True,False
47,89,90298.0,"(19, 43)",taxation,6,0.25,False,True,False
47,93,38836.0,"(29, 37)",taxation,6,0.25,False,True,False
47,97,68831.0,"(42, 31)",taxation,6,0.25,False,True,False
47,99,81689.0,"(38, 30)",taxation,6,0.25,False,True,False
47,101,86019.0,"(29, 8)",taxation,6,0.25,False,True,False
47,105,77422.0,"(14, 21)",taxation,6,0.25,False,True,False
47,109,86014.0,"(29, 9)",taxation,6,0.25,False,True,False
47,114,98850.0,"(44, 22)",taxation,6,0.25,False,True,False
47,116,94587.0,"(36, 30)",taxation,6,0.25,False,True,False
47,117,77429.0,"(37, 34)",taxation,6,0.25,False,True,False
47,118,94567.0,"(42, 10)",taxation,6,0.25,False,True,False
47,119,86004.0,"(3, 22)",taxation,6,0.25,False,True,False
47,123,98860.0,"(37, 24)",taxation,6,0.25,False,True,False
47,124,81708.0,"(25, 0)",taxation,6,0.25,False,True,False
47,126,85970.0,"(39, 29)",taxation,6,0.25,False,True,False
47,127,90268.0,"(28, 7)",taxation,6,0.25,False,True,False
47,128,94571.0,"(29, 11)",taxation,6,0.25,False,True,False
47,129,81727.0,"(31, 7)",taxation,6,0.25,False,True,False
47,131,86002.0,"(15, 31)",taxation,6,0.25,False,True,False
47,135,85996.0,"(4, 24)",taxation,6,0.25,False,True,False
47,136,68849.0,"(12, 19)",taxation,6,0.25,False,True,False
47,138,90272.0,"(39, 22)",taxation,6,0.25,False,True,False
47,143,85980.0,"(2, 27)",taxation,6,0.25,False,True,False
47,150,73121.0,"(35, 32)",taxation,6,0.25,False,True,False
47,151,68844.0,"(37, 31)",taxation,6,0.25,False,True,False
47,152,90291.0,"(21, 47)",taxation,6,0.25,False,True,False
47,153,43107.0,"(21, 40)",taxation,6,0.25,False,True,False
47,157,81704.0,"(2, 20)",taxation,6,0.25,False,True,False
47,159,68861.0,"(41, 18)",taxation,6,0.25,False,True,False
47,171,86024.0,"(26, 42)",taxation,6,0.25,False,True,False
47,177,86022.0,"(42, 24)",taxation,6,0.25,False,True,False
47,178,94575.0,"(40, 24)",taxation,6,0.25,False,True,False
47,181,85987.00000000001,"(37, 23)",taxation,6,0.25,False,True,False
47,185,85992.0,"(41, 33)",taxation,6,0.25,False,True,False
47,190,86018.0,"(1, 21)",taxation,6,0.25,False,True,False
47,191,98830.0,"(40, 20)",taxation,6,0.25,False,True,False
47,192,77444.0,"(39, 19)",taxation,6,0.25,False,True,False
47,194,77444.0,"(11, 23)",taxation,6,0.25,False,True,False
47,195,38828.0,"(41, 20)",taxation,6,0.25,False,True,False
47,197,68834.0,"(0, 23)",taxation,6,0.25,False,True,False
47,199,98817.0,"(20, 3)",taxation,6,0.25,False,True,False
47,200,81713.0,"(0, 18)",taxation,6,0.25,False,True,False
47,204,94565.0,"(38, 29)",taxation,6,0.25,False,True,False
47,210,103126.0,"(5, 27)",taxation,6,0.25,False,True,False
47,211,55984.0,"(39, 27)",taxation,6,0.25,False,True,False
47,213,86012.0,"(4, 26)",taxation,6,0.25,False,True,False
47,215,94565.0,"(25, 13)",taxation,6,0.25,False,True,False
47,216,94573.0,"(4, 22)",taxation,6,0.25,False,True,False
47,217,51706.0,"(20, 39)",taxation,6,0.25,False,True,False
47,218,98865.0,"(26, 38)",taxation,6,0.25,False,True,False
47,220,94556.0,"(38, 35)",taxation,6,0.25,False,True,False
47,222,86010.0,"(25, 38)",taxation,6,0.25,False,True,False
47,223,60260.0,"(1, 19)",taxation,6,0.25,False,True,False
47,224,73145.0,"(42, 22)",taxation,6,0.25,False,True,False
47,227,94556.0,"(39, 28)",taxation,6,0.25,False,True,False
47,229,94591.0,"(24, 39)",taxation,6,0.25,False,True,False
47,230,68858.0,"(19, 40)",taxation,6,0.25,False,True,False
47,232,51699.0,"(1, 26)",taxation,6,0.25,False,True,False
47,235,86005.0,"(3, 19)",taxation,6,0.25,False,True,False
47,236,85987.0,"(24, 12)",taxation,6,0.25,False,True,False
47,238,86011.0,"(31, 36)",taxation,6,0.25,False,True,False
47,239,85993.0,"(0, 21)",taxation,6,0.25,False,True,False
47,243,81713.0,"(28, 9)",taxation,6,0.25,False,True,False
47,244,98863.0,"(20, 38)",taxation,6,0.25,False,True,False
47,245,94570.0,"(24, 38)",taxation,6,0.25,False,True,False
47,219-2,75262.0,"(24, 2)",taxation,6,0.25,False,True,False
47,158-2,62408.0,"(41, 26)",taxation,6,0.25,False,True,False
47,139-2,77417.25,"(39, 32)",taxation,6,0.25,False,True,False
47,179-2,56017.5,"(43, 26)",taxation,6,0.25,False,True,False
47,28-2,59238.25,"(30, 3)",taxation,6,0.25,False,True,False
47,187-2,34555.0,"(44, 27)",taxation,6,0.25,False,True,False
47,146-2,25997.0,"(39, 25)",taxation,6,0.25,False,True,False
47,94-2,21711.0,"(1, 25)",taxation,6,0.25,False,True,False
47,154-2,30285.0,"(2, 19)",taxation,6,0.25,False,True,False
47,173-2,17418.0,"(21, 49)",taxation,6,0.25,False,True,False
47,240-2,21684.0,"(40, 29)",taxation,6,0.25,False,True,False
47,246-2,64567.0,"(14, 25)",taxation,6,0.25,False,True,False
47,98-2,34581.0,"(42, 34)",taxation,6,0.25,False,True,False
47,140-2,318.0,"(22, 47)",taxation,6,0.25,False,True,False
47,176-2,297.0,"(29, 10)",taxation,6,0.25,False,True,False
47,208-2,68844.25,"(25, 16)",taxation,6,0.25,False,True,False
47,170-2,59214.75,"(8, 23)",taxation,6,0.25,False,True,False
47,1-2,49551.25,"(2, 26)",taxation,6,0.25,False,True,False
47,23-2,69938.0,"(41, 4)",taxation,6,0.25,False,True,False
47,17-2,70984.5,"(41, 23)",taxation,6,0.25,False,True,False
47,31-2,77399.5,"(39, 26)",taxation,6,0.25,False,True,False
47,228-2,50639.0,"(30, 36)",taxation,6,0.25,False,True,False
47,149-2,58156.0,"(22, 44)",taxation,6,0.25,False,True,False
47,206-2,65641.25,"(24, 37)",taxation,6,0.25,False,True,False
47,242-2,29197.25,"(40, 25)",taxation,6,0.25,False,True,False
47,75-2,61357.0,"(12, 26)",taxation,6,0.25,False,True,False
47,74-2,75278.0,"(31, 2)",taxation,6,0.25,False,True,False
47,241-2,61340.5,"(39, 30)",taxation,6,0.25,False,True,False
47,42-2,48496.5,"(10, 28)",taxation,6,0.25,False,True,False
47,142-2,42037.75,"(48, 3)",taxation,6,0.25,False,True,False
47,172-2,70975.75,"(24, 16)",taxation,6,0.25,False,True,False
47,167-2,67779.75,"(40, 28)",taxation,6,0.25,False,True,False
47,38-2,67782.5,"(27, 40)",taxation,6,0.25,False,True,False
47,198-2,61354.5,"(18, 43)",taxation,6,0.25,False,True,False
47,0-2,45276.25,"(24, 15)",taxation,6,0.25,False,True,False
47,6-2,74198.0,"(23, 40)",taxation,6,0.25,False,True,False
47,76-2,64572.750000000015,"(21, 45)",taxation,6,0.25,False,True,False
47,144-2,64565.5,"(17, 44)",taxation,6,0.25,False,True,False
47,25-2,58128.0,"(13, 27)",taxation,6,0.25,False,True,False
47,40-2,71000.0,"(16, 25)",taxation,6,0.25,False,True,False
47,10-2,67751.25,"(46, 26)",taxation,6,0.25,False,True,False
47,180-2,64578.25,"(2, 23)",taxation,6,0.25,False,True,False
47,212-2,67745.75,"(38, 34)",taxation,6,0.25,False,True,False
47,63-2,61322.75,"(28, 2)",taxation,6,0.25,False,True,False
47,189-2,58121.5,"(16, 24)",taxation,6,0.25,False,True,False
47,54-2,64559.25,"(26, 9)",taxation,6,0.25,False,True,False
47,4-2,48464.25,"(26, 16)",taxation,6,0.25,False,True,False
47,83-2,70975.75,"(28, 6)",taxation,6,0.25,False,True,False
47,249-2,67767.0,"(21, 48)",taxation,6,0.25,False,True,False
47,22-2,74190.0,"(16, 23)",taxation,6,0.25,False,True,False
47,205-2,32403.75,"(30, 10)",taxation,6,0.25,False,True,False
47,156-2,48478.5,"(2, 22)",taxation,6,0.25,False,True,False
47,51-2,67751.5,"(24, 42)",taxation,6,0.25,False,True,False
47,133-2,58112.0,"(24, 47)",taxation,6,0.25,False,True,False
47,73-2,67767.25,"(20, 47)",taxation,6,0.25,False,True,False
47,56-2,64551.75,"(13, 23)",taxation,6,0.25,False,True,False
47,182-2,67755.25,"(12, 29)",taxation,6,0.25,False,True,False
47,71-2,70975.25,"(44, 4)",taxation,6,0.25,False,True,False
47,91-2,70964.75,"(5, 24)",taxation,6,0.25,False,True,False
47,226-2,64531.75,"(35, 34)",taxation,6,0.25,False,True,False
47,225-2,67735.75,"(22, 38)",taxation,6,0.25,False,True,False
47,148-2,51674.25,"(22, 39)",taxation,6,0.25,False,True,False
47,16-2,74190.5,"(27, 13)",taxation,6,0.25,False,True,False
47,111-2,70964.25,"(29, 7)",taxation,6,0.25,False,True,False
47,134-2,64553.0,"(41, 7)",taxation,6,0.25,False,True,False
47,168-2,70977.5,"(25, 39)",taxation,6,0.25,False,True,False
47,106-2,61344.75,"(40, 8)",taxation,6,0.25,False,True,False
47,162-2,67755.5,"(38, 20)",taxation,6,0.25,False,True,False
47,214-2,42024.0,"(47, 3)",taxation,6,0.25,False,True,False
47,110-2,74172.0,"(12, 25)",taxation,6,0.25,False,True,False
47,95-2,74171.5,"(40, 12)",taxation,6,0.25,False,True,False
47,122-2,54896.25,"(22, 48)",taxation,6,0.25,False,True,False
47,231-2,42039.75,"(2, 21)",taxation,6,0.25,False,True,False
47,100-2,64537.75,"(28, 8)",taxation,6,0.25,False,True,False
47,141-2,51683.5,"(3, 27)",taxation,6,0.25,False,True,False
47,165-2,77392.0,"(25, 2)",taxation,6,0.25,False,True,False
47,186-2,61332.25,"(28, 13)",taxation,6,0.25,False,True,False
47,201-2,45228.25,"(26, 0)",taxation,6,0.25,False,True,False
47,21-2,61327.25,"(36, 35)",taxation,6,0.25,False,True,False
47,183-2,45242.75,"(41, 35)",taxation,6,0.25,False,True,False
47,203-2,77374.25,"(29, 3)",taxation,6,0.25,False,True,False
47,32-2,70949.75,"(30, 4)",taxation,6,0.25,False,True,False
47,115-2,70948.75,"(28, 0)",taxation,6,0.25,False,True,False
47,169-2,51680.0,"(40, 30)",taxation,6,0.25,False,True,False
47,78-2,61320.25,"(1, 23)",taxation,6,0.25,False,True,False
47,137-2,58097.5,"(27, 10)",taxation,6,0.25,False,True,False
47,55-2,70949.25,"(4, 23)",taxation,6,0.25,False,True,False
47,112-2,70960.5,"(0, 24)",taxation,6,0.25,False,True,False
47,193-2,58114.5,"(31, 4)",taxation,6,0.25,False,True,False
47,50-2,74161.5,"(47, 33)",taxation,6,0.25,False,True,False
47,53-2,42027.25,"(2, 18)",taxation,6,0.25,False,True,False
47,5-2,29154.5,"(38, 16)",taxation,6,0.25,False,True,False
47,247-2,58108.0,"(2, 17)",taxation,6,0.25,False,True,False
47,147-2,64526.75,"(46, 2)",taxation,6,0.25,False,True,False
47,145-2,67742.0,"(25, 46)",taxation,6,0.25,False,True,False
47,207-2,51648.75,"(27, 4)",taxation,6,0.25,False,True,False
47,120-2,74146.0,"(3, 18)",taxation,6,0.25,False,True,False
47,125-2,70959.0,"(7, 23)",taxation,6,0.25,False,True,False
47,41-2,70971.0,"(5, 23)",taxation,6,0.25,False,True,False
47,209-2,74170.5,"(49, 3)",taxation,6,0.25,False,True,False
47,113-2,67719.75,"(26, 12)",taxation,6,0.25,False,True,False
47,68-2,54890.75,"(1, 20)",taxation,6,0.25,False,True,False
47,161-2,54879.0,"(2, 25)",taxation,6,0.25,False,True,False
47,175-2,54878.5,"(47, 4)",taxation,6,0.25,False,True,False
47,85-2,58095.0,"(38, 36)",taxation,6,0.25,False,True,False
47,234-2,67709.5,"(4, 28)",taxation,6,0.25,False,True,False
47,45-2,67730.75,"(13, 18)",taxation,6,0.25,False,True,False
47,196-2,45240.0,"(6, 25)",taxation,6,0.25,False,True,False
47,174-2,70945.5,"(29, 2)",taxation,6,0.25,False,True,False
47,103-2,64506.5,"(26, 1)",taxation,6,0.25,False,True,False
47,33-2,51670.25,"(19, 4)",taxation,6,0.25,False,True,False
47,19-2,67732.0,"(1, 18)",taxation,6,0.25,False,True,False
47,130-2,70942.5,"(38, 33)",taxation,6,0.25,False,True,False
47,155-2,67743.25,"(23, 38)",taxation,6,0.25,False,True,False
47,86-2,64522.0,"(24, 49)",taxation,6,0.25,False,True,False
47,164-2,67731.25,"(24, 1)",taxation,6,0.25,False,True,False
47,2-2,64512.75,"(20, 48)",taxation,6,0.25,False,True,False
47,11-2,51627.25,"(1, 28)",taxation,6,0.25,False,True,False
47,202-2,74143.0,"(28, 1)",taxation,6,0.25,False,True,False
47,121-2,64531.0,"(9, 24)",taxation,6,0.25,False,True,False
47,163-2,77366.0,"(11, 26)",taxation,6,0.25,False,True,False
47,18-2,74158.75,"(41, 17)",taxation,6,0.25,False,True,False
47,132-2,70925.75,"(33, 35)",taxation,6,0.25,False,True,False
47,160-2,58091.0,"(1, 22)",taxation,6,0.25,False,True,False
47,221-2,61291.5,"(24, 0)",taxation,6,0.25,False,True,False
47,90-2,58095.5,"(39, 9)",taxation,6,0.25,False,True,False
47,64-2,64507.0,"(45, 4)",taxation,6,0.25,False,True,False
47,102-2,45217.5,"(23, 39)",taxation,6,0.25,False,True,False
47,188-2,64515.5,"(22, 46)",taxation,6,0.25,False,True,False
47,92-2,70924.0,"(14, 27)",taxation,6,0.25,False,True,False
47,96-2,74155.5,"(9, 25)",taxation,6,0.25,False,True,False
47,107-2,70925.5,"(43, 34)",taxation,6,0.25,False,True,False
47,80-2,70922.5,"(23, 1)",taxation,6,0.25,False,True,False
47,237-2,51635.75,"(23, 49)",taxation,6,0.25,False,True,False
47,13-2,61297.25,"(5, 25)",taxation,6,0.25,False,True,False
47,104-2,61307.5,"(23, 0)",taxation,6,0.25,False,True,False
47,27-2,58067.75,"(25, 1)",taxation,6,0.25,False,True,False
47,248-2,64501.25,"(17, 5)",taxation,6,0.25,False,True,False
47,48-2,67694.0,"(18, 4)",taxation,6,0.25,False,True,False
47,57-2,58064.25,"(45, 26)",taxation,6,0.25,False,True,False
47,184-2,64493.25,"(0, 19)",taxation,6,0.25,False,True,False
47,30-2,74144.25,"(3, 26)",taxation,6,0.25,False,True,False
47,108-2,35562.25,"(1, 24)",taxation,6,0.25,False,True,False
47,166-2,61291.25,"(18, 5)",taxation,6,0.25,False,True,False
47,233-2,61280.25,"(40, 19)",taxation,6,0.25,False,True,False
48,3,51694.0,"(1, 33)",taxation,6,0.25,False,True,False
48,7,64572.0,"(16, 32)",taxation,6,0.25,False,True,False
48,8,86029.0,"(11, 28)",taxation,6,0.25,False,True,False
48,9,73165.0,"(8, 30)",taxation,6,0.25,False,True,False
48,12,81713.0,"(49, 1)",taxation,6,0.25,False,True,False
48,14,21705.0,"(4, 20)",taxation,6,0.25,False,True,False
48,15,77445.0,"(43, 23)",taxation,6,0.25,False,True,False
48,20,81714.0,"(32, 7)",taxation,6,0.25,False,True,False
48,24,68875.0,"(29, 12)",taxation,6,0.25,False,True,False
48,26,68859.0,"(36, 33)",taxation,6,0.25,False,True,False
48,29,86008.0,"(4, 30)",taxation,6,0.25,False,True,False
48,34,77435.0,"(13, 46)",taxation,6,0.25,False,True,False
48,35,86013.0,"(1, 32)",taxation,6,0.25,False,True,False
48,36,64565.0,"(16, 26)",taxation,6,0.25,False,True,False
48,37,90306.0,"(33, 10)",taxation,6,0.25,False,True,False
48,39,60275.0,"(14, 23)",taxation,6,0.25,False,True,False
48,43,86008.0,"(37, 14)",taxation,6,0.25,False,True,False
48,44,56013.0,"(33, 2)",taxation,6,0.25,False,True,False
48,46,60289.0,"(14, 28)",taxation,6,0.25,False,True,False
48,47,60290.0,"(8, 24)",taxation,6,0.25,False,True,False
48,49,81724.0,"(5, 31)",taxation,6,0.25,False,True,False
48,52,64572.0,"(33, 30)",taxation,6,0.25,False,True,False
48,58,90251.0,"(2, 31)",taxation,6,0.25,False,True,False
48,59,77416.0,"(0, 32)",taxation,6,0.25,False,True,False
48,60,90282.0,"(38, 28)",taxation,6,0.25,False,True,False
48,61,103142.0,"(17, 40)",taxation,6,0.25,False,True,False
48,62,86014.0,"(0, 31)",taxation,6,0.25,False,True,False
48,65,98843.0,"(35, 29)",taxation,6,0.25,False,True,False
48,66,94575.0,"(36, 21)",taxation,6,0.25,False,True,False
48,67,64567.0,"(3, 31)",taxation,6,0.25,False,True,False
48,70,90300.0,"(9, 21)",taxation,6,0.25,False,True,False
48,72,98843.0,"(28, 38)",taxation,6,0.25,False,True,False
48,77,73135.0,"(18, 48)",taxation,6,0.25,False,True,False
48,79,81710.0,"(9, 20)",taxation,6,0.25,False,True,False
48,81,81749.0,"(48, 1)",taxation,6,0.25,False,True,False
48,82,90283.0,"(2, 32)",taxation,6,0.25,False,True,False
48,84,86017.0,"(13, 28)",taxation,6,0.25,False,True,False
48,87,85983.0,"(16, 28)",taxation,6,0.25,False,True,False
48,88,86004.0,"(34, 20)",taxation,6,0.25,False,True,False
48,89,90306.0,"(15, 43)",taxation,6,0.25,False,True,False
48,93,38843.0,"(27, 35)",taxation,6,0.25,False,True,False
48,97,68835.0,"(37, 29)",taxation,6,0.25,False,True,False
48,99,81696.0,"(35, 26)",taxation,6,0.25,False,True,False
48,101,86027.0,"(33, 8)",taxation,6,0.25,False,True,False
48,105,77429.0,"(19, 22)",taxation,6,0.25,False,True,False
48,114,98857.0,"(41, 16)",taxation,6,0.25,False,True,False
48,116,94594.0,"(31, 29)",taxation,6,0.25,False,True,False
48,117,77434.0,"(32, 34)",taxation,6,0.25,False,True,False
48,118,94575.0,"(40, 9)",taxation,6,0.25,False,True,False
48,119,86006.0,"(8, 21)",taxation,6,0.25,False,True,False
48,123,98868.0,"(36, 18)",taxation,6,0.25,False,True,False
48,124,81715.0,"(30, 2)",taxation,6,0.25,False,True,False
48,126,85978.0,"(34, 31)",taxation,6,0.25,False,True,False
48,127,90277.0,"(31, 11)",taxation,6,0.25,False,True,False
48,128,94579.0,"(33, 11)",taxation,6,0.25,False,True,False
48,129,81735.0,"(33, 7)",taxation,6,0.25,False,True,False
48,131,86010.0,"(16, 31)",taxation,6,0.25,False,True,False
48,135,85999.0,"(10, 21)",taxation,6,0.25,False,True,False
48,136,68856.0,"(15, 23)",taxation,6,0.25,False,True,False
48,138,90279.0,"(41, 19)",taxation,6,0.25,False,True,False
48,143,85988.0,"(2, 33)",taxation,6,0.25,False,True,False
48,150,73129.0,"(35, 31)",taxation,6,0.25,False,True,False
48,151,68851.0,"(31, 30)",taxation,6,0.25,False,True,False
48,152,90299.0,"(17, 46)",taxation,6,0.25,False,True,False
48,153,43115.0,"(19, 38)",taxation,6,0.25,False,True,False
48,157,81706.0,"(8, 16)",taxation,6,0.25,False,True,False
48,159,68869.0,"(35, 12)",taxation,6,0.25,False,True,False
48,171,86031.0,"(27, 38)",taxation,6,0.25,False,True,False
48,177,86028.0,"(44, 18)",taxation,6,0.25,False,True,False
48,178,94583.0,"(36, 22)",taxation,6,0.25,False,True,False
48,181,85995.00000000001,"(37, 17)",taxation,6,0.25,False,True,False
48,185,86000.0,"(35, 30)",taxation,6,0.25,False,True,False
48,190,86020.0,"(7, 15)",taxation,6,0.25,False,True,False
48,191,98838.0,"(38, 17)",taxation,6,0.25,False,True,False
48,192,77452.0,"(37, 19)",taxation,6,0.25,False,True,False
48,194,77450.0,"(15, 21)",taxation,6,0.25,False,True,False
48,195,38835.0,"(42, 17)",taxation,6,0.25,False,True,False
48,197,68836.0,"(6, 29)",taxation,6,0.25,False,True,False
48,199,98822.0,"(26, 8)",taxation,6,0.25,False,True,False
48,200,81714.0,"(4, 17)",taxation,6,0.25,False,True,False
48,204,94572.0,"(32, 23)",taxation,6,0.25,False,True,False
48,210,103134.0,"(5, 30)",taxation,6,0.25,False,True,False
48,211,55992.0,"(35, 25)",taxation,6,0.25,False,True,False
48,213,86020.0,"(1, 31)",taxation,6,0.25,False,True,False
48,215,94572.0,"(29, 13)",taxation,6,0.25,False,True,False
48,216,94575.0,"(10, 20)",taxation,6,0.25,False,True,False
48,217,51714.0,"(18, 38)",taxation,6,0.25,False,True,False
48,218,98873.0,"(25, 37)",taxation,6,0.25,False,True,False
48,220,94564.0,"(33, 33)",taxation,6,0.25,False,True,False
48,222,86018.0,"(25, 36)",taxation,6,0.25,False,True,False
48,223,60262.0,"(7, 20)",taxation,6,0.25,False,True,False
48,224,73153.0,"(37, 18)",taxation,6,0.25,False,True,False
48,227,94564.0,"(33, 32)",taxation,6,0.25,False,True,False
48,230,68866.0,"(18, 39)",taxation,6,0.25,False,True,False
48,232,51701.0,"(5, 32)",taxation,6,0.25,False,True,False
48,238,86019.0,"(31, 35)",taxation,6,0.25,False,True,False
48,239,85994.0,"(4, 21)",taxation,6,0.25,False,True,False
48,243,81722.0,"(31, 12)",taxation,6,0.25,False,True,False
48,244,98871.0,"(19, 36)",taxation,6,0.25,False,True,False
48,245,94578.0,"(20, 36)",taxation,6,0.25,False,True,False
48,219-2,75268.0,"(29, 0)",taxation,6,0.25,False,True,False
48,158-2,62414.0,"(36, 20)",taxation,6,0.25,False,True,False
48,139-2,77422.25,"(33, 29)",taxation,6,0.25,False,True,False
48,179-2,56022.5,"(43, 20)",taxation,6,0.25,False,True,False
48,28-2,59246.25,"(36, 3)",taxation,6,0.25,False,True,False
48,187-2,34559.0,"(43, 22)",taxation,6,0.25,False,True,False
48,146-2,26005.0,"(36, 25)",taxation,6,0.25,False,True,False
48,94-2,21719.0,"(0, 30)",taxation,6,0.25,False,True,False
48,154-2,30287.0,"(8, 17)",taxation,6,0.25,False,True,False
48,173-2,17426.0,"(16, 47)",taxation,6,0.25,False,True,False
48,240-2,21689.0,"(34, 26)",taxation,6,0.25,False,True,False
48,246-2,64575.0,"(17, 26)",taxation,6,0.25,False,True,False
48,98-2,34585.0,"(37, 33)",taxation,6,0.25,False,True,False
48,140-2,326.0,"(17, 47)",taxation,6,0.25,False,True,False
48,176-2,306.0,"(30, 11)",taxation,6,0.25,False,True,False
48,208-2,68851.25,"(27, 18)",taxation,6,0.25,False,True,False
48,170-2,59221.75,"(10, 29)",taxation,6,0.25,False,True,False
48,1-2,49553.25,"(6, 31)",taxation,6,0.25,False,True,False
48,23-2,69947.0,"(42, 1)",taxation,6,0.25,False,True,False
48,17-2,70991.5,"(40, 17)",taxation,6,0.25,False,True,False
48,31-2,77407.5,"(36, 24)",taxation,6,0.25,False,True,False
48,228-2,50646.0,"(28, 35)",taxation,6,0.25,False,True,False
48,149-2,58164.0,"(16, 45)",taxation,6,0.25,False,True,False
48,206-2,65649.25,"(26, 36)",taxation,6,0.25,False,True,False
48,242-2,29205.25,"(35, 21)",taxation,6,0.25,False,True,False
48,75-2,61365.0,"(17, 30)",taxation,6,0.25,False,True,False
48,74-2,75287.0,"(35, 5)",taxation,6,0.25,False,True,False
48,241-2,61345.5,"(35, 28)",taxation,6,0.25,False,True,False
48,42-2,48504.5,"(10, 33)",taxation,6,0.25,False,True,False
48,142-2,42045.75,"(47, 1)",taxation,6,0.25,False,True,False
48,172-2,70982.75,"(28, 17)",taxation,6,0.25,False,True,False
48,167-2,67784.75,"(36, 23)",taxation,6,0.25,False,True,False
48,38-2,67789.5,"(24, 35)",taxation,6,0.25,False,True,False
48,198-2,61362.5,"(16, 43)",taxation,6,0.25,False,True,False
48,0-2,45283.25,"(26, 18)",taxation,6,0.25,False,True,False
48,6-2,74206.0,"(23, 37)",taxation,6,0.25,False,True,False
48,76-2,64580.750000000015,"(18, 46)",taxation,6,0.25,False,True,False
48,144-2,64573.5,"(16, 44)",taxation,6,0.25,False,True,False
48,25-2,58136.0,"(16, 30)",taxation,6,0.25,False,True,False
48,40-2,71008.0,"(17, 29)",taxation,6,0.25,False,True,False
48,10-2,67756.25,"(45, 21)",taxation,6,0.25,False,True,False
48,180-2,64579.25,"(4, 25)",taxation,6,0.25,False,True,False
48,212-2,67753.75,"(35, 33)",taxation,6,0.25,False,True,False
48,63-2,61329.75,"(33, 1)",taxation,6,0.25,False,True,False
48,189-2,58129.5,"(17, 25)",taxation,6,0.25,False,True,False
48,54-2,64567.25,"(32, 8)",taxation,6,0.25,False,True,False
48,4-2,48472.25,"(30, 16)",taxation,6,0.25,False,True,False
48,83-2,70983.75,"(34, 10)",taxation,6,0.25,False,True,False
48,249-2,67775.0,"(15, 47)",taxation,6,0.25,False,True,False
48,22-2,74197.0,"(18, 24)",taxation,6,0.25,False,True,False
48,205-2,32412.75,"(31, 10)",taxation,6,0.25,False,True,False
48,156-2,48486.5,"(6, 26)",taxation,6,0.25,False,True,False
48,51-2,67759.5,"(19, 37)",taxation,6,0.25,False,True,False
48,133-2,58118.0,"(19, 49)",taxation,6,0.25,False,True,False
48,73-2,67775.25,"(16, 46)",taxation,6,0.25,False,True,False
48,56-2,64559.75,"(16, 29)",taxation,6,0.25,False,True,False
48,182-2,67763.25,"(15, 32)",taxation,6,0.25,False,True,False
48,71-2,70984.25,"(44, 1)",taxation,6,0.25,False,True,False
48,91-2,70967.75,"(11, 21)",taxation,6,0.25,False,True,False
48,226-2,64538.75,"(31, 33)",taxation,6,0.25,False,True,False
48,225-2,67743.75,"(22, 37)",taxation,6,0.25,False,True,False
48,148-2,51682.25,"(20, 37)",taxation,6,0.25,False,True,False
48,16-2,74198.5,"(32, 12)",taxation,6,0.25,False,True,False
48,111-2,70973.25,"(31, 9)",taxation,6,0.25,False,True,False
48,134-2,64562.0,"(43, 1)",taxation,6,0.25,False,True,False
48,168-2,70985.5,"(30, 35)",taxation,6,0.25,False,True,False
48,106-2,61352.75,"(40, 7)",taxation,6,0.25,False,True,False
48,162-2,67763.5,"(37, 20)",taxation,6,0.25,False,True,False
48,214-2,42033.0,"(42, 0)",taxation,6,0.25,False,True,False
48,110-2,74180.0,"(17, 27)",taxation,6,0.25,False,True,False
48,95-2,74179.5,"(40, 11)",taxation,6,0.25,False,True,False
48,122-2,54904.25,"(17, 45)",taxation,6,0.25,False,True,False
48,231-2,42040.75,"(4, 19)",taxation,6,0.25,False,True,False
48,100-2,64545.75,"(32, 11)",taxation,6,0.25,False,True,False
48,141-2,51691.5,"(3, 33)",taxation,6,0.25,False,True,False
48,165-2,77398.0,"(30, 1)",taxation,6,0.25,False,True,False
48,186-2,61341.25,"(29, 14)",taxation,6,0.25,False,True,False
48,201-2,45236.25,"(32, 2)",taxation,6,0.25,False,True,False
48,21-2,61335.25,"(34, 33)",taxation,6,0.25,False,True,False
48,183-2,45246.75,"(37, 35)",taxation,6,0.25,False,True,False
48,203-2,77383.25,"(34, 3)",taxation,6,0.25,False,True,False
48,32-2,70958.75,"(34, 7)",taxation,6,0.25,False,True,False
48,115-2,70957.75,"(34, 6)",taxation,6,0.25,False,True,False
48,169-2,51687.0,"(34, 32)",taxation,6,0.25,False,True,False
48,78-2,61322.25,"(7, 29)",taxation,6,0.25,False,True,False
48,137-2,58105.5,"(31, 13)",taxation,6,0.25,False,True,False
48,55-2,70952.25,"(10, 23)",taxation,6,0.25,False,True,False
48,112-2,70962.5,"(6, 30)",taxation,6,0.25,False,True,False
48,193-2,58122.5,"(35, 6)",taxation,6,0.25,False,True,False
48,50-2,74164.5,"(41, 30)",taxation,6,0.25,False,True,False
48,53-2,42029.25,"(8, 14)",taxation,6,0.25,False,True,False
48,5-2,29162.5,"(36, 14)",taxation,6,0.25,False,True,False
48,247-2,58110.0,"(8, 15)",taxation,6,0.25,False,True,False
48,147-2,64535.75,"(46, 1)",taxation,6,0.25,False,True,False
48,145-2,67748.0,"(19, 48)",taxation,6,0.25,False,True,False
48,207-2,51657.75,"(31, 8)",taxation,6,0.25,False,True,False
48,120-2,74149.0,"(9, 22)",taxation,6,0.25,False,True,False
48,125-2,70965.0,"(13, 29)",taxation,6,0.25,False,True,False
48,41-2,70974.0,"(11, 20)",taxation,6,0.25,False,True,False
48,209-2,74178.5,"(49, 0)",taxation,6,0.25,False,True,False
48,113-2,67727.75,"(31, 14)",taxation,6,0.25,False,True,False
48,68-2,54892.75,"(7, 21)",taxation,6,0.25,False,True,False
48,161-2,54881.0,"(8, 29)",taxation,6,0.25,False,True,False
48,175-2,54887.5,"(48, 2)",taxation,6,0.25,False,True,False
48,85-2,58102.0,"(33, 34)",taxation,6,0.25,False,True,False
48,234-2,67717.5,"(4, 32)",taxation,6,0.25,False,True,False
48,45-2,67737.75,"(18, 23)",taxation,6,0.25,False,True,False
48,196-2,45248.0,"(4, 31)",taxation,6,0.25,False,True,False
48,174-2,70953.5,"(35, 7)",taxation,6,0.25,False,True,False
48,103-2,64513.5,"(32, 1)",taxation,6,0.25,False,True,False
48,33-2,51674.25,"(21, 9)",taxation,6,0.25,False,True,False
48,19-2,67733.0,"(4, 18)",taxation,6,0.25,False,True,False
48,130-2,70947.5,"(34, 29)",taxation,6,0.25,False,True,False
48,155-2,67751.25,"(23, 36)",taxation,6,0.25,False,True,False
48,86-2,64529.0,"(19, 47)",taxation,6,0.25,False,True,False
48,164-2,67737.25,"(30, 7)",taxation,6,0.25,False,True,False
48,2-2,64520.75,"(18, 47)",taxation,6,0.25,False,True,False
48,11-2,51635.25,"(3, 32)",taxation,6,0.25,False,True,False
48,202-2,74151.0,"(32, 3)",taxation,6,0.25,False,True,False
48,121-2,64538.0,"(12, 28)",taxation,6,0.25,False,True,False
48,163-2,77374.0,"(14, 31)",taxation,6,0.25,False,True,False
48,18-2,74166.75,"(36, 11)",taxation,6,0.25,False,True,False
48,132-2,70932.75,"(31, 32)",taxation,6,0.25,False,True,False
48,160-2,58092.0,"(3, 25)",taxation,6,0.25,False,True,False
48,221-2,61297.5,"(30, 6)",taxation,6,0.25,False,True,False
48,90-2,58104.5,"(36, 6)",taxation,6,0.25,False,True,False
48,64-2,64516.0,"(44, 2)",taxation,6,0.25,False,True,False
48,102-2,45225.5,"(22, 36)",taxation,6,0.25,False,True,False
48,188-2,64523.5,"(16, 42)",taxation,6,0.25,False,True,False
48,92-2,70932.0,"(15, 28)",taxation,6,0.25,False,True,False
48,96-2,74162.5,"(14, 29)",taxation,6,0.25,False,True,False
48,107-2,70929.5,"(37, 36)",taxation,6,0.25,False,True,False
48,80-2,70927.5,"(28, 5)",taxation,6,0.25,False,True,False
48,237-2,51642.75,"(18, 49)",taxation,6,0.25,False,True,False
48,13-2,61305.25,"(3, 30)",taxation,6,0.25,False,True,False
48,104-2,61312.5,"(27, 0)",taxation,6,0.25,False,True,False
48,27-2,58075.75,"(29, 1)",taxation,6,0.25,False,True,False
48,248-2,64504.25,"(17, 6)",taxation,6,0.25,False,True,False
48,48-2,67698.0,"(24, 9)",taxation,6,0.25,False,True,False
48,57-2,58069.25,"(42, 21)",taxation,6,0.25,False,True,False
48,184-2,64494.25,"(3, 17)",taxation,6,0.25,False,True,False
48,30-2,74146.25,"(7, 30)",taxation,6,0.25,False,True,False
48,108-2,35564.25,"(3, 29)",taxation,6,0.25,False,True,False
48,166-2,61295.25,"(23, 9)",taxation,6,0.25,False,True,False
48,233-2,61288.25,"(35, 13)",taxation,6,0.25,False,True,False
48,69-2,70936.5,"(3, 21)",taxation,6,0.25,False,True,False
48,229-2,70949.25,"(24, 36)",taxation,6,0.25,False,True,False
48,236-2,64496.25,"(28, 16)",taxation,6,0.25,False,True,False
48,109-2,64516.5,"(32, 9)",taxation,6,0.25,False,True,False
48,235-2,64505.25,"(9, 19)",taxation,6,0.25,False,True,False
49,3,51702.0,"(3, 36)",taxation,6,0.25,False,True,False
49,7,64580.0,"(18, 34)",taxation,6,0.25,False,True,False
49,8,86037.0,"(17, 34)",taxation,6,0.25,False,True,False
49,9,73172.0,"(12, 33)",taxation,6,0.25,False,True,False
49,12,81722.0,"(47, 0)",taxation,6,0.25,False,True,False
49,14,21708.0,"(10, 18)",taxation,6,0.25,False,True,False
49,15,77452.0,"(45, 18)",taxation,6,0.25,False,True,False
49,20,81723.0,"(38, 5)",taxation,6,0.25,False,True,False
49,24,68884.0,"(35, 11)",taxation,6,0.25,False,True,False
49,26,68866.0,"(30, 37)",taxation,6,0.25,False,True,False
49,29,86016.0,"(7, 36)",taxation,6,0.25,False,True,False
49,34,77443.0,"(12, 46)",taxation,6,0.25,False,True,False
49,35,86021.0,"(1, 37)",taxation,6,0.25,False,True,False
49,36,64574.0,"(17, 32)",taxation,6,0.25,False,True,False
49,37,90315.0,"(36, 7)",taxation,6,0.25,False,True,False
49,39,60283.0,"(20, 26)",taxation,6,0.25,False,True,False
49,43,86016.0,"(37, 15)",taxation,6,0.25,False,True,False
49,44,56022.0,"(37, 3)",taxation,6,0.25,False,True,False
49,46,60297.0,"(17, 31)",taxation,6,0.25,False,True,False
49,47,60295.0,"(13, 22)",taxation,6,0.25,False,True,False
49,49,81732.0,"(5, 35)",taxation,6,0.25,False,True,False
49,52,64579.0,"(29, 31)",taxation,6,0.25,False,True,False
49,58,90259.0,"(5, 36)",taxation,6,0.25,False,True,False
49,59,77424.0,"(0, 37)",taxation,6,0.25,False,True,False
49,60,90288.0,"(34, 25)",taxation,6,0.25,False,True,False
49,61,103151.0,"(12, 37)",taxation,6,0.25,False,True,False
49,65,98851.0,"(30, 28)",taxation,6,0.25,False,True,False
49,66,94583.0,"(34, 16)",taxation,6,0.25,False,True,False
49,67,64575.0,"(3, 37)",taxation,6,0.25,False,True,False
49,70,90307.0,"(15, 20)",taxation,6,0.25,False,True,False
49,72,98851.0,"(28, 34)",taxation,6,0.25,False,True,False
49,77,73143.0,"(13, 47)",taxation,6,0.25,False,True,False
49,79,81716.0,"(15, 25)",taxation,6,0.25,False,True,False
49,81,81758.0,"(48, 0)",taxation,6,0.25,False,True,False
49,82,90291.0,"(4, 37)",taxation,6,0.25,False,True,False
49,84,86025.0,"(18, 32)",taxation,6,0.25,False,True,False
49,87,85991.0,"(20, 29)",taxation,6,0.25,False,True,False
49,88,86012.0,"(32, 20)",taxation,6,0.25,False,True,False
49,89,90314.0,"(14, 38)",taxation,6,0.25,False,True,False
49,93,38851.0,"(25, 32)",taxation,6,0.25,False,True,False
49,97,68841.0,"(33, 28)",taxation,6,0.25,False,True,False
49,99,81704.0,"(32, 22)",taxation,6,0.25,False,True,False
49,101,86036.0,"(39, 7)",taxation,6,0.25,False,True,False
49,105,77436.0,"(21, 22)",taxation,6,0.25,False,True,False
49,114,98865.0,"(39, 15)",taxation,6,0.25,False,True,False
49,116,94602.0,"(29, 29)",taxation,6,0.25,False,True,False
49,117,77442.0,"(28, 32)",taxation,6,0.25,False,True,False
49,118,94584.0,"(40, 6)",taxation,6,0.25,False,True,False
49,119,86011.0,"(12, 21)",taxation,6,0.25,False,True,False
49,123,98876.0,"(36, 16)",taxation,6,0.25,False,True,False
49,124,81723.0,"(35, 1)",taxation,6,0.25,False,True,False
49,126,85985.0,"(28, 31)",taxation,6,0.25,False,True,False
49,127,90285.0,"(32, 10)",taxation,6,0.25,False,True,False
49,128,94587.0,"(33, 12)",taxation,6,0.25,False,True,False
49,129,81743.0,"(37, 7)",taxation,6,0.25,False,True,False
49,131,86019.0,"(16, 33)",taxation,6,0.25,False,True,False
49,135,86004.0,"(15, 22)",taxation,6,0.25,False,True,False
49,136,68863.0,"(19, 26)",taxation,6,0.25,False,True,False
49,138,90286.0,"(39, 18)",taxation,6,0.25,False,True,False
49,143,85996.0,"(6, 38)",taxation,6,0.25,False,True,False
49,150,73136.0,"(30, 34)",taxation,6,0.25,False,True,False
49,151,68859.0,"(26, 31)",taxation,6,0.25,False,True,False
49,152,90307.0,"(17, 48)",taxation,6,0.25,False,True,False
49,153,43123.0,"(18, 36)",taxation,6,0.25,False,True,False
49,157,81710.0,"(11, 17)",taxation,6,0.25,False,True,False
49,159,68878.0,"(36, 8)",taxation,6,0.25,False,True,False
49,171,86039.0,"(23, 35)",taxation,6,0.25,False,True,False
49,177,86036.0,"(42, 14)",taxation,6,0.25,False,True,False
49,178,94591.0,"(32, 18)",taxation,6,0.25,False,True,False
49,181,86003.00000000001,"(35, 15)",taxation,6,0.25,False,True,False
49,185,86007.0,"(29, 30)",taxation,6,0.25,False,True,False
49,190,86025.0,"(12, 20)",taxation,6,0.25,False,True,False
49,191,98846.0,"(36, 15)",taxation,6,0.25,False,True,False
49,192,77460.0,"(35, 17)",taxation,6,0.25,False,True,False
49,194,77457.0,"(16, 20)",taxation,6,0.25,False,True,False
49,195,38843.0,"(42, 12)",taxation,6,0.25,False,True,False
49,197,68845.0,"(9, 33)",taxation,6,0.25,False,True,False
49,199,98830.0,"(30, 13)",taxation,6,0.25,False,True,False
49,200,81717.0,"(9, 16)",taxation,6,0.25,False,True,False
49,204,94580.0,"(32, 21)",taxation,6,0.25,False,True,False
49,210,103138.0,"(4, 35)",taxation,6,0.25,False,True,False
49,211,55999.0,"(30, 24)",taxation,6,0.25,False,True,False
49,213,86028.0,"(0, 36)",taxation,6,0.25,False,True,False
49,215,94580.0,"(32, 15)",taxation,6,0.25,False,True,False
49,216,94580.0,"(14, 19)",taxation,6,0.25,False,True,False
49,217,51723.0,"(16, 34)",taxation,6,0.25,False,True,False
49,218,98881.0,"(24, 33)",taxation,6,0.25,False,True,False
49,220,94572.0,"(28, 30)",taxation,6,0.25,False,True,False
49,222,86026.0,"(25, 34)",taxation,6,0.25,False,True,False
49,223,60266.0,"(11, 19)",taxation,6,0.25,False,True,False
49,224,73161.0,"(35, 16)",taxation,6,0.25,False,True,False
49,227,94571.0,"(29, 35)",taxation,6,0.25,False,True,False
49,230,68875.0,"(17, 39)",taxation,6,0.25,False,True,False
49,232,51709.0,"(7, 35)",taxation,6,0.25,False,True,False
49,238,86027.0,"(30, 33)",taxation,6,0.25,False,True,False
49,239,85997.0,"(10, 19)",taxation,6,0.25,False,True,False
49,243,81731.0,"(36, 10)",taxation,6,0.25,False,True,False
49,244,98879.0,"(19, 35)",taxation,6,0.25,False,True,False
49,245,94587.0,"(17, 38)",taxation,6,0.25,False,True,False
49,219-2,75275.0,"(32, 0)",taxation,6,0.25,False,True,False
49,158-2,62422.0,"(34, 17)",taxation,6,0.25,False,True,False
49,139-2,77429.25,"(30, 26)",taxation,6,0.25,False,True,False
49,179-2,56030.5,"(41, 14)",taxation,6,0.25,False,True,False
49,28-2,59255.25,"(39, 2)",taxation,6,0.25,False,True,False
49,187-2,34567.0,"(39, 17)",taxation,6,0.25,False,True,False
49,146-2,26012.0,"(36, 19)",taxation,6,0.25,False,True,False
49,94-2,21723.0,"(1, 36)",taxation,6,0.25,False,True,False
49,154-2,30292.0,"(14, 22)",taxation,6,0.25,False,True,False
49,173-2,17433.0,"(15, 49)",taxation,6,0.25,False,True,False
49,240-2,21697.0,"(30, 27)",taxation,6,0.25,False,True,False
49,246-2,64583.0,"(20, 30)",taxation,6,0.25,False,True,False
49,98-2,34591.0,"(32, 33)",taxation,6,0.25,False,True,False
49,140-2,334.0,"(12, 47)",taxation,6,0.25,False,True,False
49,176-2,314.0,"(30, 12)",taxation,6,0.25,False,True,False
49,208-2,68859.25,"(28, 18)",taxation,6,0.25,False,True,False
49,170-2,59229.75,"(9, 35)",taxation,6,0.25,False,True,False
49,1-2,49561.25,"(8, 36)",taxation,6,0.25,False,True,False
49,23-2,69956.0,"(42, 4)",taxation,6,0.25,False,True,False
49,17-2,70999.5,"(37, 16)",taxation,6,0.25,False,True,False
49,31-2,77414.5,"(35, 19)",taxation,6,0.25,False,True,False
49,228-2,50654.0,"(28, 33)",taxation,6,0.25,False,True,False
49,149-2,58172.0,"(11, 39)",taxation,6,0.25,False,True,False
49,206-2,65657.25,"(24, 34)",taxation,6,0.25,False,True,False
49,242-2,29213.25,"(33, 17)",taxation,6,0.25,False,True,False
49,75-2,61373.0,"(18, 30)",taxation,6,0.25,False,True,False
49,74-2,75296.0,"(36, 5)",taxation,6,0.25,False,True,False
49,241-2,61352.5,"(31, 25)",taxation,6,0.25,False,True,False
49,42-2,48512.5,"(13, 37)",taxation,6,0.25,False,True,False
49,142-2,42054.75,"(46, 0)",taxation,6,0.25,False,True,False
49,172-2,70990.75,"(29, 16)",taxation,6,0.25,False,True,False
49,167-2,67792.75,"(33, 20)",taxation,6,0.25,False,True,False
49,38-2,67797.5,"(23, 33)",taxation,6,0.25,False,True,False
49,198-2,61370.5,"(11, 44)",taxation,6,0.25,False,True,False
49,0-2,45291.25,"(30, 17)",taxation,6,0.25,False,True,False
49,6-2,74215.0,"(20, 35)",taxation,6,0.25,False,True,False
49,76-2,64587.750000000015,"(16, 49)",taxation,6,0.25,False,True,False
49,144-2,64581.5,"(14, 47)",taxation,6,0.25,False,True,False
49,25-2,58144.0,"(19, 32)",taxation,6,0.25,False,True,False
49,40-2,71016.0,"(18, 29)",taxation,6,0.25,False,True,False
49,10-2,67764.25,"(40, 16)",taxation,6,0.25,False,True,False
49,180-2,64582.25,"(10, 24)",taxation,6,0.25,False,True,False
49,212-2,67761.75,"(30, 30)",taxation,6,0.25,False,True,False
49,63-2,61338.75,"(37, 5)",taxation,6,0.25,False,True,False
49,189-2,58137.5,"(19, 27)",taxation,6,0.25,False,True,False
49,54-2,64576.25,"(38, 7)",taxation,6,0.25,False,True,False
49,4-2,48481.25,"(35, 10)",taxation,6,0.25,False,True,False
49,83-2,70991.75,"(36, 9)",taxation,6,0.25,False,True,False
49,249-2,67783.0,"(15, 46)",taxation,6,0.25,False,True,False
49,22-2,74205.0,"(19, 25)",taxation,6,0.25,False,True,False
49,205-2,32420.75,"(33, 9)",taxation,6,0.25,False,True,False
49,156-2,48491.5,"(12, 23)",taxation,6,0.25,False,True,False
49,51-2,67768.5,"(17, 37)",taxation,6,0.25,False,True,False
49,133-2,58126.0,"(14, 48)",taxation,6,0.25,False,True,False
49,73-2,67783.25,"(15, 45)",taxation,6,0.25,False,True,False
49,56-2,64568.75,"(18, 31)",taxation,6,0.25,False,True,False
49,182-2,67771.25,"(18, 33)",taxation,6,0.25,False,True,False
49,71-2,70993.25,"(44, 0)",taxation,6,0.25,False,True,False
49,91-2,70974.75,"(16, 27)",taxation,6,0.25,False,True,False
49,226-2,64546.75,"(25, 33)",taxation,6,0.25,False,True,False
49,225-2,67751.75,"(21, 36)",taxation,6,0.25,False,True,False
49,148-2,51690.25,"(21, 37)",taxation,6,0.25,False,True,False
49,16-2,74206.5,"(32, 13)",taxation,6,0.25,False,True,False
49,111-2,70981.25,"(36, 12)",taxation,6,0.25,False,True,False
49,134-2,64571.0,"(41, 3)",taxation,6,0.25,False,True,False
49,168-2,70993.5,"(29, 32)",taxation,6,0.25,False,True,False
49,106-2,61361.75,"(42, 6)",taxation,6,0.25,False,True,False
49,162-2,67771.5,"(36, 17)",taxation,6,0.25,False,True,False
49,214-2,42042.0,"(43, 0)",taxation,6,0.25,False,True,False
49,110-2,74188.0,"(19, 28)",taxation,6,0.25,False,True,False
49,95-2,74188.5,"(38, 8)",taxation,6,0.25,False,True,False
49,122-2,54912.25,"(14, 46)",taxation,6,0.25,False,True,False
49,231-2,42043.75,"(9, 18)",taxation,6,0.25,False,True,False
49,100-2,64553.75,"(33, 13)",taxation,6,0.25,False,True,False
49,141-2,51699.5,"(4, 36)",taxation,6,0.25,False,True,False
49,165-2,77406.0,"(35, 0)",taxation,6,0.25,False,True,False
49,186-2,61349.25,"(32, 14)",taxation,6,0.25,False,True,False
49,201-2,45244.25,"(35, 2)",taxation,6,0.25,False,True,False
49,21-2,61343.25,"(29, 33)",taxation,6,0.25,False,True,False
49,183-2,45252.75,"(32, 36)",taxation,6,0.25,False,True,False
49,203-2,77392.25,"(39, 3)",taxation,6,0.25,False,True,False
49,32-2,70967.75,"(40, 3)",taxation,6,0.25,False,True,False
49,115-2,70966.75,"(39, 4)",taxation,6,0.25,False,True,False
49,169-2,51695.0,"(30, 31)",taxation,6,0.25,False,True,False
49,78-2,61330.25,"(11, 33)",taxation,6,0.25,False,True,False
49,137-2,58113.5,"(33, 14)",taxation,6,0.25,False,True,False
49,55-2,70959.25,"(15, 27)",taxation,6,0.25,False,True,False
49,112-2,70969.5,"(12, 34)",taxation,6,0.25,False,True,False
49,193-2,58131.5,"(39, 6)",taxation,6,0.25,False,True,False
49,50-2,74170.5,"(35, 24)",taxation,6,0.25,False,True,False
49,53-2,42033.25,"(11, 16)",taxation,6,0.25,False,True,False
49,5-2,29170.5,"(35, 14)",taxation,6,0.25,False,True,False
49,247-2,58114.0,"(11, 15)",taxation,6,0.25,False,True,False
49,147-2,64544.75,"(45, 0)",taxation,6,0.25,False,True,False
49,145-2,67756.0,"(16, 48)",taxation,6,0.25,False,True,False
49,207-2,51665.75,"(34, 13)",taxation,6,0.25,False,True,False
49,120-2,74156.0,"(15, 26)",taxation,6,0.25,False,True,False
49,125-2,70973.0,"(19, 31)",taxation,6,0.25,False,True,False
49,41-2,70980.0,"(15, 24)",taxation,6,0.25,False,True,False
49,209-2,74187.5,"(45, 5)",taxation,6,0.25,False,True,False
49,113-2,67736.75,"(34, 11)",taxation,6,0.25,False,True,False
49,68-2,54897.75,"(12, 22)",taxation,6,0.25,False,True,False
49,161-2,54889.0,"(8, 35)",taxation,6,0.25,False,True,False
49,175-2,54896.5,"(45, 1)",taxation,6,0.25,False,True,False
49,85-2,58109.0,"(29, 34)",taxation,6,0.25,False,True,False
49,234-2,67722.5,"(8, 38)",taxation,6,0.25,False,True,False
49,45-2,67744.75,"(20, 24)",taxation,6,0.25,False,True,False
49,196-2,45254.0,"(10, 37)",taxation,6,0.25,False,True,False
49,174-2,70962.5,"(41, 5)",taxation,6,0.25,False,True,False
49,103-2,64521.5,"(33, 3)",taxation,6,0.25,False,True,False
49,33-2,51681.25,"(26, 13)",taxation,6,0.25,False,True,False
49,19-2,67736.0,"(10, 17)",taxation,6,0.25,False,True,False
49,130-2,70954.5,"(29, 26)",taxation,6,0.25,False,True,False
49,155-2,67760.25,"(18, 37)",taxation,6,0.25,False,True,False
49,86-2,64536.0,"(14, 49)",taxation,6,0.25,False,True,False
49,164-2,67745.25,"(34, 8)",taxation,6,0.25,False,True,False
49,2-2,64528.75,"(15, 48)",taxation,6,0.25,False,True,False
49,11-2,51641.25,"(9, 37)",taxation,6,0.25,False,True,False
49,202-2,74159.0,"(35, 3)",taxation,6,0.25,False,True,False
49,121-2,64545.0,"(15, 29)",taxation,6,0.25,False,True,False
49,163-2,77382.0,"(17, 33)",taxation,6,0.25,False,True,False
49,18-2,74175.75,"(40, 5)",taxation,6,0.25,False,True,False
49,132-2,70940.75,"(27, 33)",taxation,6,0.25,False,True,False
49,160-2,58095.0,"(9, 29)",taxation,6,0.25,False,True,False
49,221-2,61305.5,"(35, 9)",taxation,6,0.25,False,True,False
49,90-2,58113.5,"(37, 6)",taxation,6,0.25,False,True,False
49,64-2,64525.0,"(43, 3)",taxation,6,0.25,False,True,False
49,102-2,45233.5,"(22, 35)",taxation,6,0.25,False,True,False
49,188-2,64531.5,"(15, 44)",taxation,6,0.25,False,True,False
49,92-2,70940.0,"(14, 30)",taxation,6,0.25,False,True,False
49,96-2,74170.5,"(14, 34)",taxation,6,0.25,False,True,False
49,107-2,70935.5,"(32, 38)",taxation,6,0.25,False,True,False
49,80-2,70935.5,"(34, 4)",taxation,6,0.25,False,True,False
49,237-2,51649.75,"(17, 49)",taxation,6,0.25,False,True,False
49,13-2,61309.25,"(5, 34)",taxation,6,0.25,False,True,False
49,104-2,61319.5,"(31, 1)",taxation,6,0.25,False,True,False
49,27-2,58083.75,"(34, 2)",taxation,6,0.25,False,True,False
49,248-2,64509.25,"(20, 12)",taxation,6,0.25,False,True,False
49,48-2,67706.0,"(30, 14)",taxation,6,0.25,False,True,False
49,57-2,58077.25,"(39, 16)",taxation,6,0.25,False,True,False
49,184-2,64497.25,"(9, 17)",taxation,6,0.25,False,True,False
49,30-2,74154.25,"(9, 36)",taxation,6,0.25,False,True,False
49,108-2,35568.25,"(6, 34)",taxation,6,0.25,False,True,False
49,166-2,61302.25,"(27, 12)",taxation,6,0.25,False,True,False
49,233-2,61296.25,"(36, 13)",taxation,6,0.25,False,True,False
49,69-2,70939.5,"(9, 15)",taxation,6,0.25,False,True,False
49,229-2,70957.25,"(23, 34)",taxation,6,0.25,False,True,False
49,236-2,64505.25,"(34, 12)",taxation,6,0.25,False,True,False
49,109-2,64525.5,"(35, 8)",taxation,6,0.25,False,True,False
49,235-2,64510.25,"(14, 18)",taxation,6,0.25,False,True,False
49,62-2,64513.5,"(4, 34)",taxation,6,0.25,False,True,False
50,3,51710.0,"(3, 41)",taxation,6,0.25,False,True,False
50,7,64588.0,"(22, 31)",taxation,6,0.25,False,True,False
50,8,86046.0,"(18, 35)",taxation,6,0.25,False,True,False
50,9,73179.0,"(18, 27)",taxation,6,0.25,False,True,False
50,12,81731.0,"(42, 2)",taxation,6,0.25,False,True,False
50,14,21714.0,"(15, 18)",taxation,6,0.25,False,True,False
50,15,77460.0,"(45, 17)",taxation,6,0.25,False,True,False
50,20,81732.0,"(38, 2)",taxation,6,0.25,False,True,False
50,24,68893.0,"(37, 11)",taxation,6,0.25,False,True,False
50,26,68873.0,"(30, 38)",taxation,6,0.25,False,True,False
50,29,86024.0,"(4, 41)",taxation,6,0.25,False,True,False
50,34,77451.0,"(6, 44)",taxation,6,0.25,False,True,False
50,35,86029.0,"(0, 43)",taxation,6,0.25,False,True,False
50,36,64582.0,"(21, 33)",taxation,6,0.25,False,True,False
50,37,90324.0,"(38, 6)",taxation,6,0.25,False,True,False
50,39,60292.0,"(21, 32)",taxation,6,0.25,False,True,False
50,43,86024.0,"(39, 14)",taxation,6,0.25,False,True,False
50,44,56031.0,"(37, 1)",taxation,6,0.25,False,True,False
50,46,60305.0,"(19, 29)",taxation,6,0.25,False,True,False
50,47,60302.0,"(17, 24)",taxation,6,0.25,False,True,False
50,49,81739.0,"(10, 41)",taxation,6,0.25,False,True,False
50,52,64587.0,"(27, 32)",taxation,6,0.25,False,True,False
50,59,77432.0,"(2, 40)",taxation,6,0.25,False,True,False
50,60,90296.0,"(30, 21)",taxation,6,0.25,False,True,False
50,61,103160.0,"(17, 35)",taxation,6,0.25,False,True,False
50,65,98859.0,"(27, 28)",taxation,6,0.25,False,True,False
50,66,94591.0,"(34, 18)",taxation,6,0.25,False,True,False
50,67,64583.0,"(5, 43)",taxation,6,0.25,False,True,False
50,70,90314.0,"(18, 20)",taxation,6,0.25,False,True,False
50,72,98860.0,"(22, 33)",taxation,6,0.25,False,True,False
50,77,73151.0,"(10, 47)",taxation,6,0.25,False,True,False
50,79,81723.0,"(18, 25)",taxation,6,0.25,False,True,False
50,81,81766.0,"(43, 2)",taxation,6,0.25,False,True,False
50,82,90299.0,"(4, 40)",taxation,6,0.25,False,True,False
50,84,86033.0,"(22, 28)",taxation,6,0.25,False,True,False
50,87,86000.0,"(20, 32)",taxation,6,0.25,False,True,False
50,88,86020.0,"(30, 20)",taxation,6,0.25,False,True,False
50,93,38859.0,"(26, 32)",taxation,6,0.25,False,True,False
50,97,68849.0,"(27, 27)",taxation,6,0.25,False,True,False
50,99,81712.0,"(30, 22)",taxation,6,0.25,False,True,False
50,101,86045.0,"(45, 10)",taxation,6,0.25,False,True,False
50,105,77444.0,"(21, 24)",taxation,6,0.25,False,True,False
50,114,98874.0,"(45, 11)",taxation,6,0.25,False,True,False
50,116,94610.0,"(27, 29)",taxation,6,0.25,False,True,False
50,117,77450.0,"(26, 33)",taxation,6,0.25,False,True,False
50,118,94593.0,"(46, 10)",taxation,6,0.25,False,True,False
50,119,86018.0,"(17, 22)",taxation,6,0.25,False,True,False
50,123,98885.0,"(34, 15)",taxation,6,0.25,False,True,False
50,124,81731.0,"(34, 1)",taxation,6,0.25,False,True,False
50,126,85993.0,"(27, 31)",taxation,6,0.25,False,True,False
50,127,90293.0,"(31, 6)",taxation,6,0.25,False,True,False
50,128,94595.0,"(34, 9)",taxation,6,0.25,False,True,False
50,129,81751.0,"(39, 5)",taxation,6,0.25,False,True,False
50,131,86027.0,"(15, 35)",taxation,6,0.25,False,True,False
50,135,86012.0,"(21, 26)",taxation,6,0.25,False,True,False
50,136,68871.0,"(20, 27)",taxation,6,0.25,False,True,False
50,138,90294.0,"(38, 19)",taxation,6,0.25,False,True,False
50,143,86004.0,"(6, 41)",taxation,6,0.25,False,True,False
50,150,73144.0,"(29, 36)",taxation,6,0.25,False,True,False
50,151,68867.0,"(25, 31)",taxation,6,0.25,False,True,False
50,152,90315.0,"(12, 48)",taxation,6,0.25,False,True,False
50,153,43129.0,"(13, 39)",taxation,6,0.25,False,True,False
50,157,81716.0,"(16, 17)",taxation,6,0.25,False,True,False
50,159,68887.0,"(39, 8)",taxation,6,0.25,False,True,False
50,171,86048.0,"(22, 34)",taxation,6,0.25,False,True,False
50,177,86045.0,"(43, 10)",taxation,6,0.25,False,True,False
50,178,94599.0,"(31, 18)",taxation,6,0.25,False,True,False
50,181,86011.00000000001,"(37, 13)",taxation,6,0.25,False,True,False
50,185,86015.0,"(26, 30)",taxation,6,0.25,False,True,False
50,190,86032.0,"(17, 21)",taxation,6,0.25,False,True,False
50,191,98854.0,"(40, 13)",taxation,6,0.25,False,True,False
50,192,77468.0,"(35, 18)",taxation,6,0.25,False,True,False
50,194,77465.0,"(21, 25)",taxation,6,0.25,False,True,False
50,195,38851.0,"(43, 12)",taxation,6,0.25,False,True,False
50,197,68853.0,"(15, 37)",taxation,6,0.25,False,True,False
50,199,98838.0,"(30, 15)",taxation,6,0.25,False,True,False
50,200,81723.0,"(15, 17)",taxation,6,0.25,False,True,False
50,204,94588.0,"(31, 21)",taxation,6,0.25,False,True,False
50,210,103144.0,"(3, 39)",taxation,6,0.25,False,True,False
50,211,56007.0,"(29, 22)",taxation,6,0.25,False,True,False
50,213,86036.0,"(6, 42)",taxation,6,0.25,False,True,False
50,215,94588.0,"(32, 16)",taxation,6,0.25,False,True,False
50,216,94587.0,"(18, 19)",taxation,6,0.25,False,True,False
50,217,51731.0,"(22, 29)",taxation,6,0.25,False,True,False
50,218,98889.0,"(24, 31)",taxation,6,0.25,False,True,False
50,220,94580.0,"(27, 30)",taxation,6,0.25,False,True,False
50,222,86034.0,"(25, 28)",taxation,6,0.25,False,True,False
50,223,60272.0,"(17, 17)",taxation,6,0.25,False,True,False
50,224,73169.0,"(32, 17)",taxation,6,0.25,False,True,False
50,227,94580.0,"(23, 32)",taxation,6,0.25,False,True,False
50,230,68882.0,"(15, 42)",taxation,6,0.25,False,True,False
50,232,51716.0,"(10, 39)",taxation,6,0.25,False,True,False
50,238,86035.0,"(27, 36)",taxation,6,0.25,False,True,False
50,239,86003.0,"(16, 19)",taxation,6,0.25,False,True,False
50,243,81739.0,"(37, 10)",taxation,6,0.25,False,True,False
50,244,98887.0,"(22, 30)",taxation,6,0.25,False,True,False
50,245,94595.0,"(16, 37)",taxation,6,0.25,False,True,False
50,219-2,75283.0,"(33, 0)",taxation,6,0.25,False,True,False
50,158-2,62430.0,"(32, 19)",taxation,6,0.25,False,True,False
50,139-2,77437.25,"(27, 26)",taxation,6,0.25,False,True,False
50,179-2,56039.5,"(46, 11)",taxation,6,0.25,False,True,False
50,28-2,59264.25,"(39, 1)",taxation,6,0.25,False,True,False
50,187-2,34576.0,"(42, 11)",taxation,6,0.25,False,True,False
50,146-2,26020.0,"(33, 18)",taxation,6,0.25,False,True,False
50,94-2,21731.0,"(5, 42)",taxation,6,0.25,False,True,False
50,154-2,30300.0,"(20, 28)",taxation,6,0.25,False,True,False
50,173-2,17440.0,"(20, 49)",taxation,6,0.25,False,True,False
50,240-2,21705.0,"(28, 26)",taxation,6,0.25,False,True,False
50,246-2,64591.0,"(21, 30)",taxation,6,0.25,False,True,False
50,98-2,34599.0,"(27, 37)",taxation,6,0.25,False,True,False
50,140-2,342.0,"(9, 47)",taxation,6,0.25,False,True,False
50,176-2,322.0,"(29, 15)",taxation,6,0.25,False,True,False
50,208-2,68867.25,"(29, 18)",taxation,6,0.25,False,True,False
50,170-2,59235.75,"(9, 38)",taxation,6,0.25,False,True,False
50,1-2,49569.25,"(7, 42)",taxation,6,0.25,False,True,False
50,23-2,69965.0,"(40, 1)",taxation,6,0.25,False,True,False
50,17-2,71008.5,"(39, 10)",taxation,6,0.25,False,True,False
50,31-2,77422.5,"(34, 19)",taxation,6,0.25,False,True,False
50,228-2,50663.0,"(24, 32)",taxation,6,0.25,False,True,False
50,149-2,58180.0,"(8, 44)",taxation,6,0.25,False,True,False
50,206-2,65665.25,"(26, 35)",taxation,6,0.25,False,True,False
50,242-2,29221.25,"(33, 16)",taxation,6,0.25,False,True,False
50,75-2,61382.0,"(19, 34)",taxation,6,0.25,False,True,False
50,74-2,75305.0,"(38, 4)",taxation,6,0.25,False,True,False
50,241-2,61360.5,"(29, 23)",taxation,6,0.25,False,True,False
50,42-2,48521.5,"(17, 36)",taxation,6,0.25,False,True,False
50,142-2,42064.75,"(43, 4)",taxation,6,0.25,False,True,False
50,172-2,70998.75,"(29, 17)",taxation,6,0.25,False,True,False
50,167-2,67800.75,"(33, 19)",taxation,6,0.25,False,True,False
50,38-2,67805.5,"(23, 29)",taxation,6,0.25,False,True,False
50,198-2,61378.5,"(9, 44)",taxation,6,0.25,False,True,False
50,0-2,45300.25,"(33, 15)",taxation,6,0.25,False,True,False
50,6-2,74222.0,"(16, 36)",taxation,6,0.25,False,True,False
50,76-2,64595.750000000015,"(10, 49)",taxation,6,0.25,False,True,False
50,144-2,64589.5,"(11, 48)",taxation,6,0.25,False,True,False
50,25-2,58152.0,"(23, 30)",taxation,6,0.25,False,True,False
50,40-2,71025.0,"(21, 34)",taxation,6,0.25,False,True,False
50,10-2,67773.25,"(41, 11)",taxation,6,0.25,False,True,False
50,180-2,64588.25,"(16, 22)",taxation,6,0.25,False,True,False
50,212-2,67769.75,"(26, 28)",taxation,6,0.25,False,True,False
50,63-2,61347.75,"(37, 2)",taxation,6,0.25,False,True,False
50,189-2,58146.5,"(22, 32)",taxation,6,0.25,False,True,False
50,54-2,64584.25,"(32, 4)",taxation,6,0.25,False,True,False
50,4-2,48489.25,"(32, 5)",taxation,6,0.25,False,True,False
50,83-2,71000.75,"(37, 9)",taxation,6,0.25,False,True,False
50,249-2,67791.0,"(10, 43)",taxation,6,0.25,False,True,False
50,22-2,74213.0,"(22, 24)",taxation,6,0.25,False,True,False
50,205-2,32428.75,"(33, 5)",taxation,6,0.25,False,True,False
50,156-2,48498.5,"(17, 23)",taxation,6,0.25,False,True,False
50,51-2,67776.5,"(15, 38)",taxation,6,0.25,False,True,False
50,133-2,58134.0,"(10, 48)",taxation,6,0.25,False,True,False
50,73-2,67791.25,"(9, 43)",taxation,6,0.25,False,True,False
50,56-2,64577.75,"(19, 33)",taxation,6,0.25,False,True,False
50,182-2,67779.25,"(21, 31)",taxation,6,0.25,False,True,False
50,71-2,71001.25,"(40, 0)",taxation,6,0.25,False,True,False
50,91-2,70982.75,"(21, 27)",taxation,6,0.25,False,True,False
50,226-2,64554.75,"(25, 30)",taxation,6,0.25,False,True,False
50,225-2,67760.75,"(21, 35)",taxation,6,0.25,False,True,False
50,148-2,51698.25,"(21, 38)",taxation,6,0.25,False,True,False
50,16-2,74214.5,"(31, 15)",taxation,6,0.25,False,True,False
50,111-2,70989.25,"(39, 12)",taxation,6,0.25,False,True,False
50,134-2,64580.0,"(39, 0)",taxation,6,0.25,False,True,False
50,168-2,71001.5,"(26, 29)",taxation,6,0.25,False,True,False
50,106-2,61369.75,"(43, 8)",taxation,6,0.25,False,True,False
50,162-2,67779.5,"(40, 15)",taxation,6,0.25,False,True,False
50,214-2,42050.0,"(37, 0)",taxation,6,0.25,False,True,False
50,110-2,74196.0,"(21, 28)",taxation,6,0.25,False,True,False
50,95-2,74198.5,"(43, 7)",taxation,6,0.25,False,True,False
50,122-2,54920.25,"(8, 48)",taxation,6,0.25,False,True,False
50,231-2,42048.75,"(11, 18)",taxation,6,0.25,False,True,False
50,100-2,64562.75,"(38, 10)",taxation,6,0.25,False,True,False
50,141-2,51707.5,"(3, 40)",taxation,6,0.25,False,True,False
50,165-2,77414.0,"(36, 0)",taxation,6,0.25,False,True,False
50,186-2,61357.25,"(31, 19)",taxation,6,0.25,False,True,False
50,201-2,45253.25,"(38, 1)",taxation,6,0.25,False,True,False
50,21-2,61351.25,"(27, 34)",taxation,6,0.25,False,True,False
50,183-2,45260.75,"(28, 36)",taxation,6,0.25,False,True,False
50,203-2,77402.25,"(42, 5)",taxation,6,0.25,False,True,False
50,32-2,70977.75,"(43, 5)",taxation,6,0.25,False,True,False
50,115-2,70975.75,"(40, 2)",taxation,6,0.25,False,True,False
50,169-2,51703.0,"(25, 29)",taxation,6,0.25,False,True,False
50,78-2,61337.25,"(15, 36)",taxation,6,0.25,False,True,False
50,137-2,58121.5,"(30, 18)",taxation,6,0.25,False,True,False
50,55-2,70967.25,"(21, 29)",taxation,6,0.25,False,True,False
50,112-2,70977.5,"(13, 34)",taxation,6,0.25,False,True,False
50,193-2,58139.5,"(43, 9)",taxation,6,0.25,False,True,False
50,50-2,74178.5,"(31, 20)",taxation,6,0.25,False,True,False
50,53-2,42039.25,"(17, 16)",taxation,6,0.25,False,True,False
50,5-2,29178.5,"(39, 13)",taxation,6,0.25,False,True,False
50,247-2,58120.0,"(16, 18)",taxation,6,0.25,False,True,False
50,147-2,64554.75,"(45, 6)",taxation,6,0.25,False,True,False
50,145-2,67764.0,"(13, 49)",taxation,6,0.25,False,True,False
50,207-2,51673.75,"(38, 13)",taxation,6,0.25,False,True,False
50,120-2,74163.0,"(18, 26)",taxation,6,0.25,False,True,False
50,125-2,70981.0,"(20, 31)",taxation,6,0.25,False,True,False
50,41-2,70988.0,"(20, 25)",taxation,6,0.25,False,True,False
50,209-2,74196.5,"(42, 7)",taxation,6,0.25,False,True,False
50,113-2,67744.75,"(38, 14)",taxation,6,0.25,False,True,False
50,68-2,54905.75,"(17, 28)",taxation,6,0.25,False,True,False
50,161-2,54896.0,"(12, 39)",taxation,6,0.25,False,True,False
50,175-2,54905.5,"(45, 3)",taxation,6,0.25,False,True,False
50,85-2,58117.0,"(24, 30)",taxation,6,0.25,False,True,False
50,234-2,67730.5,"(8, 43)",taxation,6,0.25,False,True,False
50,45-2,67752.75,"(22, 26)",taxation,6,0.25,False,True,False
50,196-2,45262.0,"(14, 35)",taxation,6,0.25,False,True,False
50,174-2,70971.5,"(40, 4)",taxation,6,0.25,False,True,False
50,103-2,64530.5,"(38, 0)",taxation,6,0.25,False,True,False
50,33-2,51689.25,"(28, 12)",taxation,6,0.25,False,True,False
50,19-2,67742.0,"(15, 19)",taxation,6,0.25,False,True,False
50,130-2,70962.5,"(26, 27)",taxation,6,0.25,False,True,False
50,155-2,67769.25,"(20, 34)",taxation,6,0.25,False,True,False
50,86-2,64544.0,"(9, 48)",taxation,6,0.25,False,True,False
50,164-2,67753.25,"(34, 5)",taxation,6,0.25,False,True,False
50,2-2,64536.75,"(12, 49)",taxation,6,0.25,False,True,False
50,11-2,51649.25,"(7, 41)",taxation,6,0.25,False,True,False
50,202-2,74168.0,"(36, 1)",taxation,6,0.25,False,True,False
50,121-2,64553.0,"(13, 32)",taxation,6,0.25,False,True,False
50,163-2,77390.0,"(20, 33)",taxation,6,0.25,False,True,False
50,18-2,74185.75,"(44, 8)",taxation,6,0.25,False,True,False
50,132-2,70948.75,"(24, 29)",taxation,6,0.25,False,True,False
50,160-2,58101.0,"(13, 33)",taxation,6,0.25,False,True,False
50,221-2,61314.5,"(38, 9)",taxation,6,0.25,False,True,False
50,90-2,58121.5,"(35, 4)",taxation,6,0.25,False,True,False
50,64-2,64534.0,"(42, 3)",taxation,6,0.25,False,True,False
50,102-2,45241.5,"(23, 31)",taxation,6,0.25,False,True,False
50,188-2,64539.5,"(13, 48)",taxation,6,0.25,False,True,False
50,92-2,70947.0,"(19, 30)",taxation,6,0.25,False,True,False
50,96-2,74177.5,"(16, 35)",taxation,6,0.25,False,True,False
50,107-2,70943.5,"(29, 38)",taxation,6,0.25,False,True,False
50,80-2,70943.5,"(33, 4)",taxation,6,0.25,False,True,False
50,237-2,51657.75,"(11, 49)",taxation,6,0.25,False,True,False
50,13-2,61316.25,"(11, 40)",taxation,6,0.25,False,True,False
50,104-2,61327.5,"(31, 3)",taxation,6,0.25,False,True,False
50,27-2,58092.75,"(36, 2)",taxation,6,0.25,False,True,False
50,248-2,64516.25,"(23, 15)",taxation,6,0.25,False,True,False
50,48-2,67714.0,"(31, 17)",taxation,6,0.25,False,True,False
50,57-2,58086.25,"(37, 12)",taxation,6,0.25,False,True,False
50,184-2,64502.25,"(12, 16)",taxation,6,0.25,False,True,False
50,30-2,74162.25,"(9, 42)",taxation,6,0.25,False,True,False
50,108-2,35575.25,"(9, 40)",taxation,6,0.25,False,True,False
50,166-2,61310.25,"(31, 16)",taxation,6,0.25,False,True,False
50,233-2,61305.25,"(41, 10)",taxation,6,0.25,False,True,False
50,69-2,70944.5,"(12, 15)",taxation,6,0.25,False,True,False
50,229-2,70965.25,"(26, 34)",taxation,6,0.25,False,True,False
50,236-2,64514.25,"(34, 14)",taxation,6,0.25,False,True,False
50,109-2,64534.5,"(37, 8)",taxation,6,0.25,False,True,False
50,235-2,64517.25,"(17, 19)",taxation,6,0.25,False,True,False
50,62-2,64519.5,"(4, 39)",taxation,6,0.25,False,True,False
50,89-2,67740.75,"(16, 38)",taxation,6,0.25,False,True,False
50,58-2,67699.5,"(3, 42)",taxation,6,0.25,False,True,False
51,3,51718.0,"(3, 46)",taxation,6,0.25,False,True,False
51,7,64591.0,"(24, 37)",taxation,6,0.25,False,True,False
51,8,86052.0,"(14, 37)",taxation,6,0.25,False,True,False
51,9,73187.0,"(22, 22)",taxation,6,0.25,False,True,False
51,12,81738.0,"(41, 1)",taxation,6,0.25,False,True,False
51,14,21722.0,"(20, 21)",taxation,6,0.25,False,True,False
51,15,77469.0,"(46, 17)",taxation,6,0.25,False,True,False
51,20,81738.0,"(41, 8)",taxation,6,0.25,False,True,False
51,24,68900.0,"(41, 12)",taxation,6,0.25,False,True,False
51,26,68881.0,"(31, 38)",taxation,6,0.25,False,True,False
51,29,86032.0,"(4, 46)",taxation,6,0.25,False,True,False
51,34,77460.0,"(0, 44)",taxation,6,0.25,False,True,False
51,35,86037.0,"(0, 46)",taxation,6,0.25,False,True,False
51,36,64587.0,"(21, 39)",taxation,6,0.25,False,True,False
51,37,90330.0,"(44, 9)",taxation,6,0.25,False,True,False
51,39,60297.0,"(15, 33)",taxation,6,0.25,False,True,False
51,43,86031.0,"(45, 14)",taxation,6,0.25,False,True,False
51,44,56040.0,"(34, 0)",taxation,6,0.25,False,True,False
51,46,60313.0,"(25, 23)",taxation,6,0.25,False,True,False
51,47,60311.0,"(22, 27)",taxation,6,0.25,False,True,False
51,49,81746.0,"(9, 41)",taxation,6,0.25,False,True,False
51,52,64595.0,"(32, 29)",taxation,6,0.25,False,True,False
51,59,77440.0,"(2, 42)",taxation,6,0.25,False,True,False
51,60,90305.0,"(29, 21)",taxation,6,0.25,False,True,False
51,65,98867.0,"(30, 25)",taxation,6,0.25,False,True,False
51,66,94599.0,"(34, 22)",taxation,6,0.25,False,True,False
51,67,64591.0,"(4, 47)",taxation,6,0.25,False,True,False
51,70,90322.0,"(19, 20)",taxation,6,0.25,False,True,False
51,72,98867.0,"(28, 28)",taxation,6,0.25,False,True,False
51,77,73159.0,"(8, 46)",taxation,6,0.25,False,True,False
51,79,81731.0,"(22, 21)",taxation,6,0.25,False,True,False
51,81,81774.0,"(38, 3)",taxation,6,0.25,False,True,False
51,82,90307.0,"(6, 43)",taxation,6,0.25,False,True,False
51,84,86042.0,"(24, 27)",taxation,6,0.25,False,True,False
51,87,86009.0,"(24, 28)",taxation,6,0.25,False,True,False
51,88,86028.0,"(26, 20)",taxation,6,0.25,False,True,False
51,93,38867.0,"(32, 31)",taxation,6,0.25,False,True,False
51,99,81720.0,"(28, 24)",taxation,6,0.25,False,True,False
51,101,86053.0,"(47, 15)",taxation,6,0.25,False,True,False
51,105,77453.0,"(27, 22)",taxation,6,0.25,False,True,False
51,114,98883.0,"(45, 15)",taxation,6,0.25,False,True,False
51,116,94618.0,"(28, 25)",taxation,6,0.25,False,True,False
51,117,77458.0,"(31, 34)",taxation,6,0.25,False,True,False
51,118,94601.0,"(47, 14)",taxation,6,0.25,False,True,False
51,119,86027.0,"(23, 25)",taxation,6,0.25,False,True,False
51,123,98894.0,"(29, 19)",taxation,6,0.25,False,True,False
51,126,86001.0,"(30, 29)",taxation,6,0.25,False,True,False
51,127,90301.0,"(32, 6)",taxation,6,0.25,False,True,False
51,128,94602.0,"(28, 14)",taxation,6,0.25,False,True,False
51,129,81759.0,"(44, 11)",taxation,6,0.25,False,True,False
51,131,86034.0,"(13, 41)",taxation,6,0.25,False,True,False
51,135,86020.0,"(23, 24)",taxation,6,0.25,False,True,False
51,136,68879.0,"(19, 24)",taxation,6,0.25,False,True,False
51,138,90302.0,"(37, 21)",taxation,6,0.25,False,True,False
51,143,86012.0,"(6, 45)",taxation,6,0.25,False,True,False
51,150,73152.0,"(31, 37)",taxation,6,0.25,False,True,False
51,151,68875.0,"(25, 25)",taxation,6,0.25,False,True,False
51,153,43136.0,"(11, 41)",taxation,6,0.25,False,True,False
51,157,81724.0,"(21, 21)",taxation,6,0.25,False,True,False
51,159,68896.0,"(43, 14)",taxation,6,0.25,False,True,False
51,171,86055.0,"(28, 40)",taxation,6,0.25,False,True,False
51,177,86053.0,"(46, 13)",taxation,6,0.25,False,True,False
51,178,94608.0,"(28, 19)",taxation,6,0.25,False,True,False
51,181,86017.00000000001,"(38, 18)",taxation,6,0.25,False,True,False
51,185,86023.0,"(31, 27)",taxation,6,0.25,False,True,False
51,190,86040.0,"(23, 21)",taxation,6,0.25,False,True,False
51,191,98862.0,"(46, 16)",taxation,6,0.25,False,True,False
51,192,77476.0,"(35, 20)",taxation,6,0.25,False,True,False
51,194,77473.0,"(23, 23)",taxation,6,0.25,False,True,False
51,195,38859.0,"(44, 16)",taxation,6,0.25,False,True,False
51,197,68860.0,"(14, 42)",taxation,6,0.25,False,True,False
51,199,98846.0,"(27, 16)",taxation,6,0.25,False,True,False
51,200,81730.0,"(18, 17)",taxation,6,0.25,False,True,False
51,204,94596.0,"(30, 23)",taxation,6,0.25,False,True,False
51,210,103151.0,"(5, 41)",taxation,6,0.25,False,True,False
51,211,56015.0,"(28, 23)",taxation,6,0.25,False,True,False
51,213,86044.0,"(7, 45)",taxation,6,0.25,False,True,False
51,215,94597.0,"(28, 20)",taxation,6,0.25,False,True,False
51,216,94595.0,"(22, 20)",taxation,6,0.25,False,True,False
51,217,51739.0,"(25, 24)",taxation,6,0.25,False,True,False
51,218,98897.0,"(25, 35)",taxation,6,0.25,False,True,False
51,220,94588.0,"(31, 28)",taxation,6,0.25,False,True,False
51,222,86042.0,"(26, 23)",taxation,6,0.25,False,True,False
51,223,60280.0,"(19, 21)",taxation,6,0.25,False,True,False
51,224,73178.0,"(30, 19)",taxation,6,0.25,False,True,False
51,227,94587.0,"(29, 27)",taxation,6,0.25,False,True,False
51,230,68889.0,"(13, 43)",taxation,6,0.25,False,True,False
51,238,86043.0,"(30, 39)",taxation,6,0.25,False,True,False
51,239,86011.0,"(20, 22)",taxation,6,0.25,False,True,False
51,243,81746.0,"(42, 9)",taxation,6,0.25,False,True,False
51,244,98890.0,"(16, 25)",taxation,6,0.25,False,True,False
51,245,94602.0,"(11, 42)",taxation,6,0.25,False,True,False
51,219-2,75288.0,"(29, 5)",taxation,6,0.25,False,True,False
51,158-2,62438.0,"(31, 23)",taxation,6,0.25,False,True,False
51,139-2,77445.25,"(27, 24)",taxation,6,0.25,False,True,False
51,179-2,56048.5,"(46, 12)",taxation,6,0.25,False,True,False
51,28-2,59268.25,"(44, 6)",taxation,6,0.25,False,True,False
51,187-2,34584.0,"(44, 14)",taxation,6,0.25,False,True,False
51,146-2,26028.0,"(35, 22)",taxation,6,0.25,False,True,False
51,94-2,21739.0,"(6, 46)",taxation,6,0.25,False,True,False
51,154-2,30309.0,"(23, 27)",taxation,6,0.25,False,True,False
51,173-2,17448.0,"(21, 46)",taxation,6,0.25,False,True,False
51,240-2,21714.0,"(28, 22)",taxation,6,0.25,False,True,False
51,246-2,64599.0,"(22, 25)",taxation,6,0.25,False,True,False
51,98-2,34607.0,"(29, 39)",taxation,6,0.25,False,True,False
51,140-2,350.0,"(8, 47)",taxation,6,0.25,False,True,False
51,176-2,330.0,"(27, 15)",taxation,6,0.25,False,True,False
51,208-2,68875.25,"(27, 21)",taxation,6,0.25,False,True,False
51,170-2,59242.75,"(8, 39)",taxation,6,0.25,False,True,False
51,1-2,49577.25,"(6, 47)",taxation,6,0.25,False,True,False
51,23-2,69970.0,"(46, 4)",taxation,6,0.25,False,True,False
51,17-2,71016.5,"(45, 16)",taxation,6,0.25,False,True,False
51,31-2,77431.5,"(29, 20)",taxation,6,0.25,False,True,False
51,228-2,50670.0,"(30, 32)",taxation,6,0.25,False,True,False
51,149-2,58188.0,"(8, 45)",taxation,6,0.25,False,True,False
51,206-2,65673.25,"(32, 30)",taxation,6,0.25,False,True,False
51,242-2,29229.25,"(28, 15)",taxation,6,0.25,False,True,False
51,75-2,61388.0,"(14, 36)",taxation,6,0.25,False,True,False
51,74-2,75312.0,"(41, 6)",taxation,6,0.25,False,True,False
51,241-2,61368.5,"(29, 24)",taxation,6,0.25,False,True,False
51,42-2,48528.5,"(13, 40)",taxation,6,0.25,False,True,False
51,142-2,42071.75,"(44, 10)",taxation,6,0.25,False,True,False
51,172-2,71007.75,"(28, 21)",taxation,6,0.25,False,True,False
51,167-2,67808.75,"(33, 23)",taxation,6,0.25,False,True,False
51,38-2,67813.5,"(26, 25)",taxation,6,0.25,False,True,False
51,198-2,61386.5,"(9, 45)",taxation,6,0.25,False,True,False
51,0-2,45307.25,"(33, 21)",taxation,6,0.25,False,True,False
51,6-2,74229.0,"(14, 41)",taxation,6,0.25,False,True,False
51,76-2,64603.750000000015,"(6, 49)",taxation,6,0.25,False,True,False
51,144-2,64598.5,"(5, 45)",taxation,6,0.25,False,True,False
51,25-2,58161.0,"(24, 26)",taxation,6,0.25,False,True,False
51,40-2,71031.0,"(15, 39)",taxation,6,0.25,False,True,False
51,10-2,67782.25,"(46, 15)",taxation,6,0.25,False,True,False
51,180-2,64596.25,"(18, 22)",taxation,6,0.25,False,True,False
51,212-2,67778.75,"(25, 26)",taxation,6,0.25,False,True,False
51,63-2,61350.75,"(41, 4)",taxation,6,0.25,False,True,False
51,189-2,58153.5,"(28, 29)",taxation,6,0.25,False,True,False
51,54-2,64590.25,"(30, 8)",taxation,6,0.25,False,True,False
51,4-2,48497.25,"(27, 8)",taxation,6,0.25,False,True,False
51,83-2,71007.75,"(33, 6)",taxation,6,0.25,False,True,False
51,249-2,67799.0,"(10, 44)",taxation,6,0.25,False,True,False
51,22-2,74221.0,"(22, 23)",taxation,6,0.25,False,True,False
51,205-2,32436.75,"(30, 5)",taxation,6,0.25,False,True,False
51,156-2,48506.5,"(19, 23)",taxation,6,0.25,False,True,False
51,51-2,67783.5,"(12, 42)",taxation,6,0.25,False,True,False
51,133-2,58142.0,"(5, 48)",taxation,6,0.25,False,True,False
51,73-2,67799.25,"(6, 48)",taxation,6,0.25,False,True,False
51,56-2,64586.75,"(23, 28)",taxation,6,0.25,False,True,False
51,182-2,67783.25,"(15, 30)",taxation,6,0.25,False,True,False
51,71-2,71009.25,"(41, 0)",taxation,6,0.25,False,True,False
51,91-2,70990.75,"(20, 23)",taxation,6,0.25,False,True,False
51,226-2,64563.75,"(25, 27)",taxation,6,0.25,False,True,False
51,225-2,67766.75,"(16, 39)",taxation,6,0.25,False,True,False
51,148-2,51706.25,"(22, 43)",taxation,6,0.25,False,True,False
51,16-2,74222.5,"(25, 14)",taxation,6,0.25,False,True,False
51,111-2,70998.25,"(42, 15)",taxation,6,0.25,False,True,False
51,134-2,64586.0,"(45, 2)",taxation,6,0.25,False,True,False
51,168-2,71009.5,"(28, 27)",taxation,6,0.25,False,True,False
51,106-2,61378.75,"(46, 14)",taxation,6,0.25,False,True,False
51,162-2,67788.5,"(44, 17)",taxation,6,0.25,False,True,False
51,214-2,42054.0,"(43, 6)",taxation,6,0.25,False,True,False
51,110-2,74204.0,"(21, 23)",taxation,6,0.25,False,True,False
51,95-2,74207.5,"(47, 11)",taxation,6,0.25,False,True,False
51,122-2,54928.25,"(8, 49)",taxation,6,0.25,False,True,False
51,231-2,42055.75,"(17, 15)",taxation,6,0.25,False,True,False
51,100-2,64570.75,"(39, 11)",taxation,6,0.25,False,True,False
51,141-2,51714.5,"(2, 41)",taxation,6,0.25,False,True,False
51,165-2,77417.0,"(31, 2)",taxation,6,0.25,False,True,False
51,186-2,61365.25,"(31, 22)",taxation,6,0.25,False,True,False
51,201-2,45258.25,"(44, 7)",taxation,6,0.25,False,True,False
51,21-2,61359.25,"(32, 32)",taxation,6,0.25,False,True,False
51,183-2,45268.75,"(26, 37)",taxation,6,0.25,False,True,False
51,203-2,77409.25,"(47, 10)",taxation,6,0.25,False,True,False
51,32-2,70984.75,"(42, 8)",taxation,6,0.25,False,True,False
51,115-2,70983.75,"(37, 4)",taxation,6,0.25,False,True,False
51,169-2,51711.0,"(27, 25)",taxation,6,0.25,False,True,False
51,78-2,61344.25,"(13, 42)",taxation,6,0.25,False,True,False
51,137-2,58129.5,"(27, 20)",taxation,6,0.25,False,True,False
51,55-2,70975.25,"(27, 23)",taxation,6,0.25,False,True,False
51,112-2,70984.5,"(10, 38)",taxation,6,0.25,False,True,False
51,193-2,58148.5,"(42, 13)",taxation,6,0.25,False,True,False
51,50-2,74186.5,"(32, 24)",taxation,6,0.25,False,True,False
51,53-2,42047.25,"(20, 20)",taxation,6,0.25,False,True,False
51,5-2,29185.5,"(45, 12)",taxation,6,0.25,False,True,False
51,247-2,58127.0,"(18, 18)",taxation,6,0.25,False,True,False
51,147-2,64562.75,"(44, 12)",taxation,6,0.25,False,True,False
51,145-2,67772.0,"(9, 46)",taxation,6,0.25,False,True,False
51,207-2,51680.75,"(43, 13)",taxation,6,0.25,False,True,False
51,120-2,74171.0,"(23, 22)",taxation,6,0.25,False,True,False
51,125-2,70986.0,"(15, 34)",taxation,6,0.25,False,True,False
51,41-2,70997.0,"(23, 26)",taxation,6,0.25,False,True,False
51,209-2,74204.5,"(45, 13)",taxation,6,0.25,False,True,False
51,113-2,67753.75,"(42, 16)",taxation,6,0.25,False,True,False
51,68-2,54911.75,"(12, 27)",taxation,6,0.25,False,True,False
51,161-2,54904.0,"(10, 45)",taxation,6,0.25,False,True,False
51,175-2,54913.5,"(44, 3)",taxation,6,0.25,False,True,False
51,85-2,58125.0,"(26, 26)",taxation,6,0.25,False,True,False
51,234-2,67738.5,"(5, 47)",taxation,6,0.25,False,True,False
51,45-2,67760.75,"(24, 23)",taxation,6,0.25,False,True,False
51,196-2,45269.0,"(8, 40)",taxation,6,0.25,False,True,False
51,174-2,70977.5,"(46, 9)",taxation,6,0.25,False,True,False
51,103-2,64534.5,"(44, 5)",taxation,6,0.25,False,True,False
51,33-2,51697.25,"(25, 12)",taxation,6,0.25,False,True,False
51,19-2,67749.0,"(19, 19)",taxation,6,0.25,False,True,False
51,130-2,70970.5,"(26, 24)",taxation,6,0.25,False,True,False
51,155-2,67775.25,"(16, 40)",taxation,6,0.25,False,True,False
51,86-2,64552.0,"(7, 49)",taxation,6,0.25,False,True,False
51,164-2,67761.25,"(30, 9)",taxation,6,0.25,False,True,False
51,2-2,64544.75,"(9, 49)",taxation,6,0.25,False,True,False
51,11-2,51657.25,"(3, 47)",taxation,6,0.25,False,True,False
51,202-2,74176.0,"(31, 0)",taxation,6,0.25,False,True,False
51,121-2,64560.0,"(18, 28)",taxation,6,0.25,False,True,False
51,163-2,77396.0,"(14, 39)",taxation,6,0.25,False,True,False
51,18-2,74193.75,"(44, 13)",taxation,6,0.25,False,True,False
51,132-2,70956.75,"(24, 25)",taxation,6,0.25,False,True,False
51,160-2,58108.0,"(9, 39)",taxation,6,0.25,False,True,False
51,221-2,61322.5,"(40, 14)",taxation,6,0.25,False,True,False
51,90-2,58130.5,"(31, 5)",taxation,6,0.25,False,True,False
51,64-2,64541.0,"(41, 2)",taxation,6,0.25,False,True,False
51,102-2,45248.5,"(29, 28)",taxation,6,0.25,False,True,False
51,188-2,64547.5,"(7, 48)",taxation,6,0.25,False,True,False
51,92-2,70955.0,"(24, 24)",taxation,6,0.25,False,True,False
51,96-2,74184.5,"(12, 41)",taxation,6,0.25,False,True,False
51,107-2,70950.5,"(29, 40)",taxation,6,0.25,False,True,False
51,80-2,70951.5,"(29, 6)",taxation,6,0.25,False,True,False
51,237-2,51665.75,"(7, 47)",taxation,6,0.25,False,True,False
51,13-2,61324.25,"(8, 42)",taxation,6,0.25,False,True,False
51,104-2,61335.5,"(29, 4)",taxation,6,0.25,False,True,False
51,27-2,58100.75,"(36, 4)",taxation,6,0.25,False,True,False
51,248-2,64525.25,"(27, 19)",taxation,6,0.25,False,True,False
51,48-2,67722.0,"(26, 19)",taxation,6,0.25,False,True,False
51,57-2,58091.25,"(41, 9)",taxation,6,0.25,False,True,False
51,184-2,64509.25,"(18, 16)",taxation,6,0.25,False,True,False
51,30-2,74170.25,"(7, 46)",taxation,6,0.25,False,True,False
51,108-2,35583.25,"(7, 44)",taxation,6,0.25,False,True,False
51,166-2,61318.25,"(25, 15)",taxation,6,0.25,False,True,False
51,233-2,61314.25,"(43, 15)",taxation,6,0.25,False,True,False
51,69-2,70952.5,"(18, 21)",taxation,6,0.25,False,True,False
51,229-2,70973.25,"(31, 31)",taxation,6,0.25,False,True,False
51,236-2,64522.25,"(28, 11)",taxation,6,0.25,False,True,False
51,109-2,64542.5,"(38, 11)",taxation,6,0.25,False,True,False
51,235-2,64525.25,"(23, 20)",taxation,6,0.25,False,True,False
51,62-2,64526.5,"(6, 39)",taxation,6,0.25,False,True,False
51,89-2,67747.75,"(14, 43)",taxation,6,0.25,False,True,False
51,58-2,67707.5,"(2, 45)",taxation,6,0.25,False,True,False
51,61-2,77375.25,"(12, 40)",taxation,6,0.25,False,True,False
51,152-2,67742.25,"(11, 45)",taxation,6,0.25,False,True,False
51,124-2,61304.25,"(30, 0)",taxation,6,0.25,False,True,False
51,97-2,51642.75,"(29, 25)",taxation,6,0.25,False,True,False
51,232-2,38792.25,"(10, 40)",taxation,6,0.25,False,True,False
52,3,51727.0,"(0, 47)",taxation,6,0.25,False,True,False
52,8,86060.0,"(12, 43)",taxation,6,0.25,False,True,False
52,9,73195.0,"(21, 17)",taxation,6,0.25,False,True,False
52,12,81743.0,"(46, 3)",taxation,6,0.25,False,True,False
52,14,21730.0,"(21, 20)",taxation,6,0.25,False,True,False
52,15,77478.0,"(46, 18)",taxation,6,0.25,False,True,False
52,20,81743.0,"(43, 11)",taxation,6,0.25,False,True,False
52,24,68906.0,"(44, 15)",taxation,6,0.25,False,True,False
52,29,86040.0,"(1, 45)",taxation,6,0.25,False,True,False
52,34,77468.0,"(0, 45)",taxation,6,0.25,False,True,False
52,35,86046.0,"(0, 48)",taxation,6,0.25,False,True,False
52,36,64595.0,"(24, 45)",taxation,6,0.25,False,True,False
52,39,60304.0,"(13, 35)",taxation,6,0.25,False,True,False
52,43,86040.0,"(48, 17)",taxation,6,0.25,False,True,False
52,44,56045.0,"(28, 3)",taxation,6,0.25,False,True,False
52,46,60316.0,"(28, 17)",taxation,6,0.25,False,True,False
52,47,60315.0,"(16, 24)",taxation,6,0.25,False,True,False
52,49,81753.0,"(7, 40)",taxation,6,0.25,False,True,False
52,52,64603.0,"(37, 28)",taxation,6,0.25,False,True,False
52,59,77449.0,"(1, 47)",taxation,6,0.25,False,True,False
52,60,90312.0,"(35, 27)",taxation,6,0.25,False,True,False
52,65,98875.0,"(33, 27)",taxation,6,0.25,False,True,False
52,66,94607.0,"(38, 23)",taxation,6,0.25,False,True,False
52,67,64600.0,"(2, 48)",taxation,6,0.25,False,True,False
52,70,90330.0,"(19, 18)",taxation,6,0.25,False,True,False
52,72,98870.0,"(31, 32)",taxation,6,0.25,False,True,False
52,77,73167.0,"(5, 46)",taxation,6,0.25,False,True,False
52,79,81739.0,"(22, 17)",taxation,6,0.25,False,True,False
52,81,81778.0,"(41, 7)",taxation,6,0.25,False,True,False
52,82,90316.0,"(4, 48)",taxation,6,0.25,False,True,False
52,84,86045.0,"(19, 22)",taxation,6,0.25,False,True,False
52,87,86012.0,"(18, 24)",taxation,6,0.25,False,True,False
52,88,86036.0,"(24, 17)",taxation,6,0.25,False,True,False
52,93,38875.0,"(36, 29)",taxation,6,0.25,False,True,False
52,99,81723.0,"(32, 23)",taxation,6,0.25,False,True,False
52,101,86061.0,"(49, 16)",taxation,6,0.25,False,True,False
52,105,77461.0,"(23, 18)",taxation,6,0.25,False,True,False
52,114,98891.0,"(49, 18)",taxation,6,0.25,False,True,False
52,117,77466.0,"(35, 35)",taxation,6,0.25,False,True,False
52,118,94609.0,"(48, 20)",taxation,6,0.25,False,True,False
52,119,86036.0,"(24, 22)",taxation,6,0.25,False,True,False
52,123,98901.0,"(24, 13)",taxation,6,0.25,False,True,False
52,126,86009.0,"(36, 27)",taxation,6,0.25,False,True,False
52,127,90306.0,"(28, 4)",taxation,6,0.25,False,True,False
52,128,94611.0,"(24, 14)",taxation,6,0.25,False,True,False
52,129,81767.0,"(49, 14)",taxation,6,0.25,False,True,False
52,131,86041.0,"(16, 41)",taxation,6,0.25,False,True,False
52,135,86027.0,"(17, 20)",taxation,6,0.25,False,True,False
52,136,68886.0,"(17, 18)",taxation,6,0.25,False,True,False
52,138,90310.0,"(39, 23)",taxation,6,0.25,False,True,False
52,143,86021.0,"(0, 49)",taxation,6,0.25,False,True,False
52,150,73160.0,"(33, 36)",taxation,6,0.25,False,True,False
52,151,68883.0,"(22, 19)",taxation,6,0.25,False,True,False
52,153,43144.0,"(10, 42)",taxation,6,0.25,False,True,False
52,157,81732.0,"(21, 16)",taxation,6,0.25,False,True,False
52,159,68905.0,"(46, 19)",taxation,6,0.25,False,True,False
52,171,86063.0,"(26, 43)",taxation,6,0.25,False,True,False
52,177,86060.0,"(49, 17)",taxation,6,0.25,False,True,False
52,178,94617.0,"(25, 19)",taxation,6,0.25,False,True,False
52,181,86025.00000000001,"(38, 22)",taxation,6,0.25,False,True,False
52,185,86031.0,"(31, 26)",taxation,6,0.25,False,True,False
52,190,86049.0,"(24, 21)",taxation,6,0.25,False,True,False
52,191,98870.0,"(47, 20)",taxation,6,0.25,False,True,False
52,192,77484.0,"(34, 21)",taxation,6,0.25,False,True,False
52,194,77481.0,"(21, 18)",taxation,6,0.25,False,True,False
52,195,38868.0,"(47, 18)",taxation,6,0.25,False,True,False
52,197,68868.0,"(12, 45)",taxation,6,0.25,False,True,False
52,199,98855.0,"(25, 18)",taxation,6,0.25,False,True,False
52,200,81738.0,"(19, 15)",taxation,6,0.25,False,True,False
52,204,94604.0,"(36, 26)",taxation,6,0.25,False,True,False
52,210,103159.0,"(1, 42)",taxation,6,0.25,False,True,False
52,211,56024.0,"(24, 18)",taxation,6,0.25,False,True,False
52,213,86053.0,"(4, 49)",taxation,6,0.25,False,True,False
52,215,94604.0,"(23, 14)",taxation,6,0.25,False,True,False
52,216,94603.0,"(20, 15)",taxation,6,0.25,False,True,False
52,217,51747.0,"(21, 19)",taxation,6,0.25,False,True,False
52,218,98904.0,"(26, 41)",taxation,6,0.25,False,True,False
52,220,94596.0,"(36, 28)",taxation,6,0.25,False,True,False
52,222,86044.0,"(30, 24)",taxation,6,0.25,False,True,False
52,223,60289.0,"(24, 19)",taxation,6,0.25,False,True,False
52,224,73187.0,"(26, 22)",taxation,6,0.25,False,True,False
52,227,94594.0,"(34, 30)",taxation,6,0.25,False,True,False
52,230,68896.0,"(15, 41)",taxation,6,0.25,False,True,False
52,238,86051.0,"(31, 39)",taxation,6,0.25,False,True,False
52,239,86019.0,"(20, 17)",taxation,6,0.25,False,True,False
52,243,81754.0,"(47, 13)",taxation,6,0.25,False,True,False
52,244,98897.0,"(13, 20)",taxation,6,0.25,False,True,False
52,245,94609.0,"(12, 38)",taxation,6,0.25,False,True,False
52,219-2,75296.0,"(25, 8)",taxation,6,0.25,False,True,False
52,158-2,62447.0,"(33, 24)",taxation,6,0.25,False,True,False
52,139-2,77453.25,"(33, 25)",taxation,6,0.25,False,True,False
52,179-2,56056.5,"(48, 13)",taxation,6,0.25,False,True,False
52,28-2,59275.25,"(48, 8)",taxation,6,0.25,False,True,False
52,187-2,34593.0,"(47, 16)",taxation,6,0.25,False,True,False
52,146-2,26036.0,"(35, 23)",taxation,6,0.25,False,True,False
52,94-2,21747.0,"(1, 43)",taxation,6,0.25,False,True,False
52,154-2,30312.0,"(17, 27)",taxation,6,0.25,False,True,False
52,173-2,17456.0,"(22, 45)",taxation,6,0.25,False,True,False
52,240-2,21722.0,"(33, 22)",taxation,6,0.25,False,True,False
52,246-2,64606.0,"(16, 21)",taxation,6,0.25,False,True,False
52,98-2,34615.0,"(34, 39)",taxation,6,0.25,False,True,False
52,140-2,357.0,"(2, 44)",taxation,6,0.25,False,True,False
52,176-2,338.0,"(22, 15)",taxation,6,0.25,False,True,False
52,208-2,68884.25,"(26, 21)",taxation,6,0.25,False,True,False
52,170-2,59250.75,"(8, 41)",taxation,6,0.25,False,True,False
52,1-2,49585.25,"(1, 46)",taxation,6,0.25,False,True,False
52,23-2,69976.0,"(47, 7)",taxation,6,0.25,False,True,False
52,17-2,71024.5,"(48, 18)",taxation,6,0.25,False,True,False
52,31-2,77440.5,"(25, 21)",taxation,6,0.25,False,True,False
52,228-2,50679.0,"(32, 28)",taxation,6,0.25,False,True,False
52,149-2,58196.0,"(4, 43)",taxation,6,0.25,False,True,False
52,206-2,65681.25,"(34, 28)",taxation,6,0.25,False,True,False
52,242-2,29237.25,"(27, 14)",taxation,6,0.25,False,True,False
52,75-2,61395.0,"(13, 36)",taxation,6,0.25,False,True,False
52,74-2,75319.0,"(47, 9)",taxation,6,0.25,False,True,False
52,241-2,61377.5,"(32, 25)",taxation,6,0.25,False,True,False
52,42-2,48536.5,"(13, 45)",taxation,6,0.25,False,True,False
52,142-2,42078.75,"(48, 12)",taxation,6,0.25,False,True,False
52,172-2,71015.75,"(25, 17)",taxation,6,0.25,False,True,False
52,167-2,67816.75,"(37, 22)",taxation,6,0.25,False,True,False
52,38-2,67816.5,"(31, 30)",taxation,6,0.25,False,True,False
52,198-2,61394.5,"(5, 44)",taxation,6,0.25,False,True,False
52,0-2,45316.25,"(34, 23)",taxation,6,0.25,False,True,False
52,6-2,74237.0,"(11, 47)",taxation,6,0.25,False,True,False
52,76-2,64611.750000000015,"(2, 46)",taxation,6,0.25,False,True,False
52,144-2,64607.5,"(3, 48)",taxation,6,0.25,False,True,False
52,25-2,58164.0,"(18, 23)",taxation,6,0.25,False,True,False
52,40-2,71039.0,"(11, 43)",taxation,6,0.25,False,True,False
52,10-2,67789.25,"(49, 15)",taxation,6,0.25,False,True,False
52,180-2,64604.25,"(19, 17)",taxation,6,0.25,False,True,False
52,212-2,67786.75,"(31, 24)",taxation,6,0.25,False,True,False
52,63-2,61356.75,"(45, 8)",taxation,6,0.25,False,True,False
52,189-2,58161.5,"(34, 35)",taxation,6,0.25,False,True,False
52,54-2,64598.25,"(27, 11)",taxation,6,0.25,False,True,False
52,4-2,48504.25,"(22, 7)",taxation,6,0.25,False,True,False
52,83-2,71013.75,"(27, 9)",taxation,6,0.25,False,True,False
52,249-2,67807.0,"(10, 46)",taxation,6,0.25,False,True,False
52,22-2,74224.0,"(17, 25)",taxation,6,0.25,False,True,False
52,205-2,32444.75,"(25, 5)",taxation,6,0.25,False,True,False
52,156-2,48513.5,"(13, 19)",taxation,6,0.25,False,True,False
52,51-2,67791.5,"(12, 44)",taxation,6,0.25,False,True,False
52,133-2,58151.0,"(1, 49)",taxation,6,0.25,False,True,False
52,73-2,67808.25,"(3, 49)",taxation,6,0.25,False,True,False
52,56-2,64589.75,"(17, 29)",taxation,6,0.25,False,True,False
52,182-2,67790.25,"(11, 34)",taxation,6,0.25,False,True,False
52,71-2,71015.25,"(47, 6)",taxation,6,0.25,False,True,False
52,91-2,70996.75,"(14, 20)",taxation,6,0.25,False,True,False
52,226-2,64566.75,"(31, 29)",taxation,6,0.25,False,True,False
52,225-2,67773.75,"(15, 40)",taxation,6,0.25,False,True,False
52,148-2,51714.25,"(23, 45)",taxation,6,0.25,False,True,False
52,16-2,74230.5,"(26, 14)",taxation,6,0.25,False,True,False
52,111-2,71006.25,"(48, 16)",taxation,6,0.25,False,True,False
52,134-2,64592.0,"(48, 6)",taxation,6,0.25,False,True,False
52,168-2,71018.5,"(32, 27)",taxation,6,0.25,False,True,False
52,106-2,61387.75,"(46, 20)",taxation,6,0.25,False,True,False
52,162-2,67796.5,"(47, 21)",taxation,6,0.25,False,True,False
52,214-2,42060.0,"(48, 7)",taxation,6,0.25,False,True,False
52,110-2,74208.0,"(16, 23)",taxation,6,0.25,False,True,False
52,95-2,74216.5,"(47, 17)",taxation,6,0.25,False,True,False
52,122-2,54936.25,"(2, 47)",taxation,6,0.25,False,True,False
52,231-2,42063.75,"(18, 15)",taxation,6,0.25,False,True,False
52,100-2,64576.75,"(45, 9)",taxation,6,0.25,False,True,False
52,141-2,51722.5,"(1, 41)",taxation,6,0.25,False,True,False
52,165-2,77422.0,"(27, 3)",taxation,6,0.25,False,True,False
52,186-2,61373.25,"(37, 25)",taxation,6,0.25,False,True,False
52,201-2,45266.25,"(48, 11)",taxation,6,0.25,False,True,False
52,21-2,61368.25,"(33, 26)",taxation,6,0.25,False,True,False
52,183-2,45276.75,"(32, 39)",taxation,6,0.25,False,True,False
52,203-2,77416.25,"(48, 10)",taxation,6,0.25,False,True,False
52,32-2,70991.75,"(48, 9)",taxation,6,0.25,False,True,False
52,115-2,70988.75,"(40, 10)",taxation,6,0.25,False,True,False
52,169-2,51720.0,"(24, 20)",taxation,6,0.25,False,True,False
52,78-2,61351.25,"(17, 42)",taxation,6,0.25,False,True,False
52,137-2,58138.5,"(25, 20)",taxation,6,0.25,False,True,False
52,55-2,70983.25,"(27, 17)",taxation,6,0.25,False,True,False
52,112-2,70992.5,"(7, 39)",taxation,6,0.25,False,True,False
52,193-2,58156.5,"(48, 19)",taxation,6,0.25,False,True,False
52,50-2,74195.5,"(34, 24)",taxation,6,0.25,False,True,False
52,53-2,42055.25,"(20, 18)",taxation,6,0.25,False,True,False
52,5-2,29192.5,"(49, 11)",taxation,6,0.25,False,True,False
52,247-2,58136.0,"(23, 16)",taxation,6,0.25,False,True,False
52,147-2,64569.75,"(49, 12)",taxation,6,0.25,False,True,False
52,145-2,67780.0,"(4, 45)",taxation,6,0.25,False,True,False
52,207-2,51689.75,"(47, 19)",taxation,6,0.25,False,True,False
52,120-2,74179.0,"(23, 17)",taxation,6,0.25,False,True,False
52,125-2,70993.0,"(12, 35)",taxation,6,0.25,False,True,False
52,41-2,71000.0,"(17, 26)",taxation,6,0.25,False,True,False
52,209-2,74211.5,"(49, 13)",taxation,6,0.25,False,True,False
52,113-2,67761.75,"(41, 22)",taxation,6,0.25,False,True,False
52,68-2,54917.75,"(11, 25)",taxation,6,0.25,False,True,False
52,161-2,54911.0,"(14, 45)",taxation,6,0.25,False,True,False
52,175-2,54920.5,"(47, 8)",taxation,6,0.25,False,True,False
52,85-2,58134.0,"(25, 22)",taxation,6,0.25,False,True,False
52,234-2,67746.5,"(0, 42)",taxation,6,0.25,False,True,False
52,45-2,67763.75,"(27, 18)",taxation,6,0.25,False,True,False
52,196-2,45277.0,"(2, 43)",taxation,6,0.25,False,True,False
52,174-2,70983.5,"(46, 8)",taxation,6,0.25,False,True,False
52,103-2,64541.5,"(49, 10)",taxation,6,0.25,False,True,False
52,33-2,51705.25,"(21, 14)",taxation,6,0.25,False,True,False
52,19-2,67757.0,"(20, 16)",taxation,6,0.25,False,True,False
52,130-2,70973.5,"(26, 18)",taxation,6,0.25,False,True,False
52,155-2,67783.25,"(13, 44)",taxation,6,0.25,False,True,False
52,86-2,64559.0,"(4, 44)",taxation,6,0.25,False,True,False
52,164-2,67770.25,"(25, 11)",taxation,6,0.25,False,True,False
52,2-2,64553.75,"(5, 49)",taxation,6,0.25,False,True,False
52,11-2,51666.25,"(1, 48)",taxation,6,0.25,False,True,False
52,202-2,74181.0,"(27, 2)",taxation,6,0.25,False,True,False
52,121-2,64566.0,"(14, 32)",taxation,6,0.25,False,True,False
52,163-2,77403.0,"(14, 40)",taxation,6,0.25,False,True,False
52,18-2,74201.75,"(48, 14)",taxation,6,0.25,False,True,False
52,132-2,70964.75,"(23, 19)",taxation,6,0.25,False,True,False
52,160-2,58116.0,"(7, 43)",taxation,6,0.25,False,True,False
52,221-2,61329.5,"(44, 20)",taxation,6,0.25,False,True,False
52,90-2,58137.5,"(25, 10)",taxation,6,0.25,False,True,False
52,64-2,64547.0,"(46, 7)",taxation,6,0.25,False,True,False
52,102-2,45255.5,"(33, 31)",taxation,6,0.25,False,True,False
52,188-2,64556.5,"(2, 49)",taxation,6,0.25,False,True,False
52,92-2,70963.0,"(22, 18)",taxation,6,0.25,False,True,False
52,96-2,74191.5,"(11, 37)",taxation,6,0.25,False,True,False
52,107-2,70958.5,"(30, 40)",taxation,6,0.25,False,True,False
52,80-2,70959.5,"(26, 11)",taxation,6,0.25,False,True,False
52,237-2,51673.75,"(3, 45)",taxation,6,0.25,False,True,False
52,13-2,61332.25,"(3, 43)",taxation,6,0.25,False,True,False
52,104-2,61342.5,"(26, 10)",taxation,6,0.25,False,True,False
52,27-2,58104.75,"(31, 4)",taxation,6,0.25,False,True,False
52,248-2,64533.25,"(26, 15)",taxation,6,0.25,False,True,False
52,48-2,67730.0,"(26, 17)",taxation,6,0.25,False,True,False
52,57-2,58099.25,"(47, 12)",taxation,6,0.25,False,True,False
52,184-2,64517.25,"(19, 16)",taxation,6,0.25,False,True,False
52,30-2,74177.25,"(6, 40)",taxation,6,0.25,False,True,False
52,108-2,35591.25,"(3, 44)",taxation,6,0.25,False,True,False
52,166-2,61326.25,"(21, 15)",taxation,6,0.25,False,True,False
52,233-2,61322.25,"(48, 15)",taxation,6,0.25,False,True,False
52,69-2,70960.5,"(20, 19)",taxation,6,0.25,False,True,False
52,229-2,70981.25,"(34, 34)",taxation,6,0.25,False,True,False
52,236-2,64529.25,"(24, 10)",taxation,6,0.25,False,True,False
52,109-2,64548.5,"(43, 16)",taxation,6,0.25,False,True,False
52,235-2,64533.25,"(22, 16)",taxation,6,0.25,False,True,False
52,62-2,64534.5,"(4, 42)",taxation,6,0.25,False,True,False
52,89-2,67754.75,"(14, 44)",taxation,6,0.25,False,True,False
52,58-2,67715.5,"(0, 41)",taxation,6,0.25,False,True,False
52,61-2,77382.25,"(13, 38)",taxation,6,0.25,False,True,False
52,152-2,67749.25,"(11, 46)",taxation,6,0.25,False,True,False
52,124-2,61310.25,"(24, 5)",taxation,6,0.25,False,True,False
52,97-2,51651.75,"(32, 26)",taxation,6,0.25,False,True,False
52,232-2,38799.25,"(11, 38)",taxation,6,0.25,False,True,False
52,116-2,70969.5,"(34, 27)",taxation,6,0.25,False,True,False
52,37-2,67752.75,"(49, 9)",taxation,6,0.25,False,True,False
52,7-2,48448.5,"(25, 42)",taxation,6,0.25,False,True,False
52,26-2,51666.75,"(34, 38)",taxation,6,0.25,False,True,False
53,3,51729.0,"(0, 43)",taxation,6,0.25,False,True,False
53,8,86068.0,"(6, 37)",taxation,6,0.25,False,True,False
53,9,73204.0,"(20, 14)",taxation,6,0.25,False,True,False
53,12,81749.0,"(46, 5)",taxation,6,0.25,False,True,False
53,14,21738.0,"(17, 14)",taxation,6,0.25,False,True,False
53,15,77486.0,"(43, 21)",taxation,6,0.25,False,True,False
53,20,81749.0,"(41, 15)",taxation,6,0.25,False,True,False
53,24,68914.0,"(44, 21)",taxation,6,0.25,False,True,False
53,29,86048.0,"(1, 39)",taxation,6,0.25,False,True,False
53,34,77476.0,"(1, 40)",taxation,6,0.25,False,True,False
53,35,86054.0,"(1, 44)",taxation,6,0.25,False,True,False
53,36,64603.0,"(25, 45)",taxation,6,0.25,False,True,False
53,39,60312.0,"(12, 36)",taxation,6,0.25,False,True,False
53,43,86048.0,"(49, 19)",taxation,6,0.25,False,True,False
53,44,56053.0,"(22, 1)",taxation,6,0.25,False,True,False
53,46,60322.0,"(24, 11)",taxation,6,0.25,False,True,False
53,47,60322.0,"(11, 24)",taxation,6,0.25,False,True,False
53,49,81760.0,"(6, 35)",taxation,6,0.25,False,True,False
53,52,64611.0,"(41, 28)",taxation,6,0.25,False,True,False
53,60,90320.0,"(37, 30)",taxation,6,0.25,False,True,False
53,65,98881.0,"(37, 32)",taxation,6,0.25,False,True,False
53,66,94615.0,"(42, 25)",taxation,6,0.25,False,True,False
53,67,64602.0,"(7, 42)",taxation,6,0.25,False,True,False
53,70,90338.0,"(16, 15)",taxation,6,0.25,False,True,False
53,72,98878.0,"(33, 38)",taxation,6,0.25,False,True,False
53,77,73169.0,"(8, 44)",taxation,6,0.25,False,True,False
53,79,81745.0,"(23, 11)",taxation,6,0.25,False,True,False
53,81,81784.0,"(46, 6)",taxation,6,0.25,False,True,False
53,84,86051.0,"(13, 24)",taxation,6,0.25,False,True,False
53,87,86018.0,"(14, 24)",taxation,6,0.25,False,True,False
53,93,38883.0,"(40, 31)",taxation,6,0.25,False,True,False
53,99,81732.0,"(37, 26)",taxation,6,0.25,False,True,False
53,101,86068.0,"(45, 20)",taxation,6,0.25,False,True,False
53,105,77467.0,"(19, 12)",taxation,6,0.25,False,True,False
53,114,98899.0,"(48, 21)",taxation,6,0.25,False,True,False
53,118,94617.0,"(47, 23)",taxation,6,0.25,False,True,False
53,119,86039.0,"(21, 22)",taxation,6,0.25,False,True,False
53,123,98909.0,"(19, 10)",taxation,6,0.25,False,True,False
53,126,86018.0,"(38, 25)",taxation,6,0.25,False,True,False
53,127,90314.0,"(22, 6)",taxation,6,0.25,False,True,False
53,128,94619.0,"(22, 11)",taxation,6,0.25,False,True,False
53,129,81771.0,"(43, 20)",taxation,6,0.25,False,True,False
53,131,86049.0,"(19, 45)",taxation,6,0.25,False,True,False
53,135,86035.0,"(14, 14)",taxation,6,0.25,False,True,False
53,136,68894.0,"(14, 15)",taxation,6,0.25,False,True,False
53,138,90318.0,"(39, 21)",taxation,6,0.25,False,True,False
53,143,86022.0,"(0, 46)",taxation,6,0.25,False,True,False
53,150,73168.0,"(32, 35)",taxation,6,0.25,False,True,False
53,151,68891.0,"(17, 13)",taxation,6,0.25,False,True,False
53,153,43152.0,"(7, 38)",taxation,6,0.25,False,True,False
53,157,81740.0,"(21, 13)",taxation,6,0.25,False,True,False
53,159,68913.0,"(46, 22)",taxation,6,0.25,False,True,False
53,171,86071.0,"(27, 42)",taxation,6,0.25,False,True,False
53,177,86068.0,"(49, 20)",taxation,6,0.25,False,True,False
53,178,94625.0,"(22, 14)",taxation,6,0.25,False,True,False
53,181,86033.00000000001,"(41, 24)",taxation,6,0.25,False,True,False
53,185,86039.0,"(36, 31)",taxation,6,0.25,False,True,False
53,190,86054.0,"(24, 16)",taxation,6,0.25,False,True,False
53,191,98878.0,"(47, 24)",taxation,6,0.25,False,True,False
53,192,77490.0,"(40, 21)",taxation,6,0.25,False,True,False
53,194,77489.0,"(17, 12)",taxation,6,0.25,False,True,False
53,195,38876.0,"(44, 23)",taxation,6,0.25,False,True,False
53,197,68875.0,"(18, 45)",taxation,6,0.25,False,True,False
53,199,98860.0,"(25, 13)",taxation,6,0.25,False,True,False
53,200,81747.0,"(19, 14)",taxation,6,0.25,False,True,False
53,204,94612.0,"(41, 27)",taxation,6,0.25,False,True,False
53,210,103167.0,"(2, 36)",taxation,6,0.25,False,True,False
53,211,56033.0,"(20, 13)",taxation,6,0.25,False,True,False
53,213,86055.0,"(10, 49)",taxation,6,0.25,False,True,False
53,215,94612.0,"(18, 9)",taxation,6,0.25,False,True,False
53,216,94611.0,"(14, 13)",taxation,6,0.25,False,True,False
53,217,51753.0,"(16, 16)",taxation,6,0.25,False,True,False
53,218,98912.0,"(28, 41)",taxation,6,0.25,False,True,False
53,220,94604.0,"(38, 32)",taxation,6,0.25,False,True,False
53,222,86049.0,"(36, 30)",taxation,6,0.25,False,True,False
53,223,60295.0,"(18, 14)",taxation,6,0.25,False,True,False
53,224,73191.0,"(28, 16)",taxation,6,0.25,False,True,False
53,227,94602.0,"(39, 34)",taxation,6,0.25,False,True,False
53,230,68904.0,"(19, 44)",taxation,6,0.25,False,True,False
53,238,86059.0,"(31, 40)",taxation,6,0.25,False,True,False
53,239,86027.0,"(15, 12)",taxation,6,0.25,False,True,False
53,243,81760.0,"(45, 19)",taxation,6,0.25,False,True,False
53,244,98905.0,"(13, 15)",taxation,6,0.25,False,True,False
53,245,94617.0,"(11, 36)",taxation,6,0.25,False,True,False
53,219-2,75304.0,"(21, 7)",taxation,6,0.25,False,True,False
53,158-2,62452.0,"(39, 24)",taxation,6,0.25,False,True,False
53,139-2,77458.25,"(37, 23)",taxation,6,0.25,False,True,False
53,179-2,56063.5,"(43, 18)",taxation,6,0.25,False,True,False
53,28-2,59280.25,"(48, 3)",taxation,6,0.25,False,True,False
53,187-2,34600.0,"(42, 19)",taxation,6,0.25,False,True,False
53,146-2,26042.0,"(40, 22)",taxation,6,0.25,False,True,False
53,94-2,21754.0,"(1, 38)",taxation,6,0.25,False,True,False
53,154-2,30319.0,"(11, 29)",taxation,6,0.25,False,True,False
53,173-2,17465.0,"(23, 46)",taxation,6,0.25,False,True,False
53,240-2,21727.0,"(38, 20)",taxation,6,0.25,False,True,False
53,246-2,64614.0,"(15, 15)",taxation,6,0.25,False,True,False
53,98-2,34623.0,"(35, 39)",taxation,6,0.25,False,True,False
53,140-2,364.0,"(0, 38)",taxation,6,0.25,False,True,False
53,176-2,346.0,"(17, 10)",taxation,6,0.25,False,True,False
53,208-2,68889.25,"(24, 15)",taxation,6,0.25,False,True,False
53,170-2,59258.75,"(7, 37)",taxation,6,0.25,False,True,False
53,1-2,49587.25,"(5, 43)",taxation,6,0.25,False,True,False
53,23-2,69982.0,"(49, 5)",taxation,6,0.25,False,True,False
53,17-2,71032.5,"(46, 24)",taxation,6,0.25,False,True,False
53,31-2,77445.5,"(25, 16)",taxation,6,0.25,False,True,False
53,228-2,50684.0,"(37, 31)",taxation,6,0.25,False,True,False
53,149-2,58204.0,"(3, 38)",taxation,6,0.25,False,True,False
53,206-2,65689.25,"(40, 34)",taxation,6,0.25,False,True,False
53,242-2,29244.25,"(23, 10)",taxation,6,0.25,False,True,False
53,75-2,61403.0,"(10, 34)",taxation,6,0.25,False,True,False
53,74-2,75325.0,"(47, 5)",taxation,6,0.25,False,True,False
53,241-2,61384.5,"(38, 27)",taxation,6,0.25,False,True,False
53,42-2,48543.5,"(19, 41)",taxation,6,0.25,False,True,False
53,142-2,42084.75,"(43, 17)",taxation,6,0.25,False,True,False
53,172-2,71022.75,"(20, 11)",taxation,6,0.25,False,True,False
53,167-2,67824.75,"(38, 21)",taxation,6,0.25,False,True,False
53,38-2,67823.5,"(36, 32)",taxation,6,0.25,False,True,False
53,198-2,61402.5,"(5, 39)",taxation,6,0.25,False,True,False
53,0-2,45322.25,"(39, 20)",taxation,6,0.25,False,True,False
53,6-2,74241.0,"(13, 46)",taxation,6,0.25,False,True,False
53,76-2,64613.750000000015,"(3, 42)",taxation,6,0.25,False,True,False
53,144-2,64609.5,"(9, 47)",taxation,6,0.25,False,True,False
53,25-2,58171.0,"(12, 17)",taxation,6,0.25,False,True,False
53,40-2,71044.0,"(17, 44)",taxation,6,0.25,False,True,False
53,10-2,67797.25,"(49, 21)",taxation,6,0.25,False,True,False
53,180-2,64613.25,"(19, 13)",taxation,6,0.25,False,True,False
53,212-2,67791.75,"(37, 24)",taxation,6,0.25,False,True,False
53,63-2,61361.75,"(44, 4)",taxation,6,0.25,False,True,False
53,189-2,58170.5,"(35, 36)",taxation,6,0.25,False,True,False
53,54-2,64605.25,"(24, 7)",taxation,6,0.25,False,True,False
53,4-2,48512.25,"(18, 6)",taxation,6,0.25,False,True,False
53,83-2,71021.75,"(23, 12)",taxation,6,0.25,False,True,False
53,249-2,67811.0,"(15, 43)",taxation,6,0.25,False,True,False
53,22-2,74230.0,"(12, 24)",taxation,6,0.25,False,True,False
53,205-2,32452.75,"(20, 4)",taxation,6,0.25,False,True,False
53,156-2,48521.5,"(13, 16)",taxation,6,0.25,False,True,False
53,51-2,67798.5,"(17, 41)",taxation,6,0.25,False,True,False
53,133-2,58152.0,"(3, 47)",taxation,6,0.25,False,True,False
53,73-2,67810.25,"(6, 44)",taxation,6,0.25,False,True,False
53,56-2,64597.75,"(11, 35)",taxation,6,0.25,False,True,False
53,182-2,67797.25,"(11, 32)",taxation,6,0.25,False,True,False
53,71-2,71021.25,"(49, 4)",taxation,6,0.25,False,True,False
53,91-2,71004.75,"(14, 16)",taxation,6,0.25,False,True,False
53,226-2,64575.75,"(37, 27)",taxation,6,0.25,False,True,False
53,225-2,67780.75,"(20, 41)",taxation,6,0.25,False,True,False
53,148-2,51722.25,"(24, 46)",taxation,6,0.25,False,True,False
53,16-2,74237.5,"(22, 9)",taxation,6,0.25,False,True,False
53,111-2,71013.25,"(44, 19)",taxation,6,0.25,False,True,False
53,134-2,64599.0,"(49, 6)",taxation,6,0.25,False,True,False
53,168-2,71023.5,"(35, 32)",taxation,6,0.25,False,True,False
53,106-2,61395.75,"(47, 22)",taxation,6,0.25,False,True,False
53,162-2,67804.5,"(46, 23)",taxation,6,0.25,False,True,False
53,214-2,42066.0,"(48, 4)",taxation,6,0.25,False,True,False
53,110-2,74216.0,"(13, 17)",taxation,6,0.25,False,True,False
53,95-2,74223.5,"(48, 22)",taxation,6,0.25,False,True,False
53,122-2,54938.25,"(4, 41)",taxation,6,0.25,False,True,False
53,231-2,42071.75,"(16, 12)",taxation,6,0.25,False,True,False
53,100-2,64582.75,"(45, 7)",taxation,6,0.25,False,True,False
53,141-2,51730.5,"(2, 39)",taxation,6,0.25,False,True,False
53,165-2,77429.0,"(23, 3)",taxation,6,0.25,False,True,False
53,186-2,61381.25,"(41, 25)",taxation,6,0.25,False,True,False
53,201-2,45272.25,"(48, 5)",taxation,6,0.25,False,True,False
53,21-2,61376.25,"(38, 26)",taxation,6,0.25,False,True,False
53,183-2,45284.75,"(32, 40)",taxation,6,0.25,False,True,False
53,203-2,77421.25,"(42, 10)",taxation,6,0.25,False,True,False
53,32-2,70996.75,"(47, 4)",taxation,6,0.25,False,True,False
53,115-2,70994.75,"(38, 12)",taxation,6,0.25,False,True,False
53,169-2,51724.0,"(29, 14)",taxation,6,0.25,False,True,False
53,78-2,61360.25,"(23, 47)",taxation,6,0.25,False,True,False
53,137-2,58143.5,"(26, 16)",taxation,6,0.25,False,True,False
53,55-2,70991.25,"(21, 11)",taxation,6,0.25,False,True,False
53,112-2,71000.5,"(6, 36)",taxation,6,0.25,False,True,False
53,193-2,58164.5,"(46, 25)",taxation,6,0.25,False,True,False
53,50-2,74204.5,"(38, 24)",taxation,6,0.25,False,True,False
53,53-2,42063.25,"(16, 14)",taxation,6,0.25,False,True,False
53,5-2,29195.5,"(45, 5)",taxation,6,0.25,False,True,False
53,247-2,58143.0,"(21, 10)",taxation,6,0.25,False,True,False
53,147-2,64573.75,"(44, 18)",taxation,6,0.25,False,True,False
53,145-2,67782.0,"(6, 41)",taxation,6,0.25,False,True,False
53,207-2,51697.75,"(47, 25)",taxation,6,0.25,False,True,False
53,120-2,74187.0,"(19, 11)",taxation,6,0.25,False,True,False
53,125-2,71000.0,"(14, 33)",taxation,6,0.25,False,True,False
53,41-2,71007.0,"(12, 31)",taxation,6,0.25,False,True,False
53,209-2,74218.5,"(49, 8)",taxation,6,0.25,False,True,False
53,113-2,67769.75,"(43, 25)",taxation,6,0.25,False,True,False
53,68-2,54924.75,"(9, 30)",taxation,6,0.25,False,True,False
53,161-2,54918.0,"(20, 46)",taxation,6,0.25,False,True,False
53,175-2,54925.5,"(47, 3)",taxation,6,0.25,False,True,False
53,85-2,58138.0,"(30, 16)",taxation,6,0.25,False,True,False
53,234-2,67754.5,"(0, 39)",taxation,6,0.25,False,True,False
53,45-2,67769.75,"(22, 12)",taxation,6,0.25,False,True,False
53,196-2,45285.0,"(5, 37)",taxation,6,0.25,False,True,False
53,174-2,70989.5,"(41, 13)",taxation,6,0.25,False,True,False
53,103-2,64543.5,"(46, 10)",taxation,6,0.25,False,True,False
53,33-2,51713.25,"(16, 11)",taxation,6,0.25,False,True,False
53,19-2,67765.0,"(16, 13)",taxation,6,0.25,False,True,False
53,130-2,70978.5,"(27, 13)",taxation,6,0.25,False,True,False
53,155-2,67791.25,"(17, 43)",taxation,6,0.25,False,True,False
53,86-2,64566.0,"(5, 38)",taxation,6,0.25,False,True,False
53,164-2,67778.25,"(23, 13)",taxation,6,0.25,False,True,False
53,2-2,64556.75,"(11, 44)",taxation,6,0.25,False,True,False
53,11-2,51668.25,"(5, 42)",taxation,6,0.25,False,True,False
53,202-2,74188.0,"(23, 4)",taxation,6,0.25,False,True,False
53,121-2,64574.0,"(9, 34)",taxation,6,0.25,False,True,False
53,163-2,77410.0,"(19, 39)",taxation,6,0.25,False,True,False
53,18-2,74208.75,"(43, 19)",taxation,6,0.25,False,True,False
53,132-2,70969.75,"(28, 13)",taxation,6,0.25,False,True,False
53,160-2,58124.0,"(5, 40)",taxation,6,0.25,False,True,False
53,221-2,61338.5,"(40, 23)",taxation,6,0.25,False,True,False
53,90-2,58145.5,"(19, 5)",taxation,6,0.25,False,True,False
53,64-2,64552.0,"(45, 4)",taxation,6,0.25,False,True,False
53,102-2,45263.5,"(39, 33)",taxation,6,0.25,False,True,False
53,188-2,64558.5,"(8, 48)",taxation,6,0.25,False,True,False
53,92-2,70971.0,"(21, 12)",taxation,6,0.25,False,True,False
53,96-2,74199.5,"(8, 37)",taxation,6,0.25,False,True,False
53,107-2,70966.5,"(31, 41)",taxation,6,0.25,False,True,False
53,80-2,70966.5,"(23, 8)",taxation,6,0.25,False,True,False
53,237-2,51675.75,"(3, 41)",taxation,6,0.25,False,True,False
53,13-2,61335.25,"(6, 38)",taxation,6,0.25,False,True,False
53,104-2,61349.5,"(24, 8)",taxation,6,0.25,False,True,False
53,27-2,58110.75,"(27, 5)",taxation,6,0.25,False,True,False
53,248-2,64540.25,"(22, 10)",taxation,6,0.25,False,True,False
53,48-2,67738.0,"(22, 13)",taxation,6,0.25,False,True,False
53,57-2,58106.25,"(42, 18)",taxation,6,0.25,False,True,False
53,184-2,64525.25,"(15, 14)",taxation,6,0.25,False,True,False
53,30-2,74185.25,"(4, 38)",taxation,6,0.25,False,True,False
53,108-2,35600.25,"(0, 40)",taxation,6,0.25,False,True,False
53,166-2,61334.25,"(17, 11)",taxation,6,0.25,False,True,False
53,233-2,61328.25,"(46, 21)",taxation,6,0.25,False,True,False
53,69-2,70968.5,"(15, 13)",taxation,6,0.25,False,True,False
53,229-2,70990.25,"(36, 34)",taxation,6,0.25,False,True,False
53,236-2,64537.25,"(18, 10)",taxation,6,0.25,False,True,False
53,109-2,64555.5,"(42, 20)",taxation,6,0.25,False,True,False
53,235-2,64541.25,"(18, 13)",taxation,6,0.25,False,True,False
53,62-2,64542.5,"(2, 38)",taxation,6,0.25,False,True,False
53,89-2,67761.75,"(18, 41)",taxation,6,0.25,False,True,False
53,58-2,67723.5,"(2, 37)",taxation,6,0.25,False,True,False
53,61-2,77390.25,"(10, 35)",taxation,6,0.25,False,True,False
53,152-2,67753.25,"(15, 47)",taxation,6,0.25,False,True,False
53,124-2,61318.25,"(20, 5)",taxation,6,0.25,False,True,False
53,97-2,51656.75,"(38, 29)",taxation,6,0.25,False,True,False
53,232-2,38807.25,"(10, 36)",taxation,6,0.25,False,True,False
53,116-2,70976.5,"(40, 32)",taxation,6,0.25,False,True,False
53,37-2,67759.75,"(49, 7)",taxation,6,0.25,False,True,False
53,7-2,48457.5,"(26, 44)",taxation,6,0.25,False,True,False
53,26-2,51675.75,"(37, 37)",taxation,6,0.25,False,True,False
53,117-2,58105.5,"(35, 37)",taxation,6,0.25,False,True,False
53,82-2,67738.5,"(9, 48)",taxation,6,0.25,False,True,False
53,88-2,64533.0,"(18, 11)",taxation,6,0.25,False,True,False
53,59-2,58088.25,"(6, 42)",taxation,6,0.25,False,True,False
54,3,51732.0,"(4, 40)",taxation,6,0.25,False,True,False
54,8,86076.0,"(5, 33)",taxation,6,0.25,False,True,False
54,9,73211.0,"(20, 9)",taxation,6,0.25,False,True,False
54,12,81755.0,"(47, 2)",taxation,6,0.25,False,True,False
54,14,21745.0,"(18, 8)",taxation,6,0.25,False,True,False
54,15,77493.0,"(43, 27)",taxation,6,0.25,False,True,False
54,20,81755.0,"(41, 17)",taxation,6,0.25,False,True,False
54,24,68922.0,"(49, 25)",taxation,6,0.25,False,True,False
54,29,86052.0,"(0, 36)",taxation,6,0.25,False,True,False
54,34,77483.0,"(0, 34)",taxation,6,0.25,False,True,False
54,35,86057.0,"(2, 40)",taxation,6,0.25,False,True,False
54,36,64612.0,"(28, 43)",taxation,6,0.25,False,True,False
54,39,60319.0,"(13, 31)",taxation,6,0.25,False,True,False
54,43,86055.0,"(45, 24)",taxation,6,0.25,False,True,False
54,44,56061.0,"(21, 1)",taxation,6,0.25,False,True,False
54,46,60329.0,"(22, 8)",taxation,6,0.25,False,True,False
54,47,60329.0,"(10, 22)",taxation,6,0.25,False,True,False
54,49,81768.0,"(7, 33)",taxation,6,0.25,False,True,False
54,60,90328.0,"(43, 33)",taxation,6,0.25,False,True,False
54,65,98890.0,"(36, 37)",taxation,6,0.25,False,True,False
54,66,94623.0,"(46, 30)",taxation,6,0.25,False,True,False
54,67,64606.0,"(9, 37)",taxation,6,0.25,False,True,False
54,70,90347.0,"(13, 12)",taxation,6,0.25,False,True,False
54,72,98886.0,"(33, 37)",taxation,6,0.25,False,True,False
54,77,73173.0,"(11, 39)",taxation,6,0.25,False,True,False
54,79,81753.0,"(23, 7)",taxation,6,0.25,False,True,False
54,81,81790.0,"(49, 2)",taxation,6,0.25,False,True,False
54,84,86058.0,"(11, 27)",taxation,6,0.25,False,True,False
54,87,86025.0,"(10, 26)",taxation,6,0.25,False,True,False
54,93,38891.0,"(43, 32)",taxation,6,0.25,False,True,False
54,99,81741.0,"(42, 26)",taxation,6,0.25,False,True,False
54,101,86077.0,"(45, 25)",taxation,6,0.25,False,True,False
54,105,77475.0,"(13, 10)",taxation,6,0.25,False,True,False
54,114,98907.0,"(49, 22)",taxation,6,0.25,False,True,False
54,118,94625.0,"(48, 27)",taxation,6,0.25,False,True,False
54,119,86046.0,"(15, 16)",taxation,6,0.25,False,True,False
54,123,98917.0,"(15, 6)",taxation,6,0.25,False,True,False
54,126,86025.0,"(42, 29)",taxation,6,0.25,False,True,False
54,127,90322.0,"(20, 6)",taxation,6,0.25,False,True,False
54,128,94627.0,"(16, 6)",taxation,6,0.25,False,True,False
54,129,81779.0,"(47, 26)",taxation,6,0.25,False,True,False
54,131,86057.0,"(21, 44)",taxation,6,0.25,False,True,False
54,135,86044.0,"(14, 12)",taxation,6,0.25,False,True,False
54,136,68902.0,"(11, 13)",taxation,6,0.25,False,True,False
54,138,90325.0,"(44, 24)",taxation,6,0.25,False,True,False
54,143,86025.0,"(3, 40)",taxation,6,0.25,False,True,False
54,150,73177.0,"(35, 40)",taxation,6,0.25,False,True,False
54,151,68899.0,"(14, 10)",taxation,6,0.25,False,True,False
54,153,43160.0,"(6, 32)",taxation,6,0.25,False,True,False
54,157,81748.0,"(20, 7)",taxation,6,0.25,False,True,False
54,159,68921.0,"(47, 28)",taxation,6,0.25,False,True,False
54,171,86079.0,"(27, 41)",taxation,6,0.25,False,True,False
54,177,86075.0,"(45, 23)",taxation,6,0.25,False,True,False
54,178,94632.0,"(21, 8)",taxation,6,0.25,False,True,False
54,181,86041.00000000001,"(47, 30)",taxation,6,0.25,False,True,False
54,185,86048.0,"(41, 36)",taxation,6,0.25,False,True,False
54,190,86061.0,"(18, 12)",taxation,6,0.25,False,True,False
54,191,98886.0,"(48, 24)",taxation,6,0.25,False,True,False
54,192,77496.0,"(40, 20)",taxation,6,0.25,False,True,False
54,194,77498.0,"(12, 13)",taxation,6,0.25,False,True,False
54,195,38884.0,"(46, 29)",taxation,6,0.25,False,True,False
54,197,68883.0,"(24, 44)",taxation,6,0.25,False,True,False
54,199,98868.0,"(20, 10)",taxation,6,0.25,False,True,False
54,200,81755.0,"(14, 9)",taxation,6,0.25,False,True,False
54,204,94620.0,"(45, 30)",taxation,6,0.25,False,True,False
54,210,103174.0,"(2, 30)",taxation,6,0.25,False,True,False
54,211,56041.0,"(15, 8)",taxation,6,0.25,False,True,False
54,213,86060.0,"(16, 47)",taxation,6,0.25,False,True,False
54,215,94620.0,"(16, 5)",taxation,6,0.25,False,True,False
54,216,94619.0,"(11, 12)",taxation,6,0.25,False,True,False
54,217,51761.0,"(11, 14)",taxation,6,0.25,False,True,False
54,218,98921.0,"(30, 43)",taxation,6,0.25,False,True,False
54,220,94613.0,"(38, 38)",taxation,6,0.25,False,True,False
54,222,86057.0,"(42, 36)",taxation,6,0.25,False,True,False
54,223,60302.0,"(14, 17)",taxation,6,0.25,False,True,False
54,224,73197.0,"(28, 10)",taxation,6,0.25,False,True,False
54,227,94610.0,"(43, 35)",taxation,6,0.25,False,True,False
54,230,68912.0,"(20, 44)",taxation,6,0.25,False,True,False
54,238,86068.0,"(32, 41)",taxation,6,0.25,False,True,False
54,239,86035.0,"(12, 10)",taxation,6,0.25,False,True,False
54,243,81768.0,"(49, 24)",taxation,6,0.25,False,True,False
54,244,98914.0,"(12, 14)",taxation,6,0.25,False,True,False
54,245,94625.0,"(9, 32)",taxation,6,0.25,False,True,False
54,219-2,75312.0,"(22, 3)",taxation,6,0.25,False,True,False
54,158-2,62459.0,"(43, 28)",taxation,6,0.25,False,True,False
54,139-2,77465.25,"(42, 28)",taxation,6,0.25,False,True,False
54,179-2,56069.5,"(40, 18)",taxation,6,0.25,False,True,False
54,28-2,59285.25,"(46, 1)",taxation,6,0.25,False,True,False
54,187-2,34606.0,"(41, 20)",taxation,6,0.25,False,True,False
54,146-2,26050.0,"(45, 27)",taxation,6,0.25,False,True,False
54,94-2,21759.0,"(2, 33)",taxation,6,0.25,False,True,False
54,154-2,30326.0,"(11, 30)",taxation,6,0.25,False,True,False
54,173-2,17474.0,"(28, 42)",taxation,6,0.25,False,True,False
54,240-2,21733.0,"(39, 22)",taxation,6,0.25,False,True,False
54,246-2,64622.0,"(10, 13)",taxation,6,0.25,False,True,False
54,98-2,34631.0,"(34, 40)",taxation,6,0.25,False,True,False
54,140-2,369.0,"(0, 32)",taxation,6,0.25,False,True,False
54,176-2,355.0,"(15, 10)",taxation,6,0.25,False,True,False
54,208-2,68895.25,"(27, 10)",taxation,6,0.25,False,True,False
54,170-2,59266.75,"(7, 32)",taxation,6,0.25,False,True,False
54,1-2,49591.25,"(1, 37)",taxation,6,0.25,False,True,False
54,23-2,69987.0,"(49, 0)",taxation,6,0.25,False,True,False
54,17-2,71041.5,"(44, 26)",taxation,6,0.25,False,True,False
54,31-2,77451.5,"(24, 12)",taxation,6,0.25,False,True,False
54,228-2,50692.0,"(42, 35)",taxation,6,0.25,False,True,False
54,149-2,58212.0,"(2, 35)",taxation,6,0.25,False,True,False
54,206-2,65697.25,"(44, 34)",taxation,6,0.25,False,True,False
54,242-2,29253.25,"(17, 7)",taxation,6,0.25,False,True,False
54,75-2,61410.0,"(10, 30)",taxation,6,0.25,False,True,False
54,74-2,75330.0,"(48, 2)",taxation,6,0.25,False,True,False
54,241-2,61392.5,"(41, 32)",taxation,6,0.25,False,True,False
54,42-2,48551.5,"(25, 40)",taxation,6,0.25,False,True,False
54,142-2,42090.75,"(40, 19)",taxation,6,0.25,False,True,False
54,172-2,71030.75,"(16, 7)",taxation,6,0.25,False,True,False
54,167-2,67831.75,"(42, 23)",taxation,6,0.25,False,True,False
54,38-2,67832.5,"(39, 37)",taxation,6,0.25,False,True,False
54,198-2,61409.5,"(4, 33)",taxation,6,0.25,False,True,False
54,0-2,45328.25,"(39, 19)",taxation,6,0.25,False,True,False
54,6-2,74248.0,"(18, 44)",taxation,6,0.25,False,True,False
54,76-2,64617.750000000015,"(3, 37)",taxation,6,0.25,False,True,False
54,144-2,64613.5,"(12, 47)",taxation,6,0.25,False,True,False
54,25-2,58179.0,"(10, 14)",taxation,6,0.25,False,True,False
54,40-2,71052.0,"(21, 42)",taxation,6,0.25,False,True,False
54,10-2,67805.25,"(49, 26)",taxation,6,0.25,False,True,False
54,180-2,64621.25,"(14, 7)",taxation,6,0.25,False,True,False
54,212-2,67798.75,"(41, 21)",taxation,6,0.25,False,True,False
54,63-2,61367.75,"(39, 9)",taxation,6,0.25,False,True,False
54,189-2,58179.5,"(36, 39)",taxation,6,0.25,False,True,False
54,54-2,64613.25,"(21, 5)",taxation,6,0.25,False,True,False
54,4-2,48520.25,"(18, 7)",taxation,6,0.25,False,True,False
54,83-2,71030.75,"(17, 8)",taxation,6,0.25,False,True,False
54,249-2,67818.0,"(18, 42)",taxation,6,0.25,False,True,False
54,22-2,74237.0,"(10, 25)",taxation,6,0.25,False,True,False
54,205-2,32460.75,"(21, 4)",taxation,6,0.25,False,True,False
54,156-2,48530.5,"(13, 14)",taxation,6,0.25,False,True,False
54,51-2,67805.5,"(19, 42)",taxation,6,0.25,False,True,False
54,133-2,58155.0,"(8, 43)",taxation,6,0.25,False,True,False
54,73-2,67814.25,"(8, 38)",taxation,6,0.25,False,True,False
54,56-2,64604.75,"(11, 31)",taxation,6,0.25,False,True,False
54,182-2,67805.25,"(10, 31)",taxation,6,0.25,False,True,False
54,71-2,71026.25,"(47, 1)",taxation,6,0.25,False,True,False
54,91-2,71012.75,"(10, 15)",taxation,6,0.25,False,True,False
54,226-2,64583.75,"(42, 27)",taxation,6,0.25,False,True,False
54,225-2,67789.75,"(26, 46)",taxation,6,0.25,False,True,False
54,148-2,51730.25,"(25, 44)",taxation,6,0.25,False,True,False
54,16-2,74245.5,"(17, 4)",taxation,6,0.25,False,True,False
54,111-2,71021.25,"(49, 23)",taxation,6,0.25,False,True,False
54,134-2,64604.0,"(44, 1)",taxation,6,0.25,False,True,False
54,168-2,71031.5,"(34, 37)",taxation,6,0.25,False,True,False
54,106-2,61402.75,"(48, 28)",taxation,6,0.25,False,True,False
54,162-2,67812.5,"(49, 27)",taxation,6,0.25,False,True,False
54,214-2,42071.0,"(48, 1)",taxation,6,0.25,False,True,False
54,110-2,74224.0,"(10, 16)",taxation,6,0.25,False,True,False
54,95-2,74232.5,"(44, 25)",taxation,6,0.25,False,True,False
54,122-2,54942.25,"(4, 36)",taxation,6,0.25,False,True,False
54,231-2,42079.75,"(13, 9)",taxation,6,0.25,False,True,False
54,100-2,64588.75,"(40, 12)",taxation,6,0.25,False,True,False
54,141-2,51734.5,"(1, 36)",taxation,6,0.25,False,True,False
54,165-2,77437.0,"(21, 2)",taxation,6,0.25,False,True,False
54,186-2,61389.25,"(46, 27)",taxation,6,0.25,False,True,False
54,201-2,45278.25,"(49, 3)",taxation,6,0.25,False,True,False
54,21-2,61383.25,"(41, 29)",taxation,6,0.25,False,True,False
54,183-2,45293.75,"(33, 40)",taxation,6,0.25,False,True,False
54,203-2,77427.25,"(40, 8)",taxation,6,0.25,False,True,False
54,32-2,71001.75,"(42, 1)",taxation,6,0.25,False,True,False
54,115-2,71000.75,"(38, 16)",taxation,6,0.25,False,True,False
54,169-2,51731.0,"(25, 9)",taxation,6,0.25,False,True,False
54,78-2,61368.25,"(25, 47)",taxation,6,0.25,False,True,False
54,137-2,58149.5,"(26, 12)",taxation,6,0.25,False,True,False
54,55-2,70999.25,"(19, 7)",taxation,6,0.25,False,True,False
54,112-2,71008.5,"(6, 33)",taxation,6,0.25,False,True,False
54,193-2,58172.5,"(48, 26)",taxation,6,0.25,False,True,False
54,50-2,74211.5,"(40, 27)",taxation,6,0.25,False,True,False
54,53-2,42071.25,"(12, 12)",taxation,6,0.25,False,True,False
54,5-2,29201.5,"(46, 2)",taxation,6,0.25,False,True,False
54,247-2,58152.0,"(15, 9)",taxation,6,0.25,False,True,False
54,147-2,64580.75,"(45, 22)",taxation,6,0.25,False,True,False
54,145-2,67790.0,"(1, 35)",taxation,6,0.25,False,True,False
54,207-2,51705.75,"(47, 27)",taxation,6,0.25,False,True,False
54,120-2,74196.0,"(13, 11)",taxation,6,0.25,False,True,False
54,125-2,71008.0,"(10, 32)",taxation,6,0.25,False,True,False
54,41-2,71015.0,"(12, 32)",taxation,6,0.25,False,True,False
54,209-2,74222.5,"(43, 3)",taxation,6,0.25,False,True,False
54,113-2,67777.75,"(43, 24)",taxation,6,0.25,False,True,False
54,68-2,54931.75,"(9, 31)",taxation,6,0.25,False,True,False
54,161-2,54926.0,"(25, 43)",taxation,6,0.25,False,True,False
54,175-2,54930.5,"(43, 1)",taxation,6,0.25,False,True,False
54,85-2,58144.0,"(29, 11)",taxation,6,0.25,False,True,False
54,234-2,67759.5,"(1, 33)",taxation,6,0.25,False,True,False
54,45-2,67778.75,"(17, 9)",taxation,6,0.25,False,True,False
54,196-2,45293.0,"(3, 34)",taxation,6,0.25,False,True,False
54,174-2,70995.5,"(38, 15)",taxation,6,0.25,False,True,False
54,103-2,64548.5,"(40, 9)",taxation,6,0.25,False,True,False
54,33-2,51722.25,"(16, 10)",taxation,6,0.25,False,True,False
54,19-2,67773.0,"(12, 11)",taxation,6,0.25,False,True,False
54,130-2,70985.5,"(27, 7)",taxation,6,0.25,False,True,False
54,155-2,67799.25,"(20, 43)",taxation,6,0.25,False,True,False
54,86-2,64571.0,"(3, 33)",taxation,6,0.25,False,True,False
54,164-2,67785.25,"(20, 8)",taxation,6,0.25,False,True,False
54,2-2,64561.75,"(16, 44)",taxation,6,0.25,False,True,False
54,11-2,51672.25,"(4, 37)",taxation,6,0.25,False,True,False
54,202-2,74196.0,"(23, 5)",taxation,6,0.25,False,True,False
54,121-2,64582.0,"(8, 34)",taxation,6,0.25,False,True,False
54,163-2,77418.0,"(21, 41)",taxation,6,0.25,False,True,False
54,18-2,74216.75,"(48, 25)",taxation,6,0.25,False,True,False
54,132-2,70976.75,"(26, 7)",taxation,6,0.25,False,True,False
54,160-2,58131.0,"(1, 34)",taxation,6,0.25,False,True,False
54,221-2,61346.5,"(46, 28)",taxation,6,0.25,False,True,False
54,90-2,58153.5,"(19, 6)",taxation,6,0.25,False,True,False
54,64-2,64557.0,"(44, 2)",taxation,6,0.25,False,True,False
54,102-2,45272.5,"(40, 36)",taxation,6,0.25,False,True,False
54,188-2,64562.5,"(12, 46)",taxation,6,0.25,False,True,False
54,92-2,70980.0,"(16, 9)",taxation,6,0.25,False,True,False
54,96-2,74206.5,"(8, 31)",taxation,6,0.25,False,True,False
54,107-2,70975.5,"(32, 42)",taxation,6,0.25,False,True,False
54,80-2,70974.5,"(22, 5)",taxation,6,0.25,False,True,False
54,237-2,51683.75,"(3, 35)",taxation,6,0.25,False,True,False
54,13-2,61341.25,"(0, 33)",taxation,6,0.25,False,True,False
54,104-2,61357.5,"(23, 6)",taxation,6,0.25,False,True,False
54,27-2,58118.75,"(22, 4)",taxation,6,0.25,False,True,False
54,248-2,64549.25,"(16, 8)",taxation,6,0.25,False,True,False
54,48-2,67746.0,"(19, 9)",taxation,6,0.25,False,True,False
54,57-2,58112.25,"(41, 18)",taxation,6,0.25,False,True,False
54,184-2,64534.25,"(13, 13)",taxation,6,0.25,False,True,False
54,30-2,74193.25,"(2, 34)",taxation,6,0.25,False,True,False
54,108-2,35604.25,"(0, 37)",taxation,6,0.25,False,True,False
54,166-2,61342.25,"(14, 8)",taxation,6,0.25,False,True,False
54,233-2,61336.25,"(48, 23)",taxation,6,0.25,False,True,False
54,69-2,70976.5,"(11, 11)",taxation,6,0.25,False,True,False
54,229-2,70999.25,"(36, 38)",taxation,6,0.25,False,True,False
54,236-2,64545.25,"(15, 7)",taxation,6,0.25,False,True,False
54,109-2,64561.5,"(42, 22)",taxation,6,0.25,False,True,False
54,235-2,64550.25,"(15, 11)",taxation,6,0.25,False,True,False
54,62-2,64550.5,"(0, 35)",taxation,6,0.25,False,True,False
54,89-2,67769.75,"(20, 42)",taxation,6,0.25,False,True,False
54,58-2,67731.5,"(8, 32)",taxation,6,0.25,False,True,False
54,61-2,77398.25,"(8, 33)",taxation,6,0.25,False,True,False
54,152-2,67760.25,"(20, 45)",taxation,6,0.25,False,True,False
54,124-2,61326.25,"(19, 3)",taxation,6,0.25,False,True,False
54,97-2,51664.75,"(39, 35)",taxation,6,0.25,False,True,False
54,232-2,38815.25,"(7, 34)",taxation,6,0.25,False,True,False
54,116-2,70985.5,"(40, 35)",taxation,6,0.25,False,True,False
54,37-2,67764.75,"(49, 1)",taxation,6,0.25,False,True,False
54,7-2,48466.5,"(29, 42)",taxation,6,0.25,False,True,False
54,26-2,51684.75,"(37, 38)",taxation,6,0.25,False,True,False
54,117-2,58114.5,"(35, 38)",taxation,6,0.25,False,True,False
54,82-2,67742.5,"(13, 47)",taxation,6,0.25,False,True,False
54,88-2,64542.0,"(14, 11)",taxation,6,0.25,False,True,False
54,59-2,58092.25,"(7, 36)",taxation,6,0.25,False,True,False
54,52-2,48464.25,"(41, 31)",taxation,6,0.25,False,True,False
55,3,51737.0,"(5, 36)",taxation,6,0.25,False,True,False
55,8,86083.0,"(3, 28)",taxation,6,0.25,False,True,False
55,9,73219.0,"(21, 6)",taxation,6,0.25,False,True,False
55,12,81760.0,"(47, 0)",taxation,6,0.25,False,True,False
55,14,21752.0,"(20, 3)",taxation,6,0.25,False,True,False
55,15,77501.0,"(40, 33)",taxation,6,0.25,False,True,False
55,20,81761.0,"(42, 17)",taxation,6,0.25,False,True,False
55,24,68931.0,"(49, 29)",taxation,6,0.25,False,True,False
55,29,86058.0,"(2, 31)",taxation,6,0.25,False,True,False
55,34,77490.0,"(0, 28)",taxation,6,0.25,False,True,False
55,35,86062.0,"(3, 36)",taxation,6,0.25,False,True,False
55,36,64621.0,"(27, 43)",taxation,6,0.25,False,True,False
55,39,60327.0,"(8, 27)",taxation,6,0.25,False,True,False
55,43,86062.0,"(43, 26)",taxation,6,0.25,False,True,False
55,44,56069.0,"(20, 0)",taxation,6,0.25,False,True,False
55,46,60337.0,"(25, 4)",taxation,6,0.25,False,True,False
55,47,60337.0,"(8, 22)",taxation,6,0.25,False,True,False
55,49,81776.0,"(7, 28)",taxation,6,0.25,False,True,False
55,60,90336.0,"(44, 32)",taxation,6,0.25,False,True,False
55,65,98898.0,"(36, 36)",taxation,6,0.25,False,True,False
55,66,94632.0,"(47, 31)",taxation,6,0.25,False,True,False
55,67,64613.0,"(15, 31)",taxation,6,0.25,False,True,False
55,70,90355.0,"(19, 8)",taxation,6,0.25,False,True,False
55,77,73179.0,"(16, 42)",taxation,6,0.25,False,True,False
55,79,81762.0,"(20, 2)",taxation,6,0.25,False,True,False
55,81,81794.0,"(45, 6)",taxation,6,0.25,False,True,False
55,84,86066.0,"(10, 27)",taxation,6,0.25,False,True,False
55,87,86033.0,"(7, 25)",taxation,6,0.25,False,True,False
55,93,38900.0,"(45, 32)",taxation,6,0.25,False,True,False
55,99,81748.0,"(40, 26)",taxation,6,0.25,False,True,False
55,101,86084.0,"(45, 26)",taxation,6,0.25,False,True,False
55,105,77480.0,"(11, 15)",taxation,6,0.25,False,True,False
55,114,98915.0,"(49, 28)",taxation,6,0.25,False,True,False
55,118,94633.0,"(48, 31)",taxation,6,0.25,False,True,False
55,119,86054.0,"(12, 18)",taxation,6,0.25,False,True,False
55,123,98925.0,"(17, 1)",taxation,6,0.25,False,True,False
55,126,86033.0,"(42, 32)",taxation,6,0.25,False,True,False
55,127,90330.0,"(20, 1)",taxation,6,0.25,False,True,False
55,128,94635.0,"(16, 1)",taxation,6,0.25,False,True,False
55,129,81787.0,"(44, 30)",taxation,6,0.25,False,True,False
55,131,86065.0,"(24, 43)",taxation,6,0.25,False,True,False
55,135,86053.0,"(9, 13)",taxation,6,0.25,False,True,False
55,136,68910.0,"(6, 18)",taxation,6,0.25,False,True,False
55,138,90334.0,"(49, 30)",taxation,6,0.25,False,True,False
55,143,86030.0,"(4, 35)",taxation,6,0.25,False,True,False
55,150,73186.0,"(30, 45)",taxation,6,0.25,False,True,False
55,151,68906.0,"(18, 4)",taxation,6,0.25,False,True,False
55,153,43167.0,"(4, 27)",taxation,6,0.25,False,True,False
55,157,81755.0,"(23, 1)",taxation,6,0.25,False,True,False
55,159,68929.0,"(46, 32)",taxation,6,0.25,False,True,False
55,171,86088.0,"(29, 45)",taxation,6,0.25,False,True,False
55,177,86082.0,"(44, 22)",taxation,6,0.25,False,True,False
55,178,94639.0,"(26, 9)",taxation,6,0.25,False,True,False
55,181,86050.00000000001,"(48, 30)",taxation,6,0.25,False,True,False
55,185,86056.0,"(41, 34)",taxation,6,0.25,False,True,False
55,190,86067.0,"(24, 9)",taxation,6,0.25,False,True,False
55,191,98893.0,"(46, 26)",taxation,6,0.25,False,True,False
55,192,77503.0,"(41, 23)",taxation,6,0.25,False,True,False
55,195,38892.0,"(43, 31)",taxation,6,0.25,False,True,False
55,197,68891.0,"(26, 45)",taxation,6,0.25,False,True,False
55,199,98876.0,"(26, 6)",taxation,6,0.25,False,True,False
55,200,81762.0,"(17, 5)",taxation,6,0.25,False,True,False
55,204,94629.0,"(47, 32)",taxation,6,0.25,False,True,False
55,210,103182.0,"(2, 29)",taxation,6,0.25,False,True,False
55,211,56049.0,"(18, 2)",taxation,6,0.25,False,True,False
55,213,86067.0,"(20, 47)",taxation,6,0.25,False,True,False
55,215,94629.0,"(16, 4)",taxation,6,0.25,False,True,False
55,216,94627.0,"(5, 17)",taxation,6,0.25,False,True,False
55,217,51770.0,"(9, 14)",taxation,6,0.25,False,True,False
55,218,98930.0,"(30, 44)",taxation,6,0.25,False,True,False
55,220,94622.0,"(32, 43)",taxation,6,0.25,False,True,False
55,222,86065.0,"(46, 34)",taxation,6,0.25,False,True,False
55,223,60309.0,"(13, 18)",taxation,6,0.25,False,True,False
55,224,73205.0,"(26, 5)",taxation,6,0.25,False,True,False
55,227,94618.0,"(46, 35)",taxation,6,0.25,False,True,False
55,230,68920.0,"(23, 42)",taxation,6,0.25,False,True,False
55,238,86077.0,"(31, 42)",taxation,6,0.25,False,True,False
55,239,86041.0,"(7, 15)",taxation,6,0.25,False,True,False
55,243,81775.0,"(44, 27)",taxation,6,0.25,False,True,False
55,244,98923.0,"(10, 12)",taxation,6,0.25,False,True,False
55,245,94633.0,"(9, 27)",taxation,6,0.25,False,True,False
55,219-2,75320.0,"(22, 0)",taxation,6,0.25,False,True,False
55,158-2,62467.0,"(47, 34)",taxation,6,0.25,False,True,False
55,139-2,77473.25,"(42, 30)",taxation,6,0.25,False,True,False
55,179-2,56075.5,"(40, 17)",taxation,6,0.25,False,True,False
55,28-2,59290.25,"(41, 3)",taxation,6,0.25,False,True,False
55,187-2,34613.0,"(41, 26)",taxation,6,0.25,False,True,False
55,146-2,26059.0,"(48, 29)",taxation,6,0.25,False,True,False
55,94-2,21767.0,"(6, 27)",taxation,6,0.25,False,True,False
55,154-2,30334.0,"(9, 28)",taxation,6,0.25,False,True,False
55,173-2,17483.0,"(29, 43)",taxation,6,0.25,False,True,False
55,240-2,21740.0,"(39, 26)",taxation,6,0.25,False,True,False
55,246-2,64630.0,"(5, 16)",taxation,6,0.25,False,True,False
55,98-2,34640.0,"(29, 44)",taxation,6,0.25,False,True,False
55,140-2,377.0,"(5, 26)",taxation,6,0.25,False,True,False
55,176-2,362.0,"(18, 5)",taxation,6,0.25,False,True,False
55,208-2,68902.25,"(28, 9)",taxation,6,0.25,False,True,False
55,170-2,59274.75,"(5, 29)",taxation,6,0.25,False,True,False
55,1-2,49597.25,"(1, 32)",taxation,6,0.25,False,True,False
55,23-2,69991.0,"(45, 3)",taxation,6,0.25,False,True,False
55,17-2,71050.5,"(45, 31)",taxation,6,0.25,False,True,False
55,31-2,77459.5,"(24, 6)",taxation,6,0.25,False,True,False
55,228-2,50700.0,"(43, 36)",taxation,6,0.25,False,True,False
55,149-2,58220.0,"(1, 29)",taxation,6,0.25,False,True,False
55,206-2,65705.25,"(45, 34)",taxation,6,0.25,False,True,False
55,242-2,29261.25,"(17, 2)",taxation,6,0.25,False,True,False
55,75-2,61418.0,"(8, 26)",taxation,6,0.25,False,True,False
55,74-2,75335.0,"(48, 0)",taxation,6,0.25,False,True,False
55,241-2,61401.5,"(44, 35)",taxation,6,0.25,False,True,False
55,42-2,48560.5,"(28, 44)",taxation,6,0.25,False,True,False
55,142-2,42096.75,"(41, 19)",taxation,6,0.25,False,True,False
55,172-2,71038.75,"(18, 1)",taxation,6,0.25,False,True,False
55,167-2,67839.75,"(43, 29)",taxation,6,0.25,False,True,False
55,38-2,67841.5,"(44, 36)",taxation,6,0.25,False,True,False
55,198-2,61417.5,"(5, 28)",taxation,6,0.25,False,True,False
55,0-2,45335.25,"(39, 25)",taxation,6,0.25,False,True,False
55,6-2,74256.0,"(23, 43)",taxation,6,0.25,False,True,False
55,76-2,64623.750000000015,"(5, 32)",taxation,6,0.25,False,True,False
55,144-2,64620.5,"(18, 43)",taxation,6,0.25,False,True,False
55,25-2,58187.0,"(7, 17)",taxation,6,0.25,False,True,False
55,40-2,71061.0,"(27, 44)",taxation,6,0.25,False,True,False
55,10-2,67811.25,"(45, 21)",taxation,6,0.25,False,True,False
55,180-2,64630.25,"(15, 5)",taxation,6,0.25,False,True,False
55,212-2,67805.75,"(40, 25)",taxation,6,0.25,False,True,False
55,63-2,61373.75,"(36, 11)",taxation,6,0.25,False,True,False
55,189-2,58188.5,"(31, 43)",taxation,6,0.25,False,True,False
55,54-2,64621.25,"(24, 3)",taxation,6,0.25,False,True,False
55,4-2,48529.25,"(18, 3)",taxation,6,0.25,False,True,False
55,83-2,71038.75,"(22, 2)",taxation,6,0.25,False,True,False
55,249-2,67826.0,"(22, 41)",taxation,6,0.25,False,True,False
55,22-2,74245.0,"(9, 26)",taxation,6,0.25,False,True,False
55,205-2,32468.75,"(23, 2)",taxation,6,0.25,False,True,False
55,156-2,48538.5,"(7, 19)",taxation,6,0.25,False,True,False
55,51-2,67813.5,"(20, 40)",taxation,6,0.25,False,True,False
55,133-2,58160.0,"(10, 37)",taxation,6,0.25,False,True,False
55,73-2,67819.25,"(8, 36)",taxation,6,0.25,False,True,False
55,56-2,64612.75,"(8, 25)",taxation,6,0.25,False,True,False
55,182-2,67813.25,"(12, 30)",taxation,6,0.25,False,True,False
55,71-2,71031.25,"(46, 0)",taxation,6,0.25,False,True,False
55,91-2,71020.75,"(7, 18)",taxation,6,0.25,False,True,False
55,226-2,64591.75,"(48, 33)",taxation,6,0.25,False,True,False
55,225-2,67798.75,"(28, 46)",taxation,6,0.25,False,True,False
55,148-2,51739.25,"(27, 45)",taxation,6,0.25,False,True,False
55,16-2,74253.5,"(19, 1)",taxation,6,0.25,False,True,False
55,111-2,71029.25,"(47, 29)",taxation,6,0.25,False,True,False
55,134-2,64609.0,"(44, 0)",taxation,6,0.25,False,True,False
55,168-2,71040.5,"(34, 41)",taxation,6,0.25,False,True,False
55,106-2,61410.75,"(46, 31)",taxation,6,0.25,False,True,False
55,162-2,67820.5,"(49, 32)",taxation,6,0.25,False,True,False
55,214-2,42076.0,"(42, 6)",taxation,6,0.25,False,True,False
55,110-2,74232.0,"(8, 18)",taxation,6,0.25,False,True,False
55,95-2,74239.5,"(44, 28)",taxation,6,0.25,False,True,False
55,122-2,54948.25,"(4, 32)",taxation,6,0.25,False,True,False
55,231-2,42085.75,"(8, 14)",taxation,6,0.25,False,True,False
55,100-2,64594.75,"(40, 11)",taxation,6,0.25,False,True,False
55,141-2,51740.5,"(1, 31)",taxation,6,0.25,False,True,False
55,165-2,77445.0,"(21, 0)",taxation,6,0.25,False,True,False
55,186-2,61397.25,"(45, 29)",taxation,6,0.25,False,True,False
55,201-2,45282.25,"(43, 4)",taxation,6,0.25,False,True,False
55,21-2,61392.25,"(45, 33)",taxation,6,0.25,False,True,False
55,183-2,45302.75,"(33, 41)",taxation,6,0.25,False,True,False
55,203-2,77433.25,"(35, 7)",taxation,6,0.25,False,True,False
55,32-2,71007.75,"(40, 7)",taxation,6,0.25,False,True,False
55,115-2,71006.75,"(38, 17)",taxation,6,0.25,False,True,False
55,169-2,51739.0,"(25, 6)",taxation,6,0.25,False,True,False
55,78-2,61377.25,"(27, 46)",taxation,6,0.25,False,True,False
55,137-2,58157.5,"(25, 7)",taxation,6,0.25,False,True,False
55,55-2,71007.25,"(21, 3)",taxation,6,0.25,False,True,False
55,112-2,71016.5,"(7, 27)",taxation,6,0.25,False,True,False
55,193-2,58180.5,"(48, 32)",taxation,6,0.25,False,True,False
55,50-2,74219.5,"(46, 33)",taxation,6,0.25,False,True,False
55,53-2,42079.25,"(6, 16)",taxation,6,0.25,False,True,False
55,5-2,29206.5,"(45, 1)",taxation,6,0.25,False,True,False
55,247-2,58159.0,"(19, 4)",taxation,6,0.25,False,True,False
55,147-2,64587.75,"(42, 24)",taxation,6,0.25,False,True,False
55,145-2,67796.0,"(2, 32)",taxation,6,0.25,False,True,False
55,207-2,51713.75,"(49, 33)",taxation,6,0.25,False,True,False
55,120-2,74202.0,"(8, 16)",taxation,6,0.25,False,True,False
55,125-2,71016.0,"(13, 30)",taxation,6,0.25,False,True,False
55,41-2,71022.0,"(13, 27)",taxation,6,0.25,False,True,False
55,209-2,74227.5,"(42, 4)",taxation,6,0.25,False,True,False
55,113-2,67785.75,"(43, 30)",taxation,6,0.25,False,True,False
55,68-2,54939.75,"(7, 26)",taxation,6,0.25,False,True,False
55,161-2,54935.0,"(28, 45)",taxation,6,0.25,False,True,False
55,175-2,54936.5,"(42, 0)",taxation,6,0.25,False,True,False
55,85-2,58152.0,"(27, 6)",taxation,6,0.25,False,True,False
55,234-2,67767.5,"(4, 29)",taxation,6,0.25,False,True,False
55,45-2,67783.75,"(20, 12)",taxation,6,0.25,False,True,False
55,196-2,45301.0,"(7, 31)",taxation,6,0.25,False,True,False
55,174-2,71001.5,"(37, 14)",taxation,6,0.25,False,True,False
55,103-2,64554.5,"(36, 6)",taxation,6,0.25,False,True,False
55,33-2,51728.25,"(21, 9)",taxation,6,0.25,False,True,False
55,19-2,67781.0,"(6, 17)",taxation,6,0.25,False,True,False
55,130-2,70993.5,"(26, 3)",taxation,6,0.25,False,True,False
55,155-2,67807.25,"(22, 42)",taxation,6,0.25,False,True,False
55,86-2,64579.0,"(6, 28)",taxation,6,0.25,False,True,False
55,164-2,67792.25,"(24, 2)",taxation,6,0.25,False,True,False
55,2-2,64569.75,"(22, 40)",taxation,6,0.25,False,True,False
55,11-2,51678.25,"(3, 32)",taxation,6,0.25,False,True,False
55,202-2,74204.0,"(17, 0)",taxation,6,0.25,False,True,False
55,121-2,64589.0,"(4, 28)",taxation,6,0.25,False,True,False
55,163-2,77427.0,"(26, 40)",taxation,6,0.25,False,True,False
55,18-2,74224.75,"(49, 31)",taxation,6,0.25,False,True,False
55,132-2,70983.75,"(28, 7)",taxation,6,0.25,False,True,False
55,160-2,58139.0,"(1, 30)",taxation,6,0.25,False,True,False
55,221-2,61354.5,"(44, 31)",taxation,6,0.25,False,True,False
55,90-2,58161.5,"(18, 0)",taxation,6,0.25,False,True,False
55,64-2,64562.0,"(43, 0)",taxation,6,0.25,False,True,False
55,102-2,45280.5,"(39, 36)",taxation,6,0.25,False,True,False
55,188-2,64569.5,"(18, 40)",taxation,6,0.25,False,True,False
55,92-2,70989.0,"(16, 3)",taxation,6,0.25,False,True,False
55,96-2,74214.5,"(8, 28)",taxation,6,0.25,False,True,False
55,107-2,70984.5,"(31, 45)",taxation,6,0.25,False,True,False
55,80-2,70982.5,"(25, 3)",taxation,6,0.25,False,True,False
55,237-2,51689.75,"(3, 31)",taxation,6,0.25,False,True,False
55,13-2,61348.25,"(1, 28)",taxation,6,0.25,False,True,False
55,104-2,61365.5,"(26, 4)",taxation,6,0.25,False,True,False
55,27-2,58126.75,"(24, 4)",taxation,6,0.25,False,True,False
55,248-2,64557.25,"(16, 2)",taxation,6,0.25,False,True,False
55,48-2,67752.0,"(23, 9)",taxation,6,0.25,False,True,False
55,57-2,58119.25,"(40, 24)",taxation,6,0.25,False,True,False
55,184-2,64542.25,"(8, 19)",taxation,6,0.25,False,True,False
55,30-2,74200.25,"(2, 28)",taxation,6,0.25,False,True,False
55,108-2,35610.25,"(0, 31)",taxation,6,0.25,False,True,False
55,166-2,61351.25,"(17, 3)",taxation,6,0.25,False,True,False
55,233-2,61344.25,"(44, 29)",taxation,6,0.25,False,True,False
55,69-2,70984.5,"(6, 15)",taxation,6,0.25,False,True,False
55,229-2,71007.25,"(34, 36)",taxation,6,0.25,False,True,False
55,236-2,64554.25,"(19, 2)",taxation,6,0.25,False,True,False
55,109-2,64569.5,"(45, 28)",taxation,6,0.25,False,True,False
55,235-2,64556.25,"(17, 6)",taxation,6,0.25,False,True,False
55,62-2,64558.5,"(0, 29)",taxation,6,0.25,False,True,False
55,89-2,67777.75,"(21, 43)",taxation,6,0.25,False,True,False
55,58-2,67738.5,"(5, 27)",taxation,6,0.25,False,True,False
55,61-2,77405.25,"(12, 29)",taxation,6,0.25,False,True,False
55,152-2,67768.25,"(23, 44)",taxation,6,0.25,False,True,False
55,124-2,61334.25,"(19, 0)",taxation,6,0.25,False,True,False
55,97-2,51672.75,"(38, 37)",taxation,6,0.25,False,True,False
55,232-2,38822.25,"(10, 28)",taxation,6,0.25,False,True,False
55,116-2,70993.5,"(45, 35)",taxation,6,0.25,False,True,False
55,37-2,67769.75,"(45, 0)",taxation,6,0.25,False,True,False
55,7-2,48475.5,"(30, 42)",taxation,6,0.25,False,True,False
55,26-2,51693.75,"(33, 39)",taxation,6,0.25,False,True,False
55,117-2,58123.5,"(31, 44)",taxation,6,0.25,False,True,False
55,82-2,67749.5,"(19, 46)",taxation,6,0.25,False,True,False
55,88-2,64548.0,"(8, 15)",taxation,6,0.25,False,True,False
55,59-2,58098.25,"(10, 33)",taxation,6,0.25,False,True,False
55,52-2,48473.25,"(45, 36)",taxation,6,0.25,False,True,False
55,194-2,58129.5,"(7, 16)",taxation,6,0.25,False,True,False
55,72-2,74170.5,"(32, 37)",taxation,6,0.25,False,True,False
56,3,51744.0,"(6, 31)",taxation,6,0.25,False,True,False
56,8,86091.0,"(2, 25)",taxation,6,0.25,False,True,False
56,9,73228.0,"(16, 0)",taxation,6,0.25,False,True,False
56,12,81766.0,"(41, 5)",taxation,6,0.25,False,True,False
56,14,21759.0,"(26, 8)",taxation,6,0.25,False,True,False
56,15,77509.0,"(41, 33)",taxation,6,0.25,False,True,False
56,20,81768.0,"(37, 19)",taxation,6,0.25,False,True,False
56,24,68933.0,"(46, 25)",taxation,6,0.25,False,True,False
56,29,86066.0,"(2, 27)",taxation,6,0.25,False,True,False
56,34,77499.0,"(6, 24)",taxation,6,0.25,False,True,False
56,35,86069.0,"(4, 31)",taxation,6,0.25,False,True,False
56,36,64630.0,"(29, 41)",taxation,6,0.25,False,True,False
56,39,60335.0,"(9, 24)",taxation,6,0.25,False,True,False
56,43,86069.0,"(37, 29)",taxation,6,0.25,False,True,False
56,44,56077.0,"(26, 0)",taxation,6,0.25,False,True,False
56,46,60345.0,"(26, 1)",taxation,6,0.25,False,True,False
56,47,60345.0,"(8, 23)",taxation,6,0.25,False,True,False
56,49,81784.0,"(4, 24)",taxation,6,0.25,False,True,False
56,60,90344.0,"(41, 35)",taxation,6,0.25,False,True,False
56,65,98906.0,"(36, 35)",taxation,6,0.25,False,True,False
56,66,94634.0,"(41, 27)",taxation,6,0.25,False,True,False
56,67,64621.0,"(14, 27)",taxation,6,0.25,False,True,False
56,70,90359.0,"(25, 12)",taxation,6,0.25,False,True,False
56,77,73187.0,"(20, 39)",taxation,6,0.25,False,True,False
56,79,81770.0,"(25, 1)",taxation,6,0.25,False,True,False
56,81,81800.0,"(40, 6)",taxation,6,0.25,False,True,False
56,84,86074.0,"(11, 23)",taxation,6,0.25,False,True,False
56,87,86042.0,"(7, 24)",taxation,6,0.25,False,True,False
56,93,38908.0,"(39, 32)",taxation,6,0.25,False,True,False
56,99,81755.0,"(36, 25)",taxation,6,0.25,False,True,False
56,101,86092.0,"(39, 30)",taxation,6,0.25,False,True,False
56,105,77487.0,"(9, 19)",taxation,6,0.25,False,True,False
56,114,98922.0,"(43, 23)",taxation,6,0.25,False,True,False
56,118,94635.0,"(42, 25)",taxation,6,0.25,False,True,False
56,119,86062.0,"(13, 21)",taxation,6,0.25,False,True,False
56,123,98933.0,"(23, 0)",taxation,6,0.25,False,True,False
56,126,86041.0,"(42, 34)",taxation,6,0.25,False,True,False
56,127,90332.0,"(24, 7)",taxation,6,0.25,False,True,False
56,128,94638.0,"(22, 7)",taxation,6,0.25,False,True,False
56,129,81795.0,"(42, 33)",taxation,6,0.25,False,True,False
56,131,86074.0,"(25, 48)",taxation,6,0.25,False,True,False
56,135,86060.0,"(8, 17)",taxation,6,0.25,False,True,False
56,136,68918.0,"(4, 22)",taxation,6,0.25,False,True,False
56,138,90342.0,"(43, 34)",taxation,6,0.25,False,True,False
56,143,86037.0,"(5, 31)",taxation,6,0.25,False,True,False
56,150,73195.0,"(29, 48)",taxation,6,0.25,False,True,False
56,151,68908.0,"(18, 10)",taxation,6,0.25,False,True,False
56,153,43175.0,"(4, 23)",taxation,6,0.25,False,True,False
56,157,81762.0,"(29, 0)",taxation,6,0.25,False,True,False
56,159,68936.0,"(41, 30)",taxation,6,0.25,False,True,False
56,171,86097.0,"(29, 47)",taxation,6,0.25,False,True,False
56,177,86090.0,"(40, 28)",taxation,6,0.25,False,True,False
56,178,94647.0,"(29, 9)",taxation,6,0.25,False,True,False
56,181,86052.00000000001,"(47, 25)",taxation,6,0.25,False,True,False
56,185,86064.0,"(35, 34)",taxation,6,0.25,False,True,False
56,190,86075.0,"(30, 3)",taxation,6,0.25,False,True,False
56,191,98896.0,"(47, 21)",taxation,6,0.25,False,True,False
56,192,77510.0,"(42, 21)",taxation,6,0.25,False,True,False
56,195,38900.0,"(37, 34)",taxation,6,0.25,False,True,False
56,197,68900.0,"(26, 48)",taxation,6,0.25,False,True,False
56,200,81764.0,"(21, 7)",taxation,6,0.25,False,True,False
56,204,94630.0,"(44, 34)",taxation,6,0.25,False,True,False
56,210,103190.0,"(0, 27)",taxation,6,0.25,False,True,False
56,211,56051.0,"(22, 6)",taxation,6,0.25,False,True,False
56,213,86075.0,"(21, 47)",taxation,6,0.25,False,True,False
56,215,94631.0,"(19, 5)",taxation,6,0.25,False,True,False
56,216,94635.0,"(2, 20)",taxation,6,0.25,False,True,False
56,217,51778.0,"(3, 20)",taxation,6,0.25,False,True,False
56,218,98939.0,"(30, 46)",taxation,6,0.25,False,True,False
56,220,94631.0,"(30, 41)",taxation,6,0.25,False,True,False
56,222,86067.0,"(40, 31)",taxation,6,0.25,False,True,False
56,223,60317.0,"(14, 21)",taxation,6,0.25,False,True,False
56,224,73213.0,"(29, 3)",taxation,6,0.25,False,True,False
56,227,94627.0,"(47, 35)",taxation,6,0.25,False,True,False
56,230,68928.0,"(24, 42)",taxation,6,0.25,False,True,False
56,238,86085.0,"(27, 40)",taxation,6,0.25,False,True,False
56,239,86050.0,"(5, 18)",taxation,6,0.25,False,True,False
56,243,81783.0,"(40, 29)",taxation,6,0.25,False,True,False
56,244,98930.0,"(4, 17)",taxation,6,0.25,False,True,False
56,245,94642.0,"(7, 22)",taxation,6,0.25,False,True,False
56,219-2,75328.0,"(25, 0)",taxation,6,0.25,False,True,False
56,158-2,62475.0,"(47, 33)",taxation,6,0.25,False,True,False
56,139-2,77481.25,"(38, 33)",taxation,6,0.25,False,True,False
56,179-2,56082.5,"(37, 17)",taxation,6,0.25,False,True,False
56,28-2,59297.25,"(36, 3)",taxation,6,0.25,False,True,False
56,187-2,34621.0,"(39, 29)",taxation,6,0.25,False,True,False
56,146-2,26061.0,"(47, 24)",taxation,6,0.25,False,True,False
56,94-2,21776.0,"(6, 22)",taxation,6,0.25,False,True,False
56,154-2,30342.0,"(11, 26)",taxation,6,0.25,False,True,False
56,173-2,17492.0,"(28, 49)",taxation,6,0.25,False,True,False
56,240-2,21747.0,"(38, 28)",taxation,6,0.25,False,True,False
56,246-2,64638.0,"(1, 19)",taxation,6,0.25,False,True,False
56,98-2,34649.0,"(26, 47)",taxation,6,0.25,False,True,False
56,140-2,385.0,"(3, 24)",taxation,6,0.25,False,True,False
56,176-2,365.0,"(24, 10)",taxation,6,0.25,False,True,False
56,208-2,68910.25,"(28, 8)",taxation,6,0.25,False,True,False
56,170-2,59282.75,"(5, 25)",taxation,6,0.25,False,True,False
56,1-2,49604.25,"(0, 30)",taxation,6,0.25,False,True,False
56,23-2,69997.0,"(39, 3)",taxation,6,0.25,False,True,False
56,17-2,71058.5,"(44, 33)",taxation,6,0.25,False,True,False
56,31-2,77467.5,"(27, 4)",taxation,6,0.25,False,True,False
56,228-2,50707.0,"(37, 35)",taxation,6,0.25,False,True,False
56,149-2,58228.0,"(1, 24)",taxation,6,0.25,False,True,False
56,206-2,65707.25,"(39, 34)",taxation,6,0.25,False,True,False
56,242-2,29263.25,"(23, 8)",taxation,6,0.25,False,True,False
56,75-2,61427.0,"(5, 20)",taxation,6,0.25,False,True,False
56,74-2,75340.0,"(43, 2)",taxation,6,0.25,False,True,False
56,241-2,61409.5,"(38, 35)",taxation,6,0.25,False,True,False
56,42-2,48569.5,"(26, 49)",taxation,6,0.25,False,True,False
56,142-2,42103.75,"(41, 16)",taxation,6,0.25,False,True,False
56,172-2,71040.75,"(23, 4)",taxation,6,0.25,False,True,False
56,167-2,67848.75,"(48, 34)",taxation,6,0.25,False,True,False
56,38-2,67849.5,"(38, 34)",taxation,6,0.25,False,True,False
56,198-2,61425.5,"(4, 26)",taxation,6,0.25,False,True,False
56,0-2,45343.25,"(39, 28)",taxation,6,0.25,False,True,False
56,6-2,74265.0,"(25, 49)",taxation,6,0.25,False,True,False
56,76-2,64630.750000000015,"(5, 30)",taxation,6,0.25,False,True,False
56,144-2,64628.5,"(19, 43)",taxation,6,0.25,False,True,False
56,25-2,58195.0,"(2, 19)",taxation,6,0.25,False,True,False
56,40-2,71069.0,"(26, 42)",taxation,6,0.25,False,True,False
56,10-2,67818.25,"(43, 22)",taxation,6,0.25,False,True,False
56,180-2,64632.25,"(18, 9)",taxation,6,0.25,False,True,False
56,212-2,67812.75,"(36, 23)",taxation,6,0.25,False,True,False
56,63-2,61381.75,"(30, 10)",taxation,6,0.25,False,True,False
56,189-2,58197.5,"(29, 49)",taxation,6,0.25,False,True,False
56,54-2,64629.25,"(28, 0)",taxation,6,0.25,False,True,False
56,4-2,48532.25,"(24, 5)",taxation,6,0.25,False,True,False
56,83-2,71042.75,"(27, 8)",taxation,6,0.25,False,True,False
56,249-2,67835.0,"(23, 41)",taxation,6,0.25,False,True,False
56,22-2,74253.0,"(9, 25)",taxation,6,0.25,False,True,False
56,205-2,32476.75,"(24, 1)",taxation,6,0.25,False,True,False
56,156-2,48547.5,"(6, 20)",taxation,6,0.25,False,True,False
56,51-2,67821.5,"(19, 40)",taxation,6,0.25,False,True,False
56,133-2,58167.0,"(15, 32)",taxation,6,0.25,False,True,False
56,73-2,67826.25,"(7, 30)",taxation,6,0.25,False,True,False
56,56-2,64621.75,"(6, 21)",taxation,6,0.25,False,True,False
56,182-2,67821.25,"(14, 25)",taxation,6,0.25,False,True,False
56,71-2,71036.25,"(42, 3)",taxation,6,0.25,False,True,False
56,91-2,71028.75,"(3, 19)",taxation,6,0.25,False,True,False
56,226-2,64592.75,"(46, 30)",taxation,6,0.25,False,True,False
56,225-2,67807.75,"(28, 47)",taxation,6,0.25,False,True,False
56,148-2,51748.25,"(29, 46)",taxation,6,0.25,False,True,False
56,16-2,74261.5,"(24, 0)",taxation,6,0.25,False,True,False
56,111-2,71038.25,"(49, 34)",taxation,6,0.25,False,True,False
56,134-2,64615.0,"(38, 5)",taxation,6,0.25,False,True,False
56,168-2,71048.5,"(29, 37)",taxation,6,0.25,False,True,False
56,106-2,61412.75,"(41, 28)",taxation,6,0.25,False,True,False
56,162-2,67821.5,"(47, 30)",taxation,6,0.25,False,True,False
56,214-2,42082.0,"(39, 6)",taxation,6,0.25,False,True,False
56,110-2,74240.0,"(11, 22)",taxation,6,0.25,False,True,False
56,95-2,74242.5,"(41, 22)",taxation,6,0.25,False,True,False
56,122-2,54955.25,"(4, 30)",taxation,6,0.25,False,True,False
56,231-2,42093.75,"(3, 18)",taxation,6,0.25,False,True,False
56,100-2,64601.75,"(36, 14)",taxation,6,0.25,False,True,False
56,141-2,51748.5,"(1, 25)",taxation,6,0.25,False,True,False
56,165-2,77453.0,"(27, 1)",taxation,6,0.25,False,True,False
56,186-2,61400.25,"(39, 23)",taxation,6,0.25,False,True,False
56,201-2,45288.25,"(39, 4)",taxation,6,0.25,False,True,False
56,21-2,61394.25,"(40, 32)",taxation,6,0.25,False,True,False
56,183-2,45311.75,"(28, 39)",taxation,6,0.25,False,True,False
56,203-2,77441.25,"(31, 7)",taxation,6,0.25,False,True,False
56,32-2,71014.75,"(35, 6)",taxation,6,0.25,False,True,False
56,115-2,71013.75,"(37, 18)",taxation,6,0.25,False,True,False
56,169-2,51747.0,"(29, 2)",taxation,6,0.25,False,True,False
56,78-2,61386.25,"(27, 47)",taxation,6,0.25,False,True,False
56,137-2,58165.5,"(29, 7)",taxation,6,0.25,False,True,False
56,55-2,71014.25,"(27, 0)",taxation,6,0.25,False,True,False
56,112-2,71024.5,"(7, 23)",taxation,6,0.25,False,True,False
56,193-2,58181.5,"(45, 30)",taxation,6,0.25,False,True,False
56,50-2,74227.5,"(40, 30)",taxation,6,0.25,False,True,False
56,53-2,42088.25,"(6, 19)",taxation,6,0.25,False,True,False
56,5-2,29212.5,"(39, 7)",taxation,6,0.25,False,True,False
56,247-2,58167.0,"(25, 2)",taxation,6,0.25,False,True,False
56,147-2,64595.75,"(39, 27)",taxation,6,0.25,False,True,False
56,145-2,67804.0,"(2, 26)",taxation,6,0.25,False,True,False
56,207-2,51714.75,"(46, 29)",taxation,6,0.25,False,True,False
56,120-2,74210.0,"(8, 20)",taxation,6,0.25,False,True,False
56,125-2,71024.0,"(13, 25)",taxation,6,0.25,False,True,False
56,41-2,71030.0,"(14, 26)",taxation,6,0.25,False,True,False
56,209-2,74233.5,"(40, 5)",taxation,6,0.25,False,True,False
56,113-2,67793.75,"(38, 30)",taxation,6,0.25,False,True,False
56,68-2,54948.75,"(6, 23)",taxation,6,0.25,False,True,False
56,161-2,54944.0,"(27, 48)",taxation,6,0.25,False,True,False
56,175-2,54942.5,"(39, 2)",taxation,6,0.25,False,True,False
56,85-2,58160.0,"(29, 8)",taxation,6,0.25,False,True,False
56,234-2,67775.5,"(3, 26)",taxation,6,0.25,False,True,False
56,45-2,67789.75,"(14, 18)",taxation,6,0.25,False,True,False
56,196-2,45309.0,"(1, 26)",taxation,6,0.25,False,True,False
56,174-2,71008.5,"(35, 13)",taxation,6,0.25,False,True,False
56,103-2,64562.5,"(30, 4)",taxation,6,0.25,False,True,False
56,33-2,51734.25,"(26, 13)",taxation,6,0.25,False,True,False
56,19-2,67789.0,"(2, 18)",taxation,6,0.25,False,True,False
56,130-2,71001.5,"(26, 2)",taxation,6,0.25,False,True,False
56,155-2,67816.25,"(25, 41)",taxation,6,0.25,False,True,False
56,86-2,64587.0,"(5, 24)",taxation,6,0.25,False,True,False
56,164-2,67799.25,"(28, 5)",taxation,6,0.25,False,True,False
56,2-2,64577.75,"(22, 39)",taxation,6,0.25,False,True,False
56,11-2,51685.25,"(3, 30)",taxation,6,0.25,False,True,False
56,202-2,74206.0,"(22, 1)",taxation,6,0.25,False,True,False
56,121-2,64597.0,"(6, 25)",taxation,6,0.25,False,True,False
56,163-2,77436.0,"(26, 39)",taxation,6,0.25,False,True,False
56,18-2,74226.75,"(43, 25)",taxation,6,0.25,False,True,False
56,132-2,70990.75,"(30, 7)",taxation,6,0.25,False,True,False
56,160-2,58147.0,"(1, 27)",taxation,6,0.25,False,True,False
56,221-2,61362.5,"(38, 31)",taxation,6,0.25,False,True,False
56,90-2,58163.5,"(23, 3)",taxation,6,0.25,False,True,False
56,64-2,64568.0,"(40, 3)",taxation,6,0.25,False,True,False
56,102-2,45288.5,"(38, 36)",taxation,6,0.25,False,True,False
56,188-2,64578.5,"(24, 40)",taxation,6,0.25,False,True,False
56,92-2,70991.0,"(20, 5)",taxation,6,0.25,False,True,False
56,96-2,74222.5,"(12, 25)",taxation,6,0.25,False,True,False
56,107-2,70993.5,"(27, 49)",taxation,6,0.25,False,True,False
56,80-2,70990.5,"(28, 1)",taxation,6,0.25,False,True,False
56,237-2,51697.75,"(3, 27)",taxation,6,0.25,False,True,False
56,13-2,61357.25,"(5, 22)",taxation,6,0.25,False,True,False
56,104-2,61372.5,"(29, 1)",taxation,6,0.25,False,True,False
56,27-2,58134.75,"(28, 2)",taxation,6,0.25,False,True,False
56,248-2,64558.25,"(17, 4)",taxation,6,0.25,False,True,False
56,48-2,67760.0,"(29, 10)",taxation,6,0.25,False,True,False
56,57-2,58126.25,"(36, 24)",taxation,6,0.25,False,True,False
56,184-2,64551.25,"(5, 19)",taxation,6,0.25,False,True,False
56,30-2,74208.25,"(2, 24)",taxation,6,0.25,False,True,False
56,108-2,35618.25,"(0, 25)",taxation,6,0.25,False,True,False
56,166-2,61353.25,"(20, 4)",taxation,6,0.25,False,True,False
56,233-2,61352.25,"(39, 31)",taxation,6,0.25,False,True,False
56,69-2,70992.5,"(1, 18)",taxation,6,0.25,False,True,False
56,229-2,71015.25,"(30, 36)",taxation,6,0.25,False,True,False
56,236-2,64557.25,"(25, 8)",taxation,6,0.25,False,True,False
56,109-2,64577.5,"(42, 31)",taxation,6,0.25,False,True,False
56,235-2,64558.25,"(18, 6)",taxation,6,0.25,False,True,False
56,62-2,64566.5,"(0, 26)",taxation,6,0.25,False,True,False
56,89-2,67786.75,"(24, 48)",taxation,6,0.25,False,True,False
56,58-2,67747.5,"(5, 21)",taxation,6,0.25,False,True,False
56,61-2,77413.25,"(12, 26)",taxation,6,0.25,False,True,False
56,152-2,67777.25,"(24, 41)",taxation,6,0.25,False,True,False
56,124-2,61337.25,"(25, 5)",taxation,6,0.25,False,True,False
56,97-2,51679.75,"(37, 36)",taxation,6,0.25,False,True,False
56,232-2,38830.25,"(13, 26)",taxation,6,0.25,False,True,False
56,116-2,70995.5,"(40, 34)",taxation,6,0.25,False,True,False
56,37-2,67774.75,"(42, 2)",taxation,6,0.25,False,True,False
56,7-2,48484.5,"(27, 39)",taxation,6,0.25,False,True,False
56,26-2,51701.75,"(33, 35)",taxation,6,0.25,False,True,False
56,117-2,58132.5,"(28, 48)",taxation,6,0.25,False,True,False
56,82-2,67758.5,"(23, 48)",taxation,6,0.25,False,True,False
56,88-2,64556.0,"(12, 19)",taxation,6,0.25,False,True,False
56,59-2,58105.25,"(8, 30)",taxation,6,0.25,False,True,False
56,52-2,48482.25,"(48, 35)",taxation,6,0.25,False,True,False
56,194-2,58137.5,"(2, 17)",taxation,6,0.25,False,True,False
56,72-2,74178.5,"(31, 36)",taxation,6,0.25,False,True,False
56,199-2,74163.0,"(28, 6)",taxation,6,0.25,False,True,False
57,3,51751.0,"(6, 34)",taxation,6,0.25,False,True,False
57,8,86100.0,"(1, 22)",taxation,6,0.25,False,True,False
57,9,73230.0,"(19, 3)",taxation,6,0.25,False,True,False
57,12,81774.0,"(35, 5)",taxation,6,0.25,False,True,False
57,14,21767.0,"(30, 11)",taxation,6,0.25,False,True,False
57,15,77517.0,"(35, 33)",taxation,6,0.25,False,True,False
57,20,81776.0,"(34, 20)",taxation,6,0.25,False,True,False
57,24,68937.0,"(46, 20)",taxation,6,0.25,False,True,False
57,29,86075.0,"(0, 21)",taxation,6,0.25,False,True,False
57,34,77507.0,"(4, 25)",taxation,6,0.25,False,True,False
57,35,86077.0,"(6, 30)",taxation,6,0.25,False,True,False
57,36,64639.0,"(28, 37)",taxation,6,0.25,False,True,False
57,39,60343.0,"(9, 22)",taxation,6,0.25,False,True,False
57,44,56085.0,"(32, 1)",taxation,6,0.25,False,True,False
57,46,60353.0,"(32, 2)",taxation,6,0.25,False,True,False
57,47,60353.0,"(14, 29)",taxation,6,0.25,False,True,False
57,49,81792.0,"(3, 25)",taxation,6,0.25,False,True,False
57,60,90347.0,"(37, 37)",taxation,6,0.25,False,True,False
57,65,98914.0,"(31, 33)",taxation,6,0.25,False,True,False
57,66,94639.0,"(37, 21)",taxation,6,0.25,False,True,False
57,67,64629.0,"(14, 28)",taxation,6,0.25,False,True,False
57,70,90367.0,"(31, 12)",taxation,6,0.25,False,True,False
57,77,73195.0,"(19, 38)",taxation,6,0.25,False,True,False
57,79,81778.0,"(30, 2)",taxation,6,0.25,False,True,False
57,81,81807.0,"(38, 8)",taxation,6,0.25,False,True,False
57,87,86050.0,"(6, 26)",taxation,6,0.25,False,True,False
57,93,38915.0,"(33, 28)",taxation,6,0.25,False,True,False
57,99,81763.0,"(35, 25)",taxation,6,0.25,False,True,False
57,101,86100.0,"(33, 29)",taxation,6,0.25,False,True,False
57,105,77494.0,"(10, 19)",taxation,6,0.25,False,True,False
57,118,94639.0,"(38, 23)",taxation,6,0.25,False,True,False
57,119,86069.0,"(12, 21)",taxation,6,0.25,False,True,False
57,126,86049.0,"(37, 33)",taxation,6,0.25,False,True,False
57,127,90340.0,"(29, 12)",taxation,6,0.25,False,True,False
57,129,81799.0,"(36, 29)",taxation,6,0.25,False,True,False
57,131,86083.0,"(24, 49)",taxation,6,0.25,False,True,False
57,135,86068.0,"(9, 20)",taxation,6,0.25,False,True,False
57,136,68927.0,"(3, 22)",taxation,6,0.25,False,True,False
57,138,90346.0,"(37, 28)",taxation,6,0.25,False,True,False
57,143,86044.0,"(5, 34)",taxation,6,0.25,False,True,False
57,150,73199.0,"(23, 45)",taxation,6,0.25,False,True,False
57,151,68914.0,"(17, 16)",taxation,6,0.25,False,True,False
57,153,43184.0,"(2, 23)",taxation,6,0.25,False,True,False
57,157,81769.0,"(35, 0)",taxation,6,0.25,False,True,False
57,159,68944.0,"(36, 33)",taxation,6,0.25,False,True,False
57,171,86101.0,"(26, 43)",taxation,6,0.25,False,True,False
57,177,86097.0,"(34, 25)",taxation,6,0.25,False,True,False
57,178,94655.0,"(33, 10)",taxation,6,0.25,False,True,False
57,181,86056.00000000001,"(47, 20)",taxation,6,0.25,False,True,False
57,185,86071.0,"(32, 33)",taxation,6,0.25,False,True,False
57,190,86083.0,"(32, 3)",taxation,6,0.25,False,True,False
57,191,98902.0,"(45, 17)",taxation,6,0.25,False,True,False
57,192,77518.0,"(37, 20)",taxation,6,0.25,False,True,False
57,195,38908.0,"(31, 35)",taxation,6,0.25,False,True,False
57,197,68909.0,"(21, 48)",taxation,6,0.25,False,True,False
57,200,81768.0,"(25, 11)",taxation,6,0.25,False,True,False
57,204,94633.0,"(39, 33)",taxation,6,0.25,False,True,False
57,210,103199.0,"(0, 22)",taxation,6,0.25,False,True,False
57,211,56058.0,"(27, 12)",taxation,6,0.25,False,True,False
57,213,86084.0,"(20, 48)",taxation,6,0.25,False,True,False
57,215,94635.0,"(25, 10)",taxation,6,0.25,False,True,False
57,216,94636.0,"(6, 18)",taxation,6,0.25,False,True,False
57,217,51786.0,"(4, 20)",taxation,6,0.25,False,True,False
57,218,98944.0,"(28, 40)",taxation,6,0.25,False,True,False
57,220,94639.0,"(28, 38)",taxation,6,0.25,False,True,False
57,222,86075.0,"(34, 32)",taxation,6,0.25,False,True,False
57,224,73220.0,"(34, 4)",taxation,6,0.25,False,True,False
57,227,94629.0,"(43, 32)",taxation,6,0.25,False,True,False
57,230,68937.0,"(22, 44)",taxation,6,0.25,False,True,False
57,238,86093.0,"(27, 38)",taxation,6,0.25,False,True,False
57,239,86058.0,"(4, 18)",taxation,6,0.25,False,True,False
57,243,81787.0,"(37, 25)",taxation,6,0.25,False,True,False
57,244,98938.0,"(10, 20)",taxation,6,0.25,False,True,False
57,245,94651.0,"(9, 23)",taxation,6,0.25,False,True,False
57,219-2,75334.0,"(31, 3)",taxation,6,0.25,False,True,False
57,158-2,62477.0,"(47, 28)",taxation,6,0.25,False,True,False
57,139-2,77489.25,"(35, 31)",taxation,6,0.25,False,True,False
57,179-2,56090.5,"(36, 18)",taxation,6,0.25,False,True,False
57,28-2,59305.25,"(33, 2)",taxation,6,0.25,False,True,False
57,187-2,34629.0,"(34, 29)",taxation,6,0.25,False,True,False
57,146-2,26068.0,"(45, 18)",taxation,6,0.25,False,True,False
57,94-2,21785.0,"(5, 23)",taxation,6,0.25,False,True,False
57,154-2,30350.0,"(11, 28)",taxation,6,0.25,False,True,False
57,173-2,17496.0,"(22, 45)",taxation,6,0.25,False,True,False
57,240-2,21755.0,"(35, 28)",taxation,6,0.25,False,True,False
57,246-2,64647.0,"(0, 19)",taxation,6,0.25,False,True,False
57,98-2,34658.0,"(23, 49)",taxation,6,0.25,False,True,False
57,140-2,388.0,"(9, 30)",taxation,6,0.25,False,True,False
57,176-2,372.0,"(30, 12)",taxation,6,0.25,False,True,False
57,208-2,68918.25,"(31, 9)",taxation,6,0.25,False,True,False
57,170-2,59291.75,"(2, 22)",taxation,6,0.25,False,True,False
57,1-2,49612.25,"(3, 29)",taxation,6,0.25,False,True,False
57,23-2,70005.0,"(34, 3)",taxation,6,0.25,False,True,False
57,17-2,71061.5,"(38, 32)",taxation,6,0.25,False,True,False
57,31-2,77474.5,"(32, 10)",taxation,6,0.25,False,True,False
57,228-2,50715.0,"(33, 33)",taxation,6,0.25,False,True,False
57,149-2,58236.0,"(3, 21)",taxation,6,0.25,False,True,False
57,206-2,65711.25,"(34, 34)",taxation,6,0.25,False,True,False
57,242-2,29271.25,"(29, 13)",taxation,6,0.25,False,True,False
57,75-2,61434.0,"(9, 18)",taxation,6,0.25,False,True,False
57,74-2,75347.0,"(37, 3)",taxation,6,0.25,False,True,False
57,241-2,61416.5,"(32, 36)",taxation,6,0.25,False,True,False
57,42-2,48578.5,"(22, 48)",taxation,6,0.25,False,True,False
57,142-2,42111.75,"(35, 12)",taxation,6,0.25,False,True,False
57,172-2,71045.75,"(29, 5)",taxation,6,0.25,False,True,False
57,167-2,67850.75,"(43, 33)",taxation,6,0.25,False,True,False
57,38-2,67857.5,"(34, 33)",taxation,6,0.25,False,True,False
57,198-2,61434.5,"(3, 23)",taxation,6,0.25,False,True,False
57,0-2,45351.25,"(34, 26)",taxation,6,0.25,False,True,False
57,6-2,74274.0,"(21, 49)",taxation,6,0.25,False,True,False
57,76-2,64638.750000000015,"(10, 29)",taxation,6,0.25,False,True,False
57,144-2,64637.5,"(21, 45)",taxation,6,0.25,False,True,False
57,25-2,58196.0,"(5, 17)",taxation,6,0.25,False,True,False
57,40-2,71078.0,"(24, 39)",taxation,6,0.25,False,True,False
57,10-2,67825.25,"(39, 17)",taxation,6,0.25,False,True,False
57,180-2,64638.25,"(23, 15)",taxation,6,0.25,False,True,False
57,212-2,67820.75,"(36, 21)",taxation,6,0.25,False,True,False
57,63-2,61389.75,"(32, 11)",taxation,6,0.25,False,True,False
57,189-2,58201.5,"(24, 45)",taxation,6,0.25,False,True,False
57,54-2,64636.25,"(34, 2)",taxation,6,0.25,False,True,False
57,4-2,48537.25,"(29, 6)",taxation,6,0.25,False,True,False
57,83-2,71050.75,"(31, 8)",taxation,6,0.25,False,True,False
57,249-2,67843.0,"(23, 37)",taxation,6,0.25,False,True,False
57,22-2,74261.0,"(9, 21)",taxation,6,0.25,False,True,False
57,205-2,32484.75,"(30, 1)",taxation,6,0.25,False,True,False
57,156-2,48555.5,"(7, 21)",taxation,6,0.25,False,True,False
57,51-2,67830.5,"(21, 40)",taxation,6,0.25,False,True,False
57,133-2,58176.0,"(20, 38)",taxation,6,0.25,False,True,False
57,73-2,67834.25,"(7, 29)",taxation,6,0.25,False,True,False
57,56-2,64628.75,"(10, 18)",taxation,6,0.25,False,True,False
57,182-2,67829.25,"(14, 23)",taxation,6,0.25,False,True,False
57,71-2,71043.25,"(37, 5)",taxation,6,0.25,False,True,False
57,91-2,71037.75,"(1, 21)",taxation,6,0.25,False,True,False
57,226-2,64595.75,"(46, 24)",taxation,6,0.25,False,True,False
57,225-2,67811.75,"(25, 42)",taxation,6,0.25,False,True,False
57,148-2,51753.25,"(29, 40)",taxation,6,0.25,False,True,False
57,16-2,74266.5,"(30, 0)",taxation,6,0.25,False,True,False
57,111-2,71040.25,"(48, 28)",taxation,6,0.25,False,True,False
57,134-2,64622.0,"(37, 7)",taxation,6,0.25,False,True,False
57,168-2,71057.5,"(24, 38)",taxation,6,0.25,False,True,False
57,106-2,61419.75,"(35, 24)",taxation,6,0.25,False,True,False
57,162-2,67824.5,"(41, 24)",taxation,6,0.25,False,True,False
57,214-2,42090.0,"(33, 7)",taxation,6,0.25,False,True,False
57,110-2,74248.0,"(11, 21)",taxation,6,0.25,False,True,False
57,95-2,74250.5,"(35, 21)",taxation,6,0.25,False,True,False
57,122-2,54963.25,"(6, 29)",taxation,6,0.25,False,True,False
57,231-2,42101.75,"(3, 17)",taxation,6,0.25,False,True,False
57,100-2,64609.75,"(33, 11)",taxation,6,0.25,False,True,False
57,141-2,51749.5,"(1, 28)",taxation,6,0.25,False,True,False
57,165-2,77459.0,"(32, 4)",taxation,6,0.25,False,True,False
57,186-2,61407.25,"(36, 19)",taxation,6,0.25,False,True,False
57,201-2,45295.25,"(35, 3)",taxation,6,0.25,False,True,False
57,21-2,61398.25,"(36, 28)",taxation,6,0.25,False,True,False
57,183-2,45320.75,"(26, 38)",taxation,6,0.25,False,True,False
57,203-2,77448.25,"(34, 8)",taxation,6,0.25,False,True,False
57,32-2,71022.75,"(34, 10)",taxation,6,0.25,False,True,False
57,115-2,71021.75,"(36, 20)",taxation,6,0.25,False,True,False
57,169-2,51755.0,"(33, 8)",taxation,6,0.25,False,True,False
57,78-2,61395.25,"(25, 46)",taxation,6,0.25,False,True,False
57,137-2,58173.5,"(32, 12)",taxation,6,0.25,False,True,False
57,55-2,71021.25,"(31, 1)",taxation,6,0.25,False,True,False
57,112-2,71032.5,"(8, 24)",taxation,6,0.25,False,True,False
57,193-2,58184.5,"(41, 25)",taxation,6,0.25,False,True,False
57,50-2,74235.5,"(35, 30)",taxation,6,0.25,False,True,False
57,53-2,42096.25,"(7, 20)",taxation,6,0.25,False,True,False
57,5-2,29220.5,"(34, 7)",taxation,6,0.25,False,True,False
57,247-2,58173.0,"(31, 6)",taxation,6,0.25,False,True,False
57,147-2,64603.75,"(35, 26)",taxation,6,0.25,False,True,False
57,145-2,67806.0,"(0, 32)",taxation,6,0.25,False,True,False
57,207-2,51717.75,"(46, 23)",taxation,6,0.25,False,True,False
57,120-2,74218.0,"(8, 21)",taxation,6,0.25,False,True,False
57,125-2,71032.0,"(15, 23)",taxation,6,0.25,False,True,False
57,41-2,71038.0,"(16, 26)",taxation,6,0.25,False,True,False
57,209-2,74240.5,"(38, 7)",taxation,6,0.25,False,True,False
57,113-2,67801.75,"(33, 30)",taxation,6,0.25,False,True,False
57,68-2,54955.75,"(10, 24)",taxation,6,0.25,False,True,False
57,161-2,54953.0,"(22, 46)",taxation,6,0.25,False,True,False
57,175-2,54950.5,"(34, 6)",taxation,6,0.25,False,True,False
57,85-2,58167.0,"(33, 9)",taxation,6,0.25,False,True,False
57,234-2,67784.5,"(0, 23)",taxation,6,0.25,False,True,False
57,45-2,67797.75,"(15, 21)",taxation,6,0.25,False,True,False
57,196-2,45317.0,"(4, 21)",taxation,6,0.25,False,True,False
57,174-2,71015.5,"(34, 13)",taxation,6,0.25,False,True,False
57,103-2,64570.5,"(31, 10)",taxation,6,0.25,False,True,False
57,33-2,51741.25,"(30, 13)",taxation,6,0.25,False,True,False
57,19-2,67790.0,"(5, 16)",taxation,6,0.25,False,True,False
57,130-2,71008.5,"(32, 0)",taxation,6,0.25,False,True,False
57,155-2,67825.25,"(23, 39)",taxation,6,0.25,False,True,False
57,86-2,64595.0,"(4, 19)",taxation,6,0.25,False,True,False
57,164-2,67807.25,"(32, 9)",taxation,6,0.25,False,True,False
57,2-2,64586.75,"(22, 38)",taxation,6,0.25,False,True,False
57,11-2,51693.25,"(8, 29)",taxation,6,0.25,False,True,False
57,202-2,74210.0,"(27, 2)",taxation,6,0.25,False,True,False
57,121-2,64604.0,"(12, 23)",taxation,6,0.25,False,True,False
57,163-2,77445.0,"(25, 39)",taxation,6,0.25,False,True,False
57,18-2,74232.75,"(38, 19)",taxation,6,0.25,False,True,False
57,132-2,70998.75,"(32, 8)",taxation,6,0.25,False,True,False
57,160-2,58149.0,"(1, 33)",taxation,6,0.25,False,True,False
57,221-2,61370.5,"(34, 31)",taxation,6,0.25,False,True,False
57,90-2,58168.5,"(29, 4)",taxation,6,0.25,False,True,False
57,64-2,64575.0,"(36, 5)",taxation,6,0.25,False,True,False
57,102-2,45295.5,"(32, 38)",taxation,6,0.25,False,True,False
57,188-2,64587.5,"(23, 40)",taxation,6,0.25,False,True,False
57,92-2,70995.0,"(26, 10)",taxation,6,0.25,False,True,False
57,96-2,74230.5,"(12, 28)",taxation,6,0.25,False,True,False
57,107-2,71002.5,"(22, 49)",taxation,6,0.25,False,True,False
57,80-2,70997.5,"(33, 3)",taxation,6,0.25,False,True,False
57,237-2,51704.75,"(9, 29)",taxation,6,0.25,False,True,False
57,13-2,61365.25,"(10, 21)",taxation,6,0.25,False,True,False
57,104-2,61380.5,"(33, 1)",taxation,6,0.25,False,True,False
57,27-2,58142.75,"(32, 7)",taxation,6,0.25,False,True,False
57,248-2,64561.25,"(17, 10)",taxation,6,0.25,False,True,False
57,48-2,67768.0,"(31, 14)",taxation,6,0.25,False,True,False
57,57-2,58134.25,"(36, 22)",taxation,6,0.25,False,True,False
57,184-2,64560.25,"(1, 20)",taxation,6,0.25,False,True,False
57,30-2,74217.25,"(1, 23)",taxation,6,0.25,False,True,False
57,108-2,35627.25,"(0, 24)",taxation,6,0.25,False,True,False
57,166-2,61356.25,"(22, 9)",taxation,6,0.25,False,True,False
57,233-2,61360.25,"(33, 32)",taxation,6,0.25,False,True,False
57,69-2,71001.5,"(0, 18)",taxation,6,0.25,False,True,False
57,229-2,71024.25,"(25, 38)",taxation,6,0.25,False,True,False
57,236-2,64565.25,"(31, 13)",taxation,6,0.25,False,True,False
57,109-2,64581.5,"(36, 27)",taxation,6,0.25,False,True,False
57,235-2,64561.25,"(19, 10)",taxation,6,0.25,False,True,False
57,62-2,64568.5,"(2, 30)",taxation,6,0.25,False,True,False
57,89-2,67795.75,"(24, 47)",taxation,6,0.25,False,True,False
57,58-2,67756.5,"(2, 21)",taxation,6,0.25,False,True,False
57,61-2,77421.25,"(13, 28)",taxation,6,0.25,False,True,False
57,152-2,67785.25,"(25, 37)",taxation,6,0.25,False,True,False
57,124-2,61345.25,"(30, 6)",taxation,6,0.25,False,True,False
57,97-2,51687.75,"(32, 34)",taxation,6,0.25,False,True,False
57,232-2,38839.25,"(13, 23)",taxation,6,0.25,False,True,False
57,116-2,70999.5,"(35, 35)",taxation,6,0.25,False,True,False
57,37-2,67781.75,"(37, 6)",taxation,6,0.25,False,True,False
57,7-2,48493.5,"(23, 38)",taxation,6,0.25,False,True,False
57,26-2,51709.75,"(33, 34)",taxation,6,0.25,False,True,False
57,117-2,58137.5,"(22, 43)",taxation,6,0.25,False,True,False
57,82-2,67767.5,"(22, 47)",taxation,6,0.25,False,True,False
57,88-2,64564.0,"(11, 20)",taxation,6,0.25,False,True,False
57,59-2,58113.25,"(13, 29)",taxation,6,0.25,False,True,False
57,52-2,48484.25,"(43, 35)",taxation,6,0.25,False,True,False
57,194-2,58146.5,"(0, 20)",taxation,6,0.25,False,True,False
57,72-2,74186.5,"(30, 35)",taxation,6,0.25,False,True,False
57,199-2,74171.0,"(31, 11)",taxation,6,0.25,False,True,False
57,43-2,64557.75,"(35, 29)",taxation,6,0.25,False,True,False
57,128-2,70983.0,"(28, 12)",taxation,6,0.25,False,True,False
57,84-2,64561.5,"(10, 23)",taxation,6,0.25,False,True,False
57,114-2,74196.75,"(39, 18)",taxation,6,0.25,False,True,False
57,223-2,45243.0,"(14, 22)",taxation,6,0.25,False,True,False
57,123-2,74202.75,"(27, 3)",taxation,6,0.25,False,True,False
58,3,51759.0,"(8, 35)",taxation,6,0.25,False,True,False
58,8,86102.0,"(3, 28)",taxation,6,0.25,False,True,False
58,9,73234.0,"(24, 8)",taxation,6,0.25,False,True,False
58,12,81781.0,"(38, 6)",taxation,6,0.25,False,True,False
58,14,21775.0,"(34, 16)",taxation,6,0.25,False,True,False
58,15,77524.0,"(30, 38)",taxation,6,0.25,False,True,False
58,20,81784.0,"(32, 18)",taxation,6,0.25,False,True,False
58,24,68943.0,"(44, 17)",taxation,6,0.25,False,True,False
58,29,86077.0,"(5, 27)",taxation,6,0.25,False,True,False
58,34,77510.0,"(10, 25)",taxation,6,0.25,False,True,False
58,35,86085.0,"(7, 35)",taxation,6,0.25,False,True,False
58,36,64648.0,"(28, 35)",taxation,6,0.25,False,True,False
58,39,60350.0,"(15, 18)",taxation,6,0.25,False,True,False
58,44,56093.0,"(35, 1)",taxation,6,0.25,False,True,False
58,46,60360.0,"(32, 5)",taxation,6,0.25,False,True,False
58,47,60362.0,"(16, 32)",taxation,6,0.25,False,True,False
58,49,81795.0,"(8, 31)",taxation,6,0.25,False,True,False
58,60,90353.0,"(31, 37)",taxation,6,0.25,False,True,False
58,65,98922.0,"(30, 34)",taxation,6,0.25,False,True,False
58,66,94647.0,"(37, 16)",taxation,6,0.25,False,True,False
58,67,64638.0,"(16, 31)",taxation,6,0.25,False,True,False
58,70,90375.0,"(33, 14)",taxation,6,0.25,False,True,False
58,77,73204.0,"(17, 40)",taxation,6,0.25,False,True,False
58,79,81784.0,"(30, 5)",taxation,6,0.25,False,True,False
58,81,81815.0,"(42, 12)",taxation,6,0.25,False,True,False
58,87,86056.0,"(12, 27)",taxation,6,0.25,False,True,False
58,93,38923.0,"(29, 29)",taxation,6,0.25,False,True,False
58,99,81771.0,"(32, 21)",taxation,6,0.25,False,True,False
58,101,86108.0,"(28, 31)",taxation,6,0.25,False,True,False
58,105,77501.0,"(16, 19)",taxation,6,0.25,False,True,False
58,118,94647.0,"(32, 20)",taxation,6,0.25,False,True,False
58,119,86077.0,"(13, 22)",taxation,6,0.25,False,True,False
58,126,86055.0,"(32, 31)",taxation,6,0.25,False,True,False
58,129,81805.0,"(32, 29)",taxation,6,0.25,False,True,False
58,131,86092.0,"(18, 49)",taxation,6,0.25,False,True,False
58,135,86075.0,"(12, 16)",taxation,6,0.25,False,True,False
58,136,68929.0,"(7, 25)",taxation,6,0.25,False,True,False
58,138,90352.0,"(32, 30)",taxation,6,0.25,False,True,False
58,143,86052.0,"(5, 35)",taxation,6,0.25,False,True,False
58,150,73207.0,"(17, 48)",taxation,6,0.25,False,True,False
58,151,68922.0,"(16, 20)",taxation,6,0.25,False,True,False
58,153,43186.0,"(6, 27)",taxation,6,0.25,False,True,False
58,157,81776.0,"(37, 0)",taxation,6,0.25,False,True,False
58,159,68952.0,"(30, 27)",taxation,6,0.25,False,True,False
58,171,86109.0,"(21, 37)",taxation,6,0.25,False,True,False
58,177,86105.0,"(31, 25)",taxation,6,0.25,False,True,False
58,178,94662.0,"(37, 11)",taxation,6,0.25,False,True,False
58,181,86064.00000000001,"(42, 14)",taxation,6,0.25,False,True,False
58,185,86079.0,"(28, 32)",taxation,6,0.25,False,True,False
58,190,86090.0,"(34, 5)",taxation,6,0.25,False,True,False
58,191,98909.0,"(40, 15)",taxation,6,0.25,False,True,False
58,192,77526.0,"(35, 17)",taxation,6,0.25,False,True,False
58,195,38917.0,"(27, 35)",taxation,6,0.25,False,True,False
58,197,68918.0,"(16, 45)",taxation,6,0.25,False,True,False
58,200,81775.0,"(30, 15)",taxation,6,0.25,False,True,False
58,204,94638.0,"(34, 35)",taxation,6,0.25,False,True,False
58,210,103201.0,"(2, 28)",taxation,6,0.25,False,True,False
58,211,56066.0,"(30, 17)",taxation,6,0.25,False,True,False
58,213,86093.0,"(19, 48)",taxation,6,0.25,False,True,False
58,216,94643.0,"(11, 18)",taxation,6,0.25,False,True,False
58,217,51794.0,"(9, 16)",taxation,6,0.25,False,True,False
58,218,98953.0,"(26, 36)",taxation,6,0.25,False,True,False
58,220,94647.0,"(29, 35)",taxation,6,0.25,False,True,False
58,222,86083.0,"(30, 33)",taxation,6,0.25,False,True,False
58,224,73227.0,"(36, 2)",taxation,6,0.25,False,True,False
58,227,94633.0,"(38, 29)",taxation,6,0.25,False,True,False
58,230,68946.0,"(18, 47)",taxation,6,0.25,False,True,False
58,238,86101.0,"(27, 33)",taxation,6,0.25,False,True,False
58,239,86061.0,"(10, 16)",taxation,6,0.25,False,True,False
58,243,81794.0,"(34, 19)",taxation,6,0.25,False,True,False
58,244,98946.0,"(12, 20)",taxation,6,0.25,False,True,False
58,245,94659.0,"(15, 24)",taxation,6,0.25,False,True,False
58,219-2,75341.0,"(37, 1)",taxation,6,0.25,False,True,False
58,158-2,62481.0,"(44, 23)",taxation,6,0.25,False,True,False
58,139-2,77497.25,"(30, 30)",taxation,6,0.25,False,True,False
58,179-2,56098.5,"(36, 16)",taxation,6,0.25,False,True,False
58,28-2,59312.25,"(34, 1)",taxation,6,0.25,False,True,False
58,187-2,34636.0,"(28, 26)",taxation,6,0.25,False,True,False
58,146-2,26076.0,"(40, 16)",taxation,6,0.25,False,True,False
58,94-2,21790.0,"(11, 25)",taxation,6,0.25,False,True,False
58,154-2,30358.0,"(15, 29)",taxation,6,0.25,False,True,False
58,173-2,17505.0,"(17, 45)",taxation,6,0.25,False,True,False
58,240-2,21762.0,"(29, 23)",taxation,6,0.25,False,True,False
58,246-2,64649.0,"(6, 15)",taxation,6,0.25,False,True,False
58,98-2,34667.0,"(19, 49)",taxation,6,0.25,False,True,False
58,140-2,397.0,"(14, 31)",taxation,6,0.25,False,True,False
58,176-2,380.0,"(32, 15)",taxation,6,0.25,False,True,False
58,208-2,68926.25,"(33, 12)",taxation,6,0.25,False,True,False
58,170-2,59293.75,"(4, 27)",taxation,6,0.25,False,True,False
58,1-2,49620.25,"(9, 35)",taxation,6,0.25,False,True,False
58,23-2,70012.0,"(36, 1)",taxation,6,0.25,False,True,False
58,17-2,71067.5,"(32, 32)",taxation,6,0.25,False,True,False
58,31-2,77482.5,"(35, 14)",taxation,6,0.25,False,True,False
58,228-2,50723.0,"(29, 31)",taxation,6,0.25,False,True,False
58,149-2,58238.0,"(8, 22)",taxation,6,0.25,False,True,False
58,206-2,65719.25,"(29, 34)",taxation,6,0.25,False,True,False
58,242-2,29279.25,"(32, 14)",taxation,6,0.25,False,True,False
58,75-2,61441.0,"(15, 17)",taxation,6,0.25,False,True,False
58,74-2,75354.0,"(38, 2)",taxation,6,0.25,False,True,False
58,241-2,61424.5,"(26, 31)",taxation,6,0.25,False,True,False
58,42-2,48587.5,"(18, 48)",taxation,6,0.25,False,True,False
58,142-2,42119.75,"(41, 14)",taxation,6,0.25,False,True,False
58,172-2,71051.75,"(32, 6)",taxation,6,0.25,False,True,False
58,167-2,67854.75,"(37, 31)",taxation,6,0.25,False,True,False
58,38-2,67865.5,"(29, 30)",taxation,6,0.25,False,True,False
58,198-2,61436.5,"(5, 26)",taxation,6,0.25,False,True,False
58,0-2,45359.25,"(30, 26)",taxation,6,0.25,False,True,False
58,6-2,74283.0,"(16, 46)",taxation,6,0.25,False,True,False
58,76-2,64646.750000000015,"(12, 34)",taxation,6,0.25,False,True,False
58,144-2,64646.5,"(18, 46)",taxation,6,0.25,False,True,False
58,25-2,58204.0,"(9, 17)",taxation,6,0.25,False,True,False
58,40-2,71087.0,"(18, 39)",taxation,6,0.25,False,True,False
58,10-2,67833.25,"(39, 16)",taxation,6,0.25,False,True,False
58,180-2,64646.25,"(28, 18)",taxation,6,0.25,False,True,False
58,212-2,67828.75,"(33, 20)",taxation,6,0.25,False,True,False
58,63-2,61396.75,"(32, 16)",taxation,6,0.25,False,True,False
58,189-2,58207.5,"(21, 39)",taxation,6,0.25,False,True,False
58,54-2,64643.25,"(37, 2)",taxation,6,0.25,False,True,False
58,4-2,48545.25,"(34, 11)",taxation,6,0.25,False,True,False
58,83-2,71058.75,"(36, 8)",taxation,6,0.25,False,True,False
58,249-2,67852.0,"(22, 36)",taxation,6,0.25,False,True,False
58,22-2,74269.0,"(11, 19)",taxation,6,0.25,False,True,False
58,205-2,32491.75,"(33, 0)",taxation,6,0.25,False,True,False
58,156-2,48563.5,"(10, 17)",taxation,6,0.25,False,True,False
58,51-2,67839.5,"(18, 38)",taxation,6,0.25,False,True,False
58,133-2,58185.0,"(20, 37)",taxation,6,0.25,False,True,False
58,73-2,67842.25,"(9, 33)",taxation,6,0.25,False,True,False
58,56-2,64636.75,"(11, 16)",taxation,6,0.25,False,True,False
58,182-2,67837.25,"(16, 27)",taxation,6,0.25,False,True,False
58,71-2,71051.25,"(36, 9)",taxation,6,0.25,False,True,False
58,91-2,71039.75,"(6, 17)",taxation,6,0.25,False,True,False
58,226-2,64600.75,"(44, 20)",taxation,6,0.25,False,True,False
58,225-2,67820.75,"(24, 36)",taxation,6,0.25,False,True,False
58,148-2,51762.25,"(25, 36)",taxation,6,0.25,False,True,False
58,16-2,74272.5,"(31, 0)",taxation,6,0.25,False,True,False
58,111-2,71044.25,"(47, 23)",taxation,6,0.25,False,True,False
58,134-2,64630.0,"(36, 13)",taxation,6,0.25,False,True,False
58,168-2,71066.5,"(19, 36)",taxation,6,0.25,False,True,False
58,106-2,61427.75,"(29, 26)",taxation,6,0.25,False,True,False
58,162-2,67831.5,"(35, 18)",taxation,6,0.25,False,True,False
58,214-2,42097.0,"(34, 9)",taxation,6,0.25,False,True,False
58,110-2,74255.0,"(15, 19)",taxation,6,0.25,False,True,False
58,95-2,74258.5,"(35, 16)",taxation,6,0.25,False,True,False
58,122-2,54968.25,"(11, 34)",taxation,6,0.25,False,True,False
58,231-2,42103.75,"(6, 16)",taxation,6,0.25,False,True,False
58,100-2,64617.75,"(36, 15)",taxation,6,0.25,False,True,False
58,141-2,51757.5,"(4, 34)",taxation,6,0.25,False,True,False
58,165-2,77466.0,"(38, 4)",taxation,6,0.25,False,True,False
58,186-2,61415.25,"(35, 19)",taxation,6,0.25,False,True,False
58,201-2,45302.25,"(38, 1)",taxation,6,0.25,False,True,False
58,21-2,61406.25,"(30, 28)",taxation,6,0.25,False,True,False
58,183-2,45328.75,"(25, 34)",taxation,6,0.25,False,True,False
58,203-2,77456.25,"(35, 9)",taxation,6,0.25,False,True,False
58,32-2,71030.75,"(37, 15)",taxation,6,0.25,False,True,False
58,115-2,71029.75,"(34, 17)",taxation,6,0.25,False,True,False
58,169-2,51762.0,"(37, 9)",taxation,6,0.25,False,True,False
58,78-2,61402.25,"(20, 49)",taxation,6,0.25,False,True,False
58,137-2,58181.5,"(32, 13)",taxation,6,0.25,False,True,False
58,55-2,71028.25,"(35, 4)",taxation,6,0.25,False,True,False
58,112-2,71040.5,"(14, 30)",taxation,6,0.25,False,True,False
58,193-2,58190.5,"(35, 22)",taxation,6,0.25,False,True,False
58,50-2,74242.5,"(29, 36)",taxation,6,0.25,False,True,False
58,53-2,42101.25,"(13, 20)",taxation,6,0.25,False,True,False
58,5-2,29228.5,"(35, 8)",taxation,6,0.25,False,True,False
58,247-2,58181.0,"(36, 10)",taxation,6,0.25,False,True,False
58,147-2,64610.75,"(31, 21)",taxation,6,0.25,False,True,False
58,145-2,67810.0,"(2, 37)",taxation,6,0.25,False,True,False
58,207-2,51723.75,"(46, 17)",taxation,6,0.25,False,True,False
58,120-2,74226.0,"(12, 22)",taxation,6,0.25,False,True,False
58,125-2,71040.0,"(15, 25)",taxation,6,0.25,False,True,False
58,41-2,71047.0,"(17, 30)",taxation,6,0.25,False,True,False
58,209-2,74248.5,"(36, 7)",taxation,6,0.25,False,True,False
58,113-2,67809.75,"(28, 30)",taxation,6,0.25,False,True,False
58,68-2,54964.75,"(16, 28)",taxation,6,0.25,False,True,False
58,161-2,54962.0,"(17, 46)",taxation,6,0.25,False,True,False
58,175-2,54957.5,"(37, 8)",taxation,6,0.25,False,True,False
58,85-2,58175.0,"(35, 15)",taxation,6,0.25,False,True,False
58,234-2,67786.5,"(0, 29)",taxation,6,0.25,False,True,False
58,45-2,67805.75,"(15, 20)",taxation,6,0.25,False,True,False
58,196-2,45320.0,"(10, 26)",taxation,6,0.25,False,True,False
58,174-2,71022.5,"(34, 15)",taxation,6,0.25,False,True,False
58,103-2,64578.5,"(34, 12)",taxation,6,0.25,False,True,False
58,33-2,51749.25,"(30, 14)",taxation,6,0.25,False,True,False
58,19-2,67798.0,"(9, 15)",taxation,6,0.25,False,True,False
58,130-2,71015.5,"(36, 0)",taxation,6,0.25,False,True,False
58,155-2,67834.25,"(23, 36)",taxation,6,0.25,False,True,False
58,86-2,64598.0,"(10, 22)",taxation,6,0.25,False,True,False
58,164-2,67814.25,"(37, 10)",taxation,6,0.25,False,True,False
58,2-2,64595.75,"(16, 43)",taxation,6,0.25,False,True,False
58,11-2,51701.25,"(12, 33)",taxation,6,0.25,False,True,False
58,202-2,74216.0,"(31, 2)",taxation,6,0.25,False,True,False
58,121-2,64612.0,"(15, 22)",taxation,6,0.25,False,True,False
58,163-2,77453.0,"(23, 35)",taxation,6,0.25,False,True,False
58,18-2,74240.75,"(36, 17)",taxation,6,0.25,False,True,False
58,132-2,71006.75,"(35, 11)",taxation,6,0.25,False,True,False
58,160-2,58156.0,"(3, 39)",taxation,6,0.25,False,True,False
58,221-2,61378.5,"(30, 31)",taxation,6,0.25,False,True,False
58,90-2,58176.5,"(35, 10)",taxation,6,0.25,False,True,False
58,64-2,64582.0,"(39, 5)",taxation,6,0.25,False,True,False
58,102-2,45303.5,"(30, 37)",taxation,6,0.25,False,True,False
58,188-2,64596.5,"(19, 37)",taxation,6,0.25,False,True,False
58,92-2,71002.0,"(31, 15)",taxation,6,0.25,False,True,False
58,96-2,74239.5,"(16, 30)",taxation,6,0.25,False,True,False
58,107-2,71011.5,"(19, 47)",taxation,6,0.25,False,True,False
58,80-2,71005.5,"(35, 2)",taxation,6,0.25,False,True,False
58,237-2,51712.75,"(11, 33)",taxation,6,0.25,False,True,False
58,13-2,61373.25,"(14, 19)",taxation,6,0.25,False,True,False
58,104-2,61387.5,"(33, 4)",taxation,6,0.25,False,True,False
58,27-2,58149.75,"(38, 9)",taxation,6,0.25,False,True,False
58,248-2,64568.25,"(12, 15)",taxation,6,0.25,False,True,False
58,48-2,67776.0,"(33, 17)",taxation,6,0.25,False,True,False
58,57-2,58142.25,"(32, 22)",taxation,6,0.25,False,True,False
58,184-2,64562.25,"(7, 18)",taxation,6,0.25,False,True,False
58,30-2,74219.25,"(4, 28)",taxation,6,0.25,False,True,False
58,108-2,35629.25,"(0, 28)",taxation,6,0.25,False,True,False
58,166-2,61362.25,"(25, 14)",taxation,6,0.25,False,True,False
58,233-2,61368.25,"(29, 32)",taxation,6,0.25,False,True,False
58,69-2,71002.5,"(1, 18)",taxation,6,0.25,False,True,False
58,229-2,71033.25,"(20, 36)",taxation,6,0.25,False,True,False
58,236-2,64572.25,"(33, 15)",taxation,6,0.25,False,True,False
58,109-2,64588.5,"(30, 22)",taxation,6,0.25,False,True,False
58,235-2,64567.25,"(17, 15)",taxation,6,0.25,False,True,False
58,62-2,64572.5,"(2, 36)",taxation,6,0.25,False,True,False
58,89-2,67801.75,"(21, 46)",taxation,6,0.25,False,True,False
58,58-2,67758.5,"(7, 19)",taxation,6,0.25,False,True,False
58,61-2,77429.25,"(17, 31)",taxation,6,0.25,False,True,False
58,152-2,67793.25,"(24, 34)",taxation,6,0.25,False,True,False
58,124-2,61351.25,"(31, 5)",taxation,6,0.25,False,True,False
58,97-2,51695.75,"(28, 33)",taxation,6,0.25,False,True,False
58,232-2,38847.25,"(15, 26)",taxation,6,0.25,False,True,False
58,116-2,71007.5,"(29, 33)",taxation,6,0.25,False,True,False
58,37-2,67789.75,"(36, 12)",taxation,6,0.25,False,True,False
58,7-2,48502.5,"(22, 37)",taxation,6,0.25,False,True,False
58,26-2,51717.75,"(28, 34)",taxation,6,0.25,False,True,False
58,117-2,58145.5,"(17, 39)",taxation,6,0.25,False,True,False
58,82-2,67776.5,"(17, 47)",taxation,6,0.25,False,True,False
58,88-2,64572.0,"(11, 17)",taxation,6,0.25,False,True,False
58,59-2,58122.25,"(16, 29)",taxation,6,0.25,False,True,False
58,52-2,48488.25,"(37, 32)",taxation,6,0.25,False,True,False
58,194-2,58147.5,"(1, 19)",taxation,6,0.25,False,True,False
58,72-2,74195.5,"(24, 35)",taxation,6,0.25,False,True,False
58,199-2,74178.0,"(34, 14)",taxation,6,0.25,False,True,False
58,43-2,64563.75,"(31, 28)",taxation,6,0.25,False,True,False
58,128-2,70991.0,"(29, 16)",taxation,6,0.25,False,True,False
58,84-2,64570.5,"(15, 28)",taxation,6,0.25,False,True,False
58,114-2,74204.75,"(39, 15)",taxation,6,0.25,False,True,False
58,223-2,45251.0,"(15, 27)",taxation,6,0.25,False,True,False
58,123-2,74209.75,"(33, 5)",taxation,6,0.25,False,True,False
58,215-2,70981.5,"(29, 15)",taxation,6,0.25,False,True,False
58,127-2,67761.0,"(33, 13)",taxation,6,0.25,False,True,False
59,3,51768.0,"(14, 38)",taxation,6,0.25,False,True,False
59,8,86106.0,"(3, 33)",taxation,6,0.25,False,True,False
59,9,73241.0,"(28, 11)",taxation,6,0.25,False,True,False
59,12,81789.0,"(43, 7)",taxation,6,0.25,False,True,False
59,14,21783.0,"(32, 17)",taxation,6,0.25,False,True,False
59,15,77532.0,"(28, 36)",taxation,6,0.25,False,True,False
59,20,81791.0,"(30, 19)",taxation,6,0.25,False,True,False
59,29,86082.0,"(11, 29)",taxation,6,0.25,False,True,False
59,34,77517.0,"(16, 25)",taxation,6,0.25,False,True,False
59,35,86093.0,"(9, 40)",taxation,6,0.25,False,True,False
59,36,64657.0,"(23, 33)",taxation,6,0.25,False,True,False
59,39,60358.0,"(21, 24)",taxation,6,0.25,False,True,False
59,44,56101.0,"(40, 0)",taxation,6,0.25,False,True,False
59,46,60367.0,"(37, 4)",taxation,6,0.25,False,True,False
59,47,60371.0,"(16, 33)",taxation,6,0.25,False,True,False
59,49,81803.0,"(13, 33)",taxation,6,0.25,False,True,False
59,60,90360.0,"(31, 38)",taxation,6,0.25,False,True,False
59,65,98930.0,"(25, 29)",taxation,6,0.25,False,True,False
59,66,94654.0,"(42, 15)",taxation,6,0.25,False,True,False
59,67,64647.0,"(17, 32)",taxation,6,0.25,False,True,False
59,70,90382.0,"(28, 14)",taxation,6,0.25,False,True,False
59,77,73213.0,"(17, 38)",taxation,6,0.25,False,True,False
59,79,81791.0,"(30, 8)",taxation,6,0.25,False,True,False
59,81,81823.0,"(42, 11)",taxation,6,0.25,False,True,False
59,87,86064.0,"(18, 27)",taxation,6,0.25,False,True,False
59,93,38931.0,"(27, 27)",taxation,6,0.25,False,True,False
59,99,81779.0,"(30, 21)",taxation,6,0.25,False,True,False
59,101,86116.0,"(25, 31)",taxation,6,0.25,False,True,False
59,105,77509.0,"(20, 25)",taxation,6,0.25,False,True,False
59,118,94655.0,"(32, 19)",taxation,6,0.25,False,True,False
59,119,86086.0,"(19, 27)",taxation,6,0.25,False,True,False
59,126,86063.0,"(26, 32)",taxation,6,0.25,False,True,False
59,129,81813.0,"(27, 28)",taxation,6,0.25,False,True,False
59,131,86101.0,"(15, 49)",taxation,6,0.25,False,True,False
59,135,86082.0,"(18, 16)",taxation,6,0.25,False,True,False
59,138,90359.0,"(30, 29)",taxation,6,0.25,False,True,False
59,143,86060.0,"(9, 38)",taxation,6,0.25,False,True,False
59,150,73216.0,"(15, 48)",taxation,6,0.25,False,True,False
59,151,68930.0,"(17, 24)",taxation,6,0.25,False,True,False
59,153,43191.0,"(12, 24)",taxation,6,0.25,False,True,False
59,157,81783.0,"(41, 1)",taxation,6,0.25,False,True,False
59,159,68960.0,"(24, 29)",taxation,6,0.25,False,True,False
59,171,86117.0,"(21, 34)",taxation,6,0.25,False,True,False
59,177,86112.0,"(30, 25)",taxation,6,0.25,False,True,False
59,178,94670.0,"(38, 10)",taxation,6,0.25,False,True,False
59,181,86072.00000000001,"(46, 11)",taxation,6,0.25,False,True,False
59,185,86087.0,"(26, 33)",taxation,6,0.25,False,True,False
59,190,86097.0,"(38, 3)",taxation,6,0.25,False,True,False
59,191,98917.0,"(39, 14)",taxation,6,0.25,False,True,False
59,192,77534.0,"(29, 22)",taxation,6,0.25,False,True,False
59,195,38925.0,"(24, 32)",taxation,6,0.25,False,True,False
59,197,68927.0,"(14, 49)",taxation,6,0.25,False,True,False
59,200,81783.0,"(31, 16)",taxation,6,0.25,False,True,False
59,204,94646.0,"(29, 38)",taxation,6,0.25,False,True,False
59,210,103205.0,"(2, 33)",taxation,6,0.25,False,True,False
59,211,56074.0,"(30, 18)",taxation,6,0.25,False,True,False
59,213,86100.0,"(14, 43)",taxation,6,0.25,False,True,False
59,216,94649.0,"(17, 20)",taxation,6,0.25,False,True,False
59,217,51799.0,"(13, 16)",taxation,6,0.25,False,True,False
59,218,98961.0,"(22, 34)",taxation,6,0.25,False,True,False
59,220,94655.0,"(26, 35)",taxation,6,0.25,False,True,False
59,222,86091.0,"(27, 32)",taxation,6,0.25,False,True,False
59,224,73235.0,"(42, 5)",taxation,6,0.25,False,True,False
59,227,94640.0,"(32, 24)",taxation,6,0.25,False,True,False
59,230,68955.0,"(14, 48)",taxation,6,0.25,False,True,False
59,238,86109.0,"(23, 32)",taxation,6,0.25,False,True,False
59,239,86069.0,"(16, 18)",taxation,6,0.25,False,True,False
59,243,81802.0,"(30, 20)",taxation,6,0.25,False,True,False
59,244,98954.0,"(18, 25)",taxation,6,0.25,False,True,False
59,245,94668.0,"(19, 25)",taxation,6,0.25,False,True,False
59,219-2,75349.0,"(40, 1)",taxation,6,0.25,False,True,False
59,158-2,62488.0,"(38, 18)",taxation,6,0.25,False,True,False
59,139-2,77505.25,"(27, 30)",taxation,6,0.25,False,True,False
59,179-2,56105.5,"(42, 16)",taxation,6,0.25,False,True,False
59,28-2,59320.25,"(40, 2)",taxation,6,0.25,False,True,False
59,187-2,34644.0,"(25, 28)",taxation,6,0.25,False,True,False
59,146-2,26084.0,"(45, 10)",taxation,6,0.25,False,True,False
59,94-2,21797.0,"(15, 30)",taxation,6,0.25,False,True,False
59,154-2,30367.0,"(20, 29)",taxation,6,0.25,False,True,False
59,173-2,17513.0,"(15, 42)",taxation,6,0.25,False,True,False
59,240-2,21770.0,"(23, 29)",taxation,6,0.25,False,True,False
59,246-2,64653.0,"(10, 15)",taxation,6,0.25,False,True,False
59,98-2,34675.0,"(13, 49)",taxation,6,0.25,False,True,False
59,140-2,406.0,"(16, 34)",taxation,6,0.25,False,True,False
59,176-2,387.0,"(29, 19)",taxation,6,0.25,False,True,False
59,208-2,68934.25,"(37, 12)",taxation,6,0.25,False,True,False
59,170-2,59297.75,"(6, 32)",taxation,6,0.25,False,True,False
59,1-2,49629.25,"(13, 37)",taxation,6,0.25,False,True,False
59,23-2,70020.0,"(39, 0)",taxation,6,0.25,False,True,False
59,17-2,71075.5,"(26, 29)",taxation,6,0.25,False,True,False
59,31-2,77490.5,"(39, 13)",taxation,6,0.25,False,True,False
59,228-2,50731.0,"(27, 31)",taxation,6,0.25,False,True,False
59,149-2,58243.0,"(14, 24)",taxation,6,0.25,False,True,False
59,206-2,65727.25,"(26, 34)",taxation,6,0.25,False,True,False
59,242-2,29286.25,"(27, 16)",taxation,6,0.25,False,True,False
59,75-2,61449.0,"(16, 17)",taxation,6,0.25,False,True,False
59,74-2,75362.0,"(44, 8)",taxation,6,0.25,False,True,False
59,241-2,61432.5,"(25, 30)",taxation,6,0.25,False,True,False
59,42-2,48596.5,"(16, 49)",taxation,6,0.25,False,True,False
59,142-2,42127.75,"(45, 11)",taxation,6,0.25,False,True,False
59,172-2,71058.75,"(33, 6)",taxation,6,0.25,False,True,False
59,167-2,67861.75,"(31, 31)",taxation,6,0.25,False,True,False
59,38-2,67873.5,"(26, 30)",taxation,6,0.25,False,True,False
59,198-2,61441.5,"(11, 24)",taxation,6,0.25,False,True,False
59,0-2,45367.25,"(26, 27)",taxation,6,0.25,False,True,False
59,6-2,74292.0,"(15, 45)",taxation,6,0.25,False,True,False
59,76-2,64654.750000000015,"(13, 34)",taxation,6,0.25,False,True,False
59,144-2,64655.5,"(14, 46)",taxation,6,0.25,False,True,False
59,25-2,58210.0,"(14, 20)",taxation,6,0.25,False,True,False
59,40-2,71096.0,"(17, 37)",taxation,6,0.25,False,True,False
59,10-2,67841.25,"(43, 10)",taxation,6,0.25,False,True,False
59,180-2,64654.25,"(29, 18)",taxation,6,0.25,False,True,False
59,212-2,67836.75,"(31, 19)",taxation,6,0.25,False,True,False
59,63-2,61403.75,"(28, 19)",taxation,6,0.25,False,True,False
59,189-2,58215.5,"(21, 38)",taxation,6,0.25,False,True,False
59,54-2,64651.25,"(43, 8)",taxation,6,0.25,False,True,False
59,4-2,48551.25,"(40, 10)",taxation,6,0.25,False,True,False
59,83-2,71066.75,"(42, 7)",taxation,6,0.25,False,True,False
59,249-2,67861.0,"(21, 36)",taxation,6,0.25,False,True,False
59,22-2,74277.0,"(17, 23)",taxation,6,0.25,False,True,False
59,205-2,32498.75,"(34, 0)",taxation,6,0.25,False,True,False
59,156-2,48569.5,"(16, 21)",taxation,6,0.25,False,True,False
59,51-2,67847.5,"(16, 38)",taxation,6,0.25,False,True,False
59,133-2,58193.0,"(21, 35)",taxation,6,0.25,False,True,False
59,73-2,67851.25,"(9, 36)",taxation,6,0.25,False,True,False
59,56-2,64642.75,"(17, 18)",taxation,6,0.25,False,True,False
59,182-2,67845.25,"(18, 26)",taxation,6,0.25,False,True,False
59,71-2,71059.25,"(39, 12)",taxation,6,0.25,False,True,False
59,91-2,71043.75,"(10, 14)",taxation,6,0.25,False,True,False
59,226-2,64607.75,"(44, 16)",taxation,6,0.25,False,True,False
59,225-2,67829.75,"(18, 37)",taxation,6,0.25,False,True,False
59,148-2,51771.25,"(20, 30)",taxation,6,0.25,False,True,False
59,16-2,74278.5,"(28, 3)",taxation,6,0.25,False,True,False
59,111-2,71050.25,"(48, 20)",taxation,6,0.25,False,True,False
59,134-2,64637.0,"(41, 12)",taxation,6,0.25,False,True,False
59,168-2,71075.5,"(19, 35)",taxation,6,0.25,False,True,False
59,106-2,61435.75,"(26, 28)",taxation,6,0.25,False,True,False
59,162-2,67839.5,"(33, 18)",taxation,6,0.25,False,True,False
59,214-2,42102.0,"(38, 12)",taxation,6,0.25,False,True,False
59,110-2,74263.0,"(17, 19)",taxation,6,0.25,False,True,False
59,95-2,74266.5,"(33, 16)",taxation,6,0.25,False,True,False
59,122-2,54977.25,"(12, 37)",taxation,6,0.25,False,True,False
59,231-2,42107.75,"(10, 13)",taxation,6,0.25,False,True,False
59,100-2,64625.75,"(40, 13)",taxation,6,0.25,False,True,False
59,141-2,51765.5,"(10, 39)",taxation,6,0.25,False,True,False
59,165-2,77474.0,"(40, 4)",taxation,6,0.25,False,True,False
59,186-2,61423.25,"(31, 18)",taxation,6,0.25,False,True,False
59,201-2,45310.25,"(38, 0)",taxation,6,0.25,False,True,False
59,21-2,61415.25,"(25, 32)",taxation,6,0.25,False,True,False
59,183-2,45337.75,"(19, 31)",taxation,6,0.25,False,True,False
59,203-2,77464.25,"(41, 10)",taxation,6,0.25,False,True,False
59,32-2,71038.75,"(37, 13)",taxation,6,0.25,False,True,False
59,115-2,71037.75,"(34, 18)",taxation,6,0.25,False,True,False
59,169-2,51770.0,"(41, 11)",taxation,6,0.25,False,True,False
59,78-2,61411.25,"(17, 49)",taxation,6,0.25,False,True,False
59,137-2,58188.5,"(27, 15)",taxation,6,0.25,False,True,False
59,55-2,71035.25,"(41, 4)",taxation,6,0.25,False,True,False
59,112-2,71048.5,"(17, 28)",taxation,6,0.25,False,True,False
59,193-2,58197.5,"(34, 22)",taxation,6,0.25,False,True,False
59,50-2,74250.5,"(27, 36)",taxation,6,0.25,False,True,False
59,53-2,42109.25,"(16, 22)",taxation,6,0.25,False,True,False
59,5-2,29235.5,"(41, 8)",taxation,6,0.25,False,True,False
59,247-2,58188.0,"(41, 9)",taxation,6,0.25,False,True,False
59,147-2,64618.75,"(31, 20)",taxation,6,0.25,False,True,False
59,145-2,67818.0,"(7, 41)",taxation,6,0.25,False,True,False
59,207-2,51731.75,"(43, 12)",taxation,6,0.25,False,True,False
59,120-2,74234.0,"(17, 22)",taxation,6,0.25,False,True,False
59,125-2,71049.0,"(19, 26)",taxation,6,0.25,False,True,False
59,41-2,71056.0,"(18, 32)",taxation,6,0.25,False,True,False
59,209-2,74255.5,"(41, 6)",taxation,6,0.25,False,True,False
59,113-2,67817.75,"(27, 29)",taxation,6,0.25,False,True,False
59,68-2,54973.75,"(19, 28)",taxation,6,0.25,False,True,False
59,161-2,54970.0,"(13, 48)",taxation,6,0.25,False,True,False
59,175-2,54965.5,"(39, 10)",taxation,6,0.25,False,True,False
59,85-2,58183.0,"(33, 19)",taxation,6,0.25,False,True,False
59,234-2,67791.5,"(6, 35)",taxation,6,0.25,False,True,False
59,45-2,67813.75,"(18, 20)",taxation,6,0.25,False,True,False
59,196-2,45328.0,"(13, 32)",taxation,6,0.25,False,True,False
59,174-2,71029.5,"(28, 20)",taxation,6,0.25,False,True,False
59,103-2,64586.5,"(38, 13)",taxation,6,0.25,False,True,False
59,33-2,51756.25,"(27, 19)",taxation,6,0.25,False,True,False
59,19-2,67804.0,"(13, 19)",taxation,6,0.25,False,True,False
59,130-2,71022.5,"(41, 0)",taxation,6,0.25,False,True,False
59,155-2,67843.25,"(18, 34)",taxation,6,0.25,False,True,False
59,86-2,64604.0,"(16, 23)",taxation,6,0.25,False,True,False
59,164-2,67822.25,"(43, 9)",taxation,6,0.25,False,True,False
59,2-2,64604.75,"(14, 47)",taxation,6,0.25,False,True,False
59,11-2,51710.25,"(14, 34)",taxation,6,0.25,False,True,False
59,202-2,74222.0,"(31, 4)",taxation,6,0.25,False,True,False
59,121-2,64621.0,"(20, 26)",taxation,6,0.25,False,True,False
59,163-2,77462.0,"(23, 34)",taxation,6,0.25,False,True,False
59,18-2,74247.75,"(35, 20)",taxation,6,0.25,False,True,False
59,132-2,71013.75,"(38, 11)",taxation,6,0.25,False,True,False
59,160-2,58164.0,"(9, 42)",taxation,6,0.25,False,True,False
59,221-2,61387.5,"(24, 33)",taxation,6,0.25,False,True,False
59,90-2,58183.5,"(39, 11)",taxation,6,0.25,False,True,False
59,64-2,64590.0,"(43, 5)",taxation,6,0.25,False,True,False
59,102-2,45311.5,"(27, 37)",taxation,6,0.25,False,True,False
59,188-2,64605.5,"(18, 33)",taxation,6,0.25,False,True,False
59,92-2,71010.0,"(31, 17)",taxation,6,0.25,False,True,False
59,96-2,74247.5,"(19, 30)",taxation,6,0.25,False,True,False
59,107-2,71020.5,"(15, 46)",taxation,6,0.25,False,True,False
59,80-2,71013.5,"(39, 1)",taxation,6,0.25,False,True,False
59,237-2,51720.75,"(14, 35)",taxation,6,0.25,False,True,False
59,13-2,61382.25,"(20, 24)",taxation,6,0.25,False,True,False
59,104-2,61394.5,"(36, 4)",taxation,6,0.25,False,True,False
59,27-2,58157.75,"(39, 8)",taxation,6,0.25,False,True,False
59,248-2,64576.25,"(17, 17)",taxation,6,0.25,False,True,False
59,48-2,67783.0,"(29, 21)",taxation,6,0.25,False,True,False
59,57-2,58149.25,"(31, 22)",taxation,6,0.25,False,True,False
59,184-2,64567.25,"(12, 17)",taxation,6,0.25,False,True,False
59,30-2,74224.25,"(9, 34)",taxation,6,0.25,False,True,False
59,108-2,35633.25,"(0, 33)",taxation,6,0.25,False,True,False
59,166-2,61369.25,"(25, 15)",taxation,6,0.25,False,True,False
59,233-2,61377.25,"(25, 33)",taxation,6,0.25,False,True,False
59,69-2,71005.5,"(7, 16)",taxation,6,0.25,False,True,False
59,229-2,71042.25,"(18, 36)",taxation,6,0.25,False,True,False
59,236-2,64579.25,"(33, 21)",taxation,6,0.25,False,True,False
59,109-2,64595.5,"(30, 23)",taxation,6,0.25,False,True,False
59,235-2,64575.25,"(18, 19)",taxation,6,0.25,False,True,False
59,62-2,64580.5,"(4, 39)",taxation,6,0.25,False,True,False
59,89-2,67810.75,"(15, 44)",taxation,6,0.25,False,True,False
59,58-2,67763.5,"(13, 17)",taxation,6,0.25,False,True,False
59,61-2,77438.25,"(17, 33)",taxation,6,0.25,False,True,False
59,152-2,67802.25,"(19, 32)",taxation,6,0.25,False,True,False
59,124-2,61357.25,"(27, 9)",taxation,6,0.25,False,True,False
59,97-2,51704.75,"(22, 35)",taxation,6,0.25,False,True,False
59,232-2,38855.25,"(19, 29)",taxation,6,0.25,False,True,False
59,116-2,71015.5,"(27, 34)",taxation,6,0.25,False,True,False
59,37-2,67796.75,"(40, 14)",taxation,6,0.25,False,True,False
59,7-2,48510.5,"(20, 34)",taxation,6,0.25,False,True,False
59,26-2,51725.75,"(24, 31)",taxation,6,0.25,False,True,False
59,117-2,58154.5,"(17, 34)",taxation,6,0.25,False,True,False
59,82-2,67785.5,"(16, 48)",taxation,6,0.25,False,True,False
59,88-2,64580.0,"(17, 21)",taxation,6,0.25,False,True,False
59,59-2,58131.25,"(18, 29)",taxation,6,0.25,False,True,False
59,52-2,48495.25,"(31, 34)",taxation,6,0.25,False,True,False
59,194-2,58150.5,"(7, 17)",taxation,6,0.25,False,True,False
59,72-2,74204.5,"(20, 35)",taxation,6,0.25,False,True,False
59,199-2,74185.0,"(29, 20)",taxation,6,0.25,False,True,False
59,43-2,64571.75,"(27, 26)",taxation,6,0.25,False,True,False
59,128-2,70998.0,"(28, 15)",taxation,6,0.25,False,True,False
59,84-2,64579.5,"(18, 30)",taxation,6,0.25,False,True,False
59,114-2,74212.75,"(38, 14)",taxation,6,0.25,False,True,False
59,223-2,45260.0,"(18, 31)",taxation,6,0.25,False,True,False
59,123-2,74215.75,"(28, 4)",taxation,6,0.25,False,True,False
59,215-2,70989.5,"(29, 17)",taxation,6,0.25,False,True,False
59,127-2,67768.0,"(30, 9)",taxation,6,0.25,False,True,False
59,24-2,51712.5,"(45, 16)",taxation,6,0.25,False,True,False
59,136-2,51700.5,"(13, 24)",taxation,6,0.25,False,True,False
60,3,51777.0,"(15, 38)",taxation,6,0.25,False,True,False
60,8,86114.0,"(6, 39)",taxation,6,0.25,False,True,False
60,9,73248.0,"(27, 11)",taxation,6,0.25,False,True,False
60,12,81797.0,"(44, 6)",taxation,6,0.25,False,True,False
60,15,77539.0,"(31, 39)",taxation,6,0.25,False,True,False
60,20,81799.0,"(28, 24)",taxation,6,0.25,False,True,False
60,29,86089.0,"(14, 32)",taxation,6,0.25,False,True,False
60,34,77525.0,"(20, 22)",taxation,6,0.25,False,True,False
60,35,86101.0,"(8, 40)",taxation,6,0.25,False,True,False
60,36,64665.0,"(23, 28)",taxation,6,0.25,False,True,False
60,39,60367.0,"(21, 28)",taxation,6,0.25,False,True,False
60,44,56107.0,"(45, 5)",taxation,6,0.25,False,True,False
60,46,60373.0,"(42, 10)",taxation,6,0.25,False,True,False
60,47,60380.0,"(17, 35)",taxation,6,0.25,False,True,False
60,49,81811.0,"(10, 38)",taxation,6,0.25,False,True,False
60,60,90368.0,"(30, 39)",taxation,6,0.25,False,True,False
60,66,94662.0,"(44, 14)",taxation,6,0.25,False,True,False
60,67,64656.0,"(19, 34)",taxation,6,0.25,False,True,False
60,70,90389.0,"(26, 15)",taxation,6,0.25,False,True,False
60,77,73222.0,"(16, 37)",taxation,6,0.25,False,True,False
60,79,81798.0,"(26, 14)",taxation,6,0.25,False,True,False
60,81,81831.0,"(45, 14)",taxation,6,0.25,False,True,False
60,87,86072.0,"(23, 23)",taxation,6,0.25,False,True,False
60,93,38939.0,"(26, 25)",taxation,6,0.25,False,True,False
60,99,81787.0,"(28, 21)",taxation,6,0.25,False,True,False
60,101,86125.0,"(22, 31)",taxation,6,0.25,False,True,False
60,105,77518.0,"(21, 30)",taxation,6,0.25,False,True,False
60,118,94663.0,"(27, 25)",taxation,6,0.25,False,True,False
60,119,86095.0,"(20, 27)",taxation,6,0.25,False,True,False
60,126,86070.0,"(31, 29)",taxation,6,0.25,False,True,False
60,129,81822.0,"(22, 28)",taxation,6,0.25,False,True,False
60,131,86110.0,"(9, 44)",taxation,6,0.25,False,True,False
60,135,86090.0,"(18, 17)",taxation,6,0.25,False,True,False
60,138,90367.0,"(29, 28)",taxation,6,0.25,False,True,False
60,143,86069.0,"(11, 40)",taxation,6,0.25,False,True,False
60,150,73225.0,"(11, 48)",taxation,6,0.25,False,True,False
60,151,68939.0,"(22, 30)",taxation,6,0.25,False,True,False
60,153,43198.0,"(17, 26)",taxation,6,0.25,False,True,False
60,157,81791.0,"(46, 4)",taxation,6,0.25,False,True,False
60,159,68968.0,"(24, 26)",taxation,6,0.25,False,True,False
60,171,86126.0,"(20, 33)",taxation,6,0.25,False,True,False
60,177,86120.0,"(26, 24)",taxation,6,0.25,False,True,False
60,178,94678.0,"(42, 8)",taxation,6,0.25,False,True,False
60,181,86080.00000000001,"(47, 11)",taxation,6,0.25,False,True,False
60,190,86102.0,"(42, 1)",taxation,6,0.25,False,True,False
60,191,98925.0,"(42, 13)",taxation,6,0.25,False,True,False
60,192,77542.0,"(27, 23)",taxation,6,0.25,False,True,False
60,195,38933.0,"(25, 26)",taxation,6,0.25,False,True,False
60,197,68935.0,"(10, 45)",taxation,6,0.25,False,True,False
60,200,81791.0,"(26, 20)",taxation,6,0.25,False,True,False
60,204,94654.0,"(29, 39)",taxation,6,0.25,False,True,False
60,210,103213.0,"(8, 39)",taxation,6,0.25,False,True,False
60,211,56082.0,"(24, 23)",taxation,6,0.25,False,True,False
60,213,86108.0,"(14, 41)",taxation,6,0.25,False,True,False
60,216,94657.0,"(22, 23)",taxation,6,0.25,False,True,False
60,217,51807.0,"(18, 18)",taxation,6,0.25,False,True,False
60,218,98970.0,"(21, 33)",taxation,6,0.25,False,True,False
60,220,94664.0,"(22, 33)",taxation,6,0.25,False,True,False
60,222,86099.0,"(28, 27)",taxation,6,0.25,False,True,False
60,224,73242.0,"(46, 7)",taxation,6,0.25,False,True,False
60,227,94648.0,"(31, 27)",taxation,6,0.25,False,True,False
60,230,68964.0,"(10, 48)",taxation,6,0.25,False,True,False
60,238,86112.0,"(29, 37)",taxation,6,0.25,False,True,False
60,239,86078.0,"(22, 24)",taxation,6,0.25,False,True,False
60,243,81809.0,"(27, 18)",taxation,6,0.25,False,True,False
60,244,98963.0,"(21, 27)",taxation,6,0.25,False,True,False
60,245,94676.0,"(20, 23)",taxation,6,0.25,False,True,False
60,219-2,75357.0,"(45, 2)",taxation,6,0.25,False,True,False
60,158-2,62495.0,"(38, 22)",taxation,6,0.25,False,True,False
60,139-2,77514.25,"(24, 30)",taxation,6,0.25,False,True,False
60,179-2,56112.5,"(46, 18)",taxation,6,0.25,False,True,False
60,28-2,59327.25,"(46, 3)",taxation,6,0.25,False,True,False
60,187-2,34652.0,"(23, 25)",taxation,6,0.25,False,True,False
60,146-2,26092.0,"(46, 12)",taxation,6,0.25,False,True,False
60,94-2,21804.0,"(13, 36)",taxation,6,0.25,False,True,False
60,154-2,30375.0,"(23, 24)",taxation,6,0.25,False,True,False
60,173-2,17522.0,"(9, 43)",taxation,6,0.25,False,True,False
60,240-2,21778.0,"(23, 26)",taxation,6,0.25,False,True,False
60,246-2,64659.0,"(14, 15)",taxation,6,0.25,False,True,False
60,98-2,34683.0,"(9, 49)",taxation,6,0.25,False,True,False
60,140-2,414.0,"(14, 37)",taxation,6,0.25,False,True,False
60,176-2,395.0,"(27, 21)",taxation,6,0.25,False,True,False
60,208-2,68940.25,"(41, 13)",taxation,6,0.25,False,True,False
60,170-2,59304.75,"(12, 35)",taxation,6,0.25,False,True,False
60,1-2,49637.25,"(13, 40)",taxation,6,0.25,False,True,False
60,23-2,70026.0,"(45, 4)",taxation,6,0.25,False,True,False
60,17-2,71083.5,"(25, 25)",taxation,6,0.25,False,True,False
60,31-2,77498.5,"(45, 13)",taxation,6,0.25,False,True,False
60,228-2,50739.0,"(28, 28)",taxation,6,0.25,False,True,False
60,149-2,58251.0,"(18, 22)",taxation,6,0.25,False,True,False
60,206-2,65735.25,"(26, 37)",taxation,6,0.25,False,True,False
60,242-2,29294.25,"(27, 22)",taxation,6,0.25,False,True,False
60,75-2,61457.0,"(20, 21)",taxation,6,0.25,False,True,False
60,74-2,75369.0,"(46, 8)",taxation,6,0.25,False,True,False
60,241-2,61440.5,"(24, 25)",taxation,6,0.25,False,True,False
60,42-2,48605.5,"(11, 49)",taxation,6,0.25,False,True,False
60,142-2,42135.75,"(46, 14)",taxation,6,0.25,False,True,False
60,172-2,71063.75,"(28, 10)",taxation,6,0.25,False,True,False
60,167-2,67869.75,"(28, 29)",taxation,6,0.25,False,True,False
60,38-2,67881.5,"(24, 28)",taxation,6,0.25,False,True,False
60,198-2,61448.5,"(16, 24)",taxation,6,0.25,False,True,False
60,0-2,45375.25,"(26, 26)",taxation,6,0.25,False,True,False
60,6-2,74300.0,"(14, 42)",taxation,6,0.25,False,True,False
60,76-2,64663.750000000015,"(15, 35)",taxation,6,0.25,False,True,False
60,144-2,64663.5,"(13, 42)",taxation,6,0.25,False,True,False
60,25-2,58217.0,"(18, 23)",taxation,6,0.25,False,True,False
60,40-2,71104.0,"(13, 41)",taxation,6,0.25,False,True,False
60,10-2,67849.25,"(44, 10)",taxation,6,0.25,False,True,False
60,180-2,64662.25,"(26, 23)",taxation,6,0.25,False,True,False
60,212-2,67844.75,"(29, 25)",taxation,6,0.25,False,True,False
60,63-2,61411.75,"(23, 21)",taxation,6,0.25,False,True,False
60,189-2,58223.5,"(24, 37)",taxation,6,0.25,False,True,False
60,54-2,64659.25,"(46, 9)",taxation,6,0.25,False,True,False
60,4-2,48559.25,"(42, 9)",taxation,6,0.25,False,True,False
60,83-2,71074.75,"(47, 10)",taxation,6,0.25,False,True,False
60,249-2,67869.0,"(16, 40)",taxation,6,0.25,False,True,False
60,22-2,74285.0,"(19, 23)",taxation,6,0.25,False,True,False
60,205-2,32502.75,"(36, 6)",taxation,6,0.25,False,True,False
60,156-2,48576.5,"(20, 19)",taxation,6,0.25,False,True,False
60,51-2,67855.5,"(16, 39)",taxation,6,0.25,False,True,False
60,133-2,58200.0,"(26, 41)",taxation,6,0.25,False,True,False
60,73-2,67860.25,"(13, 39)",taxation,6,0.25,False,True,False
60,56-2,64650.75,"(19, 20)",taxation,6,0.25,False,True,False
60,182-2,67854.25,"(20, 28)",taxation,6,0.25,False,True,False
60,71-2,71067.25,"(44, 13)",taxation,6,0.25,False,True,False
60,91-2,71049.75,"(13, 15)",taxation,6,0.25,False,True,False
60,226-2,64615.75,"(45, 15)",taxation,6,0.25,False,True,False
60,225-2,67838.75,"(18, 35)",taxation,6,0.25,False,True,False
60,148-2,51779.25,"(22, 25)",taxation,6,0.25,False,True,False
60,16-2,74283.5,"(26, 7)",taxation,6,0.25,False,True,False
60,111-2,71058.25,"(47, 15)",taxation,6,0.25,False,True,False
60,134-2,64645.0,"(44, 12)",taxation,6,0.25,False,True,False
60,168-2,71083.5,"(15, 39)",taxation,6,0.25,False,True,False
60,106-2,61443.75,"(25, 27)",taxation,6,0.25,False,True,False
60,162-2,67846.5,"(34, 21)",taxation,6,0.25,False,True,False
60,214-2,42110.0,"(43, 15)",taxation,6,0.25,False,True,False
60,110-2,74271.0,"(19, 19)",taxation,6,0.25,False,True,False
60,95-2,74273.5,"(33, 22)",taxation,6,0.25,False,True,False
60,122-2,54985.25,"(14, 39)",taxation,6,0.25,False,True,False
60,231-2,42113.75,"(14, 13)",taxation,6,0.25,False,True,False
60,100-2,64633.75,"(46, 15)",taxation,6,0.25,False,True,False
60,141-2,51773.5,"(10, 40)",taxation,6,0.25,False,True,False
60,165-2,77481.0,"(45, 8)",taxation,6,0.25,False,True,False
60,186-2,61431.25,"(25, 23)",taxation,6,0.25,False,True,False
60,201-2,45318.25,"(41, 2)",taxation,6,0.25,False,True,False
60,21-2,61422.25,"(31, 30)",taxation,6,0.25,False,True,False
60,183-2,45344.75,"(17, 29)",taxation,6,0.25,False,True,False
60,203-2,77471.25,"(47, 9)",taxation,6,0.25,False,True,False
60,32-2,71046.75,"(43, 13)",taxation,6,0.25,False,True,False
60,115-2,71045.75,"(29, 24)",taxation,6,0.25,False,True,False
60,169-2,51778.0,"(44, 11)",taxation,6,0.25,False,True,False
60,78-2,61419.25,"(13, 43)",taxation,6,0.25,False,True,False
60,137-2,58196.5,"(22, 20)",taxation,6,0.25,False,True,False
60,55-2,71042.25,"(47, 6)",taxation,6,0.25,False,True,False
60,112-2,71055.5,"(18, 24)",taxation,6,0.25,False,True,False
60,193-2,58205.5,"(29, 27)",taxation,6,0.25,False,True,False
60,50-2,74257.5,"(30, 40)",taxation,6,0.25,False,True,False
60,53-2,42116.25,"(19, 22)",taxation,6,0.25,False,True,False
60,5-2,29243.5,"(45, 12)",taxation,6,0.25,False,True,False
60,247-2,58196.0,"(44, 9)",taxation,6,0.25,False,True,False
60,147-2,64626.75,"(28, 22)",taxation,6,0.25,False,True,False
60,145-2,67826.0,"(8, 42)",taxation,6,0.25,False,True,False
60,207-2,51739.75,"(46, 13)",taxation,6,0.25,False,True,False
60,120-2,74242.0,"(22, 22)",taxation,6,0.25,False,True,False
60,125-2,71057.0,"(19, 24)",taxation,6,0.25,False,True,False
60,41-2,71065.0,"(20, 32)",taxation,6,0.25,False,True,False
60,209-2,74263.5,"(43, 6)",taxation,6,0.25,False,True,False
60,113-2,67826.75,"(23, 30)",taxation,6,0.25,False,True,False
60,68-2,54981.75,"(18, 28)",taxation,6,0.25,False,True,False
60,161-2,54979.0,"(12, 49)",taxation,6,0.25,False,True,False
60,175-2,54972.5,"(45, 9)",taxation,6,0.25,False,True,False
60,85-2,58191.0,"(33, 23)",taxation,6,0.25,False,True,False
60,234-2,67800.5,"(12, 39)",taxation,6,0.25,False,True,False
60,45-2,67820.75,"(19, 18)",taxation,6,0.25,False,True,False
60,196-2,45337.0,"(16, 35)",taxation,6,0.25,False,True,False
60,174-2,71037.5,"(28, 23)",taxation,6,0.25,False,True,False
60,103-2,64593.5,"(44, 15)",taxation,6,0.25,False,True,False
60,33-2,51764.25,"(26, 19)",taxation,6,0.25,False,True,False
60,19-2,67812.0,"(19, 21)",taxation,6,0.25,False,True,False
60,130-2,71030.5,"(44, 3)",taxation,6,0.25,False,True,False
60,155-2,67851.25,"(14, 36)",taxation,6,0.25,False,True,False
60,86-2,64613.0,"(22, 26)",taxation,6,0.25,False,True,False
60,164-2,67830.25,"(47, 14)",taxation,6,0.25,False,True,False
60,2-2,64613.75,"(10, 47)",taxation,6,0.25,False,True,False
60,11-2,51719.25,"(15, 36)",taxation,6,0.25,False,True,False
60,202-2,74227.0,"(27, 7)",taxation,6,0.25,False,True,False
60,121-2,64629.0,"(21, 23)",taxation,6,0.25,False,True,False
60,163-2,77471.0,"(22, 32)",taxation,6,0.25,False,True,False
60,18-2,74254.75,"(37, 22)",taxation,6,0.25,False,True,False
60,132-2,71020.75,"(43, 11)",taxation,6,0.25,False,True,False
60,160-2,58172.0,"(9, 41)",taxation,6,0.25,False,True,False
60,221-2,61395.5,"(25, 35)",taxation,6,0.25,False,True,False
60,90-2,58189.5,"(41, 15)",taxation,6,0.25,False,True,False
60,64-2,64598.0,"(44, 5)",taxation,6,0.25,False,True,False
60,102-2,45320.5,"(21, 32)",taxation,6,0.25,False,True,False
60,188-2,64614.5,"(19, 33)",taxation,6,0.25,False,True,False
60,92-2,71017.0,"(27, 17)",taxation,6,0.25,False,True,False
60,96-2,74255.5,"(22, 27)",taxation,6,0.25,False,True,False
60,107-2,71029.5,"(12, 48)",taxation,6,0.25,False,True,False
60,80-2,71019.5,"(44, 4)",taxation,6,0.25,False,True,False
60,237-2,51729.75,"(15, 37)",taxation,6,0.25,False,True,False
60,13-2,61391.25,"(21, 25)",taxation,6,0.25,False,True,False
60,104-2,61401.5,"(41, 7)",taxation,6,0.25,False,True,False
60,27-2,58165.75,"(44, 7)",taxation,6,0.25,False,True,False
60,248-2,64584.25,"(21, 21)",taxation,6,0.25,False,True,False
60,48-2,67791.0,"(25, 24)",taxation,6,0.25,False,True,False
60,57-2,58157.25,"(27, 24)",taxation,6,0.25,False,True,False
60,184-2,64574.25,"(18, 15)",taxation,6,0.25,False,True,False
60,30-2,74232.25,"(9, 39)",taxation,6,0.25,False,True,False
60,108-2,35639.25,"(0, 38)",taxation,6,0.25,False,True,False
60,166-2,61377.25,"(22, 21)",taxation,6,0.25,False,True,False
60,233-2,61386.25,"(23, 31)",taxation,6,0.25,False,True,False
60,69-2,71010.5,"(11, 14)",taxation,6,0.25,False,True,False
60,229-2,71051.25,"(17, 36)",taxation,6,0.25,False,True,False
60,236-2,64587.25,"(28, 25)",taxation,6,0.25,False,True,False
60,109-2,64603.5,"(31, 23)",taxation,6,0.25,False,True,False
60,235-2,64583.25,"(20, 20)",taxation,6,0.25,False,True,False
60,62-2,64589.5,"(10, 41)",taxation,6,0.25,False,True,False
60,89-2,67819.75,"(10, 43)",taxation,6,0.25,False,True,False
60,58-2,67771.5,"(18, 21)",taxation,6,0.25,False,True,False
60,61-2,77446.25,"(15, 33)",taxation,6,0.25,False,True,False
60,152-2,67809.25,"(13, 35)",taxation,6,0.25,False,True,False
60,124-2,61364.25,"(27, 14)",taxation,6,0.25,False,True,False
60,97-2,51713.75,"(21, 31)",taxation,6,0.25,False,True,False
60,232-2,38863.25,"(23, 27)",taxation,6,0.25,False,True,False
60,116-2,71022.5,"(31, 32)",taxation,6,0.25,False,True,False
60,37-2,67804.75,"(43, 14)",taxation,6,0.25,False,True,False
60,7-2,48518.5,"(15, 34)",taxation,6,0.25,False,True,False
60,26-2,51733.75,"(24, 27)",taxation,6,0.25,False,True,False
60,117-2,58163.5,"(16, 36)",taxation,6,0.25,False,True,False
60,82-2,67793.5,"(11, 45)",taxation,6,0.25,False,True,False
60,88-2,64589.0,"(21, 26)",taxation,6,0.25,False,True,False
60,59-2,58140.25,"(21, 29)",taxation,6,0.25,False,True,False
60,52-2,48503.25,"(30, 32)",taxation,6,0.25,False,True,False
60,194-2,58155.5,"(11, 13)",taxation,6,0.25,False,True,False
60,72-2,74211.5,"(15, 40)",taxation,6,0.25,False,True,False
60,199-2,74193.0,"(27, 20)",taxation,6,0.25,False,True,False
60,43-2,64579.75,"(24, 24)",taxation,6,0.25,False,True,False
60,128-2,71006.0,"(23, 20)",taxation,6,0.25,False,True,False
60,84-2,64588.5,"(20, 31)",taxation,6,0.25,False,True,False
60,114-2,74219.75,"(43, 16)",taxation,6,0.25,False,True,False
60,223-2,45267.0,"(17, 27)",taxation,6,0.25,False,True,False
60,123-2,74221.75,"(27, 5)",taxation,6,0.25,False,True,False
60,215-2,70997.5,"(23, 22)",taxation,6,0.25,False,True,False
60,127-2,67775.0,"(26, 11)",taxation,6,0.25,False,True,False
60,24-2,51720.5,"(46, 16)",taxation,6,0.25,False,True,False
60,136-2,51707.5,"(17, 25)",taxation,6,0.25,False,True,False
60,65-2,74204.25,"(22, 29)",taxation,6,0.25,False,True,False
60,14-2,16342.5,"(28, 17)",taxation,6,0.25,False,True,False
60,185-2,64570.5,"(32, 28)",taxation,6,0.25,False,True,False
61,3,51785.0,"(17, 42)",taxation,6,0.25,False,True,False
61,8,86123.0,"(2, 42)",taxation,6,0.25,False,True,False
61,9,73256.0,"(23, 14)",taxation,6,0.25,False,True,False
61,12,81804.0,"(48, 4)",taxation,6,0.25,False,True,False
61,15,77546.0,"(31, 40)",taxation,6,0.25,False,True,False
61,20,81807.0,"(30, 24)",taxation,6,0.25,False,True,False
61,29,86096.0,"(11, 32)",taxation,6,0.25,False,True,False
61,34,77533.0,"(22, 17)",taxation,6,0.25,False,True,False
61,35,86110.0,"(7, 44)",taxation,6,0.25,False,True,False
61,39,60370.0,"(15, 23)",taxation,6,0.25,False,True,False
61,44,56114.0,"(48, 3)",taxation,6,0.25,False,True,False
61,47,60388.0,"(14, 40)",taxation,6,0.25,False,True,False
61,49,81820.0,"(5, 41)",taxation,6,0.25,False,True,False
61,60,90376.0,"(34, 39)",taxation,6,0.25,False,True,False
61,66,94669.0,"(43, 18)",taxation,6,0.25,False,True,False
61,67,64662.0,"(25, 40)",taxation,6,0.25,False,True,False
61,70,90397.0,"(26, 17)",taxation,6,0.25,False,True,False
61,79,81806.0,"(24, 14)",taxation,6,0.25,False,True,False
61,81,81839.0,"(49, 14)",taxation,6,0.25,False,True,False
61,87,86080.0,"(24, 19)",taxation,6,0.25,False,True,False
61,93,38947.0,"(25, 20)",taxation,6,0.25,False,True,False
61,99,81794.0,"(26, 16)",taxation,6,0.25,False,True,False
61,101,86128.0,"(25, 37)",taxation,6,0.25,False,True,False
61,105,77520.0,"(16, 30)",taxation,6,0.25,False,True,False
61,118,94666.0,"(33, 29)",taxation,6,0.25,False,True,False
61,119,86099.0,"(14, 21)",taxation,6,0.25,False,True,False
61,126,86077.0,"(35, 32)",taxation,6,0.25,False,True,False
61,129,81829.0,"(21, 22)",taxation,6,0.25,False,True,False
61,131,86119.0,"(9, 45)",taxation,6,0.25,False,True,False
61,135,86097.0,"(16, 16)",taxation,6,0.25,False,True,False
61,138,90375.0,"(34, 28)",taxation,6,0.25,False,True,False
61,143,86078.0,"(5, 45)",taxation,6,0.25,False,True,False
61,150,73234.0,"(9, 46)",taxation,6,0.25,False,True,False
61,151,68942.0,"(16, 26)",taxation,6,0.25,False,True,False
61,153,43204.0,"(11, 27)",taxation,6,0.25,False,True,False
61,157,81798.0,"(46, 5)",taxation,6,0.25,False,True,False
61,159,68970.0,"(30, 28)",taxation,6,0.25,False,True,False
61,171,86130.0,"(20, 39)",taxation,6,0.25,False,True,False
61,177,86128.0,"(25, 19)",taxation,6,0.25,False,True,False
61,178,94686.0,"(47, 7)",taxation,6,0.25,False,True,False
61,181,86088.00000000001,"(49, 15)",taxation,6,0.25,False,True,False
61,191,98933.0,"(48, 14)",taxation,6,0.25,False,True,False
61,192,77550.0,"(25, 18)",taxation,6,0.25,False,True,False
61,195,38935.0,"(30, 27)",taxation,6,0.25,False,True,False
61,197,68944.0,"(7, 46)",taxation,6,0.25,False,True,False
61,200,81799.0,"(21, 14)",taxation,6,0.25,False,True,False
61,204,94662.0,"(33, 36)",taxation,6,0.25,False,True,False
61,210,103222.0,"(2, 45)",taxation,6,0.25,False,True,False
61,211,56084.0,"(28, 18)",taxation,6,0.25,False,True,False
61,213,86116.0,"(15, 41)",taxation,6,0.25,False,True,False
61,216,94659.0,"(16, 19)",taxation,6,0.25,False,True,False
61,217,51815.0,"(20, 17)",taxation,6,0.25,False,True,False
61,220,94668.0,"(22, 39)",taxation,6,0.25,False,True,False
61,222,86107.0,"(31, 26)",taxation,6,0.25,False,True,False
61,224,73250.0,"(48, 7)",taxation,6,0.25,False,True,False
61,227,94656.0,"(33, 26)",taxation,6,0.25,False,True,False
61,230,68973.0,"(7, 47)",taxation,6,0.25,False,True,False
61,238,86120.0,"(34, 38)",taxation,6,0.25,False,True,False
61,239,86086.0,"(24, 22)",taxation,6,0.25,False,True,False
61,243,81817.0,"(24, 17)",taxation,6,0.25,False,True,False
61,244,98965.0,"(16, 29)",taxation,6,0.25,False,True,False
61,245,94680.0,"(14, 25)",taxation,6,0.25,False,True,False
61,219-2,75364.0,"(47, 3)",taxation,6,0.25,False,True,False
61,158-2,62503.0,"(35, 23)",taxation,6,0.25,False,True,False
61,139-2,77518.25,"(30, 36)",taxation,6,0.25,False,True,False
61,179-2,56120.5,"(48, 19)",taxation,6,0.25,False,True,False
61,28-2,59334.25,"(49, 4)",taxation,6,0.25,False,True,False
61,187-2,34660.0,"(23, 19)",taxation,6,0.25,False,True,False
61,146-2,26099.0,"(44, 18)",taxation,6,0.25,False,True,False
61,94-2,21812.0,"(7, 39)",taxation,6,0.25,False,True,False
61,154-2,30377.0,"(29, 23)",taxation,6,0.25,False,True,False
61,173-2,17531.0,"(8, 45)",taxation,6,0.25,False,True,False
61,240-2,21780.0,"(28, 26)",taxation,6,0.25,False,True,False
61,246-2,64666.0,"(15, 15)",taxation,6,0.25,False,True,False
61,98-2,34692.0,"(7, 49)",taxation,6,0.25,False,True,False
61,140-2,422.0,"(11, 38)",taxation,6,0.25,False,True,False
61,176-2,403.0,"(33, 25)",taxation,6,0.25,False,True,False
61,208-2,68948.25,"(47, 18)",taxation,6,0.25,False,True,False
61,170-2,59312.75,"(7, 40)",taxation,6,0.25,False,True,False
61,1-2,49645.25,"(11, 43)",taxation,6,0.25,False,True,False
61,23-2,70034.0,"(48, 6)",taxation,6,0.25,False,True,False
61,17-2,71091.5,"(25, 21)",taxation,6,0.25,False,True,False
61,31-2,77506.5,"(48, 12)",taxation,6,0.25,False,True,False
61,228-2,50747.0,"(32, 27)",taxation,6,0.25,False,True,False
61,149-2,58259.0,"(21, 19)",taxation,6,0.25,False,True,False
61,206-2,65743.25,"(32, 39)",taxation,6,0.25,False,True,False
61,242-2,29302.25,"(26, 22)",taxation,6,0.25,False,True,False
61,75-2,61465.0,"(21, 17)",taxation,6,0.25,False,True,False
61,74-2,75376.0,"(49, 8)",taxation,6,0.25,False,True,False
61,241-2,61442.5,"(29, 26)",taxation,6,0.25,False,True,False
61,42-2,48614.5,"(8, 47)",taxation,6,0.25,False,True,False
61,142-2,42142.75,"(43, 17)",taxation,6,0.25,False,True,False
61,172-2,71070.75,"(28, 13)",taxation,6,0.25,False,True,False
61,167-2,67876.75,"(32, 35)",taxation,6,0.25,False,True,False
61,38-2,67883.5,"(28, 30)",taxation,6,0.25,False,True,False
61,198-2,61454.5,"(11, 30)",taxation,6,0.25,False,True,False
61,0-2,45383.25,"(32, 26)",taxation,6,0.25,False,True,False
61,6-2,74308.0,"(12, 44)",taxation,6,0.25,False,True,False
61,76-2,64670.750000000015,"(12, 36)",taxation,6,0.25,False,True,False
61,144-2,64672.5,"(12, 42)",taxation,6,0.25,False,True,False
61,25-2,58222.0,"(13, 18)",taxation,6,0.25,False,True,False
61,40-2,71113.0,"(11, 42)",taxation,6,0.25,False,True,False
61,10-2,67857.25,"(48, 10)",taxation,6,0.25,False,True,False
61,180-2,64670.25,"(25, 22)",taxation,6,0.25,False,True,False
61,212-2,67847.75,"(34, 25)",taxation,6,0.25,False,True,False
61,63-2,61419.75,"(21, 15)",taxation,6,0.25,False,True,False
61,189-2,58230.5,"(19, 39)",taxation,6,0.25,False,True,False
61,54-2,64667.25,"(48, 9)",taxation,6,0.25,False,True,False
61,4-2,48567.25,"(47, 8)",taxation,6,0.25,False,True,False
61,83-2,71082.75,"(48, 11)",taxation,6,0.25,False,True,False
61,249-2,67877.0,"(13, 45)",taxation,6,0.25,False,True,False
61,22-2,74291.0,"(14, 17)",taxation,6,0.25,False,True,False
61,205-2,32508.75,"(39, 9)",taxation,6,0.25,False,True,False
61,156-2,48584.5,"(21, 18)",taxation,6,0.25,False,True,False
61,51-2,67863.5,"(14, 44)",taxation,6,0.25,False,True,False
61,133-2,58207.0,"(27, 42)",taxation,6,0.25,False,True,False
61,73-2,67868.25,"(12, 45)",taxation,6,0.25,False,True,False
61,56-2,64657.75,"(19, 14)",taxation,6,0.25,False,True,False
61,182-2,67857.25,"(14, 28)",taxation,6,0.25,False,True,False
61,71-2,71075.25,"(48, 13)",taxation,6,0.25,False,True,False
61,91-2,71057.75,"(19, 16)",taxation,6,0.25,False,True,False
61,226-2,64623.75,"(48, 18)",taxation,6,0.25,False,True,False
61,225-2,67846.75,"(16, 41)",taxation,6,0.25,False,True,False
61,148-2,51787.25,"(24, 20)",taxation,6,0.25,False,True,False
61,16-2,74291.5,"(24, 13)",taxation,6,0.25,False,True,False
61,111-2,71066.25,"(48, 15)",taxation,6,0.25,False,True,False
61,134-2,64653.0,"(49, 12)",taxation,6,0.25,False,True,False
61,168-2,71091.5,"(14, 45)",taxation,6,0.25,False,True,False
61,106-2,61446.75,"(31, 33)",taxation,6,0.25,False,True,False
61,162-2,67854.5,"(34, 24)",taxation,6,0.25,False,True,False
61,214-2,42118.0,"(47, 17)",taxation,6,0.25,False,True,False
61,110-2,74278.0,"(20, 14)",taxation,6,0.25,False,True,False
61,95-2,74281.5,"(34, 23)",taxation,6,0.25,False,True,False
61,122-2,54993.25,"(13, 44)",taxation,6,0.25,False,True,False
61,231-2,42121.75,"(20, 15)",taxation,6,0.25,False,True,False
61,100-2,64641.75,"(48, 16)",taxation,6,0.25,False,True,False
61,141-2,51782.5,"(6, 45)",taxation,6,0.25,False,True,False
61,165-2,77489.0,"(49, 10)",taxation,6,0.25,False,True,False
61,186-2,61433.25,"(30, 22)",taxation,6,0.25,False,True,False
61,201-2,45324.25,"(43, 1)",taxation,6,0.25,False,True,False
61,21-2,61430.25,"(35, 27)",taxation,6,0.25,False,True,False
61,183-2,45351.75,"(14, 33)",taxation,6,0.25,False,True,False
61,203-2,77479.25,"(48, 8)",taxation,6,0.25,False,True,False
61,32-2,71054.75,"(47, 13)",taxation,6,0.25,False,True,False
61,115-2,71053.75,"(31, 24)",taxation,6,0.25,False,True,False
61,169-2,51786.0,"(49, 11)",taxation,6,0.25,False,True,False
61,78-2,61427.25,"(11, 46)",taxation,6,0.25,False,True,False
61,137-2,58204.5,"(22, 18)",taxation,6,0.25,False,True,False
61,55-2,71049.25,"(49, 6)",taxation,6,0.25,False,True,False
61,112-2,71060.5,"(13, 27)",taxation,6,0.25,False,True,False
61,193-2,58213.5,"(32, 25)",taxation,6,0.25,False,True,False
61,50-2,74264.5,"(31, 41)",taxation,6,0.25,False,True,False
61,53-2,42124.25,"(23, 18)",taxation,6,0.25,False,True,False
61,5-2,29251.5,"(49, 18)",taxation,6,0.25,False,True,False
61,247-2,58203.0,"(47, 5)",taxation,6,0.25,False,True,False
61,147-2,64633.75,"(28, 16)",taxation,6,0.25,False,True,False
61,145-2,67835.0,"(6, 43)",taxation,6,0.25,False,True,False
61,207-2,51747.75,"(47, 12)",taxation,6,0.25,False,True,False
61,120-2,74249.0,"(24, 16)",taxation,6,0.25,False,True,False
61,125-2,71065.0,"(22, 19)",taxation,6,0.25,False,True,False
61,41-2,71069.0,"(14, 26)",taxation,6,0.25,False,True,False
61,209-2,74270.5,"(45, 7)",taxation,6,0.25,False,True,False
61,113-2,67828.75,"(26, 31)",taxation,6,0.25,False,True,False
61,68-2,54988.75,"(12, 31)",taxation,6,0.25,False,True,False
61,161-2,54988.0,"(7, 48)",taxation,6,0.25,False,True,False
61,175-2,54980.5,"(49, 13)",taxation,6,0.25,False,True,False
61,85-2,58199.0,"(32, 23)",taxation,6,0.25,False,True,False
61,234-2,67809.5,"(12, 41)",taxation,6,0.25,False,True,False
61,45-2,67828.75,"(19, 17)",taxation,6,0.25,False,True,False
61,196-2,45344.0,"(11, 35)",taxation,6,0.25,False,True,False
61,174-2,71045.5,"(34, 27)",taxation,6,0.25,False,True,False
61,103-2,64600.5,"(42, 18)",taxation,6,0.25,False,True,False
61,33-2,51772.25,"(22, 15)",taxation,6,0.25,False,True,False
61,19-2,67819.0,"(16, 15)",taxation,6,0.25,False,True,False
61,130-2,71038.5,"(49, 9)",taxation,6,0.25,False,True,False
61,155-2,67858.25,"(11, 36)",taxation,6,0.25,False,True,False
61,86-2,64615.0,"(16, 28)",taxation,6,0.25,False,True,False
61,164-2,67838.25,"(49, 16)",taxation,6,0.25,False,True,False
61,2-2,64622.75,"(8, 46)",taxation,6,0.25,False,True,False
61,11-2,51727.25,"(13, 38)",taxation,6,0.25,False,True,False
61,202-2,74234.0,"(23, 10)",taxation,6,0.25,False,True,False
61,121-2,64631.0,"(16, 20)",taxation,6,0.25,False,True,False
61,163-2,77474.0,"(22, 38)",taxation,6,0.25,False,True,False
61,18-2,74262.75,"(36, 26)",taxation,6,0.25,False,True,False
61,132-2,71028.75,"(49, 17)",taxation,6,0.25,False,True,False
61,160-2,58181.0,"(6, 47)",taxation,6,0.25,False,True,False
61,221-2,61402.5,"(28, 41)",taxation,6,0.25,False,True,False
61,90-2,58197.5,"(47, 19)",taxation,6,0.25,False,True,False
61,64-2,64605.0,"(48, 5)",taxation,6,0.25,False,True,False
61,102-2,45325.5,"(15, 31)",taxation,6,0.25,False,True,False
61,188-2,64620.5,"(13, 31)",taxation,6,0.25,False,True,False
61,92-2,71025.0,"(26, 18)",taxation,6,0.25,False,True,False
61,96-2,74257.5,"(16, 27)",taxation,6,0.25,False,True,False
61,107-2,71038.5,"(8, 49)",taxation,6,0.25,False,True,False
61,80-2,71026.5,"(49, 5)",taxation,6,0.25,False,True,False
61,237-2,51737.75,"(12, 38)",taxation,6,0.25,False,True,False
61,13-2,61399.25,"(24, 21)",taxation,6,0.25,False,True,False
61,104-2,61408.5,"(46, 6)",taxation,6,0.25,False,True,False
61,27-2,58172.75,"(49, 7)",taxation,6,0.25,False,True,False
61,248-2,64592.25,"(21, 16)",taxation,6,0.25,False,True,False
61,48-2,67799.0,"(24, 18)",taxation,6,0.25,False,True,False
61,57-2,58165.25,"(26, 21)",taxation,6,0.25,False,True,False
61,184-2,64582.25,"(19, 15)",taxation,6,0.25,False,True,False
61,30-2,74241.25,"(11, 41)",taxation,6,0.25,False,True,False
61,108-2,35648.25,"(2, 41)",taxation,6,0.25,False,True,False
61,166-2,61385.25,"(21, 20)",taxation,6,0.25,False,True,False
61,233-2,61389.25,"(23, 37)",taxation,6,0.25,False,True,False
61,69-2,71017.5,"(14, 16)",taxation,6,0.25,False,True,False
61,229-2,71058.25,"(17, 41)",taxation,6,0.25,False,True,False
61,236-2,64590.25,"(33, 28)",taxation,6,0.25,False,True,False
61,109-2,64611.5,"(33, 24)",taxation,6,0.25,False,True,False
61,235-2,64591.25,"(20, 16)",taxation,6,0.25,False,True,False
61,62-2,64598.5,"(7, 45)",taxation,6,0.25,False,True,False
61,89-2,67828.75,"(6, 46)",taxation,6,0.25,False,True,False
61,58-2,67779.5,"(20, 18)",taxation,6,0.25,False,True,False
61,61-2,77454.25,"(11, 37)",taxation,6,0.25,False,True,False
61,152-2,67817.25,"(8, 41)",taxation,6,0.25,False,True,False
61,124-2,61372.25,"(25, 17)",taxation,6,0.25,False,True,False
61,97-2,51717.75,"(15, 32)",taxation,6,0.25,False,True,False
61,232-2,38865.25,"(29, 29)",taxation,6,0.25,False,True,False
61,116-2,71030.5,"(33, 31)",taxation,6,0.25,False,True,False
61,37-2,67812.75,"(47, 16)",taxation,6,0.25,False,True,False
61,7-2,48527.5,"(12, 40)",taxation,6,0.25,False,True,False
61,26-2,51735.75,"(29, 30)",taxation,6,0.25,False,True,False
61,117-2,58171.5,"(10, 42)",taxation,6,0.25,False,True,False
61,82-2,67802.5,"(6, 48)",taxation,6,0.25,False,True,False
61,88-2,64592.0,"(15, 21)",taxation,6,0.25,False,True,False
61,59-2,58142.25,"(17, 31)",taxation,6,0.25,False,True,False
61,52-2,48511.25,"(34, 30)",taxation,6,0.25,False,True,False
61,194-2,58162.5,"(14, 14)",taxation,6,0.25,False,True,False
61,72-2,74220.5,"(10, 44)",taxation,6,0.25,False,True,False
61,199-2,74201.0,"(23, 17)",taxation,6,0.25,False,True,False
61,43-2,64581.75,"(30, 26)",taxation,6,0.25,False,True,False
61,128-2,71014.0,"(22, 16)",taxation,6,0.25,False,True,False
61,84-2,64592.5,"(14, 27)",taxation,6,0.25,False,True,False
61,114-2,74227.75,"(46, 19)",taxation,6,0.25,False,True,False
61,223-2,45273.0,"(12, 32)",taxation,6,0.25,False,True,False
61,123-2,74228.75,"(24, 11)",taxation,6,0.25,False,True,False
61,215-2,71004.5,"(25, 16)",taxation,6,0.25,False,True,False
61,127-2,67782.0,"(27, 13)",taxation,6,0.25,False,True,False
61,24-2,51728.5,"(48, 17)",taxation,6,0.25,False,True,False
61,136-2,51713.5,"(11, 31)",taxation,6,0.25,False,True,False
61,65-2,74206.25,"(17, 30)",taxation,6,0.25,False,True,False
61,14-2,16350.5,"(23, 16)",taxation,6,0.25,False,True,False
61,185-2,64578.5,"(33, 27)",taxation,6,0.25,False,True,False
61,77-2,54922.5,"(12, 43)",taxation,6,0.25,False,True,False
61,36-2,48500.25,"(28, 31)",taxation,6,0.25,False,True,False
61,190-2,64581.75,"(47, 4)",taxation,6,0.25,False,True,False
61,46-2,45285.0,"(46, 10)",taxation,6,0.25,False,True,False
61,218-2,74230.5,"(26, 39)",taxation,6,0.25,False,True,False
62,3,51794.0,"(11, 47)",taxation,6,0.25,False,True,False
62,8,86132.0,"(1, 42)",taxation,6,0.25,False,True,False
62,9,73263.0,"(25, 9)",taxation,6,0.25,False,True,False
62,12,81811.0,"(49, 2)",taxation,6,0.25,False,True,False
62,15,77553.0,"(32, 41)",taxation,6,0.25,False,True,False
62,20,81812.0,"(36, 24)",taxation,6,0.25,False,True,False
62,29,86104.0,"(6, 36)",taxation,6,0.25,False,True,False
62,34,77541.0,"(17, 11)",taxation,6,0.25,False,True,False
62,35,86120.0,"(5, 47)",taxation,6,0.25,False,True,False
62,39,60376.0,"(10, 27)",taxation,6,0.25,False,True,False
62,44,56121.0,"(49, 3)",taxation,6,0.25,False,True,False
62,47,60396.0,"(20, 46)",taxation,6,0.25,False,True,False
62,49,81830.0,"(3, 46)",taxation,6,0.25,False,True,False
62,60,90384.0,"(35, 39)",taxation,6,0.25,False,True,False
62,66,94677.0,"(42, 19)",taxation,6,0.25,False,True,False
62,67,64670.0,"(26, 44)",taxation,6,0.25,False,True,False
62,70,90405.0,"(22, 11)",taxation,6,0.25,False,True,False
62,79,81814.0,"(21, 10)",taxation,6,0.25,False,True,False
62,81,81843.0,"(45, 17)",taxation,6,0.25,False,True,False
62,87,86084.0,"(29, 13)",taxation,6,0.25,False,True,False
62,93,38951.0,"(23, 15)",taxation,6,0.25,False,True,False
62,99,81799.0,"(24, 10)",taxation,6,0.25,False,True,False
62,101,86135.0,"(27, 41)",taxation,6,0.25,False,True,False
62,105,77526.0,"(10, 28)",taxation,6,0.25,False,True,False
62,118,94674.0,"(36, 32)",taxation,6,0.25,False,True,False
62,119,86105.0,"(8, 19)",taxation,6,0.25,False,True,False
62,126,86084.0,"(39, 35)",taxation,6,0.25,False,True,False
62,129,81836.0,"(15, 16)",taxation,6,0.25,False,True,False
62,131,86129.0,"(4, 47)",taxation,6,0.25,False,True,False
62,135,86105.0,"(16, 12)",taxation,6,0.25,False,True,False
62,138,90383.0,"(36, 30)",taxation,6,0.25,False,True,False
62,143,86087.0,"(4, 45)",taxation,6,0.25,False,True,False
62,150,73243.0,"(5, 46)",taxation,6,0.25,False,True,False
62,151,68947.0,"(13, 25)",taxation,6,0.25,False,True,False
62,153,43211.0,"(9, 32)",taxation,6,0.25,False,True,False
62,157,81805.0,"(46, 2)",taxation,6,0.25,False,True,False
62,159,68975.0,"(35, 34)",taxation,6,0.25,False,True,False
62,171,86138.0,"(20, 41)",taxation,6,0.25,False,True,False
62,177,86132.0,"(31, 14)",taxation,6,0.25,False,True,False
62,178,94692.0,"(45, 1)",taxation,6,0.25,False,True,False
62,181,86096.00000000001,"(45, 19)",taxation,6,0.25,False,True,False
62,191,98939.0,"(42, 17)",taxation,6,0.25,False,True,False
62,192,77558.0,"(22, 12)",taxation,6,0.25,False,True,False
62,195,38940.0,"(36, 25)",taxation,6,0.25,False,True,False
62,197,68953.0,"(3, 45)",taxation,6,0.25,False,True,False
62,200,81806.0,"(20, 10)",taxation,6,0.25,False,True,False
62,204,94670.0,"(35, 36)",taxation,6,0.25,False,True,False
62,210,103231.0,"(2, 46)",taxation,6,0.25,False,True,False
62,211,56091.0,"(26, 12)",taxation,6,0.25,False,True,False
62,213,86125.0,"(10, 46)",taxation,6,0.25,False,True,False
62,216,94667.0,"(17, 14)",taxation,6,0.25,False,True,False
62,217,51823.0,"(21, 12)",taxation,6,0.25,False,True,False
62,222,86111.0,"(35, 26)",taxation,6,0.25,False,True,False
62,227,94664.0,"(37, 24)",taxation,6,0.25,False,True,False
62,230,68982.0,"(5, 49)",taxation,6,0.25,False,True,False
62,238,86128.0,"(35, 37)",taxation,6,0.25,False,True,False
62,239,86089.0,"(29, 16)",taxation,6,0.25,False,True,False
62,243,81825.0,"(24, 15)",taxation,6,0.25,False,True,False
62,244,98972.0,"(10, 32)",taxation,6,0.25,False,True,False
62,245,94687.0,"(9, 31)",taxation,6,0.25,False,True,False
62,219-2,75370.0,"(47, 0)",taxation,6,0.25,False,True,False
62,158-2,62511.0,"(39, 21)",taxation,6,0.25,False,True,False
62,139-2,77525.25,"(33, 40)",taxation,6,0.25,False,True,False
62,179-2,56128.5,"(46, 21)",taxation,6,0.25,False,True,False
62,28-2,59341.25,"(49, 0)",taxation,6,0.25,False,True,False
62,187-2,34665.0,"(26, 13)",taxation,6,0.25,False,True,False
62,146-2,26107.0,"(42, 20)",taxation,6,0.25,False,True,False
62,94-2,21821.0,"(4, 43)",taxation,6,0.25,False,True,False
62,154-2,30381.0,"(34, 20)",taxation,6,0.25,False,True,False
62,173-2,17540.0,"(2, 47)",taxation,6,0.25,False,True,False
62,240-2,21784.0,"(33, 30)",taxation,6,0.25,False,True,False
62,246-2,64673.0,"(13, 13)",taxation,6,0.25,False,True,False
62,98-2,34701.0,"(4, 49)",taxation,6,0.25,False,True,False
62,140-2,430.0,"(6, 38)",taxation,6,0.25,False,True,False
62,176-2,411.0,"(38, 20)",taxation,6,0.25,False,True,False
62,208-2,68956.25,"(47, 22)",taxation,6,0.25,False,True,False
62,170-2,59321.75,"(3, 43)",taxation,6,0.25,False,True,False
62,1-2,49653.25,"(6, 42)",taxation,6,0.25,False,True,False
62,23-2,70041.0,"(48, 2)",taxation,6,0.25,False,True,False
62,17-2,71094.5,"(30, 15)",taxation,6,0.25,False,True,False
62,31-2,77512.5,"(45, 6)",taxation,6,0.25,False,True,False
62,228-2,50755.0,"(37, 27)",taxation,6,0.25,False,True,False
62,149-2,58267.0,"(22, 13)",taxation,6,0.25,False,True,False
62,206-2,65751.25,"(32, 40)",taxation,6,0.25,False,True,False
62,242-2,29305.25,"(31, 21)",taxation,6,0.25,False,True,False
62,75-2,61473.0,"(19, 12)",taxation,6,0.25,False,True,False
62,74-2,75381.0,"(43, 2)",taxation,6,0.25,False,True,False
62,241-2,61446.5,"(34, 26)",taxation,6,0.25,False,True,False
62,42-2,48623.5,"(4, 44)",taxation,6,0.25,False,True,False
62,142-2,42150.75,"(43, 21)",taxation,6,0.25,False,True,False
62,172-2,71077.75,"(29, 11)",taxation,6,0.25,False,True,False
62,167-2,67883.75,"(33, 37)",taxation,6,0.25,False,True,False
62,38-2,67889.5,"(34, 36)",taxation,6,0.25,False,True,False
62,198-2,61462.5,"(10, 34)",taxation,6,0.25,False,True,False
62,0-2,45388.25,"(37, 29)",taxation,6,0.25,False,True,False
62,6-2,74317.0,"(6, 40)",taxation,6,0.25,False,True,False
62,76-2,64678.750000000015,"(6, 41)",taxation,6,0.25,False,True,False
62,144-2,64680.5,"(9, 47)",taxation,6,0.25,False,True,False
62,25-2,58230.0,"(15, 13)",taxation,6,0.25,False,True,False
62,40-2,71121.0,"(11, 44)",taxation,6,0.25,False,True,False
62,10-2,67863.25,"(42, 6)",taxation,6,0.25,False,True,False
62,180-2,64673.25,"(31, 25)",taxation,6,0.25,False,True,False
62,212-2,67855.75,"(40, 22)",taxation,6,0.25,False,True,False
62,63-2,61427.75,"(18, 11)",taxation,6,0.25,False,True,False
62,189-2,58238.5,"(19, 41)",taxation,6,0.25,False,True,False
62,54-2,64673.25,"(42, 4)",taxation,6,0.25,False,True,False
62,4-2,48573.25,"(41, 3)",taxation,6,0.25,False,True,False
62,83-2,71085.75,"(42, 12)",taxation,6,0.25,False,True,False
62,249-2,67884.0,"(12, 46)",taxation,6,0.25,False,True,False
62,22-2,74299.0,"(16, 14)",taxation,6,0.25,False,True,False
62,205-2,32515.75,"(40, 9)",taxation,6,0.25,False,True,False
62,156-2,48590.5,"(20, 12)",taxation,6,0.25,False,True,False
62,51-2,67871.5,"(15, 47)",taxation,6,0.25,False,True,False
62,133-2,58215.0,"(25, 45)",taxation,6,0.25,False,True,False
62,73-2,67876.25,"(8, 48)",taxation,6,0.25,False,True,False
62,56-2,64665.75,"(20, 13)",taxation,6,0.25,False,True,False
62,182-2,67864.25,"(8, 32)",taxation,6,0.25,False,True,False
62,71-2,71083.25,"(49, 19)",taxation,6,0.25,False,True,False
62,91-2,71064.75,"(14, 12)",taxation,6,0.25,False,True,False
62,226-2,64631.75,"(48, 22)",taxation,6,0.25,False,True,False
62,225-2,67854.75,"(19, 45)",taxation,6,0.25,False,True,False
62,148-2,51790.25,"(25, 14)",taxation,6,0.25,False,True,False
62,16-2,74299.5,"(23, 12)",taxation,6,0.25,False,True,False
62,111-2,71074.25,"(45, 20)",taxation,6,0.25,False,True,False
62,134-2,64657.0,"(45, 18)",taxation,6,0.25,False,True,False
62,168-2,71099.5,"(18, 45)",taxation,6,0.25,False,True,False
62,106-2,61453.75,"(34, 37)",taxation,6,0.25,False,True,False
62,162-2,67862.5,"(38, 24)",taxation,6,0.25,False,True,False
62,214-2,42126.0,"(44, 21)",taxation,6,0.25,False,True,False
62,110-2,74286.0,"(21, 13)",taxation,6,0.25,False,True,False
62,95-2,74289.5,"(38, 21)",taxation,6,0.25,False,True,False
62,122-2,55001.25,"(9, 48)",taxation,6,0.25,False,True,False
62,231-2,42129.75,"(18, 13)",taxation,6,0.25,False,True,False
62,100-2,64649.75,"(43, 19)",taxation,6,0.25,False,True,False
62,141-2,51791.5,"(5, 44)",taxation,6,0.25,False,True,False
62,165-2,77495.0,"(43, 4)",taxation,6,0.25,False,True,False
62,186-2,61437.25,"(35, 21)",taxation,6,0.25,False,True,False
62,201-2,45330.25,"(43, 0)",taxation,6,0.25,False,True,False
62,21-2,61438.25,"(40, 23)",taxation,6,0.25,False,True,False
62,183-2,45358.75,"(11, 39)",taxation,6,0.25,False,True,False
62,203-2,77484.25,"(42, 3)",taxation,6,0.25,False,True,False
62,32-2,71061.75,"(41, 18)",taxation,6,0.25,False,True,False
62,115-2,71058.75,"(37, 19)",taxation,6,0.25,False,True,False
62,169-2,51789.0,"(46, 17)",taxation,6,0.25,False,True,False
62,78-2,61435.25,"(10, 49)",taxation,6,0.25,False,True,False
62,137-2,58211.5,"(24, 12)",taxation,6,0.25,False,True,False
62,55-2,71056.25,"(49, 1)",taxation,6,0.25,False,True,False
62,112-2,71067.5,"(10, 31)",taxation,6,0.25,False,True,False
62,193-2,58221.5,"(38, 25)",taxation,6,0.25,False,True,False
62,50-2,74272.5,"(33, 38)",taxation,6,0.25,False,True,False
62,53-2,42132.25,"(17, 12)",taxation,6,0.25,False,True,False
62,5-2,29259.5,"(49, 20)",taxation,6,0.25,False,True,False
62,247-2,58210.0,"(47, 2)",taxation,6,0.25,False,True,False
62,147-2,64641.75,"(30, 16)",taxation,6,0.25,False,True,False
62,145-2,67844.0,"(2, 43)",taxation,6,0.25,False,True,False
62,207-2,51754.75,"(41, 17)",taxation,6,0.25,False,True,False
62,120-2,74257.0,"(22, 14)",taxation,6,0.25,False,True,False
62,125-2,71069.0,"(17, 16)",taxation,6,0.25,False,True,False
62,41-2,71076.0,"(10, 30)",taxation,6,0.25,False,True,False
62,209-2,74277.5,"(40, 8)",taxation,6,0.25,False,True,False
62,113-2,67834.75,"(32, 37)",taxation,6,0.25,False,True,False
62,68-2,54996.75,"(7, 37)",taxation,6,0.25,False,True,False
62,161-2,54998.0,"(6, 49)",taxation,6,0.25,False,True,False
62,175-2,54988.5,"(44, 19)",taxation,6,0.25,False,True,False
62,85-2,58207.0,"(38, 26)",taxation,6,0.25,False,True,False
62,234-2,67817.5,"(17, 44)",taxation,6,0.25,False,True,False
62,45-2,67836.75,"(17, 13)",taxation,6,0.25,False,True,False
62,196-2,45352.0,"(5, 38)",taxation,6,0.25,False,True,False
62,174-2,71053.5,"(39, 24)",taxation,6,0.25,False,True,False
62,103-2,64608.5,"(39, 20)",taxation,6,0.25,False,True,False
62,33-2,51779.25,"(20, 9)",taxation,6,0.25,False,True,False
62,19-2,67827.0,"(16, 13)",taxation,6,0.25,False,True,False
62,130-2,71044.5,"(45, 3)",taxation,6,0.25,False,True,False
62,155-2,67866.25,"(5, 37)",taxation,6,0.25,False,True,False
62,86-2,64620.0,"(13, 26)",taxation,6,0.25,False,True,False
62,164-2,67846.25,"(49, 21)",taxation,6,0.25,False,True,False
62,2-2,64631.75,"(3, 44)",taxation,6,0.25,False,True,False
62,11-2,51735.25,"(10, 36)",taxation,6,0.25,False,True,False
62,202-2,74242.0,"(22, 10)",taxation,6,0.25,False,True,False
62,121-2,64638.0,"(13, 14)",taxation,6,0.25,False,True,False
62,163-2,77482.0,"(19, 44)",taxation,6,0.25,False,True,False
62,18-2,74270.75,"(38, 27)",taxation,6,0.25,False,True,False
62,132-2,71036.75,"(48, 21)",taxation,6,0.25,False,True,False
62,160-2,58190.0,"(3, 49)",taxation,6,0.25,False,True,False
62,221-2,61410.5,"(24, 46)",taxation,6,0.25,False,True,False
62,90-2,58204.5,"(49, 22)",taxation,6,0.25,False,True,False
62,64-2,64612.0,"(46, 1)",taxation,6,0.25,False,True,False
62,102-2,45331.5,"(10, 33)",taxation,6,0.25,False,True,False
62,188-2,64627.5,"(8, 34)",taxation,6,0.25,False,True,False
62,92-2,71033.0,"(29, 14)",taxation,6,0.25,False,True,False
62,96-2,74263.5,"(12, 29)",taxation,6,0.25,False,True,False
62,107-2,71048.5,"(5, 48)",taxation,6,0.25,False,True,False
62,80-2,71033.5,"(44, 1)",taxation,6,0.25,False,True,False
62,237-2,51745.75,"(7, 38)",taxation,6,0.25,False,True,False
62,13-2,61402.25,"(29, 15)",taxation,6,0.25,False,True,False
62,104-2,61415.5,"(43, 3)",taxation,6,0.25,False,True,False
62,27-2,58179.75,"(44, 2)",taxation,6,0.25,False,True,False
62,248-2,64600.25,"(16, 11)",taxation,6,0.25,False,True,False
62,48-2,67804.0,"(25, 12)",taxation,6,0.25,False,True,False
62,57-2,58168.25,"(30, 17)",taxation,6,0.25,False,True,False
62,184-2,64590.25,"(19, 13)",taxation,6,0.25,False,True,False
62,30-2,74250.25,"(7, 43)",taxation,6,0.25,False,True,False
62,108-2,35658.25,"(0, 44)",taxation,6,0.25,False,True,False
62,166-2,61388.25,"(15, 20)",taxation,6,0.25,False,True,False
62,233-2,61397.25,"(17, 43)",taxation,6,0.25,False,True,False
62,69-2,71025.5,"(15, 12)",taxation,6,0.25,False,True,False
62,229-2,71066.25,"(15, 43)",taxation,6,0.25,False,True,False
62,236-2,64598.25,"(37, 30)",taxation,6,0.25,False,True,False
62,109-2,64619.5,"(37, 23)",taxation,6,0.25,False,True,False
62,235-2,64599.25,"(18, 14)",taxation,6,0.25,False,True,False
62,62-2,64607.5,"(2, 44)",taxation,6,0.25,False,True,False
62,89-2,67837.75,"(4, 48)",taxation,6,0.25,False,True,False
62,58-2,67786.5,"(18, 12)",taxation,6,0.25,False,True,False
62,61-2,77462.25,"(6, 37)",taxation,6,0.25,False,True,False
62,152-2,67827.25,"(4, 46)",taxation,6,0.25,False,True,False
62,124-2,61380.25,"(25, 13)",taxation,6,0.25,False,True,False
62,97-2,51724.75,"(9, 37)",taxation,6,0.25,False,True,False
62,232-2,38870.25,"(33, 35)",taxation,6,0.25,False,True,False
62,116-2,71038.5,"(36, 31)",taxation,6,0.25,False,True,False
62,37-2,67820.75,"(43, 20)",taxation,6,0.25,False,True,False
62,7-2,48535.5,"(7, 42)",taxation,6,0.25,False,True,False
62,26-2,51739.75,"(32, 33)",taxation,6,0.25,False,True,False
62,117-2,58180.5,"(4, 42)",taxation,6,0.25,False,True,False
62,82-2,67811.5,"(3, 48)",taxation,6,0.25,False,True,False
62,88-2,64598.0,"(12, 18)",taxation,6,0.25,False,True,False
62,59-2,58148.25,"(13, 30)",taxation,6,0.25,False,True,False
62,52-2,48519.25,"(36, 34)",taxation,6,0.25,False,True,False
62,194-2,58170.5,"(15, 14)",taxation,6,0.25,False,True,False
62,72-2,74228.5,"(8, 44)",taxation,6,0.25,False,True,False
62,199-2,74209.0,"(21, 11)",taxation,6,0.25,False,True,False
62,43-2,64586.75,"(36, 23)",taxation,6,0.25,False,True,False
62,128-2,71022.0,"(20, 11)",taxation,6,0.25,False,True,False
62,84-2,64599.5,"(8, 33)",taxation,6,0.25,False,True,False
62,114-2,74235.75,"(40, 21)",taxation,6,0.25,False,True,False
62,223-2,45281.0,"(8, 37)",taxation,6,0.25,False,True,False
62,123-2,74235.75,"(27, 10)",taxation,6,0.25,False,True,False
62,215-2,71012.5,"(19, 11)",taxation,6,0.25,False,True,False
62,127-2,67790.0,"(23, 11)",taxation,6,0.25,False,True,False
62,24-2,51736.5,"(46, 22)",taxation,6,0.25,False,True,False
62,136-2,51721.5,"(10, 35)",taxation,6,0.25,False,True,False
62,65-2,74212.25,"(12, 30)",taxation,6,0.25,False,True,False
62,14-2,16358.5,"(23, 13)",taxation,6,0.25,False,True,False
62,185-2,64586.5,"(37, 26)",taxation,6,0.25,False,True,False
62,77-2,54930.5,"(13, 46)",taxation,6,0.25,False,True,False
62,36-2,48505.25,"(31, 36)",taxation,6,0.25,False,True,False
62,190-2,64588.75,"(47, 1)",taxation,6,0.25,False,True,False
62,46-2,45292.0,"(40, 12)",taxation,6,0.25,False,True,False
62,218-2,74237.5,"(28, 42)",taxation,6,0.25,False,True,False
62,220-2,71007.0,"(18, 41)",taxation,6,0.25,False,True,False
62,224-2,54942.75,"(48, 1)",taxation,6,0.25,False,True,False
63,3,51803.0,"(5, 42)",taxation,6,0.25,False,True,False
63,8,86142.0,"(0, 45)",taxation,6,0.25,False,True,False
63,9,73271.0,"(23, 5)",taxation,6,0.25,False,True,False
63,12,81814.0,"(43, 8)",taxation,6,0.25,False,True,False
63,15,77561.0,"(32, 42)",taxation,6,0.25,False,True,False
63,20,81820.0,"(40, 20)",taxation,6,0.25,False,True,False
63,29,86112.0,"(3, 35)",taxation,6,0.25,False,True,False
63,34,77549.0,"(15, 9)",taxation,6,0.25,False,True,False
63,35,86130.0,"(2, 48)",taxation,6,0.25,False,True,False
63,39,60383.0,"(8, 27)",taxation,6,0.25,False,True,False
63,44,56124.0,"(44, 8)",taxation,6,0.25,False,True,False
63,47,60404.0,"(21, 44)",taxation,6,0.25,False,True,False
63,49,81839.0,"(1, 44)",taxation,6,0.25,False,True,False
63,60,90391.0,"(34, 41)",taxation,6,0.25,False,True,False
63,66,94684.0,"(41, 23)",taxation,6,0.25,False,True,False
63,67,64678.0,"(25, 43)",taxation,6,0.25,False,True,False
63,70,90413.0,"(22, 5)",taxation,6,0.25,False,True,False
63,79,81822.0,"(16, 7)",taxation,6,0.25,False,True,False
63,81,81850.0,"(45, 21)",taxation,6,0.25,False,True,False
63,87,86091.0,"(26, 9)",taxation,6,0.25,False,True,False
63,93,38957.0,"(18, 10)",taxation,6,0.25,False,True,False
63,99,81807.0,"(22, 4)",taxation,6,0.25,False,True,False
63,101,86144.0,"(23, 47)",taxation,6,0.25,False,True,False
63,105,77533.0,"(8, 28)",taxation,6,0.25,False,True,False
63,118,94682.0,"(40, 35)",taxation,6,0.25,False,True,False
63,119,86112.0,"(8, 18)",taxation,6,0.25,False,True,False
63,126,86092.0,"(41, 36)",taxation,6,0.25,False,True,False
63,131,86139.0,"(1, 49)",taxation,6,0.25,False,True,False
63,135,86113.0,"(14, 10)",taxation,6,0.25,False,True,False
63,138,90391.0,"(42, 36)",taxation,6,0.25,False,True,False
63,143,86096.0,"(1, 39)",taxation,6,0.25,False,True,False
63,150,73252.0,"(0, 40)",taxation,6,0.25,False,True,False
63,151,68954.0,"(9, 27)",taxation,6,0.25,False,True,False
63,153,43219.0,"(5, 33)",taxation,6,0.25,False,True,False
63,159,68983.0,"(41, 32)",taxation,6,0.25,False,True,False
63,171,86146.0,"(21, 41)",taxation,6,0.25,False,True,False
63,177,86138.0,"(30, 10)",taxation,6,0.25,False,True,False
63,178,94698.0,"(39, 2)",taxation,6,0.25,False,True,False
63,181,86104.00000000001,"(48, 25)",taxation,6,0.25,False,True,False
63,191,98947.0,"(45, 23)",taxation,6,0.25,False,True,False
63,192,77566.0,"(20, 6)",taxation,6,0.25,False,True,False
63,197,68957.0,"(3, 39)",taxation,6,0.25,False,True,False
63,200,81814.0,"(16, 6)",taxation,6,0.25,False,True,False
63,204,94678.0,"(38, 38)",taxation,6,0.25,False,True,False
63,210,103241.0,"(0, 47)",taxation,6,0.25,False,True,False
63,211,56098.0,"(28, 7)",taxation,6,0.25,False,True,False
63,213,86134.0,"(4, 41)",taxation,6,0.25,False,True,False
63,216,94675.0,"(11, 12)",taxation,6,0.25,False,True,False
63,217,51831.0,"(19, 6)",taxation,6,0.25,False,True,False
63,222,86118.0,"(40, 26)",taxation,6,0.25,False,True,False
63,227,94671.0,"(40, 24)",taxation,6,0.25,False,True,False
63,230,68984.0,"(9, 49)",taxation,6,0.25,False,True,False
63,238,86136.0,"(36, 38)",taxation,6,0.25,False,True,False
63,239,86095.0,"(29, 10)",taxation,6,0.25,False,True,False
63,243,81832.0,"(24, 9)",taxation,6,0.25,False,True,False
63,244,98980.0,"(4, 33)",taxation,6,0.25,False,True,False
63,245,94695.0,"(3, 34)",taxation,6,0.25,False,True,False
63,219-2,75373.0,"(41, 0)",taxation,6,0.25,False,True,False
63,158-2,62519.0,"(45, 27)",taxation,6,0.25,False,True,False
63,139-2,77533.25,"(30, 43)",taxation,6,0.25,False,True,False
63,179-2,56136.5,"(49, 25)",taxation,6,0.25,False,True,False
63,28-2,59343.25,"(46, 3)",taxation,6,0.25,False,True,False
63,187-2,34673.0,"(20, 7)",taxation,6,0.25,False,True,False
63,146-2,26115.0,"(44, 26)",taxation,6,0.25,False,True,False
63,94-2,21829.0,"(3, 40)",taxation,6,0.25,False,True,False
63,154-2,30389.0,"(38, 16)",taxation,6,0.25,False,True,False
63,173-2,17550.0,"(1, 47)",taxation,6,0.25,False,True,False
63,240-2,21791.0,"(36, 36)",taxation,6,0.25,False,True,False
63,246-2,64681.0,"(12, 12)",taxation,6,0.25,False,True,False
63,98-2,34711.0,"(2, 49)",taxation,6,0.25,False,True,False
63,140-2,440.0,"(1, 41)",taxation,6,0.25,False,True,False
63,176-2,419.0,"(44, 25)",taxation,6,0.25,False,True,False
63,208-2,68964.25,"(48, 24)",taxation,6,0.25,False,True,False
63,170-2,59330.75,"(0, 43)",taxation,6,0.25,False,True,False
63,1-2,49661.25,"(3, 37)",taxation,6,0.25,False,True,False
63,23-2,70048.0,"(48, 0)",taxation,6,0.25,False,True,False
63,17-2,71100.5,"(29, 9)",taxation,6,0.25,False,True,False
63,31-2,77519.5,"(40, 7)",taxation,6,0.25,False,True,False
63,228-2,50763.0,"(42, 28)",taxation,6,0.25,False,True,False
63,149-2,58275.0,"(19, 7)",taxation,6,0.25,False,True,False
63,206-2,65759.25,"(35, 40)",taxation,6,0.25,False,True,False
63,242-2,29311.25,"(37, 18)",taxation,6,0.25,False,True,False
63,75-2,61481.0,"(19, 9)",taxation,6,0.25,False,True,False
63,74-2,75387.0,"(39, 4)",taxation,6,0.25,False,True,False
63,241-2,61453.5,"(39, 26)",taxation,6,0.25,False,True,False
63,42-2,48633.5,"(1, 46)",taxation,6,0.25,False,True,False
63,142-2,42158.75,"(42, 22)",taxation,6,0.25,False,True,False
63,172-2,71084.75,"(27, 6)",taxation,6,0.25,False,True,False
63,167-2,67891.75,"(39, 37)",taxation,6,0.25,False,True,False
63,38-2,67897.5,"(35, 38)",taxation,6,0.25,False,True,False
63,198-2,61471.5,"(5, 40)",taxation,6,0.25,False,True,False
63,0-2,45396.25,"(41, 31)",taxation,6,0.25,False,True,False
63,6-2,74325.0,"(4, 40)",taxation,6,0.25,False,True,False
63,76-2,64688.750000000015,"(0, 41)",taxation,6,0.25,False,True,False
63,144-2,64688.5,"(13, 47)",taxation,6,0.25,False,True,False
63,25-2,58238.0,"(14, 9)",taxation,6,0.25,False,True,False
63,40-2,71130.0,"(5, 43)",taxation,6,0.25,False,True,False
63,10-2,67870.25,"(40, 11)",taxation,6,0.25,False,True,False
63,180-2,64678.25,"(35, 25)",taxation,6,0.25,False,True,False
63,212-2,67863.75,"(39, 22)",taxation,6,0.25,False,True,False
63,63-2,61435.75,"(17, 9)",taxation,6,0.25,False,True,False
63,189-2,58246.5,"(20, 42)",taxation,6,0.25,False,True,False
63,54-2,64679.25,"(40, 6)",taxation,6,0.25,False,True,False
63,4-2,48580.25,"(35, 7)",taxation,6,0.25,False,True,False
63,83-2,71093.75,"(38, 15)",taxation,6,0.25,False,True,False
63,249-2,67892.0,"(12, 47)",taxation,6,0.25,False,True,False
63,22-2,74307.0,"(12, 11)",taxation,6,0.25,False,True,False
63,205-2,32521.75,"(39, 7)",taxation,6,0.25,False,True,False
63,156-2,48598.5,"(18, 7)",taxation,6,0.25,False,True,False
63,51-2,67879.5,"(16, 47)",taxation,6,0.25,False,True,False
63,133-2,58223.0,"(25, 44)",taxation,6,0.25,False,True,False
63,73-2,67884.25,"(8, 43)",taxation,6,0.25,False,True,False
63,56-2,64673.75,"(14, 7)",taxation,6,0.25,False,True,False
63,182-2,67873.25,"(3, 38)",taxation,6,0.25,False,True,False
63,71-2,71091.25,"(49, 23)",taxation,6,0.25,False,True,False
63,91-2,71072.75,"(13, 12)",taxation,6,0.25,False,True,False
63,226-2,64639.75,"(48, 23)",taxation,6,0.25,False,True,False
63,225-2,67862.75,"(20, 45)",taxation,6,0.25,False,True,False
63,148-2,51798.25,"(21, 8)",taxation,6,0.25,False,True,False
63,16-2,74307.5,"(17, 7)",taxation,6,0.25,False,True,False
63,111-2,71082.25,"(47, 26)",taxation,6,0.25,False,True,False
63,134-2,64665.0,"(45, 22)",taxation,6,0.25,False,True,False
63,168-2,71107.5,"(16, 44)",taxation,6,0.25,False,True,False
63,106-2,61461.75,"(36, 39)",taxation,6,0.25,False,True,False
63,162-2,67869.5,"(41, 26)",taxation,6,0.25,False,True,False
63,214-2,42134.0,"(46, 27)",taxation,6,0.25,False,True,False
63,110-2,74294.0,"(20, 8)",taxation,6,0.25,False,True,False
63,95-2,74297.5,"(39, 19)",taxation,6,0.25,False,True,False
63,122-2,55004.25,"(13, 48)",taxation,6,0.25,False,True,False
63,231-2,42137.75,"(14, 8)",taxation,6,0.25,False,True,False
63,100-2,64657.75,"(43, 24)",taxation,6,0.25,False,True,False
63,141-2,51801.5,"(1, 45)",taxation,6,0.25,False,True,False
63,165-2,77502.0,"(46, 0)",taxation,6,0.25,False,True,False
63,186-2,61444.25,"(38, 17)",taxation,6,0.25,False,True,False
63,201-2,45337.25,"(44, 0)",taxation,6,0.25,False,True,False
63,21-2,61446.25,"(42, 23)",taxation,6,0.25,False,True,False
63,183-2,45365.75,"(10, 37)",taxation,6,0.25,False,True,False
63,203-2,77491.25,"(45, 0)",taxation,6,0.25,False,True,False
63,32-2,71068.75,"(41, 19)",taxation,6,0.25,False,True,False
63,115-2,71066.75,"(40, 19)",taxation,6,0.25,False,True,False
63,169-2,51796.0,"(44, 22)",taxation,6,0.25,False,True,False
63,78-2,61439.25,"(16, 46)",taxation,6,0.25,False,True,False
63,137-2,58218.5,"(21, 9)",taxation,6,0.25,False,True,False
63,55-2,71059.25,"(43, 5)",taxation,6,0.25,False,True,False
63,112-2,71074.5,"(7, 31)",taxation,6,0.25,False,True,False
63,193-2,58229.5,"(43, 27)",taxation,6,0.25,False,True,False
63,50-2,74280.5,"(34, 40)",taxation,6,0.25,False,True,False
63,53-2,42140.25,"(15, 10)",taxation,6,0.25,False,True,False
63,5-2,29267.5,"(48, 26)",taxation,6,0.25,False,True,False
63,247-2,58213.0,"(42, 5)",taxation,6,0.25,False,True,False
63,147-2,64648.75,"(36, 11)",taxation,6,0.25,False,True,False
63,145-2,67852.0,"(2, 40)",taxation,6,0.25,False,True,False
63,207-2,51761.75,"(40, 17)",taxation,6,0.25,False,True,False
63,120-2,74264.0,"(19, 8)",taxation,6,0.25,False,True,False
63,125-2,71077.0,"(12, 10)",taxation,6,0.25,False,True,False
63,41-2,71084.0,"(4, 36)",taxation,6,0.25,False,True,False
63,209-2,74284.5,"(37, 14)",taxation,6,0.25,False,True,False
63,113-2,67842.75,"(29, 42)",taxation,6,0.25,False,True,False
63,68-2,55005.75,"(4, 38)",taxation,6,0.25,False,True,False
63,161-2,55008.0,"(0, 49)",taxation,6,0.25,False,True,False
63,175-2,54996.5,"(44, 24)",taxation,6,0.25,False,True,False
63,85-2,58215.0,"(40, 27)",taxation,6,0.25,False,True,False
63,234-2,67825.5,"(18, 44)",taxation,6,0.25,False,True,False
63,45-2,67844.75,"(14, 11)",taxation,6,0.25,False,True,False
63,196-2,45361.0,"(3, 41)",taxation,6,0.25,False,True,False
63,174-2,71061.5,"(42, 26)",taxation,6,0.25,False,True,False
63,103-2,64616.5,"(41, 20)",taxation,6,0.25,False,True,False
63,33-2,51787.25,"(21, 5)",taxation,6,0.25,False,True,False
63,19-2,67835.0,"(15, 11)",taxation,6,0.25,False,True,False
63,130-2,71050.5,"(39, 3)",taxation,6,0.25,False,True,False
63,155-2,67875.25,"(1, 38)",taxation,6,0.25,False,True,False
63,86-2,64627.0,"(9, 26)",taxation,6,0.25,False,True,False
63,164-2,67854.25,"(49, 24)",taxation,6,0.25,False,True,False
63,2-2,64641.75,"(1, 43)",taxation,6,0.25,False,True,False
63,11-2,51744.25,"(5, 39)",taxation,6,0.25,False,True,False
63,202-2,74250.0,"(22, 8)",taxation,6,0.25,False,True,False
63,121-2,64646.0,"(12, 13)",taxation,6,0.25,False,True,False
63,163-2,77490.0,"(20, 44)",taxation,6,0.25,False,True,False
63,18-2,74278.75,"(42, 27)",taxation,6,0.25,False,True,False
63,132-2,71044.75,"(48, 27)",taxation,6,0.25,False,True,False
63,160-2,58199.0,"(0, 46)",taxation,6,0.25,False,True,False
63,221-2,61418.5,"(25, 47)",taxation,6,0.25,False,True,False
63,90-2,58212.5,"(49, 26)",taxation,6,0.25,False,True,False
63,64-2,64618.0,"(40, 3)",taxation,6,0.25,False,True,False
63,102-2,45339.5,"(7, 33)",taxation,6,0.25,False,True,False
63,188-2,64635.5,"(7, 34)",taxation,6,0.25,False,True,False
63,92-2,71040.0,"(23, 9)",taxation,6,0.25,False,True,False
63,96-2,74270.5,"(9, 28)",taxation,6,0.25,False,True,False
63,107-2,71051.5,"(9, 42)",taxation,6,0.25,False,True,False
63,80-2,71039.5,"(39, 6)",taxation,6,0.25,False,True,False
63,237-2,51753.75,"(2, 35)",taxation,6,0.25,False,True,False
63,13-2,61409.25,"(28, 9)",taxation,6,0.25,False,True,False
63,104-2,61422.5,"(42, 0)",taxation,6,0.25,False,True,False
63,27-2,58185.75,"(40, 5)",taxation,6,0.25,False,True,False
63,248-2,64608.25,"(16, 9)",taxation,6,0.25,False,True,False
63,48-2,67811.0,"(25, 6)",taxation,6,0.25,False,True,False
63,57-2,58174.25,"(35, 13)",taxation,6,0.25,False,True,False
63,184-2,64598.25,"(16, 10)",taxation,6,0.25,False,True,False
63,30-2,74259.25,"(3, 47)",taxation,6,0.25,False,True,False
63,108-2,35668.25,"(0, 48)",taxation,6,0.25,False,True,False
63,166-2,61395.25,"(11, 15)",taxation,6,0.25,False,True,False
63,233-2,61406.25,"(23, 46)",taxation,6,0.25,False,True,False
63,69-2,71033.5,"(13, 10)",taxation,6,0.25,False,True,False
63,229-2,71074.25,"(20, 43)",taxation,6,0.25,False,True,False
63,236-2,64606.25,"(41, 29)",taxation,6,0.25,False,True,False
63,109-2,64627.5,"(43, 28)",taxation,6,0.25,False,True,False
63,235-2,64607.25,"(16, 8)",taxation,6,0.25,False,True,False
63,62-2,64616.5,"(0, 39)",taxation,6,0.25,False,True,False
63,89-2,67839.75,"(10, 48)",taxation,6,0.25,False,True,False
63,58-2,67794.5,"(13, 9)",taxation,6,0.25,False,True,False
63,61-2,77471.25,"(2, 38)",taxation,6,0.25,False,True,False
63,152-2,67836.25,"(1, 40)",taxation,6,0.25,False,True,False
63,124-2,61387.25,"(25, 7)",taxation,6,0.25,False,True,False
63,97-2,51732.75,"(8, 38)",taxation,6,0.25,False,True,False
63,232-2,38878.25,"(36, 37)",taxation,6,0.25,False,True,False
63,116-2,71046.5,"(42, 35)",taxation,6,0.25,False,True,False
63,37-2,67828.75,"(45, 25)",taxation,6,0.25,False,True,False
63,7-2,48544.5,"(3, 42)",taxation,6,0.25,False,True,False
63,26-2,51747.75,"(37, 38)",taxation,6,0.25,False,True,False
63,117-2,58190.5,"(0, 42)",taxation,6,0.25,False,True,False
63,82-2,67821.5,"(1, 48)",taxation,6,0.25,False,True,False
63,88-2,64605.0,"(8, 16)",taxation,6,0.25,False,True,False
63,59-2,58156.25,"(7, 36)",taxation,6,0.25,False,True,False
63,52-2,48527.25,"(40, 36)",taxation,6,0.25,False,True,False
63,194-2,58178.5,"(13, 11)",taxation,6,0.25,False,True,False
63,72-2,74237.5,"(6, 44)",taxation,6,0.25,False,True,False
63,199-2,74217.0,"(15, 8)",taxation,6,0.25,False,True,False
63,43-2,64594.75,"(42, 29)",taxation,6,0.25,False,True,False
63,128-2,71030.0,"(15, 7)",taxation,6,0.25,False,True,False
63,84-2,64607.5,"(6, 33)",taxation,6,0.25,False,True,False
63,114-2,74243.75,"(41, 21)",taxation,6,0.25,False,True,False
63,223-2,45290.0,"(2, 39)",taxation,6,0.25,False,True,False
63,123-2,74243.75,"(23, 7)",taxation,6,0.25,False,True,False
63,215-2,71020.5,"(18, 8)",taxation,6,0.25,False,True,False
63,127-2,67798.0,"(23, 6)",taxation,6,0.25,False,True,False
63,24-2,51744.5,"(45, 24)",taxation,6,0.25,False,True,False
63,136-2,51729.5,"(4, 37)",taxation,6,0.25,False,True,False
63,65-2,74220.25,"(7, 32)",taxation,6,0.25,False,True,False
63,14-2,16366.5,"(17, 8)",taxation,6,0.25,False,True,False
63,185-2,64593.5,"(40, 25)",taxation,6,0.25,False,True,False
63,77-2,54938.5,"(19, 42)",taxation,6,0.25,False,True,False
63,36-2,48512.25,"(33, 39)",taxation,6,0.25,False,True,False
63,190-2,64594.75,"(42, 2)",taxation,6,0.25,False,True,False
63,46-2,45300.0,"(40, 18)",taxation,6,0.25,False,True,False
63,218-2,74245.5,"(28, 43)",taxation,6,0.25,False,True,False
63,220-2,71015.0,"(18, 42)",taxation,6,0.25,False,True,False
63,224-2,54945.75,"(43, 7)",taxation,6,0.25,False,True,False
63,129-2,61383.0,"(12, 14)",taxation,6,0.25,False,True,False
63,157-2,61358.25,"(41, 5)",taxation,6,0.25,False,True,False
63,195-2,29210.25,"(39, 25)",taxation,6,0.25,False,True,False
64,3,51808.0,"(2, 36)",taxation,6,0.25,False,True,False
64,9,73279.0,"(24, 4)",taxation,6,0.25,False,True,False
64,12,81820.0,"(37, 7)",taxation,6,0.25,False,True,False
64,15,77569.0,"(31, 42)",taxation,6,0.25,False,True,False
64,20,81826.0,"(37, 20)",taxation,6,0.25,False,True,False
64,29,86120.0,"(2, 31)",taxation,6,0.25,False,True,False
64,34,77558.0,"(15, 6)",taxation,6,0.25,False,True,False
64,35,86133.0,"(8, 42)",taxation,6,0.25,False,True,False
64,39,60391.0,"(8, 26)",taxation,6,0.25,False,True,False
64,44,56129.0,"(38, 9)",taxation,6,0.25,False,True,False
64,47,60413.0,"(26, 46)",taxation,6,0.25,False,True,False
64,49,81843.0,"(4, 39)",taxation,6,0.25,False,True,False
64,60,90399.0,"(30, 45)",taxation,6,0.25,False,True,False
64,66,94692.0,"(44, 29)",taxation,6,0.25,False,True,False
64,67,64686.0,"(26, 45)",taxation,6,0.25,False,True,False
64,70,90421.0,"(23, 1)",taxation,6,0.25,False,True,False
64,79,81830.0,"(16, 2)",taxation,6,0.25,False,True,False
64,81,81857.0,"(47, 21)",taxation,6,0.25,False,True,False
64,87,86100.0,"(21, 4)",taxation,6,0.25,False,True,False
64,93,38965.0,"(18, 5)",taxation,6,0.25,False,True,False
64,101,86152.0,"(20, 47)",taxation,6,0.25,False,True,False
64,105,77541.0,"(6, 28)",taxation,6,0.25,False,True,False
64,118,94690.0,"(44, 35)",taxation,6,0.25,False,True,False
64,126,86100.0,"(44, 36)",taxation,6,0.25,False,True,False
64,131,86141.0,"(5, 45)",taxation,6,0.25,False,True,False
64,135,86121.0,"(10, 12)",taxation,6,0.25,False,True,False
64,138,90399.0,"(43, 36)",taxation,6,0.25,False,True,False
64,143,86105.0,"(1, 36)",taxation,6,0.25,False,True,False
64,150,73256.0,"(6, 35)",taxation,6,0.25,False,True,False
64,151,68962.0,"(7, 27)",taxation,6,0.25,False,True,False
64,153,43227.0,"(4, 32)",taxation,6,0.25,False,True,False
64,159,68991.0,"(45, 32)",taxation,6,0.25,False,True,False
64,171,86154.0,"(22, 41)",taxation,6,0.25,False,True,False
64,177,86146.0,"(26, 6)",taxation,6,0.25,False,True,False
64,178,94704.0,"(35, 3)",taxation,6,0.25,False,True,False
64,181,86112.00000000001,"(47, 31)",taxation,6,0.25,False,True,False
64,191,98955.0,"(45, 26)",taxation,6,0.25,False,True,False
64,192,77575.0,"(21, 1)",taxation,6,0.25,False,True,False
64,197,68963.0,"(5, 34)",taxation,6,0.25,False,True,False
64,200,81822.0,"(17, 2)",taxation,6,0.25,False,True,False
64,204,94685.0,"(38, 36)",taxation,6,0.25,False,True,False
64,210,103242.0,"(2, 47)",taxation,6,0.25,False,True,False
64,211,56106.0,"(26, 5)",taxation,6,0.25,False,True,False
64,213,86143.0,"(1, 37)",taxation,6,0.25,False,True,False
64,216,94683.0,"(8, 14)",taxation,6,0.25,False,True,False
64,217,51839.0,"(19, 1)",taxation,6,0.25,False,True,False
64,222,86127.0,"(46, 28)",taxation,6,0.25,False,True,False
64,227,94678.0,"(42, 25)",taxation,6,0.25,False,True,False
64,230,68988.0,"(13, 49)",taxation,6,0.25,False,True,False
64,238,86144.0,"(31, 43)",taxation,6,0.25,False,True,False
64,239,86102.0,"(29, 8)",taxation,6,0.25,False,True,False
64,243,81839.0,"(25, 8)",taxation,6,0.25,False,True,False
64,244,98989.0,"(2, 34)",taxation,6,0.25,False,True,False
64,245,94704.0,"(1, 34)",taxation,6,0.25,False,True,False
64,219-2,75380.0,"(36, 3)",taxation,6,0.25,False,True,False
64,158-2,62527.0,"(46, 31)",taxation,6,0.25,False,True,False
64,139-2,77541.25,"(30, 42)",taxation,6,0.25,False,True,False
64,179-2,56144.5,"(49, 29)",taxation,6,0.25,False,True,False
64,28-2,59347.25,"(41, 4)",taxation,6,0.25,False,True,False
64,187-2,34681.0,"(22, 2)",taxation,6,0.25,False,True,False
64,146-2,26123.0,"(44, 28)",taxation,6,0.25,False,True,False
64,94-2,21834.0,"(4, 34)",taxation,6,0.25,False,True,False
64,154-2,30395.0,"(36, 19)",taxation,6,0.25,False,True,False
64,173-2,17554.0,"(7, 41)",taxation,6,0.25,False,True,False
64,240-2,21799.0,"(38, 37)",taxation,6,0.25,False,True,False
64,246-2,64689.0,"(9, 13)",taxation,6,0.25,False,True,False
64,98-2,34713.0,"(2, 45)",taxation,6,0.25,False,True,False
64,140-2,445.0,"(5, 35)",taxation,6,0.25,False,True,False
64,176-2,427.0,"(44, 30)",taxation,6,0.25,False,True,False
64,208-2,68972.25,"(48, 30)",taxation,6,0.25,False,True,False
64,170-2,59339.75,"(0, 37)",taxation,6,0.25,False,True,False
64,1-2,49669.25,"(1, 31)",taxation,6,0.25,False,True,False
64,23-2,70051.0,"(45, 2)",taxation,6,0.25,False,True,False
64,17-2,71108.5,"(26, 4)",taxation,6,0.25,False,True,False
64,31-2,77526.5,"(38, 5)",taxation,6,0.25,False,True,False
64,228-2,50771.0,"(42, 30)",taxation,6,0.25,False,True,False
64,149-2,58283.0,"(21, 6)",taxation,6,0.25,False,True,False
64,206-2,65767.25,"(31, 44)",taxation,6,0.25,False,True,False
64,242-2,29317.25,"(36, 18)",taxation,6,0.25,False,True,False
64,75-2,61490.0,"(22, 3)",taxation,6,0.25,False,True,False
64,74-2,75393.0,"(37, 5)",taxation,6,0.25,False,True,False
64,241-2,61460.5,"(39, 28)",taxation,6,0.25,False,True,False
64,42-2,48635.5,"(6, 46)",taxation,6,0.25,False,True,False
64,142-2,42166.75,"(44, 27)",taxation,6,0.25,False,True,False
64,172-2,71092.75,"(23, 2)",taxation,6,0.25,False,True,False
64,167-2,67899.75,"(41, 34)",taxation,6,0.25,False,True,False
64,38-2,67905.5,"(30, 44)",taxation,6,0.25,False,True,False
64,198-2,61476.5,"(8, 35)",taxation,6,0.25,False,True,False
64,0-2,45404.25,"(42, 32)",taxation,6,0.25,False,True,False
64,6-2,74330.0,"(7, 35)",taxation,6,0.25,False,True,False
64,76-2,64696.750000000015,"(3, 36)",taxation,6,0.25,False,True,False
64,144-2,64695.5,"(19, 43)",taxation,6,0.25,False,True,False
64,25-2,58247.0,"(11, 11)",taxation,6,0.25,False,True,False
64,40-2,71135.0,"(2, 37)",taxation,6,0.25,False,True,False
64,10-2,67877.25,"(36, 14)",taxation,6,0.25,False,True,False
64,180-2,64685.25,"(38, 28)",taxation,6,0.25,False,True,False
64,212-2,67870.75,"(39, 23)",taxation,6,0.25,False,True,False
64,63-2,61442.75,"(21, 7)",taxation,6,0.25,False,True,False
64,189-2,58255.5,"(24, 44)",taxation,6,0.25,False,True,False
64,54-2,64685.25,"(34, 6)",taxation,6,0.25,False,True,False
64,4-2,48587.25,"(30, 7)",taxation,6,0.25,False,True,False
64,83-2,71099.75,"(39, 17)",taxation,6,0.25,False,True,False
64,249-2,67900.0,"(16, 42)",taxation,6,0.25,False,True,False
64,22-2,74314.0,"(8, 17)",taxation,6,0.25,False,True,False
64,205-2,32527.75,"(36, 5)",taxation,6,0.25,False,True,False
64,156-2,48606.5,"(18, 3)",taxation,6,0.25,False,True,False
64,51-2,67887.5,"(19, 46)",taxation,6,0.25,False,True,False
64,133-2,58231.0,"(24, 43)",taxation,6,0.25,False,True,False
64,73-2,67888.25,"(9, 40)",taxation,6,0.25,False,True,False
64,56-2,64681.75,"(16, 3)",taxation,6,0.25,False,True,False
64,182-2,67881.25,"(3, 32)",taxation,6,0.25,False,True,False
64,71-2,71099.25,"(48, 29)",taxation,6,0.25,False,True,False
64,91-2,71079.75,"(14, 18)",taxation,6,0.25,False,True,False
64,226-2,64647.75,"(49, 28)",taxation,6,0.25,False,True,False
64,225-2,67870.75,"(23, 43)",taxation,6,0.25,False,True,False
64,148-2,51806.25,"(20, 2)",taxation,6,0.25,False,True,False
64,16-2,74315.5,"(17, 6)",taxation,6,0.25,False,True,False
64,111-2,71090.25,"(47, 29)",taxation,6,0.25,False,True,False
64,134-2,64673.0,"(43, 26)",taxation,6,0.25,False,True,False
64,168-2,71115.5,"(18, 40)",taxation,6,0.25,False,True,False
64,106-2,61468.75,"(37, 36)",taxation,6,0.25,False,True,False
64,162-2,67877.5,"(44, 32)",taxation,6,0.25,False,True,False
64,214-2,42142.0,"(47, 32)",taxation,6,0.25,False,True,False
64,110-2,74302.0,"(20, 3)",taxation,6,0.25,False,True,False
64,95-2,74304.5,"(37, 17)",taxation,6,0.25,False,True,False
64,122-2,55009.25,"(17, 48)",taxation,6,0.25,False,True,False
64,231-2,42145.75,"(18, 2)",taxation,6,0.25,False,True,False
64,100-2,64665.75,"(45, 29)",taxation,6,0.25,False,True,False
64,141-2,51804.5,"(6, 39)",taxation,6,0.25,False,True,False
64,165-2,77506.0,"(41, 1)",taxation,6,0.25,False,True,False
64,186-2,61451.25,"(43, 23)",taxation,6,0.25,False,True,False
64,201-2,45342.25,"(38, 1)",taxation,6,0.25,False,True,False
64,21-2,61455.25,"(47, 27)",taxation,6,0.25,False,True,False
64,183-2,45372.75,"(6, 31)",taxation,6,0.25,False,True,False
64,203-2,77496.25,"(39, 5)",taxation,6,0.25,False,True,False
64,32-2,71075.75,"(43, 22)",taxation,6,0.25,False,True,False
64,115-2,71074.75,"(42, 24)",taxation,6,0.25,False,True,False
64,169-2,51803.0,"(43, 25)",taxation,6,0.25,False,True,False
64,78-2,61447.25,"(18, 43)",taxation,6,0.25,False,True,False
64,137-2,58226.5,"(19, 4)",taxation,6,0.25,False,True,False
64,55-2,71064.25,"(38, 6)",taxation,6,0.25,False,True,False
64,112-2,71082.5,"(5, 32)",taxation,6,0.25,False,True,False
64,193-2,58237.5,"(45, 33)",taxation,6,0.25,False,True,False
64,50-2,74288.5,"(33, 41)",taxation,6,0.25,False,True,False
64,53-2,42147.25,"(17, 4)",taxation,6,0.25,False,True,False
64,5-2,29275.5,"(48, 31)",taxation,6,0.25,False,True,False
64,247-2,58218.0,"(38, 4)",taxation,6,0.25,False,True,False
64,147-2,64655.75,"(31, 7)",taxation,6,0.25,False,True,False
64,145-2,67860.0,"(4, 35)",taxation,6,0.25,False,True,False
64,207-2,51767.75,"(38, 19)",taxation,6,0.25,False,True,False
64,120-2,74272.0,"(18, 4)",taxation,6,0.25,False,True,False
64,125-2,71083.0,"(17, 10)",taxation,6,0.25,False,True,False
64,41-2,71093.0,"(0, 35)",taxation,6,0.25,False,True,False
64,209-2,74290.5,"(35, 12)",taxation,6,0.25,False,True,False
64,113-2,67850.75,"(29, 43)",taxation,6,0.25,False,True,False
64,68-2,55011.75,"(0, 32)",taxation,6,0.25,False,True,False
64,161-2,55010.0,"(6, 47)",taxation,6,0.25,False,True,False
64,175-2,55004.5,"(49, 30)",taxation,6,0.25,False,True,False
64,85-2,58223.0,"(43, 29)",taxation,6,0.25,False,True,False
64,234-2,67833.5,"(22, 42)",taxation,6,0.25,False,True,False
64,45-2,67853.75,"(16, 5)",taxation,6,0.25,False,True,False
64,196-2,45366.0,"(9, 35)",taxation,6,0.25,False,True,False
64,174-2,71069.5,"(46, 32)",taxation,6,0.25,False,True,False
64,103-2,64623.5,"(41, 22)",taxation,6,0.25,False,True,False
64,33-2,51795.25,"(21, 3)",taxation,6,0.25,False,True,False
64,19-2,67842.0,"(18, 9)",taxation,6,0.25,False,True,False
64,130-2,71056.5,"(37, 3)",taxation,6,0.25,False,True,False
64,155-2,67881.25,"(1, 33)",taxation,6,0.25,False,True,False
64,86-2,64635.0,"(8, 25)",taxation,6,0.25,False,True,False
64,164-2,67862.25,"(46, 26)",taxation,6,0.25,False,True,False
64,2-2,64644.75,"(0, 38)",taxation,6,0.25,False,True,False
64,11-2,51750.25,"(6, 34)",taxation,6,0.25,False,True,False
64,202-2,74258.0,"(24, 6)",taxation,6,0.25,False,True,False
64,121-2,64653.0,"(6, 19)",taxation,6,0.25,False,True,False
64,163-2,77499.0,"(21, 42)",taxation,6,0.25,False,True,False
64,18-2,74286.75,"(43, 31)",taxation,6,0.25,False,True,False
64,132-2,71052.75,"(49, 31)",taxation,6,0.25,False,True,False
64,160-2,58201.0,"(6, 45)",taxation,6,0.25,False,True,False
64,221-2,61426.5,"(27, 46)",taxation,6,0.25,False,True,False
64,90-2,58221.5,"(49, 27)",taxation,6,0.25,False,True,False
64,64-2,64624.0,"(35, 0)",taxation,6,0.25,False,True,False
64,102-2,45347.5,"(5, 29)",taxation,6,0.25,False,True,False
64,188-2,64643.5,"(8, 36)",taxation,6,0.25,False,True,False
64,92-2,71047.0,"(23, 8)",taxation,6,0.25,False,True,False
64,96-2,74278.5,"(7, 28)",taxation,6,0.25,False,True,False
64,107-2,71055.5,"(10, 39)",taxation,6,0.25,False,True,False
64,80-2,71046.5,"(35, 6)",taxation,6,0.25,False,True,False
64,237-2,51762.75,"(1, 35)",taxation,6,0.25,False,True,False
64,13-2,61417.25,"(26, 3)",taxation,6,0.25,False,True,False
64,104-2,61427.5,"(38, 2)",taxation,6,0.25,False,True,False
64,27-2,58191.75,"(35, 5)",taxation,6,0.25,False,True,False
64,248-2,64615.25,"(19, 5)",taxation,6,0.25,False,True,False
64,48-2,67819.0,"(24, 2)",taxation,6,0.25,False,True,False
64,57-2,58181.25,"(41, 16)",taxation,6,0.25,False,True,False
64,184-2,64605.25,"(18, 6)",taxation,6,0.25,False,True,False
64,30-2,74262.25,"(9, 44)",taxation,6,0.25,False,True,False
64,108-2,35670.25,"(6, 43)",taxation,6,0.25,False,True,False
64,166-2,61402.25,"(12, 19)",taxation,6,0.25,False,True,False
64,233-2,61414.25,"(23, 44)",taxation,6,0.25,False,True,False
64,69-2,71041.5,"(15, 5)",taxation,6,0.25,False,True,False
64,229-2,71082.25,"(21, 43)",taxation,6,0.25,False,True,False
64,236-2,64614.25,"(43, 30)",taxation,6,0.25,False,True,False
64,109-2,64635.5,"(45, 31)",taxation,6,0.25,False,True,False
64,235-2,64615.25,"(17, 5)",taxation,6,0.25,False,True,False
64,62-2,64625.5,"(0, 36)",taxation,6,0.25,False,True,False
64,89-2,67844.75,"(16, 45)",taxation,6,0.25,False,True,False
64,58-2,67802.5,"(16, 4)",taxation,6,0.25,False,True,False
64,61-2,77480.25,"(0, 34)",taxation,6,0.25,False,True,False
64,152-2,67838.25,"(5, 41)",taxation,6,0.25,False,True,False
64,124-2,61395.25,"(25, 3)",taxation,6,0.25,False,True,False
64,97-2,51740.75,"(2, 32)",taxation,6,0.25,False,True,False
64,232-2,38886.25,"(39, 36)",taxation,6,0.25,False,True,False
64,116-2,71054.5,"(45, 35)",taxation,6,0.25,False,True,False
64,37-2,67836.75,"(45, 28)",taxation,6,0.25,False,True,False
64,7-2,48552.5,"(5, 36)",taxation,6,0.25,False,True,False
64,26-2,51755.75,"(32, 43)",taxation,6,0.25,False,True,False
64,117-2,58192.5,"(2, 41)",taxation,6,0.25,False,True,False
64,82-2,67823.5,"(6, 48)",taxation,6,0.25,False,True,False
64,88-2,64612.0,"(9, 19)",taxation,6,0.25,False,True,False
64,59-2,58164.25,"(3, 31)",taxation,6,0.25,False,True,False
64,52-2,48535.25,"(40, 33)",taxation,6,0.25,False,True,False
64,194-2,58186.5,"(9, 14)",taxation,6,0.25,False,True,False
64,72-2,74241.5,"(9, 38)",taxation,6,0.25,False,True,False
64,199-2,74224.0,"(20, 5)",taxation,6,0.25,False,True,False
64,43-2,64602.75,"(46, 33)",taxation,6,0.25,False,True,False
64,128-2,71039.0,"(21, 2)",taxation,6,0.25,False,True,False
64,84-2,64615.5,"(5, 28)",taxation,6,0.25,False,True,False
64,114-2,74250.75,"(42, 21)",taxation,6,0.25,False,True,False
64,223-2,45294.0,"(2, 33)",taxation,6,0.25,False,True,False
64,123-2,74251.75,"(25, 4)",taxation,6,0.25,False,True,False
64,215-2,71028.5,"(17, 3)",taxation,6,0.25,False,True,False
64,127-2,67806.0,"(24, 3)",taxation,6,0.25,False,True,False
64,24-2,51751.5,"(46, 25)",taxation,6,0.25,False,True,False
64,136-2,51737.5,"(1, 32)",taxation,6,0.25,False,True,False
64,65-2,74228.25,"(4, 29)",taxation,6,0.25,False,True,False
64,14-2,16374.5,"(19, 2)",taxation,6,0.25,False,True,False
64,185-2,64601.5,"(44, 31)",taxation,6,0.25,False,True,False
64,77-2,54946.5,"(22, 40)",taxation,6,0.25,False,True,False
64,36-2,48520.25,"(31, 45)",taxation,6,0.25,False,True,False
64,190-2,64600.75,"(37, 6)",taxation,6,0.25,False,True,False
64,46-2,45306.0,"(39, 18)",taxation,6,0.25,False,True,False
64,218-2,74253.5,"(27, 43)",taxation,6,0.25,False,True,False
64,220-2,71023.0,"(20, 40)",taxation,6,0.25,False,True,False
64,224-2,54951.75,"(38, 8)",taxation,6,0.25,False,True,False
64,129-2,61391.0,"(8, 15)",taxation,6,0.25,False,True,False
64,157-2,61364.25,"(38, 7)",taxation,6,0.25,False,True,False
64,195-2,29217.25,"(39, 27)",taxation,6,0.25,False,True,False
64,8-2,64608.0,"(2, 42)",taxation,6,0.25,False,True,False
64,119-2,64590.0,"(7, 15)",taxation,6,0.25,False,True,False
64,99-2,61361.25,"(20, 1)",taxation,6,0.25,False,True,False
65,3,51816.0,"(5, 31)",taxation,6,0.25,False,True,False
65,9,73287.0,"(24, 1)",taxation,6,0.25,False,True,False
65,12,81827.0,"(32, 7)",taxation,6,0.25,False,True,False
65,15,77577.0,"(27, 40)",taxation,6,0.25,False,True,False
65,20,81833.0,"(37, 21)",taxation,6,0.25,False,True,False
65,29,86129.0,"(7, 26)",taxation,6,0.25,False,True,False
65,34,77560.0,"(16, 11)",taxation,6,0.25,False,True,False
65,35,86138.0,"(9, 36)",taxation,6,0.25,False,True,False
65,39,60399.0,"(7, 24)",taxation,6,0.25,False,True,False
65,44,56136.0,"(34, 10)",taxation,6,0.25,False,True,False
65,49,81849.0,"(9, 33)",taxation,6,0.25,False,True,False
65,60,90407.0,"(29, 47)",taxation,6,0.25,False,True,False
65,66,94701.0,"(48, 32)",taxation,6,0.25,False,True,False
65,67,64694.0,"(26, 47)",taxation,6,0.25,False,True,False
65,70,90429.0,"(23, 0)",taxation,6,0.25,False,True,False
65,81,81864.0,"(47, 20)",taxation,6,0.25,False,True,False
65,87,86108.0,"(23, 4)",taxation,6,0.25,False,True,False
65,93,38972.0,"(19, 10)",taxation,6,0.25,False,True,False
65,101,86160.0,"(24, 48)",taxation,6,0.25,False,True,False
65,105,77549.0,"(6, 24)",taxation,6,0.25,False,True,False
65,118,94698.0,"(38, 34)",taxation,6,0.25,False,True,False
65,126,86108.0,"(44, 34)",taxation,6,0.25,False,True,False
65,131,86145.0,"(10, 43)",taxation,6,0.25,False,True,False
65,138,90407.0,"(43, 34)",taxation,6,0.25,False,True,False
65,143,86110.0,"(6, 32)",taxation,6,0.25,False,True,False
65,150,73263.0,"(6, 30)",taxation,6,0.25,False,True,False
65,151,68970.0,"(5, 25)",taxation,6,0.25,False,True,False
65,153,43235.0,"(8, 30)",taxation,6,0.25,False,True,False
65,159,69000.0,"(47, 34)",taxation,6,0.25,False,True,False
65,171,86162.0,"(24, 41)",taxation,6,0.25,False,True,False
65,177,86154.0,"(28, 6)",taxation,6,0.25,False,True,False
65,178,94712.0,"(30, 3)",taxation,6,0.25,False,True,False
65,181,86120.00000000001,"(47, 30)",taxation,6,0.25,False,True,False
65,191,98963.0,"(40, 31)",taxation,6,0.25,False,True,False
65,192,77583.0,"(26, 0)",taxation,6,0.25,False,True,False
65,197,68971.0,"(4, 30)",taxation,6,0.25,False,True,False
65,200,81823.0,"(16, 6)",taxation,6,0.25,False,True,False
65,204,94693.0,"(37, 35)",taxation,6,0.25,False,True,False
65,210,103245.0,"(7, 47)",taxation,6,0.25,False,True,False
65,211,56114.0,"(25, 5)",taxation,6,0.25,False,True,False
65,213,86148.0,"(0, 33)",taxation,6,0.25,False,True,False
65,216,94691.0,"(3, 19)",taxation,6,0.25,False,True,False
65,217,51847.0,"(22, 1)",taxation,6,0.25,False,True,False
65,222,86135.0,"(46, 30)",taxation,6,0.25,False,True,False
65,227,94686.0,"(38, 30)",taxation,6,0.25,False,True,False
65,230,68994.0,"(17, 47)",taxation,6,0.25,False,True,False
65,238,86152.0,"(30, 41)",taxation,6,0.25,False,True,False
65,239,86110.0,"(28, 2)",taxation,6,0.25,False,True,False
65,243,81847.0,"(26, 8)",taxation,6,0.25,False,True,False
65,244,98995.0,"(2, 28)",taxation,6,0.25,False,True,False
65,245,94713.0,"(1, 29)",taxation,6,0.25,False,True,False
65,219-2,75387.0,"(33, 3)",taxation,6,0.25,False,True,False
65,158-2,62536.0,"(49, 33)",taxation,6,0.25,False,True,False
65,139-2,77549.25,"(28, 39)",taxation,6,0.25,False,True,False
65,179-2,56151.5,"(46, 23)",taxation,6,0.25,False,True,False
65,28-2,59353.25,"(37, 2)",taxation,6,0.25,False,True,False
65,187-2,34690.0,"(22, 0)",taxation,6,0.25,False,True,False
65,146-2,26132.0,"(46, 34)",taxation,6,0.25,False,True,False
65,94-2,21841.0,"(8, 29)",taxation,6,0.25,False,True,False
65,154-2,30402.0,"(36, 21)",taxation,6,0.25,False,True,False
65,173-2,17559.0,"(13, 37)",taxation,6,0.25,False,True,False
65,240-2,21807.0,"(38, 35)",taxation,6,0.25,False,True,False
65,246-2,64697.0,"(3, 18)",taxation,6,0.25,False,True,False
65,98-2,34717.0,"(8, 39)",taxation,6,0.25,False,True,False
65,140-2,452.0,"(7, 29)",taxation,6,0.25,False,True,False
65,176-2,435.0,"(42, 31)",taxation,6,0.25,False,True,False
65,208-2,68980.25,"(48, 34)",taxation,6,0.25,False,True,False
65,170-2,59347.75,"(4, 31)",taxation,6,0.25,False,True,False
65,1-2,49677.25,"(1, 27)",taxation,6,0.25,False,True,False
65,23-2,70056.0,"(40, 2)",taxation,6,0.25,False,True,False
65,17-2,71116.5,"(27, 4)",taxation,6,0.25,False,True,False
65,31-2,77533.5,"(34, 3)",taxation,6,0.25,False,True,False
65,228-2,50779.0,"(40, 30)",taxation,6,0.25,False,True,False
65,149-2,58291.0,"(24, 5)",taxation,6,0.25,False,True,False
65,206-2,65775.25,"(29, 41)",taxation,6,0.25,False,True,False
65,242-2,29324.25,"(35, 24)",taxation,6,0.25,False,True,False
65,75-2,61499.0,"(17, 0)",taxation,6,0.25,False,True,False
65,74-2,75400.0,"(32, 4)",taxation,6,0.25,False,True,False
65,241-2,61468.5,"(39, 30)",taxation,6,0.25,False,True,False
65,42-2,48639.5,"(10, 45)",taxation,6,0.25,False,True,False
65,142-2,42174.75,"(40, 28)",taxation,6,0.25,False,True,False
65,172-2,71100.75,"(27, 1)",taxation,6,0.25,False,True,False
65,167-2,67908.75,"(45, 36)",taxation,6,0.25,False,True,False
65,38-2,67913.5,"(30, 46)",taxation,6,0.25,False,True,False
65,198-2,61485.5,"(2, 29)",taxation,6,0.25,False,True,False
65,0-2,45412.25,"(42, 33)",taxation,6,0.25,False,True,False
65,6-2,74338.0,"(7, 30)",taxation,6,0.25,False,True,False
65,76-2,64705.750000000015,"(1, 30)",taxation,6,0.25,False,True,False
65,144-2,64703.5,"(25, 48)",taxation,6,0.25,False,True,False
65,25-2,58254.0,"(5, 16)",taxation,6,0.25,False,True,False
65,40-2,71138.0,"(7, 39)",taxation,6,0.25,False,True,False
65,10-2,67884.25,"(34, 13)",taxation,6,0.25,False,True,False
65,180-2,64693.25,"(39, 29)",taxation,6,0.25,False,True,False
65,212-2,67877.75,"(36, 27)",taxation,6,0.25,False,True,False
65,63-2,61451.75,"(18, 1)",taxation,6,0.25,False,True,False
65,189-2,58264.5,"(28, 44)",taxation,6,0.25,False,True,False
65,54-2,64693.25,"(29, 2)",taxation,6,0.25,False,True,False
65,4-2,48595.25,"(29, 7)",taxation,6,0.25,False,True,False
65,83-2,71105.75,"(39, 16)",taxation,6,0.25,False,True,False
65,249-2,67908.0,"(19, 40)",taxation,6,0.25,False,True,False
65,22-2,74322.0,"(6, 20)",taxation,6,0.25,False,True,False
65,205-2,32534.75,"(34, 8)",taxation,6,0.25,False,True,False
65,156-2,48614.5,"(23, 3)",taxation,6,0.25,False,True,False
65,51-2,67896.5,"(23, 42)",taxation,6,0.25,False,True,False
65,133-2,58240.0,"(28, 45)",taxation,6,0.25,False,True,False
65,73-2,67893.25,"(14, 38)",taxation,6,0.25,False,True,False
65,56-2,64688.75,"(22, 9)",taxation,6,0.25,False,True,False
65,182-2,67889.25,"(0, 26)",taxation,6,0.25,False,True,False
65,71-2,71107.25,"(48, 35)",taxation,6,0.25,False,True,False
65,91-2,71087.75,"(13, 21)",taxation,6,0.25,False,True,False
65,226-2,64654.75,"(43, 33)",taxation,6,0.25,False,True,False
65,225-2,67879.75,"(26, 40)",taxation,6,0.25,False,True,False
65,148-2,51815.25,"(19, 0)",taxation,6,0.25,False,True,False
65,16-2,74318.5,"(23, 10)",taxation,6,0.25,False,True,False
65,111-2,71098.25,"(41, 35)",taxation,6,0.25,False,True,False
65,134-2,64682.0,"(49, 32)",taxation,6,0.25,False,True,False
65,168-2,71122.5,"(19, 38)",taxation,6,0.25,False,True,False
65,106-2,61476.75,"(36, 35)",taxation,6,0.25,False,True,False
65,162-2,67886.5,"(45, 34)",taxation,6,0.25,False,True,False
65,214-2,42150.0,"(47, 33)",taxation,6,0.25,False,True,False
65,110-2,74308.0,"(24, 8)",taxation,6,0.25,False,True,False
65,95-2,74311.5,"(38, 23)",taxation,6,0.25,False,True,False
65,122-2,55017.25,"(23, 48)",taxation,6,0.25,False,True,False
65,231-2,42154.75,"(18, 0)",taxation,6,0.25,False,True,False
65,100-2,64673.75,"(39, 32)",taxation,6,0.25,False,True,False
65,141-2,51810.5,"(11, 33)",taxation,6,0.25,False,True,False
65,165-2,77512.0,"(37, 1)",taxation,6,0.25,False,True,False
65,186-2,61458.25,"(41, 25)",taxation,6,0.25,False,True,False
65,201-2,45349.25,"(32, 1)",taxation,6,0.25,False,True,False
65,21-2,61463.25,"(46, 29)",taxation,6,0.25,False,True,False
65,183-2,45380.75,"(3, 27)",taxation,6,0.25,False,True,False
65,203-2,77503.25,"(33, 1)",taxation,6,0.25,False,True,False
65,32-2,71083.75,"(47, 24)",taxation,6,0.25,False,True,False
65,115-2,71081.75,"(37, 25)",taxation,6,0.25,False,True,False
65,169-2,51811.0,"(41, 28)",taxation,6,0.25,False,True,False
65,78-2,61455.25,"(21, 47)",taxation,6,0.25,False,True,False
65,137-2,58234.5,"(24, 0)",taxation,6,0.25,False,True,False
65,55-2,71071.25,"(33, 9)",taxation,6,0.25,False,True,False
65,112-2,71090.5,"(2, 26)",taxation,6,0.25,False,True,False
65,193-2,58245.5,"(44, 33)",taxation,6,0.25,False,True,False
65,50-2,74297.5,"(29, 44)",taxation,6,0.25,False,True,False
65,53-2,42156.25,"(16, 1)",taxation,6,0.25,False,True,False
65,5-2,29283.5,"(49, 34)",taxation,6,0.25,False,True,False
65,247-2,58225.0,"(34, 4)",taxation,6,0.25,False,True,False
65,147-2,64663.75,"(28, 8)",taxation,6,0.25,False,True,False
65,145-2,67867.0,"(3, 29)",taxation,6,0.25,False,True,False
65,207-2,51774.75,"(36, 22)",taxation,6,0.25,False,True,False
65,120-2,74274.0,"(20, 9)",taxation,6,0.25,False,True,False
65,125-2,71091.0,"(22, 6)",taxation,6,0.25,False,True,False
65,41-2,71100.0,"(2, 30)",taxation,6,0.25,False,True,False
65,209-2,74297.5,"(33, 11)",taxation,6,0.25,False,True,False
65,113-2,67858.75,"(26, 42)",taxation,6,0.25,False,True,False
65,68-2,55019.75,"(0, 27)",taxation,6,0.25,False,True,False
65,161-2,55014.0,"(11, 48)",taxation,6,0.25,False,True,False
65,175-2,55011.5,"(43, 32)",taxation,6,0.25,False,True,False
65,85-2,58231.0,"(40, 29)",taxation,6,0.25,False,True,False
65,234-2,67841.5,"(25, 41)",taxation,6,0.25,False,True,False
65,45-2,67855.75,"(17, 11)",taxation,6,0.25,False,True,False
65,196-2,45373.0,"(9, 29)",taxation,6,0.25,False,True,False
65,174-2,71077.5,"(42, 34)",taxation,6,0.25,False,True,False
65,103-2,64631.5,"(41, 27)",taxation,6,0.25,False,True,False
65,33-2,51804.25,"(21, 0)",taxation,6,0.25,False,True,False
65,19-2,67850.0,"(22, 7)",taxation,6,0.25,False,True,False
65,130-2,71063.5,"(34, 2)",taxation,6,0.25,False,True,False
65,155-2,67887.25,"(0, 29)",taxation,6,0.25,False,True,False
65,86-2,64643.0,"(9, 25)",taxation,6,0.25,False,True,False
65,164-2,67869.25,"(47, 28)",taxation,6,0.25,False,True,False
65,2-2,64649.75,"(3, 33)",taxation,6,0.25,False,True,False
65,11-2,51758.25,"(5, 30)",taxation,6,0.25,False,True,False
65,202-2,74266.0,"(27, 8)",taxation,6,0.25,False,True,False
65,121-2,64661.0,"(5, 20)",taxation,6,0.25,False,True,False
65,163-2,77507.0,"(24, 42)",taxation,6,0.25,False,True,False
65,18-2,74295.75,"(46, 35)",taxation,6,0.25,False,True,False
65,132-2,71059.75,"(48, 28)",taxation,6,0.25,False,True,False
65,160-2,58205.0,"(9, 43)",taxation,6,0.25,False,True,False
65,221-2,61435.5,"(28, 46)",taxation,6,0.25,False,True,False
65,90-2,58229.5,"(47, 25)",taxation,6,0.25,False,True,False
65,64-2,64632.0,"(29, 0)",taxation,6,0.25,False,True,False
65,102-2,45355.5,"(4, 26)",taxation,6,0.25,False,True,False
65,188-2,64650.5,"(9, 30)",taxation,6,0.25,False,True,False
65,92-2,71055.0,"(24, 7)",taxation,6,0.25,False,True,False
65,96-2,74286.5,"(6, 25)",taxation,6,0.25,False,True,False
65,107-2,71061.5,"(11, 34)",taxation,6,0.25,False,True,False
65,80-2,71054.5,"(30, 4)",taxation,6,0.25,False,True,False
65,237-2,51769.75,"(6, 29)",taxation,6,0.25,False,True,False
65,13-2,61425.25,"(26, 1)",taxation,6,0.25,False,True,False
65,104-2,61434.5,"(33, 2)",taxation,6,0.25,False,True,False
65,27-2,58199.75,"(29, 3)",taxation,6,0.25,False,True,False
65,248-2,64622.25,"(25, 10)",taxation,6,0.25,False,True,False
65,48-2,67827.0,"(25, 2)",taxation,6,0.25,False,True,False
65,57-2,58188.25,"(46, 20)",taxation,6,0.25,False,True,False
65,184-2,64613.25,"(20, 4)",taxation,6,0.25,False,True,False
65,30-2,74267.25,"(14, 43)",taxation,6,0.25,False,True,False
65,108-2,35675.25,"(12, 37)",taxation,6,0.25,False,True,False
65,166-2,61410.25,"(11, 22)",taxation,6,0.25,False,True,False
65,233-2,61423.25,"(27, 45)",taxation,6,0.25,False,True,False
65,69-2,71049.5,"(16, 0)",taxation,6,0.25,False,True,False
65,229-2,71090.25,"(23, 41)",taxation,6,0.25,False,True,False
65,236-2,64622.25,"(41, 30)",taxation,6,0.25,False,True,False
65,109-2,64643.5,"(45, 30)",taxation,6,0.25,False,True,False
65,235-2,64624.25,"(17, 1)",taxation,6,0.25,False,True,False
65,62-2,64633.5,"(0, 30)",taxation,6,0.25,False,True,False
65,89-2,67851.75,"(21, 45)",taxation,6,0.25,False,True,False
65,58-2,67804.5,"(20, 10)",taxation,6,0.25,False,True,False
65,61-2,77487.25,"(1, 28)",taxation,6,0.25,False,True,False
65,152-2,67842.25,"(9, 41)",taxation,6,0.25,False,True,False
65,124-2,61403.25,"(26, 2)",taxation,6,0.25,False,True,False
65,97-2,51749.75,"(0, 31)",taxation,6,0.25,False,True,False
65,232-2,38894.25,"(39, 34)",taxation,6,0.25,False,True,False
65,116-2,71062.5,"(47, 35)",taxation,6,0.25,False,True,False
65,37-2,67845.75,"(48, 33)",taxation,6,0.25,False,True,False
65,7-2,48558.5,"(8, 31)",taxation,6,0.25,False,True,False
65,26-2,51764.75,"(29, 45)",taxation,6,0.25,False,True,False
65,117-2,58196.5,"(8, 40)",taxation,6,0.25,False,True,False
65,82-2,67827.5,"(10, 47)",taxation,6,0.25,False,True,False
65,88-2,64620.0,"(8, 20)",taxation,6,0.25,False,True,False
65,59-2,58172.25,"(3, 30)",taxation,6,0.25,False,True,False
65,52-2,48543.25,"(40, 32)",taxation,6,0.25,False,True,False
65,194-2,58194.5,"(5, 18)",taxation,6,0.25,False,True,False
65,72-2,74247.5,"(12, 34)",taxation,6,0.25,False,True,False
65,199-2,74231.0,"(26, 10)",taxation,6,0.25,False,True,False
65,43-2,64610.75,"(41, 33)",taxation,6,0.25,False,True,False
65,128-2,71047.0,"(27, 0)",taxation,6,0.25,False,True,False
65,84-2,64623.5,"(3, 26)",taxation,6,0.25,False,True,False
65,114-2,74257.75,"(41, 24)",taxation,6,0.25,False,True,False
65,223-2,45302.0,"(2, 27)",taxation,6,0.25,False,True,False
65,123-2,74259.75,"(28, 5)",taxation,6,0.25,False,True,False
65,215-2,71035.5,"(19, 3)",taxation,6,0.25,False,True,False
65,127-2,67814.0,"(25, 0)",taxation,6,0.25,False,True,False
65,24-2,51758.5,"(46, 24)",taxation,6,0.25,False,True,False
65,136-2,51745.5,"(1, 26)",taxation,6,0.25,False,True,False
65,65-2,74236.25,"(2, 25)",taxation,6,0.25,False,True,False
65,14-2,16382.5,"(25, 1)",taxation,6,0.25,False,True,False
65,185-2,64609.5,"(40, 34)",taxation,6,0.25,False,True,False
65,77-2,54954.5,"(27, 39)",taxation,6,0.25,False,True,False
65,36-2,48528.25,"(29, 46)",taxation,6,0.25,False,True,False
65,190-2,64607.75,"(33, 7)",taxation,6,0.25,False,True,False
65,46-2,45313.0,"(36, 20)",taxation,6,0.25,False,True,False
65,218-2,74262.5,"(27, 44)",taxation,6,0.25,False,True,False
65,220-2,71031.0,"(24, 40)",taxation,6,0.25,False,True,False
65,224-2,54958.75,"(33, 8)",taxation,6,0.25,False,True,False
65,129-2,61399.0,"(5, 19)",taxation,6,0.25,False,True,False
65,157-2,61371.25,"(34, 7)",taxation,6,0.25,False,True,False
65,195-2,29225.25,"(39, 31)",taxation,6,0.25,False,True,False
65,8-2,64611.0,"(7, 44)",taxation,6,0.25,False,True,False
65,119-2,64598.0,"(2, 17)",taxation,6,0.25,False,True,False
65,99-2,61370.25,"(20, 0)",taxation,6,0.25,False,True,False
65,135-2,64596.75,"(4, 17)",taxation,6,0.25,False,True,False
65,47-2,45315.75,"(27, 47)",taxation,6,0.25,False,True,False
65,79-2,61373.25,"(16, 7)",taxation,6,0.25,False,True,False
66,3,51825.0,"(1, 25)",taxation,6,0.25,False,True,False
66,9,73295.0,"(30, 0)",taxation,6,0.25,False,True,False
66,12,81835.0,"(32, 8)",taxation,6,0.25,False,True,False
66,15,77585.0,"(28, 40)",taxation,6,0.25,False,True,False
66,20,81840.0,"(35, 18)",taxation,6,0.25,False,True,False
66,29,86138.0,"(5, 24)",taxation,6,0.25,False,True,False
66,34,77567.0,"(17, 15)",taxation,6,0.25,False,True,False
66,35,86145.0,"(12, 33)",taxation,6,0.25,False,True,False
66,39,60408.0,"(7, 23)",taxation,6,0.25,False,True,False
66,44,56144.0,"(33, 10)",taxation,6,0.25,False,True,False
66,49,81856.0,"(14, 31)",taxation,6,0.25,False,True,False
66,60,90415.0,"(24, 47)",taxation,6,0.25,False,True,False
66,66,94709.0,"(43, 35)",taxation,6,0.25,False,True,False
66,67,64703.0,"(28, 49)",taxation,6,0.25,False,True,False
66,70,90431.0,"(27, 6)",taxation,6,0.25,False,True,False
66,81,81871.0,"(44, 20)",taxation,6,0.25,False,True,False
66,87,86114.0,"(28, 4)",taxation,6,0.25,False,True,False
66,93,38980.0,"(25, 11)",taxation,6,0.25,False,True,False
66,101,86169.0,"(26, 49)",taxation,6,0.25,False,True,False
66,105,77557.0,"(5, 23)",taxation,6,0.25,False,True,False
66,118,94706.0,"(35, 33)",taxation,6,0.25,False,True,False
66,126,86110.0,"(40, 36)",taxation,6,0.25,False,True,False
66,131,86152.0,"(16, 43)",taxation,6,0.25,False,True,False
66,138,90410.0,"(37, 29)",taxation,6,0.25,False,True,False
66,143,86117.0,"(4, 28)",taxation,6,0.25,False,True,False
66,150,73272.0,"(3, 24)",taxation,6,0.25,False,True,False
66,151,68979.0,"(6, 22)",taxation,6,0.25,False,True,False
66,153,43243.0,"(12, 28)",taxation,6,0.25,False,True,False
66,159,69002.0,"(42, 35)",taxation,6,0.25,False,True,False
66,171,86170.0,"(25, 42)",taxation,6,0.25,False,True,False
66,177,86162.0,"(31, 9)",taxation,6,0.25,False,True,False
66,178,94719.0,"(32, 5)",taxation,6,0.25,False,True,False
66,181,86122.00000000001,"(47, 26)",taxation,6,0.25,False,True,False
66,191,98972.0,"(37, 34)",taxation,6,0.25,False,True,False
66,192,77591.0,"(27, 3)",taxation,6,0.25,False,True,False
66,197,68978.0,"(4, 27)",taxation,6,0.25,False,True,False
66,200,81826.0,"(18, 11)",taxation,6,0.25,False,True,False
66,204,94701.0,"(37, 37)",taxation,6,0.25,False,True,False
66,210,103250.0,"(11, 49)",taxation,6,0.25,False,True,False
66,211,56123.0,"(28, 1)",taxation,6,0.25,False,True,False
66,213,86155.0,"(6, 27)",taxation,6,0.25,False,True,False
66,216,94699.0,"(4, 19)",taxation,6,0.25,False,True,False
66,217,51852.0,"(27, 5)",taxation,6,0.25,False,True,False
66,222,86137.0,"(45, 27)",taxation,6,0.25,False,True,False
66,227,94694.0,"(36, 29)",taxation,6,0.25,False,True,False
66,230,69002.0,"(20, 48)",taxation,6,0.25,False,True,False
66,238,86160.0,"(29, 40)",taxation,6,0.25,False,True,False
66,239,86117.0,"(33, 5)",taxation,6,0.25,False,True,False
66,243,81855.0,"(30, 11)",taxation,6,0.25,False,True,False
66,244,99003.0,"(2, 23)",taxation,6,0.25,False,True,False
66,245,94722.0,"(0, 25)",taxation,6,0.25,False,True,False
66,219-2,75395.0,"(31, 8)",taxation,6,0.25,False,True,False
66,158-2,62538.0,"(46, 27)",taxation,6,0.25,False,True,False
66,139-2,77557.25,"(28, 38)",taxation,6,0.25,False,True,False
66,179-2,56158.5,"(47, 23)",taxation,6,0.25,False,True,False
66,28-2,59360.25,"(36, 2)",taxation,6,0.25,False,True,False
66,187-2,34696.0,"(28, 3)",taxation,6,0.25,False,True,False
66,146-2,26134.0,"(41, 31)",taxation,6,0.25,False,True,False
66,94-2,21849.0,"(11, 28)",taxation,6,0.25,False,True,False
66,154-2,30409.0,"(35, 22)",taxation,6,0.25,False,True,False
66,173-2,17566.0,"(17, 40)",taxation,6,0.25,False,True,False
66,240-2,21815.0,"(33, 34)",taxation,6,0.25,False,True,False
66,246-2,64706.0,"(2, 19)",taxation,6,0.25,False,True,False
66,98-2,34723.0,"(9, 34)",taxation,6,0.25,False,True,False
66,140-2,460.0,"(10, 24)",taxation,6,0.25,False,True,False
66,176-2,439.0,"(36, 26)",taxation,6,0.25,False,True,False
66,208-2,68982.25,"(42, 29)",taxation,6,0.25,False,True,False
66,170-2,59355.75,"(6, 26)",taxation,6,0.25,False,True,False
66,1-2,49686.25,"(5, 22)",taxation,6,0.25,False,True,False
66,23-2,70063.0,"(37, 0)",taxation,6,0.25,False,True,False
66,17-2,71123.5,"(32, 6)",taxation,6,0.25,False,True,False
66,31-2,77541.5,"(31, 3)",taxation,6,0.25,False,True,False
66,228-2,50787.0,"(36, 28)",taxation,6,0.25,False,True,False
66,149-2,58299.0,"(29, 5)",taxation,6,0.25,False,True,False
66,206-2,65783.25,"(28, 37)",taxation,6,0.25,False,True,False
66,242-2,29332.25,"(35, 28)",taxation,6,0.25,False,True,False
66,75-2,61501.0,"(22, 5)",taxation,6,0.25,False,True,False
66,74-2,75407.0,"(33, 4)",taxation,6,0.25,False,True,False
66,241-2,61476.5,"(37, 28)",taxation,6,0.25,False,True,False
66,42-2,48645.5,"(15, 45)",taxation,6,0.25,False,True,False
66,142-2,42182.75,"(35, 29)",taxation,6,0.25,False,True,False
66,172-2,71107.75,"(31, 2)",taxation,6,0.25,False,True,False
66,167-2,67910.75,"(42, 36)",taxation,6,0.25,False,True,False
66,38-2,67921.5,"(25, 46)",taxation,6,0.25,False,True,False
66,198-2,61492.5,"(5, 26)",taxation,6,0.25,False,True,False
66,0-2,45419.25,"(37, 31)",taxation,6,0.25,False,True,False
66,6-2,74347.0,"(9, 24)",taxation,6,0.25,False,True,False
66,76-2,64712.750000000015,"(3, 28)",taxation,6,0.25,False,True,False
66,144-2,64712.5,"(26, 48)",taxation,6,0.25,False,True,False
66,25-2,58263.0,"(2, 18)",taxation,6,0.25,False,True,False
66,40-2,71144.0,"(13, 34)",taxation,6,0.25,False,True,False
66,10-2,67892.25,"(32, 12)",taxation,6,0.25,False,True,False
66,180-2,64701.25,"(33, 32)",taxation,6,0.25,False,True,False
66,212-2,67885.75,"(35, 30)",taxation,6,0.25,False,True,False
66,63-2,61453.75,"(21, 5)",taxation,6,0.25,False,True,False
66,189-2,58273.5,"(28, 48)",taxation,6,0.25,False,True,False
66,54-2,64701.25,"(30, 2)",taxation,6,0.25,False,True,False
66,4-2,48603.25,"(30, 6)",taxation,6,0.25,False,True,False
66,83-2,71112.75,"(40, 16)",taxation,6,0.25,False,True,False
66,249-2,67916.0,"(21, 40)",taxation,6,0.25,False,True,False
66,22-2,74330.0,"(7, 20)",taxation,6,0.25,False,True,False
66,205-2,32542.75,"(31, 12)",taxation,6,0.25,False,True,False
66,156-2,48622.5,"(29, 4)",taxation,6,0.25,False,True,False
66,51-2,67904.5,"(22, 43)",taxation,6,0.25,False,True,False
66,133-2,58248.0,"(24, 49)",taxation,6,0.25,False,True,False
66,73-2,67901.25,"(20, 38)",taxation,6,0.25,False,True,False
66,56-2,64694.75,"(28, 11)",taxation,6,0.25,False,True,False
66,182-2,67898.25,"(4, 23)",taxation,6,0.25,False,True,False
66,71-2,71108.25,"(46, 33)",taxation,6,0.25,False,True,False
66,91-2,71096.75,"(12, 25)",taxation,6,0.25,False,True,False
66,226-2,64657.75,"(38, 27)",taxation,6,0.25,False,True,False
66,225-2,67887.75,"(26, 38)",taxation,6,0.25,False,True,False
66,148-2,51817.25,"(23, 6)",taxation,6,0.25,False,True,False
66,16-2,74324.5,"(27, 9)",taxation,6,0.25,False,True,False
66,111-2,71106.25,"(37, 33)",taxation,6,0.25,False,True,False
66,134-2,64684.0,"(49, 26)",taxation,6,0.25,False,True,False
66,168-2,71130.5,"(23, 38)",taxation,6,0.25,False,True,False
66,106-2,61484.75,"(35, 35)",taxation,6,0.25,False,True,False
66,162-2,67889.5,"(39, 35)",taxation,6,0.25,False,True,False
66,214-2,42152.0,"(41, 32)",taxation,6,0.25,False,True,False
66,110-2,74316.0,"(27, 12)",taxation,6,0.25,False,True,False
66,95-2,74319.5,"(34, 29)",taxation,6,0.25,False,True,False
66,122-2,55025.25,"(23, 49)",taxation,6,0.25,False,True,False
66,231-2,42156.75,"(19, 6)",taxation,6,0.25,False,True,False
66,100-2,64682.75,"(38, 33)",taxation,6,0.25,False,True,False
66,141-2,51818.5,"(14, 29)",taxation,6,0.25,False,True,False
66,165-2,77519.0,"(36, 1)",taxation,6,0.25,False,True,False
66,186-2,61467.25,"(38, 31)",taxation,6,0.25,False,True,False
66,201-2,45356.25,"(34, 1)",taxation,6,0.25,False,True,False
66,21-2,61466.25,"(40, 23)",taxation,6,0.25,False,True,False
66,183-2,45389.75,"(2, 24)",taxation,6,0.25,False,True,False
66,203-2,77510.25,"(33, 0)",taxation,6,0.25,False,True,False
66,32-2,71088.75,"(46, 18)",taxation,6,0.25,False,True,False
66,115-2,71089.75,"(34, 31)",taxation,6,0.25,False,True,False
66,169-2,51816.0,"(38, 22)",taxation,6,0.25,False,True,False
66,78-2,61464.25,"(25, 49)",taxation,6,0.25,False,True,False
66,137-2,58236.5,"(25, 6)",taxation,6,0.25,False,True,False
66,55-2,71079.25,"(32, 10)",taxation,6,0.25,False,True,False
66,112-2,71098.5,"(1, 23)",taxation,6,0.25,False,True,False
66,193-2,58252.5,"(38, 29)",taxation,6,0.25,False,True,False
66,50-2,74306.5,"(27, 48)",taxation,6,0.25,False,True,False
66,53-2,42158.25,"(15, 7)",taxation,6,0.25,False,True,False
66,5-2,29285.5,"(43, 28)",taxation,6,0.25,False,True,False
66,247-2,58232.0,"(35, 4)",taxation,6,0.25,False,True,False
66,147-2,64671.75,"(31, 10)",taxation,6,0.25,False,True,False
66,145-2,67876.0,"(6, 23)",taxation,6,0.25,False,True,False
66,207-2,51781.75,"(34, 19)",taxation,6,0.25,False,True,False
66,120-2,74280.0,"(25, 15)",taxation,6,0.25,False,True,False
66,125-2,71096.0,"(26, 7)",taxation,6,0.25,False,True,False
66,41-2,71108.0,"(3, 25)",taxation,6,0.25,False,True,False
66,209-2,74305.5,"(32, 11)",taxation,6,0.25,False,True,False
66,113-2,67866.75,"(26, 43)",taxation,6,0.25,False,True,False
66,68-2,55028.75,"(1, 24)",taxation,6,0.25,False,True,False
66,161-2,55021.0,"(17, 46)",taxation,6,0.25,False,True,False
66,175-2,55014.5,"(37, 30)",taxation,6,0.25,False,True,False
66,85-2,58239.0,"(34, 32)",taxation,6,0.25,False,True,False
66,234-2,67849.5,"(25, 39)",taxation,6,0.25,False,True,False
66,45-2,67862.75,"(15, 17)",taxation,6,0.25,False,True,False
66,196-2,45382.0,"(11, 26)",taxation,6,0.25,False,True,False
66,174-2,71084.5,"(37, 32)",taxation,6,0.25,False,True,False
66,103-2,64639.5,"(35, 31)",taxation,6,0.25,False,True,False
66,33-2,51806.25,"(23, 5)",taxation,6,0.25,False,True,False
66,19-2,67855.0,"(27, 7)",taxation,6,0.25,False,True,False
66,130-2,71071.5,"(32, 3)",taxation,6,0.25,False,True,False
66,155-2,67895.25,"(0, 23)",taxation,6,0.25,False,True,False
66,86-2,64652.0,"(7, 22)",taxation,6,0.25,False,True,False
66,164-2,67876.25,"(44, 23)",taxation,6,0.25,False,True,False
66,2-2,64654.75,"(9, 39)",taxation,6,0.25,False,True,False
66,11-2,51766.25,"(4, 25)",taxation,6,0.25,False,True,False
66,202-2,74274.0,"(29, 6)",taxation,6,0.25,False,True,False
66,121-2,64670.0,"(5, 21)",taxation,6,0.25,False,True,False
66,163-2,77515.0,"(22, 44)",taxation,6,0.25,False,True,False
66,18-2,74297.75,"(40, 35)",taxation,6,0.25,False,True,False
66,132-2,71062.75,"(48, 22)",taxation,6,0.25,False,True,False
66,160-2,58211.0,"(14, 46)",taxation,6,0.25,False,True,False
66,221-2,61444.5,"(28, 47)",taxation,6,0.25,False,True,False
66,90-2,58235.5,"(48, 20)",taxation,6,0.25,False,True,False
66,64-2,64640.0,"(32, 0)",taxation,6,0.25,False,True,False
66,102-2,45364.5,"(4, 24)",taxation,6,0.25,False,True,False
66,188-2,64659.5,"(12, 26)",taxation,6,0.25,False,True,False
66,92-2,71063.0,"(30, 13)",taxation,6,0.25,False,True,False
66,96-2,74294.5,"(9, 23)",taxation,6,0.25,False,True,False
66,107-2,71069.5,"(10, 29)",taxation,6,0.25,False,True,False
66,80-2,71061.5,"(30, 5)",taxation,6,0.25,False,True,False
66,237-2,51778.75,"(8, 23)",taxation,6,0.25,False,True,False
66,13-2,61433.25,"(31, 1)",taxation,6,0.25,False,True,False
66,104-2,61442.5,"(32, 2)",taxation,6,0.25,False,True,False
66,27-2,58206.75,"(31, 5)",taxation,6,0.25,False,True,False
66,248-2,64630.25,"(29, 12)",taxation,6,0.25,False,True,False
66,48-2,67836.0,"(29, 1)",taxation,6,0.25,False,True,False
66,57-2,58195.25,"(44, 17)",taxation,6,0.25,False,True,False
66,184-2,64616.25,"(21, 10)",taxation,6,0.25,False,True,False
66,30-2,74274.25,"(17, 45)",taxation,6,0.25,False,True,False
66,108-2,35682.25,"(17, 39)",taxation,6,0.25,False,True,False
66,166-2,61419.25,"(11, 23)",taxation,6,0.25,False,True,False
66,233-2,61431.25,"(23, 45)",taxation,6,0.25,False,True,False
66,69-2,71050.5,"(16, 2)",taxation,6,0.25,False,True,False
66,229-2,71098.25,"(23, 40)",taxation,6,0.25,False,True,False
66,236-2,64630.25,"(38, 32)",taxation,6,0.25,False,True,False
66,109-2,64646.5,"(39, 24)",taxation,6,0.25,False,True,False
66,235-2,64626.25,"(20, 6)",taxation,6,0.25,False,True,False
66,62-2,64640.5,"(5, 27)",taxation,6,0.25,False,True,False
66,89-2,67859.75,"(22, 45)",taxation,6,0.25,False,True,False
66,58-2,67810.5,"(18, 16)",taxation,6,0.25,False,True,False
66,61-2,77496.25,"(4, 22)",taxation,6,0.25,False,True,False
66,152-2,67848.25,"(15, 42)",taxation,6,0.25,False,True,False
66,124-2,61411.25,"(30, 1)",taxation,6,0.25,False,True,False
66,97-2,51756.75,"(0, 28)",taxation,6,0.25,False,True,False
66,232-2,38902.25,"(34, 33)",taxation,6,0.25,False,True,False
66,116-2,71064.5,"(41, 36)",taxation,6,0.25,False,True,False
66,37-2,67847.75,"(48, 27)",taxation,6,0.25,False,True,False
66,7-2,48566.5,"(13, 28)",taxation,6,0.25,False,True,False
66,26-2,51773.75,"(29, 48)",taxation,6,0.25,False,True,False
66,117-2,58202.5,"(14, 35)",taxation,6,0.25,False,True,False
66,82-2,67833.5,"(14, 47)",taxation,6,0.25,False,True,False
66,88-2,64628.0,"(8, 21)",taxation,6,0.25,False,True,False
66,59-2,58180.25,"(8, 24)",taxation,6,0.25,False,True,False
66,52-2,48551.25,"(36, 33)",taxation,6,0.25,False,True,False
66,194-2,58203.5,"(3, 20)",taxation,6,0.25,False,True,False
66,72-2,74255.5,"(13, 29)",taxation,6,0.25,False,True,False
66,199-2,74239.0,"(28, 12)",taxation,6,0.25,False,True,False
66,43-2,64618.75,"(39, 33)",taxation,6,0.25,False,True,False
66,128-2,71054.0,"(31, 0)",taxation,6,0.25,False,True,False
66,84-2,64631.5,"(3, 22)",taxation,6,0.25,False,True,False
66,114-2,74263.75,"(38, 18)",taxation,6,0.25,False,True,False
66,223-2,45310.0,"(3, 23)",taxation,6,0.25,False,True,False
66,123-2,74267.75,"(31, 6)",taxation,6,0.25,False,True,False
66,215-2,71038.5,"(25, 9)",taxation,6,0.25,False,True,False
66,127-2,67822.0,"(27, 2)",taxation,6,0.25,False,True,False
66,24-2,51762.5,"(46, 19)",taxation,6,0.25,False,True,False
66,136-2,51753.5,"(0, 24)",taxation,6,0.25,False,True,False
66,65-2,74245.25,"(2, 20)",taxation,6,0.25,False,True,False
66,14-2,16391.5,"(28, 0)",taxation,6,0.25,False,True,False
66,185-2,64617.5,"(34, 34)",taxation,6,0.25,False,True,False
66,77-2,54962.5,"(27, 38)",taxation,6,0.25,False,True,False
66,36-2,48537.25,"(29, 49)",taxation,6,0.25,False,True,False
66,190-2,64615.75,"(31, 11)",taxation,6,0.25,False,True,False
66,46-2,45320.0,"(35, 19)",taxation,6,0.25,False,True,False
66,218-2,74270.5,"(24, 45)",taxation,6,0.25,False,True,False
66,220-2,71039.0,"(24, 39)",taxation,6,0.25,False,True,False
66,224-2,54966.75,"(30, 12)",taxation,6,0.25,False,True,False
66,129-2,61408.0,"(6, 21)",taxation,6,0.25,False,True,False
66,157-2,61379.25,"(32, 9)",taxation,6,0.25,False,True,False
66,195-2,29233.25,"(33, 33)",taxation,6,0.25,False,True,False
66,8-2,64616.0,"(11, 45)",taxation,6,0.25,False,True,False
66,119-2,64606.0,"(3, 17)",taxation,6,0.25,False,True,False
66,99-2,61372.25,"(22, 4)",taxation,6,0.25,False,True,False
66,135-2,64604.75,"(5, 17)",taxation,6,0.25,False,True,False
66,47-2,45324.75,"(27, 49)",taxation,6,0.25,False,True,False
66,79-2,61379.25,"(10, 13)",taxation,6,0.25,False,True,False
67,3,51834.0,"(2, 22)",taxation,6,0.25,False,True,False
67,9,73303.0,"(35, 1)",taxation,6,0.25,False,True,False
67,12,81843.0,"(37, 10)",taxation,6,0.25,False,True,False
67,20,81848.0,"(35, 17)",taxation,6,0.25,False,True,False
67,29,86147.0,"(10, 21)",taxation,6,0.25,False,True,False
67,34,77575.0,"(15, 19)",taxation,6,0.25,False,True,False
67,35,86153.0,"(14, 30)",taxation,6,0.25,False,True,False
67,39,60417.0,"(10, 20)",taxation,6,0.25,False,True,False
67,44,56152.0,"(34, 11)",taxation,6,0.25,False,True,False
67,49,81864.0,"(16, 31)",taxation,6,0.25,False,True,False
67,60,90423.0,"(21, 46)",taxation,6,0.25,False,True,False
67,66,94712.0,"(39, 37)",taxation,6,0.25,False,True,False
67,67,64706.0,"(25, 47)",taxation,6,0.25,False,True,False
67,70,90438.0,"(30, 8)",taxation,6,0.25,False,True,False
67,81,81879.0,"(40, 15)",taxation,6,0.25,False,True,False
67,93,38987.0,"(28, 14)",taxation,6,0.25,False,True,False
67,101,86177.0,"(20, 49)",taxation,6,0.25,False,True,False
67,105,77565.0,"(11, 19)",taxation,6,0.25,False,True,False
67,118,94714.0,"(29, 33)",taxation,6,0.25,False,True,False
67,126,86115.0,"(34, 38)",taxation,6,0.25,False,True,False
67,131,86160.0,"(18, 38)",taxation,6,0.25,False,True,False
67,138,90416.0,"(31, 29)",taxation,6,0.25,False,True,False
67,143,86121.0,"(8, 32)",taxation,6,0.25,False,True,False
67,150,73280.0,"(7, 18)",taxation,6,0.25,False,True,False
67,151,68988.0,"(9, 20)",taxation,6,0.25,False,True,False
67,153,43251.0,"(15, 28)",taxation,6,0.25,False,True,False
67,159,69006.0,"(36, 31)",taxation,6,0.25,False,True,False
67,171,86178.0,"(23, 36)",taxation,6,0.25,False,True,False
67,177,86170.0,"(36, 13)",taxation,6,0.25,False,True,False
67,178,94726.0,"(38, 10)",taxation,6,0.25,False,True,False
67,181,86126.00000000001,"(47, 22)",taxation,6,0.25,False,True,False
67,191,98979.0,"(31, 34)",taxation,6,0.25,False,True,False
67,192,77598.0,"(31, 4)",taxation,6,0.25,False,True,False
67,197,68986.0,"(7, 25)",taxation,6,0.25,False,True,False
67,200,81834.0,"(12, 15)",taxation,6,0.25,False,True,False
67,204,94707.0,"(31, 39)",taxation,6,0.25,False,True,False
67,210,103257.0,"(14, 49)",taxation,6,0.25,False,True,False
67,211,56126.0,"(23, 7)",taxation,6,0.25,False,True,False
67,213,86162.0,"(11, 29)",taxation,6,0.25,False,True,False
67,216,94708.0,"(6, 18)",taxation,6,0.25,False,True,False
67,217,51858.0,"(27, 11)",taxation,6,0.25,False,True,False
67,222,86141.0,"(44, 21)",taxation,6,0.25,False,True,False
67,227,94701.0,"(30, 29)",taxation,6,0.25,False,True,False
67,230,69011.0,"(21, 48)",taxation,6,0.25,False,True,False
67,238,86169.0,"(32, 38)",taxation,6,0.25,False,True,False
67,239,86125.0,"(37, 11)",taxation,6,0.25,False,True,False
67,243,81863.0,"(33, 15)",taxation,6,0.25,False,True,False
67,244,99010.0,"(7, 17)",taxation,6,0.25,False,True,False
67,245,94731.0,"(0, 22)",taxation,6,0.25,False,True,False
67,219-2,75403.0,"(34, 12)",taxation,6,0.25,False,True,False
67,158-2,62542.0,"(46, 22)",taxation,6,0.25,False,True,False
67,139-2,77565.25,"(30, 38)",taxation,6,0.25,False,True,False
67,179-2,56163.5,"(47, 19)",taxation,6,0.25,False,True,False
67,28-2,59367.25,"(39, 1)",taxation,6,0.25,False,True,False
67,187-2,34699.0,"(28, 9)",taxation,6,0.25,False,True,False
67,146-2,26139.0,"(35, 27)",taxation,6,0.25,False,True,False
67,94-2,21858.0,"(12, 23)",taxation,6,0.25,False,True,False
67,154-2,30417.0,"(32, 21)",taxation,6,0.25,False,True,False
67,173-2,17574.0,"(19, 36)",taxation,6,0.25,False,True,False
67,240-2,21824.0,"(32, 36)",taxation,6,0.25,False,True,False
67,246-2,64715.0,"(1, 20)",taxation,6,0.25,False,True,False
67,98-2,34730.0,"(13, 33)",taxation,6,0.25,False,True,False
67,140-2,468.0,"(13, 22)",taxation,6,0.25,False,True,False
67,176-2,447.0,"(32, 22)",taxation,6,0.25,False,True,False
67,208-2,68986.25,"(38, 26)",taxation,6,0.25,False,True,False
67,170-2,59364.75,"(12, 21)",taxation,6,0.25,False,True,False
67,1-2,49695.25,"(3, 21)",taxation,6,0.25,False,True,False
67,23-2,70070.0,"(38, 0)",taxation,6,0.25,False,True,False
67,17-2,71131.5,"(35, 10)",taxation,6,0.25,False,True,False
67,31-2,77544.5,"(35, 7)",taxation,6,0.25,False,True,False
67,228-2,50795.0,"(31, 28)",taxation,6,0.25,False,True,False
67,149-2,58307.0,"(35, 9)",taxation,6,0.25,False,True,False
67,206-2,65791.25,"(29, 36)",taxation,6,0.25,False,True,False
67,242-2,29340.25,"(32, 30)",taxation,6,0.25,False,True,False
67,75-2,61505.0,"(22, 11)",taxation,6,0.25,False,True,False
67,74-2,75415.0,"(36, 8)",taxation,6,0.25,False,True,False
67,241-2,61483.5,"(31, 22)",taxation,6,0.25,False,True,False
67,42-2,48654.5,"(21, 49)",taxation,6,0.25,False,True,False
67,142-2,42190.75,"(30, 30)",taxation,6,0.25,False,True,False
67,172-2,71115.75,"(35, 2)",taxation,6,0.25,False,True,False
67,167-2,67914.75,"(36, 34)",taxation,6,0.25,False,True,False
67,38-2,67927.5,"(30, 40)",taxation,6,0.25,False,True,False
67,198-2,61501.5,"(1, 21)",taxation,6,0.25,False,True,False
67,0-2,45427.25,"(31, 37)",taxation,6,0.25,False,True,False
67,6-2,74356.0,"(9, 21)",taxation,6,0.25,False,True,False
67,76-2,64716.750000000015,"(9, 31)",taxation,6,0.25,False,True,False
67,144-2,64716.5,"(25, 45)",taxation,6,0.25,False,True,False
67,25-2,58272.0,"(0, 18)",taxation,6,0.25,False,True,False
67,40-2,71152.0,"(15, 29)",taxation,6,0.25,False,True,False
67,10-2,67901.25,"(31, 13)",taxation,6,0.25,False,True,False
67,180-2,64709.25,"(30, 34)",taxation,6,0.25,False,True,False
67,212-2,67893.75,"(29, 31)",taxation,6,0.25,False,True,False
67,63-2,61457.75,"(21, 11)",taxation,6,0.25,False,True,False
67,189-2,58282.5,"(22, 48)",taxation,6,0.25,False,True,False
67,54-2,64707.25,"(36, 6)",taxation,6,0.25,False,True,False
67,4-2,48611.25,"(36, 12)",taxation,6,0.25,False,True,False
67,83-2,71120.75,"(39, 15)",taxation,6,0.25,False,True,False
67,249-2,67924.0,"(21, 39)",taxation,6,0.25,False,True,False
67,22-2,74339.0,"(7, 21)",taxation,6,0.25,False,True,False
67,205-2,32550.75,"(32, 13)",taxation,6,0.25,False,True,False
67,156-2,48630.5,"(35, 8)",taxation,6,0.25,False,True,False
67,51-2,67913.5,"(22, 46)",taxation,6,0.25,False,True,False
67,133-2,58256.0,"(19, 48)",taxation,6,0.25,False,True,False
67,73-2,67909.25,"(20, 37)",taxation,6,0.25,False,True,False
67,56-2,64702.75,"(32, 14)",taxation,6,0.25,False,True,False
67,182-2,67907.25,"(4, 18)",taxation,6,0.25,False,True,False
67,71-2,71111.25,"(42, 28)",taxation,6,0.25,False,True,False
67,91-2,71104.75,"(11, 25)",taxation,6,0.25,False,True,False
67,226-2,64664.75,"(34, 22)",taxation,6,0.25,False,True,False
67,225-2,67895.75,"(25, 36)",taxation,6,0.25,False,True,False
67,148-2,51823.25,"(26, 11)",taxation,6,0.25,False,True,False
67,16-2,74332.5,"(33, 13)",taxation,6,0.25,False,True,False
67,111-2,71113.25,"(31, 31)",taxation,6,0.25,False,True,False
67,134-2,64688.0,"(49, 21)",taxation,6,0.25,False,True,False
67,168-2,71138.5,"(22, 37)",taxation,6,0.25,False,True,False
67,106-2,61493.75,"(30, 35)",taxation,6,0.25,False,True,False
67,162-2,67897.5,"(34, 35)",taxation,6,0.25,False,True,False
67,214-2,42156.0,"(36, 32)",taxation,6,0.25,False,True,False
67,110-2,74324.0,"(32, 15)",taxation,6,0.25,False,True,False
67,95-2,74327.5,"(32, 29)",taxation,6,0.25,False,True,False
67,122-2,55033.25,"(19, 49)",taxation,6,0.25,False,True,False
67,231-2,42160.75,"(19, 11)",taxation,6,0.25,False,True,False
67,100-2,64688.75,"(32, 28)",taxation,6,0.25,False,True,False
67,141-2,51827.5,"(14, 23)",taxation,6,0.25,False,True,False
67,165-2,77527.0,"(36, 0)",taxation,6,0.25,False,True,False
67,186-2,61472.25,"(34, 28)",taxation,6,0.25,False,True,False
67,201-2,45363.25,"(34, 0)",taxation,6,0.25,False,True,False
67,21-2,61473.25,"(35, 20)",taxation,6,0.25,False,True,False
67,183-2,45397.75,"(8, 22)",taxation,6,0.25,False,True,False
67,203-2,77517.25,"(38, 3)",taxation,6,0.25,False,True,False
67,32-2,71096.75,"(41, 14)",taxation,6,0.25,False,True,False
67,115-2,71097.75,"(32, 31)",taxation,6,0.25,False,True,False
67,169-2,51824.0,"(36, 17)",taxation,6,0.25,False,True,False
67,78-2,61468.25,"(20, 46)",taxation,6,0.25,False,True,False
67,137-2,58241.5,"(24, 11)",taxation,6,0.25,False,True,False
67,55-2,71087.25,"(35, 11)",taxation,6,0.25,False,True,False
67,112-2,71107.5,"(0, 20)",taxation,6,0.25,False,True,False
67,193-2,58259.5,"(32, 24)",taxation,6,0.25,False,True,False
67,50-2,74310.5,"(26, 44)",taxation,6,0.25,False,True,False
67,53-2,42164.25,"(14, 13)",taxation,6,0.25,False,True,False
67,5-2,29291.5,"(37, 22)",taxation,6,0.25,False,True,False
67,247-2,58239.0,"(40, 4)",taxation,6,0.25,False,True,False
67,147-2,64679.75,"(33, 12)",taxation,6,0.25,False,True,False
67,145-2,67884.0,"(11, 18)",taxation,6,0.25,False,True,False
67,207-2,51789.75,"(33, 20)",taxation,6,0.25,False,True,False
67,120-2,74288.0,"(31, 15)",taxation,6,0.25,False,True,False
67,125-2,71101.0,"(27, 13)",taxation,6,0.25,False,True,False
67,41-2,71117.0,"(2, 21)",taxation,6,0.25,False,True,False
67,209-2,74313.5,"(34, 14)",taxation,6,0.25,False,True,False
67,113-2,67875.75,"(23, 39)",taxation,6,0.25,False,True,False
67,68-2,55037.75,"(1, 22)",taxation,6,0.25,False,True,False
67,161-2,55030.0,"(22, 49)",taxation,6,0.25,False,True,False
67,175-2,55020.5,"(31, 30)",taxation,6,0.25,False,True,False
67,85-2,58247.0,"(30, 31)",taxation,6,0.25,False,True,False
67,234-2,67857.5,"(24, 36)",taxation,6,0.25,False,True,False
67,45-2,67870.75,"(15, 18)",taxation,6,0.25,False,True,False
67,196-2,45391.0,"(11, 21)",taxation,6,0.25,False,True,False
67,174-2,71091.5,"(31, 38)",taxation,6,0.25,False,True,False
67,103-2,64648.5,"(32, 34)",taxation,6,0.25,False,True,False
67,33-2,51812.25,"(28, 10)",taxation,6,0.25,False,True,False
67,19-2,67860.0,"(28, 13)",taxation,6,0.25,False,True,False
67,130-2,71079.5,"(37, 9)",taxation,6,0.25,False,True,False
67,155-2,67903.25,"(6, 17)",taxation,6,0.25,False,True,False
67,86-2,64660.0,"(9, 17)",taxation,6,0.25,False,True,False
67,164-2,67881.25,"(44, 18)",taxation,6,0.25,False,True,False
67,2-2,64661.75,"(14, 34)",taxation,6,0.25,False,True,False
67,11-2,51774.25,"(10, 25)",taxation,6,0.25,False,True,False
67,202-2,74282.0,"(34, 9)",taxation,6,0.25,False,True,False
67,121-2,64678.0,"(6, 16)",taxation,6,0.25,False,True,False
67,163-2,77522.0,"(21, 38)",taxation,6,0.25,False,True,False
67,18-2,74302.75,"(34, 39)",taxation,6,0.25,False,True,False
67,132-2,71069.75,"(45, 16)",taxation,6,0.25,False,True,False
67,160-2,58219.0,"(18, 46)",taxation,6,0.25,False,True,False
67,221-2,61450.5,"(26, 41)",taxation,6,0.25,False,True,False
67,90-2,58242.5,"(44, 16)",taxation,6,0.25,False,True,False
67,64-2,64642.0,"(35, 3)",taxation,6,0.25,False,True,False
67,102-2,45373.5,"(10, 19)",taxation,6,0.25,False,True,False
67,188-2,64668.5,"(13, 23)",taxation,6,0.25,False,True,False
67,92-2,71071.0,"(32, 16)",taxation,6,0.25,False,True,False
67,96-2,74303.5,"(9, 22)",taxation,6,0.25,False,True,False
67,107-2,71078.5,"(10, 23)",taxation,6,0.25,False,True,False
67,80-2,71069.5,"(36, 10)",taxation,6,0.25,False,True,False
67,237-2,51786.75,"(12, 20)",taxation,6,0.25,False,True,False
67,13-2,61440.25,"(37, 4)",taxation,6,0.25,False,True,False
67,104-2,61450.5,"(37, 8)",taxation,6,0.25,False,True,False
67,27-2,58214.75,"(36, 7)",taxation,6,0.25,False,True,False
67,248-2,64638.25,"(30, 14)",taxation,6,0.25,False,True,False
67,48-2,67839.0,"(28, 7)",taxation,6,0.25,False,True,False
67,57-2,58203.25,"(42, 14)",taxation,6,0.25,False,True,False
67,184-2,64623.25,"(27, 15)",taxation,6,0.25,False,True,False
67,30-2,74283.25,"(22, 47)",taxation,6,0.25,False,True,False
67,108-2,35690.25,"(18, 39)",taxation,6,0.25,False,True,False
67,166-2,61427.25,"(12, 22)",taxation,6,0.25,False,True,False
67,233-2,61439.25,"(19, 47)",taxation,6,0.25,False,True,False
67,69-2,71053.5,"(17, 7)",taxation,6,0.25,False,True,False
67,229-2,71107.25,"(25, 38)",taxation,6,0.25,False,True,False
67,236-2,64635.25,"(33, 31)",taxation,6,0.25,False,True,False
67,109-2,64653.5,"(33, 21)",taxation,6,0.25,False,True,False
67,235-2,64630.25,"(22, 10)",taxation,6,0.25,False,True,False
67,62-2,64648.5,"(10, 26)",taxation,6,0.25,False,True,False
67,89-2,67867.75,"(18, 49)",taxation,6,0.25,False,True,False
67,58-2,67819.5,"(14, 22)",taxation,6,0.25,False,True,False
67,61-2,77505.25,"(4, 21)",taxation,6,0.25,False,True,False
67,152-2,67856.25,"(19, 37)",taxation,6,0.25,False,True,False
67,124-2,61418.25,"(36, 4)",taxation,6,0.25,False,True,False
67,97-2,51759.75,"(4, 33)",taxation,6,0.25,False,True,False
67,232-2,38910.25,"(32, 32)",taxation,6,0.25,False,True,False
67,116-2,71069.5,"(35, 32)",taxation,6,0.25,False,True,False
67,37-2,67851.75,"(49, 22)",taxation,6,0.25,False,True,False
67,7-2,48574.5,"(12, 27)",taxation,6,0.25,False,True,False
67,26-2,51778.75,"(27, 42)",taxation,6,0.25,False,True,False
67,117-2,58210.5,"(16, 32)",taxation,6,0.25,False,True,False
67,82-2,67841.5,"(18, 47)",taxation,6,0.25,False,True,False
67,88-2,64636.0,"(10, 22)",taxation,6,0.25,False,True,False
67,59-2,58189.25,"(11, 20)",taxation,6,0.25,False,True,False
67,52-2,48559.25,"(30, 37)",taxation,6,0.25,False,True,False
67,194-2,58211.5,"(1, 19)",taxation,6,0.25,False,True,False
67,72-2,74263.5,"(15, 27)",taxation,6,0.25,False,True,False
67,199-2,74247.0,"(34, 15)",taxation,6,0.25,False,True,False
67,43-2,64623.75,"(34, 30)",taxation,6,0.25,False,True,False
67,128-2,71056.0,"(35, 0)",taxation,6,0.25,False,True,False
67,84-2,64639.5,"(1, 18)",taxation,6,0.25,False,True,False
67,114-2,74271.75,"(37, 16)",taxation,6,0.25,False,True,False
67,223-2,45319.0,"(0, 21)",taxation,6,0.25,False,True,False
67,123-2,74275.75,"(34, 5)",taxation,6,0.25,False,True,False
67,215-2,71045.5,"(30, 9)",taxation,6,0.25,False,True,False
67,127-2,67825.0,"(25, 7)",taxation,6,0.25,False,True,False
67,24-2,51769.5,"(42, 16)",taxation,6,0.25,False,True,False
67,136-2,51755.5,"(4, 29)",taxation,6,0.25,False,True,False
67,65-2,74253.25,"(7, 19)",taxation,6,0.25,False,True,False
67,14-2,16398.5,"(33, 6)",taxation,6,0.25,False,True,False
67,185-2,64626.5,"(31, 35)",taxation,6,0.25,False,True,False
67,77-2,54970.5,"(26, 36)",taxation,6,0.25,False,True,False
67,36-2,48540.25,"(30, 43)",taxation,6,0.25,False,True,False
67,190-2,64623.75,"(35, 14)",taxation,6,0.25,False,True,False
67,46-2,45328.0,"(34, 17)",taxation,6,0.25,False,True,False
67,218-2,74278.5,"(18, 48)",taxation,6,0.25,False,True,False
67,220-2,71048.0,"(24, 38)",taxation,6,0.25,False,True,False
67,224-2,54974.75,"(33, 14)",taxation,6,0.25,False,True,False
67,129-2,61417.0,"(4, 20)",taxation,6,0.25,False,True,False
67,157-2,61387.25,"(36, 9)",taxation,6,0.25,False,True,False
67,195-2,29241.25,"(30, 33)",taxation,6,0.25,False,True,False
67,8-2,64623.0,"(15, 44)",taxation,6,0.25,False,True,False
67,119-2,64615.0,"(0, 19)",taxation,6,0.25,False,True,False
67,99-2,61376.25,"(24, 10)",taxation,6,0.25,False,True,False
67,135-2,64613.75,"(9, 18)",taxation,6,0.25,False,True,False
67,47-2,45328.75,"(24, 46)",taxation,6,0.25,False,True,False
67,79-2,61388.25,"(10, 18)",taxation,6,0.25,False,True,False
67,87-2,64588.5,"(27, 10)",taxation,6,0.25,False,True,False
67,15-2,58194.75,"(28, 35)",taxation,6,0.25,False,True,False
68,3,51838.0,"(8, 18)",taxation,6,0.25,False,True,False
68,9,73311.0,"(40, 1)",taxation,6,0.25,False,True,False
68,12,81850.0,"(42, 10)",taxation,6,0.25,False,True,False
68,20,81856.0,"(34, 18)",taxation,6,0.25,False,True,False
68,34,77583.0,"(17, 19)",taxation,6,0.25,False,True,False
68,35,86161.0,"(15, 30)",taxation,6,0.25,False,True,False
68,39,60425.0,"(13, 19)",taxation,6,0.25,False,True,False
68,44,56158.0,"(39, 9)",taxation,6,0.25,False,True,False
68,49,81872.0,"(18, 31)",taxation,6,0.25,False,True,False
68,60,90431.0,"(15, 46)",taxation,6,0.25,False,True,False
68,66,94718.0,"(33, 36)",taxation,6,0.25,False,True,False
68,67,64712.0,"(28, 41)",taxation,6,0.25,False,True,False
68,70,90445.0,"(27, 14)",taxation,6,0.25,False,True,False
68,81,81887.0,"(40, 14)",taxation,6,0.25,False,True,False
68,93,38995.0,"(30, 18)",taxation,6,0.25,False,True,False
68,101,86183.0,"(14, 45)",taxation,6,0.25,False,True,False
68,105,77574.0,"(15, 25)",taxation,6,0.25,False,True,False
68,118,94722.0,"(25, 33)",taxation,6,0.25,False,True,False
68,126,86123.0,"(29, 38)",taxation,6,0.25,False,True,False
68,131,86168.0,"(17, 37)",taxation,6,0.25,False,True,False
68,138,90424.0,"(27, 28)",taxation,6,0.25,False,True,False
68,143,86129.0,"(13, 32)",taxation,6,0.25,False,True,False
68,150,73287.0,"(13, 15)",taxation,6,0.25,False,True,False
68,151,68994.0,"(13, 18)",taxation,6,0.25,False,True,False
68,153,43259.0,"(17, 28)",taxation,6,0.25,False,True,False
68,159,69013.0,"(30, 32)",taxation,6,0.25,False,True,False
68,171,86187.0,"(22, 36)",taxation,6,0.25,False,True,False
68,177,86178.0,"(38, 13)",taxation,6,0.25,False,True,False
68,178,94734.0,"(40, 10)",taxation,6,0.25,False,True,False
68,181,86133.00000000001,"(46, 16)",taxation,6,0.25,False,True,False
68,191,98987.0,"(27, 36)",taxation,6,0.25,False,True,False
68,192,77602.0,"(29, 9)",taxation,6,0.25,False,True,False
68,197,68992.0,"(11, 27)",taxation,6,0.25,False,True,False
68,200,81842.0,"(13, 16)",taxation,6,0.25,False,True,False
68,204,94714.0,"(26, 37)",taxation,6,0.25,False,True,False
68,210,103265.0,"(15, 49)",taxation,6,0.25,False,True,False
68,211,56131.0,"(23, 11)",taxation,6,0.25,False,True,False
68,213,86170.0,"(17, 32)",taxation,6,0.25,False,True,False
68,216,94717.0,"(10, 16)",taxation,6,0.25,False,True,False
68,217,51865.0,"(26, 15)",taxation,6,0.25,False,True,False
68,222,86148.0,"(44, 15)",taxation,6,0.25,False,True,False
68,227,94709.0,"(27, 27)",taxation,6,0.25,False,True,False
68,230,69016.0,"(19, 45)",taxation,6,0.25,False,True,False
68,238,86175.0,"(32, 39)",taxation,6,0.25,False,True,False
68,239,86132.0,"(41, 13)",taxation,6,0.25,False,True,False
68,243,81871.0,"(33, 16)",taxation,6,0.25,False,True,False
68,244,99018.0,"(10, 15)",taxation,6,0.25,False,True,False
68,245,94734.0,"(5, 28)",taxation,6,0.25,False,True,False
68,219-2,75410.0,"(28, 17)",taxation,6,0.25,False,True,False
68,158-2,62549.0,"(43, 16)",taxation,6,0.25,False,True,False
68,139-2,77573.25,"(24, 32)",taxation,6,0.25,False,True,False
68,179-2,56170.5,"(47, 15)",taxation,6,0.25,False,True,False
68,28-2,59375.25,"(42, 7)",taxation,6,0.25,False,True,False
68,187-2,34706.0,"(26, 14)",taxation,6,0.25,False,True,False
68,146-2,26147.0,"(30, 23)",taxation,6,0.25,False,True,False
68,94-2,21866.0,"(16, 22)",taxation,6,0.25,False,True,False
68,154-2,30426.0,"(32, 18)",taxation,6,0.25,False,True,False
68,173-2,17582.0,"(19, 35)",taxation,6,0.25,False,True,False
68,240-2,21832.0,"(26, 33)",taxation,6,0.25,False,True,False
68,246-2,64718.0,"(7, 15)",taxation,6,0.25,False,True,False
68,98-2,34738.0,"(16, 33)",taxation,6,0.25,False,True,False
68,140-2,477.0,"(15, 22)",taxation,6,0.25,False,True,False
68,176-2,455.0,"(30, 21)",taxation,6,0.25,False,True,False
68,208-2,68993.25,"(33, 23)",taxation,6,0.25,False,True,False
68,170-2,59372.75,"(17, 21)",taxation,6,0.25,False,True,False
68,1-2,49699.25,"(9, 26)",taxation,6,0.25,False,True,False
68,23-2,70077.0,"(42, 1)",taxation,6,0.25,False,True,False
68,17-2,71139.5,"(41, 10)",taxation,6,0.25,False,True,False
68,31-2,77552.5,"(39, 10)",taxation,6,0.25,False,True,False
68,228-2,50804.0,"(28, 33)",taxation,6,0.25,False,True,False
68,149-2,58315.0,"(41, 9)",taxation,6,0.25,False,True,False
68,206-2,65799.25,"(23, 33)",taxation,6,0.25,False,True,False
68,242-2,29348.25,"(26, 29)",taxation,6,0.25,False,True,False
68,75-2,61513.0,"(16, 17)",taxation,6,0.25,False,True,False
68,74-2,75423.0,"(38, 12)",taxation,6,0.25,False,True,False
68,241-2,61491.5,"(29, 22)",taxation,6,0.25,False,True,False
68,42-2,48662.5,"(17, 49)",taxation,6,0.25,False,True,False
68,142-2,42199.75,"(27, 33)",taxation,6,0.25,False,True,False
68,172-2,71122.75,"(41, 7)",taxation,6,0.25,False,True,False
68,167-2,67920.75,"(32, 35)",taxation,6,0.25,False,True,False
68,38-2,67934.5,"(30, 39)",taxation,6,0.25,False,True,False
68,198-2,61510.5,"(6, 15)",taxation,6,0.25,False,True,False
68,0-2,45435.25,"(26, 34)",taxation,6,0.25,False,True,False
68,6-2,74363.0,"(14, 15)",taxation,6,0.25,False,True,False
68,76-2,64723.750000000015,"(12, 35)",taxation,6,0.25,False,True,False
68,144-2,64722.5,"(25, 40)",taxation,6,0.25,False,True,False
68,25-2,58274.0,"(2, 17)",taxation,6,0.25,False,True,False
68,40-2,71160.0,"(18, 29)",taxation,6,0.25,False,True,False
68,10-2,67910.25,"(34, 16)",taxation,6,0.25,False,True,False
68,180-2,64717.25,"(25, 31)",taxation,6,0.25,False,True,False
68,212-2,67901.75,"(26, 30)",taxation,6,0.25,False,True,False
68,63-2,61464.75,"(18, 17)",taxation,6,0.25,False,True,False
68,189-2,58288.5,"(17, 42)",taxation,6,0.25,False,True,False
68,54-2,64714.25,"(42, 8)",taxation,6,0.25,False,True,False
68,4-2,48619.25,"(39, 14)",taxation,6,0.25,False,True,False
68,83-2,71128.75,"(41, 11)",taxation,6,0.25,False,True,False
68,249-2,67932.0,"(21, 36)",taxation,6,0.25,False,True,False
68,22-2,74345.0,"(13, 27)",taxation,6,0.25,False,True,False
68,205-2,32558.75,"(28, 19)",taxation,6,0.25,False,True,False
68,156-2,48638.5,"(41, 8)",taxation,6,0.25,False,True,False
68,51-2,67920.5,"(16, 40)",taxation,6,0.25,False,True,False
68,133-2,58263.0,"(13, 43)",taxation,6,0.25,False,True,False
68,73-2,67917.25,"(18, 37)",taxation,6,0.25,False,True,False
68,56-2,64710.75,"(31, 18)",taxation,6,0.25,False,True,False
68,182-2,67916.25,"(9, 15)",taxation,6,0.25,False,True,False
68,71-2,71116.25,"(38, 25)",taxation,6,0.25,False,True,False
68,91-2,71112.75,"(17, 24)",taxation,6,0.25,False,True,False
68,226-2,64673.75,"(32, 20)",taxation,6,0.25,False,True,False
68,225-2,67903.75,"(26, 35)",taxation,6,0.25,False,True,False
68,148-2,51831.25,"(27, 16)",taxation,6,0.25,False,True,False
68,16-2,74341.5,"(35, 15)",taxation,6,0.25,False,True,False
68,111-2,71121.25,"(26, 28)",taxation,6,0.25,False,True,False
68,134-2,64695.0,"(46, 15)",taxation,6,0.25,False,True,False
68,168-2,71147.5,"(24, 34)",taxation,6,0.25,False,True,False
68,106-2,61501.75,"(27, 34)",taxation,6,0.25,False,True,False
68,162-2,67906.5,"(29, 35)",taxation,6,0.25,False,True,False
68,214-2,42163.0,"(31, 32)",taxation,6,0.25,False,True,False
68,110-2,74332.0,"(29, 19)",taxation,6,0.25,False,True,False
68,95-2,74335.5,"(27, 29)",taxation,6,0.25,False,True,False
68,122-2,55041.25,"(15, 48)",taxation,6,0.25,False,True,False
68,231-2,42168.75,"(17, 17)",taxation,6,0.25,False,True,False
68,100-2,64696.75,"(27, 26)",taxation,6,0.25,False,True,False
68,141-2,51835.5,"(16, 23)",taxation,6,0.25,False,True,False
68,165-2,77535.0,"(39, 0)",taxation,6,0.25,False,True,False
68,186-2,61480.25,"(30, 25)",taxation,6,0.25,False,True,False
68,201-2,45367.25,"(39, 2)",taxation,6,0.25,False,True,False
68,21-2,61481.25,"(32, 19)",taxation,6,0.25,False,True,False
68,183-2,45406.75,"(11, 16)",taxation,6,0.25,False,True,False
68,203-2,77525.25,"(43, 9)",taxation,6,0.25,False,True,False
68,32-2,71104.75,"(41, 12)",taxation,6,0.25,False,True,False
68,115-2,71105.75,"(27, 30)",taxation,6,0.25,False,True,False
68,169-2,51832.0,"(33, 18)",taxation,6,0.25,False,True,False
68,78-2,61476.25,"(16, 48)",taxation,6,0.25,False,True,False
68,137-2,58249.5,"(29, 17)",taxation,6,0.25,False,True,False
68,55-2,71096.25,"(37, 15)",taxation,6,0.25,False,True,False
68,112-2,71110.5,"(6, 19)",taxation,6,0.25,False,True,False
68,193-2,58267.5,"(29, 21)",taxation,6,0.25,False,True,False
68,50-2,74316.5,"(26, 39)",taxation,6,0.25,False,True,False
68,53-2,42173.25,"(12, 16)",taxation,6,0.25,False,True,False
68,5-2,29298.5,"(34, 21)",taxation,6,0.25,False,True,False
68,247-2,58247.0,"(41, 6)",taxation,6,0.25,False,True,False
68,147-2,64687.75,"(31, 16)",taxation,6,0.25,False,True,False
68,145-2,67892.0,"(13, 17)",taxation,6,0.25,False,True,False
68,207-2,51797.75,"(33, 19)",taxation,6,0.25,False,True,False
68,120-2,74297.0,"(33, 17)",taxation,6,0.25,False,True,False
68,125-2,71109.0,"(27, 19)",taxation,6,0.25,False,True,False
68,41-2,71122.0,"(8, 19)",taxation,6,0.25,False,True,False
68,209-2,74321.5,"(31, 20)",taxation,6,0.25,False,True,False
68,113-2,67883.75,"(22, 35)",taxation,6,0.25,False,True,False
68,68-2,55040.75,"(7, 27)",taxation,6,0.25,False,True,False
68,161-2,55035.0,"(18, 45)",taxation,6,0.25,False,True,False
68,175-2,55029.5,"(28, 32)",taxation,6,0.25,False,True,False
68,85-2,58255.0,"(26, 32)",taxation,6,0.25,False,True,False
68,234-2,67866.5,"(24, 35)",taxation,6,0.25,False,True,False
68,45-2,67878.75,"(16, 18)",taxation,6,0.25,False,True,False
68,196-2,45399.0,"(16, 21)",taxation,6,0.25,False,True,False
68,174-2,71100.5,"(27, 35)",taxation,6,0.25,False,True,False
68,103-2,64657.5,"(29, 34)",taxation,6,0.25,False,True,False
68,33-2,51818.25,"(24, 14)",taxation,6,0.25,False,True,False
68,19-2,67868.0,"(31, 17)",taxation,6,0.25,False,True,False
68,130-2,71087.5,"(42, 11)",taxation,6,0.25,False,True,False
68,155-2,67908.25,"(12, 18)",taxation,6,0.25,False,True,False
68,86-2,64669.0,"(9, 16)",taxation,6,0.25,False,True,False
68,164-2,67888.25,"(45, 15)",taxation,6,0.25,False,True,False
68,2-2,64669.75,"(16, 34)",taxation,6,0.25,False,True,False
68,11-2,51781.25,"(16, 24)",taxation,6,0.25,False,True,False
68,202-2,74290.0,"(37, 12)",taxation,6,0.25,False,True,False
68,121-2,64685.0,"(11, 14)",taxation,6,0.25,False,True,False
68,163-2,77531.0,"(21, 37)",taxation,6,0.25,False,True,False
68,18-2,74309.75,"(29, 39)",taxation,6,0.25,False,True,False
68,132-2,71077.75,"(42, 15)",taxation,6,0.25,False,True,False
68,160-2,58226.0,"(14, 42)",taxation,6,0.25,False,True,False
68,221-2,61458.5,"(20, 35)",taxation,6,0.25,False,True,False
68,90-2,58250.5,"(43, 12)",taxation,6,0.25,False,True,False
68,64-2,64647.0,"(41, 3)",taxation,6,0.25,False,True,False
68,102-2,45381.5,"(12, 17)",taxation,6,0.25,False,True,False
68,188-2,64676.5,"(13, 24)",taxation,6,0.25,False,True,False
68,92-2,71079.0,"(30, 19)",taxation,6,0.25,False,True,False
68,96-2,74309.5,"(14, 21)",taxation,6,0.25,False,True,False
68,107-2,71086.5,"(14, 24)",taxation,6,0.25,False,True,False
68,80-2,71078.5,"(36, 15)",taxation,6,0.25,False,True,False
68,237-2,51794.75,"(14, 20)",taxation,6,0.25,False,True,False
68,13-2,61448.25,"(43, 10)",taxation,6,0.25,False,True,False
68,104-2,61458.5,"(39, 11)",taxation,6,0.25,False,True,False
68,27-2,58222.75,"(38, 11)",taxation,6,0.25,False,True,False
68,248-2,64646.25,"(29, 20)",taxation,6,0.25,False,True,False
68,48-2,67844.0,"(29, 11)",taxation,6,0.25,False,True,False
68,57-2,58212.25,"(36, 16)",taxation,6,0.25,False,True,False
68,184-2,64631.25,"(29, 18)",taxation,6,0.25,False,True,False
68,30-2,74289.25,"(17, 41)",taxation,6,0.25,False,True,False
68,108-2,35698.25,"(17, 38)",taxation,6,0.25,False,True,False
68,166-2,61436.25,"(13, 20)",taxation,6,0.25,False,True,False
68,233-2,61447.25,"(14, 48)",taxation,6,0.25,False,True,False
68,69-2,71060.5,"(11, 13)",taxation,6,0.25,False,True,False
68,229-2,71115.25,"(21, 35)",taxation,6,0.25,False,True,False
68,236-2,64643.25,"(27, 31)",taxation,6,0.25,False,True,False
68,109-2,64661.5,"(30, 20)",taxation,6,0.25,False,True,False
68,235-2,64636.25,"(23, 14)",taxation,6,0.25,False,True,False
68,62-2,64656.5,"(11, 24)",taxation,6,0.25,False,True,False
68,89-2,67875.75,"(16, 49)",taxation,6,0.25,False,True,False
68,58-2,67827.5,"(17, 22)",taxation,6,0.25,False,True,False
68,61-2,77510.25,"(10, 27)",taxation,6,0.25,False,True,False
68,152-2,67865.25,"(23, 35)",taxation,6,0.25,False,True,False
68,124-2,61426.25,"(40, 0)",taxation,6,0.25,False,True,False
68,97-2,51766.75,"(10, 38)",taxation,6,0.25,False,True,False
68,232-2,38918.25,"(27, 32)",taxation,6,0.25,False,True,False
68,116-2,71078.5,"(29, 32)",taxation,6,0.25,False,True,False
68,37-2,67857.75,"(48, 19)",taxation,6,0.25,False,True,False
68,7-2,48582.5,"(16, 25)",taxation,6,0.25,False,True,False
68,26-2,51786.75,"(27, 37)",taxation,6,0.25,False,True,False
68,117-2,58219.5,"(20, 36)",taxation,6,0.25,False,True,False
68,82-2,67848.5,"(12, 48)",taxation,6,0.25,False,True,False
68,88-2,64645.0,"(14, 19)",taxation,6,0.25,False,True,False
68,59-2,58198.25,"(11, 17)",taxation,6,0.25,False,True,False
68,52-2,48568.25,"(28, 34)",taxation,6,0.25,False,True,False
68,194-2,58219.5,"(7, 16)",taxation,6,0.25,False,True,False
68,72-2,74272.5,"(15, 26)",taxation,6,0.25,False,True,False
68,199-2,74255.0,"(31, 19)",taxation,6,0.25,False,True,False
68,43-2,64631.75,"(28, 36)",taxation,6,0.25,False,True,False
68,128-2,71063.0,"(41, 2)",taxation,6,0.25,False,True,False
68,84-2,64641.5,"(3, 18)",taxation,6,0.25,False,True,False
68,114-2,74279.75,"(38, 14)",taxation,6,0.25,False,True,False
68,223-2,45321.0,"(3, 19)",taxation,6,0.25,False,True,False
68,123-2,74283.75,"(39, 8)",taxation,6,0.25,False,True,False
68,215-2,71050.5,"(29, 13)",taxation,6,0.25,False,True,False
68,127-2,67831.0,"(24, 13)",taxation,6,0.25,False,True,False
68,24-2,51777.5,"(40, 13)",taxation,6,0.25,False,True,False
68,136-2,51760.5,"(8, 33)",taxation,6,0.25,False,True,False
68,65-2,74262.25,"(10, 17)",taxation,6,0.25,False,True,False
68,14-2,16406.5,"(39, 12)",taxation,6,0.25,False,True,False
68,185-2,64635.5,"(25, 34)",taxation,6,0.25,False,True,False
68,77-2,54978.5,"(24, 33)",taxation,6,0.25,False,True,False
68,36-2,48547.25,"(29, 37)",taxation,6,0.25,False,True,False
68,190-2,64631.75,"(37, 13)",taxation,6,0.25,False,True,False
68,46-2,45337.0,"(35, 16)",taxation,6,0.25,False,True,False
68,218-2,74285.5,"(12, 49)",taxation,6,0.25,False,True,False
68,220-2,71056.0,"(23, 34)",taxation,6,0.25,False,True,False
68,224-2,54982.75,"(32, 17)",taxation,6,0.25,False,True,False
68,129-2,61421.0,"(8, 16)",taxation,6,0.25,False,True,False
68,157-2,61395.25,"(39, 13)",taxation,6,0.25,False,True,False
68,195-2,29249.25,"(25, 30)",taxation,6,0.25,False,True,False
68,8-2,64631.0,"(16, 38)",taxation,6,0.25,False,True,False
68,119-2,64617.0,"(4, 17)",taxation,6,0.25,False,True,False
68,99-2,61383.25,"(18, 15)",taxation,6,0.25,False,True,False
68,135-2,64621.75,"(10, 14)",taxation,6,0.25,False,True,False
68,47-2,45333.75,"(19, 44)",taxation,6,0.25,False,True,False
68,79-2,61397.25,"(15, 24)",taxation,6,0.25,False,True,False
68,87-2,64596.5,"(28, 15)",taxation,6,0.25,False,True,False
68,15-2,58202.75,"(25, 32)",taxation,6,0.25,False,True,False
68,29-2,64616.25,"(12, 24)",taxation,6,0.25,False,True,False
69,3,51844.0,"(13, 13)",taxation,6,0.25,False,True,False
69,9,73319.0,"(45, 4)",taxation,6,0.25,False,True,False
69,12,81858.0,"(44, 10)",taxation,6,0.25,False,True,False
69,20,81864.0,"(31, 23)",taxation,6,0.25,False,True,False
69,34,77591.0,"(20, 22)",taxation,6,0.25,False,True,False
69,35,86169.0,"(17, 29)",taxation,6,0.25,False,True,False
69,39,60432.0,"(19, 17)",taxation,6,0.25,False,True,False
69,44,56165.0,"(45, 7)",taxation,6,0.25,False,True,False
69,49,81881.0,"(19, 31)",taxation,6,0.25,False,True,False
69,66,94725.0,"(30, 36)",taxation,6,0.25,False,True,False
69,67,64720.0,"(24, 37)",taxation,6,0.25,False,True,False
69,70,90453.0,"(22, 20)",taxation,6,0.25,False,True,False
69,81,81895.0,"(46, 12)",taxation,6,0.25,False,True,False
69,93,39003.0,"(26, 19)",taxation,6,0.25,False,True,False
69,101,86191.0,"(14, 41)",taxation,6,0.25,False,True,False
69,105,77583.0,"(19, 26)",taxation,6,0.25,False,True,False
69,118,94731.0,"(20, 29)",taxation,6,0.25,False,True,False
69,126,86130.0,"(31, 33)",taxation,6,0.25,False,True,False
69,131,86176.0,"(17, 36)",taxation,6,0.25,False,True,False
69,138,90432.0,"(28, 28)",taxation,6,0.25,False,True,False
69,143,86137.0,"(15, 34)",taxation,6,0.25,False,True,False
69,150,73294.0,"(16, 19)",taxation,6,0.25,False,True,False
69,151,69002.0,"(18, 21)",taxation,6,0.25,False,True,False
69,153,43268.0,"(18, 27)",taxation,6,0.25,False,True,False
69,159,69021.0,"(25, 26)",taxation,6,0.25,False,True,False
69,171,86196.0,"(19, 30)",taxation,6,0.25,False,True,False
69,177,86185.0,"(43, 18)",taxation,6,0.25,False,True,False
69,181,86141.00000000001,"(46, 14)",taxation,6,0.25,False,True,False
69,191,98996.0,"(24, 31)",taxation,6,0.25,False,True,False
69,192,77608.0,"(26, 12)",taxation,6,0.25,False,True,False
69,197,68999.0,"(14, 27)",taxation,6,0.25,False,True,False
69,200,81850.0,"(19, 20)",taxation,6,0.25,False,True,False
69,204,94723.0,"(22, 34)",taxation,6,0.25,False,True,False
69,210,103272.0,"(13, 45)",taxation,6,0.25,False,True,False
69,211,56138.0,"(21, 14)",taxation,6,0.25,False,True,False
69,213,86178.0,"(19, 33)",taxation,6,0.25,False,True,False
69,216,94724.0,"(16, 16)",taxation,6,0.25,False,True,False
69,217,51873.0,"(22, 21)",taxation,6,0.25,False,True,False
69,222,86156.0,"(44, 14)",taxation,6,0.25,False,True,False
69,227,94718.0,"(25, 28)",taxation,6,0.25,False,True,False
69,230,69024.0,"(13, 39)",taxation,6,0.25,False,True,False
69,238,86182.0,"(31, 40)",taxation,6,0.25,False,True,False
69,239,86140.0,"(44, 12)",taxation,6,0.25,False,True,False
69,243,81877.0,"(30, 16)",taxation,6,0.25,False,True,False
69,244,99025.0,"(14, 14)",taxation,6,0.25,False,True,False
69,245,94741.0,"(11, 30)",taxation,6,0.25,False,True,False
69,219-2,75418.0,"(23, 22)",taxation,6,0.25,False,True,False
69,158-2,62557.0,"(47, 11)",taxation,6,0.25,False,True,False
69,139-2,77581.25,"(22, 30)",taxation,6,0.25,False,True,False
69,179-2,56178.5,"(47, 14)",taxation,6,0.25,False,True,False
69,28-2,59383.25,"(44, 7)",taxation,6,0.25,False,True,False
69,187-2,34713.0,"(26, 17)",taxation,6,0.25,False,True,False
69,146-2,26156.0,"(24, 29)",taxation,6,0.25,False,True,False
69,94-2,21874.0,"(19, 23)",taxation,6,0.25,False,True,False
69,154-2,30434.0,"(27, 23)",taxation,6,0.25,False,True,False
69,173-2,17590.0,"(18, 35)",taxation,6,0.25,False,True,False
69,240-2,21840.0,"(24, 30)",taxation,6,0.25,False,True,False
69,246-2,64723.0,"(11, 12)",taxation,6,0.25,False,True,False
69,98-2,34747.0,"(19, 28)",taxation,6,0.25,False,True,False
69,140-2,486.0,"(18, 26)",taxation,6,0.25,False,True,False
69,176-2,463.0,"(28, 25)",taxation,6,0.25,False,True,False
69,208-2,69000.25,"(32, 23)",taxation,6,0.25,False,True,False
69,170-2,59381.75,"(20, 24)",taxation,6,0.25,False,True,False
69,1-2,49707.25,"(14, 32)",taxation,6,0.25,False,True,False
69,23-2,70085.0,"(44, 3)",taxation,6,0.25,False,True,False
69,17-2,71147.5,"(46, 7)",taxation,6,0.25,False,True,False
69,31-2,77560.5,"(42, 9)",taxation,6,0.25,False,True,False
69,228-2,50812.0,"(31, 27)",taxation,6,0.25,False,True,False
69,149-2,58323.0,"(47, 9)",taxation,6,0.25,False,True,False
69,206-2,65808.25,"(20, 30)",taxation,6,0.25,False,True,False
69,242-2,29356.25,"(25, 27)",taxation,6,0.25,False,True,False
69,75-2,61521.0,"(20, 20)",taxation,6,0.25,False,True,False
69,74-2,75431.0,"(42, 13)",taxation,6,0.25,False,True,False
69,241-2,61499.5,"(26, 24)",taxation,6,0.25,False,True,False
69,42-2,48669.5,"(12, 43)",taxation,6,0.25,False,True,False
69,142-2,42207.75,"(24, 28)",taxation,6,0.25,False,True,False
69,172-2,71129.75,"(46, 6)",taxation,6,0.25,False,True,False
69,167-2,67927.75,"(28, 31)",taxation,6,0.25,False,True,False
69,38-2,67941.5,"(25, 37)",taxation,6,0.25,False,True,False
69,198-2,61515.5,"(11, 15)",taxation,6,0.25,False,True,False
69,0-2,45443.25,"(22, 31)",taxation,6,0.25,False,True,False
69,6-2,74371.0,"(20, 21)",taxation,6,0.25,False,True,False
69,76-2,64732.750000000015,"(17, 34)",taxation,6,0.25,False,True,False
69,144-2,64730.5,"(19, 34)",taxation,6,0.25,False,True,False
69,25-2,58278.0,"(8, 15)",taxation,6,0.25,False,True,False
69,40-2,71168.0,"(20, 28)",taxation,6,0.25,False,True,False
69,10-2,67917.25,"(28, 16)",taxation,6,0.25,False,True,False
69,180-2,64725.25,"(22, 28)",taxation,6,0.25,False,True,False
69,212-2,67909.75,"(22, 29)",taxation,6,0.25,False,True,False
69,63-2,61472.75,"(21, 21)",taxation,6,0.25,False,True,False
69,189-2,58296.5,"(14, 39)",taxation,6,0.25,False,True,False
69,54-2,64722.25,"(46, 8)",taxation,6,0.25,False,True,False
69,4-2,48627.25,"(43, 15)",taxation,6,0.25,False,True,False
69,83-2,71137.75,"(45, 11)",taxation,6,0.25,False,True,False
69,249-2,67941.0,"(20, 34)",taxation,6,0.25,False,True,False
69,22-2,74352.0,"(14, 28)",taxation,6,0.25,False,True,False
69,205-2,32566.75,"(26, 23)",taxation,6,0.25,False,True,False
69,156-2,48646.5,"(43, 6)",taxation,6,0.25,False,True,False
69,51-2,67928.5,"(15, 38)",taxation,6,0.25,False,True,False
69,133-2,58271.0,"(13, 42)",taxation,6,0.25,False,True,False
69,73-2,67926.25,"(18, 36)",taxation,6,0.25,False,True,False
69,56-2,64718.75,"(27, 22)",taxation,6,0.25,False,True,False
69,182-2,67923.25,"(15, 21)",taxation,6,0.25,False,True,False
69,71-2,71124.25,"(33, 22)",taxation,6,0.25,False,True,False
69,91-2,71120.75,"(18, 24)",taxation,6,0.25,False,True,False
69,226-2,64681.75,"(29, 24)",taxation,6,0.25,False,True,False
69,225-2,67911.75,"(20, 32)",taxation,6,0.25,False,True,False
69,148-2,51839.25,"(23, 20)",taxation,6,0.25,False,True,False
69,16-2,74347.5,"(31, 14)",taxation,6,0.25,False,True,False
69,111-2,71130.25,"(20, 26)",taxation,6,0.25,False,True,False
69,134-2,64703.0,"(46, 13)",taxation,6,0.25,False,True,False
69,168-2,71155.5,"(22, 32)",taxation,6,0.25,False,True,False
69,106-2,61509.75,"(23, 31)",taxation,6,0.25,False,True,False
69,162-2,67914.5,"(23, 30)",taxation,6,0.25,False,True,False
69,214-2,42171.0,"(29, 28)",taxation,6,0.25,False,True,False
69,110-2,74340.0,"(25, 24)",taxation,6,0.25,False,True,False
69,95-2,74344.5,"(25, 29)",taxation,6,0.25,False,True,False
69,122-2,55048.25,"(14, 44)",taxation,6,0.25,False,True,False
69,231-2,42176.75,"(19, 19)",taxation,6,0.25,False,True,False
69,100-2,64704.75,"(26, 26)",taxation,6,0.25,False,True,False
69,141-2,51844.5,"(17, 23)",taxation,6,0.25,False,True,False
69,165-2,77543.0,"(44, 4)",taxation,6,0.25,False,True,False
69,186-2,61488.25,"(29, 25)",taxation,6,0.25,False,True,False
69,201-2,45374.25,"(43, 1)",taxation,6,0.25,False,True,False
69,21-2,61489.25,"(28, 23)",taxation,6,0.25,False,True,False
69,183-2,45413.75,"(14, 16)",taxation,6,0.25,False,True,False
69,203-2,77533.25,"(44, 9)",taxation,6,0.25,False,True,False
69,32-2,71112.75,"(45, 8)",taxation,6,0.25,False,True,False
69,115-2,71114.75,"(21, 24)",taxation,6,0.25,False,True,False
69,169-2,51839.0,"(30, 22)",taxation,6,0.25,False,True,False
69,78-2,61483.25,"(13, 44)",taxation,6,0.25,False,True,False
69,137-2,58258.5,"(28, 20)",taxation,6,0.25,False,True,False
69,55-2,71103.25,"(43, 17)",taxation,6,0.25,False,True,False
69,112-2,71115.5,"(12, 14)",taxation,6,0.25,False,True,False
69,193-2,58276.5,"(26, 27)",taxation,6,0.25,False,True,False
69,50-2,74324.5,"(22, 33)",taxation,6,0.25,False,True,False
69,53-2,42182.25,"(17, 18)",taxation,6,0.25,False,True,False
69,5-2,29306.5,"(28, 24)",taxation,6,0.25,False,True,False
69,247-2,58255.0,"(44, 6)",taxation,6,0.25,False,True,False
69,147-2,64694.75,"(28, 18)",taxation,6,0.25,False,True,False
69,145-2,67899.0,"(16, 20)",taxation,6,0.25,False,True,False
69,207-2,51805.75,"(27, 24)",taxation,6,0.25,False,True,False
69,120-2,74305.0,"(27, 17)",taxation,6,0.25,False,True,False
69,125-2,71117.0,"(23, 21)",taxation,6,0.25,False,True,False
69,41-2,71129.0,"(14, 25)",taxation,6,0.25,False,True,False
69,209-2,74329.5,"(28, 22)",taxation,6,0.25,False,True,False
69,113-2,67892.75,"(21, 34)",taxation,6,0.25,False,True,False
69,68-2,55047.75,"(11, 31)",taxation,6,0.25,False,True,False
69,161-2,55043.0,"(15, 39)",taxation,6,0.25,False,True,False
69,175-2,55037.5,"(28, 27)",taxation,6,0.25,False,True,False
69,85-2,58263.0,"(21, 32)",taxation,6,0.25,False,True,False
69,234-2,67875.5,"(18, 32)",taxation,6,0.25,False,True,False
69,45-2,67887.75,"(18, 19)",taxation,6,0.25,False,True,False
69,196-2,45407.0,"(19, 24)",taxation,6,0.25,False,True,False
69,174-2,71108.5,"(21, 29)",taxation,6,0.25,False,True,False
69,103-2,64664.5,"(29, 30)",taxation,6,0.25,False,True,False
69,33-2,51825.25,"(24, 16)",taxation,6,0.25,False,True,False
69,19-2,67876.0,"(25, 23)",taxation,6,0.25,False,True,False
69,130-2,71095.5,"(43, 11)",taxation,6,0.25,False,True,False
69,155-2,67916.25,"(18, 18)",taxation,6,0.25,False,True,False
69,86-2,64676.0,"(15, 15)",taxation,6,0.25,False,True,False
69,164-2,67896.25,"(45, 14)",taxation,6,0.25,False,True,False
69,2-2,64678.75,"(17, 33)",taxation,6,0.25,False,True,False
69,11-2,51789.25,"(18, 23)",taxation,6,0.25,False,True,False
69,202-2,74298.0,"(41, 15)",taxation,6,0.25,False,True,False
69,121-2,64694.0,"(17, 20)",taxation,6,0.25,False,True,False
69,163-2,77540.0,"(18, 34)",taxation,6,0.25,False,True,False
69,18-2,74316.75,"(31, 41)",taxation,6,0.25,False,True,False
69,132-2,71085.75,"(47, 10)",taxation,6,0.25,False,True,False
69,160-2,58234.0,"(13, 40)",taxation,6,0.25,False,True,False
69,221-2,61466.5,"(20, 33)",taxation,6,0.25,False,True,False
69,90-2,58258.5,"(46, 9)",taxation,6,0.25,False,True,False
69,64-2,64655.0,"(45, 5)",taxation,6,0.25,False,True,False
69,102-2,45390.5,"(18, 20)",taxation,6,0.25,False,True,False
69,188-2,64683.5,"(14, 26)",taxation,6,0.25,False,True,False
69,92-2,71087.0,"(28, 21)",taxation,6,0.25,False,True,False
69,96-2,74318.5,"(20, 25)",taxation,6,0.25,False,True,False
69,107-2,71095.5,"(19, 27)",taxation,6,0.25,False,True,False
69,80-2,71084.5,"(37, 19)",taxation,6,0.25,False,True,False
69,237-2,51802.75,"(18, 22)",taxation,6,0.25,False,True,False
69,13-2,61456.25,"(47, 6)",taxation,6,0.25,False,True,False
69,104-2,61466.5,"(44, 11)",taxation,6,0.25,False,True,False
69,27-2,58230.75,"(43, 13)",taxation,6,0.25,False,True,False
69,248-2,64654.25,"(27, 25)",taxation,6,0.25,False,True,False
69,48-2,67851.0,"(25, 16)",taxation,6,0.25,False,True,False
69,57-2,58218.25,"(38, 20)",taxation,6,0.25,False,True,False
69,184-2,64639.25,"(24, 23)",taxation,6,0.25,False,True,False
69,30-2,74297.25,"(16, 39)",taxation,6,0.25,False,True,False
69,108-2,35707.25,"(18, 33)",taxation,6,0.25,False,True,False
69,166-2,61445.25,"(19, 25)",taxation,6,0.25,False,True,False
69,233-2,61454.25,"(9, 46)",taxation,6,0.25,False,True,False
69,69-2,71067.5,"(16, 15)",taxation,6,0.25,False,True,False
69,229-2,71123.25,"(21, 33)",taxation,6,0.25,False,True,False
69,236-2,64651.25,"(24, 27)",taxation,6,0.25,False,True,False
69,109-2,64669.5,"(27, 21)",taxation,6,0.25,False,True,False
69,235-2,64644.25,"(19, 18)",taxation,6,0.25,False,True,False
69,62-2,64664.5,"(17, 25)",taxation,6,0.25,False,True,False
69,89-2,67882.75,"(12, 44)",taxation,6,0.25,False,True,False
69,58-2,67835.5,"(19, 22)",taxation,6,0.25,False,True,False
69,61-2,77518.25,"(15, 33)",taxation,6,0.25,False,True,False
69,152-2,67873.25,"(20, 31)",taxation,6,0.25,False,True,False
69,124-2,61434.25,"(46, 4)",taxation,6,0.25,False,True,False
69,97-2,51774.75,"(10, 40)",taxation,6,0.25,False,True,False
69,232-2,38926.25,"(29, 27)",taxation,6,0.25,False,True,False
69,116-2,71086.5,"(28, 29)",taxation,6,0.25,False,True,False
69,37-2,67865.75,"(45, 13)",taxation,6,0.25,False,True,False
69,7-2,48591.5,"(18, 25)",taxation,6,0.25,False,True,False
69,26-2,51793.75,"(23, 37)",taxation,6,0.25,False,True,False
69,117-2,58228.5,"(18, 30)",taxation,6,0.25,False,True,False
69,82-2,67855.5,"(12, 45)",taxation,6,0.25,False,True,False
69,88-2,64653.0,"(19, 21)",taxation,6,0.25,False,True,False
69,59-2,58205.25,"(15, 23)",taxation,6,0.25,False,True,False
69,52-2,48577.25,"(23, 29)",taxation,6,0.25,False,True,False
69,194-2,58225.5,"(13, 14)",taxation,6,0.25,False,True,False
69,72-2,74280.5,"(18, 28)",taxation,6,0.25,False,True,False
69,199-2,74263.0,"(27, 20)",taxation,6,0.25,False,True,False
69,43-2,64640.75,"(23, 32)",taxation,6,0.25,False,True,False
69,128-2,71071.0,"(44, 5)",taxation,6,0.25,False,True,False
69,84-2,64645.5,"(9, 19)",taxation,6,0.25,False,True,False
69,114-2,74287.75,"(43, 14)",taxation,6,0.25,False,True,False
69,223-2,45325.0,"(8, 17)",taxation,6,0.25,False,True,False
69,123-2,74292.75,"(45, 10)",taxation,6,0.25,False,True,False
69,215-2,71057.5,"(26, 16)",taxation,6,0.25,False,True,False
69,127-2,67839.0,"(27, 18)",taxation,6,0.25,False,True,False
69,24-2,51785.5,"(44, 13)",taxation,6,0.25,False,True,False
69,136-2,51768.5,"(13, 35)",taxation,6,0.25,False,True,False
69,65-2,74268.25,"(15, 16)",taxation,6,0.25,False,True,False
69,14-2,16414.5,"(45, 12)",taxation,6,0.25,False,True,False
69,185-2,64643.5,"(21, 30)",taxation,6,0.25,False,True,False
69,77-2,54987.5,"(19, 29)",taxation,6,0.25,False,True,False
69,36-2,48555.25,"(25, 35)",taxation,6,0.25,False,True,False
69,190-2,64638.75,"(42, 18)",taxation,6,0.25,False,True,False
69,46-2,45343.0,"(34, 20)",taxation,6,0.25,False,True,False
69,218-2,74292.5,"(11, 46)",taxation,6,0.25,False,True,False
69,220-2,71065.0,"(19, 32)",taxation,6,0.25,False,True,False
69,224-2,54989.75,"(26, 18)",taxation,6,0.25,False,True,False
69,129-2,61427.0,"(14, 12)",taxation,6,0.25,False,True,False
69,157-2,61403.25,"(45, 9)",taxation,6,0.25,False,True,False
69,195-2,29257.25,"(23, 28)",taxation,6,0.25,False,True,False
69,8-2,64639.0,"(16, 37)",taxation,6,0.25,False,True,False
69,119-2,64621.0,"(8, 14)",taxation,6,0.25,False,True,False
69,99-2,61391.25,"(20, 19)",taxation,6,0.25,False,True,False
69,135-2,64628.75,"(14, 17)",taxation,6,0.25,False,True,False
69,47-2,45341.75,"(15, 40)",taxation,6,0.25,False,True,False
69,79-2,61405.25,"(17, 27)",taxation,6,0.25,False,True,False
69,87-2,64604.5,"(26, 20)",taxation,6,0.25,False,True,False
69,15-2,58210.75,"(21, 31)",taxation,6,0.25,False,True,False
69,29-2,64624.25,"(17, 26)",taxation,6,0.25,False,True,False
69,178-2,71057.25,"(46, 11)",taxation,6,0.25,False,True,False
69,60-2,67829.25,"(13, 41)",taxation,6,0.25,False,True,False
70,3,51851.0,"(16, 13)",taxation,6,0.25,False,True,False
70,9,73327.0,"(47, 4)",taxation,6,0.25,False,True,False
70,12,81866.0,"(48, 8)",taxation,6,0.25,False,True,False
70,20,81872.0,"(34, 27)",taxation,6,0.25,False,True,False
70,35,86178.0,"(21, 26)",taxation,6,0.25,False,True,False
70,39,60439.0,"(18, 14)",taxation,6,0.25,False,True,False
70,44,56173.0,"(47, 7)",taxation,6,0.25,False,True,False
70,66,94732.0,"(31, 36)",taxation,6,0.25,False,True,False
70,67,64727.0,"(27, 41)",taxation,6,0.25,False,True,False
70,70,90462.0,"(22, 24)",taxation,6,0.25,False,True,False
70,93,39011.0,"(25, 19)",taxation,6,0.25,False,True,False
70,101,86199.0,"(12, 41)",taxation,6,0.25,False,True,False
70,105,77591.0,"(25, 22)",taxation,6,0.25,False,True,False
70,126,86138.0,"(28, 30)",taxation,6,0.25,False,True,False
70,131,86184.0,"(11, 38)",taxation,6,0.25,False,True,False
70,138,90441.0,"(26, 25)",taxation,6,0.25,False,True,False
70,143,86146.0,"(15, 35)",taxation,6,0.25,False,True,False
70,150,73301.0,"(17, 16)",taxation,6,0.25,False,True,False
70,151,69010.0,"(21, 22)",taxation,6,0.25,False,True,False
70,153,43277.0,"(21, 27)",taxation,6,0.25,False,True,False
70,159,69028.0,"(31, 25)",taxation,6,0.25,False,True,False
70,171,86199.0,"(13, 29)",taxation,6,0.25,False,True,False
70,177,86193.0,"(47, 18)",taxation,6,0.25,False,True,False
70,181,86149.00000000001,"(49, 18)",taxation,6,0.25,False,True,False
70,191,99004.0,"(29, 29)",taxation,6,0.25,False,True,False
70,197,69007.0,"(12, 32)",taxation,6,0.25,False,True,False
70,200,81857.0,"(17, 14)",taxation,6,0.25,False,True,False
70,204,94731.0,"(22, 39)",taxation,6,0.25,False,True,False
70,210,103280.0,"(11, 43)",taxation,6,0.25,False,True,False
70,211,56146.0,"(21, 15)",taxation,6,0.25,False,True,False
70,213,86182.0,"(14, 38)",taxation,6,0.25,False,True,False
70,216,94733.0,"(22, 22)",taxation,6,0.25,False,True,False
70,217,51882.0,"(22, 23)",taxation,6,0.25,False,True,False
70,222,86164.0,"(47, 17)",taxation,6,0.25,False,True,False
70,227,94726.0,"(28, 26)",taxation,6,0.25,False,True,False
70,230,69032.0,"(12, 38)",taxation,6,0.25,False,True,False
70,238,86189.0,"(32, 40)",taxation,6,0.25,False,True,False
70,239,86148.0,"(48, 15)",taxation,6,0.25,False,True,False
70,243,81885.0,"(25, 17)",taxation,6,0.25,False,True,False
70,244,99033.0,"(20, 16)",taxation,6,0.25,False,True,False
70,245,94750.0,"(13, 36)",taxation,6,0.25,False,True,False
70,219-2,75426.0,"(24, 21)",taxation,6,0.25,False,True,False
70,158-2,62565.0,"(49, 11)",taxation,6,0.25,False,True,False
70,139-2,77590.25,"(22, 26)",taxation,6,0.25,False,True,False
70,179-2,56186.5,"(48, 14)",taxation,6,0.25,False,True,False
70,28-2,59391.25,"(48, 7)",taxation,6,0.25,False,True,False
70,187-2,34720.0,"(24, 15)",taxation,6,0.25,False,True,False
70,146-2,26165.0,"(24, 26)",taxation,6,0.25,False,True,False
70,94-2,21882.0,"(22, 19)",taxation,6,0.25,False,True,False
70,154-2,30442.0,"(32, 25)",taxation,6,0.25,False,True,False
70,173-2,17599.0,"(16, 35)",taxation,6,0.25,False,True,False
70,240-2,21842.0,"(29, 33)",taxation,6,0.25,False,True,False
70,246-2,64730.0,"(15, 12)",taxation,6,0.25,False,True,False
70,98-2,34755.0,"(16, 30)",taxation,6,0.25,False,True,False
70,140-2,495.0,"(22, 25)",taxation,6,0.25,False,True,False
70,176-2,471.0,"(33, 26)",taxation,6,0.25,False,True,False
70,208-2,69008.25,"(33, 24)",taxation,6,0.25,False,True,False
70,170-2,59383.75,"(15, 27)",taxation,6,0.25,False,True,False
70,1-2,49715.25,"(11, 36)",taxation,6,0.25,False,True,False
70,23-2,70093.0,"(46, 5)",taxation,6,0.25,False,True,False
70,17-2,71154.5,"(42, 6)",taxation,6,0.25,False,True,False
70,31-2,77568.5,"(47, 8)",taxation,6,0.25,False,True,False
70,228-2,50820.0,"(32, 27)",taxation,6,0.25,False,True,False
70,149-2,58331.0,"(48, 9)",taxation,6,0.25,False,True,False
70,206-2,65811.25,"(14, 35)",taxation,6,0.25,False,True,False
70,242-2,29363.25,"(31, 21)",taxation,6,0.25,False,True,False
70,75-2,61529.0,"(21, 17)",taxation,6,0.25,False,True,False
70,74-2,75439.0,"(48, 17)",taxation,6,0.25,False,True,False
70,241-2,61501.5,"(32, 24)",taxation,6,0.25,False,True,False
70,42-2,48677.5,"(10, 44)",taxation,6,0.25,False,True,False
70,142-2,42209.75,"(30, 29)",taxation,6,0.25,False,True,False
70,172-2,71137.75,"(49, 5)",taxation,6,0.25,False,True,False
70,167-2,67935.75,"(33, 27)",taxation,6,0.25,False,True,False
70,38-2,67948.5,"(28, 42)",taxation,6,0.25,False,True,False
70,198-2,61522.5,"(15, 13)",taxation,6,0.25,False,True,False
70,0-2,45451.25,"(17, 31)",taxation,6,0.25,False,True,False
70,6-2,74379.0,"(22, 18)",taxation,6,0.25,False,True,False
70,76-2,64740.750000000015,"(20, 39)",taxation,6,0.25,False,True,False
70,144-2,64735.5,"(20, 40)",taxation,6,0.25,False,True,False
70,25-2,58284.0,"(12, 13)",taxation,6,0.25,False,True,False
70,40-2,71170.0,"(15, 29)",taxation,6,0.25,False,True,False
70,10-2,67925.25,"(25, 18)",taxation,6,0.25,False,True,False
70,180-2,64734.25,"(23, 26)",taxation,6,0.25,False,True,False
70,212-2,67917.75,"(26, 31)",taxation,6,0.25,False,True,False
70,63-2,61481.75,"(21, 23)",taxation,6,0.25,False,True,False
70,189-2,58305.5,"(12, 39)",taxation,6,0.25,False,True,False
70,54-2,64729.25,"(45, 6)",taxation,6,0.25,False,True,False
70,4-2,48635.25,"(48, 16)",taxation,6,0.25,False,True,False
70,83-2,71145.75,"(49, 14)",taxation,6,0.25,False,True,False
70,249-2,67949.0,"(22, 38)",taxation,6,0.25,False,True,False
70,22-2,74360.0,"(11, 32)",taxation,6,0.25,False,True,False
70,205-2,32568.75,"(31, 22)",taxation,6,0.25,False,True,False
70,156-2,48654.5,"(48, 6)",taxation,6,0.25,False,True,False
70,51-2,67936.5,"(13, 38)",taxation,6,0.25,False,True,False
70,133-2,58279.0,"(12, 42)",taxation,6,0.25,False,True,False
70,73-2,67935.25,"(17, 35)",taxation,6,0.25,False,True,False
70,56-2,64726.75,"(25, 21)",taxation,6,0.25,False,True,False
70,182-2,67931.25,"(21, 16)",taxation,6,0.25,False,True,False
70,71-2,71132.25,"(34, 23)",taxation,6,0.25,False,True,False
70,91-2,71127.75,"(12, 29)",taxation,6,0.25,False,True,False
70,226-2,64688.75,"(34, 26)",taxation,6,0.25,False,True,False
70,225-2,67920.75,"(15, 37)",taxation,6,0.25,False,True,False
70,148-2,51848.25,"(23, 23)",taxation,6,0.25,False,True,False
70,16-2,74354.5,"(30, 15)",taxation,6,0.25,False,True,False
70,111-2,71133.25,"(14, 29)",taxation,6,0.25,False,True,False
70,134-2,64711.0,"(47, 12)",taxation,6,0.25,False,True,False
70,168-2,71158.5,"(23, 38)",taxation,6,0.25,False,True,False
70,106-2,61512.75,"(28, 37)",taxation,6,0.25,False,True,False
70,162-2,67923.5,"(22, 27)",taxation,6,0.25,False,True,False
70,214-2,42179.0,"(30, 28)",taxation,6,0.25,False,True,False
70,110-2,74349.0,"(25, 25)",taxation,6,0.25,False,True,False
70,95-2,74352.5,"(31, 26)",taxation,6,0.25,False,True,False
70,122-2,55056.25,"(15, 41)",taxation,6,0.25,False,True,False
70,231-2,42183.75,"(22, 14)",taxation,6,0.25,False,True,False
70,100-2,64712.75,"(31, 24)",taxation,6,0.25,False,True,False
70,141-2,51852.5,"(21, 20)",taxation,6,0.25,False,True,False
70,165-2,77550.0,"(43, 4)",taxation,6,0.25,False,True,False
70,186-2,61496.25,"(30, 24)",taxation,6,0.25,False,True,False
70,201-2,45382.25,"(47, 3)",taxation,6,0.25,False,True,False
70,21-2,61497.25,"(33, 25)",taxation,6,0.25,False,True,False
70,183-2,45420.75,"(16, 14)",taxation,6,0.25,False,True,False
70,203-2,77541.25,"(49, 8)",taxation,6,0.25,False,True,False
70,32-2,71120.75,"(49, 7)",taxation,6,0.25,False,True,False
70,115-2,71116.75,"(15, 28)",taxation,6,0.25,False,True,False
70,169-2,51846.0,"(35, 21)",taxation,6,0.25,False,True,False
70,78-2,61491.25,"(11, 42)",taxation,6,0.25,False,True,False
70,137-2,58266.5,"(24, 19)",taxation,6,0.25,False,True,False
70,55-2,71111.25,"(49, 17)",taxation,6,0.25,False,True,False
70,112-2,71122.5,"(15, 14)",taxation,6,0.25,False,True,False
70,193-2,58284.5,"(30, 26)",taxation,6,0.25,False,True,False
70,50-2,74328.5,"(27, 39)",taxation,6,0.25,False,True,False
70,53-2,42190.25,"(20, 17)",taxation,6,0.25,False,True,False
70,5-2,29314.5,"(32, 26)",taxation,6,0.25,False,True,False
70,247-2,58263.0,"(48, 3)",taxation,6,0.25,False,True,False
70,147-2,64701.75,"(29, 15)",taxation,6,0.25,False,True,False
70,145-2,67907.0,"(22, 16)",taxation,6,0.25,False,True,False
70,207-2,51812.75,"(33, 30)",taxation,6,0.25,False,True,False
70,120-2,74313.0,"(24, 17)",taxation,6,0.25,False,True,False
70,125-2,71124.0,"(29, 16)",taxation,6,0.25,False,True,False
70,41-2,71138.0,"(20, 27)",taxation,6,0.25,False,True,False
70,209-2,74337.5,"(29, 23)",taxation,6,0.25,False,True,False
70,113-2,67897.75,"(22, 40)",taxation,6,0.25,False,True,False
70,68-2,55055.75,"(11, 35)",taxation,6,0.25,False,True,False
70,161-2,55051.0,"(14, 40)",taxation,6,0.25,False,True,False
70,175-2,55046.5,"(24, 25)",taxation,6,0.25,False,True,False
70,85-2,58267.0,"(19, 38)",taxation,6,0.25,False,True,False
70,234-2,67883.5,"(17, 30)",taxation,6,0.25,False,True,False
70,45-2,67895.75,"(22, 17)",taxation,6,0.25,False,True,False
70,196-2,45415.0,"(21, 18)",taxation,6,0.25,False,True,False
70,174-2,71110.5,"(16, 31)",taxation,6,0.25,False,True,False
70,103-2,64672.5,"(33, 29)",taxation,6,0.25,False,True,False
70,33-2,51833.25,"(23, 16)",taxation,6,0.25,False,True,False
70,19-2,67885.0,"(24, 24)",taxation,6,0.25,False,True,False
70,130-2,71103.5,"(48, 11)",taxation,6,0.25,False,True,False
70,155-2,67923.25,"(18, 13)",taxation,6,0.25,False,True,False
70,86-2,64684.0,"(20, 15)",taxation,6,0.25,False,True,False
70,164-2,67904.25,"(47, 13)",taxation,6,0.25,False,True,False
70,2-2,64686.75,"(12, 36)",taxation,6,0.25,False,True,False
70,11-2,51797.25,"(23, 18)",taxation,6,0.25,False,True,False
70,202-2,74305.0,"(41, 17)",taxation,6,0.25,False,True,False
70,121-2,64699.0,"(12, 19)",taxation,6,0.25,False,True,False
70,163-2,77548.0,"(15, 32)",taxation,6,0.25,False,True,False
70,18-2,74323.75,"(32, 41)",taxation,6,0.25,False,True,False
70,132-2,71093.75,"(49, 16)",taxation,6,0.25,False,True,False
70,160-2,58243.0,"(14, 37)",taxation,6,0.25,False,True,False
70,221-2,61474.5,"(14, 33)",taxation,6,0.25,False,True,False
70,90-2,58266.5,"(49, 4)",taxation,6,0.25,False,True,False
70,64-2,64663.0,"(47, 5)",taxation,6,0.25,False,True,False
70,102-2,45398.5,"(20, 18)",taxation,6,0.25,False,True,False
70,188-2,64691.5,"(16, 29)",taxation,6,0.25,False,True,False
70,92-2,71095.0,"(24, 20)",taxation,6,0.25,False,True,False
70,96-2,74327.5,"(21, 25)",taxation,6,0.25,False,True,False
70,107-2,71098.5,"(13, 28)",taxation,6,0.25,False,True,False
70,80-2,71092.5,"(34, 24)",taxation,6,0.25,False,True,False
70,237-2,51810.75,"(23, 17)",taxation,6,0.25,False,True,False
70,13-2,61464.25,"(49, 6)",taxation,6,0.25,False,True,False
70,104-2,61474.5,"(49, 10)",taxation,6,0.25,False,True,False
70,27-2,58238.75,"(46, 10)",taxation,6,0.25,False,True,False
70,248-2,64662.25,"(29, 26)",taxation,6,0.25,False,True,False
70,48-2,67858.0,"(25, 14)",taxation,6,0.25,False,True,False
70,57-2,58226.25,"(35, 23)",taxation,6,0.25,False,True,False
70,184-2,64640.25,"(27, 26)",taxation,6,0.25,False,True,False
70,30-2,74305.25,"(16, 41)",taxation,6,0.25,False,True,False
70,108-2,35716.25,"(15, 36)",taxation,6,0.25,False,True,False
70,166-2,61453.25,"(23, 19)",taxation,6,0.25,False,True,False
70,233-2,61462.25,"(8, 46)",taxation,6,0.25,False,True,False
70,69-2,71075.5,"(19, 15)",taxation,6,0.25,False,True,False
70,229-2,71126.25,"(20, 38)",taxation,6,0.25,False,True,False
70,236-2,64659.25,"(24, 22)",taxation,6,0.25,False,True,False
70,109-2,64677.5,"(26, 22)",taxation,6,0.25,False,True,False
70,235-2,64651.25,"(19, 13)",taxation,6,0.25,False,True,False
70,62-2,64672.5,"(16, 27)",taxation,6,0.25,False,True,False
70,89-2,67890.75,"(10, 42)",taxation,6,0.25,False,True,False
70,58-2,67839.5,"(13, 21)",taxation,6,0.25,False,True,False
70,61-2,77525.25,"(12, 30)",taxation,6,0.25,False,True,False
70,152-2,67882.25,"(21, 28)",taxation,6,0.25,False,True,False
70,124-2,61442.25,"(48, 4)",taxation,6,0.25,False,True,False
70,97-2,51783.75,"(10, 41)",taxation,6,0.25,False,True,False
70,232-2,38934.25,"(30, 27)",taxation,6,0.25,False,True,False
70,116-2,71094.5,"(33, 28)",taxation,6,0.25,False,True,False
70,37-2,67873.75,"(49, 13)",taxation,6,0.25,False,True,False
70,7-2,48598.5,"(13, 25)",taxation,6,0.25,False,True,False
70,26-2,51800.75,"(20, 41)",taxation,6,0.25,False,True,False
70,117-2,58235.5,"(13, 30)",taxation,6,0.25,False,True,False
70,82-2,67864.5,"(11, 40)",taxation,6,0.25,False,True,False
70,88-2,64660.0,"(23, 15)",taxation,6,0.25,False,True,False
70,59-2,58213.25,"(16, 26)",taxation,6,0.25,False,True,False
70,52-2,48579.25,"(29, 31)",taxation,6,0.25,False,True,False
70,194-2,58233.5,"(19, 14)",taxation,6,0.25,False,True,False
70,72-2,74288.5,"(16, 28)",taxation,6,0.25,False,True,False
70,199-2,74271.0,"(26, 21)",taxation,6,0.25,False,True,False
70,43-2,64649.75,"(23, 27)",taxation,6,0.25,False,True,False
70,128-2,71079.0,"(48, 5)",taxation,6,0.25,False,True,False
70,84-2,64652.5,"(15, 20)",taxation,6,0.25,False,True,False
70,114-2,74295.75,"(47, 16)",taxation,6,0.25,False,True,False
70,223-2,45331.0,"(13, 12)",taxation,6,0.25,False,True,False
70,123-2,74300.75,"(48, 10)",taxation,6,0.25,False,True,False
70,215-2,71065.5,"(24, 18)",taxation,6,0.25,False,True,False
70,127-2,67847.0,"(25, 20)",taxation,6,0.25,False,True,False
70,24-2,51793.5,"(49, 15)",taxation,6,0.25,False,True,False
70,136-2,51776.5,"(11, 37)",taxation,6,0.25,False,True,False
70,65-2,74276.25,"(19, 16)",taxation,6,0.25,False,True,False
70,14-2,16422.5,"(49, 12)",taxation,6,0.25,False,True,False
70,185-2,64651.5,"(15, 31)",taxation,6,0.25,False,True,False
70,77-2,54994.5,"(13, 26)",taxation,6,0.25,False,True,False
70,36-2,48562.25,"(19, 41)",taxation,6,0.25,False,True,False
70,190-2,64646.75,"(48, 18)",taxation,6,0.25,False,True,False
70,46-2,45351.0,"(34, 25)",taxation,6,0.25,False,True,False
70,218-2,74300.5,"(9, 45)",taxation,6,0.25,False,True,False
70,220-2,71074.0,"(16, 36)",taxation,6,0.25,False,True,False
70,224-2,54998.75,"(23, 24)",taxation,6,0.25,False,True,False
70,129-2,61435.0,"(20, 14)",taxation,6,0.25,False,True,False
70,157-2,61411.25,"(49, 9)",taxation,6,0.25,False,True,False
70,195-2,29258.25,"(25, 30)",taxation,6,0.25,False,True,False
70,8-2,64647.0,"(19, 39)",taxation,6,0.25,False,True,False
70,119-2,64627.0,"(12, 12)",taxation,6,0.25,False,True,False
70,99-2,61399.25,"(21, 19)",taxation,6,0.25,False,True,False
70,135-2,64637.75,"(20, 23)",taxation,6,0.25,False,True,False
70,47-2,45349.75,"(12, 40)",taxation,6,0.25,False,True,False
70,79-2,61413.25,"(12, 31)",taxation,6,0.25,False,True,False
70,87-2,64611.5,"(30, 17)",taxation,6,0.25,False,True,False
70,15-2,58219.75,"(23, 25)",taxation,6,0.25,False,True,False
70,29-2,64632.25,"(13, 31)",taxation,6,0.25,False,True,False
70,178-2,71065.25,"(48, 12)",taxation,6,0.25,False,True,False
70,60-2,67837.25,"(11, 41)",taxation,6,0.25,False,True,False
70,192-2,58212.0,"(22, 15)",taxation,6,0.25,False,True,False
70,49-2,61417.5,"(14, 36)",taxation,6,0.25,False,True,False
70,81-2,61427.25,"(48, 13)",taxation,6,0.25,False,True,False
70,118-2,71050.5,"(14, 31)",taxation,6,0.25,False,True,False
70,34-2,58197.0,"(14, 18)",taxation,6,0.25,False,True,False
71,3,51858.0,"(15, 9)",taxation,6,0.25,False,True,False
71,9,73335.0,"(47, 0)",taxation,6,0.25,False,True,False
71,12,81874.0,"(45, 3)",taxation,6,0.25,False,True,False
71,20,81880.0,"(36, 25)",taxation,6,0.25,False,True,False
71,35,86180.0,"(16, 24)",taxation,6,0.25,False,True,False
71,44,56181.0,"(43, 2)",taxation,6,0.25,False,True,False
71,66,94740.0,"(32, 37)",taxation,6,0.25,False,True,False
71,67,64735.0,"(33, 38)",taxation,6,0.25,False,True,False
71,70,90464.0,"(17, 22)",taxation,6,0.25,False,True,False
71,93,39015.0,"(30, 13)",taxation,6,0.25,False,True,False
71,101,86208.0,"(8, 47)",taxation,6,0.25,False,True,False
71,105,77593.0,"(27, 19)",taxation,6,0.25,False,True,False
71,126,86146.0,"(34, 36)",taxation,6,0.25,False,True,False
71,138,90444.0,"(31, 28)",taxation,6,0.25,False,True,False
71,143,86152.0,"(9, 35)",taxation,6,0.25,False,True,False
71,150,73308.0,"(13, 11)",taxation,6,0.25,False,True,False
71,151,69013.0,"(15, 19)",taxation,6,0.25,False,True,False
71,153,43279.0,"(17, 28)",taxation,6,0.25,False,True,False
71,159,69033.0,"(36, 27)",taxation,6,0.25,False,True,False
71,171,86206.0,"(7, 31)",taxation,6,0.25,False,True,False
71,181,86157.00000000001,"(49, 19)",taxation,6,0.25,False,True,False
71,191,99012.0,"(32, 33)",taxation,6,0.25,False,True,False
71,197,69015.0,"(10, 31)",taxation,6,0.25,False,True,False
71,200,81865.0,"(17, 12)",taxation,6,0.25,False,True,False
71,204,94739.0,"(17, 44)",taxation,6,0.25,False,True,False
71,210,103289.0,"(8, 49)",taxation,6,0.25,False,True,False
71,213,86189.0,"(16, 44)",taxation,6,0.25,False,True,False
71,216,94737.0,"(18, 16)",taxation,6,0.25,False,True,False
71,217,51884.0,"(17, 21)",taxation,6,0.25,False,True,False
71,222,86172.0,"(45, 19)",taxation,6,0.25,False,True,False
71,227,94730.0,"(34, 29)",taxation,6,0.25,False,True,False
71,230,69040.0,"(9, 37)",taxation,6,0.25,False,True,False
71,238,86197.0,"(33, 37)",taxation,6,0.25,False,True,False
71,239,86156.0,"(42, 20)",taxation,6,0.25,False,True,False
71,243,81889.0,"(25, 11)",taxation,6,0.25,False,True,False
71,244,99041.0,"(20, 13)",taxation,6,0.25,False,True,False
71,219-2,75428.0,"(28, 19)",taxation,6,0.25,False,True,False
71,158-2,62573.0,"(46, 17)",taxation,6,0.25,False,True,False
71,139-2,77592.25,"(26, 30)",taxation,6,0.25,False,True,False
71,179-2,56194.5,"(45, 18)",taxation,6,0.25,False,True,False
71,28-2,59399.25,"(45, 1)",taxation,6,0.25,False,True,False
71,187-2,34727.0,"(24, 9)",taxation,6,0.25,False,True,False
71,146-2,26167.0,"(27, 28)",taxation,6,0.25,False,True,False
71,94-2,21885.0,"(28, 13)",taxation,6,0.25,False,True,False
71,154-2,30448.0,"(38, 28)",taxation,6,0.25,False,True,False
71,173-2,17605.0,"(18, 40)",taxation,6,0.25,False,True,False
71,240-2,21850.0,"(33, 35)",taxation,6,0.25,False,True,False
71,246-2,64737.0,"(14, 11)",taxation,6,0.25,False,True,False
71,98-2,34763.0,"(10, 30)",taxation,6,0.25,False,True,False
71,140-2,497.0,"(17, 24)",taxation,6,0.25,False,True,False
71,176-2,479.0,"(37, 23)",taxation,6,0.25,False,True,False
71,208-2,69016.25,"(39, 20)",taxation,6,0.25,False,True,False
71,170-2,59388.75,"(9, 29)",taxation,6,0.25,False,True,False
71,1-2,49723.25,"(7, 37)",taxation,6,0.25,False,True,False
71,23-2,70101.0,"(44, 1)",taxation,6,0.25,False,True,False
71,17-2,71162.5,"(42, 4)",taxation,6,0.25,False,True,False
71,31-2,77575.5,"(43, 8)",taxation,6,0.25,False,True,False
71,228-2,50828.0,"(37, 27)",taxation,6,0.25,False,True,False
71,149-2,58339.0,"(42, 12)",taxation,6,0.25,False,True,False
71,206-2,65819.25,"(10, 35)",taxation,6,0.25,False,True,False
71,242-2,29369.25,"(36, 18)",taxation,6,0.25,False,True,False
71,75-2,61536.0,"(15, 11)",taxation,6,0.25,False,True,False
71,74-2,75447.0,"(46, 21)",taxation,6,0.25,False,True,False
71,241-2,61507.5,"(37, 20)",taxation,6,0.25,False,True,False
71,42-2,48686.5,"(7, 45)",taxation,6,0.25,False,True,False
71,142-2,42214.75,"(36, 35)",taxation,6,0.25,False,True,False
71,172-2,71145.75,"(48, 2)",taxation,6,0.25,False,True,False
71,167-2,67943.75,"(35, 26)",taxation,6,0.25,False,True,False
71,38-2,67956.5,"(33, 40)",taxation,6,0.25,False,True,False
71,198-2,61530.5,"(20, 12)",taxation,6,0.25,False,True,False
71,0-2,45456.25,"(12, 34)",taxation,6,0.25,False,True,False
71,6-2,74382.0,"(27, 13)",taxation,6,0.25,False,True,False
71,76-2,64747.750000000015,"(20, 44)",taxation,6,0.25,False,True,False
71,144-2,64742.5,"(20, 43)",taxation,6,0.25,False,True,False
71,25-2,58291.0,"(12, 10)",taxation,6,0.25,False,True,False
71,40-2,71177.0,"(9, 28)",taxation,6,0.25,False,True,False
71,10-2,67929.25,"(28, 12)",taxation,6,0.25,False,True,False
71,180-2,64736.25,"(27, 27)",taxation,6,0.25,False,True,False
71,212-2,67920.75,"(30, 31)",taxation,6,0.25,False,True,False
71,63-2,61485.75,"(15, 17)",taxation,6,0.25,False,True,False
71,189-2,58313.5,"(6, 38)",taxation,6,0.25,False,True,False
71,54-2,64737.25,"(44, 2)",taxation,6,0.25,False,True,False
71,4-2,48643.25,"(44, 19)",taxation,6,0.25,False,True,False
71,83-2,71150.75,"(47, 20)",taxation,6,0.25,False,True,False
71,249-2,67957.0,"(18, 41)",taxation,6,0.25,False,True,False
71,22-2,74368.0,"(10, 32)",taxation,6,0.25,False,True,False
71,205-2,32575.75,"(37, 18)",taxation,6,0.25,False,True,False
71,156-2,48662.5,"(49, 3)",taxation,6,0.25,False,True,False
71,51-2,67944.5,"(11, 39)",taxation,6,0.25,False,True,False
71,133-2,58287.0,"(12, 46)",taxation,6,0.25,False,True,False
71,73-2,67941.25,"(22, 41)",taxation,6,0.25,False,True,False
71,56-2,64729.75,"(27, 15)",taxation,6,0.25,False,True,False
71,182-2,67939.25,"(20, 11)",taxation,6,0.25,False,True,False
71,71-2,71140.25,"(38, 24)",taxation,6,0.25,False,True,False
71,91-2,71135.75,"(9, 32)",taxation,6,0.25,False,True,False
71,226-2,64696.75,"(38, 21)",taxation,6,0.25,False,True,False
71,225-2,67926.75,"(16, 42)",taxation,6,0.25,False,True,False
71,148-2,51850.25,"(29, 22)",taxation,6,0.25,False,True,False
71,16-2,74362.5,"(25, 12)",taxation,6,0.25,False,True,False
71,111-2,71141.25,"(10, 33)",taxation,6,0.25,False,True,False
71,134-2,64717.0,"(41, 16)",taxation,6,0.25,False,True,False
71,168-2,71165.5,"(21, 41)",taxation,6,0.25,False,True,False
71,106-2,61520.75,"(34, 37)",taxation,6,0.25,False,True,False
71,162-2,67925.5,"(25, 31)",taxation,6,0.25,False,True,False
71,214-2,42186.0,"(35, 25)",taxation,6,0.25,False,True,False
71,110-2,74352.0,"(31, 29)",taxation,6,0.25,False,True,False
71,95-2,74360.5,"(37, 26)",taxation,6,0.25,False,True,False
71,122-2,55064.25,"(11, 44)",taxation,6,0.25,False,True,False
71,231-2,42190.75,"(23, 9)",taxation,6,0.25,False,True,False
71,100-2,64720.75,"(36, 23)",taxation,6,0.25,False,True,False
71,141-2,51854.5,"(17, 19)",taxation,6,0.25,False,True,False
71,165-2,77558.0,"(42, 3)",taxation,6,0.25,False,True,False
71,186-2,61502.25,"(36, 19)",taxation,6,0.25,False,True,False
71,201-2,45390.25,"(49, 0)",taxation,6,0.25,False,True,False
71,21-2,61505.25,"(37, 24)",taxation,6,0.25,False,True,False
71,183-2,45428.75,"(17, 13)",taxation,6,0.25,False,True,False
71,203-2,77548.25,"(46, 3)",taxation,6,0.25,False,True,False
71,32-2,71128.75,"(47, 2)",taxation,6,0.25,False,True,False
71,115-2,71121.75,"(9, 30)",taxation,6,0.25,False,True,False
71,169-2,51854.0,"(39, 21)",taxation,6,0.25,False,True,False
71,78-2,61500.25,"(7, 40)",taxation,6,0.25,False,True,False
71,137-2,58274.5,"(23, 13)",taxation,6,0.25,False,True,False
71,55-2,71119.25,"(43, 20)",taxation,6,0.25,False,True,False
71,112-2,71130.5,"(18, 12)",taxation,6,0.25,False,True,False
71,193-2,58292.5,"(36, 24)",taxation,6,0.25,False,True,False
71,50-2,74335.5,"(29, 42)",taxation,6,0.25,False,True,False
71,53-2,42195.25,"(17, 11)",taxation,6,0.25,False,True,False
71,5-2,29319.5,"(37, 25)",taxation,6,0.25,False,True,False
71,247-2,58271.0,"(49, 1)",taxation,6,0.25,False,True,False
71,147-2,64708.75,"(30, 10)",taxation,6,0.25,False,True,False
71,145-2,67913.0,"(17, 10)",taxation,6,0.25,False,True,False
71,207-2,51820.75,"(36, 30)",taxation,6,0.25,False,True,False
71,120-2,74317.0,"(27, 12)",taxation,6,0.25,False,True,False
71,125-2,71131.0,"(29, 10)",taxation,6,0.25,False,True,False
71,41-2,71141.0,"(16, 32)",taxation,6,0.25,False,True,False
71,209-2,74342.5,"(35, 24)",taxation,6,0.25,False,True,False
71,113-2,67904.75,"(20, 42)",taxation,6,0.25,False,True,False
71,68-2,55063.75,"(8, 37)",taxation,6,0.25,False,True,False
71,161-2,55059.0,"(10, 46)",taxation,6,0.25,False,True,False
71,175-2,55048.5,"(27, 30)",taxation,6,0.25,False,True,False
71,85-2,58274.0,"(18, 44)",taxation,6,0.25,False,True,False
71,234-2,67887.5,"(12, 28)",taxation,6,0.25,False,True,False
71,45-2,67903.75,"(22, 12)",taxation,6,0.25,False,True,False
71,196-2,45423.0,"(21, 12)",taxation,6,0.25,False,True,False
71,174-2,71115.5,"(11, 33)",taxation,6,0.25,False,True,False
71,103-2,64679.5,"(39, 25)",taxation,6,0.25,False,True,False
71,33-2,51841.25,"(24, 12)",taxation,6,0.25,False,True,False
71,19-2,67888.0,"(30, 30)",taxation,6,0.25,False,True,False
71,130-2,71111.5,"(42, 17)",taxation,6,0.25,False,True,False
71,155-2,67930.25,"(16, 10)",taxation,6,0.25,False,True,False
71,86-2,64691.0,"(19, 9)",taxation,6,0.25,False,True,False
71,164-2,67912.25,"(43, 19)",taxation,6,0.25,False,True,False
71,2-2,64694.75,"(6, 36)",taxation,6,0.25,False,True,False
71,11-2,51801.25,"(29, 12)",taxation,6,0.25,False,True,False
71,202-2,74313.0,"(41, 18)",taxation,6,0.25,False,True,False
71,121-2,64705.0,"(9, 14)",taxation,6,0.25,False,True,False
71,163-2,77556.0,"(10, 34)",taxation,6,0.25,False,True,False
71,18-2,74331.75,"(35, 39)",taxation,6,0.25,False,True,False
71,132-2,71101.75,"(48, 21)",taxation,6,0.25,False,True,False
71,160-2,58250.0,"(8, 38)",taxation,6,0.25,False,True,False
71,221-2,61481.5,"(10, 37)",taxation,6,0.25,False,True,False
71,90-2,58274.5,"(49, 2)",taxation,6,0.25,False,True,False
71,64-2,64671.0,"(46, 2)",taxation,6,0.25,False,True,False
71,102-2,45401.5,"(15, 18)",taxation,6,0.25,False,True,False
71,188-2,64696.5,"(11, 34)",taxation,6,0.25,False,True,False
71,92-2,71103.0,"(29, 14)",taxation,6,0.25,False,True,False
71,96-2,74329.5,"(16, 25)",taxation,6,0.25,False,True,False
71,107-2,71105.5,"(8, 27)",taxation,6,0.25,False,True,False
71,80-2,71100.5,"(40, 21)",taxation,6,0.25,False,True,False
71,237-2,51818.75,"(23, 12)",taxation,6,0.25,False,True,False
71,13-2,61472.25,"(47, 1)",taxation,6,0.25,False,True,False
71,104-2,61481.5,"(43, 5)",taxation,6,0.25,False,True,False
71,27-2,58246.75,"(40, 9)",taxation,6,0.25,False,True,False
71,248-2,64666.25,"(35, 28)",taxation,6,0.25,False,True,False
71,48-2,67866.0,"(25, 13)",taxation,6,0.25,False,True,False
71,57-2,58234.25,"(40, 22)",taxation,6,0.25,False,True,False
71,184-2,64644.25,"(33, 32)",taxation,6,0.25,False,True,False
71,30-2,74313.25,"(13, 46)",taxation,6,0.25,False,True,False
71,108-2,35723.25,"(19, 42)",taxation,6,0.25,False,True,False
71,166-2,61457.25,"(17, 15)",taxation,6,0.25,False,True,False
71,233-2,61471.25,"(8, 45)",taxation,6,0.25,False,True,False
71,69-2,71082.5,"(14, 10)",taxation,6,0.25,False,True,False
71,229-2,71134.25,"(17, 43)",taxation,6,0.25,False,True,False
71,236-2,64661.25,"(29, 21)",taxation,6,0.25,False,True,False
71,109-2,64680.5,"(32, 22)",taxation,6,0.25,False,True,False
71,235-2,64659.25,"(19, 12)",taxation,6,0.25,False,True,False
71,62-2,64677.5,"(11, 22)",taxation,6,0.25,False,True,False
71,89-2,67899.75,"(7, 46)",taxation,6,0.25,False,True,False
71,58-2,67845.5,"(8, 25)",taxation,6,0.25,False,True,False
71,61-2,77532.25,"(7, 32)",taxation,6,0.25,False,True,False
71,152-2,67884.25,"(18, 29)",taxation,6,0.25,False,True,False
71,124-2,61450.25,"(46, 1)",taxation,6,0.25,False,True,False
71,97-2,51791.75,"(7, 42)",taxation,6,0.25,False,True,False
71,232-2,38939.25,"(36, 22)",taxation,6,0.25,False,True,False
71,116-2,71101.5,"(39, 26)",taxation,6,0.25,False,True,False
71,37-2,67877.75,"(46, 18)",taxation,6,0.25,False,True,False
71,7-2,48606.5,"(10, 28)",taxation,6,0.25,False,True,False
71,26-2,51807.75,"(21, 44)",taxation,6,0.25,False,True,False
71,117-2,58243.5,"(8, 34)",taxation,6,0.25,False,True,False
71,82-2,67873.5,"(8, 41)",taxation,6,0.25,False,True,False
71,88-2,64668.0,"(22, 13)",taxation,6,0.25,False,True,False
71,59-2,58217.25,"(12, 26)",taxation,6,0.25,False,True,False
71,52-2,48587.25,"(35, 34)",taxation,6,0.25,False,True,False
71,194-2,58240.5,"(19, 8)",taxation,6,0.25,False,True,False
71,72-2,74292.5,"(11, 28)",taxation,6,0.25,False,True,False
71,199-2,74275.0,"(25, 15)",taxation,6,0.25,False,True,False
71,43-2,64651.75,"(26, 29)",taxation,6,0.25,False,True,False
71,128-2,71087.0,"(48, 1)",taxation,6,0.25,False,True,False
71,84-2,64657.5,"(9, 25)",taxation,6,0.25,False,True,False
71,114-2,74303.75,"(42, 19)",taxation,6,0.25,False,True,False
71,223-2,45339.0,"(16, 12)",taxation,6,0.25,False,True,False
71,123-2,74307.75,"(42, 5)",taxation,6,0.25,False,True,False
71,215-2,71073.5,"(26, 13)",taxation,6,0.25,False,True,False
71,127-2,67850.0,"(28, 14)",taxation,6,0.25,False,True,False
71,24-2,51801.5,"(45, 17)",taxation,6,0.25,False,True,False
71,136-2,51784.5,"(7, 38)",taxation,6,0.25,False,True,False
71,65-2,74283.25,"(15, 10)",taxation,6,0.25,False,True,False
71,14-2,16429.5,"(43, 7)",taxation,6,0.25,False,True,False
71,185-2,64659.5,"(10, 36)",taxation,6,0.25,False,True,False
71,77-2,55000.5,"(8, 26)",taxation,6,0.25,False,True,False
71,36-2,48570.25,"(15, 47)",taxation,6,0.25,False,True,False
71,190-2,64654.75,"(49, 20)",taxation,6,0.25,False,True,False
71,46-2,45358.0,"(39, 22)",taxation,6,0.25,False,True,False
71,218-2,74309.5,"(7, 48)",taxation,6,0.25,False,True,False
71,220-2,71081.0,"(18, 42)",taxation,6,0.25,False,True,False
71,224-2,55000.75,"(26, 28)",taxation,6,0.25,False,True,False
71,129-2,61442.0,"(17, 9)",taxation,6,0.25,False,True,False
71,157-2,61419.25,"(43, 3)",taxation,6,0.25,False,True,False
71,195-2,29261.25,"(30, 33)",taxation,6,0.25,False,True,False
71,8-2,64655.0,"(15, 43)",taxation,6,0.25,False,True,False
71,119-2,64634.0,"(12, 11)",taxation,6,0.25,False,True,False
71,99-2,61407.25,"(21, 13)",taxation,6,0.25,False,True,False
71,135-2,64640.75,"(14, 23)",taxation,6,0.25,False,True,False
71,47-2,45357.75,"(7, 43)",taxation,6,0.25,False,True,False
71,79-2,61421.25,"(6, 37)",taxation,6,0.25,False,True,False
71,87-2,64618.5,"(35, 13)",taxation,6,0.25,False,True,False
71,15-2,58221.75,"(27, 29)",taxation,6,0.25,False,True,False
71,29-2,64639.25,"(8, 28)",taxation,6,0.25,False,True,False
71,178-2,71072.25,"(44, 8)",taxation,6,0.25,False,True,False
71,60-2,67845.25,"(8, 44)",taxation,6,0.25,False,True,False
71,192-2,58219.0,"(21, 9)",taxation,6,0.25,False,True,False
71,49-2,61424.5,"(9, 42)",taxation,6,0.25,False,True,False
71,81-2,61431.25,"(44, 17)",taxation,6,0.25,False,True,False
71,118-2,71057.5,"(9, 27)",taxation,6,0.25,False,True,False
71,34-2,58203.0,"(9, 13)",taxation,6,0.25,False,True,False
71,211-2,42114.75,"(18, 10)",taxation,6,0.25,False,True,False
71,177-2,64650.75,"(45, 20)",taxation,6,0.25,False,True,False
71,39-2,45334.5,"(16, 9)",taxation,6,0.25,False,True,False
71,245-2,71067.75,"(7, 36)",taxation,6,0.25,False,True,False
71,131-2,64644.0,"(6, 40)",taxation,6,0.25,False,True,False
72,3,51866.0,"(14, 7)",taxation,6,0.25,False,True,False
72,12,81882.0,"(39, 4)",taxation,6,0.25,False,True,False
72,20,81887.0,"(42, 25)",taxation,6,0.25,False,True,False
72,35,86185.0,"(10, 29)",taxation,6,0.25,False,True,False
72,44,56189.0,"(39, 6)",taxation,6,0.25,False,True,False
72,66,94749.0,"(35, 37)",taxation,6,0.25,False,True,False
72,67,64743.0,"(35, 38)",taxation,6,0.25,False,True,False
72,70,90469.0,"(11, 26)",taxation,6,0.25,False,True,False
72,93,39022.0,"(35, 12)",taxation,6,0.25,False,True,False
72,101,86217.0,"(8, 48)",taxation,6,0.25,False,True,False
72,105,77597.0,"(32, 21)",taxation,6,0.25,False,True,False
72,126,86154.0,"(36, 36)",taxation,6,0.25,False,True,False
72,138,90449.0,"(35, 29)",taxation,6,0.25,False,True,False
72,143,86161.0,"(5, 38)",taxation,6,0.25,False,True,False
72,150,73315.0,"(17, 5)",taxation,6,0.25,False,True,False
72,151,69018.0,"(9, 23)",taxation,6,0.25,False,True,False
72,153,43284.0,"(12, 25)",taxation,6,0.25,False,True,False
72,159,69040.0,"(39, 23)",taxation,6,0.25,False,True,False
72,181,86165.00000000001,"(48, 23)",taxation,6,0.25,False,True,False
72,191,99019.0,"(37, 36)",taxation,6,0.25,False,True,False
72,197,69023.0,"(4, 37)",taxation,6,0.25,False,True,False
72,200,81871.0,"(16, 11)",taxation,6,0.25,False,True,False
72,204,94746.0,"(16, 45)",taxation,6,0.25,False,True,False
72,210,103298.0,"(4, 49)",taxation,6,0.25,False,True,False
72,216,94742.0,"(18, 11)",taxation,6,0.25,False,True,False
72,217,51888.0,"(14, 22)",taxation,6,0.25,False,True,False
72,222,86180.0,"(45, 24)",taxation,6,0.25,False,True,False
72,227,94738.0,"(40, 27)",taxation,6,0.25,False,True,False
72,238,86205.0,"(33, 39)",taxation,6,0.25,False,True,False
72,239,86164.0,"(48, 25)",taxation,6,0.25,False,True,False
72,243,81896.0,"(23, 8)",taxation,6,0.25,False,True,False
72,244,99047.0,"(22, 9)",taxation,6,0.25,False,True,False
72,219-2,75434.0,"(34, 13)",taxation,6,0.25,False,True,False
72,158-2,62580.0,"(47, 21)",taxation,6,0.25,False,True,False
72,139-2,77596.25,"(31, 30)",taxation,6,0.25,False,True,False
72,179-2,56203.5,"(40, 12)",taxation,6,0.25,False,True,False
72,28-2,59407.25,"(39, 3)",taxation,6,0.25,False,True,False
72,187-2,34734.0,"(26, 5)",taxation,6,0.25,False,True,False
72,146-2,26171.0,"(32, 29)",taxation,6,0.25,False,True,False
72,94-2,21892.0,"(29, 8)",taxation,6,0.25,False,True,False
72,154-2,30455.0,"(42, 30)",taxation,6,0.25,False,True,False
72,173-2,17613.0,"(23, 46)",taxation,6,0.25,False,True,False
72,240-2,21858.0,"(36, 37)",taxation,6,0.25,False,True,False
72,246-2,64745.0,"(13, 9)",taxation,6,0.25,False,True,False
72,98-2,34771.0,"(7, 33)",taxation,6,0.25,False,True,False
72,140-2,501.0,"(13, 23)",taxation,6,0.25,False,True,False
72,176-2,487.0,"(40, 24)",taxation,6,0.25,False,True,False
72,208-2,69024.25,"(40, 18)",taxation,6,0.25,False,True,False
72,170-2,59396.75,"(3, 35)",taxation,6,0.25,False,True,False
72,1-2,49732.25,"(6, 41)",taxation,6,0.25,False,True,False
72,23-2,70109.0,"(44, 0)",taxation,6,0.25,False,True,False
72,17-2,71170.5,"(40, 5)",taxation,6,0.25,False,True,False
72,31-2,77583.5,"(39, 7)",taxation,6,0.25,False,True,False
72,228-2,50836.0,"(40, 26)",taxation,6,0.25,False,True,False
72,149-2,58346.0,"(38, 9)",taxation,6,0.25,False,True,False
72,206-2,65827.25,"(4, 38)",taxation,6,0.25,False,True,False
72,242-2,29376.25,"(37, 17)",taxation,6,0.25,False,True,False
72,75-2,61544.0,"(15, 8)",taxation,6,0.25,False,True,False
72,74-2,75455.0,"(45, 25)",taxation,6,0.25,False,True,False
72,241-2,61514.5,"(39, 18)",taxation,6,0.25,False,True,False
72,42-2,48695.5,"(9, 47)",taxation,6,0.25,False,True,False
72,142-2,42222.75,"(37, 38)",taxation,6,0.25,False,True,False
72,172-2,71148.75,"(42, 7)",taxation,6,0.25,False,True,False
72,167-2,67950.75,"(39, 27)",taxation,6,0.25,False,True,False
72,38-2,67964.5,"(34, 40)",taxation,6,0.25,False,True,False
72,198-2,61536.5,"(20, 10)",taxation,6,0.25,False,True,False
72,0-2,45463.25,"(9, 38)",taxation,6,0.25,False,True,False
72,6-2,74389.0,"(25, 8)",taxation,6,0.25,False,True,False
72,76-2,64755.750000000015,"(23, 47)",taxation,6,0.25,False,True,False
72,144-2,64750.5,"(20, 45)",taxation,6,0.25,False,True,False
72,25-2,58299.0,"(13, 10)",taxation,6,0.25,False,True,False
72,40-2,71184.0,"(5, 29)",taxation,6,0.25,False,True,False
72,10-2,67936.25,"(34, 6)",taxation,6,0.25,False,True,False
72,180-2,64740.25,"(32, 30)",taxation,6,0.25,False,True,False
72,212-2,67925.75,"(34, 31)",taxation,6,0.25,False,True,False
72,63-2,61492.75,"(11, 11)",taxation,6,0.25,False,True,False
72,189-2,58322.5,"(2, 43)",taxation,6,0.25,False,True,False
72,54-2,64746.25,"(43, 0)",taxation,6,0.25,False,True,False
72,4-2,48651.25,"(44, 22)",taxation,6,0.25,False,True,False
72,83-2,71158.75,"(45, 21)",taxation,6,0.25,False,True,False
72,249-2,67965.0,"(16, 47)",taxation,6,0.25,False,True,False
72,22-2,74375.0,"(7, 35)",taxation,6,0.25,False,True,False
72,205-2,32583.75,"(38, 16)",taxation,6,0.25,False,True,False
72,156-2,48665.5,"(43, 9)",taxation,6,0.25,False,True,False
72,51-2,67952.5,"(8, 43)",taxation,6,0.25,False,True,False
72,133-2,58296.0,"(6, 49)",taxation,6,0.25,False,True,False
72,73-2,67949.25,"(25, 43)",taxation,6,0.25,False,True,False
72,56-2,64735.75,"(26, 10)",taxation,6,0.25,False,True,False
72,182-2,67947.25,"(20, 7)",taxation,6,0.25,False,True,False
72,71-2,71148.25,"(43, 27)",taxation,6,0.25,False,True,False
72,91-2,71143.75,"(7, 34)",taxation,6,0.25,False,True,False
72,226-2,64704.75,"(43, 24)",taxation,6,0.25,False,True,False
72,225-2,67934.75,"(12, 47)",taxation,6,0.25,False,True,False
72,148-2,51855.25,"(35, 22)",taxation,6,0.25,False,True,False
72,16-2,74368.5,"(26, 8)",taxation,6,0.25,False,True,False
72,111-2,71148.25,"(8, 35)",taxation,6,0.25,False,True,False
72,134-2,64725.0,"(38, 15)",taxation,6,0.25,False,True,False
72,168-2,71172.5,"(21, 42)",taxation,6,0.25,False,True,False
72,106-2,61528.75,"(36, 39)",taxation,6,0.25,False,True,False
72,162-2,67929.5,"(25, 36)",taxation,6,0.25,False,True,False
72,214-2,42192.0,"(38, 23)",taxation,6,0.25,False,True,False
72,110-2,74358.0,"(37, 35)",taxation,6,0.25,False,True,False
72,95-2,74368.5,"(42, 27)",taxation,6,0.25,False,True,False
72,122-2,55073.25,"(5, 47)",taxation,6,0.25,False,True,False
72,231-2,42197.75,"(20, 5)",taxation,6,0.25,False,True,False
72,100-2,64728.75,"(40, 19)",taxation,6,0.25,False,True,False
72,141-2,51859.5,"(11, 23)",taxation,6,0.25,False,True,False
72,165-2,77566.0,"(40, 3)",taxation,6,0.25,False,True,False
72,186-2,61510.25,"(38, 17)",taxation,6,0.25,False,True,False
72,201-2,45398.25,"(45, 0)",taxation,6,0.25,False,True,False
72,21-2,61513.25,"(42, 23)",taxation,6,0.25,False,True,False
72,183-2,45436.75,"(18, 8)",taxation,6,0.25,False,True,False
72,203-2,77555.25,"(41, 4)",taxation,6,0.25,False,True,False
72,32-2,71136.75,"(48, 0)",taxation,6,0.25,False,True,False
72,115-2,71128.75,"(6, 34)",taxation,6,0.25,False,True,False
72,169-2,51862.0,"(40, 20)",taxation,6,0.25,False,True,False
72,78-2,61509.25,"(3, 44)",taxation,6,0.25,False,True,False
72,137-2,58282.5,"(19, 7)",taxation,6,0.25,False,True,False
72,55-2,71127.25,"(44, 24)",taxation,6,0.25,False,True,False
72,112-2,71136.5,"(19, 10)",taxation,6,0.25,False,True,False
72,193-2,58300.5,"(40, 25)",taxation,6,0.25,False,True,False
72,50-2,74343.5,"(28, 43)",taxation,6,0.25,False,True,False
72,53-2,42202.25,"(18, 5)",taxation,6,0.25,False,True,False
72,5-2,29327.5,"(41, 23)",taxation,6,0.25,False,True,False
72,247-2,58273.0,"(46, 4)",taxation,6,0.25,False,True,False
72,147-2,64716.75,"(36, 11)",taxation,6,0.25,False,True,False
72,145-2,67921.0,"(17, 8)",taxation,6,0.25,False,True,False
72,207-2,51827.75,"(39, 28)",taxation,6,0.25,False,True,False
72,120-2,74325.0,"(22, 8)",taxation,6,0.25,False,True,False
72,125-2,71138.0,"(30, 7)",taxation,6,0.25,False,True,False
72,41-2,71147.0,"(13, 37)",taxation,6,0.25,False,True,False
72,209-2,74349.5,"(41, 22)",taxation,6,0.25,False,True,False
72,113-2,67912.75,"(25, 44)",taxation,6,0.25,False,True,False
72,68-2,55072.75,"(5, 37)",taxation,6,0.25,False,True,False
72,161-2,55068.0,"(5, 48)",taxation,6,0.25,False,True,False
72,175-2,55053.5,"(33, 33)",taxation,6,0.25,False,True,False
72,85-2,58282.0,"(13, 48)",taxation,6,0.25,False,True,False
72,234-2,67894.5,"(6, 28)",taxation,6,0.25,False,True,False
72,45-2,67910.75,"(21, 7)",taxation,6,0.25,False,True,False
72,196-2,45431.0,"(18, 7)",taxation,6,0.25,False,True,False
72,174-2,71122.5,"(8, 36)",taxation,6,0.25,False,True,False
72,103-2,64687.5,"(42, 26)",taxation,6,0.25,False,True,False
72,33-2,51847.25,"(23, 10)",taxation,6,0.25,False,True,False
72,19-2,67893.0,"(34, 32)",taxation,6,0.25,False,True,False
72,130-2,71118.5,"(39, 17)",taxation,6,0.25,False,True,False
72,155-2,67938.25,"(14, 8)",taxation,6,0.25,False,True,False
72,86-2,64698.0,"(18, 6)",taxation,6,0.25,False,True,False
72,164-2,67920.25,"(44, 25)",taxation,6,0.25,False,True,False
72,2-2,64702.75,"(3, 37)",taxation,6,0.25,False,True,False
72,11-2,51808.25,"(26, 6)",taxation,6,0.25,False,True,False
72,202-2,74322.0,"(43, 21)",taxation,6,0.25,False,True,False
72,121-2,64711.0,"(5, 16)",taxation,6,0.25,False,True,False
72,163-2,77563.0,"(6, 35)",taxation,6,0.25,False,True,False
72,18-2,74339.75,"(35, 40)",taxation,6,0.25,False,True,False
72,132-2,71109.75,"(48, 24)",taxation,6,0.25,False,True,False
72,160-2,58259.0,"(4, 42)",taxation,6,0.25,False,True,False
72,221-2,61489.5,"(4, 40)",taxation,6,0.25,False,True,False
72,90-2,58281.5,"(45, 2)",taxation,6,0.25,False,True,False
72,64-2,64678.0,"(41, 1)",taxation,6,0.25,False,True,False
72,102-2,45408.5,"(10, 12)",taxation,6,0.25,False,True,False
72,188-2,64704.5,"(5, 40)",taxation,6,0.25,False,True,False
72,92-2,71109.0,"(33, 11)",taxation,6,0.25,False,True,False
72,96-2,74334.5,"(10, 24)",taxation,6,0.25,False,True,False
72,107-2,71112.5,"(3, 31)",taxation,6,0.25,False,True,False
72,80-2,71108.5,"(41, 21)",taxation,6,0.25,False,True,False
72,237-2,51824.75,"(22, 7)",taxation,6,0.25,False,True,False
72,13-2,61480.25,"(41, 0)",taxation,6,0.25,False,True,False
72,104-2,61489.5,"(41, 5)",taxation,6,0.25,False,True,False
72,27-2,58254.75,"(40, 11)",taxation,6,0.25,False,True,False
72,248-2,64674.25,"(41, 29)",taxation,6,0.25,False,True,False
72,48-2,67873.0,"(31, 7)",taxation,6,0.25,False,True,False
72,57-2,58242.25,"(42, 22)",taxation,6,0.25,False,True,False
72,184-2,64652.25,"(38, 38)",taxation,6,0.25,False,True,False
72,30-2,74321.25,"(10, 48)",taxation,6,0.25,False,True,False
72,108-2,35731.25,"(16, 46)",taxation,6,0.25,False,True,False
72,166-2,61463.25,"(20, 9)",taxation,6,0.25,False,True,False
72,233-2,61481.25,"(7, 49)",taxation,6,0.25,False,True,False
72,69-2,71089.5,"(16, 5)",taxation,6,0.25,False,True,False
72,229-2,71141.25,"(18, 43)",taxation,6,0.25,False,True,False
72,236-2,64666.25,"(34, 19)",taxation,6,0.25,False,True,False
72,109-2,64687.5,"(38, 19)",taxation,6,0.25,False,True,False
72,235-2,64666.25,"(24, 6)",taxation,6,0.25,False,True,False
72,62-2,64683.5,"(8, 20)",taxation,6,0.25,False,True,False
72,89-2,67908.75,"(5, 46)",taxation,6,0.25,False,True,False
72,58-2,67852.5,"(7, 28)",taxation,6,0.25,False,True,False
72,61-2,77540.25,"(3, 34)",taxation,6,0.25,False,True,False
72,152-2,67889.25,"(13, 34)",taxation,6,0.25,False,True,False
72,124-2,61458.25,"(42, 0)",taxation,6,0.25,False,True,False
72,97-2,51800.75,"(3, 45)",taxation,6,0.25,False,True,False
72,232-2,38947.25,"(39, 19)",taxation,6,0.25,False,True,False
72,116-2,71109.5,"(41, 26)",taxation,6,0.25,False,True,False
72,37-2,67885.75,"(45, 23)",taxation,6,0.25,False,True,False
72,7-2,48613.5,"(6, 31)",taxation,6,0.25,False,True,False
72,26-2,51814.75,"(21, 43)",taxation,6,0.25,False,True,False
72,117-2,58251.5,"(4, 36)",taxation,6,0.25,False,True,False
72,82-2,67882.5,"(4, 45)",taxation,6,0.25,False,True,False
72,88-2,64674.0,"(24, 8)",taxation,6,0.25,False,True,False
72,59-2,58223.25,"(7, 26)",taxation,6,0.25,False,True,False
72,52-2,48595.25,"(36, 38)",taxation,6,0.25,False,True,False
72,194-2,58247.5,"(18, 9)",taxation,6,0.25,False,True,False
72,72-2,74299.5,"(5, 32)",taxation,6,0.25,False,True,False
72,199-2,74283.0,"(26, 9)",taxation,6,0.25,False,True,False
72,43-2,64655.75,"(31, 31)",taxation,6,0.25,False,True,False
72,128-2,71090.0,"(42, 1)",taxation,6,0.25,False,True,False
72,84-2,64663.5,"(7, 24)",taxation,6,0.25,False,True,False
72,114-2,74311.75,"(41, 20)",taxation,6,0.25,False,True,False
72,223-2,45347.0,"(14, 9)",taxation,6,0.25,False,True,False
72,123-2,74316.75,"(40, 8)",taxation,6,0.25,False,True,False
72,215-2,71081.5,"(20, 8)",taxation,6,0.25,False,True,False
72,127-2,67856.0,"(25, 10)",taxation,6,0.25,False,True,False
72,24-2,51809.5,"(40, 17)",taxation,6,0.25,False,True,False
72,136-2,51793.5,"(4, 44)",taxation,6,0.25,False,True,False
72,65-2,74290.25,"(15, 6)",taxation,6,0.25,False,True,False
72,14-2,16437.5,"(40, 6)",taxation,6,0.25,False,True,False
72,185-2,64667.5,"(5, 39)",taxation,6,0.25,False,True,False
72,77-2,55007.5,"(4, 32)",taxation,6,0.25,False,True,False
72,36-2,48579.25,"(10, 49)",taxation,6,0.25,False,True,False
72,190-2,64662.75,"(49, 23)",taxation,6,0.25,False,True,False
72,46-2,45366.0,"(44, 26)",taxation,6,0.25,False,True,False
72,218-2,74318.5,"(5, 49)",taxation,6,0.25,False,True,False
72,220-2,71089.0,"(13, 47)",taxation,6,0.25,False,True,False
72,224-2,55004.75,"(32, 28)",taxation,6,0.25,False,True,False
72,129-2,61450.0,"(16, 8)",taxation,6,0.25,False,True,False
72,157-2,61427.25,"(42, 2)",taxation,6,0.25,False,True,False
72,195-2,29270.25,"(35, 36)",taxation,6,0.25,False,True,False
72,8-2,64664.0,"(9, 48)",taxation,6,0.25,False,True,False
72,119-2,64641.0,"(15, 5)",taxation,6,0.25,False,True,False
72,99-2,61415.25,"(21, 8)",taxation,6,0.25,False,True,False
72,135-2,64646.75,"(8, 29)",taxation,6,0.25,False,True,False
72,47-2,45366.75,"(5, 44)",taxation,6,0.25,False,True,False
72,79-2,61430.25,"(3, 43)",taxation,6,0.25,False,True,False
72,87-2,64626.5,"(37, 14)",taxation,6,0.25,False,True,False
72,15-2,58226.75,"(33, 34)",taxation,6,0.25,False,True,False
72,29-2,64647.25,"(6, 33)",taxation,6,0.25,False,True,False
72,178-2,71080.25,"(40, 7)",taxation,6,0.25,False,True,False
72,60-2,67854.25,"(6, 42)",taxation,6,0.25,False,True,False
72,192-2,58226.0,"(19, 5)",taxation,6,0.25,False,True,False
72,49-2,61433.5,"(4, 46)",taxation,6,0.25,False,True,False
72,81-2,61439.25,"(41, 19)",taxation,6,0.25,False,True,False
72,118-2,71065.5,"(5, 33)",taxation,6,0.25,False,True,False
72,34-2,58209.0,"(5, 18)",taxation,6,0.25,False,True,False
72,211-2,42121.75,"(21, 6)",taxation,6,0.25,False,True,False
72,177-2,64658.75,"(45, 22)",taxation,6,0.25,False,True,False
72,39-2,45341.5,"(17, 6)",taxation,6,0.25,False,True,False
72,245-2,71076.75,"(1, 42)",taxation,6,0.25,False,True,False
72,131-2,64653.0,"(4, 43)",taxation,6,0.25,False,True,False
72,213-2,64648.5,"(11, 47)",taxation,6,0.25,False,True,False
72,9-2,55007.25,"(46, 0)",taxation,6,0.25,False,True,False
72,171-2,64660.5,"(2, 35)",taxation,6,0.25,False,True,False
72,230-2,51786.0,"(3, 38)",taxation,6,0.25,False,True,False
73,3,51873.0,"(16, 1)",taxation,6,0.25,False,True,False
73,12,81889.0,"(34, 2)",taxation,6,0.25,False,True,False
73,20,81895.0,"(45, 28)",taxation,6,0.25,False,True,False
73,35,86192.0,"(8, 30)",taxation,6,0.25,False,True,False
73,44,56197.0,"(36, 3)",taxation,6,0.25,False,True,False
73,66,94757.0,"(38, 37)",taxation,6,0.25,False,True,False
73,67,64751.0,"(33, 41)",taxation,6,0.25,False,True,False
73,70,90476.0,"(7, 29)",taxation,6,0.25,False,True,False
73,93,39030.0,"(37, 7)",taxation,6,0.25,False,True,False
73,101,86226.0,"(5, 42)",taxation,6,0.25,False,True,False
73,105,77604.0,"(36, 21)",taxation,6,0.25,False,True,False
73,126,86163.0,"(34, 41)",taxation,6,0.25,False,True,False
73,138,90457.0,"(41, 34)",taxation,6,0.25,False,True,False
73,143,86170.0,"(4, 41)",taxation,6,0.25,False,True,False
73,150,73323.0,"(20, 1)",taxation,6,0.25,False,True,False
73,151,69025.0,"(6, 20)",taxation,6,0.25,False,True,False
73,153,43291.0,"(6, 25)",taxation,6,0.25,False,True,False
73,159,69047.0,"(40, 28)",taxation,6,0.25,False,True,False
73,181,86173.00000000001,"(46, 26)",taxation,6,0.25,False,True,False
73,191,99028.0,"(32, 42)",taxation,6,0.25,False,True,False
73,197,69031.0,"(2, 37)",taxation,6,0.25,False,True,False
73,200,81878.0,"(22, 6)",taxation,6,0.25,False,True,False
73,204,94754.0,"(13, 49)",taxation,6,0.25,False,True,False
73,210,103307.0,"(2, 49)",taxation,6,0.25,False,True,False
73,216,94749.0,"(16, 7)",taxation,6,0.25,False,True,False
73,222,86188.0,"(46, 25)",taxation,6,0.25,False,True,False
73,238,86213.0,"(31, 44)",taxation,6,0.25,False,True,False
73,239,86172.0,"(48, 30)",taxation,6,0.25,False,True,False
73,243,81904.0,"(23, 2)",taxation,6,0.25,False,True,False
73,244,99054.0,"(24, 7)",taxation,6,0.25,False,True,False
73,219-2,75441.0,"(33, 9)",taxation,6,0.25,False,True,False
73,158-2,62587.0,"(47, 25)",taxation,6,0.25,False,True,False
73,139-2,77602.25,"(35, 30)",taxation,6,0.25,False,True,False
73,179-2,56209.5,"(38, 18)",taxation,6,0.25,False,True,False
73,28-2,59414.25,"(33, 3)",taxation,6,0.25,False,True,False
73,187-2,34742.0,"(24, 2)",taxation,6,0.25,False,True,False
73,146-2,26177.0,"(35, 31)",taxation,6,0.25,False,True,False
73,94-2,21900.0,"(26, 3)",taxation,6,0.25,False,True,False
73,154-2,30464.0,"(48, 26)",taxation,6,0.25,False,True,False
73,173-2,17621.0,"(26, 46)",taxation,6,0.25,False,True,False
73,240-2,21865.0,"(39, 34)",taxation,6,0.25,False,True,False
73,246-2,64753.0,"(16, 3)",taxation,6,0.25,False,True,False
73,98-2,34779.0,"(3, 36)",taxation,6,0.25,False,True,False
73,140-2,507.0,"(8, 23)",taxation,6,0.25,False,True,False
73,176-2,495.0,"(42, 24)",taxation,6,0.25,False,True,False
73,208-2,69032.25,"(42, 21)",taxation,6,0.25,False,True,False
73,170-2,59405.75,"(0, 39)",taxation,6,0.25,False,True,False
73,1-2,49742.25,"(2, 46)",taxation,6,0.25,False,True,False
73,23-2,70114.0,"(39, 1)",taxation,6,0.25,False,True,False
73,17-2,71178.5,"(37, 5)",taxation,6,0.25,False,True,False
73,31-2,77590.5,"(34, 4)",taxation,6,0.25,False,True,False
73,228-2,50844.0,"(45, 31)",taxation,6,0.25,False,True,False
73,149-2,58353.0,"(34, 8)",taxation,6,0.25,False,True,False
73,206-2,65836.25,"(2, 40)",taxation,6,0.25,False,True,False
73,242-2,29382.25,"(38, 22)",taxation,6,0.25,False,True,False
73,75-2,61550.0,"(19, 6)",taxation,6,0.25,False,True,False
73,74-2,75463.0,"(49, 29)",taxation,6,0.25,False,True,False
73,241-2,61520.5,"(35, 18)",taxation,6,0.25,False,True,False
73,42-2,48705.5,"(3, 49)",taxation,6,0.25,False,True,False
73,142-2,42229.75,"(41, 35)",taxation,6,0.25,False,True,False
73,172-2,71156.75,"(39, 5)",taxation,6,0.25,False,True,False
73,167-2,67958.75,"(43, 30)",taxation,6,0.25,False,True,False
73,38-2,67972.5,"(30, 44)",taxation,6,0.25,False,True,False
73,198-2,61544.5,"(19, 4)",taxation,6,0.25,False,True,False
73,0-2,45471.25,"(6, 39)",taxation,6,0.25,False,True,False
73,6-2,74396.0,"(28, 8)",taxation,6,0.25,False,True,False
73,76-2,64763.750000000015,"(23, 44)",taxation,6,0.25,False,True,False
73,144-2,64758.5,"(19, 46)",taxation,6,0.25,False,True,False
73,25-2,58305.0,"(15, 7)",taxation,6,0.25,False,True,False
73,40-2,71192.0,"(1, 31)",taxation,6,0.25,False,True,False
73,10-2,67944.25,"(35, 6)",taxation,6,0.25,False,True,False
73,180-2,64747.25,"(38, 34)",taxation,6,0.25,False,True,False
73,212-2,67933.75,"(40, 33)",taxation,6,0.25,False,True,False
73,63-2,61498.75,"(10, 13)",taxation,6,0.25,False,True,False
73,189-2,58331.5,"(1, 44)",taxation,6,0.25,False,True,False
73,54-2,64753.25,"(37, 1)",taxation,6,0.25,False,True,False
73,4-2,48660.25,"(49, 25)",taxation,6,0.25,False,True,False
73,83-2,71164.75,"(44, 20)",taxation,6,0.25,False,True,False
73,249-2,67973.0,"(17, 48)",taxation,6,0.25,False,True,False
73,22-2,74383.0,"(4, 39)",taxation,6,0.25,False,True,False
73,205-2,32589.75,"(40, 16)",taxation,6,0.25,False,True,False
73,156-2,48673.5,"(38, 8)",taxation,6,0.25,False,True,False
73,51-2,67960.5,"(8, 42)",taxation,6,0.25,False,True,False
73,133-2,58305.0,"(3, 47)",taxation,6,0.25,False,True,False
73,73-2,67957.25,"(24, 43)",taxation,6,0.25,False,True,False
73,56-2,64742.75,"(27, 8)",taxation,6,0.25,False,True,False
73,182-2,67955.25,"(20, 2)",taxation,6,0.25,False,True,False
73,71-2,71156.25,"(44, 29)",taxation,6,0.25,False,True,False
73,91-2,71152.75,"(3, 39)",taxation,6,0.25,False,True,False
73,226-2,64712.75,"(43, 25)",taxation,6,0.25,False,True,False
73,225-2,67943.75,"(9, 49)",taxation,6,0.25,False,True,False
73,148-2,51862.25,"(41, 25)",taxation,6,0.25,False,True,False
73,16-2,74376.5,"(26, 4)",taxation,6,0.25,False,True,False
73,111-2,71156.25,"(4, 35)",taxation,6,0.25,False,True,False
73,134-2,64732.0,"(39, 16)",taxation,6,0.25,False,True,False
73,168-2,71180.5,"(22, 42)",taxation,6,0.25,False,True,False
73,106-2,61536.75,"(32, 43)",taxation,6,0.25,False,True,False
73,162-2,67937.5,"(30, 42)",taxation,6,0.25,False,True,False
73,214-2,42200.0,"(44, 27)",taxation,6,0.25,False,True,False
73,110-2,74365.0,"(40, 34)",taxation,6,0.25,False,True,False
73,95-2,74376.5,"(44, 30)",taxation,6,0.25,False,True,False
73,122-2,55082.25,"(1, 47)",taxation,6,0.25,False,True,False
73,231-2,42205.75,"(21, 2)",taxation,6,0.25,False,True,False
73,100-2,64735.75,"(41, 24)",taxation,6,0.25,False,True,False
73,141-2,51866.5,"(6, 24)",taxation,6,0.25,False,True,False
73,165-2,77573.0,"(34, 3)",taxation,6,0.25,False,True,False
73,186-2,61517.25,"(36, 20)",taxation,6,0.25,False,True,False
73,201-2,45402.25,"(41, 2)",taxation,6,0.25,False,True,False
73,21-2,61521.25,"(45, 29)",taxation,6,0.25,False,True,False
73,183-2,45443.75,"(20, 4)",taxation,6,0.25,False,True,False
73,203-2,77563.25,"(38, 5)",taxation,6,0.25,False,True,False
73,32-2,71139.75,"(45, 4)",taxation,6,0.25,False,True,False
73,115-2,71136.75,"(2, 36)",taxation,6,0.25,False,True,False
73,169-2,51868.0,"(40, 23)",taxation,6,0.25,False,True,False
73,78-2,61518.25,"(0, 45)",taxation,6,0.25,False,True,False
73,137-2,58289.5,"(23, 3)",taxation,6,0.25,False,True,False
73,55-2,71135.25,"(47, 29)",taxation,6,0.25,False,True,False
73,112-2,71144.5,"(16, 4)",taxation,6,0.25,False,True,False
73,193-2,58308.5,"(46, 31)",taxation,6,0.25,False,True,False
73,50-2,74351.5,"(27, 43)",taxation,6,0.25,False,True,False
73,53-2,42209.25,"(19, 3)",taxation,6,0.25,False,True,False
73,5-2,29335.5,"(46, 28)",taxation,6,0.25,False,True,False
73,247-2,58280.0,"(40, 2)",taxation,6,0.25,False,True,False
73,147-2,64723.75,"(33, 8)",taxation,6,0.25,False,True,False
73,145-2,67929.0,"(17, 4)",taxation,6,0.25,False,True,False
73,207-2,51835.75,"(42, 32)",taxation,6,0.25,False,True,False
73,120-2,74333.0,"(21, 4)",taxation,6,0.25,False,True,False
73,125-2,71146.0,"(35, 5)",taxation,6,0.25,False,True,False
73,41-2,71155.0,"(9, 40)",taxation,6,0.25,False,True,False
73,209-2,74356.5,"(41, 27)",taxation,6,0.25,False,True,False
73,113-2,67920.75,"(24, 44)",taxation,6,0.25,False,True,False
73,68-2,55081.75,"(2, 38)",taxation,6,0.25,False,True,False
73,161-2,55077.0,"(2, 48)",taxation,6,0.25,False,True,False
73,175-2,55060.5,"(38, 35)",taxation,6,0.25,False,True,False
73,85-2,58289.0,"(11, 48)",taxation,6,0.25,False,True,False
73,234-2,67902.5,"(2, 32)",taxation,6,0.25,False,True,False
73,45-2,67918.75,"(22, 2)",taxation,6,0.25,False,True,False
73,196-2,45439.0,"(23, 1)",taxation,6,0.25,False,True,False
73,174-2,71130.5,"(5, 36)",taxation,6,0.25,False,True,False
73,103-2,64695.5,"(43, 26)",taxation,6,0.25,False,True,False
73,33-2,51854.25,"(24, 5)",taxation,6,0.25,False,True,False
73,19-2,67901.0,"(38, 36)",taxation,6,0.25,False,True,False
73,130-2,71124.5,"(44, 23)",taxation,6,0.25,False,True,False
73,155-2,67946.25,"(17, 3)",taxation,6,0.25,False,True,False
73,86-2,64706.0,"(18, 2)",taxation,6,0.25,False,True,False
73,164-2,67928.25,"(48, 29)",taxation,6,0.25,False,True,False
73,2-2,64711.75,"(1, 40)",taxation,6,0.25,False,True,False
73,11-2,51815.25,"(25, 5)",taxation,6,0.25,False,True,False
73,202-2,74330.0,"(47, 27)",taxation,6,0.25,False,True,False
73,121-2,64718.0,"(5, 19)",taxation,6,0.25,False,True,False
73,163-2,77572.0,"(3, 40)",taxation,6,0.25,False,True,False
73,18-2,74347.75,"(31, 43)",taxation,6,0.25,False,True,False
73,132-2,71118.75,"(49, 24)",taxation,6,0.25,False,True,False
73,160-2,58268.0,"(1, 41)",taxation,6,0.25,False,True,False
73,221-2,61498.5,"(0, 41)",taxation,6,0.25,False,True,False
73,90-2,58286.5,"(40, 4)",taxation,6,0.25,False,True,False
73,64-2,64685.0,"(37, 2)",taxation,6,0.25,False,True,False
73,102-2,45415.5,"(16, 6)",taxation,6,0.25,False,True,False
73,188-2,64713.5,"(0, 40)",taxation,6,0.25,False,True,False
73,92-2,71116.0,"(34, 10)",taxation,6,0.25,False,True,False
73,96-2,74341.5,"(6, 29)",taxation,6,0.25,False,True,False
73,107-2,71120.5,"(3, 32)",taxation,6,0.25,False,True,False
73,80-2,71115.5,"(46, 20)",taxation,6,0.25,False,True,False
73,237-2,51831.75,"(23, 4)",taxation,6,0.25,False,True,False
73,13-2,61488.25,"(37, 3)",taxation,6,0.25,False,True,False
73,104-2,61497.5,"(38, 6)",taxation,6,0.25,False,True,False
73,27-2,58262.75,"(37, 6)",taxation,6,0.25,False,True,False
73,248-2,64682.25,"(43, 29)",taxation,6,0.25,False,True,False
73,48-2,67881.0,"(36, 5)",taxation,6,0.25,False,True,False
73,57-2,58249.25,"(47, 24)",taxation,6,0.25,False,True,False
73,184-2,64660.25,"(43, 36)",taxation,6,0.25,False,True,False
73,30-2,74330.25,"(5, 43)",taxation,6,0.25,False,True,False
73,108-2,35739.25,"(20, 47)",taxation,6,0.25,False,True,False
73,166-2,61469.25,"(21, 10)",taxation,6,0.25,False,True,False
73,233-2,61490.25,"(1, 49)",taxation,6,0.25,False,True,False
73,69-2,71097.5,"(19, 1)",taxation,6,0.25,False,True,False
73,229-2,71149.25,"(19, 43)",taxation,6,0.25,False,True,False
73,236-2,64672.25,"(35, 19)",taxation,6,0.25,False,True,False
73,109-2,64695.5,"(43, 23)",taxation,6,0.25,False,True,False
73,235-2,64674.25,"(24, 3)",taxation,6,0.25,False,True,False
73,62-2,64690.5,"(5, 25)",taxation,6,0.25,False,True,False
73,89-2,67917.75,"(1, 46)",taxation,6,0.25,False,True,False
73,58-2,67860.5,"(5, 34)",taxation,6,0.25,False,True,False
73,61-2,77548.25,"(1, 34)",taxation,6,0.25,False,True,False
73,152-2,67897.25,"(10, 39)",taxation,6,0.25,False,True,False
73,124-2,61466.25,"(38, 1)",taxation,6,0.25,False,True,False
73,97-2,51809.75,"(1, 45)",taxation,6,0.25,False,True,False
73,232-2,38954.25,"(37, 21)",taxation,6,0.25,False,True,False
73,116-2,71117.5,"(44, 28)",taxation,6,0.25,False,True,False
73,37-2,67893.75,"(45, 26)",taxation,6,0.25,False,True,False
73,7-2,48621.5,"(2, 33)",taxation,6,0.25,False,True,False
73,26-2,51822.75,"(23, 43)",taxation,6,0.25,False,True,False
73,117-2,58260.5,"(2, 39)",taxation,6,0.25,False,True,False
73,82-2,67891.5,"(0, 46)",taxation,6,0.25,False,True,False
73,88-2,64682.0,"(25, 3)",taxation,6,0.25,False,True,False
73,59-2,58231.25,"(2, 31)",taxation,6,0.25,False,True,False
73,52-2,48602.25,"(39, 32)",taxation,6,0.25,False,True,False
73,194-2,58255.5,"(18, 4)",taxation,6,0.25,False,True,False
73,72-2,74307.5,"(2, 34)",taxation,6,0.25,False,True,False
73,199-2,74291.0,"(24, 4)",taxation,6,0.25,False,True,False
73,43-2,64661.75,"(34, 33)",taxation,6,0.25,False,True,False
73,128-2,71098.0,"(38, 4)",taxation,6,0.25,False,True,False
73,84-2,64670.5,"(4, 26)",taxation,6,0.25,False,True,False
73,114-2,74318.75,"(46, 24)",taxation,6,0.25,False,True,False
73,223-2,45353.0,"(20, 6)",taxation,6,0.25,False,True,False
73,123-2,74323.75,"(34, 7)",taxation,6,0.25,False,True,False
73,215-2,71089.5,"(20, 3)",taxation,6,0.25,False,True,False
73,127-2,67864.0,"(25, 4)",taxation,6,0.25,False,True,False
73,24-2,51816.5,"(46, 23)",taxation,6,0.25,False,True,False
73,136-2,51803.5,"(0, 44)",taxation,6,0.25,False,True,False
73,65-2,74298.25,"(17, 2)",taxation,6,0.25,False,True,False
73,14-2,16443.5,"(35, 4)",taxation,6,0.25,False,True,False
73,185-2,64676.5,"(3, 41)",taxation,6,0.25,False,True,False
73,77-2,55015.5,"(4, 34)",taxation,6,0.25,False,True,False
73,36-2,48588.25,"(6, 44)",taxation,6,0.25,False,True,False
73,190-2,64670.75,"(49, 27)",taxation,6,0.25,False,True,False
73,46-2,45374.0,"(44, 31)",taxation,6,0.25,False,True,False
73,218-2,74328.5,"(4, 48)",taxation,6,0.25,False,True,False
73,220-2,71097.0,"(9, 44)",taxation,6,0.25,False,True,False
73,224-2,55011.75,"(38, 30)",taxation,6,0.25,False,True,False
73,129-2,61458.0,"(18, 3)",taxation,6,0.25,False,True,False
73,157-2,61435.25,"(38, 2)",taxation,6,0.25,False,True,False
73,195-2,29278.25,"(31, 42)",taxation,6,0.25,False,True,False
73,8-2,64674.0,"(3, 48)",taxation,6,0.25,False,True,False
73,119-2,64649.0,"(21, 1)",taxation,6,0.25,False,True,False
73,99-2,61423.25,"(21, 3)",taxation,6,0.25,False,True,False
73,135-2,64653.75,"(7, 30)",taxation,6,0.25,False,True,False
73,47-2,45375.75,"(3, 42)",taxation,6,0.25,False,True,False
73,79-2,61440.25,"(3, 46)",taxation,6,0.25,False,True,False
73,87-2,64634.5,"(36, 14)",taxation,6,0.25,False,True,False
73,15-2,58234.75,"(39, 36)",taxation,6,0.25,False,True,False
73,29-2,64656.25,"(1, 39)",taxation,6,0.25,False,True,False
73,178-2,71088.25,"(38, 7)",taxation,6,0.25,False,True,False
73,60-2,67863.25,"(1, 43)",taxation,6,0.25,False,True,False
73,192-2,58234.0,"(19, 2)",taxation,6,0.25,False,True,False
73,49-2,61443.5,"(4, 47)",taxation,6,0.25,False,True,False
73,81-2,61447.25,"(43, 22)",taxation,6,0.25,False,True,False
73,118-2,71073.5,"(5, 35)",taxation,6,0.25,False,True,False
73,34-2,58216.0,"(5, 20)",taxation,6,0.25,False,True,False
73,211-2,42129.75,"(22, 3)",taxation,6,0.25,False,True,False
73,177-2,64666.75,"(49, 28)",taxation,6,0.25,False,True,False
73,39-2,45348.5,"(17, 1)",taxation,6,0.25,False,True,False
73,245-2,71085.75,"(0, 42)",taxation,6,0.25,False,True,False
73,131-2,64662.0,"(0, 43)",taxation,6,0.25,False,True,False
73,213-2,64656.5,"(6, 47)",taxation,6,0.25,False,True,False
73,9-2,55011.25,"(41, 3)",taxation,6,0.25,False,True,False
73,171-2,64669.5,"(1, 38)",taxation,6,0.25,False,True,False
73,230-2,51796.0,"(2, 44)",taxation,6,0.25,False,True,False
73,217-2,38920.5,"(9, 24)",taxation,6,0.25,False,True,False
73,227-2,71059.5,"(43, 31)",taxation,6,0.25,False,True,False
74,3,51874.0,"(16, 5)",taxation,6,0.25,False,True,False
74,12,81896.0,"(31, 2)",taxation,6,0.25,False,True,False
74,20,81903.0,"(46, 30)",taxation,6,0.25,False,True,False
74,35,86200.0,"(8, 31)",taxation,6,0.25,False,True,False
74,44,56204.0,"(34, 1)",taxation,6,0.25,False,True,False
74,66,94766.0,"(44, 36)",taxation,6,0.25,False,True,False
74,67,64759.0,"(28, 39)",taxation,6,0.25,False,True,False
74,70,90484.0,"(5, 30)",taxation,6,0.25,False,True,False
74,93,39037.0,"(31, 8)",taxation,6,0.25,False,True,False
74,101,86233.0,"(9, 39)",taxation,6,0.25,False,True,False
74,126,86171.0,"(30, 41)",taxation,6,0.25,False,True,False
74,138,90465.0,"(42, 33)",taxation,6,0.25,False,True,False
74,143,86179.0,"(5, 41)",taxation,6,0.25,False,True,False
74,150,73330.0,"(26, 7)",taxation,6,0.25,False,True,False
74,151,69033.0,"(2, 26)",taxation,6,0.25,False,True,False
74,153,43299.0,"(3, 29)",taxation,6,0.25,False,True,False
74,159,69056.0,"(44, 32)",taxation,6,0.25,False,True,False
74,181,86181.00000000001,"(47, 30)",taxation,6,0.25,False,True,False
74,191,99036.0,"(29, 45)",taxation,6,0.25,False,True,False
74,197,69040.0,"(1, 36)",taxation,6,0.25,False,True,False
74,200,81886.0,"(27, 0)",taxation,6,0.25,False,True,False
74,210,103310.0,"(8, 46)",taxation,6,0.25,False,True,False
74,216,94756.0,"(21, 5)",taxation,6,0.25,False,True,False
74,222,86195.0,"(46, 27)",taxation,6,0.25,False,True,False
74,238,86222.0,"(31, 45)",taxation,6,0.25,False,True,False
74,239,86180.0,"(49, 32)",taxation,6,0.25,False,True,False
74,243,81911.0,"(27, 5)",taxation,6,0.25,False,True,False
74,219-2,75448.0,"(32, 9)",taxation,6,0.25,False,True,False
74,158-2,62595.0,"(47, 28)",taxation,6,0.25,False,True,False
74,139-2,77610.25,"(40, 30)",taxation,6,0.25,False,True,False
74,179-2,56216.5,"(32, 12)",taxation,6,0.25,False,True,False
74,28-2,59422.25,"(30, 3)",taxation,6,0.25,False,True,False
74,187-2,34749.0,"(28, 3)",taxation,6,0.25,False,True,False
74,146-2,26185.0,"(39, 31)",taxation,6,0.25,False,True,False
74,94-2,21908.0,"(29, 2)",taxation,6,0.25,False,True,False
74,154-2,30473.0,"(49, 31)",taxation,6,0.25,False,True,False
74,173-2,17629.0,"(26, 47)",taxation,6,0.25,False,True,False
74,240-2,21873.0,"(43, 33)",taxation,6,0.25,False,True,False
74,246-2,64759.0,"(17, 7)",taxation,6,0.25,False,True,False
74,98-2,34787.0,"(4, 31)",taxation,6,0.25,False,True,False
74,140-2,515.0,"(2, 27)",taxation,6,0.25,False,True,False
74,176-2,502.0,"(45, 27)",taxation,6,0.25,False,True,False
74,208-2,69039.25,"(46, 19)",taxation,6,0.25,False,True,False
74,170-2,59407.75,"(6, 36)",taxation,6,0.25,False,True,False
74,1-2,49744.25,"(7, 45)",taxation,6,0.25,False,True,False
74,23-2,70121.0,"(37, 0)",taxation,6,0.25,False,True,False
74,17-2,71185.5,"(32, 5)",taxation,6,0.25,False,True,False
74,31-2,77598.5,"(29, 0)",taxation,6,0.25,False,True,False
74,228-2,50852.0,"(44, 33)",taxation,6,0.25,False,True,False
74,149-2,58361.0,"(32, 4)",taxation,6,0.25,False,True,False
74,206-2,65845.25,"(0, 35)",taxation,6,0.25,False,True,False
74,242-2,29390.25,"(41, 28)",taxation,6,0.25,False,True,False
74,75-2,61558.0,"(25, 0)",taxation,6,0.25,False,True,False
74,74-2,75472.0,"(47, 32)",taxation,6,0.25,False,True,False
74,241-2,61527.5,"(31, 12)",taxation,6,0.25,False,True,False
74,42-2,48708.5,"(9, 45)",taxation,6,0.25,False,True,False
74,142-2,42237.75,"(46, 35)",taxation,6,0.25,False,True,False
74,172-2,71163.75,"(36, 1)",taxation,6,0.25,False,True,False
74,167-2,67966.75,"(43, 32)",taxation,6,0.25,False,True,False
74,38-2,67981.5,"(30, 45)",taxation,6,0.25,False,True,False
74,198-2,61551.5,"(22, 4)",taxation,6,0.25,False,True,False
74,0-2,45480.25,"(2, 42)",taxation,6,0.25,False,True,False
74,6-2,74404.0,"(29, 7)",taxation,6,0.25,False,True,False
74,76-2,64771.750000000015,"(23, 42)",taxation,6,0.25,False,True,False
74,144-2,64766.5,"(21, 47)",taxation,6,0.25,False,True,False
74,25-2,58312.0,"(16, 2)",taxation,6,0.25,False,True,False
74,40-2,71201.0,"(0, 32)",taxation,6,0.25,False,True,False
74,10-2,67951.25,"(31, 6)",taxation,6,0.25,False,True,False
74,180-2,64755.25,"(40, 31)",taxation,6,0.25,False,True,False
74,212-2,67941.75,"(40, 32)",taxation,6,0.25,False,True,False
74,63-2,61505.75,"(5, 17)",taxation,6,0.25,False,True,False
74,189-2,58341.5,"(0, 48)",taxation,6,0.25,False,True,False
74,54-2,64760.25,"(33, 0)",taxation,6,0.25,False,True,False
74,4-2,48666.25,"(49, 22)",taxation,6,0.25,False,True,False
74,83-2,71171.75,"(48, 20)",taxation,6,0.25,False,True,False
74,249-2,67981.0,"(17, 47)",taxation,6,0.25,False,True,False
74,22-2,74391.0,"(7, 39)",taxation,6,0.25,False,True,False
74,205-2,32595.75,"(40, 15)",taxation,6,0.25,False,True,False
74,156-2,48680.5,"(32, 10)",taxation,6,0.25,False,True,False
74,51-2,67968.5,"(9, 43)",taxation,6,0.25,False,True,False
74,133-2,58313.0,"(7, 47)",taxation,6,0.25,False,True,False
74,73-2,67965.25,"(24, 42)",taxation,6,0.25,False,True,False
74,56-2,64750.75,"(28, 2)",taxation,6,0.25,False,True,False
74,182-2,67962.25,"(25, 6)",taxation,6,0.25,False,True,False
74,71-2,71164.25,"(45, 30)",taxation,6,0.25,False,True,False
74,91-2,71160.75,"(8, 39)",taxation,6,0.25,False,True,False
74,226-2,64720.75,"(41, 30)",taxation,6,0.25,False,True,False
74,225-2,67951.75,"(10, 47)",taxation,6,0.25,False,True,False
74,148-2,51871.25,"(47, 31)",taxation,6,0.25,False,True,False
74,16-2,74384.5,"(27, 4)",taxation,6,0.25,False,True,False
74,111-2,71165.25,"(1, 35)",taxation,6,0.25,False,True,False
74,134-2,64739.0,"(33, 10)",taxation,6,0.25,False,True,False
74,168-2,71188.5,"(23, 41)",taxation,6,0.25,False,True,False
74,106-2,61544.75,"(30, 46)",taxation,6,0.25,False,True,False
74,162-2,67945.5,"(29, 41)",taxation,6,0.25,False,True,False
74,214-2,42207.0,"(41, 32)",taxation,6,0.25,False,True,False
74,110-2,74373.0,"(45, 34)",taxation,6,0.25,False,True,False
74,95-2,74385.5,"(46, 32)",taxation,6,0.25,False,True,False
74,122-2,55084.25,"(7, 48)",taxation,6,0.25,False,True,False
74,231-2,42213.75,"(24, 0)",taxation,6,0.25,False,True,False
74,100-2,64743.75,"(40, 29)",taxation,6,0.25,False,True,False
74,141-2,51874.5,"(1, 27)",taxation,6,0.25,False,True,False
74,165-2,77580.0,"(32, 2)",taxation,6,0.25,False,True,False
74,186-2,61524.25,"(36, 26)",taxation,6,0.25,False,True,False
74,201-2,45408.25,"(38, 0)",taxation,6,0.25,False,True,False
74,21-2,61529.25,"(46, 29)",taxation,6,0.25,False,True,False
74,183-2,45451.75,"(23, 0)",taxation,6,0.25,False,True,False
74,203-2,77570.25,"(32, 6)",taxation,6,0.25,False,True,False
74,32-2,71144.75,"(41, 6)",taxation,6,0.25,False,True,False
74,115-2,71144.75,"(0, 33)",taxation,6,0.25,False,True,False
74,169-2,51875.0,"(38, 27)",taxation,6,0.25,False,True,False
74,78-2,61519.25,"(2, 43)",taxation,6,0.25,False,True,False
74,137-2,58297.5,"(27, 1)",taxation,6,0.25,False,True,False
74,55-2,71143.25,"(48, 32)",taxation,6,0.25,False,True,False
74,112-2,71152.5,"(16, 0)",taxation,6,0.25,False,True,False
74,193-2,58316.5,"(47, 33)",taxation,6,0.25,False,True,False
74,50-2,74359.5,"(27, 44)",taxation,6,0.25,False,True,False
74,53-2,42217.25,"(18, 1)",taxation,6,0.25,False,True,False
74,5-2,29343.5,"(48, 33)",taxation,6,0.25,False,True,False
74,247-2,58286.0,"(38, 3)",taxation,6,0.25,False,True,False
74,147-2,64731.75,"(32, 7)",taxation,6,0.25,False,True,False
74,145-2,67937.0,"(17, 0)",taxation,6,0.25,False,True,False
74,207-2,51843.75,"(44, 34)",taxation,6,0.25,False,True,False
74,120-2,74341.0,"(22, 1)",taxation,6,0.25,False,True,False
74,125-2,71154.0,"(30, 4)",taxation,6,0.25,False,True,False
74,41-2,71163.0,"(10, 43)",taxation,6,0.25,False,True,False
74,209-2,74363.5,"(42, 29)",taxation,6,0.25,False,True,False
74,113-2,67929.75,"(26, 45)",taxation,6,0.25,False,True,False
74,68-2,55089.75,"(3, 33)",taxation,6,0.25,False,True,False
74,161-2,55079.0,"(8, 47)",taxation,6,0.25,False,True,False
74,175-2,55068.5,"(42, 34)",taxation,6,0.25,False,True,False
74,85-2,58298.0,"(6, 48)",taxation,6,0.25,False,True,False
74,234-2,67910.5,"(2, 30)",taxation,6,0.25,False,True,False
74,45-2,67925.75,"(27, 2)",taxation,6,0.25,False,True,False
74,196-2,45447.0,"(25, 1)",taxation,6,0.25,False,True,False
74,174-2,71138.5,"(9, 36)",taxation,6,0.25,False,True,False
74,103-2,64702.5,"(43, 28)",taxation,6,0.25,False,True,False
74,33-2,51862.25,"(28, 5)",taxation,6,0.25,False,True,False
74,19-2,67909.0,"(43, 34)",taxation,6,0.25,False,True,False
74,130-2,71132.5,"(39, 29)",taxation,6,0.25,False,True,False
74,155-2,67952.25,"(23, 7)",taxation,6,0.25,False,True,False
74,86-2,64714.0,"(19, 0)",taxation,6,0.25,False,True,False
74,164-2,67936.25,"(49, 33)",taxation,6,0.25,False,True,False
74,2-2,64720.75,"(0, 36)",taxation,6,0.25,False,True,False
74,11-2,51823.25,"(28, 6)",taxation,6,0.25,False,True,False
74,202-2,74339.0,"(48, 31)",taxation,6,0.25,False,True,False
74,121-2,64726.0,"(2, 25)",taxation,6,0.25,False,True,False
74,163-2,77581.0,"(2, 41)",taxation,6,0.25,False,True,False
74,18-2,74355.75,"(29, 44)",taxation,6,0.25,False,True,False
74,132-2,71125.75,"(49, 26)",taxation,6,0.25,False,True,False
74,160-2,58270.0,"(6, 38)",taxation,6,0.25,False,True,False
74,221-2,61507.5,"(0, 37)",taxation,6,0.25,False,True,False
74,90-2,58293.5,"(36, 2)",taxation,6,0.25,False,True,False
74,64-2,64692.0,"(32, 0)",taxation,6,0.25,False,True,False
74,102-2,45421.5,"(19, 11)",taxation,6,0.25,False,True,False
74,188-2,64722.5,"(0, 38)",taxation,6,0.25,False,True,False
74,92-2,71123.0,"(31, 10)",taxation,6,0.25,False,True,False
74,96-2,74349.5,"(3, 30)",taxation,6,0.25,False,True,False
74,107-2,71129.5,"(1, 32)",taxation,6,0.25,False,True,False
74,80-2,71121.5,"(47, 19)",taxation,6,0.25,False,True,False
74,237-2,51838.75,"(27, 6)",taxation,6,0.25,False,True,False
74,13-2,61496.25,"(33, 2)",taxation,6,0.25,False,True,False
74,104-2,61505.5,"(33, 7)",taxation,6,0.25,False,True,False
74,27-2,58269.75,"(33, 5)",taxation,6,0.25,False,True,False
74,248-2,64690.25,"(46, 34)",taxation,6,0.25,False,True,False
74,48-2,67888.0,"(31, 5)",taxation,6,0.25,False,True,False
74,57-2,58255.25,"(47, 22)",taxation,6,0.25,False,True,False
74,184-2,64669.25,"(45, 35)",taxation,6,0.25,False,True,False
74,30-2,74338.25,"(9, 41)",taxation,6,0.25,False,True,False
74,108-2,35747.25,"(23, 48)",taxation,6,0.25,False,True,False
74,166-2,61476.25,"(25, 9)",taxation,6,0.25,False,True,False
74,233-2,61492.25,"(7, 43)",taxation,6,0.25,False,True,False
74,69-2,71104.5,"(22, 5)",taxation,6,0.25,False,True,False
74,229-2,71157.25,"(21, 45)",taxation,6,0.25,False,True,False
74,236-2,64679.25,"(39, 24)",taxation,6,0.25,False,True,False
74,109-2,64702.5,"(47, 23)",taxation,6,0.25,False,True,False
74,235-2,64681.25,"(28, 4)",taxation,6,0.25,False,True,False
74,62-2,64698.5,"(3, 27)",taxation,6,0.25,False,True,False
74,89-2,67919.75,"(7, 46)",taxation,6,0.25,False,True,False
74,58-2,67868.5,"(6, 32)",taxation,6,0.25,False,True,False
74,61-2,77556.25,"(0, 31)",taxation,6,0.25,False,True,False
74,152-2,67906.25,"(7, 41)",taxation,6,0.25,False,True,False
74,124-2,61474.25,"(33, 1)",taxation,6,0.25,False,True,False
74,97-2,51819.75,"(1, 48)",taxation,6,0.25,False,True,False
74,232-2,38960.25,"(37, 22)",taxation,6,0.25,False,True,False
74,116-2,71125.5,"(42, 31)",taxation,6,0.25,False,True,False
74,37-2,67900.75,"(41, 31)",taxation,6,0.25,False,True,False
74,7-2,48630.5,"(1, 33)",taxation,6,0.25,False,True,False
74,26-2,51831.75,"(27, 46)",taxation,6,0.25,False,True,False
74,117-2,58269.5,"(1, 37)",taxation,6,0.25,False,True,False
74,82-2,67900.5,"(2, 45)",taxation,6,0.25,False,True,False
74,88-2,64690.0,"(26, 2)",taxation,6,0.25,False,True,False
74,59-2,58240.25,"(0, 34)",taxation,6,0.25,False,True,False
74,52-2,48610.25,"(45, 36)",taxation,6,0.25,False,True,False
74,194-2,58261.5,"(22, 10)",taxation,6,0.25,False,True,False
74,72-2,74315.5,"(1, 30)",taxation,6,0.25,False,True,False
74,199-2,74298.0,"(27, 3)",taxation,6,0.25,False,True,False
74,43-2,64669.75,"(39, 30)",taxation,6,0.25,False,True,False
74,128-2,71105.0,"(32, 3)",taxation,6,0.25,False,True,False
74,84-2,64678.5,"(2, 28)",taxation,6,0.25,False,True,False
74,114-2,74325.75,"(47, 26)",taxation,6,0.25,False,True,False
74,223-2,45360.0,"(23, 6)",taxation,6,0.25,False,True,False
74,123-2,74330.75,"(32, 8)",taxation,6,0.25,False,True,False
74,215-2,71097.5,"(20, 0)",taxation,6,0.25,False,True,False
74,127-2,67872.0,"(25, 2)",taxation,6,0.25,False,True,False
74,24-2,51823.5,"(48, 22)",taxation,6,0.25,False,True,False
74,136-2,51812.5,"(5, 45)",taxation,6,0.25,False,True,False
74,65-2,74300.25,"(19, 8)",taxation,6,0.25,False,True,False
74,14-2,16451.5,"(29, 3)",taxation,6,0.25,False,True,False
74,185-2,64684.5,"(8, 40)",taxation,6,0.25,False,True,False
74,77-2,55023.5,"(4, 30)",taxation,6,0.25,False,True,False
74,36-2,48598.25,"(0, 49)",taxation,6,0.25,False,True,False
74,190-2,64678.75,"(48, 28)",taxation,6,0.25,False,True,False
74,46-2,45383.0,"(45, 32)",taxation,6,0.25,False,True,False
74,218-2,74337.5,"(2, 47)",taxation,6,0.25,False,True,False
74,220-2,71106.0,"(6, 43)",taxation,6,0.25,False,True,False
74,224-2,55020.75,"(44, 35)",taxation,6,0.25,False,True,False
74,129-2,61466.0,"(18, 0)",taxation,6,0.25,False,True,False
74,157-2,61443.25,"(32, 1)",taxation,6,0.25,False,True,False
74,195-2,29287.25,"(29, 43)",taxation,6,0.25,False,True,False
74,8-2,64683.0,"(6, 46)",taxation,6,0.25,False,True,False
74,119-2,64657.0,"(21, 0)",taxation,6,0.25,False,True,False
74,99-2,61431.25,"(26, 0)",taxation,6,0.25,False,True,False
74,135-2,64661.75,"(6, 30)",taxation,6,0.25,False,True,False
74,47-2,45385.75,"(0, 47)",taxation,6,0.25,False,True,False
74,79-2,61444.25,"(9, 46)",taxation,6,0.25,False,True,False
74,87-2,64641.5,"(32, 11)",taxation,6,0.25,False,True,False
74,15-2,58242.75,"(41, 33)",taxation,6,0.25,False,True,False
74,29-2,64662.25,"(4, 33)",taxation,6,0.25,False,True,False
74,178-2,71095.25,"(33, 4)",taxation,6,0.25,False,True,False
74,60-2,67871.25,"(7, 44)",taxation,6,0.25,False,True,False
74,192-2,58241.0,"(23, 5)",taxation,6,0.25,False,True,False
74,49-2,61446.5,"(10, 44)",taxation,6,0.25,False,True,False
74,81-2,61454.25,"(48, 27)",taxation,6,0.25,False,True,False
74,118-2,71081.5,"(5, 31)",taxation,6,0.25,False,True,False
74,34-2,58224.0,"(1, 26)",taxation,6,0.25,False,True,False
74,211-2,42137.75,"(24, 1)",taxation,6,0.25,False,True,False
74,177-2,64675.75,"(49, 30)",taxation,6,0.25,False,True,False
74,39-2,45356.5,"(22, 0)",taxation,6,0.25,False,True,False
74,245-2,71087.75,"(6, 40)",taxation,6,0.25,False,True,False
74,131-2,64663.0,"(1, 42)",taxation,6,0.25,False,True,False
74,213-2,64664.5,"(10, 45)",taxation,6,0.25,False,True,False
74,9-2,55017.25,"(37, 4)",taxation,6,0.25,False,True,False
74,171-2,64671.5,"(6, 37)",taxation,6,0.25,False,True,False
74,230-2,51805.0,"(6, 45)",taxation,6,0.25,False,True,False
74,217-2,38928.5,"(3, 26)",taxation,6,0.25,False,True,False
74,227-2,71068.5,"(45, 33)",taxation,6,0.25,False,True,False
74,244-2,74296.5,"(26, 1)",taxation,6,0.25,False,True,False
74,204-2,71071.5,"(14, 43)",taxation,6,0.25,False,True,False
74,105-2,58207.5,"(35, 20)",taxation,6,0.25,False,True,False
75,3,51877.0,"(16, 9)",taxation,6,0.25,False,True,False
75,12,81898.0,"(34, 6)",taxation,6,0.25,False,True,False
75,20,81905.0,"(42, 27)",taxation,6,0.25,False,True,False
75,35,86208.0,"(6, 26)",taxation,6,0.25,False,True,False
75,44,56211.0,"(35, 1)",taxation,6,0.25,False,True,False
75,66,94774.0,"(42, 36)",taxation,6,0.25,False,True,False
75,67,64768.0,"(27, 40)",taxation,6,0.25,False,True,False
75,70,90492.0,"(5, 24)",taxation,6,0.25,False,True,False
75,93,39045.0,"(31, 11)",taxation,6,0.25,False,True,False
75,101,86241.0,"(12, 33)",taxation,6,0.25,False,True,False
75,126,86180.0,"(26, 42)",taxation,6,0.25,False,True,False
75,138,90472.0,"(36, 34)",taxation,6,0.25,False,True,False
75,143,86184.0,"(10, 40)",taxation,6,0.25,False,True,False
75,150,73337.0,"(28, 9)",taxation,6,0.25,False,True,False
75,151,69042.0,"(0, 26)",taxation,6,0.25,False,True,False
75,153,43308.0,"(2, 29)",taxation,6,0.25,False,True,False
75,159,69063.0,"(38, 26)",taxation,6,0.25,False,True,False
75,181,86183.00000000001,"(44, 25)",taxation,6,0.25,False,True,False
75,191,99044.0,"(28, 47)",taxation,6,0.25,False,True,False
75,200,81894.0,"(28, 0)",taxation,6,0.25,False,True,False
75,210,103317.0,"(14, 49)",taxation,6,0.25,False,True,False
75,216,94763.0,"(25, 7)",taxation,6,0.25,False,True,False
75,222,86202.0,"(42, 28)",taxation,6,0.25,False,True,False
75,238,86231.0,"(29, 47)",taxation,6,0.25,False,True,False
75,219-2,75455.0,"(35, 9)",taxation,6,0.25,False,True,False
75,158-2,62604.0,"(49, 34)",taxation,6,0.25,False,True,False
75,179-2,56223.5,"(32, 13)",taxation,6,0.25,False,True,False
75,28-2,59429.25,"(36, 6)",taxation,6,0.25,False,True,False
75,187-2,34756.0,"(34, 9)",taxation,6,0.25,False,True,False
75,146-2,26193.0,"(37, 34)",taxation,6,0.25,False,True,False
75,94-2,21916.0,"(29, 1)",taxation,6,0.25,False,True,False
75,154-2,30475.0,"(44, 26)",taxation,6,0.25,False,True,False
75,173-2,17637.0,"(26, 48)",taxation,6,0.25,False,True,False
75,240-2,21881.0,"(37, 33)",taxation,6,0.25,False,True,False
75,246-2,64766.0,"(21, 11)",taxation,6,0.25,False,True,False
75,98-2,34794.0,"(9, 31)",taxation,6,0.25,False,True,False
75,140-2,523.0,"(2, 24)",taxation,6,0.25,False,True,False
75,176-2,505.0,"(39, 25)",taxation,6,0.25,False,True,False
75,208-2,69046.25,"(44, 18)",taxation,6,0.25,False,True,False
75,170-2,59412.75,"(11, 31)",taxation,6,0.25,False,True,False
75,1-2,49752.25,"(11, 45)",taxation,6,0.25,False,True,False
75,23-2,70127.0,"(39, 0)",taxation,6,0.25,False,True,False
75,17-2,71192.5,"(35, 7)",taxation,6,0.25,False,True,False
75,31-2,77606.5,"(30, 0)",taxation,6,0.25,False,True,False
75,149-2,58369.0,"(31, 3)",taxation,6,0.25,False,True,False
75,206-2,65847.25,"(3, 35)",taxation,6,0.25,False,True,False
75,242-2,29397.25,"(36, 31)",taxation,6,0.25,False,True,False
75,75-2,61559.0,"(24, 2)",taxation,6,0.25,False,True,False
75,74-2,75474.0,"(42, 30)",taxation,6,0.25,False,True,False
75,241-2,61534.5,"(31, 13)",taxation,6,0.25,False,True,False
75,42-2,48715.5,"(15, 44)",taxation,6,0.25,False,True,False
75,142-2,42245.75,"(41, 36)",taxation,6,0.25,False,True,False
75,172-2,71170.75,"(36, 0)",taxation,6,0.25,False,True,False
75,167-2,67974.75,"(38, 33)",taxation,6,0.25,False,True,False
75,38-2,67990.5,"(29, 46)",taxation,6,0.25,False,True,False
75,198-2,61558.5,"(27, 10)",taxation,6,0.25,False,True,False
75,0-2,45483.25,"(7, 40)",taxation,6,0.25,False,True,False
75,6-2,74411.0,"(30, 9)",taxation,6,0.25,False,True,False
75,76-2,64779.750000000015,"(22, 43)",taxation,6,0.25,False,True,False
75,144-2,64775.5,"(25, 48)",taxation,6,0.25,False,True,False
75,25-2,58314.0,"(15, 5)",taxation,6,0.25,False,True,False
75,40-2,71209.0,"(5, 27)",taxation,6,0.25,False,True,False
75,10-2,67958.25,"(30, 8)",taxation,6,0.25,False,True,False
75,180-2,64763.25,"(38, 31)",taxation,6,0.25,False,True,False
75,212-2,67949.75,"(35, 33)",taxation,6,0.25,False,True,False
75,63-2,61513.75,"(3, 17)",taxation,6,0.25,False,True,False
75,189-2,58343.5,"(3, 45)",taxation,6,0.25,False,True,False
75,54-2,64768.25,"(31, 0)",taxation,6,0.25,False,True,False
75,4-2,48673.25,"(44, 16)",taxation,6,0.25,False,True,False
75,83-2,71178.75,"(49, 21)",taxation,6,0.25,False,True,False
75,249-2,67989.0,"(17, 46)",taxation,6,0.25,False,True,False
75,22-2,74398.0,"(13, 33)",taxation,6,0.25,False,True,False
75,205-2,32602.75,"(39, 15)",taxation,6,0.25,False,True,False
75,156-2,48688.5,"(31, 9)",taxation,6,0.25,False,True,False
75,51-2,67974.5,"(14, 42)",taxation,6,0.25,False,True,False
75,133-2,58318.0,"(12, 44)",taxation,6,0.25,False,True,False
75,73-2,67974.25,"(24, 41)",taxation,6,0.25,False,True,False
75,56-2,64752.75,"(30, 7)",taxation,6,0.25,False,True,False
75,182-2,67970.25,"(28, 11)",taxation,6,0.25,False,True,False
75,71-2,71173.25,"(48, 34)",taxation,6,0.25,False,True,False
75,91-2,71167.75,"(14, 34)",taxation,6,0.25,False,True,False
75,226-2,64728.75,"(37, 30)",taxation,6,0.25,False,True,False
75,225-2,67959.75,"(15, 42)",taxation,6,0.25,False,True,False
75,148-2,51879.25,"(42, 35)",taxation,6,0.25,False,True,False
75,16-2,74390.5,"(29, 9)",taxation,6,0.25,False,True,False
75,111-2,71172.25,"(4, 29)",taxation,6,0.25,False,True,False
75,134-2,64746.0,"(34, 11)",taxation,6,0.25,False,True,False
75,168-2,71197.5,"(24, 40)",taxation,6,0.25,False,True,False
75,106-2,61553.75,"(28, 46)",taxation,6,0.25,False,True,False
75,162-2,67954.5,"(26, 40)",taxation,6,0.25,False,True,False
75,214-2,42215.0,"(38, 32)",taxation,6,0.25,False,True,False
75,110-2,74375.0,"(39, 28)",taxation,6,0.25,False,True,False
75,95-2,74393.5,"(40, 35)",taxation,6,0.25,False,True,False
75,122-2,55089.25,"(13, 45)",taxation,6,0.25,False,True,False
75,231-2,42215.75,"(26, 5)",taxation,6,0.25,False,True,False
75,100-2,64751.75,"(34, 34)",taxation,6,0.25,False,True,False
75,141-2,51882.5,"(1, 25)",taxation,6,0.25,False,True,False
75,165-2,77587.0,"(34, 0)",taxation,6,0.25,False,True,False
75,186-2,61532.25,"(36, 28)",taxation,6,0.25,False,True,False
75,201-2,45414.25,"(40, 0)",taxation,6,0.25,False,True,False
75,21-2,61531.25,"(42, 26)",taxation,6,0.25,False,True,False
75,183-2,45452.75,"(23, 1)",taxation,6,0.25,False,True,False
75,203-2,77578.25,"(30, 6)",taxation,6,0.25,False,True,False
75,32-2,71151.75,"(37, 8)",taxation,6,0.25,False,True,False
75,115-2,71146.75,"(3, 34)",taxation,6,0.25,False,True,False
75,169-2,51883.0,"(36, 33)",taxation,6,0.25,False,True,False
75,78-2,61522.25,"(8, 44)",taxation,6,0.25,False,True,False
75,137-2,58299.5,"(24, 6)",taxation,6,0.25,False,True,False
75,55-2,71151.25,"(46, 33)",taxation,6,0.25,False,True,False
75,112-2,71154.5,"(15, 6)",taxation,6,0.25,False,True,False
75,193-2,58318.5,"(41, 29)",taxation,6,0.25,False,True,False
75,50-2,74368.5,"(25, 41)",taxation,6,0.25,False,True,False
75,53-2,42219.25,"(17, 6)",taxation,6,0.25,False,True,False
75,5-2,29344.5,"(45, 31)",taxation,6,0.25,False,True,False
75,247-2,58293.0,"(36, 4)",taxation,6,0.25,False,True,False
75,147-2,64739.75,"(30, 12)",taxation,6,0.25,False,True,False
75,145-2,67939.0,"(17, 5)",taxation,6,0.25,False,True,False
75,207-2,51852.75,"(48, 35)",taxation,6,0.25,False,True,False
75,120-2,74348.0,"(28, 7)",taxation,6,0.25,False,True,False
75,125-2,71162.0,"(30, 1)",taxation,6,0.25,False,True,False
75,41-2,71169.0,"(15, 46)",taxation,6,0.25,False,True,False
75,209-2,74371.5,"(37, 29)",taxation,6,0.25,False,True,False
75,113-2,67938.75,"(27, 45)",taxation,6,0.25,False,True,False
75,68-2,55097.75,"(4, 27)",taxation,6,0.25,False,True,False
75,161-2,55087.0,"(14, 47)",taxation,6,0.25,False,True,False
75,175-2,55076.5,"(40, 36)",taxation,6,0.25,False,True,False
75,85-2,58306.0,"(11, 49)",taxation,6,0.25,False,True,False
75,234-2,67918.5,"(3, 24)",taxation,6,0.25,False,True,False
75,45-2,67927.75,"(26, 8)",taxation,6,0.25,False,True,False
75,196-2,45449.0,"(26, 6)",taxation,6,0.25,False,True,False
75,174-2,71147.5,"(9, 33)",taxation,6,0.25,False,True,False
75,103-2,64708.5,"(38, 25)",taxation,6,0.25,False,True,False
75,33-2,51870.25,"(29, 5)",taxation,6,0.25,False,True,False
75,19-2,67918.0,"(47, 35)",taxation,6,0.25,False,True,False
75,130-2,71140.5,"(38, 29)",taxation,6,0.25,False,True,False
75,155-2,67959.25,"(24, 10)",taxation,6,0.25,False,True,False
75,86-2,64716.0,"(18, 5)",taxation,6,0.25,False,True,False
75,164-2,67937.25,"(48, 30)",taxation,6,0.25,False,True,False
75,2-2,64722.75,"(2, 35)",taxation,6,0.25,False,True,False
75,11-2,51831.25,"(29, 6)",taxation,6,0.25,False,True,False
75,202-2,74341.0,"(48, 25)",taxation,6,0.25,False,True,False
75,121-2,64734.0,"(1, 24)",taxation,6,0.25,False,True,False
75,163-2,77584.0,"(7, 38)",taxation,6,0.25,False,True,False
75,18-2,74364.75,"(28, 45)",taxation,6,0.25,False,True,False
75,132-2,71128.75,"(46, 21)",taxation,6,0.25,False,True,False
75,160-2,58274.0,"(11, 38)",taxation,6,0.25,False,True,False
75,221-2,61509.5,"(3, 37)",taxation,6,0.25,False,True,False
75,90-2,58300.5,"(35, 2)",taxation,6,0.25,False,True,False
75,64-2,64699.0,"(35, 0)",taxation,6,0.25,False,True,False
75,102-2,45428.5,"(22, 11)",taxation,6,0.25,False,True,False
75,188-2,64724.5,"(3, 38)",taxation,6,0.25,False,True,False
75,92-2,71130.0,"(34, 12)",taxation,6,0.25,False,True,False
75,96-2,74357.5,"(3, 28)",taxation,6,0.25,False,True,False
75,107-2,71138.5,"(0, 30)",taxation,6,0.25,False,True,False
75,80-2,71128.5,"(42, 16)",taxation,6,0.25,False,True,False
75,237-2,51845.75,"(33, 12)",taxation,6,0.25,False,True,False
75,13-2,61504.25,"(30, 2)",taxation,6,0.25,False,True,False
75,104-2,61512.5,"(35, 8)",taxation,6,0.25,False,True,False
75,27-2,58276.75,"(33, 6)",taxation,6,0.25,False,True,False
75,248-2,64691.25,"(46, 31)",taxation,6,0.25,False,True,False
75,48-2,67896.0,"(30, 5)",taxation,6,0.25,False,True,False
75,57-2,58262.25,"(45, 16)",taxation,6,0.25,False,True,False
75,184-2,64677.25,"(43, 35)",taxation,6,0.25,False,True,False
75,30-2,74344.25,"(14, 45)",taxation,6,0.25,False,True,False
75,108-2,35755.25,"(23, 49)",taxation,6,0.25,False,True,False
75,166-2,61483.25,"(26, 11)",taxation,6,0.25,False,True,False
75,233-2,61501.25,"(12, 37)",taxation,6,0.25,False,True,False
75,69-2,71111.5,"(27, 11)",taxation,6,0.25,False,True,False
75,229-2,71166.25,"(24, 48)",taxation,6,0.25,False,True,False
75,236-2,64687.25,"(36, 29)",taxation,6,0.25,False,True,False
75,109-2,64709.5,"(46, 22)",taxation,6,0.25,False,True,False
75,235-2,64688.25,"(31, 4)",taxation,6,0.25,False,True,False
75,62-2,64706.5,"(5, 26)",taxation,6,0.25,False,True,False
75,89-2,67924.75,"(12, 45)",taxation,6,0.25,False,True,False
75,58-2,67876.5,"(4, 28)",taxation,6,0.25,False,True,False
75,61-2,77565.25,"(1, 29)",taxation,6,0.25,False,True,False
75,152-2,67912.25,"(12, 35)",taxation,6,0.25,False,True,False
75,124-2,61482.25,"(31, 1)",taxation,6,0.25,False,True,False
75,97-2,51821.75,"(4, 49)",taxation,6,0.25,False,True,False
75,232-2,38968.25,"(37, 28)",taxation,6,0.25,False,True,False
75,116-2,71133.5,"(39, 33)",taxation,6,0.25,False,True,False
75,37-2,67909.75,"(47, 34)",taxation,6,0.25,False,True,False
75,7-2,48636.5,"(5, 28)",taxation,6,0.25,False,True,False
75,26-2,51840.75,"(27, 47)",taxation,6,0.25,False,True,False
75,117-2,58272.5,"(7, 37)",taxation,6,0.25,False,True,False
75,82-2,67903.5,"(8, 41)",taxation,6,0.25,False,True,False
75,88-2,64698.0,"(28, 1)",taxation,6,0.25,False,True,False
75,59-2,58249.25,"(0, 29)",taxation,6,0.25,False,True,False
75,52-2,48611.25,"(43, 36)",taxation,6,0.25,False,True,False
75,194-2,58269.5,"(27, 9)",taxation,6,0.25,False,True,False
75,72-2,74323.5,"(0, 28)",taxation,6,0.25,False,True,False
75,199-2,74301.0,"(24, 9)",taxation,6,0.25,False,True,False
75,43-2,64677.75,"(37, 32)",taxation,6,0.25,False,True,False
75,128-2,71112.0,"(34, 5)",taxation,6,0.25,False,True,False
75,84-2,64687.5,"(1, 28)",taxation,6,0.25,False,True,False
75,114-2,74328.75,"(48, 21)",taxation,6,0.25,False,True,False
75,223-2,45366.0,"(23, 11)",taxation,6,0.25,False,True,False
75,123-2,74338.75,"(30, 11)",taxation,6,0.25,False,True,False
75,215-2,71099.5,"(21, 6)",taxation,6,0.25,False,True,False
75,127-2,67874.0,"(22, 7)",taxation,6,0.25,False,True,False
75,24-2,51830.5,"(44, 21)",taxation,6,0.25,False,True,False
75,136-2,51817.5,"(11, 46)",taxation,6,0.25,False,True,False
75,65-2,74307.25,"(24, 11)",taxation,6,0.25,False,True,False
75,14-2,16459.5,"(29, 4)",taxation,6,0.25,False,True,False
75,185-2,64692.5,"(9, 34)",taxation,6,0.25,False,True,False
75,77-2,55031.5,"(4, 25)",taxation,6,0.25,False,True,False
75,36-2,48600.25,"(5, 49)",taxation,6,0.25,False,True,False
75,190-2,64680.75,"(48, 24)",taxation,6,0.25,False,True,False
75,46-2,45386.0,"(39, 26)",taxation,6,0.25,False,True,False
75,218-2,74340.5,"(8, 45)",taxation,6,0.25,False,True,False
75,220-2,71112.0,"(10, 38)",taxation,6,0.25,False,True,False
75,224-2,55028.75,"(39, 35)",taxation,6,0.25,False,True,False
75,129-2,61468.0,"(18, 6)",taxation,6,0.25,False,True,False
75,157-2,61450.25,"(36, 7)",taxation,6,0.25,False,True,False
75,195-2,29296.25,"(28, 44)",taxation,6,0.25,False,True,False
75,8-2,64689.0,"(12, 49)",taxation,6,0.25,False,True,False
75,119-2,64659.0,"(20, 5)",taxation,6,0.25,False,True,False
75,99-2,61432.25,"(26, 3)",taxation,6,0.25,False,True,False
75,135-2,64669.75,"(6, 27)",taxation,6,0.25,False,True,False
75,47-2,45387.75,"(4, 46)",taxation,6,0.25,False,True,False
75,79-2,61452.25,"(15, 45)",taxation,6,0.25,False,True,False
75,87-2,64648.5,"(33, 13)",taxation,6,0.25,False,True,False
75,15-2,58250.75,"(37, 37)",taxation,6,0.25,False,True,False
75,29-2,64668.25,"(8, 33)",taxation,6,0.25,False,True,False
75,178-2,71102.25,"(35, 3)",taxation,6,0.25,False,True,False
75,60-2,67877.25,"(13, 43)",taxation,6,0.25,False,True,False
75,192-2,58249.0,"(27, 7)",taxation,6,0.25,False,True,False
75,49-2,61454.5,"(14, 46)",taxation,6,0.25,False,True,False
75,81-2,61456.25,"(48, 23)",taxation,6,0.25,False,True,False
75,118-2,71089.5,"(0, 25)",taxation,6,0.25,False,True,False
75,34-2,58233.0,"(0, 27)",taxation,6,0.25,False,True,False
75,211-2,42139.75,"(21, 7)",taxation,6,0.25,False,True,False
75,177-2,64677.75,"(45, 25)",taxation,6,0.25,False,True,False
75,39-2,45358.5,"(19, 5)",taxation,6,0.25,False,True,False
75,245-2,71092.75,"(12, 43)",taxation,6,0.25,False,True,False
75,131-2,64666.0,"(7, 42)",taxation,6,0.25,False,True,False
75,213-2,64672.5,"(16, 43)",taxation,6,0.25,False,True,False
75,9-2,55024.25,"(36, 8)",taxation,6,0.25,False,True,False
75,171-2,64678.5,"(8, 32)",taxation,6,0.25,False,True,False
75,230-2,51811.0,"(12, 48)",taxation,6,0.25,False,True,False
75,217-2,38936.5,"(3, 25)",taxation,6,0.25,False,True,False
75,227-2,71075.5,"(39, 37)",taxation,6,0.25,False,True,False
75,244-2,74298.5,"(31, 7)",taxation,6,0.25,False,True,False
75,204-2,71080.5,"(19, 40)",taxation,6,0.25,False,True,False
75,105-2,58214.5,"(33, 20)",taxation,6,0.25,False,True,False
75,239-2,64636.5,"(43, 27)",taxation,6,0.25,False,True,False
75,243-2,61438.5,"(28, 10)",taxation,6,0.25,False,True,False
75,139-3,58213.6875,"(37, 31)",taxation,6,0.25,False,True,False
75,228-3,38141.25,"(38, 28)",taxation,6,0.25,False,True,False
75,197-2,51782.25,"(7, 36)",taxation,6,0.25,False,True,False
76,3,51885.0,"(14, 13)",taxation,6,0.25,False,True,False
76,12,81905.0,"(39, 9)",taxation,6,0.25,False,True,False
76,20,81909.0,"(37, 27)",taxation,6,0.25,False,True,False
76,35,86217.0,"(4, 24)",taxation,6,0.25,False,True,False
76,44,56218.0,"(40, 1)",taxation,6,0.25,False,True,False
76,66,94778.0,"(36, 30)",taxation,6,0.25,False,True,False
76,67,64777.0,"(28, 40)",taxation,6,0.25,False,True,False
76,70,90501.0,"(6, 23)",taxation,6,0.25,False,True,False
76,93,39053.0,"(34, 15)",taxation,6,0.25,False,True,False
76,101,86248.0,"(16, 33)",taxation,6,0.25,False,True,False
76,126,86189.0,"(25, 42)",taxation,6,0.25,False,True,False
76,138,90480.0,"(34, 35)",taxation,6,0.25,False,True,False
76,143,86191.0,"(16, 40)",taxation,6,0.25,False,True,False
76,150,73345.0,"(32, 15)",taxation,6,0.25,False,True,False
76,210,103325.0,"(19, 49)",taxation,6,0.25,False,True,False
76,216,94770.0,"(24, 13)",taxation,6,0.25,False,True,False
76,238,86240.0,"(29, 48)",taxation,6,0.25,False,True,False
76,219-2,75462.0,"(37, 12)",taxation,6,0.25,False,True,False
76,158-2,62606.0,"(49, 29)",taxation,6,0.25,False,True,False
76,179-2,56230.5,"(33, 16)",taxation,6,0.25,False,True,False
76,28-2,59436.25,"(39, 10)",taxation,6,0.25,False,True,False
76,187-2,34763.0,"(38, 12)",taxation,6,0.25,False,True,False
76,146-2,26201.0,"(32, 34)",taxation,6,0.25,False,True,False
76,94-2,21918.0,"(25, 3)",taxation,6,0.25,False,True,False
76,154-2,30481.0,"(38, 20)",taxation,6,0.25,False,True,False
76,173-2,17646.0,"(26, 49)",taxation,6,0.25,False,True,False
76,240-2,21889.0,"(31, 35)",taxation,6,0.25,False,True,False
76,246-2,64773.0,"(24, 14)",taxation,6,0.25,False,True,False
76,98-2,34802.0,"(10, 25)",taxation,6,0.25,False,True,False
76,140-2,532.0,"(2, 19)",taxation,6,0.25,False,True,False
76,176-2,513.0,"(35, 27)",taxation,6,0.25,False,True,False
76,208-2,69053.25,"(44, 15)",taxation,6,0.25,False,True,False
76,170-2,59420.75,"(11, 25)",taxation,6,0.25,False,True,False
76,1-2,49759.25,"(15, 48)",taxation,6,0.25,False,True,False
76,23-2,70133.0,"(43, 1)",taxation,6,0.25,False,True,False
76,17-2,71200.5,"(36, 13)",taxation,6,0.25,False,True,False
76,31-2,77608.5,"(33, 3)",taxation,6,0.25,False,True,False
76,149-2,58372.0,"(25, 8)",taxation,6,0.25,False,True,False
76,206-2,65851.25,"(8, 34)",taxation,6,0.25,False,True,False
76,242-2,29405.25,"(30, 35)",taxation,6,0.25,False,True,False
76,75-2,61562.0,"(24, 8)",taxation,6,0.25,False,True,False
76,74-2,75482.0,"(36, 32)",taxation,6,0.25,False,True,False
76,241-2,61542.5,"(33, 15)",taxation,6,0.25,False,True,False
76,42-2,48724.5,"(17, 45)",taxation,6,0.25,False,True,False
76,142-2,42249.75,"(35, 34)",taxation,6,0.25,False,True,False
76,172-2,71177.75,"(39, 2)",taxation,6,0.25,False,True,False
76,167-2,67982.75,"(34, 30)",taxation,6,0.25,False,True,False
76,38-2,67999.5,"(29, 49)",taxation,6,0.25,False,True,False
76,198-2,61565.5,"(29, 13)",taxation,6,0.25,False,True,False
76,0-2,45489.25,"(13, 40)",taxation,6,0.25,False,True,False
76,6-2,74419.0,"(35, 14)",taxation,6,0.25,False,True,False
76,76-2,64788.750000000015,"(22, 44)",taxation,6,0.25,False,True,False
76,144-2,64784.5,"(25, 49)",taxation,6,0.25,False,True,False
76,25-2,58318.0,"(15, 9)",taxation,6,0.25,False,True,False
76,40-2,71218.0,"(6, 22)",taxation,6,0.25,False,True,False
76,10-2,67966.25,"(34, 14)",taxation,6,0.25,False,True,False
76,180-2,64770.25,"(33, 36)",taxation,6,0.25,False,True,False
76,212-2,67957.75,"(33, 31)",taxation,6,0.25,False,True,False
76,63-2,61522.75,"(2, 18)",taxation,6,0.25,False,True,False
76,189-2,58347.5,"(8, 49)",taxation,6,0.25,False,True,False
76,54-2,64770.25,"(34, 4)",taxation,6,0.25,False,True,False
76,4-2,48681.25,"(42, 14)",taxation,6,0.25,False,True,False
76,83-2,71185.75,"(46, 16)",taxation,6,0.25,False,True,False
76,249-2,67998.0,"(22, 45)",taxation,6,0.25,False,True,False
76,22-2,74406.0,"(19, 36)",taxation,6,0.25,False,True,False
76,205-2,32610.75,"(37, 16)",taxation,6,0.25,False,True,False
76,156-2,48696.5,"(35, 11)",taxation,6,0.25,False,True,False
76,51-2,67982.5,"(18, 38)",taxation,6,0.25,False,True,False
76,133-2,58327.0,"(17, 40)",taxation,6,0.25,False,True,False
76,73-2,67983.25,"(23, 40)",taxation,6,0.25,False,True,False
76,56-2,64756.75,"(29, 12)",taxation,6,0.25,False,True,False
76,182-2,67977.25,"(26, 15)",taxation,6,0.25,False,True,False
76,71-2,71175.25,"(48, 29)",taxation,6,0.25,False,True,False
76,91-2,71175.75,"(14, 30)",taxation,6,0.25,False,True,False
76,226-2,64736.75,"(31, 34)",taxation,6,0.25,False,True,False
76,225-2,67967.75,"(18, 39)",taxation,6,0.25,False,True,False
76,148-2,51883.25,"(36, 35)",taxation,6,0.25,False,True,False
76,16-2,74397.5,"(28, 15)",taxation,6,0.25,False,True,False
76,111-2,71180.25,"(7, 25)",taxation,6,0.25,False,True,False
76,134-2,64754.0,"(36, 12)",taxation,6,0.25,False,True,False
76,168-2,71206.5,"(26, 38)",taxation,6,0.25,False,True,False
76,106-2,61562.75,"(28, 49)",taxation,6,0.25,False,True,False
76,162-2,67963.5,"(25, 39)",taxation,6,0.25,False,True,False
76,214-2,42223.0,"(32, 38)",taxation,6,0.25,False,True,False
76,110-2,74383.0,"(34, 22)",taxation,6,0.25,False,True,False
76,95-2,74401.5,"(34, 38)",taxation,6,0.25,False,True,False
76,122-2,55096.25,"(17, 42)",taxation,6,0.25,False,True,False
76,231-2,42219.75,"(20, 11)",taxation,6,0.25,False,True,False
76,100-2,64760.75,"(28, 38)",taxation,6,0.25,False,True,False
76,141-2,51891.5,"(3, 20)",taxation,6,0.25,False,True,False
76,165-2,77590.0,"(39, 4)",taxation,6,0.25,False,True,False
76,186-2,61539.25,"(30, 25)",taxation,6,0.25,False,True,False
76,201-2,45420.25,"(44, 3)",taxation,6,0.25,False,True,False
76,21-2,61535.25,"(38, 24)",taxation,6,0.25,False,True,False
76,183-2,45455.75,"(20, 7)",taxation,6,0.25,False,True,False
76,203-2,77586.25,"(35, 10)",taxation,6,0.25,False,True,False
76,32-2,71159.75,"(38, 10)",taxation,6,0.25,False,True,False
76,115-2,71150.75,"(7, 32)",taxation,6,0.25,False,True,False
76,169-2,51891.0,"(32, 36)",taxation,6,0.25,False,True,False
76,78-2,61528.25,"(13, 44)",taxation,6,0.25,False,True,False
76,137-2,58303.5,"(24, 12)",taxation,6,0.25,False,True,False
76,55-2,71154.25,"(40, 27)",taxation,6,0.25,False,True,False
76,112-2,71160.5,"(11, 12)",taxation,6,0.25,False,True,False
76,193-2,58327.5,"(35, 35)",taxation,6,0.25,False,True,False
76,50-2,74377.5,"(24, 39)",taxation,6,0.25,False,True,False
76,53-2,42225.25,"(14, 12)",taxation,6,0.25,False,True,False
76,5-2,29347.5,"(41, 26)",taxation,6,0.25,False,True,False
76,247-2,58301.0,"(37, 10)",taxation,6,0.25,False,True,False
76,147-2,64747.75,"(32, 16)",taxation,6,0.25,False,True,False
76,145-2,67943.0,"(19, 9)",taxation,6,0.25,False,True,False
76,207-2,51854.75,"(44, 31)",taxation,6,0.25,False,True,False
76,120-2,74355.0,"(29, 11)",taxation,6,0.25,False,True,False
76,125-2,71164.0,"(34, 3)",taxation,6,0.25,False,True,False
76,41-2,71177.0,"(20, 49)",taxation,6,0.25,False,True,False
76,209-2,74378.5,"(31, 32)",taxation,6,0.25,False,True,False
76,113-2,67947.75,"(25, 46)",taxation,6,0.25,False,True,False
76,68-2,55106.75,"(3, 23)",taxation,6,0.25,False,True,False
76,161-2,55096.0,"(20, 48)",taxation,6,0.25,False,True,False
76,175-2,55080.5,"(34, 36)",taxation,6,0.25,False,True,False
76,85-2,58313.0,"(15, 49)",taxation,6,0.25,False,True,False
76,234-2,67927.5,"(2, 23)",taxation,6,0.25,False,True,False
76,45-2,67933.75,"(21, 14)",taxation,6,0.25,False,True,False
76,196-2,45453.0,"(25, 11)",taxation,6,0.25,False,True,False
76,174-2,71155.5,"(12, 27)",taxation,6,0.25,False,True,False
76,103-2,64716.5,"(33, 21)",taxation,6,0.25,False,True,False
76,33-2,51873.25,"(26, 9)",taxation,6,0.25,False,True,False
76,19-2,67920.0,"(43, 31)",taxation,6,0.25,False,True,False
76,130-2,71148.5,"(34, 28)",taxation,6,0.25,False,True,False
76,155-2,67966.25,"(27, 16)",taxation,6,0.25,False,True,False
76,86-2,64720.0,"(17, 9)",taxation,6,0.25,False,True,False
76,164-2,67940.25,"(45, 24)",taxation,6,0.25,False,True,False
76,2-2,64725.75,"(4, 36)",taxation,6,0.25,False,True,False
76,11-2,51837.25,"(26, 12)",taxation,6,0.25,False,True,False
76,202-2,74345.0,"(49, 20)",taxation,6,0.25,False,True,False
76,121-2,64743.0,"(2, 20)",taxation,6,0.25,False,True,False
76,163-2,77590.0,"(13, 39)",taxation,6,0.25,False,True,False
76,18-2,74373.75,"(24, 45)",taxation,6,0.25,False,True,False
76,132-2,71135.75,"(46, 15)",taxation,6,0.25,False,True,False
76,160-2,58281.0,"(16, 38)",taxation,6,0.25,False,True,False
76,221-2,61513.5,"(8, 37)",taxation,6,0.25,False,True,False
76,90-2,58307.5,"(39, 8)",taxation,6,0.25,False,True,False
76,64-2,64702.0,"(39, 3)",taxation,6,0.25,False,True,False
76,102-2,45435.5,"(18, 15)",taxation,6,0.25,False,True,False
76,188-2,64728.5,"(8, 38)",taxation,6,0.25,False,True,False
76,92-2,71138.0,"(36, 17)",taxation,6,0.25,False,True,False
76,96-2,74366.5,"(7, 22)",taxation,6,0.25,False,True,False
76,107-2,71141.5,"(3, 31)",taxation,6,0.25,False,True,False
76,80-2,71136.5,"(41, 14)",taxation,6,0.25,False,True,False
76,237-2,51853.75,"(34, 17)",taxation,6,0.25,False,True,False
76,13-2,61507.25,"(29, 8)",taxation,6,0.25,False,True,False
76,104-2,61520.5,"(36, 9)",taxation,6,0.25,False,True,False
76,27-2,58283.75,"(39, 11)",taxation,6,0.25,False,True,False
76,248-2,64694.25,"(42, 25)",taxation,6,0.25,False,True,False
76,48-2,67904.0,"(36, 10)",taxation,6,0.25,False,True,False
76,57-2,58269.25,"(45, 15)",taxation,6,0.25,False,True,False
76,184-2,64680.25,"(38, 38)",taxation,6,0.25,False,True,False
76,30-2,74352.25,"(20, 46)",taxation,6,0.25,False,True,False
76,108-2,35764.25,"(24, 49)",taxation,6,0.25,False,True,False
76,166-2,61491.25,"(30, 14)",taxation,6,0.25,False,True,False
76,233-2,61508.25,"(17, 37)",taxation,6,0.25,False,True,False
76,69-2,71118.5,"(27, 14)",taxation,6,0.25,False,True,False
76,229-2,71175.25,"(24, 47)",taxation,6,0.25,False,True,False
76,236-2,64695.25,"(30, 34)",taxation,6,0.25,False,True,False
76,109-2,64715.5,"(43, 17)",taxation,6,0.25,False,True,False
76,235-2,64692.25,"(30, 10)",taxation,6,0.25,False,True,False
76,62-2,64715.5,"(4, 23)",taxation,6,0.25,False,True,False
76,89-2,67932.75,"(18, 47)",taxation,6,0.25,False,True,False
76,58-2,67885.5,"(8, 24)",taxation,6,0.25,False,True,False
76,61-2,77572.25,"(7, 27)",taxation,6,0.25,False,True,False
76,152-2,67919.25,"(16, 34)",taxation,6,0.25,False,True,False
76,124-2,61484.25,"(34, 2)",taxation,6,0.25,False,True,False
76,97-2,51825.75,"(10, 46)",taxation,6,0.25,False,True,False
76,232-2,38976.25,"(32, 31)",taxation,6,0.25,False,True,False
76,116-2,71138.5,"(33, 30)",taxation,6,0.25,False,True,False
76,37-2,67911.75,"(47, 29)",taxation,6,0.25,False,True,False
76,7-2,48645.5,"(5, 23)",taxation,6,0.25,False,True,False
76,26-2,51849.75,"(27, 48)",taxation,6,0.25,False,True,False
76,117-2,58278.5,"(13, 35)",taxation,6,0.25,False,True,False
76,82-2,67909.5,"(13, 41)",taxation,6,0.25,False,True,False
76,88-2,64700.0,"(26, 4)",taxation,6,0.25,False,True,False
76,59-2,58252.25,"(5, 29)",taxation,6,0.25,False,True,False
76,52-2,48614.25,"(37, 36)",taxation,6,0.25,False,True,False
76,194-2,58277.5,"(31, 15)",taxation,6,0.25,False,True,False
76,72-2,74332.5,"(0, 23)",taxation,6,0.25,False,True,False
76,199-2,74308.0,"(26, 14)",taxation,6,0.25,False,True,False
76,43-2,64685.75,"(32, 32)",taxation,6,0.25,False,True,False
76,128-2,71120.0,"(37, 9)",taxation,6,0.25,False,True,False
76,84-2,64696.5,"(3, 22)",taxation,6,0.25,False,True,False
76,114-2,74335.75,"(48, 19)",taxation,6,0.25,False,True,False
76,223-2,45373.0,"(23, 14)",taxation,6,0.25,False,True,False
76,123-2,74345.75,"(31, 16)",taxation,6,0.25,False,True,False
76,215-2,71104.5,"(15, 12)",taxation,6,0.25,False,True,False
76,127-2,67879.0,"(18, 13)",taxation,6,0.25,False,True,False
76,24-2,51837.5,"(43, 16)",taxation,6,0.25,False,True,False
76,136-2,51824.5,"(16, 49)",taxation,6,0.25,False,True,False
76,65-2,74314.25,"(28, 17)",taxation,6,0.25,False,True,False
76,14-2,16463.5,"(29, 10)",taxation,6,0.25,False,True,False
76,185-2,64700.5,"(11, 29)",taxation,6,0.25,False,True,False
76,77-2,55040.5,"(4, 22)",taxation,6,0.25,False,True,False
76,36-2,48605.25,"(11, 43)",taxation,6,0.25,False,True,False
76,190-2,64686.75,"(42, 18)",taxation,6,0.25,False,True,False
76,46-2,45392.0,"(33, 22)",taxation,6,0.25,False,True,False
76,218-2,74347.5,"(14, 48)",taxation,6,0.25,False,True,False
76,220-2,71118.0,"(14, 39)",taxation,6,0.25,False,True,False
76,224-2,55036.75,"(34, 39)",taxation,6,0.25,False,True,False
76,129-2,61473.0,"(13, 12)",taxation,6,0.25,False,True,False
76,157-2,61457.25,"(40, 10)",taxation,6,0.25,False,True,False
76,195-2,29305.25,"(26, 43)",taxation,6,0.25,False,True,False
76,8-2,64697.0,"(18, 49)",taxation,6,0.25,False,True,False
76,119-2,64663.0,"(21, 9)",taxation,6,0.25,False,True,False
76,99-2,61436.25,"(23, 9)",taxation,6,0.25,False,True,False
76,135-2,64678.75,"(7, 23)",taxation,6,0.25,False,True,False
76,47-2,45392.75,"(10, 42)",taxation,6,0.25,False,True,False
76,79-2,61460.25,"(19, 47)",taxation,6,0.25,False,True,False
76,87-2,64656.5,"(33, 14)",taxation,6,0.25,False,True,False
76,15-2,58258.75,"(31, 37)",taxation,6,0.25,False,True,False
76,29-2,64675.25,"(10, 27)",taxation,6,0.25,False,True,False
76,178-2,71109.25,"(41, 7)",taxation,6,0.25,False,True,False
76,60-2,67885.25,"(18, 46)",taxation,6,0.25,False,True,False
76,192-2,58253.0,"(27, 12)",taxation,6,0.25,False,True,False
76,49-2,61462.5,"(19, 48)",taxation,6,0.25,False,True,False
76,81-2,61462.25,"(43, 18)",taxation,6,0.25,False,True,False
76,118-2,71098.5,"(1, 23)",taxation,6,0.25,False,True,False
76,34-2,58242.0,"(5, 21)",taxation,6,0.25,False,True,False
76,211-2,42144.75,"(19, 13)",taxation,6,0.25,False,True,False
76,177-2,64681.75,"(45, 20)",taxation,6,0.25,False,True,False
76,39-2,45362.5,"(18, 10)",taxation,6,0.25,False,True,False
76,245-2,71100.75,"(18, 48)",taxation,6,0.25,False,True,False
76,131-2,64672.0,"(13, 42)",taxation,6,0.25,False,True,False
76,213-2,64681.5,"(17, 39)",taxation,6,0.25,False,True,False
76,9-2,55031.25,"(38, 11)",taxation,6,0.25,False,True,False
76,171-2,64686.5,"(10, 26)",taxation,6,0.25,False,True,False
76,230-2,51818.0,"(16, 48)",taxation,6,0.25,False,True,False
76,217-2,38945.5,"(5, 22)",taxation,6,0.25,False,True,False
76,227-2,71079.5,"(35, 39)",taxation,6,0.25,False,True,False
76,244-2,74306.5,"(37, 11)",taxation,6,0.25,False,True,False
76,204-2,71089.5,"(21, 40)",taxation,6,0.25,False,True,False
76,105-2,58222.5,"(35, 17)",taxation,6,0.25,False,True,False
76,239-2,64640.5,"(40, 22)",taxation,6,0.25,False,True,False
76,243-2,61446.5,"(32, 14)",taxation,6,0.25,False,True,False
76,139-3,58221.6875,"(35, 32)",taxation,6,0.25,False,True,False
76,228-3,38148.25,"(33, 23)",taxation,6,0.25,False,True,False
76,197-2,51789.25,"(13, 32)",taxation,6,0.25,False,True,False
76,151-2,51788.25,"(0, 24)",taxation,6,0.25,False,True,False
76,191-2,74289.75,"(28, 48)",taxation,6,0.25,False,True,False
76,153-2,32484.0,"(7, 31)",taxation,6,0.25,False,True,False
76,159-2,51802.5,"(34, 21)",taxation,6,0.25,False,True,False
76,222-2,64654.5,"(37, 26)",taxation,6,0.25,False,True,False
76,200-2,61422.0,"(24, 3)",taxation,6,0.25,False,True,False
76,181-2,64640.250000000015,"(43, 20)",taxation,6,0.25,False,True,False
77,3,51894.0,"(10, 18)",taxation,6,0.25,False,True,False
77,12,81913.0,"(41, 9)",taxation,6,0.25,False,True,False
77,20,81916.0,"(31, 27)",taxation,6,0.25,False,True,False
77,44,56225.0,"(44, 4)",taxation,6,0.25,False,True,False
77,66,94786.0,"(30, 32)",taxation,6,0.25,False,True,False
77,67,64786.0,"(30, 40)",taxation,6,0.25,False,True,False
77,70,90510.0,"(9, 22)",taxation,6,0.25,False,True,False
77,93,39061.0,"(30, 20)",taxation,6,0.25,False,True,False
77,126,86197.0,"(28, 41)",taxation,6,0.25,False,True,False
77,138,90487.0,"(31, 40)",taxation,6,0.25,False,True,False
77,143,86200.0,"(22, 37)",taxation,6,0.25,False,True,False
77,150,73353.0,"(34, 18)",taxation,6,0.25,False,True,False
77,210,103334.0,"(21, 48)",taxation,6,0.25,False,True,False
77,216,94778.0,"(30, 19)",taxation,6,0.25,False,True,False
77,238,86246.0,"(28, 42)",taxation,6,0.25,False,True,False
77,219-2,75470.0,"(41, 11)",taxation,6,0.25,False,True,False
77,158-2,62610.0,"(45, 23)",taxation,6,0.25,False,True,False
77,179-2,56237.5,"(28, 18)",taxation,6,0.25,False,True,False
77,28-2,59444.25,"(43, 10)",taxation,6,0.25,False,True,False
77,187-2,34771.0,"(39, 13)",taxation,6,0.25,False,True,False
77,146-2,26210.0,"(30, 37)",taxation,6,0.25,False,True,False
77,94-2,21922.0,"(21, 8)",taxation,6,0.25,False,True,False
77,154-2,30487.0,"(35, 21)",taxation,6,0.25,False,True,False
77,173-2,17655.0,"(26, 44)",taxation,6,0.25,False,True,False
77,240-2,21897.0,"(29, 34)",taxation,6,0.25,False,True,False
77,246-2,64781.0,"(29, 20)",taxation,6,0.25,False,True,False
77,98-2,34812.0,"(8, 21)",taxation,6,0.25,False,True,False
77,140-2,541.0,"(1, 19)",taxation,6,0.25,False,True,False
77,176-2,521.0,"(30, 23)",taxation,6,0.25,False,True,False
77,208-2,69060.25,"(44, 14)",taxation,6,0.25,False,True,False
77,170-2,59429.75,"(11, 21)",taxation,6,0.25,False,True,False
77,1-2,49765.25,"(11, 42)",taxation,6,0.25,False,True,False
77,23-2,70140.0,"(45, 5)",taxation,6,0.25,False,True,False
77,17-2,71208.5,"(36, 15)",taxation,6,0.25,False,True,False
77,31-2,77612.5,"(39, 6)",taxation,6,0.25,False,True,False
77,149-2,58379.0,"(31, 14)",taxation,6,0.25,False,True,False
77,206-2,65858.25,"(11, 30)",taxation,6,0.25,False,True,False
77,242-2,29414.25,"(29, 36)",taxation,6,0.25,False,True,False
77,75-2,61568.0,"(20, 14)",taxation,6,0.25,False,True,False
77,74-2,75489.0,"(30, 36)",taxation,6,0.25,False,True,False
77,241-2,61550.5,"(34, 16)",taxation,6,0.25,False,True,False
77,42-2,48734.5,"(23, 45)",taxation,6,0.25,False,True,False
77,142-2,42257.75,"(29, 37)",taxation,6,0.25,False,True,False
77,172-2,71184.75,"(44, 5)",taxation,6,0.25,False,True,False
77,167-2,67990.75,"(28, 33)",taxation,6,0.25,False,True,False
77,38-2,68008.5,"(25, 45)",taxation,6,0.25,False,True,False
77,198-2,61573.5,"(31, 19)",taxation,6,0.25,False,True,False
77,0-2,45497.25,"(17, 41)",taxation,6,0.25,False,True,False
77,6-2,74425.0,"(30, 15)",taxation,6,0.25,False,True,False
77,76-2,64796.750000000015,"(26, 39)",taxation,6,0.25,False,True,False
77,144-2,64789.5,"(21, 44)",taxation,6,0.25,False,True,False
77,25-2,58326.0,"(11, 13)",taxation,6,0.25,False,True,False
77,40-2,71227.0,"(7, 19)",taxation,6,0.25,False,True,False
77,10-2,67974.25,"(35, 15)",taxation,6,0.25,False,True,False
77,180-2,64778.25,"(28, 36)",taxation,6,0.25,False,True,False
77,212-2,67965.75,"(29, 32)",taxation,6,0.25,False,True,False
77,63-2,61531.75,"(1, 18)",taxation,6,0.25,False,True,False
77,189-2,58354.5,"(14, 44)",taxation,6,0.25,False,True,False
77,54-2,64774.25,"(39, 7)",taxation,6,0.25,False,True,False
77,4-2,48689.25,"(43, 12)",taxation,6,0.25,False,True,False
77,83-2,71192.75,"(46, 14)",taxation,6,0.25,False,True,False
77,249-2,68008.0,"(27, 49)",taxation,6,0.25,False,True,False
77,22-2,74415.0,"(21, 38)",taxation,6,0.25,False,True,False
77,205-2,32618.75,"(42, 10)",taxation,6,0.25,False,True,False
77,156-2,48704.5,"(37, 15)",taxation,6,0.25,False,True,False
77,51-2,67991.5,"(20, 37)",taxation,6,0.25,False,True,False
77,133-2,58336.0,"(23, 36)",taxation,6,0.25,False,True,False
77,73-2,67992.25,"(26, 41)",taxation,6,0.25,False,True,False
77,56-2,64764.75,"(33, 18)",taxation,6,0.25,False,True,False
77,182-2,67984.25,"(25, 16)",taxation,6,0.25,False,True,False
77,71-2,71179.25,"(49, 23)",taxation,6,0.25,False,True,False
77,91-2,71183.75,"(15, 30)",taxation,6,0.25,False,True,False
77,226-2,64744.75,"(27, 34)",taxation,6,0.25,False,True,False
77,225-2,67976.75,"(21, 39)",taxation,6,0.25,False,True,False
77,148-2,51891.25,"(32, 35)",taxation,6,0.25,False,True,False
77,16-2,74405.5,"(31, 17)",taxation,6,0.25,False,True,False
77,111-2,71189.25,"(9, 21)",taxation,6,0.25,False,True,False
77,134-2,64760.0,"(41, 17)",taxation,6,0.25,False,True,False
77,168-2,71214.5,"(26, 37)",taxation,6,0.25,False,True,False
77,106-2,61566.75,"(23, 47)",taxation,6,0.25,False,True,False
77,162-2,67972.5,"(25, 38)",taxation,6,0.25,False,True,False
77,214-2,42231.0,"(30, 39)",taxation,6,0.25,False,True,False
77,110-2,74391.0,"(32, 19)",taxation,6,0.25,False,True,False
77,95-2,74411.5,"(29, 40)",taxation,6,0.25,False,True,False
77,122-2,55105.25,"(23, 39)",taxation,6,0.25,False,True,False
77,231-2,42227.75,"(17, 17)",taxation,6,0.25,False,True,False
77,100-2,64769.75,"(30, 38)",taxation,6,0.25,False,True,False
77,141-2,51900.5,"(4, 20)",taxation,6,0.25,False,True,False
77,165-2,77597.0,"(44, 7)",taxation,6,0.25,False,True,False
77,186-2,61547.25,"(27, 31)",taxation,6,0.25,False,True,False
77,201-2,45427.25,"(44, 6)",taxation,6,0.25,False,True,False
77,21-2,61543.25,"(33, 19)",taxation,6,0.25,False,True,False
77,183-2,45461.75,"(16, 13)",taxation,6,0.25,False,True,False
77,203-2,77594.25,"(39, 14)",taxation,6,0.25,False,True,False
77,32-2,71166.75,"(42, 9)",taxation,6,0.25,False,True,False
77,115-2,71158.75,"(13, 27)",taxation,6,0.25,False,True,False
77,169-2,51900.0,"(26, 36)",taxation,6,0.25,False,True,False
77,78-2,61536.25,"(18, 45)",taxation,6,0.25,False,True,False
77,137-2,58311.5,"(30, 18)",taxation,6,0.25,False,True,False
77,55-2,71160.25,"(34, 27)",taxation,6,0.25,False,True,False
77,112-2,71169.5,"(9, 18)",taxation,6,0.25,False,True,False
77,193-2,58335.5,"(29, 38)",taxation,6,0.25,False,True,False
77,50-2,74386.5,"(24, 38)",taxation,6,0.25,False,True,False
77,53-2,42234.25,"(11, 18)",taxation,6,0.25,False,True,False
77,5-2,29353.5,"(35, 23)",taxation,6,0.25,False,True,False
77,247-2,58309.0,"(37, 13)",taxation,6,0.25,False,True,False
77,147-2,64755.75,"(32, 17)",taxation,6,0.25,False,True,False
77,145-2,67951.0,"(14, 15)",taxation,6,0.25,False,True,False
77,207-2,51858.75,"(39, 27)",taxation,6,0.25,False,True,False
77,120-2,74362.0,"(27, 17)",taxation,6,0.25,False,True,False
77,125-2,71169.0,"(40, 9)",taxation,6,0.25,False,True,False
77,41-2,71185.0,"(19, 45)",taxation,6,0.25,False,True,False
77,209-2,74387.5,"(28, 35)",taxation,6,0.25,False,True,False
77,113-2,67956.75,"(24, 46)",taxation,6,0.25,False,True,False
77,68-2,55115.75,"(0, 20)",taxation,6,0.25,False,True,False
77,161-2,55104.0,"(17, 49)",taxation,6,0.25,False,True,False
77,175-2,55088.5,"(29, 35)",taxation,6,0.25,False,True,False
77,85-2,58318.0,"(13, 46)",taxation,6,0.25,False,True,False
77,234-2,67936.5,"(2, 22)",taxation,6,0.25,False,True,False
77,45-2,67941.75,"(18, 17)",taxation,6,0.25,False,True,False
77,196-2,45460.0,"(24, 16)",taxation,6,0.25,False,True,False
77,174-2,71164.5,"(12, 22)",taxation,6,0.25,False,True,False
77,103-2,64723.5,"(31, 23)",taxation,6,0.25,False,True,False
77,33-2,51879.25,"(24, 15)",taxation,6,0.25,False,True,False
77,19-2,67925.0,"(37, 25)",taxation,6,0.25,False,True,False
77,130-2,71156.5,"(28, 34)",taxation,6,0.25,False,True,False
77,155-2,67974.25,"(29, 17)",taxation,6,0.25,False,True,False
77,86-2,64728.0,"(13, 15)",taxation,6,0.25,False,True,False
77,164-2,67946.25,"(47, 18)",taxation,6,0.25,False,True,False
77,2-2,64731.75,"(10, 41)",taxation,6,0.25,False,True,False
77,11-2,51844.25,"(26, 18)",taxation,6,0.25,False,True,False
77,202-2,74353.0,"(47, 15)",taxation,6,0.25,False,True,False
77,121-2,64752.0,"(1, 20)",taxation,6,0.25,False,True,False
77,163-2,77597.0,"(15, 38)",taxation,6,0.25,False,True,False
77,18-2,74379.75,"(27, 41)",taxation,6,0.25,False,True,False
77,132-2,71143.75,"(42, 11)",taxation,6,0.25,False,True,False
77,160-2,58289.0,"(19, 35)",taxation,6,0.25,False,True,False
77,221-2,61520.5,"(14, 41)",taxation,6,0.25,False,True,False
77,90-2,58315.5,"(42, 8)",taxation,6,0.25,False,True,False
77,64-2,64709.0,"(43, 6)",taxation,6,0.25,False,True,False
77,102-2,45444.5,"(12, 20)",taxation,6,0.25,False,True,False
77,188-2,64735.5,"(14, 32)",taxation,6,0.25,False,True,False
77,92-2,71145.0,"(34, 20)",taxation,6,0.25,False,True,False
77,96-2,74375.5,"(7, 21)",taxation,6,0.25,False,True,False
77,107-2,71146.5,"(8, 28)",taxation,6,0.25,False,True,False
77,80-2,71144.5,"(41, 13)",taxation,6,0.25,False,True,False
77,237-2,51860.75,"(28, 16)",taxation,6,0.25,False,True,False
77,13-2,61513.25,"(25, 14)",taxation,6,0.25,False,True,False
77,104-2,61528.5,"(41, 10)",taxation,6,0.25,False,True,False
77,27-2,58291.75,"(39, 12)",taxation,6,0.25,False,True,False
77,248-2,64701.25,"(37, 19)",taxation,6,0.25,False,True,False
77,48-2,67912.0,"(38, 13)",taxation,6,0.25,False,True,False
77,57-2,58277.25,"(42, 15)",taxation,6,0.25,False,True,False
77,184-2,64686.25,"(32, 40)",taxation,6,0.25,False,True,False
77,30-2,74360.25,"(25, 40)",taxation,6,0.25,False,True,False
77,108-2,35773.25,"(22, 49)",taxation,6,0.25,False,True,False
77,166-2,61499.25,"(32, 18)",taxation,6,0.25,False,True,False
77,233-2,61516.25,"(20, 36)",taxation,6,0.25,False,True,False
77,69-2,71126.5,"(29, 19)",taxation,6,0.25,False,True,False
77,229-2,71184.25,"(22, 46)",taxation,6,0.25,False,True,False
77,236-2,64704.25,"(24, 36)",taxation,6,0.25,False,True,False
77,109-2,64722.5,"(45, 14)",taxation,6,0.25,False,True,False
77,235-2,64699.25,"(30, 16)",taxation,6,0.25,False,True,False
77,62-2,64724.5,"(1, 21)",taxation,6,0.25,False,True,False
77,89-2,67941.75,"(22, 47)",taxation,6,0.25,False,True,False
77,58-2,67894.5,"(8, 22)",taxation,6,0.25,False,True,False
77,61-2,77581.25,"(10, 23)",taxation,6,0.25,False,True,False
77,152-2,67927.25,"(18, 31)",taxation,6,0.25,False,True,False
77,124-2,61488.25,"(40, 3)",taxation,6,0.25,False,True,False
77,97-2,51831.75,"(11, 41)",taxation,6,0.25,False,True,False
77,232-2,38984.25,"(28, 32)",taxation,6,0.25,False,True,False
77,116-2,71146.5,"(27, 32)",taxation,6,0.25,False,True,False
77,37-2,67915.75,"(44, 24)",taxation,6,0.25,False,True,False
77,7-2,48654.5,"(9, 20)",taxation,6,0.25,False,True,False
77,26-2,51858.75,"(30, 43)",taxation,6,0.25,False,True,False
77,117-2,58286.5,"(17, 32)",taxation,6,0.25,False,True,False
77,82-2,67916.5,"(15, 39)",taxation,6,0.25,False,True,False
77,88-2,64704.0,"(23, 8)",taxation,6,0.25,False,True,False
77,59-2,58260.25,"(9, 26)",taxation,6,0.25,False,True,False
77,52-2,48621.25,"(31, 33)",taxation,6,0.25,False,True,False
77,194-2,58285.5,"(33, 17)",taxation,6,0.25,False,True,False
77,72-2,74341.5,"(0, 21)",taxation,6,0.25,False,True,False
77,199-2,74315.0,"(26, 17)",taxation,6,0.25,False,True,False
77,43-2,64694.75,"(31, 38)",taxation,6,0.25,False,True,False
77,128-2,71127.0,"(42, 13)",taxation,6,0.25,False,True,False
77,84-2,64705.5,"(3, 21)",taxation,6,0.25,False,True,False
77,114-2,74342.75,"(47, 14)",taxation,6,0.25,False,True,False
77,223-2,45380.0,"(19, 17)",taxation,6,0.25,False,True,False
77,123-2,74353.75,"(31, 18)",taxation,6,0.25,False,True,False
77,215-2,71112.5,"(11, 14)",taxation,6,0.25,False,True,False
77,127-2,67888.0,"(12, 15)",taxation,6,0.25,False,True,False
77,24-2,51845.5,"(41, 12)",taxation,6,0.25,False,True,False
77,136-2,51833.5,"(21, 49)",taxation,6,0.25,False,True,False
77,65-2,74322.25,"(29, 18)",taxation,6,0.25,False,True,False
77,14-2,16469.5,"(29, 15)",taxation,6,0.25,False,True,False
77,185-2,64709.5,"(12, 23)",taxation,6,0.25,False,True,False
77,77-2,55050.5,"(4, 19)",taxation,6,0.25,False,True,False
77,36-2,48613.25,"(17, 38)",taxation,6,0.25,False,True,False
77,190-2,64693.75,"(43, 15)",taxation,6,0.25,False,True,False
77,46-2,45400.0,"(31, 20)",taxation,6,0.25,False,True,False
77,218-2,74352.5,"(12, 46)",taxation,6,0.25,False,True,False
77,220-2,71126.0,"(18, 37)",taxation,6,0.25,False,True,False
77,224-2,55044.75,"(32, 39)",taxation,6,0.25,False,True,False
77,129-2,61482.0,"(9, 17)",taxation,6,0.25,False,True,False
77,157-2,61464.25,"(43, 11)",taxation,6,0.25,False,True,False
77,195-2,29314.25,"(27, 42)",taxation,6,0.25,False,True,False
77,8-2,64702.0,"(18, 44)",taxation,6,0.25,False,True,False
77,119-2,64670.0,"(16, 15)",taxation,6,0.25,False,True,False
77,99-2,61442.25,"(22, 14)",taxation,6,0.25,False,True,False
77,135-2,64688.75,"(7, 20)",taxation,6,0.25,False,True,False
77,47-2,45399.75,"(15, 40)",taxation,6,0.25,False,True,False
77,79-2,61469.25,"(21, 46)",taxation,6,0.25,False,True,False
77,87-2,64663.5,"(28, 20)",taxation,6,0.25,False,True,False
77,15-2,58266.75,"(29, 39)",taxation,6,0.25,False,True,False
77,29-2,64684.25,"(13, 22)",taxation,6,0.25,False,True,False
77,178-2,71117.25,"(41, 8)",taxation,6,0.25,False,True,False
77,60-2,67891.25,"(19, 41)",taxation,6,0.25,False,True,False
77,192-2,58260.0,"(26, 16)",taxation,6,0.25,False,True,False
77,49-2,61467.5,"(15, 47)",taxation,6,0.25,False,True,False
77,81-2,61469.25,"(41, 15)",taxation,6,0.25,False,True,False
77,118-2,71107.5,"(1, 22)",taxation,6,0.25,False,True,False
77,34-2,58251.0,"(4, 21)",taxation,6,0.25,False,True,False
77,211-2,42152.75,"(16, 17)",taxation,6,0.25,False,True,False
77,177-2,64689.75,"(40, 14)",taxation,6,0.25,False,True,False
77,39-2,45370.5,"(13, 16)",taxation,6,0.25,False,True,False
77,245-2,71109.75,"(22, 48)",taxation,6,0.25,False,True,False
77,131-2,64680.0,"(19, 44)",taxation,6,0.25,False,True,False
77,213-2,64689.5,"(21, 37)",taxation,6,0.25,False,True,False
77,9-2,55039.25,"(40, 13)",taxation,6,0.25,False,True,False
77,171-2,64695.5,"(10, 22)",taxation,6,0.25,False,True,False
77,230-2,51824.0,"(12, 42)",taxation,6,0.25,False,True,False
77,217-2,38955.5,"(6, 21)",taxation,6,0.25,False,True,False
77,227-2,71088.5,"(31, 39)",taxation,6,0.25,False,True,False
77,244-2,74314.5,"(38, 14)",taxation,6,0.25,False,True,False
77,204-2,71099.5,"(27, 38)",taxation,6,0.25,False,True,False
77,105-2,58230.5,"(35, 16)",taxation,6,0.25,False,True,False
77,239-2,64648.5,"(36, 16)",taxation,6,0.25,False,True,False
77,243-2,61453.5,"(27, 18)",taxation,6,0.25,False,True,False
77,139-3,58228.6875,"(29, 30)",taxation,6,0.25,False,True,False
77,228-3,38156.25,"(30, 21)",taxation,6,0.25,False,True,False
77,197-2,51797.25,"(15, 26)",taxation,6,0.25,False,True,False
77,151-2,51797.25,"(0, 22)",taxation,6,0.25,False,True,False
77,191-2,74298.75,"(25, 47)",taxation,6,0.25,False,True,False
77,153-2,32492.0,"(11, 27)",taxation,6,0.25,False,True,False
77,159-2,51810.5,"(32, 20)",taxation,6,0.25,False,True,False
77,222-2,64661.5,"(32, 23)",taxation,6,0.25,False,True,False
77,200-2,61426.0,"(22, 8)",taxation,6,0.25,False,True,False
77,181-2,64647.250000000015,"(43, 14)",taxation,6,0.25,False,True,False
77,101-2,64692.75,"(19, 37)",taxation,6,0.25,False,True,False
77,35-2,64669.5,"(2, 21)",taxation,6,0.25,False,True,False
78,3,51904.0,"(10, 19)",taxation,6,0.25,False,True,False
78,12,81921.0,"(46, 6)",taxation,6,0.25,False,True,False
78,20,81924.0,"(28, 27)",taxation,6,0.25,False,True,False
78,44,56233.0,"(47, 9)",taxation,6,0.25,False,True,False
78,66,94795.0,"(25, 32)",taxation,6,0.25,False,True,False
78,67,64794.0,"(24, 37)",taxation,6,0.25,False,True,False
78,93,39069.0,"(28, 25)",taxation,6,0.25,False,True,False
78,126,86203.0,"(32, 37)",taxation,6,0.25,False,True,False
78,138,90496.0,"(27, 37)",taxation,6,0.25,False,True,False
78,143,86209.0,"(24, 34)",taxation,6,0.25,False,True,False
78,150,73361.0,"(28, 24)",taxation,6,0.25,False,True,False
78,210,103340.0,"(20, 43)",taxation,6,0.25,False,True,False
78,216,94786.0,"(27, 22)",taxation,6,0.25,False,True,False
78,219-2,75477.0,"(47, 12)",taxation,6,0.25,False,True,False
78,158-2,62617.0,"(48, 17)",taxation,6,0.25,False,True,False
78,179-2,56245.5,"(24, 23)",taxation,6,0.25,False,True,False
78,28-2,59451.25,"(47, 8)",taxation,6,0.25,False,True,False
78,187-2,34779.0,"(44, 10)",taxation,6,0.25,False,True,False
78,146-2,26217.0,"(29, 31)",taxation,6,0.25,False,True,False
78,94-2,21929.0,"(19, 14)",taxation,6,0.25,False,True,False
78,154-2,30495.0,"(29, 25)",taxation,6,0.25,False,True,False
78,173-2,17662.0,"(22, 38)",taxation,6,0.25,False,True,False
78,240-2,21905.0,"(23, 32)",taxation,6,0.25,False,True,False
78,246-2,64789.0,"(28, 22)",taxation,6,0.25,False,True,False
78,98-2,34822.0,"(10, 20)",taxation,6,0.25,False,True,False
78,140-2,550.0,"(6, 15)",taxation,6,0.25,False,True,False
78,176-2,529.0,"(27, 25)",taxation,6,0.25,False,True,False
78,208-2,69067.25,"(48, 13)",taxation,6,0.25,False,True,False
78,170-2,59438.75,"(12, 18)",taxation,6,0.25,False,True,False
78,1-2,49772.25,"(11, 40)",taxation,6,0.25,False,True,False
78,23-2,70147.0,"(46, 5)",taxation,6,0.25,False,True,False
78,17-2,71215.5,"(31, 21)",taxation,6,0.25,False,True,False
78,31-2,77619.5,"(42, 6)",taxation,6,0.25,False,True,False
78,149-2,58387.0,"(27, 20)",taxation,6,0.25,False,True,False
78,206-2,65867.25,"(11, 24)",taxation,6,0.25,False,True,False
78,242-2,29423.25,"(27, 35)",taxation,6,0.25,False,True,False
78,75-2,61577.0,"(14, 20)",taxation,6,0.25,False,True,False
78,74-2,75497.0,"(24, 30)",taxation,6,0.25,False,True,False
78,241-2,61556.5,"(36, 19)",taxation,6,0.25,False,True,False
78,42-2,48741.5,"(20, 41)",taxation,6,0.25,False,True,False
78,142-2,42264.75,"(23, 38)",taxation,6,0.25,False,True,False
78,172-2,71191.75,"(47, 5)",taxation,6,0.25,False,True,False
78,167-2,67999.75,"(26, 32)",taxation,6,0.25,False,True,False
78,38-2,68015.5,"(22, 40)",taxation,6,0.25,False,True,False
78,198-2,61581.5,"(25, 24)",taxation,6,0.25,False,True,False
78,0-2,45506.25,"(21, 36)",taxation,6,0.25,False,True,False
78,6-2,74433.0,"(27, 21)",taxation,6,0.25,False,True,False
78,76-2,64805.750000000015,"(24, 35)",taxation,6,0.25,False,True,False
78,144-2,64796.5,"(22, 39)",taxation,6,0.25,False,True,False
78,25-2,58335.0,"(10, 14)",taxation,6,0.25,False,True,False
78,40-2,71236.0,"(8, 19)",taxation,6,0.25,False,True,False
78,10-2,67980.25,"(36, 18)",taxation,6,0.25,False,True,False
78,180-2,64786.25,"(23, 31)",taxation,6,0.25,False,True,False
78,212-2,67974.75,"(24, 32)",taxation,6,0.25,False,True,False
78,63-2,61541.75,"(0, 18)",taxation,6,0.25,False,True,False
78,189-2,58361.5,"(14, 40)",taxation,6,0.25,False,True,False
78,54-2,64782.25,"(44, 9)",taxation,6,0.25,False,True,False
78,4-2,48697.25,"(46, 11)",taxation,6,0.25,False,True,False
78,83-2,71200.75,"(46, 13)",taxation,6,0.25,False,True,False
78,249-2,68013.0,"(23, 46)",taxation,6,0.25,False,True,False
78,22-2,74424.0,"(23, 35)",taxation,6,0.25,False,True,False
78,205-2,32626.75,"(46, 9)",taxation,6,0.25,False,True,False
78,156-2,48710.5,"(37, 18)",taxation,6,0.25,False,True,False
78,51-2,67999.5,"(20, 34)",taxation,6,0.25,False,True,False
78,133-2,58344.0,"(23, 37)",taxation,6,0.25,False,True,False
78,73-2,68001.25,"(26, 35)",taxation,6,0.25,False,True,False
78,56-2,64771.75,"(34, 23)",taxation,6,0.25,False,True,False
78,182-2,67992.25,"(26, 20)",taxation,6,0.25,False,True,False
78,71-2,71186.25,"(49, 18)",taxation,6,0.25,False,True,False
78,91-2,71192.75,"(15, 24)",taxation,6,0.25,False,True,False
78,226-2,64752.75,"(25, 35)",taxation,6,0.25,False,True,False
78,225-2,67985.75,"(22, 35)",taxation,6,0.25,False,True,False
78,148-2,51898.25,"(33, 29)",taxation,6,0.25,False,True,False
78,16-2,74413.5,"(25, 23)",taxation,6,0.25,False,True,False
78,111-2,71199.25,"(6, 17)",taxation,6,0.25,False,True,False
78,134-2,64767.0,"(47, 17)",taxation,6,0.25,False,True,False
78,168-2,71222.5,"(22, 33)",taxation,6,0.25,False,True,False
78,106-2,61572.75,"(22, 41)",taxation,6,0.25,False,True,False
78,162-2,67980.5,"(22, 32)",taxation,6,0.25,False,True,False
78,214-2,42240.0,"(24, 33)",taxation,6,0.25,False,True,False
78,110-2,74399.0,"(27, 24)",taxation,6,0.25,False,True,False
78,95-2,74417.5,"(33, 37)",taxation,6,0.25,False,True,False
78,122-2,55113.25,"(22, 34)",taxation,6,0.25,False,True,False
78,231-2,42236.75,"(14, 19)",taxation,6,0.25,False,True,False
78,100-2,64778.75,"(25, 33)",taxation,6,0.25,False,True,False
78,141-2,51910.5,"(6, 16)",taxation,6,0.25,False,True,False
78,165-2,77605.0,"(46, 7)",taxation,6,0.25,False,True,False
78,186-2,61555.25,"(28, 31)",taxation,6,0.25,False,True,False
78,201-2,45435.25,"(47, 6)",taxation,6,0.25,False,True,False
78,21-2,61550.25,"(33, 24)",taxation,6,0.25,False,True,False
78,183-2,45470.75,"(12, 16)",taxation,6,0.25,False,True,False
78,203-2,77600.25,"(42, 17)",taxation,6,0.25,False,True,False
78,32-2,71174.75,"(46, 8)",taxation,6,0.25,False,True,False
78,115-2,71168.75,"(12, 21)",taxation,6,0.25,False,True,False
78,169-2,51908.0,"(21, 32)",taxation,6,0.25,False,True,False
78,78-2,61543.25,"(16, 41)",taxation,6,0.25,False,True,False
78,137-2,58319.5,"(26, 24)",taxation,6,0.25,False,True,False
78,55-2,71168.25,"(29, 27)",taxation,6,0.25,False,True,False
78,112-2,71178.5,"(10, 17)",taxation,6,0.25,False,True,False
78,193-2,58342.5,"(28, 37)",taxation,6,0.25,False,True,False
78,50-2,74394.5,"(21, 33)",taxation,6,0.25,False,True,False
78,53-2,42244.25,"(11, 19)",taxation,6,0.25,False,True,False
78,5-2,29361.5,"(29, 28)",taxation,6,0.25,False,True,False
78,247-2,58315.0,"(41, 16)",taxation,6,0.25,False,True,False
78,147-2,64762.75,"(31, 22)",taxation,6,0.25,False,True,False
78,145-2,67960.0,"(12, 17)",taxation,6,0.25,False,True,False
78,207-2,51865.75,"(34, 26)",taxation,6,0.25,False,True,False
78,120-2,74370.0,"(23, 20)",taxation,6,0.25,False,True,False
78,125-2,71177.0,"(45, 9)",taxation,6,0.25,False,True,False
78,41-2,71192.0,"(20, 40)",taxation,6,0.25,False,True,False
78,209-2,74396.5,"(26, 34)",taxation,6,0.25,False,True,False
78,113-2,67962.75,"(29, 42)",taxation,6,0.25,False,True,False
78,68-2,55125.75,"(6, 18)",taxation,6,0.25,False,True,False
78,161-2,55110.0,"(16, 44)",taxation,6,0.25,False,True,False
78,175-2,55096.5,"(25, 29)",taxation,6,0.25,False,True,False
78,85-2,58325.0,"(12, 41)",taxation,6,0.25,False,True,False
78,234-2,67944.5,"(8, 17)",taxation,6,0.25,False,True,False
78,45-2,67950.75,"(16, 22)",taxation,6,0.25,False,True,False
78,196-2,45468.0,"(26, 19)",taxation,6,0.25,False,True,False
78,174-2,71173.5,"(12, 24)",taxation,6,0.25,False,True,False
78,103-2,64731.5,"(29, 24)",taxation,6,0.25,False,True,False
78,33-2,51887.25,"(20, 19)",taxation,6,0.25,False,True,False
78,19-2,67932.0,"(34, 25)",taxation,6,0.25,False,True,False
78,130-2,71165.5,"(26, 33)",taxation,6,0.25,False,True,False
78,155-2,67981.25,"(25, 18)",taxation,6,0.25,False,True,False
78,86-2,64738.0,"(7, 17)",taxation,6,0.25,False,True,False
78,164-2,67954.25,"(45, 13)",taxation,6,0.25,False,True,False
78,2-2,64739.75,"(16, 39)",taxation,6,0.25,False,True,False
78,11-2,51852.25,"(23, 21)",taxation,6,0.25,False,True,False
78,202-2,74361.0,"(47, 10)",taxation,6,0.25,False,True,False
78,121-2,64761.0,"(7, 15)",taxation,6,0.25,False,True,False
78,163-2,77605.0,"(18, 36)",taxation,6,0.25,False,True,False
78,18-2,74388.75,"(27, 36)",taxation,6,0.25,False,True,False
78,132-2,71151.75,"(44, 11)",taxation,6,0.25,False,True,False
78,160-2,58298.0,"(23, 33)",taxation,6,0.25,False,True,False
78,221-2,61528.5,"(16, 37)",taxation,6,0.25,False,True,False
78,90-2,58323.5,"(45, 10)",taxation,6,0.25,False,True,False
78,64-2,64717.0,"(45, 8)",taxation,6,0.25,False,True,False
78,102-2,45453.5,"(13, 20)",taxation,6,0.25,False,True,False
78,188-2,64743.5,"(15, 33)",taxation,6,0.25,False,True,False
78,92-2,71153.0,"(28, 23)",taxation,6,0.25,False,True,False
78,96-2,74385.5,"(7, 18)",taxation,6,0.25,False,True,False
78,107-2,71154.5,"(14, 28)",taxation,6,0.25,False,True,False
78,80-2,71151.5,"(47, 13)",taxation,6,0.25,False,True,False
78,237-2,51867.75,"(24, 17)",taxation,6,0.25,False,True,False
78,13-2,61521.25,"(22, 20)",taxation,6,0.25,False,True,False
78,104-2,61535.5,"(45, 6)",taxation,6,0.25,False,True,False
78,27-2,58299.75,"(44, 12)",taxation,6,0.25,False,True,False
78,248-2,64708.25,"(34, 24)",taxation,6,0.25,False,True,False
78,48-2,67918.0,"(42, 12)",taxation,6,0.25,False,True,False
78,57-2,58285.25,"(46, 12)",taxation,6,0.25,False,True,False
78,184-2,64693.25,"(32, 41)",taxation,6,0.25,False,True,False
78,30-2,74369.25,"(22, 36)",taxation,6,0.25,False,True,False
78,108-2,35779.25,"(17, 44)",taxation,6,0.25,False,True,False
78,166-2,61507.25,"(26, 23)",taxation,6,0.25,False,True,False
78,233-2,61525.25,"(23, 34)",taxation,6,0.25,False,True,False
78,69-2,71133.5,"(26, 21)",taxation,6,0.25,False,True,False
78,229-2,71190.25,"(21, 41)",taxation,6,0.25,False,True,False
78,236-2,64712.25,"(20, 33)",taxation,6,0.25,False,True,False
78,109-2,64729.5,"(48, 15)",taxation,6,0.25,False,True,False
78,235-2,64706.25,"(25, 17)",taxation,6,0.25,False,True,False
78,62-2,64733.5,"(3, 19)",taxation,6,0.25,False,True,False
78,89-2,67947.75,"(20, 44)",taxation,6,0.25,False,True,False
78,58-2,67903.5,"(6, 19)",taxation,6,0.25,False,True,False
78,61-2,77590.25,"(13, 19)",taxation,6,0.25,False,True,False
78,152-2,67936.25,"(15, 25)",taxation,6,0.25,False,True,False
78,124-2,61496.25,"(45, 7)",taxation,6,0.25,False,True,False
78,97-2,51839.75,"(17, 36)",taxation,6,0.25,False,True,False
78,232-2,38993.25,"(27, 33)",taxation,6,0.25,False,True,False
78,116-2,71154.5,"(24, 31)",taxation,6,0.25,False,True,False
78,37-2,67922.75,"(48, 18)",taxation,6,0.25,False,True,False
78,7-2,48663.5,"(8, 18)",taxation,6,0.25,False,True,False
78,26-2,51866.75,"(31, 41)",taxation,6,0.25,False,True,False
78,117-2,58295.5,"(21, 35)",taxation,6,0.25,False,True,False
78,82-2,67924.5,"(17, 34)",taxation,6,0.25,False,True,False
78,88-2,64711.0,"(17, 14)",taxation,6,0.25,False,True,False
78,59-2,58269.25,"(13, 24)",taxation,6,0.25,False,True,False
78,52-2,48629.25,"(28, 29)",taxation,6,0.25,False,True,False
78,194-2,58292.5,"(29, 23)",taxation,6,0.25,False,True,False
78,72-2,74351.5,"(0, 19)",taxation,6,0.25,False,True,False
78,199-2,74323.0,"(22, 21)",taxation,6,0.25,False,True,False
78,43-2,64701.75,"(31, 36)",taxation,6,0.25,False,True,False
78,128-2,71134.0,"(47, 16)",taxation,6,0.25,False,True,False
78,84-2,64714.5,"(8, 16)",taxation,6,0.25,False,True,False
78,114-2,74349.75,"(48, 14)",taxation,6,0.25,False,True,False
78,223-2,45389.0,"(16, 21)",taxation,6,0.25,False,True,False
78,123-2,74361.75,"(27, 23)",taxation,6,0.25,False,True,False
78,215-2,71121.5,"(10, 15)",taxation,6,0.25,False,True,False
78,127-2,67897.0,"(11, 16)",taxation,6,0.25,False,True,False
78,24-2,51852.5,"(47, 7)",taxation,6,0.25,False,True,False
78,136-2,51839.5,"(17, 43)",taxation,6,0.25,False,True,False
78,65-2,74329.25,"(25, 19)",taxation,6,0.25,False,True,False
78,14-2,16476.5,"(24, 18)",taxation,6,0.25,False,True,False
78,185-2,64718.5,"(15, 22)",taxation,6,0.25,False,True,False
78,77-2,55059.5,"(4, 17)",taxation,6,0.25,False,True,False
78,36-2,48622.25,"(20, 35)",taxation,6,0.25,False,True,False
78,190-2,64701.75,"(47, 11)",taxation,6,0.25,False,True,False
78,46-2,45408.0,"(25, 26)",taxation,6,0.25,False,True,False
78,218-2,74359.5,"(15, 41)",taxation,6,0.25,False,True,False
78,220-2,71134.0,"(18, 34)",taxation,6,0.25,False,True,False
78,224-2,55050.75,"(33, 38)",taxation,6,0.25,False,True,False
78,129-2,61491.0,"(10, 16)",taxation,6,0.25,False,True,False
78,157-2,61471.25,"(46, 10)",taxation,6,0.25,False,True,False
78,195-2,29322.25,"(25, 37)",taxation,6,0.25,False,True,False
78,8-2,64709.0,"(20, 39)",taxation,6,0.25,False,True,False
78,119-2,64679.0,"(13, 18)",taxation,6,0.25,False,True,False
78,99-2,61451.25,"(16, 18)",taxation,6,0.25,False,True,False
78,135-2,64697.75,"(7, 16)",taxation,6,0.25,False,True,False
78,47-2,45407.75,"(15, 34)",taxation,6,0.25,False,True,False
78,79-2,61475.25,"(19, 42)",taxation,6,0.25,False,True,False
78,87-2,64671.5,"(26, 26)",taxation,6,0.25,False,True,False
78,15-2,58273.75,"(27, 39)",taxation,6,0.25,False,True,False
78,29-2,64693.25,"(14, 21)",taxation,6,0.25,False,True,False
78,178-2,71124.25,"(43, 4)",taxation,6,0.25,False,True,False
78,60-2,67899.25,"(18, 35)",taxation,6,0.25,False,True,False
78,192-2,58268.0,"(21, 21)",taxation,6,0.25,False,True,False
78,49-2,61473.5,"(15, 43)",taxation,6,0.25,False,True,False
78,81-2,61477.25,"(44, 13)",taxation,6,0.25,False,True,False
78,118-2,71116.5,"(2, 17)",taxation,6,0.25,False,True,False
78,34-2,58261.0,"(4, 18)",taxation,6,0.25,False,True,False
78,211-2,42161.75,"(11, 17)",taxation,6,0.25,False,True,False
78,177-2,64697.75,"(43, 13)",taxation,6,0.25,False,True,False
78,39-2,45379.5,"(13, 17)",taxation,6,0.25,False,True,False
78,245-2,71115.75,"(20, 42)",taxation,6,0.25,False,True,False
78,131-2,64687.0,"(19, 39)",taxation,6,0.25,False,True,False
78,213-2,64697.5,"(21, 34)",taxation,6,0.25,False,True,False
78,9-2,55047.25,"(45, 11)",taxation,6,0.25,False,True,False
78,171-2,64705.5,"(11, 20)",taxation,6,0.25,False,True,False
78,230-2,51831.0,"(12, 40)",taxation,6,0.25,False,True,False
78,217-2,38964.5,"(9, 16)",taxation,6,0.25,False,True,False
78,227-2,71095.5,"(29, 33)",taxation,6,0.25,False,True,False
78,244-2,74320.5,"(35, 13)",taxation,6,0.25,False,True,False
78,204-2,71108.5,"(25, 34)",taxation,6,0.25,False,True,False
78,105-2,58237.5,"(29, 16)",taxation,6,0.25,False,True,False
78,239-2,64655.5,"(30, 17)",taxation,6,0.25,False,True,False
78,243-2,61461.5,"(23, 22)",taxation,6,0.25,False,True,False
78,139-3,58236.6875,"(28, 28)",taxation,6,0.25,False,True,False
78,228-3,38164.25,"(28, 21)",taxation,6,0.25,False,True,False
78,197-2,51806.25,"(16, 23)",taxation,6,0.25,False,True,False
78,151-2,51802.25,"(5, 18)",taxation,6,0.25,False,True,False
78,191-2,74303.75,"(25, 44)",taxation,6,0.25,False,True,False
78,153-2,32501.0,"(14, 24)",taxation,6,0.25,False,True,False
78,159-2,51817.5,"(32, 24)",taxation,6,0.25,False,True,False
78,222-2,64669.5,"(30, 22)",taxation,6,0.25,False,True,False
78,200-2,61433.0,"(18, 14)",taxation,6,0.25,False,True,False
78,181-2,64655.250000000015,"(45, 12)",taxation,6,0.25,False,True,False
78,101-2,64700.75,"(19, 34)",taxation,6,0.25,False,True,False
78,35-2,64678.5,"(3, 18)",taxation,6,0.25,False,True,False
78,70-2,67890.0,"(10, 21)",taxation,6,0.25,False,True,False
78,238-2,64689.0,"(33, 40)",taxation,6,0.25,False,True,False
79,3,51913.0,"(9, 19)",taxation,6,0.25,False,True,False
79,12,81929.0,"(48, 3)",taxation,6,0.25,False,True,False
79,44,56241.0,"(48, 8)",taxation,6,0.25,False,True,False
79,66,94803.0,"(23, 26)",taxation,6,0.25,False,True,False
79,67,64803.0,"(20, 32)",taxation,6,0.25,False,True,False
79,93,39077.0,"(27, 26)",taxation,6,0.25,False,True,False
79,126,86210.0,"(34, 37)",taxation,6,0.25,False,True,False
79,138,90503.0,"(30, 31)",taxation,6,0.25,False,True,False
79,143,86217.0,"(30, 28)",taxation,6,0.25,False,True,False
79,150,73369.0,"(28, 26)",taxation,6,0.25,False,True,False
79,210,103347.0,"(18, 42)",taxation,6,0.25,False,True,False
79,216,94794.0,"(25, 22)",taxation,6,0.25,False,True,False
79,219-2,75485.0,"(49, 6)",taxation,6,0.25,False,True,False
79,179-2,56254.5,"(24, 27)",taxation,6,0.25,False,True,False
79,28-2,59458.25,"(43, 5)",taxation,6,0.25,False,True,False
79,187-2,34787.0,"(49, 8)",taxation,6,0.25,False,True,False
79,146-2,26225.0,"(30, 29)",taxation,6,0.25,False,True,False
79,94-2,21937.0,"(19, 15)",taxation,6,0.25,False,True,False
79,154-2,30503.0,"(31, 26)",taxation,6,0.25,False,True,False
79,173-2,17671.0,"(19, 32)",taxation,6,0.25,False,True,False
79,240-2,21914.0,"(20, 28)",taxation,6,0.25,False,True,False
79,246-2,64797.0,"(26, 22)",taxation,6,0.25,False,True,False
79,98-2,34830.0,"(14, 18)",taxation,6,0.25,False,True,False
79,140-2,558.0,"(12, 13)",taxation,6,0.25,False,True,False
79,176-2,537.0,"(25, 25)",taxation,6,0.25,False,True,False
79,208-2,69074.25,"(45, 19)",taxation,6,0.25,False,True,False
79,170-2,59447.75,"(15, 16)",taxation,6,0.25,False,True,False
79,1-2,49780.25,"(11, 37)",taxation,6,0.25,False,True,False
79,23-2,70155.0,"(48, 5)",taxation,6,0.25,False,True,False
79,17-2,71223.5,"(31, 25)",taxation,6,0.25,False,True,False
79,31-2,77627.5,"(47, 4)",taxation,6,0.25,False,True,False
79,149-2,58396.0,"(21, 24)",taxation,6,0.25,False,True,False
79,206-2,65876.25,"(14, 27)",taxation,6,0.25,False,True,False
79,242-2,29431.25,"(28, 30)",taxation,6,0.25,False,True,False
79,75-2,61586.0,"(18, 20)",taxation,6,0.25,False,True,False
79,74-2,75506.0,"(24, 29)",taxation,6,0.25,False,True,False
79,241-2,61563.5,"(38, 21)",taxation,6,0.25,False,True,False
79,42-2,48749.5,"(14, 35)",taxation,6,0.25,False,True,False
79,142-2,42271.75,"(18, 40)",taxation,6,0.25,False,True,False
79,172-2,71199.75,"(48, 4)",taxation,6,0.25,False,True,False
79,167-2,68008.75,"(23, 28)",taxation,6,0.25,False,True,False
79,38-2,68023.5,"(19, 38)",taxation,6,0.25,False,True,False
79,198-2,61590.5,"(19, 24)",taxation,6,0.25,False,True,False
79,0-2,45514.25,"(16, 31)",taxation,6,0.25,False,True,False
79,6-2,74441.0,"(25, 21)",taxation,6,0.25,False,True,False
79,76-2,64814.750000000015,"(22, 29)",taxation,6,0.25,False,True,False
79,144-2,64804.5,"(16, 36)",taxation,6,0.25,False,True,False
79,25-2,58343.0,"(15, 14)",taxation,6,0.25,False,True,False
79,40-2,71244.0,"(13, 25)",taxation,6,0.25,False,True,False
79,10-2,67987.25,"(37, 20)",taxation,6,0.25,False,True,False
79,180-2,64795.25,"(21, 29)",taxation,6,0.25,False,True,False
79,212-2,67983.75,"(18, 26)",taxation,6,0.25,False,True,False
79,63-2,61546.75,"(5, 19)",taxation,6,0.25,False,True,False
79,189-2,58369.5,"(13, 36)",taxation,6,0.25,False,True,False
79,54-2,64790.25,"(48, 11)",taxation,6,0.25,False,True,False
79,4-2,48705.25,"(49, 13)",taxation,6,0.25,False,True,False
79,83-2,71207.75,"(46, 17)",taxation,6,0.25,False,True,False
79,249-2,68019.0,"(20, 45)",taxation,6,0.25,False,True,False
79,22-2,74432.0,"(25, 30)",taxation,6,0.25,False,True,False
79,205-2,32633.75,"(44, 8)",taxation,6,0.25,False,True,False
79,156-2,48718.5,"(31, 24)",taxation,6,0.25,False,True,False
79,51-2,68007.5,"(16, 30)",taxation,6,0.25,False,True,False
79,133-2,58352.0,"(17, 31)",taxation,6,0.25,False,True,False
79,73-2,68010.25,"(20, 29)",taxation,6,0.25,False,True,False
79,56-2,64779.75,"(32, 26)",taxation,6,0.25,False,True,False
79,182-2,68000.25,"(24, 20)",taxation,6,0.25,False,True,False
79,71-2,71193.25,"(47, 20)",taxation,6,0.25,False,True,False
79,91-2,71201.75,"(17, 25)",taxation,6,0.25,False,True,False
79,226-2,64761.75,"(19, 29)",taxation,6,0.25,False,True,False
79,225-2,67993.75,"(17, 30)",taxation,6,0.25,False,True,False
79,148-2,51906.25,"(33, 28)",taxation,6,0.25,False,True,False
79,16-2,74422.5,"(20, 24)",taxation,6,0.25,False,True,False
79,111-2,71206.25,"(9, 13)",taxation,6,0.25,False,True,False
79,134-2,64774.0,"(46, 18)",taxation,6,0.25,False,True,False
79,168-2,71231.5,"(17, 29)",taxation,6,0.25,False,True,False
79,106-2,61580.75,"(17, 35)",taxation,6,0.25,False,True,False
79,162-2,67989.5,"(21, 31)",taxation,6,0.25,False,True,False
79,214-2,42249.0,"(18, 27)",taxation,6,0.25,False,True,False
79,110-2,74408.0,"(26, 27)",taxation,6,0.25,False,True,False
79,95-2,74424.5,"(33, 32)",taxation,6,0.25,False,True,False
79,122-2,55121.25,"(16, 29)",taxation,6,0.25,False,True,False
79,231-2,42245.75,"(16, 19)",taxation,6,0.25,False,True,False
79,100-2,64786.75,"(23, 27)",taxation,6,0.25,False,True,False
79,141-2,51919.5,"(8, 15)",taxation,6,0.25,False,True,False
79,165-2,77613.0,"(49, 4)",taxation,6,0.25,False,True,False
79,186-2,61564.25,"(25, 28)",taxation,6,0.25,False,True,False
79,201-2,45442.25,"(46, 3)",taxation,6,0.25,False,True,False
79,21-2,61557.25,"(35, 24)",taxation,6,0.25,False,True,False
79,183-2,45478.75,"(17, 16)",taxation,6,0.25,False,True,False
79,203-2,77608.25,"(48, 16)",taxation,6,0.25,False,True,False
79,32-2,71182.75,"(49, 7)",taxation,6,0.25,False,True,False
79,115-2,71177.75,"(16, 20)",taxation,6,0.25,False,True,False
79,169-2,51917.0,"(19, 28)",taxation,6,0.25,False,True,False
79,78-2,61551.25,"(11, 36)",taxation,6,0.25,False,True,False
79,137-2,58327.5,"(24, 24)",taxation,6,0.25,False,True,False
79,55-2,71176.25,"(24, 25)",taxation,6,0.25,False,True,False
79,112-2,71186.5,"(15, 20)",taxation,6,0.25,False,True,False
79,193-2,58350.5,"(26, 31)",taxation,6,0.25,False,True,False
79,50-2,74403.5,"(21, 30)",taxation,6,0.25,False,True,False
79,53-2,42253.25,"(11, 15)",taxation,6,0.25,False,True,False
79,5-2,29369.5,"(29, 29)",taxation,6,0.25,False,True,False
79,247-2,58322.0,"(41, 18)",taxation,6,0.25,False,True,False
79,147-2,64769.75,"(32, 22)",taxation,6,0.25,False,True,False
79,145-2,67969.0,"(14, 17)",taxation,6,0.25,False,True,False
79,207-2,51873.75,"(33, 26)",taxation,6,0.25,False,True,False
79,120-2,74379.0,"(19, 19)",taxation,6,0.25,False,True,False
79,125-2,71185.0,"(48, 9)",taxation,6,0.25,False,True,False
79,41-2,71200.0,"(15, 35)",taxation,6,0.25,False,True,False
79,209-2,74405.5,"(23, 29)",taxation,6,0.25,False,True,False
79,113-2,67968.75,"(28, 43)",taxation,6,0.25,False,True,False
79,68-2,55133.75,"(12, 12)",taxation,6,0.25,False,True,False
79,161-2,55118.0,"(12, 38)",taxation,6,0.25,False,True,False
79,175-2,55105.5,"(19, 26)",taxation,6,0.25,False,True,False
79,85-2,58333.0,"(12, 39)",taxation,6,0.25,False,True,False
79,234-2,67954.5,"(9, 15)",taxation,6,0.25,False,True,False
79,45-2,67959.75,"(17, 23)",taxation,6,0.25,False,True,False
79,196-2,45476.0,"(25, 20)",taxation,6,0.25,False,True,False
79,174-2,71182.5,"(14, 26)",taxation,6,0.25,False,True,False
79,103-2,64740.5,"(25, 27)",taxation,6,0.25,False,True,False
79,33-2,51896.25,"(19, 22)",taxation,6,0.25,False,True,False
79,19-2,67940.0,"(33, 25)",taxation,6,0.25,False,True,False
79,130-2,71174.5,"(23, 30)",taxation,6,0.25,False,True,False
79,155-2,67990.25,"(19, 18)",taxation,6,0.25,False,True,False
79,86-2,64745.0,"(11, 22)",taxation,6,0.25,False,True,False
79,164-2,67961.25,"(45, 18)",taxation,6,0.25,False,True,False
79,2-2,64748.75,"(18, 33)",taxation,6,0.25,False,True,False
79,11-2,51861.25,"(20, 21)",taxation,6,0.25,False,True,False
79,202-2,74369.0,"(49, 5)",taxation,6,0.25,False,True,False
79,121-2,64769.0,"(13, 21)",taxation,6,0.25,False,True,False
79,163-2,77614.0,"(18, 30)",taxation,6,0.25,False,True,False
79,18-2,74397.75,"(22, 31)",taxation,6,0.25,False,True,False
79,132-2,71159.75,"(49, 10)",taxation,6,0.25,False,True,False
79,160-2,58307.0,"(18, 28)",taxation,6,0.25,False,True,False
79,221-2,61536.5,"(15, 37)",taxation,6,0.25,False,True,False
79,90-2,58331.5,"(48, 10)",taxation,6,0.25,False,True,False
79,64-2,64724.0,"(42, 5)",taxation,6,0.25,False,True,False
79,102-2,45462.5,"(18, 24)",taxation,6,0.25,False,True,False
79,188-2,64752.5,"(17, 33)",taxation,6,0.25,False,True,False
79,92-2,71161.0,"(26, 25)",taxation,6,0.25,False,True,False
79,96-2,74394.5,"(13, 13)",taxation,6,0.25,False,True,False
79,107-2,71163.5,"(17, 27)",taxation,6,0.25,False,True,False
79,80-2,71158.5,"(45, 17)",taxation,6,0.25,False,True,False
79,237-2,51876.75,"(18, 18)",taxation,6,0.25,False,True,False
79,13-2,61530.25,"(19, 20)",taxation,6,0.25,False,True,False
79,104-2,61542.5,"(45, 3)",taxation,6,0.25,False,True,False
79,27-2,58307.75,"(49, 12)",taxation,6,0.25,False,True,False
79,248-2,64716.25,"(33, 27)",taxation,6,0.25,False,True,False
79,48-2,67925.0,"(43, 8)",taxation,6,0.25,False,True,False
79,57-2,58293.25,"(48, 12)",taxation,6,0.25,False,True,False
79,184-2,64699.25,"(34, 40)",taxation,6,0.25,False,True,False
79,30-2,74378.25,"(20, 31)",taxation,6,0.25,False,True,False
79,108-2,35786.25,"(11, 44)",taxation,6,0.25,False,True,False
79,166-2,61516.25,"(20, 25)",taxation,6,0.25,False,True,False
79,233-2,61533.25,"(21, 28)",taxation,6,0.25,False,True,False
79,69-2,71142.5,"(20, 26)",taxation,6,0.25,False,True,False
79,229-2,71197.25,"(16, 42)",taxation,6,0.25,False,True,False
79,236-2,64721.25,"(19, 27)",taxation,6,0.25,False,True,False
79,109-2,64737.5,"(49, 15)",taxation,6,0.25,False,True,False
79,235-2,64715.25,"(19, 23)",taxation,6,0.25,False,True,False
79,62-2,64740.5,"(8, 25)",taxation,6,0.25,False,True,False
79,89-2,67954.75,"(18, 41)",taxation,6,0.25,False,True,False
79,58-2,67910.5,"(9, 25)",taxation,6,0.25,False,True,False
79,61-2,77599.25,"(15, 21)",taxation,6,0.25,False,True,False
79,152-2,67945.25,"(18, 25)",taxation,6,0.25,False,True,False
79,124-2,61504.25,"(48, 7)",taxation,6,0.25,False,True,False
79,97-2,51847.75,"(14, 33)",taxation,6,0.25,False,True,False
79,232-2,39001.25,"(22, 27)",taxation,6,0.25,False,True,False
79,116-2,71162.5,"(21, 27)",taxation,6,0.25,False,True,False
79,37-2,67929.75,"(49, 19)",taxation,6,0.25,False,True,False
79,7-2,48670.5,"(14, 23)",taxation,6,0.25,False,True,False
79,26-2,51872.75,"(33, 39)",taxation,6,0.25,False,True,False
79,117-2,58304.5,"(22, 30)",taxation,6,0.25,False,True,False
79,82-2,67932.5,"(15, 32)",taxation,6,0.25,False,True,False
79,88-2,64719.0,"(16, 14)",taxation,6,0.25,False,True,False
79,59-2,58278.25,"(17, 26)",taxation,6,0.25,False,True,False
79,52-2,48637.25,"(23, 25)",taxation,6,0.25,False,True,False
79,194-2,58300.5,"(29, 26)",taxation,6,0.25,False,True,False
79,72-2,74357.5,"(5, 16)",taxation,6,0.25,False,True,False
79,199-2,74332.0,"(19, 21)",taxation,6,0.25,False,True,False
79,43-2,64708.75,"(30, 33)",taxation,6,0.25,False,True,False
79,128-2,71141.0,"(43, 19)",taxation,6,0.25,False,True,False
79,84-2,64721.5,"(12, 11)",taxation,6,0.25,False,True,False
79,114-2,74357.75,"(49, 14)",taxation,6,0.25,False,True,False
79,223-2,45398.0,"(18, 21)",taxation,6,0.25,False,True,False
79,123-2,74370.75,"(24, 28)",taxation,6,0.25,False,True,False
79,215-2,71130.5,"(14, 14)",taxation,6,0.25,False,True,False
79,127-2,67906.0,"(13, 14)",taxation,6,0.25,False,True,False
79,24-2,51860.5,"(48, 6)",taxation,6,0.25,False,True,False
79,136-2,51847.5,"(14, 37)",taxation,6,0.25,False,True,False
79,65-2,74338.25,"(20, 20)",taxation,6,0.25,False,True,False
79,14-2,16485.5,"(18, 19)",taxation,6,0.25,False,True,False
79,185-2,64727.5,"(18, 22)",taxation,6,0.25,False,True,False
79,77-2,55068.5,"(8, 14)",taxation,6,0.25,False,True,False
79,36-2,48631.25,"(19, 30)",taxation,6,0.25,False,True,False
79,190-2,64709.75,"(49, 11)",taxation,6,0.25,False,True,False
79,46-2,45417.0,"(22, 28)",taxation,6,0.25,False,True,False
79,218-2,74367.5,"(14, 36)",taxation,6,0.25,False,True,False
79,220-2,71143.0,"(19, 31)",taxation,6,0.25,False,True,False
79,224-2,55057.75,"(32, 33)",taxation,6,0.25,False,True,False
79,129-2,61499.0,"(15, 13)",taxation,6,0.25,False,True,False
79,157-2,61479.25,"(49, 9)",taxation,6,0.25,False,True,False
79,195-2,29329.25,"(25, 31)",taxation,6,0.25,False,True,False
79,8-2,64718.0,"(19, 33)",taxation,6,0.25,False,True,False
79,119-2,64687.0,"(19, 16)",taxation,6,0.25,False,True,False
79,99-2,61460.25,"(17, 18)",taxation,6,0.25,False,True,False
79,135-2,64705.75,"(12, 19)",taxation,6,0.25,False,True,False
79,47-2,45416.75,"(18, 32)",taxation,6,0.25,False,True,False
79,79-2,61483.25,"(14, 38)",taxation,6,0.25,False,True,False
79,87-2,64679.5,"(24, 26)",taxation,6,0.25,False,True,False
79,15-2,58279.75,"(25, 36)",taxation,6,0.25,False,True,False
79,29-2,64702.25,"(18, 23)",taxation,6,0.25,False,True,False
79,178-2,71132.25,"(47, 3)",taxation,6,0.25,False,True,False
79,60-2,67907.25,"(16, 35)",taxation,6,0.25,False,True,False
79,192-2,58277.0,"(20, 22)",taxation,6,0.25,False,True,False
79,49-2,61481.5,"(13, 38)",taxation,6,0.25,False,True,False
79,81-2,61484.25,"(44, 19)",taxation,6,0.25,False,True,False
79,118-2,71122.5,"(8, 20)",taxation,6,0.25,False,True,False
79,34-2,58268.0,"(9, 14)",taxation,6,0.25,False,True,False
79,211-2,42170.75,"(12, 14)",taxation,6,0.25,False,True,False
79,177-2,64704.75,"(44, 17)",taxation,6,0.25,False,True,False
79,39-2,45388.5,"(14, 16)",taxation,6,0.25,False,True,False
79,245-2,71123.75,"(20, 38)",taxation,6,0.25,False,True,False
79,131-2,64695.0,"(15, 36)",taxation,6,0.25,False,True,False
79,213-2,64706.5,"(20, 30)",taxation,6,0.25,False,True,False
79,9-2,55054.25,"(43, 7)",taxation,6,0.25,False,True,False
79,171-2,64714.5,"(17, 20)",taxation,6,0.25,False,True,False
79,230-2,51839.0,"(12, 36)",taxation,6,0.25,False,True,False
79,217-2,38971.5,"(15, 17)",taxation,6,0.25,False,True,False
79,227-2,71103.5,"(32, 27)",taxation,6,0.25,False,True,False
79,244-2,74327.5,"(30, 13)",taxation,6,0.25,False,True,False
79,204-2,71115.5,"(26, 30)",taxation,6,0.25,False,True,False
79,105-2,58245.5,"(24, 19)",taxation,6,0.25,False,True,False
79,239-2,64663.5,"(24, 22)",taxation,6,0.25,False,True,False
79,243-2,61470.5,"(19, 25)",taxation,6,0.25,False,True,False
79,139-3,58244.6875,"(30, 26)",taxation,6,0.25,False,True,False
79,228-3,38172.25,"(24, 21)",taxation,6,0.25,False,True,False
79,197-2,51815.25,"(15, 23)",taxation,6,0.25,False,True,False
79,151-2,51808.25,"(9, 23)",taxation,6,0.25,False,True,False
79,191-2,74309.75,"(25, 43)",taxation,6,0.25,False,True,False
79,153-2,32510.0,"(14, 25)",taxation,6,0.25,False,True,False
79,159-2,51825.5,"(32, 25)",taxation,6,0.25,False,True,False
79,222-2,64677.5,"(30, 24)",taxation,6,0.25,False,True,False
79,200-2,61442.0,"(16, 16)",taxation,6,0.25,False,True,False
79,181-2,64663.250000000015,"(49, 16)",taxation,6,0.25,False,True,False
79,101-2,64708.75,"(15, 31)",taxation,6,0.25,False,True,False
79,35-2,64684.5,"(7, 24)",taxation,6,0.25,False,True,False
79,70-2,67899.0,"(15, 15)",taxation,6,0.25,False,True,False
79,238-2,64696.0,"(33, 35)",taxation,6,0.25,False,True,False
79,158-3,46968.75,"(49, 17)",taxation,6,0.25,False,True,False
79,20-2,61449.0,"(30, 27)",taxation,6,0.25,False,True,False
80,12,81937.0,"(49, 1)",taxation,6,0.25,False,True,False
80,44,56249.0,"(43, 2)",taxation,6,0.25,False,True,False
80,66,94805.0,"(18, 31)",taxation,6,0.25,False,True,False
80,67,64806.0,"(17, 37)",taxation,6,0.25,False,True,False
80,126,86217.0,"(35, 37)",taxation,6,0.25,False,True,False
80,138,90511.0,"(30, 30)",taxation,6,0.25,False,True,False
80,143,86225.0,"(31, 29)",taxation,6,0.25,False,True,False
80,150,73376.0,"(34, 31)",taxation,6,0.25,False,True,False
80,210,103354.0,"(18, 43)",taxation,6,0.25,False,True,False
80,216,94803.0,"(22, 22)",taxation,6,0.25,False,True,False
80,219-2,75493.0,"(49, 0)",taxation,6,0.25,False,True,False
80,28-2,59465.25,"(41, 5)",taxation,6,0.25,False,True,False
80,187-2,34795.0,"(49, 3)",taxation,6,0.25,False,True,False
80,146-2,26233.0,"(36, 24)",taxation,6,0.25,False,True,False
80,94-2,21946.0,"(20, 16)",taxation,6,0.25,False,True,False
80,154-2,30510.0,"(32, 29)",taxation,6,0.25,False,True,False
80,173-2,17679.0,"(16, 32)",taxation,6,0.25,False,True,False
80,240-2,21916.0,"(15, 30)",taxation,6,0.25,False,True,False
80,246-2,64806.0,"(22, 23)",taxation,6,0.25,False,True,False
80,98-2,34838.0,"(15, 18)",taxation,6,0.25,False,True,False
80,140-2,566.0,"(17, 11)",taxation,6,0.25,False,True,False
80,176-2,545.0,"(27, 19)",taxation,6,0.25,False,True,False
80,208-2,69082.25,"(42, 19)",taxation,6,0.25,False,True,False
80,170-2,59455.75,"(17, 15)",taxation,6,0.25,False,True,False
80,1-2,49788.25,"(9, 35)",taxation,6,0.25,False,True,False
80,23-2,70163.0,"(48, 2)",taxation,6,0.25,False,True,False
80,17-2,71230.5,"(32, 21)",taxation,6,0.25,False,True,False
80,149-2,58398.0,"(26, 18)",taxation,6,0.25,False,True,False
80,206-2,65885.25,"(15, 27)",taxation,6,0.25,False,True,False
80,242-2,29439.25,"(34, 29)",taxation,6,0.25,False,True,False
80,75-2,61595.0,"(22, 17)",taxation,6,0.25,False,True,False
80,74-2,75509.0,"(30, 35)",taxation,6,0.25,False,True,False
80,241-2,61571.5,"(39, 21)",taxation,6,0.25,False,True,False
80,42-2,48758.5,"(12, 30)",taxation,6,0.25,False,True,False
80,142-2,42277.75,"(19, 43)",taxation,6,0.25,False,True,False
80,172-2,71207.75,"(48, 1)",taxation,6,0.25,False,True,False
80,167-2,68016.75,"(26, 28)",taxation,6,0.25,False,True,False
80,38-2,68030.5,"(21, 42)",taxation,6,0.25,False,True,False
80,198-2,61599.5,"(22, 19)",taxation,6,0.25,False,True,False
80,0-2,45523.25,"(14, 29)",taxation,6,0.25,False,True,False
80,6-2,74449.0,"(27, 15)",taxation,6,0.25,False,True,False
80,76-2,64823.750000000015,"(22, 24)",taxation,6,0.25,False,True,False
80,144-2,64812.5,"(10, 32)",taxation,6,0.25,False,True,False
80,25-2,58351.0,"(17, 13)",taxation,6,0.25,False,True,False
80,40-2,71252.0,"(11, 28)",taxation,6,0.25,False,True,False
80,10-2,67995.25,"(39, 20)",taxation,6,0.25,False,True,False
80,180-2,64804.25,"(20, 27)",taxation,6,0.25,False,True,False
80,212-2,67986.75,"(13, 32)",taxation,6,0.25,False,True,False
80,63-2,61553.75,"(10, 24)",taxation,6,0.25,False,True,False
80,189-2,58377.5,"(10, 33)",taxation,6,0.25,False,True,False
80,54-2,64797.25,"(42, 7)",taxation,6,0.25,False,True,False
80,4-2,48710.25,"(47, 19)",taxation,6,0.25,False,True,False
80,83-2,71214.75,"(41, 19)",taxation,6,0.25,False,True,False
80,249-2,68026.0,"(16, 46)",taxation,6,0.25,False,True,False
80,22-2,74441.0,"(21, 26)",taxation,6,0.25,False,True,False
80,205-2,32641.75,"(42, 4)",taxation,6,0.25,False,True,False
80,156-2,48726.5,"(29, 22)",taxation,6,0.25,False,True,False
80,51-2,68016.5,"(15, 29)",taxation,6,0.25,False,True,False
80,133-2,58360.0,"(17, 28)",taxation,6,0.25,False,True,False
80,73-2,68018.25,"(18, 29)",taxation,6,0.25,False,True,False
80,56-2,64786.75,"(32, 30)",taxation,6,0.25,False,True,False
80,182-2,68009.25,"(23, 19)",taxation,6,0.25,False,True,False
80,71-2,71200.25,"(44, 22)",taxation,6,0.25,False,True,False
80,91-2,71205.75,"(11, 31)",taxation,6,0.25,False,True,False
80,226-2,64768.75,"(13, 23)",taxation,6,0.25,False,True,False
80,225-2,68002.75,"(13, 29)",taxation,6,0.25,False,True,False
80,148-2,51914.25,"(37, 24)",taxation,6,0.25,False,True,False
80,16-2,74431.5,"(21, 19)",taxation,6,0.25,False,True,False
80,111-2,71214.25,"(12, 10)",taxation,6,0.25,False,True,False
80,134-2,64781.0,"(43, 21)",taxation,6,0.25,False,True,False
80,168-2,71235.5,"(12, 33)",taxation,6,0.25,False,True,False
80,106-2,61585.75,"(23, 41)",taxation,6,0.25,False,True,False
80,162-2,67992.5,"(16, 34)",taxation,6,0.25,False,True,False
80,214-2,42256.0,"(12, 25)",taxation,6,0.25,False,True,False
80,110-2,74415.0,"(31, 30)",taxation,6,0.25,False,True,False
80,95-2,74432.5,"(35, 28)",taxation,6,0.25,False,True,False
80,122-2,55129.25,"(10, 28)",taxation,6,0.25,False,True,False
80,231-2,42253.75,"(22, 13)",taxation,6,0.25,False,True,False
80,100-2,64788.75,"(27, 32)",taxation,6,0.25,False,True,False
80,141-2,51926.5,"(11, 11)",taxation,6,0.25,False,True,False
80,165-2,77620.0,"(48, 0)",taxation,6,0.25,False,True,False
80,186-2,61567.25,"(31, 32)",taxation,6,0.25,False,True,False
80,201-2,45450.25,"(47, 0)",taxation,6,0.25,False,True,False
80,21-2,61564.25,"(35, 22)",taxation,6,0.25,False,True,False
80,183-2,45487.75,"(22, 16)",taxation,6,0.25,False,True,False
80,203-2,77615.25,"(45, 22)",taxation,6,0.25,False,True,False
80,32-2,71190.75,"(46, 2)",taxation,6,0.25,False,True,False
80,115-2,71186.75,"(22, 15)",taxation,6,0.25,False,True,False
80,169-2,51924.0,"(14, 22)",taxation,6,0.25,False,True,False
80,78-2,61559.25,"(9, 37)",taxation,6,0.25,False,True,False
80,137-2,58336.5,"(23, 23)",taxation,6,0.25,False,True,False
80,55-2,71178.25,"(30, 23)",taxation,6,0.25,False,True,False
80,112-2,71195.5,"(20, 18)",taxation,6,0.25,False,True,False
80,193-2,58353.5,"(31, 34)",taxation,6,0.25,False,True,False
80,50-2,74412.5,"(21, 25)",taxation,6,0.25,False,True,False
80,53-2,42261.25,"(15, 10)",taxation,6,0.25,False,True,False
80,5-2,29378.5,"(23, 24)",taxation,6,0.25,False,True,False
80,247-2,58330.0,"(37, 23)",taxation,6,0.25,False,True,False
80,147-2,64777.75,"(36, 22)",taxation,6,0.25,False,True,False
80,145-2,67978.0,"(20, 17)",taxation,6,0.25,False,True,False
80,207-2,51881.75,"(35, 26)",taxation,6,0.25,False,True,False
80,120-2,74388.0,"(23, 16)",taxation,6,0.25,False,True,False
80,125-2,71191.0,"(45, 4)",taxation,6,0.25,False,True,False
80,41-2,71208.0,"(10, 34)",taxation,6,0.25,False,True,False
80,209-2,74407.5,"(28, 32)",taxation,6,0.25,False,True,False
80,113-2,67974.75,"(27, 43)",taxation,6,0.25,False,True,False
80,68-2,55141.75,"(14, 10)",taxation,6,0.25,False,True,False
80,161-2,55127.0,"(11, 35)",taxation,6,0.25,False,True,False
80,175-2,55114.5,"(21, 20)",taxation,6,0.25,False,True,False
80,85-2,58341.0,"(10, 37)",taxation,6,0.25,False,True,False
80,234-2,67961.5,"(13, 9)",taxation,6,0.25,False,True,False
80,45-2,67968.75,"(20, 23)",taxation,6,0.25,False,True,False
80,196-2,45485.0,"(23, 18)",taxation,6,0.25,False,True,False
80,174-2,71190.5,"(12, 26)",taxation,6,0.25,False,True,False
80,103-2,64742.5,"(31, 27)",taxation,6,0.25,False,True,False
80,33-2,51898.25,"(19, 17)",taxation,6,0.25,False,True,False
80,19-2,67948.0,"(35, 25)",taxation,6,0.25,False,True,False
80,130-2,71176.5,"(27, 31)",taxation,6,0.25,False,True,False
80,155-2,67999.25,"(21, 18)",taxation,6,0.25,False,True,False
80,86-2,64753.0,"(8, 27)",taxation,6,0.25,False,True,False
80,164-2,67968.25,"(41, 21)",taxation,6,0.25,False,True,False
80,2-2,64756.75,"(12, 28)",taxation,6,0.25,False,True,False
80,11-2,51864.25,"(26, 15)",taxation,6,0.25,False,True,False
80,202-2,74377.0,"(49, 2)",taxation,6,0.25,False,True,False
80,121-2,64778.0,"(16, 26)",taxation,6,0.25,False,True,False
80,163-2,77618.0,"(14, 34)",taxation,6,0.25,False,True,False
80,18-2,74406.75,"(16, 28)",taxation,6,0.25,False,True,False
80,132-2,71166.75,"(43, 9)",taxation,6,0.25,False,True,False
80,160-2,58311.0,"(13, 33)",taxation,6,0.25,False,True,False
80,221-2,61545.5,"(11, 32)",taxation,6,0.25,False,True,False
80,90-2,58338.5,"(46, 4)",taxation,6,0.25,False,True,False
80,64-2,64732.0,"(44, 1)",taxation,6,0.25,False,True,False
80,102-2,45465.5,"(12, 27)",taxation,6,0.25,False,True,False
80,188-2,64760.5,"(11, 33)",taxation,6,0.25,False,True,False
80,92-2,71169.0,"(29, 21)",taxation,6,0.25,False,True,False
80,96-2,74402.5,"(15, 11)",taxation,6,0.25,False,True,False
80,107-2,71170.5,"(11, 26)",taxation,6,0.25,False,True,False
80,80-2,71166.5,"(39, 22)",taxation,6,0.25,False,True,False
80,237-2,51885.75,"(21, 17)",taxation,6,0.25,False,True,False
80,13-2,61533.25,"(18, 15)",taxation,6,0.25,False,True,False
80,104-2,61550.5,"(44, 2)",taxation,6,0.25,False,True,False
80,27-2,58311.75,"(45, 16)",taxation,6,0.25,False,True,False
80,248-2,64724.25,"(31, 28)",taxation,6,0.25,False,True,False
80,48-2,67932.0,"(40, 8)",taxation,6,0.25,False,True,False
80,57-2,58297.25,"(44, 18)",taxation,6,0.25,False,True,False
80,184-2,64706.25,"(35, 40)",taxation,6,0.25,False,True,False
80,30-2,74387.25,"(15, 28)",taxation,6,0.25,False,True,False
80,108-2,35793.25,"(11, 47)",taxation,6,0.25,False,True,False
80,166-2,61519.25,"(14, 30)",taxation,6,0.25,False,True,False
80,233-2,61542.25,"(22, 25)",taxation,6,0.25,False,True,False
80,69-2,71144.5,"(15, 26)",taxation,6,0.25,False,True,False
80,229-2,71205.25,"(11, 39)",taxation,6,0.25,False,True,False
80,236-2,64729.25,"(17, 21)",taxation,6,0.25,False,True,False
80,109-2,64744.5,"(47, 21)",taxation,6,0.25,False,True,False
80,235-2,64723.25,"(17, 19)",taxation,6,0.25,False,True,False
80,62-2,64749.5,"(12, 29)",taxation,6,0.25,False,True,False
80,89-2,67961.75,"(16, 45)",taxation,6,0.25,False,True,False
80,58-2,67918.5,"(8, 26)",taxation,6,0.25,False,True,False
80,61-2,77605.25,"(9, 24)",taxation,6,0.25,False,True,False
80,152-2,67954.25,"(16, 27)",taxation,6,0.25,False,True,False
80,124-2,61512.25,"(45, 1)",taxation,6,0.25,False,True,False
80,97-2,51856.75,"(12, 31)",taxation,6,0.25,False,True,False
80,232-2,39004.25,"(16, 33)",taxation,6,0.25,False,True,False
80,116-2,71164.5,"(17, 32)",taxation,6,0.25,False,True,False
80,37-2,67936.75,"(45, 21)",taxation,6,0.25,False,True,False
80,7-2,48679.5,"(13, 28)",taxation,6,0.25,False,True,False
80,26-2,51879.75,"(35, 38)",taxation,6,0.25,False,True,False
80,117-2,58307.5,"(19, 36)",taxation,6,0.25,False,True,False
80,82-2,67941.5,"(13, 31)",taxation,6,0.25,False,True,False
80,88-2,64728.0,"(20, 15)",taxation,6,0.25,False,True,False
80,59-2,58286.25,"(16, 25)",taxation,6,0.25,False,True,False
80,52-2,48645.25,"(27, 28)",taxation,6,0.25,False,True,False
80,194-2,58308.5,"(27, 29)",taxation,6,0.25,False,True,False
80,72-2,74364.5,"(10, 12)",taxation,6,0.25,False,True,False
80,199-2,74341.0,"(23, 15)",taxation,6,0.25,False,True,False
80,43-2,64715.75,"(31, 31)",taxation,6,0.25,False,True,False
80,128-2,71148.0,"(41, 20)",taxation,6,0.25,False,True,False
80,84-2,64729.5,"(14, 11)",taxation,6,0.25,False,True,False
80,114-2,74362.75,"(46, 19)",taxation,6,0.25,False,True,False
80,223-2,45407.0,"(23, 17)",taxation,6,0.25,False,True,False
80,123-2,74378.75,"(26, 29)",taxation,6,0.25,False,True,False
80,215-2,71138.5,"(16, 12)",taxation,6,0.25,False,True,False
80,127-2,67914.0,"(17, 10)",taxation,6,0.25,False,True,False
80,24-2,51868.5,"(47, 2)",taxation,6,0.25,False,True,False
80,136-2,51856.5,"(12, 32)",taxation,6,0.25,False,True,False
80,65-2,74347.25,"(22, 18)",taxation,6,0.25,False,True,False
80,14-2,16493.5,"(20, 13)",taxation,6,0.25,False,True,False
80,185-2,64729.5,"(13, 22)",taxation,6,0.25,False,True,False
80,77-2,55075.5,"(13, 10)",taxation,6,0.25,False,True,False
80,36-2,48639.25,"(17, 24)",taxation,6,0.25,False,True,False
80,190-2,64713.75,"(44, 16)",taxation,6,0.25,False,True,False
80,46-2,45419.0,"(27, 34)",taxation,6,0.25,False,True,False
80,218-2,74375.5,"(10, 36)",taxation,6,0.25,False,True,False
80,220-2,71150.0,"(13, 37)",taxation,6,0.25,False,True,False
80,224-2,55065.75,"(36, 27)",taxation,6,0.25,False,True,False
80,129-2,61508.0,"(21, 16)",taxation,6,0.25,False,True,False
80,157-2,61487.25,"(43, 3)",taxation,6,0.25,False,True,False
80,195-2,29332.25,"(30, 34)",taxation,6,0.25,False,True,False
80,8-2,64725.0,"(13, 34)",taxation,6,0.25,False,True,False
80,119-2,64695.0,"(21, 13)",taxation,6,0.25,False,True,False
80,99-2,61468.25,"(18, 16)",taxation,6,0.25,False,True,False
80,135-2,64713.75,"(15, 19)",taxation,6,0.25,False,True,False
80,47-2,45425.75,"(13, 30)",taxation,6,0.25,False,True,False
80,79-2,61491.25,"(9, 32)",taxation,6,0.25,False,True,False
80,87-2,64682.5,"(30, 25)",taxation,6,0.25,False,True,False
80,15-2,58287.75,"(27, 30)",taxation,6,0.25,False,True,False
80,29-2,64711.25,"(21, 23)",taxation,6,0.25,False,True,False
80,178-2,71140.25,"(47, 1)",taxation,6,0.25,False,True,False
80,60-2,67915.25,"(10, 35)",taxation,6,0.25,False,True,False
80,192-2,58286.0,"(21, 22)",taxation,6,0.25,False,True,False
80,49-2,61489.5,"(9, 42)",taxation,6,0.25,False,True,False
80,81-2,61492.25,"(42, 20)",taxation,6,0.25,False,True,False
80,118-2,71129.5,"(11, 23)",taxation,6,0.25,False,True,False
80,34-2,58276.0,"(13, 11)",taxation,6,0.25,False,True,False
80,211-2,42178.75,"(16, 10)",taxation,6,0.25,False,True,False
80,177-2,64712.75,"(40, 21)",taxation,6,0.25,False,True,False
80,39-2,45396.5,"(17, 12)",taxation,6,0.25,False,True,False
80,245-2,71130.75,"(21, 43)",taxation,6,0.25,False,True,False
80,131-2,64703.0,"(11, 34)",taxation,6,0.25,False,True,False
80,213-2,64714.5,"(16, 24)",taxation,6,0.25,False,True,False
80,9-2,55062.25,"(42, 3)",taxation,6,0.25,False,True,False
80,171-2,64717.5,"(21, 14)",taxation,6,0.25,False,True,False
80,230-2,51847.0,"(12, 34)",taxation,6,0.25,False,True,False
80,217-2,38979.5,"(19, 12)",taxation,6,0.25,False,True,False
80,227-2,71110.5,"(35, 29)",taxation,6,0.25,False,True,False
80,244-2,74335.5,"(29, 14)",taxation,6,0.25,False,True,False
80,204-2,71124.5,"(22, 26)",taxation,6,0.25,False,True,False
80,105-2,58253.5,"(25, 15)",taxation,6,0.25,False,True,False
80,239-2,64666.5,"(28, 17)",taxation,6,0.25,False,True,False
80,243-2,61472.5,"(13, 27)",taxation,6,0.25,False,True,False
80,139-3,58252.6875,"(27, 27)",taxation,6,0.25,False,True,False
80,228-3,38175.25,"(27, 16)",taxation,6,0.25,False,True,False
80,197-2,51823.25,"(17, 22)",taxation,6,0.25,False,True,False
80,151-2,51817.25,"(13, 26)",taxation,6,0.25,False,True,False
80,191-2,74315.75,"(24, 43)",taxation,6,0.25,False,True,False
80,153-2,32518.0,"(9, 27)",taxation,6,0.25,False,True,False
80,159-2,51833.5,"(36, 25)",taxation,6,0.25,False,True,False
80,222-2,64685.5,"(28, 19)",taxation,6,0.25,False,True,False
80,200-2,61450.0,"(18, 12)",taxation,6,0.25,False,True,False
80,181-2,64669.250000000015,"(46, 20)",taxation,6,0.25,False,True,False
80,101-2,64717.75,"(14, 31)",taxation,6,0.25,False,True,False
80,35-2,64692.5,"(9, 28)",taxation,6,0.25,False,True,False
80,70-2,67908.0,"(21, 15)",taxation,6,0.25,False,True,False
80,238-2,64703.0,"(33, 34)",taxation,6,0.25,False,True,False
80,158-3,46974.75,"(44, 20)",taxation,6,0.25,False,True,False
80,20-2,61457.0,"(36, 23)",taxation,6,0.25,False,True,False
80,31-3,58226.625,"(46, 1)",taxation,6,0.25,False,True,False
80,179-3,42192.375,"(29, 30)",taxation,6,0.25,False,True,False
80,93-2,29313.0,"(32, 28)",taxation,6,0.25,False,True,False
80,3-2,38939.25,"(6, 20)",taxation,6,0.25,False,True,False
81,12,81940.0,"(45, 5)",taxation,6,0.25,False,True,False
81,67,64813.0,"(23, 43)",taxation,6,0.25,False,True,False
81,126,86225.0,"(36, 37)",taxation,6,0.25,False,True,False
81,216,94806.0,"(24, 16)",taxation,6,0.25,False,True,False
81,28-2,59473.25,"(40, 5)",taxation,6,0.25,False,True,False
81,187-2,34803.0,"(46, 0)",taxation,6,0.25,False,True,False
81,146-2,26241.0,"(40, 25)",taxation,6,0.25,False,True,False
81,94-2,21951.0,"(23, 11)",taxation,6,0.25,False,True,False
81,154-2,30517.0,"(38, 35)",taxation,6,0.25,False,True,False
81,173-2,17684.0,"(10, 38)",taxation,6,0.25,False,True,False
81,240-2,21922.0,"(9, 36)",taxation,6,0.25,False,True,False
81,246-2,64809.0,"(27, 18)",taxation,6,0.25,False,True,False
81,140-2,573.0,"(20, 6)",taxation,6,0.25,False,True,False
81,176-2,550.0,"(33, 20)",taxation,6,0.25,False,True,False
81,208-2,69090.25,"(39, 17)",taxation,6,0.25,False,True,False
81,170-2,59463.75,"(20, 9)",taxation,6,0.25,False,True,False
81,1-2,49796.25,"(4, 37)",taxation,6,0.25,False,True,False
81,23-2,70167.0,"(43, 1)",taxation,6,0.25,False,True,False
81,17-2,71237.5,"(36, 20)",taxation,6,0.25,False,True,False
81,149-2,58404.0,"(32, 12)",taxation,6,0.25,False,True,False
81,206-2,65890.25,"(9, 31)",taxation,6,0.25,False,True,False
81,242-2,29447.25,"(34, 32)",taxation,6,0.25,False,True,False
81,75-2,61604.0,"(27, 13)",taxation,6,0.25,False,True,False
81,74-2,75516.0,"(33, 41)",taxation,6,0.25,False,True,False
81,241-2,61579.5,"(40, 20)",taxation,6,0.25,False,True,False
81,42-2,48766.5,"(7, 28)",taxation,6,0.25,False,True,False
81,142-2,42285.75,"(16, 47)",taxation,6,0.25,False,True,False
81,172-2,71210.75,"(44, 4)",taxation,6,0.25,False,True,False
81,167-2,68020.75,"(32, 34)",taxation,6,0.25,False,True,False
81,38-2,68037.5,"(23, 44)",taxation,6,0.25,False,True,False
81,198-2,61603.5,"(23, 14)",taxation,6,0.25,False,True,False
81,0-2,45532.25,"(9, 29)",taxation,6,0.25,False,True,False
81,6-2,74457.0,"(26, 10)",taxation,6,0.25,False,True,False
81,76-2,64826.750000000015,"(28, 18)",taxation,6,0.25,False,True,False
81,144-2,64820.5,"(7, 33)",taxation,6,0.25,False,True,False
81,25-2,58357.0,"(19, 8)",taxation,6,0.25,False,True,False
81,40-2,71259.0,"(6, 29)",taxation,6,0.25,False,True,False
81,10-2,68003.25,"(39, 19)",taxation,6,0.25,False,True,False
81,180-2,64807.25,"(14, 32)",taxation,6,0.25,False,True,False
81,212-2,67991.75,"(9, 33)",taxation,6,0.25,False,True,False
81,63-2,61559.75,"(5, 30)",taxation,6,0.25,False,True,False
81,189-2,58385.5,"(4, 32)",taxation,6,0.25,False,True,False
81,54-2,64805.25,"(40, 7)",taxation,6,0.25,False,True,False
81,4-2,48717.25,"(46, 23)",taxation,6,0.25,False,True,False
81,83-2,71222.75,"(40, 19)",taxation,6,0.25,False,True,False
81,249-2,68034.0,"(13, 48)",taxation,6,0.25,False,True,False
81,22-2,74443.0,"(25, 24)",taxation,6,0.25,False,True,False
81,205-2,32649.75,"(38, 9)",taxation,6,0.25,False,True,False
81,156-2,48733.5,"(35, 19)",taxation,6,0.25,False,True,False
81,51-2,68019.5,"(11, 30)",taxation,6,0.25,False,True,False
81,133-2,58364.0,"(11, 29)",taxation,6,0.25,False,True,False
81,73-2,68023.25,"(12, 35)",taxation,6,0.25,False,True,False
81,56-2,64793.75,"(38, 36)",taxation,6,0.25,False,True,False
81,182-2,68013.25,"(24, 14)",taxation,6,0.25,False,True,False
81,71-2,71208.25,"(42, 23)",taxation,6,0.25,False,True,False
81,91-2,71213.75,"(5, 33)",taxation,6,0.25,False,True,False
81,226-2,64772.75,"(8, 24)",taxation,6,0.25,False,True,False
81,225-2,68006.75,"(7, 27)",taxation,6,0.25,False,True,False
81,148-2,51921.25,"(40, 23)",taxation,6,0.25,False,True,False
81,16-2,74440.5,"(26, 13)",taxation,6,0.25,False,True,False
81,111-2,71221.25,"(16, 7)",taxation,6,0.25,False,True,False
81,134-2,64789.0,"(42, 22)",taxation,6,0.25,False,True,False
81,168-2,71243.5,"(7, 34)",taxation,6,0.25,False,True,False
81,106-2,61592.75,"(26, 46)",taxation,6,0.25,False,True,False
81,162-2,67999.5,"(10, 39)",taxation,6,0.25,False,True,False
81,214-2,42264.0,"(6, 28)",taxation,6,0.25,False,True,False
81,110-2,74422.0,"(34, 33)",taxation,6,0.25,False,True,False
81,95-2,74439.5,"(39, 32)",taxation,6,0.25,False,True,False
81,122-2,55137.25,"(6, 31)",taxation,6,0.25,False,True,False
81,231-2,42262.75,"(25, 12)",taxation,6,0.25,False,True,False
81,100-2,64792.75,"(28, 38)",taxation,6,0.25,False,True,False
81,141-2,51933.5,"(15, 7)",taxation,6,0.25,False,True,False
81,165-2,77628.0,"(42, 0)",taxation,6,0.25,False,True,False
81,186-2,61575.25,"(35, 36)",taxation,6,0.25,False,True,False
81,201-2,45458.25,"(42, 1)",taxation,6,0.25,False,True,False
81,21-2,61572.25,"(38, 19)",taxation,6,0.25,False,True,False
81,183-2,45496.75,"(22, 12)",taxation,6,0.25,False,True,False
81,203-2,77623.25,"(43, 24)",taxation,6,0.25,False,True,False
81,32-2,71197.75,"(40, 2)",taxation,6,0.25,False,True,False
81,115-2,71194.75,"(22, 9)",taxation,6,0.25,False,True,False
81,169-2,51931.0,"(8, 23)",taxation,6,0.25,False,True,False
81,78-2,61567.25,"(5, 38)",taxation,6,0.25,False,True,False
81,137-2,58339.5,"(28, 20)",taxation,6,0.25,False,True,False
81,55-2,71185.25,"(36, 21)",taxation,6,0.25,False,True,False
81,112-2,71199.5,"(19, 13)",taxation,6,0.25,False,True,False
81,193-2,58361.5,"(37, 38)",taxation,6,0.25,False,True,False
81,50-2,74414.5,"(23, 22)",taxation,6,0.25,False,True,False
81,53-2,42269.25,"(15, 8)",taxation,6,0.25,False,True,False
81,5-2,29381.5,"(29, 20)",taxation,6,0.25,False,True,False
81,247-2,58338.0,"(37, 17)",taxation,6,0.25,False,True,False
81,147-2,64785.75,"(38, 16)",taxation,6,0.25,False,True,False
81,145-2,67987.0,"(23, 13)",taxation,6,0.25,False,True,False
81,207-2,51888.75,"(38, 22)",taxation,6,0.25,False,True,False
81,120-2,74396.0,"(23, 10)",taxation,6,0.25,False,True,False
81,125-2,71198.0,"(41, 3)",taxation,6,0.25,False,True,False
81,41-2,71216.0,"(8, 35)",taxation,6,0.25,False,True,False
81,209-2,74411.5,"(31, 35)",taxation,6,0.25,False,True,False
81,113-2,67981.75,"(30, 42)",taxation,6,0.25,False,True,False
81,68-2,55149.75,"(14, 9)",taxation,6,0.25,False,True,False
81,161-2,55135.0,"(8, 36)",taxation,6,0.25,False,True,False
81,175-2,55118.5,"(26, 14)",taxation,6,0.25,False,True,False
81,85-2,58349.0,"(5, 37)",taxation,6,0.25,False,True,False
81,234-2,67969.5,"(17, 8)",taxation,6,0.25,False,True,False
81,45-2,67971.75,"(16, 17)",taxation,6,0.25,False,True,False
81,196-2,45494.0,"(28, 13)",taxation,6,0.25,False,True,False
81,174-2,71196.5,"(6, 30)",taxation,6,0.25,False,True,False
81,103-2,64749.5,"(35, 30)",taxation,6,0.25,False,True,False
81,33-2,51903.25,"(21, 11)",taxation,6,0.25,False,True,False
81,19-2,67956.0,"(39, 23)",taxation,6,0.25,False,True,False
81,130-2,71180.5,"(32, 31)",taxation,6,0.25,False,True,False
81,155-2,68003.25,"(24, 13)",taxation,6,0.25,False,True,False
81,86-2,64760.0,"(2, 31)",taxation,6,0.25,False,True,False
81,164-2,67976.25,"(41, 22)",taxation,6,0.25,False,True,False
81,2-2,64762.75,"(6, 32)",taxation,6,0.25,False,True,False
81,11-2,51870.25,"(31, 12)",taxation,6,0.25,False,True,False
81,202-2,74385.0,"(45, 0)",taxation,6,0.25,False,True,False
81,121-2,64781.0,"(11, 27)",taxation,6,0.25,False,True,False
81,163-2,77624.0,"(9, 39)",taxation,6,0.25,False,True,False
81,18-2,74410.75,"(11, 25)",taxation,6,0.25,False,True,False
81,132-2,71174.75,"(40, 11)",taxation,6,0.25,False,True,False
81,160-2,58318.0,"(7, 30)",taxation,6,0.25,False,True,False
81,221-2,61553.5,"(6, 34)",taxation,6,0.25,False,True,False
81,90-2,58346.5,"(41, 4)",taxation,6,0.25,False,True,False
81,64-2,64740.0,"(44, 0)",taxation,6,0.25,False,True,False
81,102-2,45472.5,"(6, 25)",taxation,6,0.25,False,True,False
81,188-2,64768.5,"(5, 39)",taxation,6,0.25,False,True,False
81,92-2,71176.0,"(35, 18)",taxation,6,0.25,False,True,False
81,96-2,74410.5,"(14, 8)",taxation,6,0.25,False,True,False
81,107-2,71177.5,"(5, 25)",taxation,6,0.25,False,True,False
81,80-2,71174.5,"(40, 24)",taxation,6,0.25,False,True,False
81,237-2,51891.75,"(19, 11)",taxation,6,0.25,False,True,False
81,13-2,61541.25,"(18, 9)",taxation,6,0.25,False,True,False
81,104-2,61557.5,"(40, 4)",taxation,6,0.25,False,True,False
81,27-2,58319.75,"(40, 12)",taxation,6,0.25,False,True,False
81,248-2,64730.25,"(37, 22)",taxation,6,0.25,False,True,False
81,48-2,67940.0,"(40, 6)",taxation,6,0.25,False,True,False
81,57-2,58305.25,"(39, 18)",taxation,6,0.25,False,True,False
81,184-2,64714.25,"(36, 39)",taxation,6,0.25,False,True,False
81,30-2,74392.25,"(9, 34)",taxation,6,0.25,False,True,False
81,108-2,35801.25,"(12, 47)",taxation,6,0.25,False,True,False
81,166-2,61528.25,"(9, 30)",taxation,6,0.25,False,True,False
81,233-2,61544.25,"(24, 23)",taxation,6,0.25,False,True,False
81,69-2,71147.5,"(10, 23)",taxation,6,0.25,False,True,False
81,229-2,71213.25,"(6, 41)",taxation,6,0.25,False,True,False
81,236-2,64732.25,"(17, 17)",taxation,6,0.25,False,True,False
81,109-2,64751.5,"(47, 24)",taxation,6,0.25,False,True,False
81,235-2,64727.25,"(18, 13)",taxation,6,0.25,False,True,False
81,62-2,64757.5,"(6, 33)",taxation,6,0.25,False,True,False
81,89-2,67969.75,"(13, 47)",taxation,6,0.25,False,True,False
81,58-2,67925.5,"(3, 32)",taxation,6,0.25,False,True,False
81,61-2,77613.25,"(7, 26)",taxation,6,0.25,False,True,False
81,152-2,67962.25,"(10, 29)",taxation,6,0.25,False,True,False
81,124-2,61520.25,"(45, 2)",taxation,6,0.25,False,True,False
81,97-2,51864.75,"(8, 29)",taxation,6,0.25,False,True,False
81,232-2,39009.25,"(11, 38)",taxation,6,0.25,False,True,False
81,116-2,71169.5,"(12, 37)",taxation,6,0.25,False,True,False
81,37-2,67943.75,"(44, 23)",taxation,6,0.25,False,True,False
81,7-2,48684.5,"(8, 33)",taxation,6,0.25,False,True,False
81,26-2,51887.75,"(36, 38)",taxation,6,0.25,False,True,False
81,117-2,58313.5,"(23, 42)",taxation,6,0.25,False,True,False
81,82-2,67948.5,"(8, 30)",taxation,6,0.25,False,True,False
81,88-2,64736.0,"(18, 11)",taxation,6,0.25,False,True,False
81,59-2,58290.25,"(10, 25)",taxation,6,0.25,False,True,False
81,52-2,48649.25,"(33, 31)",taxation,6,0.25,False,True,False
81,194-2,58316.5,"(33, 33)",taxation,6,0.25,False,True,False
81,72-2,74371.5,"(16, 6)",taxation,6,0.25,False,True,False
81,199-2,74350.0,"(28, 12)",taxation,6,0.25,False,True,False
81,43-2,64720.75,"(35, 33)",taxation,6,0.25,False,True,False
81,128-2,71156.0,"(38, 17)",taxation,6,0.25,False,True,False
81,84-2,64737.5,"(16, 8)",taxation,6,0.25,False,True,False
81,114-2,74369.75,"(43, 22)",taxation,6,0.25,False,True,False
81,223-2,45416.0,"(23, 12)",taxation,6,0.25,False,True,False
81,123-2,74382.75,"(32, 32)",taxation,6,0.25,False,True,False
81,215-2,71146.5,"(19, 10)",taxation,6,0.25,False,True,False
81,127-2,67922.0,"(18, 7)",taxation,6,0.25,False,True,False
81,24-2,51874.5,"(41, 6)",taxation,6,0.25,False,True,False
81,136-2,51864.5,"(6, 35)",taxation,6,0.25,False,True,False
81,65-2,74356.25,"(25, 13)",taxation,6,0.25,False,True,False
81,14-2,16501.5,"(20, 10)",taxation,6,0.25,False,True,False
81,185-2,64733.5,"(10, 26)",taxation,6,0.25,False,True,False
81,77-2,55083.5,"(18, 8)",taxation,6,0.25,False,True,False
81,36-2,48642.25,"(12, 23)",taxation,6,0.25,False,True,False
81,190-2,64721.75,"(40, 17)",taxation,6,0.25,False,True,False
81,46-2,45425.0,"(28, 39)",taxation,6,0.25,False,True,False
81,218-2,74383.5,"(9, 38)",taxation,6,0.25,False,True,False
81,220-2,71157.0,"(8, 42)",taxation,6,0.25,False,True,False
81,224-2,55072.75,"(40, 28)",taxation,6,0.25,False,True,False
81,129-2,61517.0,"(21, 12)",taxation,6,0.25,False,True,False
81,157-2,61495.25,"(41, 1)",taxation,6,0.25,False,True,False
81,195-2,29340.25,"(36, 36)",taxation,6,0.25,False,True,False
81,8-2,64732.0,"(9, 40)",taxation,6,0.25,False,True,False
81,119-2,64703.0,"(20, 8)",taxation,6,0.25,False,True,False
81,99-2,61473.25,"(22, 11)",taxation,6,0.25,False,True,False
81,135-2,64717.75,"(14, 13)",taxation,6,0.25,False,True,False
81,47-2,45430.75,"(8, 32)",taxation,6,0.25,False,True,False
81,79-2,61499.25,"(4, 38)",taxation,6,0.25,False,True,False
81,87-2,64690.5,"(34, 19)",taxation,6,0.25,False,True,False
81,15-2,58291.75,"(32, 36)",taxation,6,0.25,False,True,False
81,29-2,64714.25,"(26, 17)",taxation,6,0.25,False,True,False
81,178-2,71148.25,"(41, 0)",taxation,6,0.25,False,True,False
81,60-2,67923.25,"(7, 35)",taxation,6,0.25,False,True,False
81,192-2,58289.0,"(18, 17)",taxation,6,0.25,False,True,False
81,49-2,61497.5,"(8, 43)",taxation,6,0.25,False,True,False
81,81-2,61500.25,"(40, 18)",taxation,6,0.25,False,True,False
81,118-2,71136.5,"(6, 24)",taxation,6,0.25,False,True,False
81,34-2,58284.0,"(14, 7)",taxation,6,0.25,False,True,False
81,211-2,42185.75,"(19, 6)",taxation,6,0.25,False,True,False
81,177-2,64719.75,"(42, 21)",taxation,6,0.25,False,True,False
81,39-2,45404.5,"(19, 7)",taxation,6,0.25,False,True,False
81,245-2,71137.75,"(22, 42)",taxation,6,0.25,False,True,False
81,131-2,64712.0,"(10, 31)",taxation,6,0.25,False,True,False
81,213-2,64718.5,"(10, 27)",taxation,6,0.25,False,True,False
81,9-2,55070.25,"(42, 2)",taxation,6,0.25,False,True,False
81,171-2,64724.5,"(27, 8)",taxation,6,0.25,False,True,False
81,230-2,51854.0,"(6, 39)",taxation,6,0.25,False,True,False
81,217-2,38988.5,"(20, 12)",taxation,6,0.25,False,True,False
81,227-2,71118.5,"(40, 26)",taxation,6,0.25,False,True,False
81,244-2,74343.5,"(33, 11)",taxation,6,0.25,False,True,False
81,204-2,71126.5,"(25, 26)",taxation,6,0.25,False,True,False
81,105-2,58259.5,"(22, 10)",taxation,6,0.25,False,True,False
81,239-2,64675.5,"(28, 14)",taxation,6,0.25,False,True,False
81,243-2,61481.5,"(10, 30)",taxation,6,0.25,False,True,False
81,139-3,58256.6875,"(33, 30)",taxation,6,0.25,False,True,False
81,228-3,38183.25,"(25, 10)",taxation,6,0.25,False,True,False
81,197-2,51826.25,"(12, 22)",taxation,6,0.25,False,True,False
81,151-2,51824.25,"(7, 29)",taxation,6,0.25,False,True,False
81,191-2,74322.75,"(24, 44)",taxation,6,0.25,False,True,False
81,153-2,32526.0,"(5, 32)",taxation,6,0.25,False,True,False
81,159-2,51841.5,"(38, 23)",taxation,6,0.25,False,True,False
81,222-2,64693.5,"(34, 13)",taxation,6,0.25,False,True,False
81,200-2,61458.0,"(16, 11)",taxation,6,0.25,False,True,False
81,181-2,64677.250000000015,"(41, 23)",taxation,6,0.25,False,True,False
81,101-2,64723.75,"(8, 31)",taxation,6,0.25,False,True,False
81,35-2,64699.5,"(4, 26)",taxation,6,0.25,False,True,False
81,70-2,67915.0,"(21, 10)",taxation,6,0.25,False,True,False
81,238-2,64710.0,"(38, 34)",taxation,6,0.25,False,True,False
81,158-3,46982.75,"(38, 15)",taxation,6,0.25,False,True,False
81,20-2,61464.0,"(37, 21)",taxation,6,0.25,False,True,False
81,31-3,58234.625,"(43, 0)",taxation,6,0.25,False,True,False
81,179-3,42197.375,"(34, 34)",taxation,6,0.25,False,True,False
81,93-2,29320.0,"(35, 31)",taxation,6,0.25,False,True,False
81,3-2,38946.25,"(5, 20)",taxation,6,0.25,False,True,False
81,143-2,64674.75,"(37, 35)",taxation,6,0.25,False,True,False
81,219-3,56622.75,"(44, 3)",taxation,6,0.25,False,True,False
81,98-3,26133.75,"(10, 13)",taxation,6,0.25,False,True,False
81,138-2,67887.75,"(36, 26)",taxation,6,0.25,False,True,False
81,66-2,71106.75,"(13, 35)",taxation,6,0.25,False,True,False
81,210-2,77520.75,"(19, 46)",taxation,6,0.25,False,True,False
81,150-2,55037.25,"(38, 30)",taxation,6,0.25,False,True,False
81,44-2,42192.0,"(41, 2)",taxation,6,0.25,False,True,False
82,12,81946.0,"(39, 0)",taxation,6,0.25,False,True,False
82,67,64821.0,"(20, 47)",taxation,6,0.25,False,True,False
82,216,94812.0,"(24, 11)",taxation,6,0.25,False,True,False
82,187-2,34807.0,"(44, 5)",taxation,6,0.25,False,True,False
82,146-2,26249.0,"(41, 25)",taxation,6,0.25,False,True,False
82,94-2,21959.0,"(25, 5)",taxation,6,0.25,False,True,False
82,173-2,17693.0,"(5, 44)",taxation,6,0.25,False,True,False
82,240-2,21930.0,"(4, 41)",taxation,6,0.25,False,True,False
82,246-2,64815.0,"(30, 12)",taxation,6,0.25,False,True,False
82,140-2,581.0,"(21, 4)",taxation,6,0.25,False,True,False
82,176-2,556.0,"(38, 25)",taxation,6,0.25,False,True,False
82,208-2,69096.25,"(39, 15)",taxation,6,0.25,False,True,False
82,170-2,59471.75,"(20, 4)",taxation,6,0.25,False,True,False
82,1-2,49805.25,"(3, 43)",taxation,6,0.25,False,True,False
82,23-2,70175.0,"(39, 1)",taxation,6,0.25,False,True,False
82,17-2,71244.5,"(35, 20)",taxation,6,0.25,False,True,False
82,149-2,58412.0,"(34, 8)",taxation,6,0.25,False,True,False
82,206-2,65898.25,"(3, 36)",taxation,6,0.25,False,True,False
82,242-2,29454.25,"(39, 30)",taxation,6,0.25,False,True,False
82,75-2,61611.0,"(32, 11)",taxation,6,0.25,False,True,False
82,241-2,61585.5,"(44, 21)",taxation,6,0.25,False,True,False
82,42-2,48773.5,"(1, 27)",taxation,6,0.25,False,True,False
82,142-2,42293.75,"(11, 48)",taxation,6,0.25,False,True,False
82,172-2,71218.75,"(39, 5)",taxation,6,0.25,False,True,False
82,167-2,68026.75,"(36, 34)",taxation,6,0.25,False,True,False
82,38-2,68044.5,"(21, 45)",taxation,6,0.25,False,True,False
82,198-2,61611.5,"(28, 8)",taxation,6,0.25,False,True,False
82,0-2,45538.25,"(4, 28)",taxation,6,0.25,False,True,False
82,6-2,74464.0,"(28, 6)",taxation,6,0.25,False,True,False
82,76-2,64832.750000000015,"(31, 13)",taxation,6,0.25,False,True,False
82,144-2,64828.5,"(5, 35)",taxation,6,0.25,False,True,False
82,25-2,58365.0,"(22, 6)",taxation,6,0.25,False,True,False
82,40-2,71266.0,"(2, 28)",taxation,6,0.25,False,True,False
82,10-2,68010.25,"(39, 24)",taxation,6,0.25,False,True,False
82,180-2,64812.25,"(8, 34)",taxation,6,0.25,False,True,False
82,212-2,67998.75,"(6, 37)",taxation,6,0.25,False,True,False
82,63-2,61566.75,"(3, 33)",taxation,6,0.25,False,True,False
82,189-2,58393.5,"(2, 37)",taxation,6,0.25,False,True,False
82,54-2,64814.25,"(36, 11)",taxation,6,0.25,False,True,False
82,4-2,48725.25,"(47, 25)",taxation,6,0.25,False,True,False
82,83-2,71230.75,"(43, 23)",taxation,6,0.25,False,True,False
82,249-2,68043.0,"(10, 49)",taxation,6,0.25,False,True,False
82,22-2,74447.0,"(30, 21)",taxation,6,0.25,False,True,False
82,205-2,32657.75,"(38, 8)",taxation,6,0.25,False,True,False
82,156-2,48741.5,"(36, 14)",taxation,6,0.25,False,True,False
82,51-2,68025.5,"(5, 26)",taxation,6,0.25,False,True,False
82,133-2,58370.0,"(6, 27)",taxation,6,0.25,False,True,False
82,73-2,68030.25,"(6, 36)",taxation,6,0.25,False,True,False
82,56-2,64801.75,"(44, 30)",taxation,6,0.25,False,True,False
82,182-2,68019.25,"(26, 11)",taxation,6,0.25,False,True,False
82,71-2,71216.25,"(46, 26)",taxation,6,0.25,False,True,False
82,91-2,71221.75,"(1, 39)",taxation,6,0.25,False,True,False
82,226-2,64779.75,"(3, 26)",taxation,6,0.25,False,True,False
82,225-2,68013.75,"(1, 30)",taxation,6,0.25,False,True,False
82,148-2,51929.25,"(43, 26)",taxation,6,0.25,False,True,False
82,16-2,74447.5,"(31, 8)",taxation,6,0.25,False,True,False
82,111-2,71229.25,"(17, 3)",taxation,6,0.25,False,True,False
82,134-2,64797.0,"(46, 28)",taxation,6,0.25,False,True,False
82,168-2,71251.5,"(2, 39)",taxation,6,0.25,False,True,False
82,106-2,61599.75,"(26, 47)",taxation,6,0.25,False,True,False
82,162-2,68007.5,"(9, 44)",taxation,6,0.25,False,True,False
82,214-2,42272.0,"(2, 32)",taxation,6,0.25,False,True,False
82,110-2,74429.0,"(40, 31)",taxation,6,0.25,False,True,False
82,95-2,74447.5,"(40, 33)",taxation,6,0.25,False,True,False
82,122-2,55145.25,"(4, 35)",taxation,6,0.25,False,True,False
82,231-2,42269.75,"(26, 7)",taxation,6,0.25,False,True,False
82,100-2,64800.75,"(32, 42)",taxation,6,0.25,False,True,False
82,141-2,51941.5,"(18, 2)",taxation,6,0.25,False,True,False
82,165-2,77636.0,"(36, 5)",taxation,6,0.25,False,True,False
82,186-2,61583.25,"(38, 37)",taxation,6,0.25,False,True,False
82,201-2,45466.25,"(38, 4)",taxation,6,0.25,False,True,False
82,21-2,61579.25,"(40, 15)",taxation,6,0.25,False,True,False
82,183-2,45504.75,"(24, 7)",taxation,6,0.25,False,True,False
82,203-2,77631.25,"(45, 26)",taxation,6,0.25,False,True,False
82,32-2,71205.75,"(38, 2)",taxation,6,0.25,False,True,False
82,115-2,71202.75,"(23, 4)",taxation,6,0.25,False,True,False
82,169-2,51938.0,"(5, 17)",taxation,6,0.25,False,True,False
82,78-2,61575.25,"(3, 41)",taxation,6,0.25,False,True,False
82,137-2,58344.5,"(31, 16)",taxation,6,0.25,False,True,False
82,55-2,71193.25,"(42, 24)",taxation,6,0.25,False,True,False
82,112-2,71205.5,"(16, 9)",taxation,6,0.25,False,True,False
82,193-2,58368.5,"(42, 33)",taxation,6,0.25,False,True,False
82,50-2,74418.5,"(25, 16)",taxation,6,0.25,False,True,False
82,53-2,42277.25,"(16, 3)",taxation,6,0.25,False,True,False
82,5-2,29386.5,"(33, 21)",taxation,6,0.25,False,True,False
82,247-2,58347.0,"(35, 12)",taxation,6,0.25,False,True,False
82,147-2,64791.75,"(34, 11)",taxation,6,0.25,False,True,False
82,145-2,67994.0,"(25, 9)",taxation,6,0.25,False,True,False
82,207-2,51896.75,"(44, 28)",taxation,6,0.25,False,True,False
82,120-2,74404.0,"(25, 4)",taxation,6,0.25,False,True,False
82,125-2,71206.0,"(36, 3)",taxation,6,0.25,False,True,False
82,41-2,71224.0,"(2, 40)",taxation,6,0.25,False,True,False
82,209-2,74418.5,"(30, 41)",taxation,6,0.25,False,True,False
82,113-2,67989.75,"(31, 42)",taxation,6,0.25,False,True,False
82,68-2,55156.75,"(16, 5)",taxation,6,0.25,False,True,False
82,161-2,55144.0,"(4, 42)",taxation,6,0.25,False,True,False
82,175-2,55125.5,"(32, 10)",taxation,6,0.25,False,True,False
82,85-2,58357.0,"(3, 40)",taxation,6,0.25,False,True,False
82,234-2,67977.5,"(17, 4)",taxation,6,0.25,False,True,False
82,45-2,67976.75,"(14, 12)",taxation,6,0.25,False,True,False
82,196-2,45502.0,"(34, 7)",taxation,6,0.25,False,True,False
82,174-2,71203.5,"(3, 30)",taxation,6,0.25,False,True,False
82,103-2,64756.5,"(40, 29)",taxation,6,0.25,False,True,False
82,33-2,51910.25,"(23, 6)",taxation,6,0.25,False,True,False
82,19-2,67964.0,"(43, 29)",taxation,6,0.25,False,True,False
82,130-2,71186.5,"(36, 33)",taxation,6,0.25,False,True,False
82,155-2,68010.25,"(29, 7)",taxation,6,0.25,False,True,False
82,86-2,64767.0,"(2, 30)",taxation,6,0.25,False,True,False
82,164-2,67984.25,"(45, 28)",taxation,6,0.25,False,True,False
82,2-2,64770.75,"(5, 34)",taxation,6,0.25,False,True,False
82,11-2,51878.25,"(35, 6)",taxation,6,0.25,False,True,False
82,202-2,74390.0,"(40, 1)",taxation,6,0.25,False,True,False
82,121-2,64788.0,"(5, 31)",taxation,6,0.25,False,True,False
82,163-2,77632.0,"(5, 42)",taxation,6,0.25,False,True,False
82,18-2,74415.75,"(7, 25)",taxation,6,0.25,False,True,False
82,132-2,71182.75,"(38, 7)",taxation,6,0.25,False,True,False
82,160-2,58325.0,"(3, 29)",taxation,6,0.25,False,True,False
82,221-2,61562.5,"(5, 40)",taxation,6,0.25,False,True,False
82,90-2,58354.5,"(38, 5)",taxation,6,0.25,False,True,False
82,64-2,64747.0,"(38, 0)",taxation,6,0.25,False,True,False
82,102-2,45479.5,"(3, 27)",taxation,6,0.25,False,True,False
82,188-2,64777.5,"(4, 44)",taxation,6,0.25,False,True,False
82,92-2,71182.0,"(33, 13)",taxation,6,0.25,False,True,False
82,96-2,74418.5,"(17, 2)",taxation,6,0.25,False,True,False
82,107-2,71184.5,"(2, 27)",taxation,6,0.25,False,True,False
82,80-2,71182.5,"(41, 24)",taxation,6,0.25,False,True,False
82,237-2,51899.75,"(24, 5)",taxation,6,0.25,False,True,False
82,13-2,61549.25,"(21, 3)",taxation,6,0.25,False,True,False
82,104-2,61565.5,"(37, 5)",taxation,6,0.25,False,True,False
82,27-2,58325.75,"(42, 16)",taxation,6,0.25,False,True,False
82,248-2,64737.25,"(41, 28)",taxation,6,0.25,False,True,False
82,48-2,67948.0,"(38, 6)",taxation,6,0.25,False,True,False
82,57-2,58313.25,"(40, 16)",taxation,6,0.25,False,True,False
82,184-2,64721.25,"(42, 34)",taxation,6,0.25,False,True,False
82,30-2,74400.25,"(4, 39)",taxation,6,0.25,False,True,False
82,108-2,35810.25,"(9, 48)",taxation,6,0.25,False,True,False
82,166-2,61535.25,"(4, 30)",taxation,6,0.25,False,True,False
82,233-2,61548.25,"(29, 19)",taxation,6,0.25,False,True,False
82,69-2,71153.5,"(4, 25)",taxation,6,0.25,False,True,False
82,229-2,71222.25,"(5, 46)",taxation,6,0.25,False,True,False
82,236-2,64737.25,"(15, 12)",taxation,6,0.25,False,True,False
82,109-2,64759.5,"(49, 24)",taxation,6,0.25,False,True,False
82,235-2,64733.25,"(21, 7)",taxation,6,0.25,False,True,False
82,62-2,64765.5,"(0, 39)",taxation,6,0.25,False,True,False
82,89-2,67978.75,"(10, 48)",taxation,6,0.25,False,True,False
82,58-2,67933.5,"(1, 34)",taxation,6,0.25,False,True,False
82,61-2,77621.25,"(1, 31)",taxation,6,0.25,False,True,False
82,152-2,67968.25,"(5, 28)",taxation,6,0.25,False,True,False
82,124-2,61526.25,"(40, 0)",taxation,6,0.25,False,True,False
82,97-2,51872.75,"(2, 33)",taxation,6,0.25,False,True,False
82,232-2,39017.25,"(6, 44)",taxation,6,0.25,False,True,False
82,116-2,71176.5,"(8, 39)",taxation,6,0.25,False,True,False
82,37-2,67951.75,"(43, 25)",taxation,6,0.25,False,True,False
82,7-2,48692.5,"(2, 36)",taxation,6,0.25,False,True,False
82,26-2,51895.75,"(31, 44)",taxation,6,0.25,False,True,False
82,117-2,58320.5,"(24, 42)",taxation,6,0.25,False,True,False
82,82-2,67956.5,"(2, 34)",taxation,6,0.25,False,True,False
82,88-2,64743.0,"(23, 5)",taxation,6,0.25,False,True,False
82,59-2,58296.25,"(5, 24)",taxation,6,0.25,False,True,False
82,52-2,48656.25,"(39, 31)",taxation,6,0.25,False,True,False
82,194-2,58323.5,"(39, 29)",taxation,6,0.25,False,True,False
82,72-2,74379.5,"(16, 4)",taxation,6,0.25,False,True,False
82,199-2,74358.0,"(33, 9)",taxation,6,0.25,False,True,False
82,43-2,64727.75,"(41, 32)",taxation,6,0.25,False,True,False
82,128-2,71162.0,"(34, 12)",taxation,6,0.25,False,True,False
82,84-2,64745.5,"(19, 3)",taxation,6,0.25,False,True,False
82,114-2,74377.75,"(47, 27)",taxation,6,0.25,False,True,False
82,223-2,45422.0,"(24, 10)",taxation,6,0.25,False,True,False
82,123-2,74389.75,"(38, 27)",taxation,6,0.25,False,True,False
82,215-2,71153.5,"(21, 5)",taxation,6,0.25,False,True,False
82,127-2,67930.0,"(18, 3)",taxation,6,0.25,False,True,False
82,24-2,51882.5,"(37, 6)",taxation,6,0.25,False,True,False
82,136-2,51872.5,"(3, 39)",taxation,6,0.25,False,True,False
82,65-2,74363.25,"(31, 10)",taxation,6,0.25,False,True,False
82,14-2,16509.5,"(24, 4)",taxation,6,0.25,False,True,False
82,185-2,64739.5,"(4, 27)",taxation,6,0.25,False,True,False
82,77-2,55091.5,"(18, 4)",taxation,6,0.25,False,True,False
82,36-2,48648.25,"(6, 26)",taxation,6,0.25,False,True,False
82,190-2,64730.75,"(37, 14)",taxation,6,0.25,False,True,False
82,46-2,45433.0,"(31, 43)",taxation,6,0.25,False,True,False
82,218-2,74392.5,"(4, 43)",taxation,6,0.25,False,True,False
82,220-2,71166.0,"(4, 45)",taxation,6,0.25,False,True,False
82,224-2,55080.75,"(43, 30)",taxation,6,0.25,False,True,False
82,129-2,61524.0,"(27, 6)",taxation,6,0.25,False,True,False
82,157-2,61503.25,"(37, 2)",taxation,6,0.25,False,True,False
82,195-2,29347.25,"(41, 33)",taxation,6,0.25,False,True,False
82,8-2,64741.0,"(6, 42)",taxation,6,0.25,False,True,False
82,119-2,64711.0,"(20, 3)",taxation,6,0.25,False,True,False
82,99-2,61480.25,"(25, 6)",taxation,6,0.25,False,True,False
82,135-2,64724.75,"(17, 7)",taxation,6,0.25,False,True,False
82,47-2,45438.75,"(5, 36)",taxation,6,0.25,False,True,False
82,79-2,61507.25,"(1, 38)",taxation,6,0.25,False,True,False
82,87-2,64698.5,"(38, 18)",taxation,6,0.25,False,True,False
82,15-2,58299.75,"(34, 41)",taxation,6,0.25,False,True,False
82,29-2,64720.25,"(27, 11)",taxation,6,0.25,False,True,False
82,178-2,71156.25,"(38, 1)",taxation,6,0.25,False,True,False
82,60-2,67932.25,"(4, 40)",taxation,6,0.25,False,True,False
82,192-2,58294.0,"(20, 11)",taxation,6,0.25,False,True,False
82,49-2,61506.5,"(9, 47)",taxation,6,0.25,False,True,False
82,81-2,61508.25,"(46, 24)",taxation,6,0.25,False,True,False
82,118-2,71143.5,"(2, 25)",taxation,6,0.25,False,True,False
82,34-2,58292.0,"(16, 1)",taxation,6,0.25,False,True,False
82,211-2,42193.75,"(19, 4)",taxation,6,0.25,False,True,False
82,177-2,64727.75,"(48, 26)",taxation,6,0.25,False,True,False
82,39-2,45412.5,"(19, 2)",taxation,6,0.25,False,True,False
82,245-2,71145.75,"(17, 48)",taxation,6,0.25,False,True,False
82,131-2,64719.0,"(4, 31)",taxation,6,0.25,False,True,False
82,213-2,64724.5,"(5, 27)",taxation,6,0.25,False,True,False
82,9-2,55078.25,"(37, 3)",taxation,6,0.25,False,True,False
82,171-2,64732.5,"(23, 3)",taxation,6,0.25,False,True,False
82,230-2,51863.0,"(3, 44)",taxation,6,0.25,False,True,False
82,217-2,38995.5,"(23, 7)",taxation,6,0.25,False,True,False
82,227-2,71126.5,"(41, 27)",taxation,6,0.25,False,True,False
82,244-2,74351.5,"(33, 8)",taxation,6,0.25,False,True,False
82,204-2,71130.5,"(31, 23)",taxation,6,0.25,False,True,False
82,105-2,58266.5,"(22, 5)",taxation,6,0.25,False,True,False
82,239-2,64683.5,"(34, 10)",taxation,6,0.25,False,True,False
82,243-2,61487.5,"(4, 29)",taxation,6,0.25,False,True,False
82,139-3,58262.6875,"(36, 31)",taxation,6,0.25,False,True,False
82,228-3,38190.25,"(27, 5)",taxation,6,0.25,False,True,False
82,197-2,51831.25,"(7, 22)",taxation,6,0.25,False,True,False
82,151-2,51832.25,"(4, 34)",taxation,6,0.25,False,True,False
82,191-2,74330.75,"(30, 44)",taxation,6,0.25,False,True,False
82,153-2,32534.0,"(2, 38)",taxation,6,0.25,False,True,False
82,159-2,51849.5,"(44, 27)",taxation,6,0.25,False,True,False
82,222-2,64701.5,"(37, 7)",taxation,6,0.25,False,True,False
82,200-2,61464.0,"(15, 6)",taxation,6,0.25,False,True,False
82,181-2,64685.250000000015,"(46, 25)",taxation,6,0.25,False,True,False
82,101-2,64730.75,"(4, 33)",taxation,6,0.25,False,True,False
82,35-2,64706.5,"(2, 26)",taxation,6,0.25,False,True,False
82,70-2,67922.0,"(22, 4)",taxation,6,0.25,False,True,False
82,238-2,64718.0,"(40, 34)",taxation,6,0.25,False,True,False
82,158-3,46989.75,"(33, 10)",taxation,6,0.25,False,True,False
82,20-2,61472.0,"(39, 16)",taxation,6,0.25,False,True,False
82,31-3,58242.625,"(37, 1)",taxation,6,0.25,False,True,False
82,179-3,42204.375,"(40, 32)",taxation,6,0.25,False,True,False
82,93-2,29327.0,"(40, 30)",taxation,6,0.25,False,True,False
82,3-2,38953.25,"(1, 26)",taxation,6,0.25,False,True,False
82,143-2,64682.75,"(39, 34)",taxation,6,0.25,False,True,False
82,219-3,56629.75,"(38, 3)",taxation,6,0.25,False,True,False
82,98-3,26138.75,"(11, 12)",taxation,6,0.25,False,True,False
82,138-2,67895.75,"(42, 32)",taxation,6,0.25,False,True,False
82,66-2,71113.75,"(8, 40)",taxation,6,0.25,False,True,False
82,210-2,77528.75,"(13, 49)",taxation,6,0.25,False,True,False
82,150-2,55045.25,"(41, 34)",taxation,6,0.25,False,True,False
82,44-2,42200.0,"(35, 4)",taxation,6,0.25,False,True,False
82,154-3,22893.75,"(39, 36)",taxation,6,0.25,False,True,False
82,126-2,64674.75,"(41, 35)",taxation,6,0.25,False,True,False
82,74-3,56643.0,"(32, 43)",taxation,6,0.25,False,True,False
82,28-3,44610.9375,"(35, 5)",taxation,6,0.25,False,True,False
83,12,81954.0,"(33, 0)",taxation,6,0.25,False,True,False
83,67,64829.0,"(23, 48)",taxation,6,0.25,False,True,False
83,216,94819.0,"(24, 9)",taxation,6,0.25,False,True,False
83,187-2,34813.0,"(41, 7)",taxation,6,0.25,False,True,False
83,94-2,21967.0,"(27, 3)",taxation,6,0.25,False,True,False
83,173-2,17703.0,"(6, 49)",taxation,6,0.25,False,True,False
83,240-2,21939.0,"(0, 45)",taxation,6,0.25,False,True,False
83,246-2,64822.0,"(29, 9)",taxation,6,0.25,False,True,False
83,140-2,589.0,"(27, 0)",taxation,6,0.25,False,True,False
83,176-2,563.0,"(38, 26)",taxation,6,0.25,False,True,False
83,208-2,69102.25,"(38, 12)",taxation,6,0.25,False,True,False
83,170-2,59479.75,"(22, 1)",taxation,6,0.25,False,True,False
83,1-2,49814.25,"(1, 45)",taxation,6,0.25,False,True,False
83,23-2,70183.0,"(33, 1)",taxation,6,0.25,False,True,False
83,17-2,71251.5,"(39, 25)",taxation,6,0.25,False,True,False
83,149-2,58420.0,"(32, 2)",taxation,6,0.25,False,True,False
83,206-2,65906.25,"(2, 42)",taxation,6,0.25,False,True,False
83,242-2,29462.25,"(44, 32)",taxation,6,0.25,False,True,False
83,75-2,61618.0,"(31, 11)",taxation,6,0.25,False,True,False
83,241-2,61593.5,"(49, 22)",taxation,6,0.25,False,True,False
83,42-2,48779.5,"(0, 24)",taxation,6,0.25,False,True,False
83,142-2,42301.75,"(9, 46)",taxation,6,0.25,False,True,False
83,172-2,71226.75,"(36, 2)",taxation,6,0.25,False,True,False
83,167-2,68033.75,"(37, 34)",taxation,6,0.25,False,True,False
83,38-2,68052.5,"(21, 47)",taxation,6,0.25,False,True,False
83,198-2,61619.5,"(29, 2)",taxation,6,0.25,False,True,False
83,0-2,45545.25,"(0, 28)",taxation,6,0.25,False,True,False
83,6-2,74473.0,"(23, 2)",taxation,6,0.25,False,True,False
83,76-2,64839.750000000015,"(30, 9)",taxation,6,0.25,False,True,False
83,144-2,64836.5,"(7, 39)",taxation,6,0.25,False,True,False
83,25-2,58373.0,"(25, 0)",taxation,6,0.25,False,True,False
83,40-2,71272.0,"(5, 29)",taxation,6,0.25,False,True,False
83,10-2,68017.25,"(39, 26)",taxation,6,0.25,False,True,False
83,180-2,64819.25,"(7, 36)",taxation,6,0.25,False,True,False
83,212-2,68006.75,"(6, 38)",taxation,6,0.25,False,True,False
83,63-2,61574.75,"(1, 33)",taxation,6,0.25,False,True,False
83,189-2,58401.5,"(1, 37)",taxation,6,0.25,False,True,False
83,54-2,64821.25,"(35, 7)",taxation,6,0.25,False,True,False
83,4-2,48734.25,"(49, 27)",taxation,6,0.25,False,True,False
83,83-2,71238.75,"(48, 22)",taxation,6,0.25,False,True,False
83,249-2,68053.0,"(8, 48)",taxation,6,0.25,False,True,False
83,22-2,74453.0,"(33, 22)",taxation,6,0.25,False,True,False
83,205-2,32665.75,"(32, 7)",taxation,6,0.25,False,True,False
83,156-2,48749.5,"(32, 8)",taxation,6,0.25,False,True,False
83,51-2,68032.5,"(1, 29)",taxation,6,0.25,False,True,False
83,133-2,58377.0,"(0, 27)",taxation,6,0.25,False,True,False
83,73-2,68038.25,"(5, 41)",taxation,6,0.25,False,True,False
83,56-2,64810.75,"(49, 28)",taxation,6,0.25,False,True,False
83,182-2,68026.25,"(27, 10)",taxation,6,0.25,False,True,False
83,71-2,71224.25,"(48, 28)",taxation,6,0.25,False,True,False
83,91-2,71229.75,"(2, 41)",taxation,6,0.25,False,True,False
83,226-2,64785.75,"(4, 24)",taxation,6,0.25,False,True,False
83,225-2,68020.75,"(3, 35)",taxation,6,0.25,False,True,False
83,148-2,51937.25,"(47, 26)",taxation,6,0.25,False,True,False
83,16-2,74455.5,"(30, 3)",taxation,6,0.25,False,True,False
83,111-2,71238.25,"(19, 1)",taxation,6,0.25,False,True,False
83,134-2,64805.0,"(46, 27)",taxation,6,0.25,False,True,False
83,168-2,71260.5,"(1, 40)",taxation,6,0.25,False,True,False
83,106-2,61607.75,"(27, 46)",taxation,6,0.25,False,True,False
83,162-2,68016.5,"(4, 47)",taxation,6,0.25,False,True,False
83,214-2,42280.0,"(1, 32)",taxation,6,0.25,False,True,False
83,110-2,74437.0,"(41, 30)",taxation,6,0.25,False,True,False
83,95-2,74455.5,"(42, 31)",taxation,6,0.25,False,True,False
83,122-2,55153.25,"(6, 40)",taxation,6,0.25,False,True,False
83,231-2,42278.75,"(21, 2)",taxation,6,0.25,False,True,False
83,100-2,64808.75,"(30, 46)",taxation,6,0.25,False,True,False
83,141-2,51949.5,"(18, 1)",taxation,6,0.25,False,True,False
83,165-2,77644.0,"(33, 5)",taxation,6,0.25,False,True,False
83,186-2,61590.25,"(39, 37)",taxation,6,0.25,False,True,False
83,201-2,45473.25,"(36, 4)",taxation,6,0.25,False,True,False
83,21-2,61585.25,"(41, 14)",taxation,6,0.25,False,True,False
83,183-2,45512.75,"(27, 4)",taxation,6,0.25,False,True,False
83,203-2,77639.25,"(47, 31)",taxation,6,0.25,False,True,False
83,32-2,71213.75,"(32, 1)",taxation,6,0.25,False,True,False
83,115-2,71210.75,"(24, 1)",taxation,6,0.25,False,True,False
83,169-2,51945.0,"(3, 17)",taxation,6,0.25,False,True,False
83,78-2,61584.25,"(1, 46)",taxation,6,0.25,False,True,False
83,137-2,58351.5,"(30, 11)",taxation,6,0.25,False,True,False
83,55-2,71201.25,"(47, 22)",taxation,6,0.25,False,True,False
83,112-2,71212.5,"(18, 6)",taxation,6,0.25,False,True,False
83,193-2,58376.5,"(44, 33)",taxation,6,0.25,False,True,False
83,50-2,74425.5,"(28, 10)",taxation,6,0.25,False,True,False
83,53-2,42286.25,"(17, 1)",taxation,6,0.25,False,True,False
83,5-2,29392.5,"(34, 21)",taxation,6,0.25,False,True,False
83,247-2,58354.0,"(35, 9)",taxation,6,0.25,False,True,False
83,147-2,64798.75,"(34, 9)",taxation,6,0.25,False,True,False
83,145-2,68002.0,"(28, 5)",taxation,6,0.25,False,True,False
83,207-2,51904.75,"(48, 32)",taxation,6,0.25,False,True,False
83,120-2,74412.0,"(27, 2)",taxation,6,0.25,False,True,False
83,125-2,71214.0,"(34, 1)",taxation,6,0.25,False,True,False
83,41-2,71233.0,"(0, 42)",taxation,6,0.25,False,True,False
83,209-2,74426.5,"(27, 44)",taxation,6,0.25,False,True,False
83,113-2,67997.75,"(29, 45)",taxation,6,0.25,False,True,False
83,68-2,55165.75,"(20, 2)",taxation,6,0.25,False,True,False
83,161-2,55154.0,"(5, 48)",taxation,6,0.25,False,True,False
83,175-2,55133.5,"(31, 5)",taxation,6,0.25,False,True,False
83,85-2,58366.0,"(0, 46)",taxation,6,0.25,False,True,False
83,234-2,67985.5,"(17, 0)",taxation,6,0.25,False,True,False
83,45-2,67983.75,"(17, 6)",taxation,6,0.25,False,True,False
83,196-2,45510.0,"(32, 6)",taxation,6,0.25,False,True,False
83,174-2,71209.5,"(3, 31)",taxation,6,0.25,False,True,False
83,103-2,64764.5,"(42, 29)",taxation,6,0.25,False,True,False
83,33-2,51918.25,"(26, 0)",taxation,6,0.25,False,True,False
83,19-2,67972.0,"(46, 32)",taxation,6,0.25,False,True,False
83,130-2,71193.5,"(37, 33)",taxation,6,0.25,False,True,False
83,155-2,68018.25,"(30, 4)",taxation,6,0.25,False,True,False
83,86-2,64774.0,"(0, 30)",taxation,6,0.25,False,True,False
83,164-2,67992.25,"(46, 29)",taxation,6,0.25,False,True,False
83,2-2,64779.75,"(0, 40)",taxation,6,0.25,False,True,False
83,11-2,51886.25,"(29, 3)",taxation,6,0.25,False,True,False
83,202-2,74397.0,"(36, 0)",taxation,6,0.25,False,True,False
83,121-2,64795.0,"(3, 34)",taxation,6,0.25,False,True,False
83,163-2,77642.0,"(5, 47)",taxation,6,0.25,False,True,False
83,18-2,74421.75,"(7, 23)",taxation,6,0.25,False,True,False
83,132-2,71189.75,"(37, 8)",taxation,6,0.25,False,True,False
83,160-2,58333.0,"(0, 31)",taxation,6,0.25,False,True,False
83,221-2,61571.5,"(2, 46)",taxation,6,0.25,False,True,False
83,90-2,58362.5,"(37, 4)",taxation,6,0.25,False,True,False
83,64-2,64755.0,"(36, 1)",taxation,6,0.25,False,True,False
83,102-2,45487.5,"(0, 33)",taxation,6,0.25,False,True,False
83,188-2,64786.5,"(1, 47)",taxation,6,0.25,False,True,False
83,92-2,71189.0,"(33, 12)",taxation,6,0.25,False,True,False
83,96-2,74426.5,"(16, 0)",taxation,6,0.25,False,True,False
83,107-2,71192.5,"(0, 32)",taxation,6,0.25,False,True,False
83,80-2,71190.5,"(47, 28)",taxation,6,0.25,False,True,False
83,237-2,51907.75,"(26, 1)",taxation,6,0.25,False,True,False
83,13-2,61557.25,"(22, 0)",taxation,6,0.25,False,True,False
83,104-2,61572.5,"(36, 6)",taxation,6,0.25,False,True,False
83,27-2,58333.75,"(48, 20)",taxation,6,0.25,False,True,False
83,248-2,64745.25,"(46, 30)",taxation,6,0.25,False,True,False
83,48-2,67956.0,"(32, 5)",taxation,6,0.25,False,True,False
83,57-2,58320.25,"(46, 21)",taxation,6,0.25,False,True,False
83,184-2,64729.25,"(43, 33)",taxation,6,0.25,False,True,False
83,30-2,74409.25,"(0, 44)",taxation,6,0.25,False,True,False
83,108-2,35819.25,"(4, 48)",taxation,6,0.25,False,True,False
83,166-2,61541.25,"(7, 31)",taxation,6,0.25,False,True,False
83,233-2,61554.25,"(28, 15)",taxation,6,0.25,False,True,False
83,69-2,71160.5,"(2, 24)",taxation,6,0.25,False,True,False
83,229-2,71231.25,"(3, 47)",taxation,6,0.25,False,True,False
83,236-2,64744.25,"(21, 6)",taxation,6,0.25,False,True,False
83,109-2,64767.5,"(49, 30)",taxation,6,0.25,False,True,False
83,235-2,64741.25,"(26, 2)",taxation,6,0.25,False,True,False
83,62-2,64774.5,"(0, 41)",taxation,6,0.25,False,True,False
83,89-2,67987.75,"(9, 49)",taxation,6,0.25,False,True,False
83,58-2,67941.5,"(0, 34)",taxation,6,0.25,False,True,False
83,61-2,77628.25,"(2, 35)",taxation,6,0.25,False,True,False
83,152-2,67975.25,"(1, 28)",taxation,6,0.25,False,True,False
83,124-2,61534.25,"(37, 0)",taxation,6,0.25,False,True,False
83,97-2,51880.75,"(0, 38)",taxation,6,0.25,False,True,False
83,232-2,39027.25,"(7, 49)",taxation,6,0.25,False,True,False
83,116-2,71185.5,"(5, 43)",taxation,6,0.25,False,True,False
83,37-2,67959.75,"(49, 26)",taxation,6,0.25,False,True,False
83,7-2,48700.5,"(0, 36)",taxation,6,0.25,False,True,False
83,26-2,51903.75,"(29, 44)",taxation,6,0.25,False,True,False
83,117-2,58328.5,"(26, 45)",taxation,6,0.25,False,True,False
83,82-2,67964.5,"(1, 35)",taxation,6,0.25,False,True,False
83,88-2,64751.0,"(27, 1)",taxation,6,0.25,False,True,False
83,59-2,58303.25,"(0, 25)",taxation,6,0.25,False,True,False
83,52-2,48664.25,"(45, 34)",taxation,6,0.25,False,True,False
83,194-2,58331.5,"(45, 30)",taxation,6,0.25,False,True,False
83,72-2,74388.5,"(20, 1)",taxation,6,0.25,False,True,False
83,199-2,74366.0,"(31, 6)",taxation,6,0.25,False,True,False
83,43-2,64735.75,"(45, 32)",taxation,6,0.25,False,True,False
83,128-2,71170.0,"(32, 9)",taxation,6,0.25,False,True,False
83,84-2,64753.5,"(19, 0)",taxation,6,0.25,False,True,False
83,114-2,74385.75,"(48, 27)",taxation,6,0.25,False,True,False
83,223-2,45429.0,"(26, 8)",taxation,6,0.25,False,True,False
83,123-2,74396.75,"(38, 28)",taxation,6,0.25,False,True,False
83,215-2,71161.5,"(21, 0)",taxation,6,0.25,False,True,False
83,127-2,67938.0,"(24, 0)",taxation,6,0.25,False,True,False
83,24-2,51890.5,"(33, 7)",taxation,6,0.25,False,True,False
83,136-2,51881.5,"(0, 43)",taxation,6,0.25,False,True,False
83,65-2,74370.25,"(31, 9)",taxation,6,0.25,False,True,False
83,14-2,16517.5,"(25, 2)",taxation,6,0.25,False,True,False
83,185-2,64746.5,"(2, 29)",taxation,6,0.25,False,True,False
83,77-2,55099.5,"(16, 2)",taxation,6,0.25,False,True,False
83,36-2,48655.25,"(1, 24)",taxation,6,0.25,False,True,False
83,190-2,64737.75,"(36, 8)",taxation,6,0.25,False,True,False
83,46-2,45441.0,"(29, 43)",taxation,6,0.25,False,True,False
83,218-2,74401.5,"(2, 48)",taxation,6,0.25,False,True,False
83,220-2,71175.0,"(3, 48)",taxation,6,0.25,False,True,False
83,224-2,55088.75,"(47, 32)",taxation,6,0.25,False,True,False
83,129-2,61532.0,"(28, 4)",taxation,6,0.25,False,True,False
83,157-2,61511.25,"(32, 0)",taxation,6,0.25,False,True,False
83,195-2,29355.25,"(43, 32)",taxation,6,0.25,False,True,False
83,8-2,64750.0,"(3, 46)",taxation,6,0.25,False,True,False
83,119-2,64719.0,"(23, 0)",taxation,6,0.25,False,True,False
83,99-2,61489.25,"(22, 3)",taxation,6,0.25,False,True,False
83,135-2,64731.75,"(17, 5)",taxation,6,0.25,False,True,False
83,47-2,45447.75,"(1, 41)",taxation,6,0.25,False,True,False
83,79-2,61515.25,"(1, 42)",taxation,6,0.25,False,True,False
83,87-2,64705.5,"(32, 13)",taxation,6,0.25,False,True,False
83,15-2,58307.75,"(29, 41)",taxation,6,0.25,False,True,False
83,29-2,64727.25,"(28, 11)",taxation,6,0.25,False,True,False
83,178-2,71163.25,"(35, 1)",taxation,6,0.25,False,True,False
83,60-2,67941.25,"(3, 42)",taxation,6,0.25,False,True,False
83,192-2,58301.0,"(22, 7)",taxation,6,0.25,False,True,False
83,49-2,61515.5,"(6, 47)",taxation,6,0.25,False,True,False
83,81-2,61516.25,"(47, 23)",taxation,6,0.25,False,True,False
83,118-2,71150.5,"(1, 25)",taxation,6,0.25,False,True,False
83,34-2,58299.0,"(15, 5)",taxation,6,0.25,False,True,False
83,211-2,42201.75,"(20, 0)",taxation,6,0.25,False,True,False
83,177-2,64736.75,"(49, 25)",taxation,6,0.25,False,True,False
83,39-2,45420.5,"(18, 0)",taxation,6,0.25,False,True,False
83,245-2,71153.75,"(17, 47)",taxation,6,0.25,False,True,False
83,131-2,64727.0,"(0, 37)",taxation,6,0.25,False,True,False
83,213-2,64731.5,"(3, 28)",taxation,6,0.25,False,True,False
83,9-2,55086.25,"(33, 2)",taxation,6,0.25,False,True,False
83,171-2,64740.5,"(25, 1)",taxation,6,0.25,False,True,False
83,230-2,51872.0,"(1, 44)",taxation,6,0.25,False,True,False
83,217-2,39003.5,"(28, 2)",taxation,6,0.25,False,True,False
83,227-2,71134.5,"(45, 27)",taxation,6,0.25,False,True,False
83,244-2,74359.5,"(32, 4)",taxation,6,0.25,False,True,False
83,204-2,71137.5,"(36, 28)",taxation,6,0.25,False,True,False
83,105-2,58275.5,"(22, 2)",taxation,6,0.25,False,True,False
83,239-2,64690.5,"(35, 8)",taxation,6,0.25,False,True,False
83,243-2,61494.5,"(0, 29)",taxation,6,0.25,False,True,False
83,139-3,58270.6875,"(41, 31)",taxation,6,0.25,False,True,False
83,228-3,38198.25,"(28, 3)",taxation,6,0.25,False,True,False
83,197-2,51838.25,"(3, 24)",taxation,6,0.25,False,True,False
83,151-2,51840.25,"(0, 35)",taxation,6,0.25,False,True,False
83,191-2,74338.75,"(30, 45)",taxation,6,0.25,False,True,False
83,153-2,32543.0,"(1, 43)",taxation,6,0.25,False,True,False
83,159-2,51857.5,"(48, 31)",taxation,6,0.25,False,True,False
83,222-2,64708.5,"(36, 7)",taxation,6,0.25,False,True,False
83,200-2,61471.0,"(18, 5)",taxation,6,0.25,False,True,False
83,181-2,64693.250000000015,"(47, 30)",taxation,6,0.25,False,True,False
83,101-2,64738.75,"(1, 36)",taxation,6,0.25,False,True,False
83,35-2,64713.5,"(3, 25)",taxation,6,0.25,False,True,False
83,70-2,67931.0,"(21, 1)",taxation,6,0.25,False,True,False
83,238-2,64727.0,"(45, 29)",taxation,6,0.25,False,True,False
83,158-3,46996.75,"(31, 7)",taxation,6,0.25,False,True,False
83,20-2,61478.0,"(37, 16)",taxation,6,0.25,False,True,False
83,31-3,58250.625,"(31, 2)",taxation,6,0.25,False,True,False
83,179-3,42212.375,"(44, 34)",taxation,6,0.25,False,True,False
83,93-2,29336.0,"(44, 29)",taxation,6,0.25,False,True,False
83,3-2,38960.25,"(0, 26)",taxation,6,0.25,False,True,False
83,143-2,64690.75,"(44, 36)",taxation,6,0.25,False,True,False
83,219-3,56636.75,"(35, 3)",taxation,6,0.25,False,True,False
83,98-3,26144.75,"(13, 12)",taxation,6,0.25,False,True,False
83,138-2,67903.75,"(45, 33)",taxation,6,0.25,False,True,False
83,66-2,71122.75,"(2, 44)",taxation,6,0.25,False,True,False
83,210-2,77536.75,"(10, 47)",taxation,6,0.25,False,True,False
83,150-2,55053.25,"(43, 34)",taxation,6,0.25,False,True,False
83,44-2,42208.0,"(33, 4)",taxation,6,0.25,False,True,False
83,154-3,22901.75,"(45, 36)",taxation,6,0.25,False,True,False
83,126-2,64682.75,"(44, 35)",taxation,6,0.25,False,True,False
83,74-3,56651.0,"(31, 45)",taxation,6,0.25,False,True,False
83,28-3,44618.9375,"(32, 3)",taxation,6,0.25,False,True,False
83,146-3,19692.75,"(43, 28)",taxation,6,0.25,False,True,False
84,12,81962.0,"(34, 0)",taxation,6,0.25,False,True,False
84,67,64837.0,"(24, 48)",taxation,6,0.25,False,True,False
84,216,94827.0,"(25, 7)",taxation,6,0.25,False,True,False
84,187-2,34820.0,"(39, 8)",taxation,6,0.25,False,True,False
84,94-2,21975.0,"(26, 3)",taxation,6,0.25,False,True,False
84,173-2,17712.0,"(7, 47)",taxation,6,0.25,False,True,False
84,240-2,21947.0,"(4, 49)",taxation,6,0.25,False,True,False
84,246-2,64830.0,"(28, 7)",taxation,6,0.25,False,True,False
84,140-2,590.0,"(25, 4)",taxation,6,0.25,False,True,False
84,208-2,69109.25,"(38, 11)",taxation,6,0.25,False,True,False
84,170-2,59487.75,"(23, 1)",taxation,6,0.25,False,True,False
84,1-2,49823.25,"(2, 45)",taxation,6,0.25,False,True,False
84,23-2,70189.0,"(39, 6)",taxation,6,0.25,False,True,False
84,17-2,71259.5,"(42, 26)",taxation,6,0.25,False,True,False
84,149-2,58427.0,"(34, 3)",taxation,6,0.25,False,True,False
84,206-2,65914.25,"(8, 41)",taxation,6,0.25,False,True,False
84,242-2,29470.25,"(39, 33)",taxation,6,0.25,False,True,False
84,75-2,61626.0,"(27, 9)",taxation,6,0.25,False,True,False
84,241-2,61601.5,"(49, 21)",taxation,6,0.25,False,True,False
84,42-2,48786.5,"(2, 20)",taxation,6,0.25,False,True,False
84,142-2,42310.75,"(8, 46)",taxation,6,0.25,False,True,False
84,172-2,71234.75,"(35, 2)",taxation,6,0.25,False,True,False
84,167-2,68041.75,"(37, 32)",taxation,6,0.25,False,True,False
84,38-2,68060.5,"(23, 49)",taxation,6,0.25,False,True,False
84,198-2,61626.5,"(26, 4)",taxation,6,0.25,False,True,False
84,0-2,45552.25,"(5, 22)",taxation,6,0.25,False,True,False
84,6-2,74481.0,"(26, 5)",taxation,6,0.25,False,True,False
84,76-2,64846.750000000015,"(29, 13)",taxation,6,0.25,False,True,False
84,144-2,64845.5,"(9, 43)",taxation,6,0.25,False,True,False
84,25-2,58380.0,"(24, 3)",taxation,6,0.25,False,True,False
84,40-2,71278.0,"(9, 26)",taxation,6,0.25,False,True,False
84,10-2,68025.25,"(42, 27)",taxation,6,0.25,False,True,False
84,180-2,64827.25,"(10, 40)",taxation,6,0.25,False,True,False
84,212-2,68015.75,"(9, 41)",taxation,6,0.25,False,True,False
84,63-2,61576.75,"(5, 32)",taxation,6,0.25,False,True,False
84,189-2,58409.5,"(7, 38)",taxation,6,0.25,False,True,False
84,54-2,64828.25,"(37, 9)",taxation,6,0.25,False,True,False
84,4-2,48742.25,"(48, 24)",taxation,6,0.25,False,True,False
84,83-2,71245.75,"(49, 20)",taxation,6,0.25,False,True,False
84,249-2,68062.0,"(10, 44)",taxation,6,0.25,False,True,False
84,22-2,74461.0,"(37, 28)",taxation,6,0.25,False,True,False
84,205-2,32673.75,"(29, 6)",taxation,6,0.25,False,True,False
84,156-2,48757.5,"(30, 6)",taxation,6,0.25,False,True,False
84,51-2,68036.5,"(7, 24)",taxation,6,0.25,False,True,False
84,133-2,58384.0,"(5, 21)",taxation,6,0.25,False,True,False
84,73-2,68047.25,"(10, 43)",taxation,6,0.25,False,True,False
84,56-2,64817.75,"(48, 29)",taxation,6,0.25,False,True,False
84,182-2,68033.25,"(27, 12)",taxation,6,0.25,False,True,False
84,71-2,71233.25,"(49, 32)",taxation,6,0.25,False,True,False
84,91-2,71237.75,"(7, 42)",taxation,6,0.25,False,True,False
84,226-2,64792.75,"(4, 22)",taxation,6,0.25,False,True,False
84,225-2,68027.75,"(8, 37)",taxation,6,0.25,False,True,False
84,148-2,51945.25,"(45, 25)",taxation,6,0.25,False,True,False
84,16-2,74462.5,"(33, 3)",taxation,6,0.25,False,True,False
84,111-2,71240.25,"(18, 7)",taxation,6,0.25,False,True,False
84,134-2,64812.0,"(47, 29)",taxation,6,0.25,False,True,False
84,168-2,71269.5,"(7, 44)",taxation,6,0.25,False,True,False
84,106-2,61615.75,"(27, 47)",taxation,6,0.25,False,True,False
84,162-2,68025.5,"(6, 46)",taxation,6,0.25,False,True,False
84,214-2,42288.0,"(3, 38)",taxation,6,0.25,False,True,False
84,110-2,74445.0,"(38, 32)",taxation,6,0.25,False,True,False
84,95-2,74463.5,"(41, 29)",taxation,6,0.25,False,True,False
84,122-2,55162.25,"(7, 43)",taxation,6,0.25,False,True,False
84,231-2,42285.75,"(24, 8)",taxation,6,0.25,False,True,False
84,100-2,64816.75,"(29, 47)",taxation,6,0.25,False,True,False
84,141-2,51957.5,"(24, 6)",taxation,6,0.25,False,True,False
84,165-2,77652.0,"(33, 6)",taxation,6,0.25,False,True,False
84,186-2,61598.25,"(40, 36)",taxation,6,0.25,False,True,False
84,201-2,45481.25,"(34, 5)",taxation,6,0.25,False,True,False
84,21-2,61592.25,"(42, 14)",taxation,6,0.25,False,True,False
84,183-2,45519.75,"(26, 9)",taxation,6,0.25,False,True,False
84,203-2,77647.25,"(48, 30)",taxation,6,0.25,False,True,False
84,32-2,71220.75,"(34, 2)",taxation,6,0.25,False,True,False
84,115-2,71211.75,"(23, 3)",taxation,6,0.25,False,True,False
84,169-2,51952.0,"(2, 18)",taxation,6,0.25,False,True,False
84,78-2,61592.25,"(5, 49)",taxation,6,0.25,False,True,False
84,137-2,58358.5,"(30, 10)",taxation,6,0.25,False,True,False
84,55-2,71209.25,"(46, 22)",taxation,6,0.25,False,True,False
84,112-2,71219.5,"(20, 7)",taxation,6,0.25,False,True,False
84,193-2,58384.5,"(46, 33)",taxation,6,0.25,False,True,False
84,50-2,74432.5,"(29, 11)",taxation,6,0.25,False,True,False
84,53-2,42288.25,"(15, 7)",taxation,6,0.25,False,True,False
84,5-2,29399.5,"(34, 22)",taxation,6,0.25,False,True,False
84,247-2,58362.0,"(30, 8)",taxation,6,0.25,False,True,False
84,147-2,64805.75,"(35, 10)",taxation,6,0.25,False,True,False
84,145-2,68008.0,"(22, 8)",taxation,6,0.25,False,True,False
84,207-2,51912.75,"(48, 34)",taxation,6,0.25,False,True,False
84,120-2,74418.0,"(21, 8)",taxation,6,0.25,False,True,False
84,125-2,71222.0,"(35, 0)",taxation,6,0.25,False,True,False
84,41-2,71235.0,"(6, 41)",taxation,6,0.25,False,True,False
84,209-2,74434.5,"(28, 46)",taxation,6,0.25,False,True,False
84,113-2,68005.75,"(28, 45)",taxation,6,0.25,False,True,False
84,68-2,55173.75,"(26, 6)",taxation,6,0.25,False,True,False
84,161-2,55163.0,"(6, 48)",taxation,6,0.25,False,True,False
84,175-2,55140.5,"(36, 10)",taxation,6,0.25,False,True,False
84,85-2,58375.0,"(0, 47)",taxation,6,0.25,False,True,False
84,234-2,67987.5,"(19, 6)",taxation,6,0.25,False,True,False
84,45-2,67990.75,"(18, 10)",taxation,6,0.25,False,True,False
84,196-2,45517.0,"(29, 10)",taxation,6,0.25,False,True,False
84,174-2,71216.5,"(7, 32)",taxation,6,0.25,False,True,False
84,103-2,64773.5,"(47, 33)",taxation,6,0.25,False,True,False
84,33-2,51926.25,"(28, 0)",taxation,6,0.25,False,True,False
84,19-2,67980.0,"(48, 35)",taxation,6,0.25,False,True,False
84,130-2,71201.5,"(38, 33)",taxation,6,0.25,False,True,False
84,155-2,68026.25,"(29, 4)",taxation,6,0.25,False,True,False
84,86-2,64776.0,"(2, 31)",taxation,6,0.25,False,True,False
84,164-2,68000.25,"(46, 31)",taxation,6,0.25,False,True,False
84,2-2,64788.75,"(6, 45)",taxation,6,0.25,False,True,False
84,11-2,51894.25,"(30, 2)",taxation,6,0.25,False,True,False
84,202-2,74404.0,"(39, 2)",taxation,6,0.25,False,True,False
84,121-2,64803.0,"(7, 37)",taxation,6,0.25,False,True,False
84,163-2,77651.0,"(8, 47)",taxation,6,0.25,False,True,False
84,18-2,74428.75,"(6, 23)",taxation,6,0.25,False,True,False
84,132-2,71197.75,"(31, 4)",taxation,6,0.25,False,True,False
84,160-2,58341.0,"(3, 37)",taxation,6,0.25,False,True,False
84,221-2,61580.5,"(7, 45)",taxation,6,0.25,False,True,False
84,90-2,58369.5,"(39, 9)",taxation,6,0.25,False,True,False
84,64-2,64761.0,"(40, 3)",taxation,6,0.25,False,True,False
84,102-2,45489.5,"(4, 32)",taxation,6,0.25,False,True,False
84,188-2,64795.5,"(0, 49)",taxation,6,0.25,False,True,False
84,92-2,71196.0,"(33, 14)",taxation,6,0.25,False,True,False
84,96-2,74428.5,"(16, 6)",taxation,6,0.25,False,True,False
84,107-2,71199.5,"(4, 36)",taxation,6,0.25,False,True,False
84,80-2,71198.5,"(44, 26)",taxation,6,0.25,False,True,False
84,237-2,51915.75,"(28, 1)",taxation,6,0.25,False,True,False
84,13-2,61565.25,"(20, 5)",taxation,6,0.25,False,True,False
84,104-2,61579.5,"(39, 4)",taxation,6,0.25,False,True,False
84,27-2,58340.75,"(48, 19)",taxation,6,0.25,False,True,False
84,248-2,64753.25,"(42, 28)",taxation,6,0.25,False,True,False
84,48-2,67964.0,"(30, 5)",taxation,6,0.25,False,True,False
84,57-2,58328.25,"(48, 21)",taxation,6,0.25,False,True,False
84,184-2,64737.25,"(43, 35)",taxation,6,0.25,False,True,False
84,30-2,74411.25,"(6, 39)",taxation,6,0.25,False,True,False
84,108-2,35828.25,"(9, 45)",taxation,6,0.25,False,True,False
84,166-2,61545.25,"(8, 25)",taxation,6,0.25,False,True,False
84,233-2,61561.25,"(27, 14)",taxation,6,0.25,False,True,False
84,69-2,71167.5,"(2, 23)",taxation,6,0.25,False,True,False
84,229-2,71240.25,"(2, 47)",taxation,6,0.25,False,True,False
84,236-2,64751.25,"(25, 11)",taxation,6,0.25,False,True,False
84,109-2,64775.5,"(49, 34)",taxation,6,0.25,False,True,False
84,235-2,64747.25,"(23, 8)",taxation,6,0.25,False,True,False
84,62-2,64776.5,"(5, 39)",taxation,6,0.25,False,True,False
84,89-2,67996.75,"(7, 48)",taxation,6,0.25,False,True,False
84,58-2,67943.5,"(3, 32)",taxation,6,0.25,False,True,False
84,61-2,77637.25,"(7, 41)",taxation,6,0.25,False,True,False
84,152-2,67982.25,"(4, 23)",taxation,6,0.25,False,True,False
84,124-2,61541.25,"(39, 3)",taxation,6,0.25,False,True,False
84,97-2,51882.75,"(4, 38)",taxation,6,0.25,False,True,False
84,232-2,39037.25,"(3, 49)",taxation,6,0.25,False,True,False
84,116-2,71194.5,"(6, 43)",taxation,6,0.25,False,True,False
84,37-2,67967.75,"(48, 25)",taxation,6,0.25,False,True,False
84,7-2,48702.5,"(4, 37)",taxation,6,0.25,False,True,False
84,26-2,51911.75,"(28, 44)",taxation,6,0.25,False,True,False
84,117-2,58336.5,"(27, 45)",taxation,6,0.25,False,True,False
84,82-2,67966.5,"(5, 33)",taxation,6,0.25,False,True,False
84,88-2,64752.0,"(25, 5)",taxation,6,0.25,False,True,False
84,59-2,58310.25,"(3, 20)",taxation,6,0.25,False,True,False
84,52-2,48672.25,"(41, 36)",taxation,6,0.25,False,True,False
84,194-2,58340.5,"(46, 34)",taxation,6,0.25,False,True,False
84,72-2,74390.5,"(19, 7)",taxation,6,0.25,False,True,False
84,199-2,74373.0,"(35, 11)",taxation,6,0.25,False,True,False
84,43-2,64743.75,"(39, 35)",taxation,6,0.25,False,True,False
84,128-2,71177.0,"(36, 12)",taxation,6,0.25,False,True,False
84,84-2,64754.5,"(18, 2)",taxation,6,0.25,False,True,False
84,114-2,74393.75,"(44, 25)",taxation,6,0.25,False,True,False
84,223-2,45436.0,"(25, 8)",taxation,6,0.25,False,True,False
84,123-2,74404.75,"(38, 29)",taxation,6,0.25,False,True,False
84,215-2,71169.5,"(24, 2)",taxation,6,0.25,False,True,False
84,127-2,67939.0,"(24, 4)",taxation,6,0.25,False,True,False
84,24-2,51898.5,"(30, 7)",taxation,6,0.25,False,True,False
84,136-2,51890.5,"(2, 43)",taxation,6,0.25,False,True,False
84,65-2,74377.25,"(29, 12)",taxation,6,0.25,False,True,False
84,14-2,16524.5,"(29, 8)",taxation,6,0.25,False,True,False
84,185-2,64752.5,"(8, 28)",taxation,6,0.25,False,True,False
84,77-2,55101.5,"(14, 7)",taxation,6,0.25,False,True,False
84,36-2,48662.25,"(3, 22)",taxation,6,0.25,False,True,False
84,190-2,64745.75,"(34, 6)",taxation,6,0.25,False,True,False
84,46-2,45449.0,"(29, 46)",taxation,6,0.25,False,True,False
84,218-2,74411.5,"(2, 49)",taxation,6,0.25,False,True,False
84,220-2,71184.0,"(0, 48)",taxation,6,0.25,False,True,False
84,224-2,55096.75,"(47, 34)",taxation,6,0.25,False,True,False
84,129-2,61540.0,"(29, 5)",taxation,6,0.25,False,True,False
84,157-2,61520.25,"(29, 0)",taxation,6,0.25,False,True,False
84,195-2,29363.25,"(43, 36)",taxation,6,0.25,False,True,False
84,8-2,64759.0,"(5, 45)",taxation,6,0.25,False,True,False
84,119-2,64720.0,"(21, 3)",taxation,6,0.25,False,True,False
84,99-2,61496.25,"(21, 9)",taxation,6,0.25,False,True,False
84,135-2,64738.75,"(19, 9)",taxation,6,0.25,False,True,False
84,47-2,45455.75,"(7, 40)",taxation,6,0.25,False,True,False
84,79-2,61524.25,"(1, 48)",taxation,6,0.25,False,True,False
84,87-2,64712.5,"(32, 14)",taxation,6,0.25,False,True,False
84,15-2,58315.75,"(27, 40)",taxation,6,0.25,False,True,False
84,29-2,64735.25,"(28, 9)",taxation,6,0.25,False,True,False
84,178-2,71171.25,"(31, 0)",taxation,6,0.25,False,True,False
84,60-2,67949.25,"(8, 44)",taxation,6,0.25,False,True,False
84,192-2,58308.0,"(23, 9)",taxation,6,0.25,False,True,False
84,49-2,61524.5,"(7, 46)",taxation,6,0.25,False,True,False
84,81-2,61524.25,"(48, 23)",taxation,6,0.25,False,True,False
84,118-2,71157.5,"(2, 19)",taxation,6,0.25,False,True,False
84,34-2,58303.0,"(12, 11)",taxation,6,0.25,False,True,False
84,211-2,42202.75,"(19, 2)",taxation,6,0.25,False,True,False
84,177-2,64743.75,"(49, 29)",taxation,6,0.25,False,True,False
84,39-2,45422.5,"(20, 6)",taxation,6,0.25,False,True,False
84,245-2,71162.75,"(14, 43)",taxation,6,0.25,False,True,False
84,131-2,64729.0,"(5, 38)",taxation,6,0.25,False,True,False
84,213-2,64738.5,"(3, 23)",taxation,6,0.25,False,True,False
84,9-2,55093.25,"(34, 4)",taxation,6,0.25,False,True,False
84,171-2,64747.5,"(25, 3)",taxation,6,0.25,False,True,False
84,230-2,51882.0,"(1, 49)",taxation,6,0.25,False,True,False
84,217-2,39004.5,"(27, 5)",taxation,6,0.25,False,True,False
84,227-2,71143.5,"(49, 33)",taxation,6,0.25,False,True,False
84,244-2,74367.5,"(30, 1)",taxation,6,0.25,False,True,False
84,204-2,71145.5,"(36, 29)",taxation,6,0.25,False,True,False
84,105-2,58283.5,"(19, 5)",taxation,6,0.25,False,True,False
84,239-2,64697.5,"(37, 10)",taxation,6,0.25,False,True,False
84,243-2,61501.5,"(0, 23)",taxation,6,0.25,False,True,False
84,139-3,58278.6875,"(42, 30)",taxation,6,0.25,False,True,False
84,228-3,38200.25,"(27, 8)",taxation,6,0.25,False,True,False
84,197-2,51845.25,"(6, 22)",taxation,6,0.25,False,True,False
84,151-2,51842.25,"(5, 37)",taxation,6,0.25,False,True,False
84,191-2,74346.75,"(26, 48)",taxation,6,0.25,False,True,False
84,153-2,32551.0,"(3, 45)",taxation,6,0.25,False,True,False
84,159-2,51866.5,"(49, 31)",taxation,6,0.25,False,True,False
84,222-2,64715.5,"(36, 9)",taxation,6,0.25,False,True,False
84,200-2,61478.0,"(17, 9)",taxation,6,0.25,False,True,False
84,181-2,64702.250000000015,"(48, 33)",taxation,6,0.25,False,True,False
84,101-2,64740.75,"(6, 35)",taxation,6,0.25,False,True,False
84,35-2,64720.5,"(5, 23)",taxation,6,0.25,False,True,False
84,70-2,67933.0,"(16, 7)",taxation,6,0.25,False,True,False
84,238-2,64735.0,"(45, 31)",taxation,6,0.25,False,True,False
84,158-3,47004.75,"(27, 7)",taxation,6,0.25,False,True,False
84,20-2,61485.0,"(36, 17)",taxation,6,0.25,False,True,False
84,31-3,58258.625,"(31, 1)",taxation,6,0.25,False,True,False
84,179-3,42220.375,"(40, 35)",taxation,6,0.25,False,True,False
84,93-2,29344.0,"(43, 27)",taxation,6,0.25,False,True,False
84,3-2,38967.25,"(1, 23)",taxation,6,0.25,False,True,False
84,143-2,64699.75,"(46, 35)",taxation,6,0.25,False,True,False
84,219-3,56644.75,"(29, 1)",taxation,6,0.25,False,True,False
84,98-3,26151.75,"(15, 9)",taxation,6,0.25,False,True,False
84,138-2,67911.75,"(47, 35)",taxation,6,0.25,False,True,False
84,66-2,71130.75,"(4, 46)",taxation,6,0.25,False,True,False
84,210-2,77545.75,"(10, 45)",taxation,6,0.25,False,True,False
84,150-2,55061.25,"(42, 35)",taxation,6,0.25,False,True,False
84,44-2,42216.0,"(31, 3)",taxation,6,0.25,False,True,False
84,154-3,22909.75,"(42, 36)",taxation,6,0.25,False,True,False
84,126-2,64691.75,"(45, 35)",taxation,6,0.25,False,True,False
84,74-3,56659.0,"(28, 47)",taxation,6,0.25,False,True,False
84,28-3,44626.9375,"(30, 0)",taxation,6,0.25,False,True,False
84,146-3,19700.75,"(38, 31)",taxation,6,0.25,False,True,False
84,176-3,428.25,"(39, 28)",taxation,6,0.25,False,True,False
85,12,81965.0,"(40, 5)",taxation,6,0.25,False,True,False
85,67,64845.0,"(24, 47)",taxation,6,0.25,False,True,False
85,94-2,21978.0,"(20, 8)",taxation,6,0.25,False,True,False
85,173-2,17721.0,"(12, 49)",taxation,6,0.25,False,True,False
85,246-2,64834.0,"(22, 13)",taxation,6,0.25,False,True,False
85,170-2,59489.75,"(23, 4)",taxation,6,0.25,False,True,False
85,1-2,49825.25,"(4, 42)",taxation,6,0.25,False,True,False
85,23-2,70196.0,"(41, 9)",taxation,6,0.25,False,True,False
85,17-2,71267.5,"(41, 26)",taxation,6,0.25,False,True,False
85,149-2,58430.0,"(40, 4)",taxation,6,0.25,False,True,False
85,206-2,65923.25,"(14, 45)",taxation,6,0.25,False,True,False
85,242-2,29478.25,"(35, 34)",taxation,6,0.25,False,True,False
85,75-2,61633.0,"(31, 14)",taxation,6,0.25,False,True,False
85,241-2,61609.5,"(46, 15)",taxation,6,0.25,False,True,False
85,42-2,48793.5,"(2, 21)",taxation,6,0.25,False,True,False
85,142-2,42319.75,"(11, 49)",taxation,6,0.25,False,True,False
85,172-2,71238.75,"(41, 5)",taxation,6,0.25,False,True,False
85,38-2,68069.5,"(17, 46)",taxation,6,0.25,False,True,False
85,198-2,61629.5,"(22, 10)",taxation,6,0.25,False,True,False
85,0-2,45559.25,"(6, 21)",taxation,6,0.25,False,True,False
85,6-2,74484.0,"(21, 11)",taxation,6,0.25,False,True,False
85,76-2,64854.750000000015,"(31, 15)",taxation,6,0.25,False,True,False
85,144-2,64854.5,"(14, 42)",taxation,6,0.25,False,True,False
85,25-2,58383.0,"(20, 9)",taxation,6,0.25,False,True,False
85,40-2,71285.0,"(10, 22)",taxation,6,0.25,False,True,False
85,10-2,68032.25,"(37, 25)",taxation,6,0.25,False,True,False
85,180-2,64836.25,"(15, 42)",taxation,6,0.25,False,True,False
85,212-2,68024.75,"(15, 46)",taxation,6,0.25,False,True,False
85,63-2,61580.75,"(10, 32)",taxation,6,0.25,False,True,False
85,189-2,58418.5,"(13, 43)",taxation,6,0.25,False,True,False
85,54-2,64835.25,"(39, 12)",taxation,6,0.25,False,True,False
85,4-2,48750.25,"(43, 20)",taxation,6,0.25,False,True,False
85,83-2,71253.75,"(46, 16)",taxation,6,0.25,False,True,False
85,249-2,68071.0,"(12, 44)",taxation,6,0.25,False,True,False
85,22-2,74469.0,"(35, 27)",taxation,6,0.25,False,True,False
85,205-2,32676.75,"(25, 10)",taxation,6,0.25,False,True,False
85,156-2,48760.5,"(33, 11)",taxation,6,0.25,False,True,False
85,51-2,68043.5,"(9, 21)",taxation,6,0.25,False,True,False
85,133-2,58391.0,"(4, 20)",taxation,6,0.25,False,True,False
85,73-2,68056.25,"(15, 45)",taxation,6,0.25,False,True,False
85,56-2,64820.75,"(46, 23)",taxation,6,0.25,False,True,False
85,182-2,68040.25,"(28, 16)",taxation,6,0.25,False,True,False
85,71-2,71235.25,"(47, 27)",taxation,6,0.25,False,True,False
85,91-2,71245.75,"(10, 46)",taxation,6,0.25,False,True,False
85,226-2,64799.75,"(4, 21)",taxation,6,0.25,False,True,False
85,225-2,68036.75,"(12, 43)",taxation,6,0.25,False,True,False
85,148-2,51953.25,"(42, 25)",taxation,6,0.25,False,True,False
85,16-2,74469.5,"(39, 7)",taxation,6,0.25,False,True,False
85,111-2,71248.25,"(24, 12)",taxation,6,0.25,False,True,False
85,134-2,64815.0,"(47, 24)",taxation,6,0.25,False,True,False
85,168-2,71276.5,"(13, 46)",taxation,6,0.25,False,True,False
85,106-2,61623.75,"(28, 48)",taxation,6,0.25,False,True,False
85,162-2,68032.5,"(12, 42)",taxation,6,0.25,False,True,False
85,214-2,42291.0,"(6, 34)",taxation,6,0.25,False,True,False
85,110-2,74453.0,"(35, 32)",taxation,6,0.25,False,True,False
85,95-2,74472.5,"(37, 29)",taxation,6,0.25,False,True,False
85,122-2,55171.25,"(13, 45)",taxation,6,0.25,False,True,False
85,231-2,42289.75,"(20, 13)",taxation,6,0.25,False,True,False
85,100-2,64825.75,"(25, 48)",taxation,6,0.25,False,True,False
85,141-2,51965.5,"(26, 12)",taxation,6,0.25,False,True,False
85,165-2,77655.0,"(38, 9)",taxation,6,0.25,False,True,False
85,186-2,61606.25,"(36, 35)",taxation,6,0.25,False,True,False
85,201-2,45489.25,"(40, 10)",taxation,6,0.25,False,True,False
85,21-2,61600.25,"(44, 15)",taxation,6,0.25,False,True,False
85,183-2,45526.75,"(24, 15)",taxation,6,0.25,False,True,False
85,203-2,77650.25,"(43, 24)",taxation,6,0.25,False,True,False
85,32-2,71223.75,"(40, 2)",taxation,6,0.25,False,True,False
85,115-2,71214.75,"(18, 8)",taxation,6,0.25,False,True,False
85,169-2,51959.0,"(1, 18)",taxation,6,0.25,False,True,False
85,78-2,61597.25,"(11, 44)",taxation,6,0.25,False,True,False
85,137-2,58366.5,"(30, 14)",taxation,6,0.25,False,True,False
85,55-2,71217.25,"(45, 24)",taxation,6,0.25,False,True,False
85,112-2,71224.5,"(15, 13)",taxation,6,0.25,False,True,False
85,193-2,58386.5,"(42, 32)",taxation,6,0.25,False,True,False
85,50-2,74440.5,"(32, 16)",taxation,6,0.25,False,True,False
85,53-2,42293.25,"(13, 13)",taxation,6,0.25,False,True,False
85,5-2,29407.5,"(33, 23)",taxation,6,0.25,False,True,False
85,247-2,58370.0,"(34, 14)",taxation,6,0.25,False,True,False
85,147-2,64812.75,"(37, 13)",taxation,6,0.25,False,True,False
85,145-2,68014.0,"(18, 14)",taxation,6,0.25,False,True,False
85,207-2,51914.75,"(43, 29)",taxation,6,0.25,False,True,False
85,120-2,74425.0,"(20, 14)",taxation,6,0.25,False,True,False
85,125-2,71225.0,"(41, 0)",taxation,6,0.25,False,True,False
85,41-2,71242.0,"(11, 42)",taxation,6,0.25,False,True,False
85,209-2,74443.5,"(25, 41)",taxation,6,0.25,False,True,False
85,113-2,68014.75,"(26, 42)",taxation,6,0.25,False,True,False
85,68-2,55176.75,"(23, 11)",taxation,6,0.25,False,True,False
85,161-2,55170.0,"(12, 46)",taxation,6,0.25,False,True,False
85,175-2,55148.5,"(37, 11)",taxation,6,0.25,False,True,False
85,85-2,58377.0,"(3, 43)",taxation,6,0.25,False,True,False
85,234-2,67991.5,"(17, 11)",taxation,6,0.25,False,True,False
85,45-2,67997.75,"(13, 15)",taxation,6,0.25,False,True,False
85,196-2,45524.0,"(30, 15)",taxation,6,0.25,False,True,False
85,174-2,71221.5,"(11, 37)",taxation,6,0.25,False,True,False
85,103-2,64775.5,"(43, 30)",taxation,6,0.25,False,True,False
85,33-2,51928.25,"(24, 5)",taxation,6,0.25,False,True,False
85,19-2,67988.0,"(44, 31)",taxation,6,0.25,False,True,False
85,130-2,71209.5,"(34, 35)",taxation,6,0.25,False,True,False
85,155-2,68028.25,"(26, 7)",taxation,6,0.25,False,True,False
85,86-2,64780.0,"(8, 27)",taxation,6,0.25,False,True,False
85,164-2,68008.25,"(40, 27)",taxation,6,0.25,False,True,False
85,2-2,64797.75,"(12, 45)",taxation,6,0.25,False,True,False
85,11-2,51896.25,"(29, 7)",taxation,6,0.25,False,True,False
85,202-2,74411.0,"(43, 6)",taxation,6,0.25,False,True,False
85,121-2,64811.0,"(13, 39)",taxation,6,0.25,False,True,False
85,163-2,77660.0,"(14, 47)",taxation,6,0.25,False,True,False
85,18-2,74435.75,"(8, 21)",taxation,6,0.25,False,True,False
85,132-2,71200.75,"(26, 10)",taxation,6,0.25,False,True,False
85,160-2,58345.0,"(9, 37)",taxation,6,0.25,False,True,False
85,221-2,61588.5,"(13, 44)",taxation,6,0.25,False,True,False
85,90-2,58377.5,"(39, 10)",taxation,6,0.25,False,True,False
85,64-2,64768.0,"(44, 6)",taxation,6,0.25,False,True,False
85,102-2,45493.5,"(9, 32)",taxation,6,0.25,False,True,False
85,188-2,64797.5,"(4, 43)",taxation,6,0.25,False,True,False
85,92-2,71204.0,"(38, 20)",taxation,6,0.25,False,True,False
85,96-2,74433.5,"(12, 12)",taxation,6,0.25,False,True,False
85,107-2,71203.5,"(10, 36)",taxation,6,0.25,False,True,False
85,80-2,71206.5,"(38, 24)",taxation,6,0.25,False,True,False
85,237-2,51917.75,"(28, 6)",taxation,6,0.25,False,True,False
85,13-2,61569.25,"(16, 10)",taxation,6,0.25,False,True,False
85,104-2,61586.5,"(41, 8)",taxation,6,0.25,False,True,False
85,27-2,58348.75,"(45, 15)",taxation,6,0.25,False,True,False
85,248-2,64761.25,"(37, 27)",taxation,6,0.25,False,True,False
85,48-2,67966.0,"(31, 8)",taxation,6,0.25,False,True,False
85,57-2,58336.25,"(45, 20)",taxation,6,0.25,False,True,False
85,184-2,64740.25,"(38, 34)",taxation,6,0.25,False,True,False
85,30-2,74418.25,"(11, 41)",taxation,6,0.25,False,True,False
85,108-2,35837.25,"(12, 48)",taxation,6,0.25,False,True,False
85,166-2,61552.25,"(8, 22)",taxation,6,0.25,False,True,False
85,233-2,61568.25,"(26, 16)",taxation,6,0.25,False,True,False
85,69-2,71174.5,"(0, 21)",taxation,6,0.25,False,True,False
85,229-2,71242.25,"(4, 44)",taxation,6,0.25,False,True,False
85,236-2,64758.25,"(29, 15)",taxation,6,0.25,False,True,False
85,109-2,64777.5,"(44, 30)",taxation,6,0.25,False,True,False
85,235-2,64753.25,"(19, 14)",taxation,6,0.25,False,True,False
85,62-2,64785.5,"(8, 45)",taxation,6,0.25,False,True,False
85,89-2,68004.75,"(13, 42)",taxation,6,0.25,False,True,False
85,58-2,67951.5,"(8, 38)",taxation,6,0.25,False,True,False
85,61-2,77643.25,"(12, 41)",taxation,6,0.25,False,True,False
85,152-2,67989.25,"(1, 21)",taxation,6,0.25,False,True,False
85,124-2,61548.25,"(42, 8)",taxation,6,0.25,False,True,False
85,97-2,51890.75,"(10, 42)",taxation,6,0.25,False,True,False
85,232-2,39040.25,"(8, 43)",taxation,6,0.25,False,True,False
85,116-2,71203.5,"(11, 45)",taxation,6,0.25,False,True,False
85,37-2,67974.75,"(45, 23)",taxation,6,0.25,False,True,False
85,7-2,48706.5,"(9, 35)",taxation,6,0.25,False,True,False
85,26-2,51920.75,"(24, 40)",taxation,6,0.25,False,True,False
85,117-2,58344.5,"(25, 46)",taxation,6,0.25,False,True,False
85,82-2,67971.5,"(11, 36)",taxation,6,0.25,False,True,False
85,88-2,64755.0,"(22, 11)",taxation,6,0.25,False,True,False
85,59-2,58317.25,"(3, 21)",taxation,6,0.25,False,True,False
85,52-2,48680.25,"(35, 35)",taxation,6,0.25,False,True,False
85,194-2,58343.5,"(40, 28)",taxation,6,0.25,False,True,False
85,72-2,74397.5,"(16, 13)",taxation,6,0.25,False,True,False
85,199-2,74381.0,"(35, 17)",taxation,6,0.25,False,True,False
85,43-2,64752.75,"(37, 37)",taxation,6,0.25,False,True,False
85,128-2,71185.0,"(34, 15)",taxation,6,0.25,False,True,False
85,84-2,64757.5,"(17, 8)",taxation,6,0.25,False,True,False
85,114-2,74401.75,"(40, 22)",taxation,6,0.25,False,True,False
85,223-2,45443.0,"(22, 14)",taxation,6,0.25,False,True,False
85,123-2,74412.75,"(36, 30)",taxation,6,0.25,False,True,False
85,215-2,71172.5,"(19, 8)",taxation,6,0.25,False,True,False
85,127-2,67942.0,"(21, 10)",taxation,6,0.25,False,True,False
85,24-2,51906.5,"(36, 13)",taxation,6,0.25,False,True,False
85,136-2,51893.5,"(8, 42)",taxation,6,0.25,False,True,False
85,65-2,74385.25,"(33, 16)",taxation,6,0.25,False,True,False
85,14-2,16532.5,"(35, 14)",taxation,6,0.25,False,True,False
85,185-2,64759.5,"(9, 22)",taxation,6,0.25,False,True,False
85,77-2,55106.5,"(12, 13)",taxation,6,0.25,False,True,False
85,36-2,48669.25,"(4, 19)",taxation,6,0.25,False,True,False
85,190-2,64749.75,"(40, 8)",taxation,6,0.25,False,True,False
85,46-2,45458.0,"(24, 41)",taxation,6,0.25,False,True,False
85,218-2,74419.5,"(8, 49)",taxation,6,0.25,False,True,False
85,220-2,71186.0,"(5, 44)",taxation,6,0.25,False,True,False
85,224-2,55098.75,"(42, 34)",taxation,6,0.25,False,True,False
85,129-2,61542.0,"(28, 8)",taxation,6,0.25,False,True,False
85,157-2,61522.25,"(27, 6)",taxation,6,0.25,False,True,False
85,195-2,29366.25,"(38, 36)",taxation,6,0.25,False,True,False
85,8-2,64763.0,"(11, 47)",taxation,6,0.25,False,True,False
85,119-2,64723.0,"(18, 9)",taxation,6,0.25,False,True,False
85,99-2,61503.25,"(16, 15)",taxation,6,0.25,False,True,False
85,135-2,64743.75,"(16, 14)",taxation,6,0.25,False,True,False
85,47-2,45463.75,"(13, 40)",taxation,6,0.25,False,True,False
85,79-2,61526.25,"(3, 44)",taxation,6,0.25,False,True,False
85,87-2,64720.5,"(32, 15)",taxation,6,0.25,False,True,False
85,15-2,58324.75,"(26, 40)",taxation,6,0.25,False,True,False
85,29-2,64743.25,"(33, 15)",taxation,6,0.25,False,True,False
85,178-2,71173.25,"(36, 3)",taxation,6,0.25,False,True,False
85,60-2,67958.25,"(11, 46)",taxation,6,0.25,False,True,False
85,192-2,58314.0,"(17, 14)",taxation,6,0.25,False,True,False
85,49-2,61532.5,"(13, 41)",taxation,6,0.25,False,True,False
85,81-2,61532.25,"(43, 18)",taxation,6,0.25,False,True,False
85,118-2,71164.5,"(1, 19)",taxation,6,0.25,False,True,False
85,34-2,58310.0,"(11, 14)",taxation,6,0.25,False,True,False
85,211-2,42205.75,"(16, 8)",taxation,6,0.25,False,True,False
85,177-2,64750.75,"(49, 23)",taxation,6,0.25,False,True,False
85,39-2,45426.5,"(17, 10)",taxation,6,0.25,False,True,False
85,245-2,71171.75,"(15, 44)",taxation,6,0.25,False,True,False
85,131-2,64737.0,"(11, 43)",taxation,6,0.25,False,True,False
85,213-2,64745.5,"(1, 20)",taxation,6,0.25,False,True,False
85,9-2,55101.25,"(38, 10)",taxation,6,0.25,False,True,False
85,171-2,64750.5,"(22, 9)",taxation,6,0.25,False,True,False
85,230-2,51884.0,"(4, 45)",taxation,6,0.25,False,True,False
85,217-2,39007.5,"(23, 10)",taxation,6,0.25,False,True,False
85,227-2,71145.5,"(46, 28)",taxation,6,0.25,False,True,False
85,244-2,74369.5,"(35, 5)",taxation,6,0.25,False,True,False
85,204-2,71153.5,"(34, 30)",taxation,6,0.25,False,True,False
85,105-2,58287.5,"(15, 10)",taxation,6,0.25,False,True,False
85,239-2,64705.5,"(43, 16)",taxation,6,0.25,False,True,False
85,243-2,61508.5,"(0, 22)",taxation,6,0.25,False,True,False
85,139-3,58287.6875,"(37, 30)",taxation,6,0.25,False,True,False
85,228-3,38207.25,"(25, 14)",taxation,6,0.25,False,True,False
85,197-2,51852.25,"(7, 21)",taxation,6,0.25,False,True,False
85,151-2,51848.25,"(11, 40)",taxation,6,0.25,False,True,False
85,191-2,74354.75,"(27, 48)",taxation,6,0.25,False,True,False
85,153-2,32555.0,"(9, 42)",taxation,6,0.25,False,True,False
85,159-2,51868.5,"(45, 28)",taxation,6,0.25,False,True,False
85,222-2,64723.5,"(37, 12)",taxation,6,0.25,False,True,False
85,200-2,61485.0,"(14, 15)",taxation,6,0.25,False,True,False
85,181-2,64704.250000000015,"(44, 28)",taxation,6,0.25,False,True,False
85,101-2,64747.75,"(10, 41)",taxation,6,0.25,False,True,False
85,35-2,64727.5,"(2, 22)",taxation,6,0.25,False,True,False
85,70-2,67940.0,"(11, 13)",taxation,6,0.25,False,True,False
85,238-2,64742.0,"(39, 27)",taxation,6,0.25,False,True,False
85,158-3,47008.75,"(21, 13)",taxation,6,0.25,False,True,False
85,20-2,61493.0,"(34, 17)",taxation,6,0.25,False,True,False
85,31-3,58260.625,"(35, 4)",taxation,6,0.25,False,True,False
85,179-3,42228.375,"(37, 36)",taxation,6,0.25,False,True,False
85,93-2,29351.0,"(44, 24)",taxation,6,0.25,False,True,False
85,3-2,38974.25,"(1, 22)",taxation,6,0.25,False,True,False
85,143-2,64707.75,"(43, 31)",taxation,6,0.25,False,True,False
85,219-3,56646.75,"(23, 5)",taxation,6,0.25,False,True,False
85,98-3,26158.75,"(12, 15)",taxation,6,0.25,False,True,False
85,138-2,67913.75,"(42, 33)",taxation,6,0.25,False,True,False
85,66-2,71133.75,"(9, 40)",taxation,6,0.25,False,True,False
85,210-2,77554.75,"(14, 46)",taxation,6,0.25,False,True,False
85,150-2,55064.25,"(38, 35)",taxation,6,0.25,False,True,False
85,44-2,42218.0,"(35, 6)",taxation,6,0.25,False,True,False
85,154-3,22917.75,"(38, 38)",taxation,6,0.25,False,True,False
85,126-2,64694.75,"(39, 32)",taxation,6,0.25,False,True,False
85,74-3,56668.0,"(22, 43)",taxation,6,0.25,False,True,False
85,28-3,44628.9375,"(25, 6)",taxation,6,0.25,False,True,False
85,146-3,19709.75,"(37, 31)",taxation,6,0.25,False,True,False
85,176-3,436.25,"(37, 26)",taxation,6,0.25,False,True,False
85,208-3,51837.9375,"(39, 11)",taxation,6,0.25,False,True,False
85,216-2,71124.0,"(30, 13)",taxation,6,0.25,False,True,False
85,187-3,26120.25,"(40, 9)",taxation,6,0.25,False,True,False
85,167-3,51037.3125,"(36, 32)",taxation,6,0.25,False,True,False
85,240-3,16461.75,"(5, 46)",taxation,6,0.25,False,True,False
85,140-3,444.75,"(20, 10)",taxation,6,0.25,False,True,False
86,12,81973.0,"(42, 9)",taxation,6,0.25,False,True,False
86,67,64854.0,"(24, 49)",taxation,6,0.25,False,True,False
86,94-2,21983.0,"(16, 12)",taxation,6,0.25,False,True,False
86,170-2,59492.75,"(22, 4)",taxation,6,0.25,False,True,False
86,1-2,49829.25,"(8, 36)",taxation,6,0.25,False,True,False
86,23-2,70204.0,"(42, 10)",taxation,6,0.25,False,True,False
86,17-2,71273.5,"(38, 21)",taxation,6,0.25,False,True,False
86,206-2,65932.25,"(19, 48)",taxation,6,0.25,False,True,False
86,242-2,29487.25,"(34, 38)",taxation,6,0.25,False,True,False
86,75-2,61641.0,"(31, 18)",taxation,6,0.25,False,True,False
86,241-2,61618.5,"(43, 17)",taxation,6,0.25,False,True,False
86,42-2,48801.5,"(0, 20)",taxation,6,0.25,False,True,False
86,142-2,42326.75,"(16, 44)",taxation,6,0.25,False,True,False
86,172-2,71246.75,"(43, 11)",taxation,6,0.25,False,True,False
86,38-2,68078.5,"(19, 47)",taxation,6,0.25,False,True,False
86,198-2,61635.5,"(19, 15)",taxation,6,0.25,False,True,False
86,0-2,45566.25,"(6, 19)",taxation,6,0.25,False,True,False
86,6-2,74490.0,"(19, 16)",taxation,6,0.25,False,True,False
86,76-2,64862.750000000015,"(33, 18)",taxation,6,0.25,False,True,False
86,144-2,64863.5,"(20, 48)",taxation,6,0.25,False,True,False
86,25-2,58389.0,"(15, 15)",taxation,6,0.25,False,True,False
86,40-2,71292.0,"(12, 21)",taxation,6,0.25,False,True,False
86,10-2,68040.25,"(32, 20)",taxation,6,0.25,False,True,False
86,180-2,64845.25,"(17, 39)",taxation,6,0.25,False,True,False
86,212-2,68033.75,"(20, 46)",taxation,6,0.25,False,True,False
86,63-2,61587.75,"(15, 33)",taxation,6,0.25,False,True,False
86,189-2,58428.5,"(16, 43)",taxation,6,0.25,False,True,False
86,54-2,64843.25,"(40, 14)",taxation,6,0.25,False,True,False
86,4-2,48758.25,"(41, 17)",taxation,6,0.25,False,True,False
86,83-2,71261.75,"(47, 15)",taxation,6,0.25,False,True,False
86,249-2,68080.0,"(14, 48)",taxation,6,0.25,False,True,False
86,22-2,74477.0,"(35, 21)",taxation,6,0.25,False,True,False
86,205-2,32681.75,"(25, 15)",taxation,6,0.25,False,True,False
86,156-2,48768.5,"(35, 15)",taxation,6,0.25,False,True,False
86,51-2,68050.5,"(10, 19)",taxation,6,0.25,False,True,False
86,133-2,58398.0,"(7, 18)",taxation,6,0.25,False,True,False
86,73-2,68065.25,"(19, 49)",taxation,6,0.25,False,True,False
86,56-2,64827.75,"(47, 17)",taxation,6,0.25,False,True,False
86,182-2,68048.25,"(27, 17)",taxation,6,0.25,False,True,False
86,71-2,71240.25,"(47, 21)",taxation,6,0.25,False,True,False
86,91-2,71254.75,"(15, 49)",taxation,6,0.25,False,True,False
86,226-2,64806.75,"(4, 18)",taxation,6,0.25,False,True,False
86,225-2,68045.75,"(18, 39)",taxation,6,0.25,False,True,False
86,148-2,51960.25,"(36, 19)",taxation,6,0.25,False,True,False
86,16-2,74477.5,"(42, 11)",taxation,6,0.25,False,True,False
86,111-2,71255.25,"(30, 17)",taxation,6,0.25,False,True,False
86,134-2,64824.0,"(42, 18)",taxation,6,0.25,False,True,False
86,168-2,71285.5,"(18, 47)",taxation,6,0.25,False,True,False
86,106-2,61632.75,"(29, 48)",taxation,6,0.25,False,True,False
86,162-2,68040.5,"(18, 44)",taxation,6,0.25,False,True,False
86,214-2,42297.0,"(12, 36)",taxation,6,0.25,False,True,False
86,110-2,74462.0,"(32, 38)",taxation,6,0.25,False,True,False
86,95-2,74480.5,"(31, 33)",taxation,6,0.25,False,True,False
86,122-2,55180.25,"(17, 45)",taxation,6,0.25,False,True,False
86,231-2,42296.75,"(25, 18)",taxation,6,0.25,False,True,False
86,100-2,64834.75,"(25, 49)",taxation,6,0.25,False,True,False
86,141-2,51973.5,"(32, 18)",taxation,6,0.25,False,True,False
86,165-2,77663.0,"(41, 11)",taxation,6,0.25,False,True,False
86,186-2,61614.25,"(31, 38)",taxation,6,0.25,False,True,False
86,201-2,45497.25,"(42, 13)",taxation,6,0.25,False,True,False
86,21-2,61608.25,"(44, 14)",taxation,6,0.25,False,True,False
86,183-2,45534.75,"(30, 18)",taxation,6,0.25,False,True,False
86,203-2,77657.25,"(49, 18)",taxation,6,0.25,False,True,False
86,32-2,71230.75,"(45, 6)",taxation,6,0.25,False,True,False
86,115-2,71220.75,"(12, 14)",taxation,6,0.25,False,True,False
86,169-2,51966.0,"(0, 18)",taxation,6,0.25,False,True,False
86,78-2,61605.25,"(15, 47)",taxation,6,0.25,False,True,False
86,137-2,58374.5,"(31, 19)",taxation,6,0.25,False,True,False
86,55-2,71225.25,"(47, 18)",taxation,6,0.25,False,True,False
86,112-2,71232.5,"(11, 18)",taxation,6,0.25,False,True,False
86,193-2,58391.5,"(36, 27)",taxation,6,0.25,False,True,False
86,50-2,74448.5,"(32, 17)",taxation,6,0.25,False,True,False
86,53-2,42300.25,"(10, 15)",taxation,6,0.25,False,True,False
86,5-2,29415.5,"(32, 23)",taxation,6,0.25,False,True,False
86,247-2,58378.0,"(37, 15)",taxation,6,0.25,False,True,False
86,147-2,64820.75,"(38, 14)",taxation,6,0.25,False,True,False
86,145-2,68021.0,"(16, 18)",taxation,6,0.25,False,True,False
86,207-2,51919.75,"(37, 24)",taxation,6,0.25,False,True,False
86,120-2,74432.0,"(20, 19)",taxation,6,0.25,False,True,False
86,125-2,71232.0,"(46, 5)",taxation,6,0.25,False,True,False
86,41-2,71251.0,"(17, 40)",taxation,6,0.25,False,True,False
86,209-2,74452.5,"(23, 40)",taxation,6,0.25,False,True,False
86,113-2,68023.75,"(26, 43)",taxation,6,0.25,False,True,False
86,68-2,55181.75,"(23, 15)",taxation,6,0.25,False,True,False
86,161-2,55179.0,"(15, 48)",taxation,6,0.25,False,True,False
86,175-2,55156.5,"(39, 13)",taxation,6,0.25,False,True,False
86,85-2,58380.0,"(3, 41)",taxation,6,0.25,False,True,False
86,234-2,67998.5,"(12, 16)",taxation,6,0.25,False,True,False
86,45-2,68004.75,"(11, 17)",taxation,6,0.25,False,True,False
86,196-2,45532.0,"(30, 16)",taxation,6,0.25,False,True,False
86,174-2,71230.5,"(16, 38)",taxation,6,0.25,False,True,False
86,103-2,64779.5,"(40, 26)",taxation,6,0.25,False,True,False
86,33-2,51932.25,"(19, 10)",taxation,6,0.25,False,True,False
86,19-2,67991.0,"(41, 32)",taxation,6,0.25,False,True,False
86,130-2,71218.5,"(28, 40)",taxation,6,0.25,False,True,False
86,155-2,68032.25,"(25, 12)",taxation,6,0.25,False,True,False
86,86-2,64787.0,"(11, 24)",taxation,6,0.25,False,True,False
86,164-2,68015.25,"(34, 24)",taxation,6,0.25,False,True,False
86,2-2,64806.75,"(16, 49)",taxation,6,0.25,False,True,False
86,11-2,51903.25,"(35, 13)",taxation,6,0.25,False,True,False
86,202-2,74419.0,"(44, 7)",taxation,6,0.25,False,True,False
86,121-2,64820.0,"(18, 38)",taxation,6,0.25,False,True,False
86,163-2,77669.0,"(16, 48)",taxation,6,0.25,False,True,False
86,18-2,74443.75,"(9, 20)",taxation,6,0.25,False,True,False
86,132-2,71207.75,"(29, 16)",taxation,6,0.25,False,True,False
86,160-2,58351.0,"(13, 38)",taxation,6,0.25,False,True,False
86,221-2,61597.5,"(18, 46)",taxation,6,0.25,False,True,False
86,90-2,58385.5,"(41, 12)",taxation,6,0.25,False,True,False
86,64-2,64776.0,"(43, 10)",taxation,6,0.25,False,True,False
86,102-2,45501.5,"(15, 38)",taxation,6,0.25,False,True,False
86,188-2,64802.5,"(10, 37)",taxation,6,0.25,False,True,False
86,92-2,71212.0,"(34, 20)",taxation,6,0.25,False,True,False
86,96-2,74440.5,"(12, 17)",taxation,6,0.25,False,True,False
86,107-2,71210.5,"(16, 37)",taxation,6,0.25,False,True,False
86,80-2,71214.5,"(35, 23)",taxation,6,0.25,False,True,False
86,237-2,51921.75,"(28, 12)",taxation,6,0.25,False,True,False
86,13-2,61576.25,"(10, 16)",taxation,6,0.25,False,True,False
86,104-2,61594.5,"(43, 12)",taxation,6,0.25,False,True,False
86,27-2,58356.75,"(45, 14)",taxation,6,0.25,False,True,False
86,248-2,64768.25,"(34, 23)",taxation,6,0.25,False,True,False
86,48-2,67970.0,"(31, 12)",taxation,6,0.25,False,True,False
86,57-2,58344.25,"(46, 14)",taxation,6,0.25,False,True,False
86,184-2,64748.25,"(32, 40)",taxation,6,0.25,False,True,False
86,30-2,74426.25,"(17, 41)",taxation,6,0.25,False,True,False
86,108-2,35846.25,"(18, 48)",taxation,6,0.25,False,True,False
86,166-2,61559.25,"(10, 20)",taxation,6,0.25,False,True,False
86,233-2,61576.25,"(29, 18)",taxation,6,0.25,False,True,False
86,69-2,71181.5,"(0, 19)",taxation,6,0.25,False,True,False
86,229-2,71246.25,"(10, 39)",taxation,6,0.25,False,True,False
86,236-2,64766.25,"(29, 17)",taxation,6,0.25,False,True,False
86,109-2,64781.5,"(40, 25)",taxation,6,0.25,False,True,False
86,235-2,64760.25,"(24, 18)",taxation,6,0.25,False,True,False
86,62-2,64791.5,"(12, 39)",taxation,6,0.25,False,True,False
86,89-2,68012.75,"(19, 41)",taxation,6,0.25,False,True,False
86,58-2,67959.5,"(14, 41)",taxation,6,0.25,False,True,False
86,61-2,77651.25,"(17, 38)",taxation,6,0.25,False,True,False
86,152-2,67996.25,"(2, 17)",taxation,6,0.25,False,True,False
86,124-2,61556.25,"(43, 14)",taxation,6,0.25,False,True,False
86,97-2,51897.75,"(16, 41)",taxation,6,0.25,False,True,False
86,232-2,39048.25,"(14, 44)",taxation,6,0.25,False,True,False
86,116-2,71210.5,"(15, 43)",taxation,6,0.25,False,True,False
86,37-2,67981.75,"(42, 17)",taxation,6,0.25,False,True,False
86,7-2,48713.5,"(15, 34)",taxation,6,0.25,False,True,False
86,26-2,51929.75,"(24, 39)",taxation,6,0.25,False,True,False
86,117-2,58353.5,"(24, 45)",taxation,6,0.25,False,True,False
86,82-2,67978.5,"(12, 40)",taxation,6,0.25,False,True,False
86,88-2,64762.0,"(24, 17)",taxation,6,0.25,False,True,False
86,59-2,58324.25,"(5, 18)",taxation,6,0.25,False,True,False
86,52-2,48689.25,"(33, 36)",taxation,6,0.25,False,True,False
86,194-2,58350.5,"(34, 25)",taxation,6,0.25,False,True,False
86,72-2,74404.5,"(13, 17)",taxation,6,0.25,False,True,False
86,199-2,74389.0,"(35, 16)",taxation,6,0.25,False,True,False
86,43-2,64761.75,"(34, 39)",taxation,6,0.25,False,True,False
86,128-2,71193.0,"(33, 19)",taxation,6,0.25,False,True,False
86,84-2,64763.5,"(13, 14)",taxation,6,0.25,False,True,False
86,114-2,74409.75,"(37, 19)",taxation,6,0.25,False,True,False
86,223-2,45450.0,"(25, 17)",taxation,6,0.25,False,True,False
86,123-2,74420.75,"(32, 35)",taxation,6,0.25,False,True,False
86,215-2,71177.5,"(17, 12)",taxation,6,0.25,False,True,False
86,127-2,67948.0,"(17, 16)",taxation,6,0.25,False,True,False
86,24-2,51914.5,"(36, 15)",taxation,6,0.25,False,True,False
86,136-2,51899.5,"(12, 38)",taxation,6,0.25,False,True,False
86,65-2,74393.25,"(34, 16)",taxation,6,0.25,False,True,False
86,14-2,16540.5,"(36, 16)",taxation,6,0.25,False,True,False
86,185-2,64766.5,"(10, 21)",taxation,6,0.25,False,True,False
86,77-2,55114.5,"(10, 18)",taxation,6,0.25,False,True,False
86,36-2,48676.25,"(3, 19)",taxation,6,0.25,False,True,False
86,190-2,64757.75,"(40, 13)",taxation,6,0.25,False,True,False
86,46-2,45467.0,"(25, 42)",taxation,6,0.25,False,True,False
86,218-2,74423.5,"(12, 47)",taxation,6,0.25,False,True,False
86,220-2,71191.0,"(11, 39)",taxation,6,0.25,False,True,False
86,224-2,55102.75,"(36, 36)",taxation,6,0.25,False,True,False
86,129-2,61547.0,"(29, 14)",taxation,6,0.25,False,True,False
86,157-2,61526.25,"(23, 12)",taxation,6,0.25,False,True,False
86,195-2,29375.25,"(34, 36)",taxation,6,0.25,False,True,False
86,8-2,64773.0,"(14, 49)",taxation,6,0.25,False,True,False
86,119-2,64729.0,"(14, 14)",taxation,6,0.25,False,True,False
86,99-2,61511.25,"(11, 21)",taxation,6,0.25,False,True,False
86,135-2,64751.75,"(12, 20)",taxation,6,0.25,False,True,False
86,47-2,45473.75,"(19, 40)",taxation,6,0.25,False,True,False
86,79-2,61530.25,"(9, 38)",taxation,6,0.25,False,True,False
86,87-2,64728.5,"(32, 19)",taxation,6,0.25,False,True,False
86,15-2,58333.75,"(25, 39)",taxation,6,0.25,False,True,False
86,29-2,64751.25,"(33, 17)",taxation,6,0.25,False,True,False
86,178-2,71180.25,"(42, 6)",taxation,6,0.25,False,True,False
86,60-2,67966.25,"(17, 49)",taxation,6,0.25,False,True,False
86,192-2,58321.0,"(14, 19)",taxation,6,0.25,False,True,False
86,49-2,61540.5,"(15, 39)",taxation,6,0.25,False,True,False
86,81-2,61540.25,"(43, 15)",taxation,6,0.25,False,True,False
86,118-2,71171.5,"(4, 17)",taxation,6,0.25,False,True,False
86,34-2,58318.0,"(9, 17)",taxation,6,0.25,False,True,False
86,211-2,42211.75,"(15, 14)",taxation,6,0.25,False,True,False
86,177-2,64757.75,"(48, 17)",taxation,6,0.25,False,True,False
86,39-2,45434.5,"(13, 16)",taxation,6,0.25,False,True,False
86,245-2,71180.75,"(17, 42)",taxation,6,0.25,False,True,False
86,131-2,64746.0,"(16, 40)",taxation,6,0.25,False,True,False
86,213-2,64752.5,"(3, 18)",taxation,6,0.25,False,True,False
86,9-2,55109.25,"(39, 14)",taxation,6,0.25,False,True,False
86,171-2,64755.5,"(18, 12)",taxation,6,0.25,False,True,False
86,230-2,51888.0,"(9, 39)",taxation,6,0.25,False,True,False
86,217-2,39012.5,"(21, 14)",taxation,6,0.25,False,True,False
86,227-2,71149.5,"(44, 23)",taxation,6,0.25,False,True,False
86,244-2,74373.5,"(41, 4)",taxation,6,0.25,False,True,False
86,204-2,71161.5,"(30, 32)",taxation,6,0.25,False,True,False
86,105-2,58294.5,"(10, 14)",taxation,6,0.25,False,True,False
86,239-2,64713.5,"(42, 15)",taxation,6,0.25,False,True,False
86,243-2,61515.5,"(6, 18)",taxation,6,0.25,False,True,False
86,139-3,58294.6875,"(33, 29)",taxation,6,0.25,False,True,False
86,228-3,38215.25,"(30, 19)",taxation,6,0.25,False,True,False
86,197-2,51860.25,"(7, 20)",taxation,6,0.25,False,True,False
86,151-2,51856.25,"(15, 40)",taxation,6,0.25,False,True,False
86,191-2,74363.75,"(28, 49)",taxation,6,0.25,False,True,False
86,153-2,32562.0,"(14, 40)",taxation,6,0.25,False,True,False
86,159-2,51873.5,"(45, 22)",taxation,6,0.25,False,True,False
86,222-2,64731.5,"(38, 13)",taxation,6,0.25,False,True,False
86,200-2,61492.0,"(13, 18)",taxation,6,0.25,False,True,False
86,181-2,64709.250000000015,"(44, 22)",taxation,6,0.25,False,True,False
86,101-2,64756.75,"(14, 39)",taxation,6,0.25,False,True,False
86,35-2,64735.5,"(7, 19)",taxation,6,0.25,False,True,False
86,70-2,67948.0,"(9, 18)",taxation,6,0.25,False,True,False
86,238-2,64749.0,"(34, 26)",taxation,6,0.25,False,True,False
86,158-3,47015.75,"(25, 19)",taxation,6,0.25,False,True,False
86,20-2,61501.0,"(34, 18)",taxation,6,0.25,False,True,False
86,31-3,58264.625,"(40, 6)",taxation,6,0.25,False,True,False
86,179-3,42236.375,"(32, 39)",taxation,6,0.25,False,True,False
86,93-2,29358.0,"(48, 18)",taxation,6,0.25,False,True,False
86,3-2,38981.25,"(6, 17)",taxation,6,0.25,False,True,False
86,143-2,64711.75,"(38, 30)",taxation,6,0.25,False,True,False
86,219-3,56650.75,"(19, 11)",taxation,6,0.25,False,True,False
86,98-3,26165.75,"(11, 16)",taxation,6,0.25,False,True,False
86,138-2,67917.75,"(37, 35)",taxation,6,0.25,False,True,False
86,66-2,71140.75,"(15, 41)",taxation,6,0.25,False,True,False
86,210-2,77563.75,"(18, 49)",taxation,6,0.25,False,True,False
86,150-2,55071.25,"(33, 38)",taxation,6,0.25,False,True,False
86,44-2,42222.0,"(40, 7)",taxation,6,0.25,False,True,False
86,154-3,22926.75,"(35, 39)",taxation,6,0.25,False,True,False
86,126-2,64701.75,"(33, 37)",taxation,6,0.25,False,True,False
86,74-3,56677.0,"(22, 44)",taxation,6,0.25,False,True,False
86,28-3,44633.9375,"(19, 12)",taxation,6,0.25,False,True,False
86,146-3,19718.75,"(31, 37)",taxation,6,0.25,False,True,False
86,176-3,444.25,"(34, 27)",taxation,6,0.25,False,True,False
86,208-3,51845.9375,"(41, 13)",taxation,6,0.25,False,True,False
86,216-2,71132.0,"(31, 17)",taxation,6,0.25,False,True,False
86,187-3,26128.25,"(41, 10)",taxation,6,0.25,False,True,False
86,167-3,51046.3125,"(34, 28)",taxation,6,0.25,False,True,False
86,240-3,16464.75,"(6, 44)",taxation,6,0.25,False,True,False
86,140-3,450.75,"(16, 16)",taxation,6,0.25,False,True,False
86,149-3,43827.75,"(43, 4)",taxation,6,0.25,False,True,False
86,173-3,13296.75,"(18, 45)",taxation,6,0.25,False,True,False
86,246-3,48630.75,"(26, 19)",taxation,6,0.25,False,True,False
87,12,81981.0,"(47, 9)",taxation,6,0.25,False,True,False
87,67,64863.0,"(25, 47)",taxation,6,0.25,False,True,False
87,94-2,21989.0,"(17, 13)",taxation,6,0.25,False,True,False
87,170-2,59496.75,"(21, 4)",taxation,6,0.25,False,True,False
87,1-2,49836.25,"(14, 36)",taxation,6,0.25,False,True,False
87,23-2,70212.0,"(45, 10)",taxation,6,0.25,False,True,False
87,17-2,71280.5,"(33, 26)",taxation,6,0.25,False,True,False
87,206-2,65940.25,"(25, 44)",taxation,6,0.25,False,True,False
87,242-2,29496.25,"(29, 40)",taxation,6,0.25,False,True,False
87,75-2,61649.0,"(30, 22)",taxation,6,0.25,False,True,False
87,241-2,61625.5,"(45, 18)",taxation,6,0.25,False,True,False
87,42-2,48808.5,"(5, 19)",taxation,6,0.25,False,True,False
87,142-2,42335.75,"(19, 44)",taxation,6,0.25,False,True,False
87,172-2,71254.75,"(46, 11)",taxation,6,0.25,False,True,False
87,38-2,68087.5,"(19, 45)",taxation,6,0.25,False,True,False
87,198-2,61643.5,"(22, 20)",taxation,6,0.25,False,True,False
87,0-2,45573.25,"(9, 23)",taxation,6,0.25,False,True,False
87,6-2,74498.0,"(21, 21)",taxation,6,0.25,False,True,False
87,76-2,64870.750000000015,"(36, 18)",taxation,6,0.25,False,True,False
87,144-2,64872.5,"(21, 48)",taxation,6,0.25,False,True,False
87,25-2,58396.0,"(16, 19)",taxation,6,0.25,False,True,False
87,40-2,71300.0,"(13, 24)",taxation,6,0.25,False,True,False
87,10-2,68048.25,"(28, 24)",taxation,6,0.25,False,True,False
87,180-2,64853.25,"(21, 36)",taxation,6,0.25,False,True,False
87,212-2,68042.75,"(22, 46)",taxation,6,0.25,False,True,False
87,63-2,61595.75,"(18, 34)",taxation,6,0.25,False,True,False
87,189-2,58436.5,"(22, 41)",taxation,6,0.25,False,True,False
87,54-2,64851.25,"(45, 12)",taxation,6,0.25,False,True,False
87,4-2,48765.25,"(45, 17)",taxation,6,0.25,False,True,False
87,83-2,71269.75,"(47, 13)",taxation,6,0.25,False,True,False
87,249-2,68088.0,"(20, 42)",taxation,6,0.25,False,True,False
87,22-2,74485.0,"(29, 24)",taxation,6,0.25,False,True,False
87,205-2,32689.75,"(23, 21)",taxation,6,0.25,False,True,False
87,156-2,48775.5,"(41, 18)",taxation,6,0.25,False,True,False
87,51-2,68058.5,"(15, 24)",taxation,6,0.25,False,True,False
87,133-2,58405.0,"(9, 13)",taxation,6,0.25,False,True,False
87,73-2,68074.25,"(22, 49)",taxation,6,0.25,False,True,False
87,56-2,64834.75,"(46, 17)",taxation,6,0.25,False,True,False
87,182-2,68056.25,"(26, 23)",taxation,6,0.25,False,True,False
87,71-2,71248.25,"(48, 15)",taxation,6,0.25,False,True,False
87,91-2,71262.75,"(20, 44)",taxation,6,0.25,False,True,False
87,226-2,64812.75,"(9, 24)",taxation,6,0.25,False,True,False
87,225-2,68054.75,"(24, 36)",taxation,6,0.25,False,True,False
87,148-2,51967.25,"(32, 25)",taxation,6,0.25,False,True,False
87,16-2,74485.5,"(46, 9)",taxation,6,0.25,False,True,False
87,111-2,71263.25,"(25, 23)",taxation,6,0.25,False,True,False
87,134-2,64832.0,"(41, 16)",taxation,6,0.25,False,True,False
87,168-2,71295.5,"(20, 49)",taxation,6,0.25,False,True,False
87,106-2,61642.75,"(29, 49)",taxation,6,0.25,False,True,False
87,162-2,68049.5,"(21, 44)",taxation,6,0.25,False,True,False
87,214-2,42305.0,"(17, 36)",taxation,6,0.25,False,True,False
87,110-2,74471.0,"(31, 39)",taxation,6,0.25,False,True,False
87,95-2,74489.5,"(29, 34)",taxation,6,0.25,False,True,False
87,122-2,55189.25,"(22, 47)",taxation,6,0.25,False,True,False
87,231-2,42304.75,"(26, 20)",taxation,6,0.25,False,True,False
87,100-2,64843.75,"(27, 49)",taxation,6,0.25,False,True,False
87,141-2,51981.5,"(31, 21)",taxation,6,0.25,False,True,False
87,165-2,77671.0,"(45, 9)",taxation,6,0.25,False,True,False
87,186-2,61624.25,"(26, 38)",taxation,6,0.25,False,True,False
87,201-2,45505.25,"(44, 11)",taxation,6,0.25,False,True,False
87,21-2,61616.25,"(47, 10)",taxation,6,0.25,False,True,False
87,183-2,45542.75,"(27, 21)",taxation,6,0.25,False,True,False
87,203-2,77665.25,"(47, 16)",taxation,6,0.25,False,True,False
87,32-2,71238.75,"(46, 6)",taxation,6,0.25,False,True,False
87,115-2,71227.75,"(11, 15)",taxation,6,0.25,False,True,False
87,169-2,51971.0,"(5, 20)",taxation,6,0.25,False,True,False
87,78-2,61612.25,"(18, 42)",taxation,6,0.25,False,True,False
87,137-2,58382.5,"(31, 22)",taxation,6,0.25,False,True,False
87,55-2,71233.25,"(48, 14)",taxation,6,0.25,False,True,False
87,112-2,71240.5,"(11, 19)",taxation,6,0.25,False,True,False
87,193-2,58398.5,"(33, 27)",taxation,6,0.25,False,True,False
87,50-2,74456.5,"(29, 23)",taxation,6,0.25,False,True,False
87,53-2,42308.25,"(8, 17)",taxation,6,0.25,False,True,False
87,5-2,29423.5,"(32, 24)",taxation,6,0.25,False,True,False
87,247-2,58384.0,"(39, 20)",taxation,6,0.25,False,True,False
87,147-2,64828.75,"(37, 18)",taxation,6,0.25,False,True,False
87,145-2,68029.0,"(14, 20)",taxation,6,0.25,False,True,False
87,207-2,51927.75,"(33, 24)",taxation,6,0.25,False,True,False
87,120-2,74440.0,"(26, 24)",taxation,6,0.25,False,True,False
87,125-2,71240.0,"(47, 5)",taxation,6,0.25,False,True,False
87,41-2,71260.0,"(21, 39)",taxation,6,0.25,False,True,False
87,209-2,74461.5,"(23, 39)",taxation,6,0.25,False,True,False
87,113-2,68032.75,"(26, 44)",taxation,6,0.25,False,True,False
87,68-2,55189.75,"(23, 20)",taxation,6,0.25,False,True,False
87,161-2,55187.0,"(20, 43)",taxation,6,0.25,False,True,False
87,175-2,55164.5,"(45, 11)",taxation,6,0.25,False,True,False
87,85-2,58385.0,"(7, 35)",taxation,6,0.25,False,True,False
87,234-2,68005.5,"(14, 18)",taxation,6,0.25,False,True,False
87,45-2,68012.75,"(9, 16)",taxation,6,0.25,False,True,False
87,196-2,45539.0,"(25, 21)",taxation,6,0.25,False,True,False
87,174-2,71239.5,"(19, 37)",taxation,6,0.25,False,True,False
87,103-2,64786.5,"(35, 24)",taxation,6,0.25,False,True,False
87,33-2,51939.25,"(14, 16)",taxation,6,0.25,False,True,False
87,19-2,67997.0,"(35, 29)",taxation,6,0.25,False,True,False
87,130-2,71227.5,"(28, 41)",taxation,6,0.25,False,True,False
87,155-2,68038.25,"(26, 15)",taxation,6,0.25,False,True,False
87,86-2,64795.0,"(12, 24)",taxation,6,0.25,False,True,False
87,164-2,68023.25,"(29, 28)",taxation,6,0.25,False,True,False
87,2-2,64815.75,"(21, 49)",taxation,6,0.25,False,True,False
87,11-2,51909.25,"(41, 19)",taxation,6,0.25,False,True,False
87,202-2,74427.0,"(46, 8)",taxation,6,0.25,False,True,False
87,121-2,64829.0,"(23, 36)",taxation,6,0.25,False,True,False
87,163-2,77675.0,"(16, 46)",taxation,6,0.25,False,True,False
87,18-2,74451.75,"(8, 19)",taxation,6,0.25,False,True,False
87,132-2,71214.75,"(25, 20)",taxation,6,0.25,False,True,False
87,160-2,58359.0,"(18, 36)",taxation,6,0.25,False,True,False
87,221-2,61606.5,"(24, 46)",taxation,6,0.25,False,True,False
87,90-2,58393.5,"(46, 12)",taxation,6,0.25,False,True,False
87,64-2,64784.0,"(46, 10)",taxation,6,0.25,False,True,False
87,102-2,45509.5,"(19, 39)",taxation,6,0.25,False,True,False
87,188-2,64809.5,"(14, 37)",taxation,6,0.25,False,True,False
87,92-2,71220.0,"(28, 25)",taxation,6,0.25,False,True,False
87,96-2,74448.5,"(10, 17)",taxation,6,0.25,False,True,False
87,107-2,71218.5,"(19, 34)",taxation,6,0.25,False,True,False
87,80-2,71222.5,"(29, 27)",taxation,6,0.25,False,True,False
87,237-2,51927.75,"(27, 16)",taxation,6,0.25,False,True,False
87,13-2,61583.25,"(13, 21)",taxation,6,0.25,False,True,False
87,104-2,61602.5,"(47, 8)",taxation,6,0.25,False,True,False
87,27-2,58364.75,"(46, 13)",taxation,6,0.25,False,True,False
87,248-2,64776.25,"(28, 27)",taxation,6,0.25,False,True,False
87,48-2,67976.0,"(27, 15)",taxation,6,0.25,False,True,False
87,57-2,58353.25,"(47, 14)",taxation,6,0.25,False,True,False
87,184-2,64757.25,"(30, 43)",taxation,6,0.25,False,True,False
87,30-2,74436.25,"(22, 45)",taxation,6,0.25,False,True,False
87,108-2,35855.25,"(23, 47)",taxation,6,0.25,False,True,False
87,166-2,61567.25,"(14, 24)",taxation,6,0.25,False,True,False
87,233-2,61584.25,"(27, 22)",taxation,6,0.25,False,True,False
87,69-2,71187.5,"(6, 20)",taxation,6,0.25,False,True,False
87,229-2,71254.25,"(16, 39)",taxation,6,0.25,False,True,False
87,236-2,64774.25,"(27, 23)",taxation,6,0.25,False,True,False
87,109-2,64788.5,"(43, 19)",taxation,6,0.25,False,True,False
87,235-2,64768.25,"(22, 21)",taxation,6,0.25,False,True,False
87,62-2,64799.5,"(17, 43)",taxation,6,0.25,False,True,False
87,89-2,68021.75,"(21, 37)",taxation,6,0.25,False,True,False
87,58-2,67968.5,"(20, 36)",taxation,6,0.25,False,True,False
87,61-2,77660.25,"(22, 37)",taxation,6,0.25,False,True,False
87,152-2,68004.25,"(7, 16)",taxation,6,0.25,False,True,False
87,124-2,61564.25,"(44, 13)",taxation,6,0.25,False,True,False
87,97-2,51905.75,"(20, 39)",taxation,6,0.25,False,True,False
87,232-2,39056.25,"(19, 42)",taxation,6,0.25,False,True,False
87,116-2,71218.5,"(21, 41)",taxation,6,0.25,False,True,False
87,37-2,67989.75,"(47, 12)",taxation,6,0.25,False,True,False
87,7-2,48722.5,"(19, 35)",taxation,6,0.25,False,True,False
87,26-2,51938.75,"(24, 38)",taxation,6,0.25,False,True,False
87,117-2,58362.5,"(25, 45)",taxation,6,0.25,False,True,False
87,82-2,67986.5,"(18, 35)",taxation,6,0.25,False,True,False
87,88-2,64769.0,"(24, 19)",taxation,6,0.25,False,True,False
87,59-2,58332.25,"(6, 16)",taxation,6,0.25,False,True,False
87,52-2,48698.25,"(29, 36)",taxation,6,0.25,False,True,False
87,194-2,58358.5,"(28, 29)",taxation,6,0.25,False,True,False
87,72-2,74412.5,"(16, 22)",taxation,6,0.25,False,True,False
87,199-2,74396.0,"(37, 20)",taxation,6,0.25,False,True,False
87,43-2,64770.75,"(29, 39)",taxation,6,0.25,False,True,False
87,128-2,71201.0,"(29, 25)",taxation,6,0.25,False,True,False
87,84-2,64771.5,"(7, 15)",taxation,6,0.25,False,True,False
87,114-2,74416.75,"(33, 25)",taxation,6,0.25,False,True,False
87,223-2,45457.0,"(24, 20)",taxation,6,0.25,False,True,False
87,123-2,74429.75,"(30, 36)",taxation,6,0.25,False,True,False
87,215-2,71184.5,"(15, 17)",taxation,6,0.25,False,True,False
87,127-2,67956.0,"(16, 21)",taxation,6,0.25,False,True,False
87,24-2,51923.5,"(41, 15)",taxation,6,0.25,False,True,False
87,136-2,51907.5,"(17, 34)",taxation,6,0.25,False,True,False
87,65-2,74400.25,"(32, 22)",taxation,6,0.25,False,True,False
87,14-2,16546.5,"(39, 21)",taxation,6,0.25,False,True,False
87,185-2,64774.5,"(15, 25)",taxation,6,0.25,False,True,False
87,77-2,55122.5,"(15, 22)",taxation,6,0.25,False,True,False
87,36-2,48683.25,"(8, 14)",taxation,6,0.25,False,True,False
87,190-2,64765.75,"(43, 13)",taxation,6,0.25,False,True,False
87,46-2,45476.0,"(26, 41)",taxation,6,0.25,False,True,False
87,218-2,74430.5,"(16, 42)",taxation,6,0.25,False,True,False
87,220-2,71199.0,"(17, 44)",taxation,6,0.25,False,True,False
87,224-2,55111.75,"(30, 39)",taxation,6,0.25,False,True,False
87,129-2,61556.0,"(30, 20)",taxation,6,0.25,False,True,False
87,157-2,61533.25,"(17, 18)",taxation,6,0.25,False,True,False
87,195-2,29384.25,"(30, 38)",taxation,6,0.25,False,True,False
87,8-2,64780.0,"(20, 45)",taxation,6,0.25,False,True,False
87,119-2,64736.0,"(14, 17)",taxation,6,0.25,False,True,False
87,99-2,61519.25,"(11, 20)",taxation,6,0.25,False,True,False
87,135-2,64759.75,"(13, 20)",taxation,6,0.25,False,True,False
87,47-2,45482.75,"(25, 40)",taxation,6,0.25,False,True,False
87,79-2,61537.25,"(13, 36)",taxation,6,0.25,False,True,False
87,87-2,64736.5,"(28, 22)",taxation,6,0.25,False,True,False
87,15-2,58342.75,"(26, 39)",taxation,6,0.25,False,True,False
87,29-2,64759.25,"(28, 23)",taxation,6,0.25,False,True,False
87,178-2,71188.25,"(45, 8)",taxation,6,0.25,False,True,False
87,60-2,67972.25,"(16, 45)",taxation,6,0.25,False,True,False
87,192-2,58329.0,"(16, 23)",taxation,6,0.25,False,True,False
87,49-2,61549.5,"(20, 37)",taxation,6,0.25,False,True,False
87,81-2,61548.25,"(47, 11)",taxation,6,0.25,False,True,False
87,118-2,71178.5,"(5, 16)",taxation,6,0.25,False,True,False
87,34-2,58325.0,"(9, 15)",taxation,6,0.25,False,True,False
87,211-2,42219.75,"(12, 18)",taxation,6,0.25,False,True,False
87,177-2,64764.75,"(48, 16)",taxation,6,0.25,False,True,False
87,39-2,45442.5,"(8, 18)",taxation,6,0.25,False,True,False
87,245-2,71189.75,"(21, 46)",taxation,6,0.25,False,True,False
87,131-2,64755.0,"(21, 38)",taxation,6,0.25,False,True,False
87,213-2,64760.5,"(6, 15)",taxation,6,0.25,False,True,False
87,9-2,55116.25,"(44, 17)",taxation,6,0.25,False,True,False
87,171-2,64762.5,"(18, 18)",taxation,6,0.25,False,True,False
87,230-2,51895.0,"(14, 38)",taxation,6,0.25,False,True,False
87,217-2,39019.5,"(19, 19)",taxation,6,0.25,False,True,False
87,227-2,71156.5,"(45, 19)",taxation,6,0.25,False,True,False
87,244-2,74381.5,"(45, 7)",taxation,6,0.25,False,True,False
87,204-2,71170.5,"(28, 34)",taxation,6,0.25,False,True,False
87,105-2,58302.5,"(8, 16)",taxation,6,0.25,False,True,False
87,239-2,64721.5,"(45, 13)",taxation,6,0.25,False,True,False
87,243-2,61523.5,"(7, 17)",taxation,6,0.25,False,True,False
87,139-3,58303.6875,"(29, 32)",taxation,6,0.25,False,True,False
87,228-3,38223.25,"(28, 21)",taxation,6,0.25,False,True,False
87,197-2,51867.25,"(8, 20)",taxation,6,0.25,False,True,False
87,151-2,51866.25,"(21, 40)",taxation,6,0.25,False,True,False
87,191-2,74373.75,"(26, 49)",taxation,6,0.25,False,True,False
87,153-2,32570.0,"(20, 40)",taxation,6,0.25,False,True,False
87,159-2,51880.5,"(47, 20)",taxation,6,0.25,False,True,False
87,222-2,64739.5,"(44, 12)",taxation,6,0.25,False,True,False
87,200-2,61500.0,"(14, 21)",taxation,6,0.25,False,True,False
87,181-2,64716.250000000015,"(44, 19)",taxation,6,0.25,False,True,False
87,101-2,64765.75,"(18, 37)",taxation,6,0.25,False,True,False
87,35-2,64742.5,"(9, 19)",taxation,6,0.25,False,True,False
87,70-2,67955.0,"(12, 19)",taxation,6,0.25,False,True,False
87,238-2,64757.0,"(28, 28)",taxation,6,0.25,False,True,False
87,158-3,47023.75,"(26, 21)",taxation,6,0.25,False,True,False
87,20-2,61508.0,"(31, 24)",taxation,6,0.25,False,True,False
87,31-3,58272.625,"(44, 9)",taxation,6,0.25,False,True,False
87,179-3,42245.375,"(31, 40)",taxation,6,0.25,False,True,False
87,93-2,29366.0,"(48, 13)",taxation,6,0.25,False,True,False
87,3-2,38988.25,"(8, 15)",taxation,6,0.25,False,True,False
87,143-2,64718.75,"(33, 28)",taxation,6,0.25,False,True,False
87,219-3,56657.75,"(15, 16)",taxation,6,0.25,False,True,False
87,98-3,26172.75,"(9, 14)",taxation,6,0.25,False,True,False
87,138-2,67925.75,"(32, 37)",taxation,6,0.25,False,True,False
87,66-2,71148.75,"(20, 41)",taxation,6,0.25,False,True,False
87,210-2,77571.75,"(23, 46)",taxation,6,0.25,False,True,False
87,150-2,55080.25,"(30, 40)",taxation,6,0.25,False,True,False
87,44-2,42230.0,"(46, 7)",taxation,6,0.25,False,True,False
87,154-3,22935.75,"(29, 38)",taxation,6,0.25,False,True,False
87,126-2,64710.75,"(29, 37)",taxation,6,0.25,False,True,False
87,74-3,56686.0,"(23, 45)",taxation,6,0.25,False,True,False
87,28-3,44640.9375,"(19, 18)",taxation,6,0.25,False,True,False
87,146-3,19727.75,"(30, 37)",taxation,6,0.25,False,True,False
87,176-3,453.25,"(28, 33)",taxation,6,0.25,False,True,False
87,208-3,51853.9375,"(42, 12)",taxation,6,0.25,False,True,False
87,216-2,71140.0,"(27, 20)",taxation,6,0.25,False,True,False
87,187-3,26136.25,"(44, 10)",taxation,6,0.25,False,True,False
87,167-3,51054.3125,"(29, 31)",taxation,6,0.25,False,True,False
87,240-3,16469.75,"(10, 38)",taxation,6,0.25,False,True,False
87,140-3,458.75,"(13, 19)",taxation,6,0.25,False,True,False
87,149-3,43835.75,"(47, 6)",taxation,6,0.25,False,True,False
87,173-3,13305.75,"(22, 48)",taxation,6,0.25,False,True,False
87,246-3,48639.75,"(31, 20)",taxation,6,0.25,False,True,False
88,94-2,21997.0,"(18, 19)",taxation,6,0.25,False,True,False
88,170-2,59502.75,"(15, 8)",taxation,6,0.25,False,True,False
88,23-2,70220.0,"(42, 5)",taxation,6,0.25,False,True,False
88,206-2,65947.25,"(24, 43)",taxation,6,0.25,False,True,False
88,242-2,29506.25,"(28, 42)",taxation,6,0.25,False,True,False
88,241-2,61632.5,"(46, 19)",taxation,6,0.25,False,True,False
88,42-2,48815.5,"(10, 24)",taxation,6,0.25,False,True,False
88,142-2,42343.75,"(19, 38)",taxation,6,0.25,False,True,False
88,172-2,71262.75,"(49, 6)",taxation,6,0.25,False,True,False
88,38-2,68093.5,"(19, 46)",taxation,6,0.25,False,True,False
88,198-2,61652.5,"(27, 24)",taxation,6,0.25,False,True,False
88,0-2,45581.25,"(9, 25)",taxation,6,0.25,False,True,False
88,6-2,74506.0,"(20, 24)",taxation,6,0.25,False,True,False
88,76-2,64877.750000000015,"(35, 22)",taxation,6,0.25,False,True,False
88,144-2,64879.5,"(19, 43)",taxation,6,0.25,False,True,False
88,25-2,58404.0,"(19, 24)",taxation,6,0.25,False,True,False
88,40-2,71308.0,"(14, 26)",taxation,6,0.25,False,True,False
88,10-2,68057.25,"(24, 30)",taxation,6,0.25,False,True,False
88,180-2,64862.25,"(23, 33)",taxation,6,0.25,False,True,False
88,212-2,68049.75,"(18, 43)",taxation,6,0.25,False,True,False
88,63-2,61604.75,"(21, 33)",taxation,6,0.25,False,True,False
88,189-2,58445.5,"(22, 36)",taxation,6,0.25,False,True,False
88,54-2,64859.25,"(49, 8)",taxation,6,0.25,False,True,False
88,4-2,48772.25,"(45, 16)",taxation,6,0.25,False,True,False
88,83-2,71274.75,"(42, 16)",taxation,6,0.25,False,True,False
88,249-2,68096.0,"(16, 36)",taxation,6,0.25,False,True,False
88,22-2,74493.0,"(28, 26)",taxation,6,0.25,False,True,False
88,205-2,32697.75,"(21, 24)",taxation,6,0.25,False,True,False
88,156-2,48783.5,"(46, 18)",taxation,6,0.25,False,True,False
88,51-2,68066.5,"(18, 26)",taxation,6,0.25,False,True,False
88,133-2,58412.0,"(10, 12)",taxation,6,0.25,False,True,False
88,73-2,68081.25,"(21, 43)",taxation,6,0.25,False,True,False
88,56-2,64842.75,"(49, 17)",taxation,6,0.25,False,True,False
88,182-2,68065.25,"(25, 29)",taxation,6,0.25,False,True,False
88,71-2,71256.25,"(49, 15)",taxation,6,0.25,False,True,False
88,91-2,71270.75,"(20, 38)",taxation,6,0.25,False,True,False
88,226-2,64820.75,"(14, 27)",taxation,6,0.25,False,True,False
88,225-2,68063.75,"(24, 37)",taxation,6,0.25,False,True,False
88,148-2,51975.25,"(32, 26)",taxation,6,0.25,False,True,False
88,16-2,74493.5,"(48, 4)",taxation,6,0.25,False,True,False
88,111-2,71271.25,"(23, 25)",taxation,6,0.25,False,True,False
88,134-2,64839.0,"(43, 21)",taxation,6,0.25,False,True,False
88,168-2,71300.5,"(17, 48)",taxation,6,0.25,False,True,False
88,106-2,61648.75,"(26, 46)",taxation,6,0.25,False,True,False
88,162-2,68055.5,"(22, 42)",taxation,6,0.25,False,True,False
88,214-2,42313.0,"(17, 35)",taxation,6,0.25,False,True,False
88,110-2,74481.0,"(27, 38)",taxation,6,0.25,False,True,False
88,95-2,74498.5,"(27, 35)",taxation,6,0.25,False,True,False
88,122-2,55197.25,"(18, 41)",taxation,6,0.25,False,True,False
88,231-2,42312.75,"(26, 22)",taxation,6,0.25,False,True,False
88,100-2,64848.75,"(26, 47)",taxation,6,0.25,False,True,False
88,141-2,51989.5,"(31, 25)",taxation,6,0.25,False,True,False
88,165-2,77679.0,"(49, 7)",taxation,6,0.25,False,True,False
88,186-2,61633.25,"(26, 35)",taxation,6,0.25,False,True,False
88,201-2,45514.25,"(47, 7)",taxation,6,0.25,False,True,False
88,21-2,61624.25,"(49, 10)",taxation,6,0.25,False,True,False
88,183-2,45550.75,"(24, 24)",taxation,6,0.25,False,True,False
88,203-2,77673.25,"(49, 12)",taxation,6,0.25,False,True,False
88,32-2,71246.75,"(48, 6)",taxation,6,0.25,False,True,False
88,115-2,71235.75,"(16, 20)",taxation,6,0.25,False,True,False
88,169-2,51978.0,"(11, 26)",taxation,6,0.25,False,True,False
88,78-2,61619.25,"(19, 36)",taxation,6,0.25,False,True,False
88,137-2,58390.5,"(30, 26)",taxation,6,0.25,False,True,False
88,55-2,71240.25,"(44, 16)",taxation,6,0.25,False,True,False
88,112-2,71247.5,"(15, 19)",taxation,6,0.25,False,True,False
88,193-2,58406.5,"(30, 28)",taxation,6,0.25,False,True,False
88,50-2,74464.5,"(29, 26)",taxation,6,0.25,False,True,False
88,53-2,42315.25,"(13, 23)",taxation,6,0.25,False,True,False
88,5-2,29432.5,"(26, 26)",taxation,6,0.25,False,True,False
88,247-2,58391.0,"(41, 21)",taxation,6,0.25,False,True,False
88,147-2,64835.75,"(36, 22)",taxation,6,0.25,False,True,False
88,145-2,68037.0,"(17, 23)",taxation,6,0.25,False,True,False
88,207-2,51935.75,"(32, 27)",taxation,6,0.25,False,True,False
88,120-2,74448.0,"(24, 26)",taxation,6,0.25,False,True,False
88,125-2,71248.0,"(48, 5)",taxation,6,0.25,False,True,False
88,41-2,71269.0,"(22, 39)",taxation,6,0.25,False,True,False
88,209-2,74470.5,"(24, 34)",taxation,6,0.25,False,True,False
88,113-2,68038.75,"(24, 44)",taxation,6,0.25,False,True,False
88,68-2,55197.75,"(19, 22)",taxation,6,0.25,False,True,False
88,161-2,55194.0,"(21, 42)",taxation,6,0.25,False,True,False
88,175-2,55172.5,"(49, 11)",taxation,6,0.25,False,True,False
88,85-2,58392.0,"(10, 35)",taxation,6,0.25,False,True,False
88,234-2,68013.5,"(18, 21)",taxation,6,0.25,False,True,False
88,45-2,68019.75,"(15, 18)",taxation,6,0.25,False,True,False
88,196-2,45547.0,"(24, 25)",taxation,6,0.25,False,True,False
88,174-2,71248.5,"(23, 34)",taxation,6,0.25,False,True,False
88,103-2,64794.5,"(29, 29)",taxation,6,0.25,False,True,False
88,33-2,51947.25,"(19, 21)",taxation,6,0.25,False,True,False
88,19-2,68006.0,"(29, 33)",taxation,6,0.25,False,True,False
88,130-2,71236.5,"(28, 37)",taxation,6,0.25,False,True,False
88,155-2,68046.25,"(20, 21)",taxation,6,0.25,False,True,False
88,86-2,64804.0,"(14, 28)",taxation,6,0.25,False,True,False
88,164-2,68032.25,"(24, 32)",taxation,6,0.25,False,True,False
88,2-2,64823.75,"(25, 43)",taxation,6,0.25,False,True,False
88,11-2,51916.25,"(41, 20)",taxation,6,0.25,False,True,False
88,202-2,74435.0,"(47, 4)",taxation,6,0.25,False,True,False
88,121-2,64837.0,"(19, 33)",taxation,6,0.25,False,True,False
88,163-2,77684.0,"(22, 40)",taxation,6,0.25,False,True,False
88,18-2,74457.75,"(10, 23)",taxation,6,0.25,False,True,False
88,132-2,71222.75,"(25, 25)",taxation,6,0.25,False,True,False
88,160-2,58368.0,"(20, 35)",taxation,6,0.25,False,True,False
88,221-2,61612.5,"(23, 42)",taxation,6,0.25,False,True,False
88,90-2,58400.5,"(43, 9)",taxation,6,0.25,False,True,False
88,64-2,64792.0,"(48, 10)",taxation,6,0.25,False,True,False
88,102-2,45518.5,"(22, 35)",taxation,6,0.25,False,True,False
88,188-2,64817.5,"(15, 37)",taxation,6,0.25,False,True,False
88,92-2,71229.0,"(24, 31)",taxation,6,0.25,False,True,False
88,96-2,74456.5,"(15, 20)",taxation,6,0.25,False,True,False
88,107-2,71227.5,"(21, 32)",taxation,6,0.25,False,True,False
88,80-2,71231.5,"(23, 32)",taxation,6,0.25,False,True,False
88,237-2,51935.75,"(24, 22)",taxation,6,0.25,False,True,False
88,13-2,61591.25,"(14, 23)",taxation,6,0.25,False,True,False
88,104-2,61610.5,"(48, 8)",taxation,6,0.25,False,True,False
88,27-2,58372.75,"(48, 12)",taxation,6,0.25,False,True,False
88,248-2,64785.25,"(23, 31)",taxation,6,0.25,False,True,False
88,48-2,67983.0,"(28, 17)",taxation,6,0.25,False,True,False
88,57-2,58361.25,"(49, 14)",taxation,6,0.25,False,True,False
88,184-2,64765.25,"(34, 40)",taxation,6,0.25,False,True,False
88,30-2,74446.25,"(27, 41)",taxation,6,0.25,False,True,False
88,108-2,35861.25,"(23, 44)",taxation,6,0.25,False,True,False
88,166-2,61575.25,"(13, 25)",taxation,6,0.25,False,True,False
88,233-2,61592.25,"(25, 27)",taxation,6,0.25,False,True,False
88,69-2,71194.5,"(8, 26)",taxation,6,0.25,False,True,False
88,229-2,71263.25,"(21, 35)",taxation,6,0.25,False,True,False
88,236-2,64783.25,"(27, 25)",taxation,6,0.25,False,True,False
88,109-2,64795.5,"(42, 19)",taxation,6,0.25,False,True,False
88,235-2,64776.25,"(24, 21)",taxation,6,0.25,False,True,False
88,62-2,64806.5,"(23, 41)",taxation,6,0.25,False,True,False
88,89-2,68030.75,"(23, 35)",taxation,6,0.25,False,True,False
88,58-2,67978.5,"(26, 36)",taxation,6,0.25,False,True,False
88,61-2,77669.25,"(24, 33)",taxation,6,0.25,False,True,False
88,152-2,68011.25,"(13, 22)",taxation,6,0.25,False,True,False
88,124-2,61572.25,"(48, 11)",taxation,6,0.25,False,True,False
88,97-2,51914.75,"(22, 38)",taxation,6,0.25,False,True,False
88,232-2,39064.25,"(25, 36)",taxation,6,0.25,False,True,False
88,116-2,71227.5,"(25, 37)",taxation,6,0.25,False,True,False
88,37-2,67995.75,"(41, 6)",taxation,6,0.25,False,True,False
88,7-2,48731.5,"(21, 34)",taxation,6,0.25,False,True,False
88,26-2,51947.75,"(25, 35)",taxation,6,0.25,False,True,False
88,117-2,58368.5,"(23, 43)",taxation,6,0.25,False,True,False
88,82-2,67995.5,"(20, 33)",taxation,6,0.25,False,True,False
88,88-2,64777.0,"(20, 22)",taxation,6,0.25,False,True,False
88,59-2,58338.25,"(12, 22)",taxation,6,0.25,False,True,False
88,52-2,48708.25,"(29, 35)",taxation,6,0.25,False,True,False
88,194-2,58367.5,"(25, 32)",taxation,6,0.25,False,True,False
88,72-2,74420.5,"(17, 25)",taxation,6,0.25,False,True,False
88,199-2,74403.0,"(39, 22)",taxation,6,0.25,False,True,False
88,43-2,64779.75,"(27, 37)",taxation,6,0.25,False,True,False
88,128-2,71210.0,"(28, 31)",taxation,6,0.25,False,True,False
88,84-2,64778.5,"(13, 11)",taxation,6,0.25,False,True,False
88,114-2,74424.75,"(30, 27)",taxation,6,0.25,False,True,False
88,223-2,45465.0,"(20, 20)",taxation,6,0.25,False,True,False
88,123-2,74439.75,"(28, 35)",taxation,6,0.25,False,True,False
88,215-2,71191.5,"(17, 15)",taxation,6,0.25,False,True,False
88,127-2,67964.0,"(18, 22)",taxation,6,0.25,False,True,False
88,24-2,51930.5,"(42, 20)",taxation,6,0.25,False,True,False
88,136-2,51916.5,"(22, 32)",taxation,6,0.25,False,True,False
88,65-2,74407.25,"(32, 21)",taxation,6,0.25,False,True,False
88,14-2,16553.5,"(40, 21)",taxation,6,0.25,False,True,False
88,185-2,64782.5,"(14, 25)",taxation,6,0.25,False,True,False
88,77-2,55130.5,"(18, 25)",taxation,6,0.25,False,True,False
88,36-2,48690.25,"(12, 10)",taxation,6,0.25,False,True,False
88,190-2,64773.75,"(43, 8)",taxation,6,0.25,False,True,False
88,46-2,45483.0,"(30, 35)",taxation,6,0.25,False,True,False
88,218-2,74437.5,"(17, 37)",taxation,6,0.25,False,True,False
88,220-2,71205.0,"(16, 47)",taxation,6,0.25,False,True,False
88,224-2,55120.75,"(33, 40)",taxation,6,0.25,False,True,False
88,129-2,61563.0,"(29, 21)",taxation,6,0.25,False,True,False
88,157-2,61541.25,"(18, 20)",taxation,6,0.25,False,True,False
88,195-2,29393.25,"(25, 34)",taxation,6,0.25,False,True,False
88,8-2,64785.0,"(20, 47)",taxation,6,0.25,False,True,False
88,119-2,64744.0,"(15, 23)",taxation,6,0.25,False,True,False
88,99-2,61527.25,"(15, 21)",taxation,6,0.25,False,True,False
88,135-2,64767.75,"(18, 23)",taxation,6,0.25,False,True,False
88,47-2,45491.75,"(27, 39)",taxation,6,0.25,False,True,False
88,79-2,61545.25,"(15, 35)",taxation,6,0.25,False,True,False
88,87-2,64744.5,"(26, 25)",taxation,6,0.25,False,True,False
88,15-2,58352.75,"(25, 38)",taxation,6,0.25,False,True,False
88,29-2,64767.25,"(26, 27)",taxation,6,0.25,False,True,False
88,178-2,71196.25,"(44, 8)",taxation,6,0.25,False,True,False
88,60-2,67980.25,"(18, 40)",taxation,6,0.25,False,True,False
88,192-2,58337.0,"(17, 26)",taxation,6,0.25,False,True,False
88,49-2,61558.5,"(22, 33)",taxation,6,0.25,False,True,False
88,81-2,61556.25,"(49, 5)",taxation,6,0.25,False,True,False
88,118-2,71183.5,"(5, 17)",taxation,6,0.25,False,True,False
88,34-2,58332.0,"(14, 10)",taxation,6,0.25,False,True,False
88,211-2,42226.75,"(17, 19)",taxation,6,0.25,False,True,False
88,177-2,64771.75,"(47, 19)",taxation,6,0.25,False,True,False
88,39-2,45448.5,"(8, 23)",taxation,6,0.25,False,True,False
88,245-2,71194.75,"(21, 45)",taxation,6,0.25,False,True,False
88,131-2,64764.0,"(23, 38)",taxation,6,0.25,False,True,False
88,213-2,64766.5,"(10, 13)",taxation,6,0.25,False,True,False
88,9-2,55124.25,"(49, 16)",taxation,6,0.25,False,True,False
88,171-2,64770.5,"(19, 23)",taxation,6,0.25,False,True,False
88,230-2,51904.0,"(20, 34)",taxation,6,0.25,False,True,False
88,217-2,39027.5,"(19, 25)",taxation,6,0.25,False,True,False
88,227-2,71164.5,"(49, 19)",taxation,6,0.25,False,True,False
88,244-2,74389.5,"(43, 7)",taxation,6,0.25,False,True,False
88,204-2,71178.5,"(30, 33)",taxation,6,0.25,False,True,False
88,105-2,58309.5,"(14, 11)",taxation,6,0.25,False,True,False
88,239-2,64728.5,"(44, 18)",taxation,6,0.25,False,True,False
88,243-2,61530.5,"(11, 23)",taxation,6,0.25,False,True,False
88,139-3,58312.6875,"(26, 34)",taxation,6,0.25,False,True,False
88,228-3,38231.25,"(25, 22)",taxation,6,0.25,False,True,False
88,197-2,51875.25,"(11, 22)",taxation,6,0.25,False,True,False
88,151-2,51875.25,"(23, 37)",taxation,6,0.25,False,True,False
88,191-2,74380.75,"(27, 43)",taxation,6,0.25,False,True,False
88,153-2,32579.0,"(24, 35)",taxation,6,0.25,False,True,False
88,159-2,51887.5,"(46, 20)",taxation,6,0.25,False,True,False
88,222-2,64747.5,"(49, 9)",taxation,6,0.25,False,True,False
88,200-2,61508.0,"(18, 24)",taxation,6,0.25,False,True,False
88,181-2,64723.250000000015,"(44, 20)",taxation,6,0.25,False,True,False
88,101-2,64774.75,"(22, 34)",taxation,6,0.25,False,True,False
88,35-2,64749.5,"(12, 25)",taxation,6,0.25,False,True,False
88,70-2,67962.0,"(14, 22)",taxation,6,0.25,False,True,False
88,238-2,64766.0,"(25, 33)",taxation,6,0.25,False,True,False
88,158-3,47031.75,"(23, 26)",taxation,6,0.25,False,True,False
88,20-2,61516.0,"(31, 26)",taxation,6,0.25,False,True,False
88,31-3,58280.625,"(45, 3)",taxation,6,0.25,False,True,False
88,179-3,42254.375,"(32, 41)",taxation,6,0.25,False,True,False
88,93-2,29374.0,"(49, 13)",taxation,6,0.25,False,True,False
88,3-2,38995.25,"(11, 11)",taxation,6,0.25,False,True,False
88,143-2,64727.75,"(27, 33)",taxation,6,0.25,False,True,False
88,219-3,56664.75,"(18, 16)",taxation,6,0.25,False,True,False
88,98-3,26179.75,"(13, 10)",taxation,6,0.25,False,True,False
88,138-2,67935.75,"(26, 37)",taxation,6,0.25,False,True,False
88,66-2,71156.75,"(16, 35)",taxation,6,0.25,False,True,False
88,210-2,77580.75,"(29, 42)",taxation,6,0.25,False,True,False
88,150-2,55089.25,"(31, 41)",taxation,6,0.25,False,True,False
88,44-2,42238.0,"(48, 7)",taxation,6,0.25,False,True,False
88,154-3,22944.75,"(27, 36)",taxation,6,0.25,False,True,False
88,126-2,64720.75,"(28, 36)",taxation,6,0.25,False,True,False
88,74-3,56696.0,"(27, 42)",taxation,6,0.25,False,True,False
88,28-3,44648.9375,"(19, 20)",taxation,6,0.25,False,True,False
88,146-3,19736.75,"(31, 36)",taxation,6,0.25,False,True,False
88,176-3,462.25,"(26, 33)",taxation,6,0.25,False,True,False
88,208-3,51860.9375,"(42, 7)",taxation,6,0.25,False,True,False
88,216-2,71148.0,"(27, 26)",taxation,6,0.25,False,True,False
88,187-3,26144.25,"(43, 5)",taxation,6,0.25,False,True,False
88,167-3,51063.3125,"(26, 32)",taxation,6,0.25,False,True,False
88,240-3,16477.75,"(14, 35)",taxation,6,0.25,False,True,False
88,140-3,466.75,"(17, 20)",taxation,6,0.25,False,True,False
88,149-3,43843.75,"(49, 4)",taxation,6,0.25,False,True,False
88,173-3,13313.75,"(28, 43)",taxation,6,0.25,False,True,False
88,246-3,48646.75,"(29, 22)",taxation,6,0.25,False,True,False
88,75-3,46242.75,"(30, 24)",taxation,6,0.25,False,True,False
88,12-2,61491.75,"(48, 9)",taxation,6,0.25,False,True,False
88,1-3,37383.1875,"(15, 36)",taxation,6,0.25,False,True,False
88,17-3,53466.375,"(30, 29)",taxation,6,0.25,False,True,False
88,67-2,48651.75,"(30, 42)",taxation,6,0.25,False,True,False
89,94-2,22005.0,"(17, 21)",taxation,6,0.25,False,True,False
89,170-2,59509.75,"(18, 13)",taxation,6,0.25,False,True,False
89,206-2,65953.25,"(24, 42)",taxation,6,0.25,False,True,False
89,242-2,29513.25,"(28, 38)",taxation,6,0.25,False,True,False
89,241-2,61639.5,"(42, 22)",taxation,6,0.25,False,True,False
89,42-2,48823.5,"(12, 27)",taxation,6,0.25,False,True,False
89,172-2,71270.75,"(48, 1)",taxation,6,0.25,False,True,False
89,38-2,68099.5,"(13, 49)",taxation,6,0.25,False,True,False
89,198-2,61660.5,"(27, 27)",taxation,6,0.25,False,True,False
89,0-2,45590.25,"(15, 31)",taxation,6,0.25,False,True,False
89,6-2,74514.0,"(21, 26)",taxation,6,0.25,False,True,False
89,144-2,64887.5,"(13, 37)",taxation,6,0.25,False,True,False
89,25-2,58412.0,"(21, 25)",taxation,6,0.25,False,True,False
89,10-2,68066.25,"(22, 28)",taxation,6,0.25,False,True,False
89,180-2,64871.25,"(21, 31)",taxation,6,0.25,False,True,False
89,212-2,68056.75,"(13, 48)",taxation,6,0.25,False,True,False
89,63-2,61612.75,"(15, 30)",taxation,6,0.25,False,True,False
89,189-2,58454.5,"(20, 32)",taxation,6,0.25,False,True,False
89,54-2,64867.25,"(49, 3)",taxation,6,0.25,False,True,False
89,4-2,48779.25,"(40, 18)",taxation,6,0.25,False,True,False
89,83-2,71281.75,"(40, 17)",taxation,6,0.25,False,True,False
89,249-2,68104.0,"(13, 33)",taxation,6,0.25,False,True,False
89,22-2,74502.0,"(25, 30)",taxation,6,0.25,False,True,False
89,205-2,32705.75,"(22, 24)",taxation,6,0.25,False,True,False
89,156-2,48790.5,"(40, 20)",taxation,6,0.25,False,True,False
89,51-2,68074.5,"(17, 28)",taxation,6,0.25,False,True,False
89,133-2,58420.0,"(15, 11)",taxation,6,0.25,False,True,False
89,73-2,68085.25,"(24, 48)",taxation,6,0.25,False,True,False
89,56-2,64848.75,"(44, 21)",taxation,6,0.25,False,True,False
89,182-2,68074.25,"(24, 29)",taxation,6,0.25,False,True,False
89,71-2,71261.25,"(46, 21)",taxation,6,0.25,False,True,False
89,91-2,71278.75,"(16, 34)",taxation,6,0.25,False,True,False
89,226-2,64828.75,"(13, 27)",taxation,6,0.25,False,True,False
89,225-2,68069.75,"(30, 41)",taxation,6,0.25,False,True,False
89,148-2,51983.25,"(35, 26)",taxation,6,0.25,False,True,False
89,16-2,74501.5,"(48, 2)",taxation,6,0.25,False,True,False
89,111-2,71280.25,"(23, 27)",taxation,6,0.25,False,True,False
89,134-2,64846.0,"(42, 21)",taxation,6,0.25,False,True,False
89,168-2,71306.5,"(11, 48)",taxation,6,0.25,False,True,False
89,106-2,61654.75,"(31, 44)",taxation,6,0.25,False,True,False
89,162-2,68059.5,"(27, 40)",taxation,6,0.25,False,True,False
89,214-2,42321.0,"(16, 33)",taxation,6,0.25,False,True,False
89,110-2,74488.0,"(32, 34)",taxation,6,0.25,False,True,False
89,95-2,74506.5,"(31, 32)",taxation,6,0.25,False,True,False
89,122-2,55204.25,"(12, 37)",taxation,6,0.25,False,True,False
89,231-2,42320.75,"(23, 23)",taxation,6,0.25,False,True,False
89,100-2,64854.75,"(30, 44)",taxation,6,0.25,False,True,False
89,141-2,51997.5,"(31, 29)",taxation,6,0.25,False,True,False
89,165-2,77687.0,"(45, 4)",taxation,6,0.25,False,True,False
89,186-2,61641.25,"(29, 30)",taxation,6,0.25,False,True,False
89,201-2,45522.25,"(46, 1)",taxation,6,0.25,False,True,False
89,21-2,61627.25,"(46, 16)",taxation,6,0.25,False,True,False
89,183-2,45558.75,"(23, 24)",taxation,6,0.25,False,True,False
89,203-2,77676.25,"(46, 15)",taxation,6,0.25,False,True,False
89,32-2,71254.75,"(49, 2)",taxation,6,0.25,False,True,False
89,115-2,71243.75,"(16, 24)",taxation,6,0.25,False,True,False
89,169-2,51986.0,"(10, 28)",taxation,6,0.25,False,True,False
89,78-2,61627.25,"(14, 34)",taxation,6,0.25,False,True,False
89,137-2,58398.5,"(32, 28)",taxation,6,0.25,False,True,False
89,55-2,71247.25,"(39, 17)",taxation,6,0.25,False,True,False
89,112-2,71255.5,"(20, 17)",taxation,6,0.25,False,True,False
89,193-2,58415.5,"(26, 30)",taxation,6,0.25,False,True,False
89,50-2,74472.5,"(26, 28)",taxation,6,0.25,False,True,False
89,53-2,42324.25,"(17, 27)",taxation,6,0.25,False,True,False
89,5-2,29441.5,"(20, 28)",taxation,6,0.25,False,True,False
89,247-2,58399.0,"(36, 25)",taxation,6,0.25,False,True,False
89,147-2,64843.75,"(35, 28)",taxation,6,0.25,False,True,False
89,145-2,68046.0,"(19, 26)",taxation,6,0.25,False,True,False
89,207-2,51944.75,"(28, 30)",taxation,6,0.25,False,True,False
89,120-2,74457.0,"(24, 28)",taxation,6,0.25,False,True,False
89,125-2,71256.0,"(47, 2)",taxation,6,0.25,False,True,False
89,41-2,71278.0,"(18, 33)",taxation,6,0.25,False,True,False
89,209-2,74479.5,"(23, 30)",taxation,6,0.25,False,True,False
89,113-2,68043.75,"(29, 44)",taxation,6,0.25,False,True,False
89,68-2,55205.75,"(20, 23)",taxation,6,0.25,False,True,False
89,161-2,55199.0,"(17, 47)",taxation,6,0.25,False,True,False
89,175-2,55175.5,"(45, 15)",taxation,6,0.25,False,True,False
89,85-2,58400.0,"(10, 34)",taxation,6,0.25,False,True,False
89,234-2,68021.5,"(21, 19)",taxation,6,0.25,False,True,False
89,45-2,68027.75,"(21, 18)",taxation,6,0.25,False,True,False
89,196-2,45556.0,"(22, 27)",taxation,6,0.25,False,True,False
89,174-2,71257.5,"(21, 30)",taxation,6,0.25,False,True,False
89,103-2,64802.5,"(32, 29)",taxation,6,0.25,False,True,False
89,33-2,51955.25,"(21, 20)",taxation,6,0.25,False,True,False
89,19-2,68014.0,"(28, 32)",taxation,6,0.25,False,True,False
89,130-2,71245.5,"(33, 39)",taxation,6,0.25,False,True,False
89,155-2,68054.25,"(21, 22)",taxation,6,0.25,False,True,False
89,86-2,64813.0,"(16, 30)",taxation,6,0.25,False,True,False
89,164-2,68040.25,"(27, 29)",taxation,6,0.25,False,True,False
89,2-2,64829.75,"(31, 42)",taxation,6,0.25,False,True,False
89,11-2,51924.25,"(37, 23)",taxation,6,0.25,False,True,False
89,202-2,74444.0,"(47, 3)",taxation,6,0.25,False,True,False
89,121-2,64846.0,"(19, 32)",taxation,6,0.25,False,True,False
89,163-2,77689.0,"(27, 46)",taxation,6,0.25,False,True,False
89,18-2,74465.75,"(12, 26)",taxation,6,0.25,False,True,False
89,132-2,71231.75,"(23, 28)",taxation,6,0.25,False,True,False
89,160-2,58376.0,"(14, 31)",taxation,6,0.25,False,True,False
89,221-2,61617.5,"(29, 41)",taxation,6,0.25,False,True,False
89,90-2,58408.5,"(42, 4)",taxation,6,0.25,False,True,False
89,64-2,64795.0,"(44, 6)",taxation,6,0.25,False,True,False
89,102-2,45527.5,"(18, 30)",taxation,6,0.25,False,True,False
89,188-2,64826.5,"(17, 33)",taxation,6,0.25,False,True,False
89,92-2,71237.0,"(22, 25)",taxation,6,0.25,False,True,False
89,96-2,74464.5,"(17, 22)",taxation,6,0.25,False,True,False
89,107-2,71235.5,"(18, 29)",taxation,6,0.25,False,True,False
89,80-2,71240.5,"(19, 30)",taxation,6,0.25,False,True,False
89,237-2,51943.75,"(22, 22)",taxation,6,0.25,False,True,False
89,13-2,61599.25,"(16, 27)",taxation,6,0.25,False,True,False
89,104-2,61618.5,"(46, 4)",taxation,6,0.25,False,True,False
89,27-2,58376.75,"(42, 14)",taxation,6,0.25,False,True,False
89,248-2,64793.25,"(22, 26)",taxation,6,0.25,False,True,False
89,48-2,67991.0,"(28, 19)",taxation,6,0.25,False,True,False
89,57-2,58365.25,"(49, 20)",taxation,6,0.25,False,True,False
89,184-2,64773.25,"(35, 38)",taxation,6,0.25,False,True,False
89,30-2,74453.25,"(32, 36)",taxation,6,0.25,False,True,False
89,108-2,35866.25,"(26, 45)",taxation,6,0.25,False,True,False
89,166-2,61584.25,"(16, 29)",taxation,6,0.25,False,True,False
89,233-2,61601.25,"(19, 29)",taxation,6,0.25,False,True,False
89,69-2,71202.5,"(9, 28)",taxation,6,0.25,False,True,False
89,229-2,71271.25,"(16, 32)",taxation,6,0.25,False,True,False
89,236-2,64791.25,"(27, 28)",taxation,6,0.25,False,True,False
89,109-2,64803.5,"(45, 21)",taxation,6,0.25,False,True,False
89,235-2,64784.25,"(23, 19)",taxation,6,0.25,False,True,False
89,62-2,64811.5,"(27, 44)",taxation,6,0.25,False,True,False
89,89-2,68033.75,"(24, 40)",taxation,6,0.25,False,True,False
89,58-2,67986.5,"(32, 30)",taxation,6,0.25,False,True,False
89,61-2,77678.25,"(20, 30)",taxation,6,0.25,False,True,False
89,152-2,68020.25,"(18, 27)",taxation,6,0.25,False,True,False
89,124-2,61578.25,"(44, 5)",taxation,6,0.25,False,True,False
89,97-2,51918.75,"(28, 44)",taxation,6,0.25,False,True,False
89,232-2,39072.25,"(27, 31)",taxation,6,0.25,False,True,False
89,116-2,71230.5,"(26, 40)",taxation,6,0.25,False,True,False
89,37-2,68003.75,"(45, 1)",taxation,6,0.25,False,True,False
89,7-2,48739.5,"(16, 28)",taxation,6,0.25,False,True,False
89,26-2,51956.75,"(19, 31)",taxation,6,0.25,False,True,False
89,117-2,58373.5,"(21, 47)",taxation,6,0.25,False,True,False
89,82-2,68004.5,"(17, 31)",taxation,6,0.25,False,True,False
89,88-2,64786.0,"(19, 27)",taxation,6,0.25,False,True,False
89,59-2,58346.25,"(12, 28)",taxation,6,0.25,False,True,False
89,52-2,48716.25,"(31, 30)",taxation,6,0.25,False,True,False
89,194-2,58376.5,"(21, 29)",taxation,6,0.25,False,True,False
89,72-2,74428.5,"(16, 26)",taxation,6,0.25,False,True,False
89,199-2,74411.0,"(36, 23)",taxation,6,0.25,False,True,False
89,43-2,64787.75,"(27, 32)",taxation,6,0.25,False,True,False
89,128-2,71218.0,"(30, 30)",taxation,6,0.25,False,True,False
89,84-2,64785.5,"(16, 11)",taxation,6,0.25,False,True,False
89,114-2,74432.75,"(31, 27)",taxation,6,0.25,False,True,False
89,223-2,45473.0,"(22, 19)",taxation,6,0.25,False,True,False
89,123-2,74447.75,"(27, 34)",taxation,6,0.25,False,True,False
89,215-2,71199.5,"(20, 16)",taxation,6,0.25,False,True,False
89,127-2,67972.0,"(17, 24)",taxation,6,0.25,False,True,False
89,24-2,51937.5,"(39, 19)",taxation,6,0.25,False,True,False
89,136-2,51923.5,"(25, 26)",taxation,6,0.25,False,True,False
89,65-2,74415.25,"(35, 25)",taxation,6,0.25,False,True,False
89,14-2,16561.5,"(36, 24)",taxation,6,0.25,False,True,False
89,185-2,64790.5,"(15, 28)",taxation,6,0.25,False,True,False
89,77-2,55138.5,"(22, 23)",taxation,6,0.25,False,True,False
89,36-2,48697.25,"(14, 9)",taxation,6,0.25,False,True,False
89,190-2,64781.75,"(43, 3)",taxation,6,0.25,False,True,False
89,46-2,45491.0,"(30, 34)",taxation,6,0.25,False,True,False
89,218-2,74445.5,"(12, 34)",taxation,6,0.25,False,True,False
89,220-2,71212.0,"(13, 47)",taxation,6,0.25,False,True,False
89,224-2,55127.75,"(36, 39)",taxation,6,0.25,False,True,False
89,129-2,61571.0,"(27, 19)",taxation,6,0.25,False,True,False
89,157-2,61549.25,"(20, 18)",taxation,6,0.25,False,True,False
89,195-2,29402.25,"(20, 29)",taxation,6,0.25,False,True,False
89,8-2,64789.0,"(23, 49)",taxation,6,0.25,False,True,False
89,119-2,64752.0,"(16, 25)",taxation,6,0.25,False,True,False
89,99-2,61535.25,"(15, 26)",taxation,6,0.25,False,True,False
89,135-2,64776.75,"(20, 25)",taxation,6,0.25,False,True,False
89,47-2,45499.75,"(31, 34)",taxation,6,0.25,False,True,False
89,79-2,61554.25,"(16, 31)",taxation,6,0.25,False,True,False
89,87-2,64753.5,"(24, 27)",taxation,6,0.25,False,True,False
89,15-2,58359.75,"(31, 35)",taxation,6,0.25,False,True,False
89,29-2,64776.25,"(23, 29)",taxation,6,0.25,False,True,False
89,178-2,71205.25,"(46, 3)",taxation,6,0.25,False,True,False
89,60-2,67988.25,"(13, 34)",taxation,6,0.25,False,True,False
89,192-2,58346.0,"(17, 30)",taxation,6,0.25,False,True,False
89,49-2,61567.5,"(22, 30)",taxation,6,0.25,False,True,False
89,81-2,61565.25,"(48, 3)",taxation,6,0.25,False,True,False
89,118-2,71189.5,"(7, 22)",taxation,6,0.25,False,True,False
89,34-2,58339.0,"(18, 11)",taxation,6,0.25,False,True,False
89,211-2,42234.75,"(19, 17)",taxation,6,0.25,False,True,False
89,177-2,64778.75,"(41, 22)",taxation,6,0.25,False,True,False
89,39-2,45456.5,"(9, 27)",taxation,6,0.25,False,True,False
89,245-2,71199.75,"(23, 48)",taxation,6,0.25,False,True,False
89,131-2,64769.0,"(29, 43)",taxation,6,0.25,False,True,False
89,213-2,64773.5,"(14, 13)",taxation,6,0.25,False,True,False
89,9-2,55129.25,"(48, 20)",taxation,6,0.25,False,True,False
89,171-2,64779.5,"(21, 27)",taxation,6,0.25,False,True,False
89,230-2,51912.0,"(18, 31)",taxation,6,0.25,False,True,False
89,217-2,39035.5,"(20, 27)",taxation,6,0.25,False,True,False
89,227-2,71170.5,"(49, 24)",taxation,6,0.25,False,True,False
89,244-2,74397.5,"(42, 3)",taxation,6,0.25,False,True,False
89,204-2,71186.5,"(31, 31)",taxation,6,0.25,False,True,False
89,105-2,58317.5,"(20, 15)",taxation,6,0.25,False,True,False
89,239-2,64735.5,"(40, 19)",taxation,6,0.25,False,True,False
89,243-2,61539.5,"(17, 29)",taxation,6,0.25,False,True,False
89,139-3,58321.6875,"(22, 29)",taxation,6,0.25,False,True,False
89,228-3,38240.25,"(21, 28)",taxation,6,0.25,False,True,False
89,197-2,51883.25,"(13, 26)",taxation,6,0.25,False,True,False
89,151-2,51884.25,"(20, 31)",taxation,6,0.25,False,True,False
89,191-2,74386.75,"(31, 43)",taxation,6,0.25,False,True,False
89,153-2,32587.0,"(27, 30)",taxation,6,0.25,False,True,False
89,159-2,51894.5,"(43, 22)",taxation,6,0.25,False,True,False
89,222-2,64754.5,"(44, 4)",taxation,6,0.25,False,True,False
89,200-2,61516.0,"(21, 23)",taxation,6,0.25,False,True,False
89,181-2,64730.250000000015,"(42, 23)",taxation,6,0.25,False,True,False
89,101-2,64783.75,"(22, 31)",taxation,6,0.25,False,True,False
89,35-2,64757.5,"(11, 28)",taxation,6,0.25,False,True,False
89,70-2,67970.0,"(15, 27)",taxation,6,0.25,False,True,False
89,238-2,64768.0,"(30, 32)",taxation,6,0.25,False,True,False
89,158-3,47040.75,"(19, 28)",taxation,6,0.25,False,True,False
89,20-2,61524.0,"(31, 28)",taxation,6,0.25,False,True,False
89,31-3,58288.625,"(46, 2)",taxation,6,0.25,False,True,False
89,179-3,42262.375,"(35, 40)",taxation,6,0.25,False,True,False
89,93-2,29378.0,"(48, 19)",taxation,6,0.25,False,True,False
89,3-2,39003.25,"(13, 9)",taxation,6,0.25,False,True,False
89,143-2,64736.75,"(25, 31)",taxation,6,0.25,False,True,False
89,219-3,56672.75,"(18, 15)",taxation,6,0.25,False,True,False
89,98-3,26186.75,"(14, 8)",taxation,6,0.25,False,True,False
89,138-2,67944.75,"(32, 33)",taxation,6,0.25,False,True,False
89,66-2,71165.75,"(18, 32)",taxation,6,0.25,False,True,False
89,210-2,77587.75,"(35, 36)",taxation,6,0.25,False,True,False
89,150-2,55097.25,"(35, 37)",taxation,6,0.25,False,True,False
89,44-2,42246.0,"(47, 1)",taxation,6,0.25,False,True,False
89,154-3,22953.75,"(33, 35)",taxation,6,0.25,False,True,False
89,126-2,64729.75,"(33, 32)",taxation,6,0.25,False,True,False
89,74-3,56703.0,"(33, 41)",taxation,6,0.25,False,True,False
89,28-3,44657.9375,"(20, 26)",taxation,6,0.25,False,True,False
89,146-3,19744.75,"(33, 34)",taxation,6,0.25,False,True,False
89,176-3,471.25,"(26, 31)",taxation,6,0.25,False,True,False
89,208-3,51868.9375,"(43, 2)",taxation,6,0.25,False,True,False
89,216-2,71157.0,"(25, 28)",taxation,6,0.25,False,True,False
89,187-3,26152.25,"(44, 1)",taxation,6,0.25,False,True,False
89,167-3,51071.3125,"(26, 29)",taxation,6,0.25,False,True,False
89,240-3,16486.75,"(15, 32)",taxation,6,0.25,False,True,False
89,140-3,474.75,"(21, 17)",taxation,6,0.25,False,True,False
89,149-3,43851.75,"(49, 1)",taxation,6,0.25,False,True,False
89,173-3,13320.75,"(28, 39)",taxation,6,0.25,False,True,False
89,246-3,48654.75,"(30, 23)",taxation,6,0.25,False,True,False
89,75-3,46250.75,"(30, 25)",taxation,6,0.25,False,True,False
89,12-2,61498.75,"(45, 5)",taxation,6,0.25,False,True,False
89,1-3,37392.1875,"(14, 33)",taxation,6,0.25,False,True,False
89,17-3,53475.375,"(30, 31)",taxation,6,0.25,False,True,False
89,67-2,48660.75,"(34, 37)",taxation,6,0.25,False,True,False
89,40-3,53487.75,"(18, 28)",taxation,6,0.25,False,True,False
89,23-3,52671.0,"(44, 2)",taxation,6,0.25,False,True,False
89,142-3,31763.8125,"(17, 32)",taxation,6,0.25,False,True,False
89,76-3,48663.562500000015,"(36, 21)",taxation,6,0.25,False,True,False
90,206-2,65958.25,"(28, 47)",taxation,6,0.25,False,True,False
90,42-2,48831.5,"(10, 26)",taxation,6,0.25,False,True,False
90,172-2,71273.75,"(46, 5)",taxation,6,0.25,False,True,False
90,38-2,68106.5,"(10, 49)",taxation,6,0.25,False,True,False
90,198-2,61667.5,"(33, 21)",taxation,6,0.25,False,True,False
90,0-2,45598.25,"(10, 31)",taxation,6,0.25,False,True,False
90,6-2,74516.0,"(21, 21)",taxation,6,0.25,False,True,False
90,144-2,64895.5,"(12, 35)",taxation,6,0.25,False,True,False
90,25-2,58415.0,"(20, 19)",taxation,6,0.25,False,True,False
90,10-2,68068.25,"(26, 23)",taxation,6,0.25,False,True,False
90,180-2,64874.25,"(15, 34)",taxation,6,0.25,False,True,False
90,212-2,68063.75,"(10, 48)",taxation,6,0.25,False,True,False
90,63-2,61621.75,"(12, 30)",taxation,6,0.25,False,True,False
90,189-2,58462.5,"(14, 32)",taxation,6,0.25,False,True,False
90,54-2,64871.25,"(43, 6)",taxation,6,0.25,False,True,False
90,4-2,48787.25,"(39, 18)",taxation,6,0.25,False,True,False
90,83-2,71289.75,"(38, 16)",taxation,6,0.25,False,True,False
90,249-2,68112.0,"(9, 33)",taxation,6,0.25,False,True,False
90,22-2,74504.0,"(28, 29)",taxation,6,0.25,False,True,False
90,205-2,32713.75,"(27, 18)",taxation,6,0.25,False,True,False
90,156-2,48798.5,"(35, 18)",taxation,6,0.25,False,True,False
90,51-2,68076.5,"(13, 24)",taxation,6,0.25,False,True,False
90,133-2,58429.0,"(21, 15)",taxation,6,0.25,False,True,False
90,73-2,68091.25,"(29, 45)",taxation,6,0.25,False,True,False
90,56-2,64856.75,"(38, 15)",taxation,6,0.25,False,True,False
90,182-2,68076.25,"(29, 31)",taxation,6,0.25,False,True,False
90,71-2,71268.25,"(43, 23)",taxation,6,0.25,False,True,False
90,91-2,71287.75,"(12, 31)",taxation,6,0.25,False,True,False
90,226-2,64836.75,"(10, 27)",taxation,6,0.25,False,True,False
90,225-2,68077.75,"(36, 37)",taxation,6,0.25,False,True,False
90,148-2,51991.25,"(38, 23)",taxation,6,0.25,False,True,False
90,16-2,74509.5,"(46, 0)",taxation,6,0.25,False,True,False
90,111-2,71282.25,"(28, 25)",taxation,6,0.25,False,True,False
90,134-2,64854.0,"(39, 23)",taxation,6,0.25,False,True,False
90,168-2,71313.5,"(9, 48)",taxation,6,0.25,False,True,False
90,106-2,61658.75,"(28, 48)",taxation,6,0.25,False,True,False
90,162-2,68063.5,"(24, 41)",taxation,6,0.25,False,True,False
90,214-2,42325.0,"(11, 36)",taxation,6,0.25,False,True,False
90,110-2,74495.0,"(36, 33)",taxation,6,0.25,False,True,False
90,95-2,74511.5,"(37, 32)",taxation,6,0.25,False,True,False
90,122-2,55213.25,"(11, 35)",taxation,6,0.25,False,True,False
90,231-2,42329.75,"(26, 18)",taxation,6,0.25,False,True,False
90,100-2,64860.75,"(31, 45)",taxation,6,0.25,False,True,False
90,141-2,52003.5,"(37, 33)",taxation,6,0.25,False,True,False
90,165-2,77695.0,"(44, 3)",taxation,6,0.25,False,True,False
90,186-2,61649.25,"(35, 31)",taxation,6,0.25,False,True,False
90,201-2,45530.25,"(42, 0)",taxation,6,0.25,False,True,False
90,21-2,61635.25,"(40, 11)",taxation,6,0.25,False,True,False
90,183-2,45565.75,"(29, 19)",taxation,6,0.25,False,True,False
90,203-2,77683.25,"(40, 15)",taxation,6,0.25,False,True,False
90,32-2,71263.75,"(49, 0)",taxation,6,0.25,False,True,False
90,115-2,71251.75,"(12, 23)",taxation,6,0.25,False,True,False
90,169-2,51994.0,"(10, 29)",taxation,6,0.25,False,True,False
90,78-2,61635.25,"(9, 36)",taxation,6,0.25,False,True,False
90,137-2,58406.5,"(35, 30)",taxation,6,0.25,False,True,False
90,55-2,71255.25,"(38, 17)",taxation,6,0.25,False,True,False
90,112-2,71263.5,"(23, 14)",taxation,6,0.25,False,True,False
90,193-2,58417.5,"(29, 32)",taxation,6,0.25,False,True,False
90,50-2,74475.5,"(32, 23)",taxation,6,0.25,False,True,False
90,53-2,42327.25,"(11, 24)",taxation,6,0.25,False,True,False
90,5-2,29443.5,"(15, 24)",taxation,6,0.25,False,True,False
90,247-2,58407.0,"(33, 20)",taxation,6,0.25,False,True,False
90,147-2,64851.75,"(38, 22)",taxation,6,0.25,False,True,False
90,145-2,68048.0,"(16, 22)",taxation,6,0.25,False,True,False
90,207-2,51948.75,"(34, 35)",taxation,6,0.25,False,True,False
90,120-2,74459.0,"(29, 28)",taxation,6,0.25,False,True,False
90,125-2,71264.0,"(42, 1)",taxation,6,0.25,False,True,False
90,41-2,71287.0,"(14, 30)",taxation,6,0.25,False,True,False
90,209-2,74481.5,"(28, 33)",taxation,6,0.25,False,True,False
90,113-2,68048.75,"(28, 46)",taxation,6,0.25,False,True,False
90,68-2,55208.75,"(16, 18)",taxation,6,0.25,False,True,False
90,161-2,55204.0,"(14, 43)",taxation,6,0.25,False,True,False
90,175-2,55183.5,"(40, 12)",taxation,6,0.25,False,True,False
90,85-2,58408.0,"(8, 33)",taxation,6,0.25,False,True,False
90,234-2,68029.5,"(18, 17)",taxation,6,0.25,False,True,False
90,45-2,68035.75,"(24, 13)",taxation,6,0.25,False,True,False
90,196-2,45564.0,"(23, 22)",taxation,6,0.25,False,True,False
90,174-2,71259.5,"(18, 34)",taxation,6,0.25,False,True,False
90,103-2,64810.5,"(33, 30)",taxation,6,0.25,False,True,False
90,33-2,51963.25,"(24, 14)",taxation,6,0.25,False,True,False
90,19-2,68022.0,"(32, 32)",taxation,6,0.25,False,True,False
90,130-2,71253.5,"(36, 38)",taxation,6,0.25,False,True,False
90,155-2,68063.25,"(23, 17)",taxation,6,0.25,False,True,False
90,86-2,64821.0,"(10, 30)",taxation,6,0.25,False,True,False
90,164-2,68044.25,"(33, 23)",taxation,6,0.25,False,True,False
90,2-2,64835.75,"(30, 46)",taxation,6,0.25,False,True,False
90,11-2,51932.25,"(36, 20)",taxation,6,0.25,False,True,False
90,202-2,74452.0,"(41, 3)",taxation,6,0.25,False,True,False
90,121-2,64849.0,"(18, 38)",taxation,6,0.25,False,True,False
90,163-2,77693.0,"(27, 48)",taxation,6,0.25,False,True,False
90,18-2,74473.75,"(11, 25)",taxation,6,0.25,False,True,False
90,132-2,71233.75,"(29, 27)",taxation,6,0.25,False,True,False
90,160-2,58385.0,"(13, 30)",taxation,6,0.25,False,True,False
90,221-2,61624.5,"(34, 41)",taxation,6,0.25,False,True,False
90,90-2,58417.5,"(47, 0)",taxation,6,0.25,False,True,False
90,64-2,64802.0,"(39, 5)",taxation,6,0.25,False,True,False
90,102-2,45530.5,"(12, 36)",taxation,6,0.25,False,True,False
90,188-2,64834.5,"(11, 38)",taxation,6,0.25,False,True,False
90,92-2,71245.0,"(24, 23)",taxation,6,0.25,False,True,False
90,96-2,74473.5,"(22, 17)",taxation,6,0.25,False,True,False
90,107-2,71237.5,"(18, 35)",taxation,6,0.25,False,True,False
90,80-2,71242.5,"(17, 34)",taxation,6,0.25,False,True,False
90,237-2,51950.75,"(25, 16)",taxation,6,0.25,False,True,False
90,13-2,61608.25,"(14, 29)",taxation,6,0.25,False,True,False
90,104-2,61625.5,"(40, 1)",taxation,6,0.25,False,True,False
90,27-2,58383.75,"(40, 16)",taxation,6,0.25,False,True,False
90,248-2,64795.25,"(26, 24)",taxation,6,0.25,False,True,False
90,48-2,67999.0,"(28, 14)",taxation,6,0.25,False,True,False
90,57-2,58372.25,"(46, 25)",taxation,6,0.25,False,True,False
90,184-2,64781.25,"(37, 38)",taxation,6,0.25,False,True,False
90,30-2,74460.25,"(36, 31)",taxation,6,0.25,False,True,False
90,108-2,35873.25,"(32, 42)",taxation,6,0.25,False,True,False
90,166-2,61593.25,"(12, 29)",taxation,6,0.25,False,True,False
90,233-2,61609.25,"(13, 35)",taxation,6,0.25,False,True,False
90,69-2,71210.5,"(9, 29)",taxation,6,0.25,False,True,False
90,229-2,71280.25,"(11, 34)",taxation,6,0.25,False,True,False
90,236-2,64797.25,"(33, 22)",taxation,6,0.25,False,True,False
90,109-2,64811.5,"(40, 24)",taxation,6,0.25,False,True,False
90,235-2,64792.25,"(24, 16)",taxation,6,0.25,False,True,False
90,62-2,64816.5,"(29, 47)",taxation,6,0.25,False,True,False
90,89-2,68039.75,"(30, 45)",taxation,6,0.25,False,True,False
90,58-2,67994.5,"(34, 32)",taxation,6,0.25,False,True,False
90,61-2,77680.25,"(20, 36)",taxation,6,0.25,False,True,False
90,152-2,68023.25,"(12, 21)",taxation,6,0.25,False,True,False
90,124-2,61586.25,"(41, 2)",taxation,6,0.25,False,True,False
90,97-2,51925.75,"(32, 43)",taxation,6,0.25,False,True,False
90,232-2,39075.25,"(33, 36)",taxation,6,0.25,False,True,False
90,116-2,71234.5,"(26, 42)",taxation,6,0.25,False,True,False
90,37-2,68011.75,"(43, 0)",taxation,6,0.25,False,True,False
90,7-2,48743.5,"(10, 32)",taxation,6,0.25,False,True,False
90,26-2,51958.75,"(19, 34)",taxation,6,0.25,False,True,False
90,117-2,58378.5,"(27, 47)",taxation,6,0.25,False,True,False
90,82-2,68013.5,"(13, 32)",taxation,6,0.25,False,True,False
90,88-2,64788.0,"(15, 22)",taxation,6,0.25,False,True,False
90,59-2,58355.25,"(10, 33)",taxation,6,0.25,False,True,False
90,52-2,48721.25,"(37, 28)",taxation,6,0.25,False,True,False
90,194-2,58384.5,"(25, 24)",taxation,6,0.25,False,True,False
90,72-2,74437.5,"(11, 32)",taxation,6,0.25,False,True,False
90,199-2,74419.0,"(37, 22)",taxation,6,0.25,False,True,False
90,43-2,64790.75,"(33, 29)",taxation,6,0.25,False,True,False
90,128-2,71226.0,"(32, 31)",taxation,6,0.25,False,True,False
90,84-2,64792.5,"(15, 12)",taxation,6,0.25,False,True,False
90,114-2,74439.75,"(30, 21)",taxation,6,0.25,False,True,False
90,223-2,45482.0,"(23, 18)",taxation,6,0.25,False,True,False
90,123-2,74450.75,"(31, 37)",taxation,6,0.25,False,True,False
90,215-2,71207.5,"(25, 13)",taxation,6,0.25,False,True,False
90,127-2,67975.0,"(14, 19)",taxation,6,0.25,False,True,False
90,24-2,51945.5,"(38, 19)",taxation,6,0.25,False,True,False
90,136-2,51925.5,"(27, 23)",taxation,6,0.25,False,True,False
90,65-2,74423.25,"(36, 26)",taxation,6,0.25,False,True,False
90,14-2,16569.5,"(35, 19)",taxation,6,0.25,False,True,False
90,185-2,64799.5,"(11, 33)",taxation,6,0.25,False,True,False
90,77-2,55146.5,"(26, 17)",taxation,6,0.25,False,True,False
90,36-2,48705.25,"(20, 12)",taxation,6,0.25,False,True,False
90,190-2,64789.75,"(41, 1)",taxation,6,0.25,False,True,False
90,46-2,45499.0,"(35, 33)",taxation,6,0.25,False,True,False
90,218-2,74453.5,"(9, 34)",taxation,6,0.25,False,True,False
90,220-2,71219.0,"(9, 47)",taxation,6,0.25,False,True,False
90,224-2,55134.75,"(39, 34)",taxation,6,0.25,False,True,False
90,129-2,61579.0,"(28, 18)",taxation,6,0.25,False,True,False
90,157-2,61558.25,"(22, 16)",taxation,6,0.25,False,True,False
90,195-2,29405.25,"(15, 33)",taxation,6,0.25,False,True,False
90,8-2,64794.0,"(26, 48)",taxation,6,0.25,False,True,False
90,119-2,64761.0,"(13, 29)",taxation,6,0.25,False,True,False
90,99-2,61543.25,"(10, 25)",taxation,6,0.25,False,True,False
90,135-2,64779.75,"(25, 19)",taxation,6,0.25,False,True,False
90,47-2,45507.75,"(33, 33)",taxation,6,0.25,False,True,False
90,79-2,61563.25,"(11, 31)",taxation,6,0.25,False,True,False
90,87-2,64755.5,"(28, 24)",taxation,6,0.25,False,True,False
90,15-2,58365.75,"(37, 34)",taxation,6,0.25,False,True,False
90,29-2,64778.25,"(28, 27)",taxation,6,0.25,False,True,False
90,178-2,71213.25,"(44, 0)",taxation,6,0.25,False,True,False
90,60-2,67997.25,"(12, 33)",taxation,6,0.25,False,True,False
90,192-2,58348.0,"(17, 36)",taxation,6,0.25,False,True,False
90,49-2,61569.5,"(23, 36)",taxation,6,0.25,False,True,False
90,81-2,61569.25,"(42, 8)",taxation,6,0.25,False,True,False
90,118-2,71198.5,"(13, 28)",taxation,6,0.25,False,True,False
90,34-2,58348.0,"(22, 15)",taxation,6,0.25,False,True,False
90,211-2,42242.75,"(23, 13)",taxation,6,0.25,False,True,False
90,177-2,64786.75,"(37, 21)",taxation,6,0.25,False,True,False
90,39-2,45464.5,"(7, 27)",taxation,6,0.25,False,True,False
90,245-2,71204.75,"(27, 45)",taxation,6,0.25,False,True,False
90,131-2,64773.0,"(25, 46)",taxation,6,0.25,False,True,False
90,213-2,64781.5,"(16, 17)",taxation,6,0.25,False,True,False
90,9-2,55136.25,"(46, 24)",taxation,6,0.25,False,True,False
90,171-2,64781.5,"(25, 23)",taxation,6,0.25,False,True,False
90,230-2,51921.0,"(13, 31)",taxation,6,0.25,False,True,False
90,217-2,39037.5,"(16, 23)",taxation,6,0.25,False,True,False
90,227-2,71177.5,"(48, 26)",taxation,6,0.25,False,True,False
90,244-2,74404.5,"(38, 3)",taxation,6,0.25,False,True,False
90,204-2,71192.5,"(36, 28)",taxation,6,0.25,False,True,False
90,105-2,58326.5,"(23, 16)",taxation,6,0.25,False,True,False
90,239-2,64743.5,"(37, 17)",taxation,6,0.25,False,True,False
90,243-2,61547.5,"(11, 30)",taxation,6,0.25,False,True,False
90,139-3,58323.6875,"(19, 35)",taxation,6,0.25,False,True,False
90,228-3,38242.25,"(27, 22)",taxation,6,0.25,False,True,False
90,197-2,51891.25,"(11, 27)",taxation,6,0.25,False,True,False
90,151-2,51886.25,"(21, 36)",taxation,6,0.25,False,True,False
90,191-2,74391.75,"(29, 46)",taxation,6,0.25,False,True,False
90,153-2,32595.0,"(33, 31)",taxation,6,0.25,False,True,False
90,159-2,51902.5,"(40, 23)",taxation,6,0.25,False,True,False
90,222-2,64761.5,"(39, 1)",taxation,6,0.25,False,True,False
90,200-2,61524.0,"(17, 17)",taxation,6,0.25,False,True,False
90,181-2,64737.250000000015,"(42, 24)",taxation,6,0.25,False,True,False
90,101-2,64786.75,"(16, 37)",taxation,6,0.25,False,True,False
90,35-2,64765.5,"(9, 30)",taxation,6,0.25,False,True,False
90,70-2,67978.0,"(11, 29)",taxation,6,0.25,False,True,False
90,238-2,64773.0,"(36, 29)",taxation,6,0.25,False,True,False
90,158-3,47042.75,"(15, 25)",taxation,6,0.25,False,True,False
90,20-2,61533.0,"(34, 29)",taxation,6,0.25,False,True,False
90,31-3,58296.625,"(45, 2)",taxation,6,0.25,False,True,False
90,179-3,42269.375,"(38, 37)",taxation,6,0.25,False,True,False
90,93-2,29385.0,"(47, 25)",taxation,6,0.25,False,True,False
90,3-2,39010.25,"(16, 9)",taxation,6,0.25,False,True,False
90,143-2,64739.75,"(31, 33)",taxation,6,0.25,False,True,False
90,219-3,56680.75,"(22, 12)",taxation,6,0.25,False,True,False
90,98-3,26194.75,"(19, 13)",taxation,6,0.25,False,True,False
90,138-2,67952.75,"(34, 33)",taxation,6,0.25,False,True,False
90,66-2,71168.75,"(17, 38)",taxation,6,0.25,False,True,False
90,210-2,77594.75,"(39, 36)",taxation,6,0.25,False,True,False
90,150-2,55104.25,"(36, 34)",taxation,6,0.25,False,True,False
90,44-2,42252.0,"(41, 7)",taxation,6,0.25,False,True,False
90,154-3,22961.75,"(34, 34)",taxation,6,0.25,False,True,False
90,126-2,64738.75,"(34, 31)",taxation,6,0.25,False,True,False
90,74-3,56709.0,"(39, 37)",taxation,6,0.25,False,True,False
90,28-3,44666.9375,"(15, 29)",taxation,6,0.25,False,True,False
90,146-3,19751.75,"(39, 31)",taxation,6,0.25,False,True,False
90,176-3,474.25,"(32, 35)",taxation,6,0.25,False,True,False
90,208-3,51876.9375,"(42, 2)",taxation,6,0.25,False,True,False
90,216-2,71159.0,"(28, 28)",taxation,6,0.25,False,True,False
90,187-3,26159.25,"(40, 0)",taxation,6,0.25,False,True,False
90,167-3,51078.3125,"(31, 23)",taxation,6,0.25,False,True,False
90,240-3,16494.75,"(9, 31)",taxation,6,0.25,False,True,False
90,140-3,483.75,"(21, 16)",taxation,6,0.25,False,True,False
90,149-3,43859.75,"(45, 0)",taxation,6,0.25,False,True,False
90,173-3,13325.75,"(28, 45)",taxation,6,0.25,False,True,False
90,246-3,48662.75,"(28, 20)",taxation,6,0.25,False,True,False
90,75-3,46258.75,"(29, 20)",taxation,6,0.25,False,True,False
90,12-2,61507.75,"(48, 0)",taxation,6,0.25,False,True,False
90,1-3,37401.1875,"(12, 32)",taxation,6,0.25,False,True,False
90,17-3,53479.375,"(34, 30)",taxation,6,0.25,False,True,False
90,67-2,48667.75,"(40, 34)",taxation,6,0.25,False,True,False
90,40-3,53489.75,"(14, 24)",taxation,6,0.25,False,True,False
90,23-3,52679.0,"(43, 1)",taxation,6,0.25,False,True,False
90,142-3,31767.8125,"(11, 37)",taxation,6,0.25,False,True,False
90,76-3,48671.562500000015,"(34, 19)",taxation,6,0.25,False,True,False
90,94-3,16510.5,"(22, 18)",taxation,6,0.25,False,True,False
90,241-3,46235.625,"(41, 23)",taxation,6,0.25,False,True,False
90,170-3,44638.3125,"(21, 12)",taxation,6,0.25,False,True,False
90,242-3,22137.9375,"(25, 41)",taxation,6,0.25,False,True,False
91,206-2,65962.25,"(25, 42)",taxation,6,0.25,False,True,False
91,42-2,48839.5,"(4, 25)",taxation,6,0.25,False,True,False
91,172-2,71278.75,"(41, 5)",taxation,6,0.25,False,True,False
91,38-2,68113.5,"(9, 49)",taxation,6,0.25,False,True,False
91,0-2,45607.25,"(4, 26)",taxation,6,0.25,False,True,False
91,6-2,74521.0,"(24, 15)",taxation,6,0.25,False,True,False
91,144-2,64904.5,"(8, 35)",taxation,6,0.25,False,True,False
91,25-2,58420.0,"(20, 14)",taxation,6,0.25,False,True,False
91,180-2,64880.25,"(10, 40)",taxation,6,0.25,False,True,False
91,212-2,68071.75,"(9, 44)",taxation,6,0.25,False,True,False
91,63-2,61627.75,"(7, 32)",taxation,6,0.25,False,True,False
91,189-2,58468.5,"(8, 28)",taxation,6,0.25,False,True,False
91,54-2,64878.25,"(37, 8)",taxation,6,0.25,False,True,False
91,4-2,48794.25,"(41, 14)",taxation,6,0.25,False,True,False
91,83-2,71298.75,"(34, 13)",taxation,6,0.25,False,True,False
91,249-2,68120.0,"(5, 34)",taxation,6,0.25,False,True,False
91,22-2,74508.0,"(34, 28)",taxation,6,0.25,False,True,False
91,205-2,32721.75,"(31, 13)",taxation,6,0.25,False,True,False
91,156-2,48806.5,"(35, 12)",taxation,6,0.25,False,True,False
91,51-2,68085.5,"(7, 28)",taxation,6,0.25,False,True,False
91,133-2,58436.0,"(24, 9)",taxation,6,0.25,False,True,False
91,73-2,68095.25,"(28, 40)",taxation,6,0.25,False,True,False
91,56-2,64864.75,"(39, 15)",taxation,6,0.25,False,True,False
91,182-2,68081.25,"(35, 32)",taxation,6,0.25,False,True,False
91,71-2,71276.25,"(43, 25)",taxation,6,0.25,False,True,False
91,91-2,71294.75,"(7, 36)",taxation,6,0.25,False,True,False
91,226-2,64845.75,"(6, 28)",taxation,6,0.25,False,True,False
91,225-2,68084.75,"(42, 31)",taxation,6,0.25,False,True,False
91,148-2,51999.25,"(39, 24)",taxation,6,0.25,False,True,False
91,16-2,74515.5,"(40, 3)",taxation,6,0.25,False,True,False
91,111-2,71286.25,"(34, 25)",taxation,6,0.25,False,True,False
91,134-2,64861.0,"(45, 27)",taxation,6,0.25,False,True,False
91,168-2,71321.5,"(6, 42)",taxation,6,0.25,False,True,False
91,106-2,61662.75,"(24, 45)",taxation,6,0.25,False,True,False
91,162-2,68067.5,"(23, 40)",taxation,6,0.25,False,True,False
91,214-2,42334.0,"(6, 32)",taxation,6,0.25,False,True,False
91,110-2,74502.0,"(41, 30)",taxation,6,0.25,False,True,False
91,95-2,74518.5,"(42, 29)",taxation,6,0.25,False,True,False
91,122-2,55221.25,"(6, 36)",taxation,6,0.25,False,True,False
91,231-2,42337.75,"(30, 12)",taxation,6,0.25,False,True,False
91,100-2,64864.75,"(32, 40)",taxation,6,0.25,False,True,False
91,141-2,52010.5,"(43, 33)",taxation,6,0.25,False,True,False
91,165-2,77701.0,"(39, 4)",taxation,6,0.25,False,True,False
91,186-2,61657.25,"(41, 25)",taxation,6,0.25,False,True,False
91,201-2,45538.25,"(37, 6)",taxation,6,0.25,False,True,False
91,21-2,61643.25,"(38, 8)",taxation,6,0.25,False,True,False
91,183-2,45572.75,"(32, 13)",taxation,6,0.25,False,True,False
91,203-2,77691.25,"(36, 11)",taxation,6,0.25,False,True,False
91,32-2,71267.75,"(43, 4)",taxation,6,0.25,False,True,False
91,115-2,71258.75,"(7, 23)",taxation,6,0.25,False,True,False
91,169-2,52002.0,"(5, 28)",taxation,6,0.25,False,True,False
91,78-2,61644.25,"(5, 30)",taxation,6,0.25,False,True,False
91,137-2,58414.5,"(39, 30)",taxation,6,0.25,False,True,False
91,55-2,71264.25,"(32, 12)",taxation,6,0.25,False,True,False
91,112-2,71271.5,"(24, 11)",taxation,6,0.25,False,True,False
91,193-2,58421.5,"(31, 38)",taxation,6,0.25,False,True,False
91,50-2,74480.5,"(37, 26)",taxation,6,0.25,False,True,False
91,53-2,42335.25,"(5, 24)",taxation,6,0.25,False,True,False
91,5-2,29448.5,"(9, 21)",taxation,6,0.25,False,True,False
91,247-2,58414.0,"(37, 16)",taxation,6,0.25,False,True,False
91,147-2,64859.75,"(41, 24)",taxation,6,0.25,False,True,False
91,145-2,68053.0,"(10, 22)",taxation,6,0.25,False,True,False
91,207-2,51954.75,"(38, 32)",taxation,6,0.25,False,True,False
91,120-2,74464.0,"(35, 27)",taxation,6,0.25,False,True,False
91,125-2,71272.0,"(37, 5)",taxation,6,0.25,False,True,False
91,41-2,71293.0,"(8, 25)",taxation,6,0.25,False,True,False
91,209-2,74485.5,"(33, 37)",taxation,6,0.25,False,True,False
91,113-2,68051.75,"(26, 44)",taxation,6,0.25,False,True,False
91,68-2,55213.75,"(16, 15)",taxation,6,0.25,False,True,False
91,161-2,55211.0,"(10, 47)",taxation,6,0.25,False,True,False
91,175-2,55191.5,"(37, 14)",taxation,6,0.25,False,True,False
91,85-2,58417.0,"(8, 32)",taxation,6,0.25,False,True,False
91,234-2,68037.5,"(14, 12)",taxation,6,0.25,False,True,False
91,45-2,68043.75,"(25, 9)",taxation,6,0.25,False,True,False
91,196-2,45569.0,"(26, 16)",taxation,6,0.25,False,True,False
91,174-2,71263.5,"(16, 38)",taxation,6,0.25,False,True,False
91,103-2,64818.5,"(38, 27)",taxation,6,0.25,False,True,False
91,33-2,51971.25,"(26, 11)",taxation,6,0.25,False,True,False
91,19-2,68029.0,"(38, 28)",taxation,6,0.25,False,True,False
91,130-2,71259.5,"(39, 35)",taxation,6,0.25,False,True,False
91,155-2,68070.25,"(28, 11)",taxation,6,0.25,False,True,False
91,86-2,64829.0,"(5, 31)",taxation,6,0.25,False,True,False
91,164-2,68052.25,"(35, 20)",taxation,6,0.25,False,True,False
91,2-2,64838.75,"(30, 43)",taxation,6,0.25,False,True,False
91,11-2,51940.25,"(36, 14)",taxation,6,0.25,False,True,False
91,202-2,74460.0,"(38, 2)",taxation,6,0.25,False,True,False
91,121-2,64854.0,"(15, 42)",taxation,6,0.25,False,True,False
91,163-2,77697.0,"(28, 49)",taxation,6,0.25,False,True,False
91,18-2,74482.75,"(6, 25)",taxation,6,0.25,False,True,False
91,132-2,71240.75,"(34, 21)",taxation,6,0.25,False,True,False
91,160-2,58393.0,"(7, 25)",taxation,6,0.25,False,True,False
91,221-2,61630.5,"(40, 36)",taxation,6,0.25,False,True,False
91,90-2,58422.5,"(41, 0)",taxation,6,0.25,False,True,False
91,64-2,64810.0,"(38, 5)",taxation,6,0.25,False,True,False
91,102-2,45539.5,"(6, 33)",taxation,6,0.25,False,True,False
91,188-2,64843.5,"(7, 34)",taxation,6,0.25,False,True,False
91,92-2,71249.0,"(24, 17)",taxation,6,0.25,False,True,False
91,96-2,74479.5,"(25, 11)",taxation,6,0.25,False,True,False
91,107-2,71242.5,"(12, 41)",taxation,6,0.25,False,True,False
91,80-2,71247.5,"(13, 39)",taxation,6,0.25,False,True,False
91,237-2,51959.75,"(27, 13)",taxation,6,0.25,False,True,False
91,13-2,61616.25,"(8, 34)",taxation,6,0.25,False,True,False
91,104-2,61633.5,"(37, 2)",taxation,6,0.25,False,True,False
91,27-2,58391.75,"(34, 11)",taxation,6,0.25,False,True,False
91,248-2,64799.25,"(26, 19)",taxation,6,0.25,False,True,False
91,48-2,68007.0,"(27, 11)",taxation,6,0.25,False,True,False
91,57-2,58380.25,"(46, 26)",taxation,6,0.25,False,True,False
91,184-2,64788.25,"(43, 34)",taxation,6,0.25,False,True,False
91,30-2,74468.25,"(40, 30)",taxation,6,0.25,False,True,False
91,108-2,35878.25,"(38, 38)",taxation,6,0.25,False,True,False
91,166-2,61602.25,"(7, 29)",taxation,6,0.25,False,True,False
91,233-2,61617.25,"(8, 39)",taxation,6,0.25,False,True,False
91,69-2,71218.5,"(6, 27)",taxation,6,0.25,False,True,False
91,229-2,71288.25,"(6, 37)",taxation,6,0.25,False,True,False
91,236-2,64803.25,"(39, 28)",taxation,6,0.25,False,True,False
91,109-2,64818.5,"(44, 29)",taxation,6,0.25,False,True,False
91,235-2,64799.25,"(27, 10)",taxation,6,0.25,False,True,False
91,62-2,64820.5,"(24, 49)",taxation,6,0.25,False,True,False
91,89-2,68043.75,"(29, 48)",taxation,6,0.25,False,True,False
91,58-2,67999.5,"(36, 32)",taxation,6,0.25,False,True,False
91,61-2,77684.25,"(19, 40)",taxation,6,0.25,False,True,False
91,152-2,68032.25,"(6, 24)",taxation,6,0.25,False,True,False
91,124-2,61594.25,"(38, 1)",taxation,6,0.25,False,True,False
91,97-2,51930.75,"(37, 37)",taxation,6,0.25,False,True,False
91,232-2,39081.25,"(38, 33)",taxation,6,0.25,False,True,False
91,116-2,71239.5,"(24, 47)",taxation,6,0.25,False,True,False
91,37-2,68019.75,"(38, 4)",taxation,6,0.25,False,True,False
91,7-2,48752.5,"(6, 30)",taxation,6,0.25,False,True,False
91,26-2,51962.75,"(18, 39)",taxation,6,0.25,False,True,False
91,117-2,58382.5,"(25, 49)",taxation,6,0.25,False,True,False
91,82-2,68020.5,"(7, 31)",taxation,6,0.25,False,True,False
91,88-2,64792.0,"(11, 21)",taxation,6,0.25,False,True,False
91,59-2,58363.25,"(5, 35)",taxation,6,0.25,False,True,False
91,52-2,48729.25,"(43, 26)",taxation,6,0.25,False,True,False
91,194-2,58388.5,"(24, 18)",taxation,6,0.25,False,True,False
91,72-2,74446.5,"(7, 33)",taxation,6,0.25,False,True,False
91,199-2,74425.0,"(42, 26)",taxation,6,0.25,False,True,False
91,43-2,64796.75,"(38, 29)",taxation,6,0.25,False,True,False
91,128-2,71232.0,"(38, 31)",taxation,6,0.25,False,True,False
91,84-2,64800.5,"(15, 6)",taxation,6,0.25,False,True,False
91,114-2,74445.75,"(36, 17)",taxation,6,0.25,False,True,False
91,223-2,45489.0,"(28, 15)",taxation,6,0.25,False,True,False
91,123-2,74455.75,"(35, 35)",taxation,6,0.25,False,True,False
91,215-2,71215.5,"(24, 7)",taxation,6,0.25,False,True,False
91,127-2,67984.0,"(8, 24)",taxation,6,0.25,False,True,False
91,24-2,51953.5,"(39, 16)",taxation,6,0.25,False,True,False
91,136-2,51929.5,"(30, 19)",taxation,6,0.25,False,True,False
91,65-2,74431.25,"(41, 27)",taxation,6,0.25,False,True,False
91,14-2,16577.5,"(33, 13)",taxation,6,0.25,False,True,False
91,185-2,64807.5,"(5, 36)",taxation,6,0.25,False,True,False
91,77-2,55154.5,"(32, 11)",taxation,6,0.25,False,True,False
91,36-2,48713.25,"(22, 6)",taxation,6,0.25,False,True,False
91,190-2,64797.75,"(36, 5)",taxation,6,0.25,False,True,False
91,46-2,45506.0,"(41, 31)",taxation,6,0.25,False,True,False
91,218-2,74462.5,"(6, 31)",taxation,6,0.25,False,True,False
91,220-2,71227.0,"(5, 42)",taxation,6,0.25,False,True,False
91,224-2,55142.75,"(41, 34)",taxation,6,0.25,False,True,False
91,129-2,61588.0,"(28, 13)",taxation,6,0.25,False,True,False
91,157-2,61567.25,"(26, 14)",taxation,6,0.25,False,True,False
91,195-2,29410.25,"(10, 36)",taxation,6,0.25,False,True,False
91,8-2,64798.0,"(20, 48)",taxation,6,0.25,False,True,False
91,119-2,64767.0,"(7, 24)",taxation,6,0.25,False,True,False
91,99-2,61551.25,"(6, 26)",taxation,6,0.25,False,True,False
91,135-2,64785.75,"(27, 14)",taxation,6,0.25,False,True,False
91,47-2,45515.75,"(39, 29)",taxation,6,0.25,False,True,False
91,79-2,61571.25,"(5, 26)",taxation,6,0.25,False,True,False
91,87-2,64759.5,"(32, 20)",taxation,6,0.25,False,True,False
91,15-2,58372.75,"(43, 32)",taxation,6,0.25,False,True,False
91,29-2,64784.25,"(34, 22)",taxation,6,0.25,False,True,False
91,178-2,71221.25,"(38, 0)",taxation,6,0.25,False,True,False
91,60-2,68004.25,"(6, 38)",taxation,6,0.25,False,True,False
91,192-2,58353.0,"(13, 40)",taxation,6,0.25,False,True,False
91,49-2,61573.5,"(25, 39)",taxation,6,0.25,False,True,False
91,81-2,61577.25,"(37, 7)",taxation,6,0.25,False,True,False
91,118-2,71207.5,"(8, 29)",taxation,6,0.25,False,True,False
91,34-2,58356.0,"(24, 10)",taxation,6,0.25,False,True,False
91,211-2,42250.75,"(23, 7)",taxation,6,0.25,False,True,False
91,177-2,64794.75,"(38, 18)",taxation,6,0.25,False,True,False
91,39-2,45473.5,"(7, 26)",taxation,6,0.25,False,True,False
91,245-2,71208.75,"(26, 43)",taxation,6,0.25,False,True,False
91,131-2,64777.0,"(22, 44)",taxation,6,0.25,False,True,False
91,213-2,64788.5,"(13, 12)",taxation,6,0.25,False,True,False
91,9-2,55143.25,"(47, 23)",taxation,6,0.25,False,True,False
91,171-2,64785.5,"(25, 17)",taxation,6,0.25,False,True,False
91,230-2,51930.0,"(8, 30)",taxation,6,0.25,False,True,False
91,217-2,39041.5,"(12, 20)",taxation,6,0.25,False,True,False
91,227-2,71185.5,"(45, 26)",taxation,6,0.25,False,True,False
91,244-2,74412.5,"(37, 3)",taxation,6,0.25,False,True,False
91,204-2,71199.5,"(39, 25)",taxation,6,0.25,False,True,False
91,105-2,58333.5,"(28, 10)",taxation,6,0.25,False,True,False
91,239-2,64751.5,"(34, 12)",taxation,6,0.25,False,True,False
91,243-2,61556.5,"(7, 30)",taxation,6,0.25,False,True,False
91,139-3,58328.6875,"(13, 41)",taxation,6,0.25,False,True,False
91,228-3,38247.25,"(28, 16)",taxation,6,0.25,False,True,False
91,197-2,51900.25,"(5, 25)",taxation,6,0.25,False,True,False
91,151-2,51890.25,"(24, 39)",taxation,6,0.25,False,True,False
91,191-2,74394.75,"(29, 49)",taxation,6,0.25,False,True,False
91,153-2,32603.0,"(38, 25)",taxation,6,0.25,False,True,False
91,159-2,51909.5,"(46, 27)",taxation,6,0.25,False,True,False
91,222-2,64769.5,"(37, 1)",taxation,6,0.25,False,True,False
91,200-2,61532.0,"(11, 12)",taxation,6,0.25,False,True,False
91,181-2,64744.250000000015,"(43, 28)",taxation,6,0.25,False,True,False
91,101-2,64792.75,"(10, 43)",taxation,6,0.25,False,True,False
91,35-2,64773.5,"(5, 27)",taxation,6,0.25,False,True,False
91,70-2,67987.0,"(6, 29)",taxation,6,0.25,False,True,False
91,238-2,64781.0,"(41, 28)",taxation,6,0.25,False,True,False
91,158-3,47047.75,"(9, 22)",taxation,6,0.25,False,True,False
91,20-2,61541.0,"(40, 29)",taxation,6,0.25,False,True,False
91,31-3,58302.625,"(39, 3)",taxation,6,0.25,False,True,False
91,179-3,42276.375,"(44, 36)",taxation,6,0.25,False,True,False
91,93-2,29392.0,"(47, 26)",taxation,6,0.25,False,True,False
91,3-2,39018.25,"(17, 7)",taxation,6,0.25,False,True,False
91,143-2,64744.75,"(35, 34)",taxation,6,0.25,False,True,False
91,219-3,56688.75,"(21, 7)",taxation,6,0.25,False,True,False
91,98-3,26202.75,"(20, 11)",taxation,6,0.25,False,True,False
91,138-2,67958.75,"(40, 35)",taxation,6,0.25,False,True,False
91,66-2,71173.75,"(14, 42)",taxation,6,0.25,False,True,False
91,210-2,77602.75,"(41, 33)",taxation,6,0.25,False,True,False
91,150-2,55110.25,"(39, 33)",taxation,6,0.25,False,True,False
91,44-2,42260.0,"(38, 7)",taxation,6,0.25,False,True,False
91,154-3,22969.75,"(40, 32)",taxation,6,0.25,False,True,False
91,126-2,64745.75,"(39, 26)",taxation,6,0.25,False,True,False
91,74-3,56717.0,"(41, 35)",taxation,6,0.25,False,True,False
91,28-3,44671.9375,"(9, 32)",taxation,6,0.25,False,True,False
91,146-3,19759.75,"(40, 31)",taxation,6,0.25,False,True,False
91,176-3,479.25,"(36, 35)",taxation,6,0.25,False,True,False
91,208-3,51884.9375,"(38, 6)",taxation,6,0.25,False,True,False
91,216-2,71163.0,"(34, 27)",taxation,6,0.25,False,True,False
91,187-3,26166.25,"(37, 0)",taxation,6,0.25,False,True,False
91,167-3,51083.3125,"(37, 25)",taxation,6,0.25,False,True,False
91,240-3,16502.75,"(4, 31)",taxation,6,0.25,False,True,False
91,140-3,489.75,"(18, 10)",taxation,6,0.25,False,True,False
91,149-3,43865.75,"(39, 2)",taxation,6,0.25,False,True,False
91,173-3,13330.75,"(25, 48)",taxation,6,0.25,False,True,False
91,246-3,48667.75,"(29, 15)",taxation,6,0.25,False,True,False
91,75-3,46264.75,"(32, 14)",taxation,6,0.25,False,True,False
91,12-2,61511.75,"(45, 6)",taxation,6,0.25,False,True,False
91,1-3,37410.1875,"(8, 31)",taxation,6,0.25,False,True,False
91,17-3,53486.375,"(38, 26)",taxation,6,0.25,False,True,False
91,67-2,48675.75,"(40, 33)",taxation,6,0.25,False,True,False
91,40-3,53495.75,"(9, 26)",taxation,6,0.25,False,True,False
91,23-3,52687.0,"(39, 0)",taxation,6,0.25,False,True,False
91,142-3,31775.8125,"(8, 40)",taxation,6,0.25,False,True,False
91,76-3,48677.562500000015,"(33, 14)",taxation,6,0.25,False,True,False
91,94-3,16516.5,"(27, 12)",taxation,6,0.25,False,True,False
91,241-3,46243.625,"(44, 27)",taxation,6,0.25,False,True,False
91,170-3,44647.3125,"(26, 13)",taxation,6,0.25,False,True,False
91,242-3,22142.9375,"(22, 43)",taxation,6,0.25,False,True,False
91,198-3,46256.625,"(31, 16)",taxation,6,0.25,False,True,False
91,10-3,51054.1875,"(25, 18)",taxation,6,0.25,False,True,False
92,206-2,65967.25,"(19, 41)",taxation,6,0.25,False,True,False
92,42-2,48848.5,"(1, 27)",taxation,6,0.25,False,True,False
92,38-2,68121.5,"(8, 48)",taxation,6,0.25,False,True,False
92,0-2,45615.25,"(2, 24)",taxation,6,0.25,False,True,False
92,6-2,74529.0,"(29, 9)",taxation,6,0.25,False,True,False
92,144-2,64913.5,"(3, 36)",taxation,6,0.25,False,True,False
92,25-2,58428.0,"(26, 8)",taxation,6,0.25,False,True,False
92,180-2,64888.25,"(5, 43)",taxation,6,0.25,False,True,False
92,212-2,68080.75,"(4, 40)",taxation,6,0.25,False,True,False
92,63-2,61635.75,"(3, 35)",taxation,6,0.25,False,True,False
92,189-2,58476.5,"(2, 29)",taxation,6,0.25,False,True,False
92,54-2,64886.25,"(33, 4)",taxation,6,0.25,False,True,False
92,4-2,48801.25,"(39, 9)",taxation,6,0.25,False,True,False
92,83-2,71305.75,"(36, 9)",taxation,6,0.25,False,True,False
92,249-2,68129.0,"(2, 37)",taxation,6,0.25,False,True,False
92,22-2,74514.0,"(36, 30)",taxation,6,0.25,False,True,False
92,205-2,32730.75,"(33, 10)",taxation,6,0.25,False,True,False
92,156-2,48813.5,"(37, 9)",taxation,6,0.25,False,True,False
92,51-2,68094.5,"(2, 30)",taxation,6,0.25,False,True,False
92,133-2,58445.0,"(21, 5)",taxation,6,0.25,False,True,False
92,73-2,68100.25,"(33, 38)",taxation,6,0.25,False,True,False
92,56-2,64871.75,"(38, 11)",taxation,6,0.25,False,True,False
92,182-2,68087.25,"(37, 31)",taxation,6,0.25,False,True,False
92,71-2,71284.25,"(47, 22)",taxation,6,0.25,False,True,False
92,91-2,71303.75,"(2, 36)",taxation,6,0.25,False,True,False
92,226-2,64854.75,"(4, 29)",taxation,6,0.25,False,True,False
92,225-2,68091.75,"(46, 31)",taxation,6,0.25,False,True,False
92,148-2,52007.25,"(45, 30)",taxation,6,0.25,False,True,False
92,16-2,74523.5,"(36, 2)",taxation,6,0.25,False,True,False
92,111-2,71292.25,"(40, 22)",taxation,6,0.25,False,True,False
92,134-2,64869.0,"(49, 27)",taxation,6,0.25,False,True,False
92,168-2,71330.5,"(3, 39)",taxation,6,0.25,False,True,False
92,106-2,61667.75,"(19, 47)",taxation,6,0.25,False,True,False
92,162-2,68072.5,"(17, 40)",taxation,6,0.25,False,True,False
92,214-2,42343.0,"(2, 32)",taxation,6,0.25,False,True,False
92,110-2,74510.0,"(46, 32)",taxation,6,0.25,False,True,False
92,95-2,74526.5,"(46, 30)",taxation,6,0.25,False,True,False
92,122-2,55230.25,"(2, 40)",taxation,6,0.25,False,True,False
92,231-2,42345.75,"(32, 8)",taxation,6,0.25,False,True,False
92,100-2,64870.75,"(37, 36)",taxation,6,0.25,False,True,False
92,141-2,52018.5,"(48, 32)",taxation,6,0.25,False,True,False
92,165-2,77709.0,"(36, 6)",taxation,6,0.25,False,True,False
92,186-2,61664.25,"(43, 27)",taxation,6,0.25,False,True,False
92,201-2,45546.25,"(33, 5)",taxation,6,0.25,False,True,False
92,21-2,61651.25,"(33, 7)",taxation,6,0.25,False,True,False
92,183-2,45580.75,"(32, 9)",taxation,6,0.25,False,True,False
92,203-2,77699.25,"(36, 8)",taxation,6,0.25,False,True,False
92,32-2,71275.75,"(37, 4)",taxation,6,0.25,False,True,False
92,115-2,71267.75,"(2, 25)",taxation,6,0.25,False,True,False
92,169-2,52010.0,"(3, 28)",taxation,6,0.25,False,True,False
92,78-2,61652.25,"(3, 31)",taxation,6,0.25,False,True,False
92,137-2,58421.5,"(45, 31)",taxation,6,0.25,False,True,False
92,55-2,71272.25,"(35, 8)",taxation,6,0.25,False,True,False
92,112-2,71279.5,"(21, 6)",taxation,6,0.25,False,True,False
92,193-2,58426.5,"(32, 38)",taxation,6,0.25,False,True,False
92,50-2,74487.5,"(42, 27)",taxation,6,0.25,False,True,False
92,53-2,42344.25,"(3, 26)",taxation,6,0.25,False,True,False
92,5-2,29456.5,"(3, 17)",taxation,6,0.25,False,True,False
92,247-2,58423.0,"(34, 10)",taxation,6,0.25,False,True,False
92,147-2,64866.75,"(46, 22)",taxation,6,0.25,False,True,False
92,145-2,68060.0,"(6, 23)",taxation,6,0.25,False,True,False
92,207-2,51960.75,"(39, 32)",taxation,6,0.25,False,True,False
92,120-2,74470.0,"(37, 27)",taxation,6,0.25,False,True,False
92,125-2,71280.0,"(32, 5)",taxation,6,0.25,False,True,False
92,41-2,71300.0,"(5, 23)",taxation,6,0.25,False,True,False
92,209-2,74490.5,"(34, 36)",taxation,6,0.25,False,True,False
92,113-2,68056.75,"(20, 46)",taxation,6,0.25,False,True,False
92,68-2,55220.75,"(12, 11)",taxation,6,0.25,False,True,False
92,161-2,55220.0,"(4, 41)",taxation,6,0.25,False,True,False
92,175-2,55199.5,"(35, 9)",taxation,6,0.25,False,True,False
92,85-2,58425.0,"(2, 35)",taxation,6,0.25,False,True,False
92,234-2,68045.5,"(17, 6)",taxation,6,0.25,False,True,False
92,45-2,68052.75,"(19, 3)",taxation,6,0.25,False,True,False
92,196-2,45577.0,"(31, 11)",taxation,6,0.25,False,True,False
92,174-2,71270.5,"(10, 44)",taxation,6,0.25,False,True,False
92,103-2,64826.5,"(44, 32)",taxation,6,0.25,False,True,False
92,33-2,51979.25,"(22, 7)",taxation,6,0.25,False,True,False
92,19-2,68035.0,"(37, 29)",taxation,6,0.25,False,True,False
92,130-2,71267.5,"(45, 34)",taxation,6,0.25,False,True,False
92,155-2,68078.25,"(31, 7)",taxation,6,0.25,False,True,False
92,86-2,64837.0,"(3, 34)",taxation,6,0.25,False,True,False
92,164-2,68058.25,"(35, 17)",taxation,6,0.25,False,True,False
92,2-2,64843.75,"(32, 39)",taxation,6,0.25,False,True,False
92,11-2,51947.25,"(36, 12)",taxation,6,0.25,False,True,False
92,202-2,74469.0,"(34, 7)",taxation,6,0.25,False,True,False
92,121-2,64861.0,"(10, 45)",taxation,6,0.25,False,True,False
92,163-2,77701.0,"(27, 49)",taxation,6,0.25,False,True,False
92,18-2,74491.75,"(2, 27)",taxation,6,0.25,False,True,False
92,132-2,71246.75,"(33, 16)",taxation,6,0.25,False,True,False
92,160-2,58401.0,"(1, 25)",taxation,6,0.25,False,True,False
92,221-2,61637.5,"(46, 35)",taxation,6,0.25,False,True,False
92,90-2,58430.5,"(36, 0)",taxation,6,0.25,False,True,False
92,64-2,64818.0,"(36, 4)",taxation,6,0.25,False,True,False
92,102-2,45548.5,"(2, 33)",taxation,6,0.25,False,True,False
92,188-2,64852.5,"(2, 34)",taxation,6,0.25,False,True,False
92,92-2,71257.0,"(30, 11)",taxation,6,0.25,False,True,False
92,96-2,74487.5,"(28, 5)",taxation,6,0.25,False,True,False
92,107-2,71250.5,"(6, 40)",taxation,6,0.25,False,True,False
92,80-2,71255.5,"(7, 39)",taxation,6,0.25,False,True,False
92,237-2,51966.75,"(27, 9)",taxation,6,0.25,False,True,False
92,13-2,61625.25,"(4, 34)",taxation,6,0.25,False,True,False
92,104-2,61641.5,"(32, 2)",taxation,6,0.25,False,True,False
92,27-2,58399.75,"(33, 12)",taxation,6,0.25,False,True,False
92,248-2,64806.25,"(29, 13)",taxation,6,0.25,False,True,False
92,48-2,68015.0,"(31, 5)",taxation,6,0.25,False,True,False
92,57-2,58388.25,"(47, 28)",taxation,6,0.25,False,True,False
92,184-2,64796.25,"(49, 30)",taxation,6,0.25,False,True,False
92,30-2,74475.25,"(46, 33)",taxation,6,0.25,False,True,False
92,108-2,35886.25,"(44, 35)",taxation,6,0.25,False,True,False
92,166-2,61611.25,"(1, 30)",taxation,6,0.25,False,True,False
92,233-2,61626.25,"(4, 39)",taxation,6,0.25,False,True,False
92,69-2,71227.5,"(3, 29)",taxation,6,0.25,False,True,False
92,229-2,71297.25,"(4, 35)",taxation,6,0.25,False,True,False
92,236-2,64810.25,"(45, 25)",taxation,6,0.25,False,True,False
92,109-2,64826.5,"(46, 29)",taxation,6,0.25,False,True,False
92,235-2,64808.25,"(31, 10)",taxation,6,0.25,False,True,False
92,62-2,64825.5,"(19, 49)",taxation,6,0.25,False,True,False
92,89-2,68047.75,"(26, 49)",taxation,6,0.25,False,True,False
92,58-2,68006.5,"(42, 36)",taxation,6,0.25,False,True,False
92,61-2,77690.25,"(15, 44)",taxation,6,0.25,False,True,False
92,152-2,68041.25,"(1, 26)",taxation,6,0.25,False,True,False
92,124-2,61602.25,"(33, 1)",taxation,6,0.25,False,True,False
92,97-2,51936.75,"(38, 36)",taxation,6,0.25,False,True,False
92,232-2,39088.25,"(43, 35)",taxation,6,0.25,False,True,False
92,116-2,71244.5,"(18, 47)",taxation,6,0.25,False,True,False
92,37-2,68027.75,"(33, 2)",taxation,6,0.25,False,True,False
92,7-2,48761.5,"(1, 31)",taxation,6,0.25,False,True,False
92,26-2,51968.75,"(13, 42)",taxation,6,0.25,False,True,False
92,117-2,58386.5,"(25, 47)",taxation,6,0.25,False,True,False
92,82-2,68029.5,"(4, 33)",taxation,6,0.25,False,True,False
92,88-2,64799.0,"(6, 22)",taxation,6,0.25,False,True,False
92,59-2,58372.25,"(1, 38)",taxation,6,0.25,False,True,False
92,52-2,48737.25,"(49, 26)",taxation,6,0.25,False,True,False
92,194-2,58394.5,"(22, 14)",taxation,6,0.25,False,True,False
92,72-2,74455.5,"(1, 34)",taxation,6,0.25,False,True,False
92,199-2,74433.0,"(48, 28)",taxation,6,0.25,False,True,False
92,43-2,64803.75,"(41, 29)",taxation,6,0.25,False,True,False
92,128-2,71238.0,"(42, 32)",taxation,6,0.25,False,True,False
92,84-2,64809.5,"(16, 5)",taxation,6,0.25,False,True,False
92,114-2,74451.75,"(34, 15)",taxation,6,0.25,False,True,False
92,223-2,45497.0,"(31, 9)",taxation,6,0.25,False,True,False
92,123-2,74461.75,"(38, 35)",taxation,6,0.25,False,True,False
92,215-2,71224.5,"(18, 4)",taxation,6,0.25,False,True,False
92,127-2,67992.0,"(4, 24)",taxation,6,0.25,False,True,False
92,24-2,51960.5,"(37, 10)",taxation,6,0.25,False,True,False
92,136-2,51935.5,"(32, 16)",taxation,6,0.25,False,True,False
92,65-2,74439.25,"(45, 29)",taxation,6,0.25,False,True,False
92,14-2,16585.5,"(32, 7)",taxation,6,0.25,False,True,False
92,185-2,64816.5,"(2, 39)",taxation,6,0.25,False,True,False
92,77-2,55162.5,"(32, 6)",taxation,6,0.25,False,True,False
92,36-2,48722.25,"(22, 5)",taxation,6,0.25,False,True,False
92,190-2,64805.75,"(35, 7)",taxation,6,0.25,False,True,False
92,46-2,45513.0,"(42, 30)",taxation,6,0.25,False,True,False
92,218-2,74471.5,"(4, 30)",taxation,6,0.25,False,True,False
92,220-2,71236.0,"(1, 39)",taxation,6,0.25,False,True,False
92,224-2,55149.75,"(45, 35)",taxation,6,0.25,False,True,False
92,129-2,61597.0,"(32, 10)",taxation,6,0.25,False,True,False
92,157-2,61575.25,"(30, 9)",taxation,6,0.25,False,True,False
92,195-2,29418.25,"(5, 41)",taxation,6,0.25,False,True,False
92,8-2,64804.0,"(17, 46)",taxation,6,0.25,False,True,False
92,119-2,64775.0,"(1, 28)",taxation,6,0.25,False,True,False
92,99-2,61559.25,"(1, 24)",taxation,6,0.25,False,True,False
92,135-2,64792.75,"(29, 10)",taxation,6,0.25,False,True,False
92,47-2,45522.75,"(44, 26)",taxation,6,0.25,False,True,False
92,79-2,61579.25,"(3, 25)",taxation,6,0.25,False,True,False
92,87-2,64765.5,"(34, 17)",taxation,6,0.25,False,True,False
92,15-2,58380.75,"(47, 31)",taxation,6,0.25,False,True,False
92,29-2,64790.25,"(38, 20)",taxation,6,0.25,False,True,False
92,178-2,71229.25,"(34, 1)",taxation,6,0.25,False,True,False
92,60-2,68013.25,"(2, 38)",taxation,6,0.25,False,True,False
92,192-2,58360.0,"(9, 41)",taxation,6,0.25,False,True,False
92,49-2,61577.5,"(25, 40)",taxation,6,0.25,False,True,False
92,81-2,61585.25,"(36, 7)",taxation,6,0.25,False,True,False
92,118-2,71216.5,"(3, 30)",taxation,6,0.25,False,True,False
92,34-2,58365.0,"(20, 4)",taxation,6,0.25,False,True,False
92,211-2,42259.75,"(20, 3)",taxation,6,0.25,False,True,False
92,177-2,64802.75,"(38, 12)",taxation,6,0.25,False,True,False
92,39-2,45481.5,"(3, 24)",taxation,6,0.25,False,True,False
92,245-2,71212.75,"(25, 44)",taxation,6,0.25,False,True,False
92,131-2,64782.0,"(18, 45)",taxation,6,0.25,False,True,False
92,213-2,64796.5,"(18, 6)",taxation,6,0.25,False,True,False
92,9-2,55151.25,"(48, 22)",taxation,6,0.25,False,True,False
92,171-2,64791.5,"(25, 14)",taxation,6,0.25,False,True,False
92,230-2,51937.0,"(5, 32)",taxation,6,0.25,False,True,False
92,217-2,39047.5,"(8, 21)",taxation,6,0.25,False,True,False
92,227-2,71193.5,"(49, 25)",taxation,6,0.25,False,True,False
92,244-2,74420.5,"(35, 3)",taxation,6,0.25,False,True,False
92,204-2,71205.5,"(39, 27)",taxation,6,0.25,False,True,False
92,105-2,58341.5,"(28, 4)",taxation,6,0.25,False,True,False
92,239-2,64759.5,"(34, 9)",taxation,6,0.25,False,True,False
92,243-2,61564.5,"(1, 29)",taxation,6,0.25,False,True,False
92,139-3,58335.6875,"(9, 43)",taxation,6,0.25,False,True,False
92,228-3,38254.25,"(29, 11)",taxation,6,0.25,False,True,False
92,197-2,51909.25,"(2, 26)",taxation,6,0.25,False,True,False
92,151-2,51895.25,"(18, 44)",taxation,6,0.25,False,True,False
92,191-2,74398.75,"(25, 45)",taxation,6,0.25,False,True,False
92,153-2,32610.0,"(44, 25)",taxation,6,0.25,False,True,False
92,159-2,51917.5,"(49, 28)",taxation,6,0.25,False,True,False
92,222-2,64777.5,"(32, 1)",taxation,6,0.25,False,True,False
92,200-2,61539.0,"(15, 9)",taxation,6,0.25,False,True,False
92,181-2,64752.250000000015,"(48, 31)",taxation,6,0.25,False,True,False
92,101-2,64801.75,"(5, 40)",taxation,6,0.25,False,True,False
92,35-2,64782.5,"(3, 27)",taxation,6,0.25,False,True,False
92,70-2,67996.0,"(2, 28)",taxation,6,0.25,False,True,False
92,238-2,64788.0,"(47, 29)",taxation,6,0.25,False,True,False
92,158-3,47056.75,"(4, 28)",taxation,6,0.25,False,True,False
92,20-2,61548.0,"(42, 28)",taxation,6,0.25,False,True,False
92,31-3,58311.625,"(33, 8)",taxation,6,0.25,False,True,False
92,179-3,42284.375,"(45, 36)",taxation,6,0.25,False,True,False
92,93-2,29400.0,"(48, 27)",taxation,6,0.25,False,True,False
92,3-2,39027.25,"(17, 4)",taxation,6,0.25,False,True,False
92,143-2,64751.75,"(41, 36)",taxation,6,0.25,False,True,False
92,219-3,56697.75,"(19, 4)",taxation,6,0.25,False,True,False
92,98-3,26211.75,"(23, 6)",taxation,6,0.25,False,True,False
92,138-2,67965.75,"(42, 35)",taxation,6,0.25,False,True,False
92,66-2,71181.75,"(9, 46)",taxation,6,0.25,False,True,False
92,210-2,77610.75,"(47, 32)",taxation,6,0.25,False,True,False
92,150-2,55118.25,"(45, 33)",taxation,6,0.25,False,True,False
92,44-2,42269.0,"(34, 8)",taxation,6,0.25,False,True,False
92,154-3,22976.75,"(43, 36)",taxation,6,0.25,False,True,False
92,126-2,64751.75,"(40, 27)",taxation,6,0.25,False,True,False
92,74-3,56725.0,"(44, 34)",taxation,6,0.25,False,True,False
92,28-3,44679.9375,"(5, 29)",taxation,6,0.25,False,True,False
92,146-3,19767.75,"(44, 33)",taxation,6,0.25,False,True,False
92,176-3,485.25,"(38, 34)",taxation,6,0.25,False,True,False
92,208-3,51893.9375,"(33, 9)",taxation,6,0.25,False,True,False
92,216-2,71169.0,"(37, 30)",taxation,6,0.25,False,True,False
92,187-3,26174.25,"(33, 0)",taxation,6,0.25,False,True,False
92,167-3,51089.3125,"(38, 24)",taxation,6,0.25,False,True,False
92,240-3,16510.75,"(1, 32)",taxation,6,0.25,False,True,False
92,140-3,498.75,"(16, 4)",taxation,6,0.25,False,True,False
92,149-3,43873.75,"(36, 1)",taxation,6,0.25,False,True,False
92,173-3,13335.75,"(19, 48)",taxation,6,0.25,False,True,False
92,246-3,48674.75,"(30, 10)",taxation,6,0.25,False,True,False
92,75-3,46271.75,"(35, 10)",taxation,6,0.25,False,True,False
92,12-2,61518.75,"(39, 6)",taxation,6,0.25,False,True,False
92,1-3,37419.1875,"(3, 33)",taxation,6,0.25,False,True,False
92,17-3,53492.375,"(40, 28)",taxation,6,0.25,False,True,False
92,67-2,48683.75,"(45, 32)",taxation,6,0.25,False,True,False
92,40-3,53504.75,"(4, 27)",taxation,6,0.25,False,True,False
92,23-3,52695.0,"(35, 1)",taxation,6,0.25,False,True,False
92,142-3,31784.8125,"(3, 40)",taxation,6,0.25,False,True,False
92,76-3,48684.562500000015,"(35, 11)",taxation,6,0.25,False,True,False
92,94-3,16524.5,"(31, 6)",taxation,6,0.25,False,True,False
92,241-3,46251.625,"(47, 30)",taxation,6,0.25,False,True,False
92,170-3,44654.3125,"(26, 9)",taxation,6,0.25,False,True,False
92,242-3,22147.9375,"(18, 46)",taxation,6,0.25,False,True,False
92,198-3,46263.625,"(36, 10)",taxation,6,0.25,False,True,False
92,10-3,51061.1875,"(29, 12)",taxation,6,0.25,False,True,False
92,172-3,53464.3125,"(39, 8)",taxation,6,0.25,False,True,False
93,206-2,65974.25,"(13, 43)",taxation,6,0.25,False,True,False
93,42-2,48856.5,"(1, 23)",taxation,6,0.25,False,True,False
93,38-2,68130.5,"(6, 49)",taxation,6,0.25,False,True,False
93,0-2,45623.25,"(3, 22)",taxation,6,0.25,False,True,False
93,6-2,74537.0,"(26, 6)",taxation,6,0.25,False,True,False
93,144-2,64921.5,"(4, 37)",taxation,6,0.25,False,True,False
93,25-2,58437.0,"(23, 2)",taxation,6,0.25,False,True,False
93,180-2,64897.25,"(2, 44)",taxation,6,0.25,False,True,False
93,212-2,68089.75,"(2, 42)",taxation,6,0.25,False,True,False
93,63-2,61644.75,"(0, 36)",taxation,6,0.25,False,True,False
93,54-2,64895.25,"(27, 0)",taxation,6,0.25,False,True,False
93,4-2,48809.25,"(34, 4)",taxation,6,0.25,False,True,False
93,83-2,71313.75,"(33, 6)",taxation,6,0.25,False,True,False
93,249-2,68138.0,"(0, 37)",taxation,6,0.25,False,True,False
93,22-2,74521.0,"(41, 26)",taxation,6,0.25,False,True,False
93,205-2,32738.75,"(29, 4)",taxation,6,0.25,False,True,False
93,156-2,48820.5,"(38, 9)",taxation,6,0.25,False,True,False
93,51-2,68101.5,"(6, 34)",taxation,6,0.25,False,True,False
93,133-2,58454.0,"(21, 2)",taxation,6,0.25,False,True,False
93,73-2,68106.25,"(34, 39)",taxation,6,0.25,False,True,False
93,56-2,64879.75,"(34, 5)",taxation,6,0.25,False,True,False
93,182-2,68093.25,"(38, 30)",taxation,6,0.25,False,True,False
93,71-2,71291.25,"(46, 23)",taxation,6,0.25,False,True,False
93,91-2,71312.75,"(1, 36)",taxation,6,0.25,False,True,False
93,226-2,64863.75,"(0, 26)",taxation,6,0.25,False,True,False
93,225-2,68099.75,"(49, 33)",taxation,6,0.25,False,True,False
93,148-2,52013.25,"(40, 26)",taxation,6,0.25,False,True,False
93,16-2,74531.5,"(35, 2)",taxation,6,0.25,False,True,False
93,111-2,71299.25,"(43, 24)",taxation,6,0.25,False,True,False
93,134-2,64875.0,"(47, 21)",taxation,6,0.25,False,True,False
93,168-2,71339.5,"(1, 40)",taxation,6,0.25,False,True,False
93,106-2,61674.75,"(14, 47)",taxation,6,0.25,False,True,False
93,162-2,68079.5,"(12, 42)",taxation,6,0.25,False,True,False
93,214-2,42351.0,"(4, 38)",taxation,6,0.25,False,True,False
93,110-2,74518.0,"(48, 34)",taxation,6,0.25,False,True,False
93,95-2,74529.5,"(49, 24)",taxation,6,0.25,False,True,False
93,122-2,55239.25,"(1, 41)",taxation,6,0.25,False,True,False
93,231-2,42354.75,"(29, 3)",taxation,6,0.25,False,True,False
93,100-2,64876.75,"(36, 36)",taxation,6,0.25,False,True,False
93,141-2,52026.5,"(49, 32)",taxation,6,0.25,False,True,False
93,165-2,77717.0,"(30, 2)",taxation,6,0.25,False,True,False
93,186-2,61672.25,"(48, 25)",taxation,6,0.25,False,True,False
93,201-2,45555.25,"(32, 4)",taxation,6,0.25,False,True,False
93,21-2,61660.25,"(28, 2)",taxation,6,0.25,False,True,False
93,183-2,45588.75,"(27, 7)",taxation,6,0.25,False,True,False
93,203-2,77708.25,"(31, 2)",taxation,6,0.25,False,True,False
93,32-2,71283.75,"(31, 0)",taxation,6,0.25,False,True,False
93,115-2,71275.75,"(2, 23)",taxation,6,0.25,False,True,False
93,169-2,52017.0,"(1, 22)",taxation,6,0.25,False,True,False
93,78-2,61661.25,"(0, 31)",taxation,6,0.25,False,True,False
93,137-2,58429.5,"(47, 33)",taxation,6,0.25,False,True,False
93,55-2,71280.25,"(31, 4)",taxation,6,0.25,False,True,False
93,112-2,71288.5,"(18, 5)",taxation,6,0.25,False,True,False
93,193-2,58431.5,"(32, 37)",taxation,6,0.25,False,True,False
93,50-2,74494.5,"(45, 28)",taxation,6,0.25,False,True,False
93,53-2,42351.25,"(2, 22)",taxation,6,0.25,False,True,False
93,5-2,29464.5,"(2, 18)",taxation,6,0.25,False,True,False
93,247-2,58431.0,"(29, 6)",taxation,6,0.25,False,True,False
93,147-2,64874.75,"(48, 23)",taxation,6,0.25,False,True,False
93,145-2,68067.0,"(6, 21)",taxation,6,0.25,False,True,False
93,207-2,51966.75,"(41, 32)",taxation,6,0.25,False,True,False
93,120-2,74476.0,"(37, 24)",taxation,6,0.25,False,True,False
93,125-2,71289.0,"(26, 0)",taxation,6,0.25,False,True,False
93,41-2,71309.0,"(0, 24)",taxation,6,0.25,False,True,False
93,209-2,74496.5,"(34, 38)",taxation,6,0.25,False,True,False
93,113-2,68063.75,"(14, 45)",taxation,6,0.25,False,True,False
93,68-2,55229.75,"(15, 5)",taxation,6,0.25,False,True,False
93,161-2,55229.0,"(3, 42)",taxation,6,0.25,False,True,False
93,175-2,55207.5,"(33, 3)",taxation,6,0.25,False,True,False
93,85-2,58434.0,"(1, 35)",taxation,6,0.25,False,True,False
93,234-2,68054.5,"(20, 2)",taxation,6,0.25,False,True,False
93,45-2,68062.75,"(17, 3)",taxation,6,0.25,False,True,False
93,196-2,45585.0,"(27, 5)",taxation,6,0.25,False,True,False
93,174-2,71279.5,"(5, 47)",taxation,6,0.25,False,True,False
93,103-2,64834.5,"(48, 33)",taxation,6,0.25,False,True,False
93,33-2,51988.25,"(22, 1)",taxation,6,0.25,False,True,False
93,19-2,68042.0,"(43, 29)",taxation,6,0.25,False,True,False
93,130-2,71275.5,"(48, 35)",taxation,6,0.25,False,True,False
93,155-2,68087.25,"(26, 2)",taxation,6,0.25,False,True,False
93,86-2,64845.0,"(6, 35)",taxation,6,0.25,False,True,False
93,164-2,68065.25,"(35, 14)",taxation,6,0.25,False,True,False
93,2-2,64848.75,"(31, 39)",taxation,6,0.25,False,True,False
93,11-2,51954.25,"(36, 13)",taxation,6,0.25,False,True,False
93,202-2,74477.0,"(30, 6)",taxation,6,0.25,False,True,False
93,121-2,64870.0,"(7, 49)",taxation,6,0.25,False,True,False
93,163-2,77706.0,"(23, 47)",taxation,6,0.25,False,True,False
93,18-2,74499.75,"(2, 31)",taxation,6,0.25,False,True,False
93,132-2,71253.75,"(33, 15)",taxation,6,0.25,False,True,False
93,160-2,58409.0,"(2, 20)",taxation,6,0.25,False,True,False
93,221-2,61638.5,"(44, 36)",taxation,6,0.25,False,True,False
93,90-2,58437.5,"(36, 3)",taxation,6,0.25,False,True,False
93,64-2,64826.0,"(31, 1)",taxation,6,0.25,False,True,False
93,102-2,45556.5,"(4, 36)",taxation,6,0.25,False,True,False
93,188-2,64861.5,"(1, 33)",taxation,6,0.25,False,True,False
93,92-2,71265.0,"(25, 7)",taxation,6,0.25,False,True,False
93,96-2,74496.5,"(27, 2)",taxation,6,0.25,False,True,False
93,107-2,71259.5,"(1, 43)",taxation,6,0.25,False,True,False
93,80-2,71264.5,"(1, 44)",taxation,6,0.25,False,True,False
93,237-2,51975.75,"(27, 3)",taxation,6,0.25,False,True,False
93,13-2,61634.25,"(0, 38)",taxation,6,0.25,False,True,False
93,104-2,61650.5,"(27, 1)",taxation,6,0.25,False,True,False
93,27-2,58407.75,"(27, 8)",taxation,6,0.25,False,True,False
93,248-2,64814.25,"(24, 8)",taxation,6,0.25,False,True,False
93,48-2,68024.0,"(30, 3)",taxation,6,0.25,False,True,False
93,57-2,58395.25,"(47, 27)",taxation,6,0.25,False,True,False
93,184-2,64803.25,"(47, 24)",taxation,6,0.25,False,True,False
93,30-2,74476.25,"(43, 33)",taxation,6,0.25,False,True,False
93,108-2,35888.25,"(38, 37)",taxation,6,0.25,False,True,False
93,166-2,61620.25,"(0, 34)",taxation,6,0.25,False,True,False
93,233-2,61635.25,"(0, 42)",taxation,6,0.25,False,True,False
93,69-2,71235.5,"(3, 32)",taxation,6,0.25,False,True,False
93,229-2,71306.25,"(1, 37)",taxation,6,0.25,False,True,False
93,236-2,64818.25,"(48, 24)",taxation,6,0.25,False,True,False
93,109-2,64834.5,"(49, 29)",taxation,6,0.25,False,True,False
93,235-2,64816.25,"(28, 9)",taxation,6,0.25,False,True,False
93,62-2,64832.5,"(13, 45)",taxation,6,0.25,False,True,False
93,89-2,68052.75,"(22, 49)",taxation,6,0.25,False,True,False
93,58-2,68009.5,"(36, 39)",taxation,6,0.25,False,True,False
93,61-2,77698.25,"(9, 45)",taxation,6,0.25,False,True,False
93,152-2,68048.25,"(0, 22)",taxation,6,0.25,False,True,False
93,124-2,61610.25,"(29, 1)",taxation,6,0.25,False,True,False
93,97-2,51942.75,"(37, 35)",taxation,6,0.25,False,True,False
93,232-2,39090.25,"(39, 36)",taxation,6,0.25,False,True,False
93,116-2,71251.5,"(14, 46)",taxation,6,0.25,False,True,False
93,37-2,68036.75,"(32, 3)",taxation,6,0.25,False,True,False
93,7-2,48769.5,"(7, 37)",taxation,6,0.25,False,True,False
93,26-2,51976.75,"(8, 41)",taxation,6,0.25,False,True,False
93,117-2,58391.5,"(24, 46)",taxation,6,0.25,False,True,False
93,82-2,68038.5,"(0, 35)",taxation,6,0.25,False,True,False
93,88-2,64807.0,"(3, 20)",taxation,6,0.25,False,True,False
93,59-2,58381.25,"(0, 40)",taxation,6,0.25,False,True,False
93,52-2,48743.25,"(45, 22)",taxation,6,0.25,False,True,False
93,194-2,58402.5,"(21, 9)",taxation,6,0.25,False,True,False
93,72-2,74465.5,"(0, 39)",taxation,6,0.25,False,True,False
93,199-2,74442.0,"(49, 22)",taxation,6,0.25,False,True,False
93,43-2,64810.75,"(43, 31)",taxation,6,0.25,False,True,False
93,128-2,71244.0,"(36, 27)",taxation,6,0.25,False,True,False
93,84-2,64818.5,"(16, 2)",taxation,6,0.25,False,True,False
93,114-2,74458.75,"(34, 14)",taxation,6,0.25,False,True,False
93,223-2,45506.0,"(27, 4)",taxation,6,0.25,False,True,False
93,123-2,74467.75,"(35, 39)",taxation,6,0.25,False,True,False
93,215-2,71233.5,"(17, 5)",taxation,6,0.25,False,True,False
93,127-2,68000.0,"(4, 22)",taxation,6,0.25,False,True,False
93,24-2,51967.5,"(38, 10)",taxation,6,0.25,False,True,False
93,136-2,51942.5,"(32, 15)",taxation,6,0.25,False,True,False
93,65-2,74446.25,"(45, 24)",taxation,6,0.25,False,True,False
93,14-2,16593.5,"(29, 5)",taxation,6,0.25,False,True,False
93,185-2,64825.5,"(0, 41)",taxation,6,0.25,False,True,False
93,77-2,55171.5,"(26, 1)",taxation,6,0.25,False,True,False
93,36-2,48731.25,"(22, 2)",taxation,6,0.25,False,True,False
93,190-2,64812.75,"(35, 5)",taxation,6,0.25,False,True,False
93,46-2,45520.0,"(44, 28)",taxation,6,0.25,False,True,False
93,218-2,74478.5,"(8, 27)",taxation,6,0.25,False,True,False
93,220-2,71245.0,"(0, 43)",taxation,6,0.25,False,True,False
93,224-2,55151.75,"(40, 34)",taxation,6,0.25,False,True,False
93,129-2,61605.0,"(29, 8)",taxation,6,0.25,False,True,False
93,157-2,61583.25,"(30, 7)",taxation,6,0.25,False,True,False
93,195-2,29427.25,"(2, 41)",taxation,6,0.25,False,True,False
93,8-2,64811.0,"(13, 44)",taxation,6,0.25,False,True,False
93,119-2,64784.0,"(0, 27)",taxation,6,0.25,False,True,False
93,99-2,61567.25,"(0, 23)",taxation,6,0.25,False,True,False
93,135-2,64801.75,"(30, 4)",taxation,6,0.25,False,True,False
93,47-2,45529.75,"(49, 23)",taxation,6,0.25,False,True,False
93,79-2,61588.25,"(0, 25)",taxation,6,0.25,False,True,False
93,87-2,64772.5,"(31, 15)",taxation,6,0.25,False,True,False
93,15-2,58382.75,"(48, 26)",taxation,6,0.25,False,True,False
93,29-2,64797.25,"(43, 20)",taxation,6,0.25,False,True,False
93,178-2,71237.25,"(34, 2)",taxation,6,0.25,False,True,False
93,60-2,68021.25,"(3, 38)",taxation,6,0.25,False,True,False
93,192-2,58369.0,"(4, 47)",taxation,6,0.25,False,True,False
93,49-2,61582.5,"(26, 41)",taxation,6,0.25,False,True,False
93,81-2,61593.25,"(34, 3)",taxation,6,0.25,False,True,False
93,118-2,71225.5,"(0, 30)",taxation,6,0.25,False,True,False
93,34-2,58374.0,"(20, 1)",taxation,6,0.25,False,True,False
93,211-2,42269.75,"(18, 3)",taxation,6,0.25,False,True,False
93,177-2,64809.75,"(37, 12)",taxation,6,0.25,False,True,False
93,39-2,45489.5,"(2, 19)",taxation,6,0.25,False,True,False
93,245-2,71217.75,"(23, 46)",taxation,6,0.25,False,True,False
93,131-2,64789.0,"(15, 45)",taxation,6,0.25,False,True,False
93,213-2,64805.5,"(18, 1)",taxation,6,0.25,False,True,False
93,9-2,55159.25,"(49, 21)",taxation,6,0.25,False,True,False
93,171-2,64799.5,"(23, 9)",taxation,6,0.25,False,True,False
93,230-2,51945.0,"(5, 37)",taxation,6,0.25,False,True,False
93,217-2,39055.5,"(5, 21)",taxation,6,0.25,False,True,False
93,227-2,71199.5,"(44, 23)",taxation,6,0.25,False,True,False
93,244-2,74428.5,"(31, 3)",taxation,6,0.25,False,True,False
93,204-2,71212.5,"(45, 23)",taxation,6,0.25,False,True,False
93,105-2,58350.5,"(25, 2)",taxation,6,0.25,False,True,False
93,239-2,64766.5,"(33, 11)",taxation,6,0.25,False,True,False
93,243-2,61573.5,"(0, 29)",taxation,6,0.25,False,True,False
93,139-3,58344.6875,"(5, 48)",taxation,6,0.25,False,True,False
93,228-3,38262.25,"(26, 5)",taxation,6,0.25,False,True,False
93,197-2,51917.25,"(3, 23)",taxation,6,0.25,False,True,False
93,151-2,51902.25,"(12, 44)",taxation,6,0.25,False,True,False
93,191-2,74403.75,"(23, 45)",taxation,6,0.25,False,True,False
93,153-2,32617.0,"(45, 20)",taxation,6,0.25,False,True,False
93,159-2,51924.5,"(46, 28)",taxation,6,0.25,False,True,False
93,222-2,64786.5,"(32, 0)",taxation,6,0.25,False,True,False
93,200-2,61547.0,"(17, 9)",taxation,6,0.25,False,True,False
93,181-2,64760.250000000015,"(49, 31)",taxation,6,0.25,False,True,False
93,101-2,64810.75,"(1, 42)",taxation,6,0.25,False,True,False
93,35-2,64790.5,"(5, 22)",taxation,6,0.25,False,True,False
93,70-2,68004.0,"(5, 33)",taxation,6,0.25,False,True,False
93,238-2,64796.0,"(48, 29)",taxation,6,0.25,False,True,False
93,158-3,47064.75,"(4, 32)",taxation,6,0.25,False,True,False
93,20-2,61555.0,"(44, 24)",taxation,6,0.25,False,True,False
93,31-3,58320.625,"(28, 3)",taxation,6,0.25,False,True,False
93,179-3,42291.375,"(42, 33)",taxation,6,0.25,False,True,False
93,93-2,29408.0,"(48, 21)",taxation,6,0.25,False,True,False
93,3-2,39037.25,"(16, 3)",taxation,6,0.25,False,True,False
93,143-2,64758.75,"(44, 30)",taxation,6,0.25,False,True,False
93,219-3,56707.75,"(17, 2)",taxation,6,0.25,False,True,False
93,98-3,26220.75,"(22, 3)",taxation,6,0.25,False,True,False
93,138-2,67973.75,"(47, 35)",taxation,6,0.25,False,True,False
93,66-2,71190.75,"(6, 47)",taxation,6,0.25,False,True,False
93,210-2,77617.75,"(44, 31)",taxation,6,0.25,False,True,False
93,150-2,55120.25,"(39, 31)",taxation,6,0.25,False,True,False
93,44-2,42277.0,"(30, 5)",taxation,6,0.25,False,True,False
93,154-3,22978.75,"(39, 37)",taxation,6,0.25,False,True,False
93,126-2,64757.75,"(40, 25)",taxation,6,0.25,False,True,False
93,74-3,56733.0,"(47, 34)",taxation,6,0.25,False,True,False
93,28-3,44688.9375,"(0, 32)",taxation,6,0.25,False,True,False
93,146-3,19769.75,"(39, 34)",taxation,6,0.25,False,True,False
93,176-3,492.25,"(42, 34)",taxation,6,0.25,False,True,False
93,208-3,51901.9375,"(30, 8)",taxation,6,0.25,False,True,False
93,216-2,71176.0,"(43, 30)",taxation,6,0.25,False,True,False
93,187-3,26182.25,"(30, 0)",taxation,6,0.25,False,True,False
93,167-3,51096.3125,"(42, 25)",taxation,6,0.25,False,True,False
93,240-3,16518.75,"(3, 37)",taxation,6,0.25,False,True,False
93,140-3,508.75,"(16, 1)",taxation,6,0.25,False,True,False
93,149-3,43881.75,"(35, 0)",taxation,6,0.25,False,True,False
93,173-3,13342.75,"(13, 46)",taxation,6,0.25,False,True,False
93,246-3,48682.75,"(28, 7)",taxation,6,0.25,False,True,False
93,75-3,46278.75,"(35, 6)",taxation,6,0.25,False,True,False
93,12-2,61526.75,"(34, 0)",taxation,6,0.25,False,True,False
93,1-3,37428.1875,"(0, 33)",taxation,6,0.25,False,True,False
93,17-3,53500.375,"(46, 34)",taxation,6,0.25,False,True,False
93,67-2,48691.75,"(49, 34)",taxation,6,0.25,False,True,False
93,40-3,53512.75,"(4, 23)",taxation,6,0.25,False,True,False
93,23-3,52703.0,"(30, 1)",taxation,6,0.25,False,True,False
93,142-3,31793.8125,"(0, 44)",taxation,6,0.25,False,True,False
93,76-3,48691.562500000015,"(37, 13)",taxation,6,0.25,False,True,False
93,94-3,16533.5,"(29, 2)",taxation,6,0.25,False,True,False
93,241-3,46259.625,"(48, 30)",taxation,6,0.25,False,True,False
93,170-3,44662.3125,"(25, 8)",taxation,6,0.25,False,True,False
93,242-3,22154.9375,"(15, 46)",taxation,6,0.25,False,True,False
93,198-3,46270.625,"(37, 11)",taxation,6,0.25,False,True,False
93,10-3,51069.1875,"(23, 8)",taxation,6,0.25,False,True,False
93,172-3,53472.3125,"(34, 6)",taxation,6,0.25,False,True,False
93,189-3,43864.125,"(0, 28)",taxation,6,0.25,False,True,False
94,42-2,48864.5,"(1, 20)",taxation,6,0.25,False,True,False
94,38-2,68140.5,"(3, 47)",taxation,6,0.25,False,True,False
94,0-2,45631.25,"(1, 21)",taxation,6,0.25,False,True,False
94,6-2,74545.0,"(22, 9)",taxation,6,0.25,False,True,False
94,144-2,64929.5,"(9, 40)",taxation,6,0.25,False,True,False
94,25-2,58446.0,"(19, 2)",taxation,6,0.25,False,True,False
94,180-2,64906.25,"(2, 47)",taxation,6,0.25,False,True,False
94,212-2,68098.75,"(6, 46)",taxation,6,0.25,False,True,False
94,63-2,61651.75,"(3, 41)",taxation,6,0.25,False,True,False
94,54-2,64897.25,"(22, 6)",taxation,6,0.25,False,True,False
94,4-2,48817.25,"(31, 8)",taxation,6,0.25,False,True,False
94,83-2,71321.75,"(29, 7)",taxation,6,0.25,False,True,False
94,249-2,68147.0,"(6, 43)",taxation,6,0.25,False,True,False
94,22-2,74528.0,"(35, 23)",taxation,6,0.25,False,True,False
94,205-2,32747.75,"(23, 3)",taxation,6,0.25,False,True,False
94,156-2,48828.5,"(39, 10)",taxation,6,0.25,False,True,False
94,51-2,68110.5,"(8, 37)",taxation,6,0.25,False,True,False
94,133-2,58464.0,"(20, 0)",taxation,6,0.25,False,True,False
94,73-2,68112.25,"(30, 38)",taxation,6,0.25,False,True,False
94,56-2,64887.75,"(39, 7)",taxation,6,0.25,False,True,False
94,182-2,68100.25,"(34, 24)",taxation,6,0.25,False,True,False
94,71-2,71298.25,"(42, 17)",taxation,6,0.25,False,True,False
94,91-2,71314.75,"(5, 36)",taxation,6,0.25,False,True,False
94,226-2,64869.75,"(5, 20)",taxation,6,0.25,False,True,False
94,225-2,68101.75,"(44, 29)",taxation,6,0.25,False,True,False
94,148-2,52020.25,"(38, 21)",taxation,6,0.25,False,True,False
94,16-2,74539.5,"(40, 4)",taxation,6,0.25,False,True,False
94,111-2,71306.25,"(44, 22)",taxation,6,0.25,False,True,False
94,134-2,64883.0,"(44, 15)",taxation,6,0.25,False,True,False
94,168-2,71348.5,"(2, 45)",taxation,6,0.25,False,True,False
94,106-2,61682.75,"(12, 48)",taxation,6,0.25,False,True,False
94,162-2,68088.5,"(8, 44)",taxation,6,0.25,False,True,False
94,214-2,42360.0,"(7, 42)",taxation,6,0.25,False,True,False
94,110-2,74520.0,"(42, 29)",taxation,6,0.25,False,True,False
94,95-2,74535.5,"(44, 19)",taxation,6,0.25,False,True,False
94,122-2,55248.25,"(5, 45)",taxation,6,0.25,False,True,False
94,231-2,42363.75,"(26, 3)",taxation,6,0.25,False,True,False
94,100-2,64882.75,"(30, 36)",taxation,6,0.25,False,True,False
94,141-2,52028.5,"(46, 27)",taxation,6,0.25,False,True,False
94,165-2,77726.0,"(26, 4)",taxation,6,0.25,False,True,False
94,186-2,61677.25,"(46, 20)",taxation,6,0.25,False,True,False
94,201-2,45563.25,"(26, 7)",taxation,6,0.25,False,True,False
94,21-2,61670.25,"(23, 0)",taxation,6,0.25,False,True,False
94,183-2,45598.75,"(21, 1)",taxation,6,0.25,False,True,False
94,203-2,77710.25,"(36, 5)",taxation,6,0.25,False,True,False
94,32-2,71292.75,"(25, 3)",taxation,6,0.25,False,True,False
94,115-2,71282.75,"(0, 18)",taxation,6,0.25,False,True,False
94,169-2,52025.0,"(1, 19)",taxation,6,0.25,False,True,False
94,78-2,61663.25,"(5, 31)",taxation,6,0.25,False,True,False
94,137-2,58431.5,"(42, 31)",taxation,6,0.25,False,True,False
94,55-2,71288.25,"(26, 10)",taxation,6,0.25,False,True,False
94,112-2,71297.5,"(18, 7)",taxation,6,0.25,False,True,False
94,193-2,58437.5,"(30, 37)",taxation,6,0.25,False,True,False
94,50-2,74499.5,"(39, 22)",taxation,6,0.25,False,True,False
94,53-2,42359.25,"(2, 21)",taxation,6,0.25,False,True,False
94,5-2,29472.5,"(1, 18)",taxation,6,0.25,False,True,False
94,247-2,58439.0,"(25, 10)",taxation,6,0.25,False,True,False
94,147-2,64881.75,"(48, 17)",taxation,6,0.25,False,True,False
94,145-2,68075.0,"(7, 21)",taxation,6,0.25,False,True,False
94,207-2,51972.75,"(35, 29)",taxation,6,0.25,False,True,False
94,120-2,74484.0,"(43, 18)",taxation,6,0.25,False,True,False
94,125-2,71296.0,"(22, 4)",taxation,6,0.25,False,True,False
94,41-2,71316.0,"(0, 20)",taxation,6,0.25,False,True,False
94,209-2,74502.5,"(31, 40)",taxation,6,0.25,False,True,False
94,113-2,68072.75,"(8, 46)",taxation,6,0.25,False,True,False
94,68-2,55238.75,"(16, 6)",taxation,6,0.25,False,True,False
94,161-2,55238.0,"(3, 45)",taxation,6,0.25,False,True,False
94,175-2,55210.5,"(39, 1)",taxation,6,0.25,False,True,False
94,85-2,58443.0,"(7, 41)",taxation,6,0.25,False,True,False
94,234-2,68064.5,"(19, 1)",taxation,6,0.25,False,True,False
94,45-2,68071.75,"(19, 5)",taxation,6,0.25,False,True,False
94,196-2,45593.0,"(23, 11)",taxation,6,0.25,False,True,False
94,174-2,71288.5,"(6, 48)",taxation,6,0.25,False,True,False
94,103-2,64836.5,"(45, 27)",taxation,6,0.25,False,True,False
94,33-2,51998.25,"(18, 0)",taxation,6,0.25,False,True,False
94,19-2,68046.0,"(37, 23)",taxation,6,0.25,False,True,False
94,130-2,71276.5,"(46, 35)",taxation,6,0.25,False,True,False
94,155-2,68096.25,"(24, 2)",taxation,6,0.25,False,True,False
94,86-2,64853.0,"(9, 35)",taxation,6,0.25,False,True,False
94,164-2,68073.25,"(39, 12)",taxation,6,0.25,False,True,False
94,2-2,64854.75,"(29, 39)",taxation,6,0.25,False,True,False
94,11-2,51962.25,"(40, 9)",taxation,6,0.25,False,True,False
94,202-2,74487.0,"(24, 1)",taxation,6,0.25,False,True,False
94,121-2,64880.0,"(3, 48)",taxation,6,0.25,False,True,False
94,163-2,77713.0,"(17, 49)",taxation,6,0.25,False,True,False
94,18-2,74506.75,"(8, 36)",taxation,6,0.25,False,True,False
94,132-2,71261.75,"(31, 14)",taxation,6,0.25,False,True,False
94,160-2,58416.0,"(4, 18)",taxation,6,0.25,False,True,False
94,221-2,61640.5,"(41, 35)",taxation,6,0.25,False,True,False
94,90-2,58445.5,"(40, 2)",taxation,6,0.25,False,True,False
94,64-2,64828.0,"(37, 1)",taxation,6,0.25,False,True,False
94,102-2,45564.5,"(8, 42)",taxation,6,0.25,False,True,False
94,188-2,64867.5,"(7, 35)",taxation,6,0.25,False,True,False
94,92-2,71273.0,"(22, 10)",taxation,6,0.25,False,True,False
94,96-2,74504.5,"(23, 4)",taxation,6,0.25,False,True,False
94,107-2,71269.5,"(1, 46)",taxation,6,0.25,False,True,False
94,80-2,71274.5,"(2, 48)",taxation,6,0.25,False,True,False
94,237-2,51981.75,"(21, 4)",taxation,6,0.25,False,True,False
94,13-2,61642.25,"(4, 42)",taxation,6,0.25,False,True,False
94,104-2,61660.5,"(25, 1)",taxation,6,0.25,False,True,False
94,27-2,58416.75,"(24, 6)",taxation,6,0.25,False,True,False
94,248-2,64823.25,"(19, 9)",taxation,6,0.25,False,True,False
94,48-2,68033.0,"(25, 4)",taxation,6,0.25,False,True,False
94,57-2,58400.25,"(43, 21)",taxation,6,0.25,False,True,False
94,184-2,64810.25,"(49, 18)",taxation,6,0.25,False,True,False
94,30-2,74479.25,"(37, 38)",taxation,6,0.25,False,True,False
94,108-2,35893.25,"(32, 41)",taxation,6,0.25,False,True,False
94,166-2,61622.25,"(5, 35)",taxation,6,0.25,False,True,False
94,233-2,61645.25,"(3, 46)",taxation,6,0.25,False,True,False
94,69-2,71243.5,"(9, 37)",taxation,6,0.25,False,True,False
94,229-2,71315.25,"(5, 38)",taxation,6,0.25,False,True,False
94,236-2,64824.25,"(45, 18)",taxation,6,0.25,False,True,False
94,109-2,64837.5,"(46, 24)",taxation,6,0.25,False,True,False
94,235-2,64825.25,"(25, 5)",taxation,6,0.25,False,True,False
94,62-2,64841.5,"(7, 45)",taxation,6,0.25,False,True,False
94,89-2,68059.75,"(18, 49)",taxation,6,0.25,False,True,False
94,58-2,68015.5,"(30, 39)",taxation,6,0.25,False,True,False
94,61-2,77707.25,"(7, 47)",taxation,6,0.25,False,True,False
94,152-2,68055.25,"(2, 17)",taxation,6,0.25,False,True,False
94,124-2,61619.25,"(24, 3)",taxation,6,0.25,False,True,False
94,97-2,51947.75,"(31, 36)",taxation,6,0.25,False,True,False
94,232-2,39095.25,"(34, 40)",taxation,6,0.25,False,True,False
94,116-2,71259.5,"(12, 45)",taxation,6,0.25,False,True,False
94,37-2,68039.75,"(38, 3)",taxation,6,0.25,False,True,False
94,7-2,48778.5,"(7, 40)",taxation,6,0.25,False,True,False
94,26-2,51985.75,"(6, 45)",taxation,6,0.25,False,True,False
94,117-2,58398.5,"(18, 48)",taxation,6,0.25,False,True,False
94,82-2,68047.5,"(5, 39)",taxation,6,0.25,False,True,False
94,88-2,64814.0,"(3, 19)",taxation,6,0.25,False,True,False
94,59-2,58391.25,"(0, 46)",taxation,6,0.25,False,True,False
94,52-2,48750.25,"(41, 17)",taxation,6,0.25,False,True,False
94,194-2,58411.5,"(21, 8)",taxation,6,0.25,False,True,False
94,72-2,74474.5,"(2, 43)",taxation,6,0.25,False,True,False
94,199-2,74449.0,"(47, 17)",taxation,6,0.25,False,True,False
94,43-2,64813.75,"(37, 32)",taxation,6,0.25,False,True,False
94,128-2,71251.0,"(34, 26)",taxation,6,0.25,False,True,False
94,84-2,64828.5,"(16, 0)",taxation,6,0.25,False,True,False
94,114-2,74465.75,"(35, 13)",taxation,6,0.25,False,True,False
94,223-2,45515.0,"(21, 3)",taxation,6,0.25,False,True,False
94,123-2,74473.75,"(30, 40)",taxation,6,0.25,False,True,False
94,215-2,71242.5,"(14, 7)",taxation,6,0.25,False,True,False
94,127-2,68008.0,"(3, 21)",taxation,6,0.25,False,True,False
94,24-2,51975.5,"(40, 10)",taxation,6,0.25,False,True,False
94,136-2,51950.5,"(30, 14)",taxation,6,0.25,False,True,False
94,65-2,74452.25,"(43, 19)",taxation,6,0.25,False,True,False
94,14-2,16601.5,"(24, 5)",taxation,6,0.25,False,True,False
94,185-2,64835.5,"(2, 46)",taxation,6,0.25,False,True,False
94,77-2,55181.5,"(22, 0)",taxation,6,0.25,False,True,False
94,36-2,48740.25,"(20, 6)",taxation,6,0.25,False,True,False
94,190-2,64821.75,"(29, 0)",taxation,6,0.25,False,True,False
94,46-2,45524.0,"(42, 23)",taxation,6,0.25,False,True,False
94,218-2,74486.5,"(8, 22)",taxation,6,0.25,False,True,False
94,220-2,71255.0,"(1, 47)",taxation,6,0.25,False,True,False
94,224-2,55155.75,"(35, 36)",taxation,6,0.25,False,True,False
94,129-2,61613.0,"(28, 8)",taxation,6,0.25,False,True,False
94,157-2,61592.25,"(24, 4)",taxation,6,0.25,False,True,False
94,195-2,29437.25,"(0, 45)",taxation,6,0.25,False,True,False
94,8-2,64820.0,"(7, 48)",taxation,6,0.25,False,True,False
94,119-2,64786.0,"(4, 25)",taxation,6,0.25,False,True,False
94,99-2,61575.25,"(0, 21)",taxation,6,0.25,False,True,False
94,135-2,64811.75,"(24, 0)",taxation,6,0.25,False,True,False
94,47-2,45535.75,"(45, 19)",taxation,6,0.25,False,True,False
94,79-2,61595.25,"(0, 19)",taxation,6,0.25,False,True,False
94,87-2,64780.5,"(30, 15)",taxation,6,0.25,False,True,False
94,15-2,58388.75,"(47, 20)",taxation,6,0.25,False,True,False
94,29-2,64804.25,"(43, 15)",taxation,6,0.25,False,True,False
94,178-2,71246.25,"(28, 0)",taxation,6,0.25,False,True,False
94,60-2,68030.25,"(7, 44)",taxation,6,0.25,False,True,False
94,192-2,58378.0,"(4, 46)",taxation,6,0.25,False,True,False
94,49-2,61588.5,"(26, 39)",taxation,6,0.25,False,True,False
94,81-2,61601.25,"(40, 5)",taxation,6,0.25,False,True,False
94,118-2,71227.5,"(5, 30)",taxation,6,0.25,False,True,False
94,34-2,58384.0,"(19, 0)",taxation,6,0.25,False,True,False
94,211-2,42278.75,"(19, 6)",taxation,6,0.25,False,True,False
94,177-2,64817.75,"(40, 8)",taxation,6,0.25,False,True,False
94,39-2,45496.5,"(3, 18)",taxation,6,0.25,False,True,False
94,245-2,71224.75,"(17, 45)",taxation,6,0.25,False,True,False
94,131-2,64797.0,"(12, 43)",taxation,6,0.25,False,True,False
94,213-2,64814.5,"(18, 2)",taxation,6,0.25,False,True,False
94,9-2,55166.25,"(47, 15)",taxation,6,0.25,False,True,False
94,171-2,64808.5,"(20, 7)",taxation,6,0.25,False,True,False
94,230-2,51954.0,"(6, 41)",taxation,6,0.25,False,True,False
94,217-2,39063.5,"(4, 21)",taxation,6,0.25,False,True,False
94,227-2,71206.5,"(42, 18)",taxation,6,0.25,False,True,False
94,244-2,74430.5,"(37, 3)",taxation,6,0.25,False,True,False
94,204-2,71219.5,"(43, 17)",taxation,6,0.25,False,True,False
94,105-2,58359.5,"(23, 1)",taxation,6,0.25,False,True,False
94,239-2,64774.5,"(30, 13)",taxation,6,0.25,False,True,False
94,243-2,61575.5,"(4, 31)",taxation,6,0.25,False,True,False
94,139-3,58353.6875,"(5, 49)",taxation,6,0.25,False,True,False
94,228-3,38272.25,"(21, 0)",taxation,6,0.25,False,True,False
94,197-2,51925.25,"(4, 19)",taxation,6,0.25,False,True,False
94,151-2,51911.25,"(8, 47)",taxation,6,0.25,False,True,False
94,191-2,74410.75,"(17, 42)",taxation,6,0.25,False,True,False
94,153-2,32624.0,"(47, 18)",taxation,6,0.25,False,True,False
94,159-2,51928.5,"(43, 22)",taxation,6,0.25,False,True,False
94,222-2,64794.5,"(28, 6)",taxation,6,0.25,False,True,False
94,200-2,61556.0,"(16, 7)",taxation,6,0.25,False,True,False
94,181-2,64762.250000000015,"(47, 26)",taxation,6,0.25,False,True,False
94,101-2,64820.75,"(1, 45)",taxation,6,0.25,False,True,False
94,35-2,64797.5,"(7, 20)",taxation,6,0.25,False,True,False
94,70-2,68013.0,"(7, 38)",taxation,6,0.25,False,True,False
94,238-2,64799.0,"(43, 23)",taxation,6,0.25,False,True,False
94,158-3,47071.75,"(10, 37)",taxation,6,0.25,False,True,False
94,20-2,61562.0,"(48, 18)",taxation,6,0.25,False,True,False
94,31-3,58328.625,"(23, 5)",taxation,6,0.25,False,True,False
94,179-3,42294.375,"(37, 33)",taxation,6,0.25,False,True,False
94,93-2,29416.0,"(43, 16)",taxation,6,0.25,False,True,False
94,3-2,39047.25,"(17, 1)",taxation,6,0.25,False,True,False
94,143-2,64761.75,"(40, 24)",taxation,6,0.25,False,True,False
94,219-3,56716.75,"(15, 7)",taxation,6,0.25,False,True,False
94,98-3,26229.75,"(20, 5)",taxation,6,0.25,False,True,False
94,138-2,67975.75,"(41, 33)",taxation,6,0.25,False,True,False
94,66-2,71200.75,"(4, 48)",taxation,6,0.25,False,True,False
94,210-2,77620.75,"(46, 25)",taxation,6,0.25,False,True,False
94,150-2,55126.25,"(33, 28)",taxation,6,0.25,False,True,False
94,44-2,42287.0,"(25, 0)",taxation,6,0.25,False,True,False
94,154-3,22982.75,"(35, 37)",taxation,6,0.25,False,True,False
94,126-2,64764.75,"(34, 23)",taxation,6,0.25,False,True,False
94,74-3,56735.0,"(43, 32)",taxation,6,0.25,False,True,False
94,28-3,44690.9375,"(5, 34)",taxation,6,0.25,False,True,False
94,146-3,19774.75,"(33, 40)",taxation,6,0.25,False,True,False
94,176-3,495.25,"(37, 34)",taxation,6,0.25,False,True,False
94,208-3,51909.9375,"(26, 12)",taxation,6,0.25,False,True,False
94,216-2,71179.0,"(42, 24)",taxation,6,0.25,False,True,False
94,187-3,26183.25,"(32, 1)",taxation,6,0.25,False,True,False
94,167-3,51103.3125,"(37, 19)",taxation,6,0.25,False,True,False
94,240-3,16526.75,"(8, 38)",taxation,6,0.25,False,True,False
94,140-3,518.75,"(17, 0)",taxation,6,0.25,False,True,False
94,149-3,43888.75,"(41, 4)",taxation,6,0.25,False,True,False
94,173-3,13351.75,"(7, 46)",taxation,6,0.25,False,True,False
94,246-3,48690.75,"(23, 10)",taxation,6,0.25,False,True,False
94,75-3,46286.75,"(35, 4)",taxation,6,0.25,False,True,False
94,12-2,61533.75,"(40, 6)",taxation,6,0.25,False,True,False
94,1-3,37437.1875,"(6, 39)",taxation,6,0.25,False,True,False
94,17-3,53502.375,"(41, 34)",taxation,6,0.25,False,True,False
94,67-2,48693.75,"(43, 34)",taxation,6,0.25,False,True,False
94,40-3,53520.75,"(4, 20)",taxation,6,0.25,False,True,False
94,23-3,52711.0,"(25, 6)",taxation,6,0.25,False,True,False
94,142-3,31802.8125,"(0, 47)",taxation,6,0.25,False,True,False
94,76-3,48699.562500000015,"(41, 9)",taxation,6,0.25,False,True,False
94,94-3,16541.5,"(27, 6)",taxation,6,0.25,False,True,False
94,241-3,46262.625,"(47, 25)",taxation,6,0.25,False,True,False
94,170-3,44671.3125,"(19, 7)",taxation,6,0.25,False,True,False
94,242-3,22162.9375,"(12, 46)",taxation,6,0.25,False,True,False
94,198-3,46278.625,"(39, 11)",taxation,6,0.25,False,True,False
94,10-3,51078.1875,"(22, 8)",taxation,6,0.25,False,True,False
94,172-3,53481.3125,"(28, 1)",taxation,6,0.25,False,True,False
94,189-3,43866.125,"(4, 26)",taxation,6,0.25,False,True,False
94,206-3,49487.4375,"(7, 43)",taxation,6,0.25,False,True,False
95,38-2,68149.5,"(5, 46)",taxation,6,0.25,False,True,False
95,0-2,45638.25,"(5, 19)",taxation,6,0.25,False,True,False
95,6-2,74554.0,"(18, 14)",taxation,6,0.25,False,True,False
95,144-2,64938.5,"(9, 42)",taxation,6,0.25,False,True,False
95,25-2,58451.0,"(14, 8)",taxation,6,0.25,False,True,False
95,180-2,64915.25,"(4, 45)",taxation,6,0.25,False,True,False
95,212-2,68107.75,"(11, 49)",taxation,6,0.25,False,True,False
95,63-2,61659.75,"(6, 44)",taxation,6,0.25,False,True,False
95,54-2,64906.25,"(20, 8)",taxation,6,0.25,False,True,False
95,4-2,48821.25,"(28, 14)",taxation,6,0.25,False,True,False
95,83-2,71329.75,"(31, 12)",taxation,6,0.25,False,True,False
95,249-2,68156.0,"(5, 44)",taxation,6,0.25,False,True,False
95,22-2,74536.0,"(35, 21)",taxation,6,0.25,False,True,False
95,205-2,32756.75,"(20, 9)",taxation,6,0.25,False,True,False
95,156-2,48836.5,"(41, 11)",taxation,6,0.25,False,True,False
95,51-2,68119.5,"(11, 42)",taxation,6,0.25,False,True,False
95,133-2,58466.0,"(19, 3)",taxation,6,0.25,False,True,False
95,73-2,68119.25,"(29, 38)",taxation,6,0.25,False,True,False
95,56-2,64895.75,"(43, 10)",taxation,6,0.25,False,True,False
95,71-2,71306.25,"(39, 14)",taxation,6,0.25,False,True,False
95,91-2,71322.75,"(9, 39)",taxation,6,0.25,False,True,False
95,226-2,64878.75,"(11, 14)",taxation,6,0.25,False,True,False
95,225-2,68105.75,"(41, 23)",taxation,6,0.25,False,True,False
95,148-2,52028.25,"(36, 19)",taxation,6,0.25,False,True,False
95,16-2,74546.5,"(45, 8)",taxation,6,0.25,False,True,False
95,111-2,71313.25,"(45, 17)",taxation,6,0.25,False,True,False
95,134-2,64891.0,"(38, 13)",taxation,6,0.25,False,True,False
95,168-2,71351.5,"(5, 42)",taxation,6,0.25,False,True,False
95,106-2,61690.75,"(14, 48)",taxation,6,0.25,False,True,False
95,162-2,68097.5,"(8, 45)",taxation,6,0.25,False,True,False
95,214-2,42370.0,"(1, 48)",taxation,6,0.25,False,True,False
95,110-2,74525.0,"(36, 24)",taxation,6,0.25,False,True,False
95,95-2,74543.5,"(41, 13)",taxation,6,0.25,False,True,False
95,122-2,55258.25,"(4, 49)",taxation,6,0.25,False,True,False
95,231-2,42366.75,"(24, 7)",taxation,6,0.25,False,True,False
95,100-2,64889.75,"(24, 36)",taxation,6,0.25,False,True,False
95,141-2,52034.5,"(41, 21)",taxation,6,0.25,False,True,False
95,165-2,77735.0,"(21, 10)",taxation,6,0.25,False,True,False
95,186-2,61684.25,"(46, 17)",taxation,6,0.25,False,True,False
95,201-2,45572.25,"(20, 13)",taxation,6,0.25,False,True,False
95,21-2,61672.25,"(20, 4)",taxation,6,0.25,False,True,False
95,183-2,45601.75,"(21, 7)",taxation,6,0.25,False,True,False
95,203-2,77718.25,"(42, 11)",taxation,6,0.25,False,True,False
95,32-2,71294.75,"(26, 8)",taxation,6,0.25,False,True,False
95,115-2,71285.75,"(5, 24)",taxation,6,0.25,False,True,False
95,169-2,52033.0,"(4, 17)",taxation,6,0.25,False,True,False
95,78-2,61669.25,"(8, 26)",taxation,6,0.25,False,True,False
95,137-2,58436.5,"(36, 25)",taxation,6,0.25,False,True,False
95,55-2,71296.25,"(28, 12)",taxation,6,0.25,False,True,False
95,112-2,71306.5,"(15, 13)",taxation,6,0.25,False,True,False
95,193-2,58444.5,"(29, 34)",taxation,6,0.25,False,True,False
95,50-2,74507.5,"(34, 18)",taxation,6,0.25,False,True,False
95,53-2,42366.25,"(6, 20)",taxation,6,0.25,False,True,False
95,5-2,29480.5,"(6, 18)",taxation,6,0.25,False,True,False
95,247-2,58448.0,"(19, 14)",taxation,6,0.25,False,True,False
95,147-2,64889.75,"(46, 14)",taxation,6,0.25,False,True,False
95,145-2,68084.0,"(12, 15)",taxation,6,0.25,False,True,False
95,207-2,51979.75,"(33, 26)",taxation,6,0.25,False,True,False
95,120-2,74492.0,"(40, 13)",taxation,6,0.25,False,True,False
95,125-2,71300.0,"(16, 9)",taxation,6,0.25,False,True,False
95,41-2,71322.0,"(5, 17)",taxation,6,0.25,False,True,False
95,209-2,74509.5,"(29, 36)",taxation,6,0.25,False,True,False
95,113-2,68082.75,"(3, 49)",taxation,6,0.25,False,True,False
95,68-2,55247.75,"(16, 8)",taxation,6,0.25,False,True,False
95,161-2,55242.0,"(9, 48)",taxation,6,0.25,False,True,False
95,175-2,55216.5,"(42, 5)",taxation,6,0.25,False,True,False
95,85-2,58451.0,"(13, 38)",taxation,6,0.25,False,True,False
95,234-2,68066.5,"(19, 4)",taxation,6,0.25,False,True,False
95,45-2,68080.75,"(17, 11)",taxation,6,0.25,False,True,False
95,196-2,45602.0,"(21, 13)",taxation,6,0.25,False,True,False
95,174-2,71297.5,"(8, 49)",taxation,6,0.25,False,True,False
95,103-2,64843.5,"(39, 21)",taxation,6,0.25,False,True,False
95,33-2,52000.25,"(18, 4)",taxation,6,0.25,False,True,False
95,19-2,68054.0,"(32, 19)",taxation,6,0.25,False,True,False
95,130-2,71279.5,"(40, 35)",taxation,6,0.25,False,True,False
95,155-2,68098.25,"(22, 7)",taxation,6,0.25,False,True,False
95,86-2,64861.0,"(12, 38)",taxation,6,0.25,False,True,False
95,164-2,68081.25,"(36, 15)",taxation,6,0.25,False,True,False
95,2-2,64861.75,"(23, 39)",taxation,6,0.25,False,True,False
95,11-2,51971.25,"(41, 8)",taxation,6,0.25,False,True,False
95,202-2,74489.0,"(23, 6)",taxation,6,0.25,False,True,False
95,121-2,64883.0,"(9, 49)",taxation,6,0.25,False,True,False
95,163-2,77722.0,"(12, 49)",taxation,6,0.25,False,True,False
95,18-2,74514.75,"(14, 39)",taxation,6,0.25,False,True,False
95,132-2,71269.75,"(31, 17)",taxation,6,0.25,False,True,False
95,160-2,58424.0,"(6, 17)",taxation,6,0.25,False,True,False
95,221-2,61645.5,"(35, 38)",taxation,6,0.25,False,True,False
95,90-2,58452.5,"(45, 7)",taxation,6,0.25,False,True,False
95,64-2,64834.0,"(43, 5)",taxation,6,0.25,False,True,False
95,102-2,45572.5,"(12, 39)",taxation,6,0.25,False,True,False
95,188-2,64875.5,"(10, 39)",taxation,6,0.25,False,True,False
95,92-2,71281.0,"(19, 12)",taxation,6,0.25,False,True,False
95,96-2,74507.5,"(27, 10)",taxation,6,0.25,False,True,False
95,107-2,71271.5,"(5, 43)",taxation,6,0.25,False,True,False
95,80-2,71284.5,"(0, 49)",taxation,6,0.25,False,True,False
95,237-2,51990.75,"(20, 10)",taxation,6,0.25,False,True,False
95,13-2,61651.25,"(4, 43)",taxation,6,0.25,False,True,False
95,104-2,61662.5,"(28, 5)",taxation,6,0.25,False,True,False
95,27-2,58424.75,"(19, 11)",taxation,6,0.25,False,True,False
95,248-2,64832.25,"(18, 9)",taxation,6,0.25,False,True,False
95,48-2,68041.0,"(19, 10)",taxation,6,0.25,False,True,False
95,57-2,58408.25,"(37, 15)",taxation,6,0.25,False,True,False
95,184-2,64818.25,"(43, 12)",taxation,6,0.25,False,True,False
95,30-2,74485.25,"(31, 41)",taxation,6,0.25,False,True,False
95,108-2,35900.25,"(29, 40)",taxation,6,0.25,False,True,False
95,166-2,61629.25,"(10, 38)",taxation,6,0.25,False,True,False
95,233-2,61648.25,"(9, 44)",taxation,6,0.25,False,True,False
95,69-2,71252.5,"(11, 41)",taxation,6,0.25,False,True,False
95,229-2,71324.25,"(3, 43)",taxation,6,0.25,False,True,False
95,236-2,64832.25,"(45, 14)",taxation,6,0.25,False,True,False
95,109-2,64844.5,"(41, 18)",taxation,6,0.25,False,True,False
95,235-2,64828.25,"(24, 10)",taxation,6,0.25,False,True,False
95,62-2,64849.5,"(12, 40)",taxation,6,0.25,False,True,False
95,89-2,68067.75,"(16, 49)",taxation,6,0.25,False,True,False
95,58-2,68022.5,"(24, 38)",taxation,6,0.25,False,True,False
95,61-2,77712.25,"(11, 48)",taxation,6,0.25,False,True,False
95,152-2,68062.25,"(6, 16)",taxation,6,0.25,False,True,False
95,124-2,61622.25,"(24, 9)",taxation,6,0.25,False,True,False
95,97-2,51954.75,"(28, 34)",taxation,6,0.25,False,True,False
95,232-2,39102.25,"(29, 37)",taxation,6,0.25,False,True,False
95,116-2,71268.5,"(11, 45)",taxation,6,0.25,False,True,False
95,37-2,68047.75,"(42, 6)",taxation,6,0.25,False,True,False
95,7-2,48786.5,"(11, 39)",taxation,6,0.25,False,True,False
95,26-2,51995.75,"(2, 49)",taxation,6,0.25,False,True,False
95,117-2,58406.5,"(16, 48)",taxation,6,0.25,False,True,False
95,82-2,68052.5,"(10, 34)",taxation,6,0.25,False,True,False
95,88-2,64822.0,"(9, 18)",taxation,6,0.25,False,True,False
95,59-2,58393.25,"(2, 40)",taxation,6,0.25,False,True,False
95,52-2,48758.25,"(40, 14)",taxation,6,0.25,False,True,False
95,194-2,58420.5,"(16, 14)",taxation,6,0.25,False,True,False
95,72-2,74483.5,"(4, 44)",taxation,6,0.25,False,True,False
95,199-2,74456.0,"(47, 16)",taxation,6,0.25,False,True,False
95,43-2,64819.75,"(32, 27)",taxation,6,0.25,False,True,False
95,128-2,71258.0,"(33, 25)",taxation,6,0.25,False,True,False
95,84-2,64830.5,"(16, 4)",taxation,6,0.25,False,True,False
95,114-2,74473.75,"(35, 15)",taxation,6,0.25,False,True,False
95,223-2,45521.0,"(15, 8)",taxation,6,0.25,False,True,False
95,123-2,74480.75,"(28, 41)",taxation,6,0.25,False,True,False
95,215-2,71251.5,"(15, 10)",taxation,6,0.25,False,True,False
95,127-2,68016.0,"(5, 18)",taxation,6,0.25,False,True,False
95,24-2,51983.5,"(41, 12)",taxation,6,0.25,False,True,False
95,136-2,51958.5,"(29, 14)",taxation,6,0.25,False,True,False
95,65-2,74460.25,"(38, 14)",taxation,6,0.25,False,True,False
95,14-2,16610.5,"(22, 11)",taxation,6,0.25,False,True,False
95,185-2,64838.5,"(8, 40)",taxation,6,0.25,False,True,False
95,77-2,55183.5,"(22, 5)",taxation,6,0.25,False,True,False
95,36-2,48749.25,"(18, 8)",taxation,6,0.25,False,True,False
95,190-2,64823.75,"(32, 2)",taxation,6,0.25,False,True,False
95,46-2,45531.0,"(39, 20)",taxation,6,0.25,False,True,False
95,218-2,74494.5,"(10, 19)",taxation,6,0.25,False,True,False
95,220-2,71264.0,"(3, 44)",taxation,6,0.25,False,True,False
95,224-2,55161.75,"(30, 33)",taxation,6,0.25,False,True,False
95,129-2,61617.0,"(25, 13)",taxation,6,0.25,False,True,False
95,157-2,61595.25,"(25, 9)",taxation,6,0.25,False,True,False
95,195-2,29440.25,"(6, 42)",taxation,6,0.25,False,True,False
95,8-2,64829.0,"(10, 46)",taxation,6,0.25,False,True,False
95,119-2,64794.0,"(10, 21)",taxation,6,0.25,False,True,False
95,99-2,61582.25,"(6, 15)",taxation,6,0.25,False,True,False
95,135-2,64813.75,"(21, 6)",taxation,6,0.25,False,True,False
95,47-2,45542.75,"(48, 15)",taxation,6,0.25,False,True,False
95,79-2,61602.25,"(5, 16)",taxation,6,0.25,False,True,False
95,87-2,64788.5,"(30, 16)",taxation,6,0.25,False,True,False
95,15-2,58395.75,"(48, 14)",taxation,6,0.25,False,True,False
95,29-2,64812.25,"(42, 13)",taxation,6,0.25,False,True,False
95,178-2,71248.25,"(33, 0)",taxation,6,0.25,False,True,False
95,60-2,68039.25,"(11, 44)",taxation,6,0.25,False,True,False
95,192-2,58382.0,"(9, 47)",taxation,6,0.25,False,True,False
95,49-2,61595.5,"(26, 38)",taxation,6,0.25,False,True,False
95,81-2,61609.25,"(40, 7)",taxation,6,0.25,False,True,False
95,118-2,71234.5,"(9, 24)",taxation,6,0.25,False,True,False
95,34-2,58386.0,"(17, 4)",taxation,6,0.25,False,True,False
95,211-2,42287.75,"(17, 10)",taxation,6,0.25,False,True,False
95,177-2,64825.75,"(42, 10)",taxation,6,0.25,False,True,False
95,39-2,45504.5,"(7, 18)",taxation,6,0.25,False,True,False
95,245-2,71232.75,"(16, 44)",taxation,6,0.25,False,True,False
95,131-2,64806.0,"(11, 43)",taxation,6,0.25,False,True,False
95,213-2,64823.5,"(17, 8)",taxation,6,0.25,False,True,False
95,9-2,55173.25,"(47, 14)",taxation,6,0.25,False,True,False
95,171-2,64817.5,"(19, 8)",taxation,6,0.25,False,True,False
95,230-2,51963.0,"(8, 43)",taxation,6,0.25,False,True,False
95,217-2,39071.5,"(9, 20)",taxation,6,0.25,False,True,False
95,227-2,71214.5,"(42, 15)",taxation,6,0.25,False,True,False
95,244-2,74436.5,"(41, 6)",taxation,6,0.25,False,True,False
95,204-2,71227.5,"(43, 14)",taxation,6,0.25,False,True,False
95,105-2,58361.5,"(21, 5)",taxation,6,0.25,False,True,False
95,239-2,64782.5,"(29, 16)",taxation,6,0.25,False,True,False
95,243-2,61581.5,"(10, 35)",taxation,6,0.25,False,True,False
95,139-3,58357.6875,"(10, 49)",taxation,6,0.25,False,True,False
95,228-3,38274.25,"(20, 3)",taxation,6,0.25,False,True,False
95,197-2,51933.25,"(6, 19)",taxation,6,0.25,False,True,False
95,151-2,51919.25,"(14, 49)",taxation,6,0.25,False,True,False
95,191-2,74418.75,"(17, 41)",taxation,6,0.25,False,True,False
95,153-2,32632.0,"(44, 14)",taxation,6,0.25,False,True,False
95,159-2,51935.5,"(44, 17)",taxation,6,0.25,False,True,False
95,222-2,64803.5,"(24, 12)",taxation,6,0.25,False,True,False
95,200-2,61565.0,"(12, 12)",taxation,6,0.25,False,True,False
95,181-2,64768.250000000015,"(44, 20)",taxation,6,0.25,False,True,False
95,101-2,64830.75,"(1, 49)",taxation,6,0.25,False,True,False
95,35-2,64806.5,"(13, 15)",taxation,6,0.25,False,True,False
95,70-2,68022.0,"(10, 41)",taxation,6,0.25,False,True,False
95,238-2,64806.0,"(41, 19)",taxation,6,0.25,False,True,False
95,158-3,47080.75,"(11, 40)",taxation,6,0.25,False,True,False
95,20-2,61569.0,"(48, 16)",taxation,6,0.25,False,True,False
95,31-3,58333.625,"(18, 11)",taxation,6,0.25,False,True,False
95,179-3,42301.375,"(33, 27)",taxation,6,0.25,False,True,False
95,93-2,29424.0,"(43, 11)",taxation,6,0.25,False,True,False
95,3-2,39050.25,"(17, 7)",taxation,6,0.25,False,True,False
95,143-2,64769.75,"(34, 20)",taxation,6,0.25,False,True,False
95,219-3,56725.75,"(16, 10)",taxation,6,0.25,False,True,False
95,98-3,26235.75,"(14, 10)",taxation,6,0.25,False,True,False
95,138-2,67979.75,"(36, 33)",taxation,6,0.25,False,True,False
95,66-2,71204.75,"(10, 48)",taxation,6,0.25,False,True,False
95,210-2,77626.75,"(46, 19)",taxation,6,0.25,False,True,False
95,150-2,55133.25,"(32, 25)",taxation,6,0.25,False,True,False
95,44-2,42289.0,"(28, 4)",taxation,6,0.25,False,True,False
95,154-3,22988.75,"(30, 35)",taxation,6,0.25,False,True,False
95,126-2,64772.75,"(33, 19)",taxation,6,0.25,False,True,False
95,74-3,56738.0,"(41, 31)",taxation,6,0.25,False,True,False
95,28-3,44698.9375,"(9, 38)",taxation,6,0.25,False,True,False
95,146-3,19780.75,"(30, 42)",taxation,6,0.25,False,True,False
95,176-3,500.25,"(33, 34)",taxation,6,0.25,False,True,False
95,208-3,51917.9375,"(25, 12)",taxation,6,0.25,False,True,False
95,216-2,71186.0,"(37, 20)",taxation,6,0.25,False,True,False
95,187-3,26186.25,"(37, 2)",taxation,6,0.25,False,True,False
95,167-3,51111.3125,"(36, 16)",taxation,6,0.25,False,True,False
95,240-3,16535.75,"(10, 42)",taxation,6,0.25,False,True,False
95,140-3,521.75,"(15, 6)",taxation,6,0.25,False,True,False
95,149-3,43895.75,"(46, 6)",taxation,6,0.25,False,True,False
95,173-3,13359.75,"(12, 47)",taxation,6,0.25,False,True,False
95,246-3,48699.75,"(22, 13)",taxation,6,0.25,False,True,False
95,75-3,46294.75,"(41, 10)",taxation,6,0.25,False,True,False
95,12-2,61541.75,"(44, 7)",taxation,6,0.25,False,True,False
95,1-3,37442.1875,"(12, 37)",taxation,6,0.25,False,True,False
95,17-3,53507.375,"(35, 28)",taxation,6,0.25,False,True,False
95,67-2,48697.75,"(37, 28)",taxation,6,0.25,False,True,False
95,40-3,53528.75,"(7, 19)",taxation,6,0.25,False,True,False
95,23-3,52719.0,"(23, 12)",taxation,6,0.25,False,True,False
95,142-3,31812.8125,"(0, 48)",taxation,6,0.25,False,True,False
95,76-3,48707.562500000015,"(42, 9)",taxation,6,0.25,False,True,False
95,94-3,16550.5,"(21, 11)",taxation,6,0.25,False,True,False
95,241-3,46268.625,"(47, 19)",taxation,6,0.25,False,True,False
95,170-3,44680.3125,"(16, 13)",taxation,6,0.25,False,True,False
95,242-3,22171.9375,"(11, 46)",taxation,6,0.25,False,True,False
95,198-3,46286.625,"(39, 13)",taxation,6,0.25,False,True,False
95,10-3,51087.1875,"(17, 14)",taxation,6,0.25,False,True,False
95,172-3,53484.3125,"(23, 7)",taxation,6,0.25,False,True,False
95,189-3,43874.125,"(10, 20)",taxation,6,0.25,False,True,False
95,206-3,49496.4375,"(11, 47)",taxation,6,0.25,False,True,False
95,182-3,51081.1875,"(31, 19)",taxation,6,0.25,False,True,False
95,42-3,36653.625,"(7, 17)",taxation,6,0.25,False,True,False
96,38-2,68152.5,"(8, 48)",taxation,6,0.25,False,True,False
96,144-2,64943.5,"(12, 36)",taxation,6,0.25,False,True,False
96,25-2,58459.0,"(9, 13)",taxation,6,0.25,False,True,False
96,180-2,64919.25,"(10, 40)",taxation,6,0.25,False,True,False
96,63-2,61663.75,"(10, 47)",taxation,6,0.25,False,True,False
96,54-2,64912.25,"(14, 13)",taxation,6,0.25,False,True,False
96,4-2,48829.25,"(26, 20)",taxation,6,0.25,False,True,False
96,83-2,71336.75,"(28, 17)",taxation,6,0.25,False,True,False
96,249-2,68161.0,"(11, 38)",taxation,6,0.25,False,True,False
96,22-2,74544.0,"(30, 22)",taxation,6,0.25,False,True,False
96,205-2,32764.75,"(26, 15)",taxation,6,0.25,False,True,False
96,156-2,48844.5,"(46, 11)",taxation,6,0.25,False,True,False
96,51-2,68127.5,"(16, 42)",taxation,6,0.25,False,True,False
96,133-2,58472.0,"(13, 9)",taxation,6,0.25,False,True,False
96,73-2,68126.25,"(28, 37)",taxation,6,0.25,False,True,False
96,56-2,64903.75,"(44, 10)",taxation,6,0.25,False,True,False
96,71-2,71314.25,"(36, 18)",taxation,6,0.25,False,True,False
96,91-2,71329.75,"(15, 36)",taxation,6,0.25,False,True,False
96,226-2,64886.75,"(11, 15)",taxation,6,0.25,False,True,False
96,16-2,74554.5,"(45, 9)",taxation,6,0.25,False,True,False
96,111-2,71321.25,"(45, 11)",taxation,6,0.25,False,True,False
96,134-2,64898.0,"(42, 16)",taxation,6,0.25,False,True,False
96,168-2,71356.5,"(11, 36)",taxation,6,0.25,False,True,False
96,106-2,61698.75,"(19, 45)",taxation,6,0.25,False,True,False
96,162-2,68101.5,"(12, 41)",taxation,6,0.25,False,True,False
96,214-2,42372.0,"(4, 47)",taxation,6,0.25,False,True,False
96,110-2,74534.0,"(30, 18)",taxation,6,0.25,False,True,False
96,95-2,74551.5,"(41, 15)",taxation,6,0.25,False,True,False
96,122-2,55261.25,"(10, 45)",taxation,6,0.25,False,True,False
96,231-2,42371.75,"(22, 12)",taxation,6,0.25,False,True,False
96,100-2,64897.75,"(22, 37)",taxation,6,0.25,False,True,False
96,141-2,52042.5,"(37, 18)",taxation,6,0.25,False,True,False
96,165-2,77742.0,"(17, 15)",taxation,6,0.25,False,True,False
96,186-2,61691.25,"(45, 16)",taxation,6,0.25,False,True,False
96,201-2,45580.25,"(19, 19)",taxation,6,0.25,False,True,False
96,21-2,61678.25,"(14, 9)",taxation,6,0.25,False,True,False
96,183-2,45606.75,"(21, 12)",taxation,6,0.25,False,True,False
96,203-2,77726.25,"(42, 12)",taxation,6,0.25,False,True,False
96,32-2,71303.75,"(21, 14)",taxation,6,0.25,False,True,False
96,115-2,71294.75,"(10, 18)",taxation,6,0.25,False,True,False
96,169-2,52041.0,"(8, 17)",taxation,6,0.25,False,True,False
96,78-2,61677.25,"(9, 23)",taxation,6,0.25,False,True,False
96,137-2,58444.5,"(31, 22)",taxation,6,0.25,False,True,False
96,55-2,71305.25,"(25, 15)",taxation,6,0.25,False,True,False
96,112-2,71315.5,"(15, 15)",taxation,6,0.25,False,True,False
96,193-2,58451.5,"(29, 35)",taxation,6,0.25,False,True,False
96,50-2,74515.5,"(28, 21)",taxation,6,0.25,False,True,False
96,53-2,42374.25,"(8, 20)",taxation,6,0.25,False,True,False
96,5-2,29490.5,"(12, 13)",taxation,6,0.25,False,True,False
96,247-2,58457.0,"(13, 16)",taxation,6,0.25,False,True,False
96,147-2,64896.75,"(49, 14)",taxation,6,0.25,False,True,False
96,145-2,68092.0,"(10, 17)",taxation,6,0.25,False,True,False
96,207-2,51987.75,"(29, 24)",taxation,6,0.25,False,True,False
96,120-2,74500.0,"(44, 12)",taxation,6,0.25,False,True,False
96,125-2,71309.0,"(14, 14)",taxation,6,0.25,False,True,False
96,41-2,71331.0,"(10, 15)",taxation,6,0.25,False,True,False
96,209-2,74516.5,"(27, 36)",taxation,6,0.25,False,True,False
96,113-2,68085.75,"(9, 46)",taxation,6,0.25,False,True,False
96,68-2,55254.75,"(10, 12)",taxation,6,0.25,False,True,False
96,161-2,55247.0,"(14, 43)",taxation,6,0.25,False,True,False
96,175-2,55223.5,"(43, 7)",taxation,6,0.25,False,True,False
96,85-2,58459.0,"(14, 37)",taxation,6,0.25,False,True,False
96,234-2,68070.5,"(18, 10)",taxation,6,0.25,False,True,False
96,45-2,68089.75,"(17, 12)",taxation,6,0.25,False,True,False
96,196-2,45611.0,"(19, 16)",taxation,6,0.25,False,True,False
96,174-2,71300.5,"(10, 44)",taxation,6,0.25,False,True,False
96,103-2,64852.5,"(33, 18)",taxation,6,0.25,False,True,False
96,33-2,52007.25,"(13, 10)",taxation,6,0.25,False,True,False
96,19-2,68063.0,"(32, 18)",taxation,6,0.25,False,True,False
96,130-2,71285.5,"(34, 37)",taxation,6,0.25,False,True,False
96,155-2,68104.25,"(18, 13)",taxation,6,0.25,False,True,False
96,86-2,64869.0,"(18, 36)",taxation,6,0.25,False,True,False
96,164-2,68090.25,"(35, 16)",taxation,6,0.25,False,True,False
96,2-2,64869.75,"(21, 39)",taxation,6,0.25,False,True,False
96,11-2,51979.25,"(45, 10)",taxation,6,0.25,False,True,False
96,202-2,74498.0,"(18, 12)",taxation,6,0.25,False,True,False
96,121-2,64889.0,"(13, 49)",taxation,6,0.25,False,True,False
96,163-2,77729.0,"(18, 43)",taxation,6,0.25,False,True,False
96,18-2,74523.75,"(14, 40)",taxation,6,0.25,False,True,False
96,132-2,71277.75,"(27, 20)",taxation,6,0.25,False,True,False
96,160-2,58433.0,"(10, 14)",taxation,6,0.25,False,True,False
96,221-2,61651.5,"(35, 40)",taxation,6,0.25,False,True,False
96,90-2,58460.5,"(46, 8)",taxation,6,0.25,False,True,False
96,64-2,64842.0,"(47, 5)",taxation,6,0.25,False,True,False
96,102-2,45581.5,"(15, 38)",taxation,6,0.25,False,True,False
96,188-2,64884.5,"(15, 39)",taxation,6,0.25,False,True,False
96,92-2,71289.0,"(14, 17)",taxation,6,0.25,False,True,False
96,96-2,74515.5,"(27, 15)",taxation,6,0.25,False,True,False
96,107-2,71276.5,"(11, 37)",taxation,6,0.25,False,True,False
96,80-2,71286.5,"(1, 44)",taxation,6,0.25,False,True,False
96,237-2,51997.75,"(18, 16)",taxation,6,0.25,False,True,False
96,13-2,61655.25,"(6, 38)",taxation,6,0.25,False,True,False
96,104-2,61666.5,"(28, 11)",taxation,6,0.25,False,True,False
96,27-2,58433.75,"(19, 15)",taxation,6,0.25,False,True,False
96,248-2,64839.25,"(14, 11)",taxation,6,0.25,False,True,False
96,48-2,68049.0,"(14, 16)",taxation,6,0.25,False,True,False
96,57-2,58416.25,"(31, 20)",taxation,6,0.25,False,True,False
96,184-2,64825.25,"(43, 9)",taxation,6,0.25,False,True,False
96,30-2,74492.25,"(28, 42)",taxation,6,0.25,False,True,False
96,108-2,35907.25,"(27, 41)",taxation,6,0.25,False,True,False
96,166-2,61637.25,"(14, 36)",taxation,6,0.25,False,True,False
96,233-2,61654.25,"(13, 47)",taxation,6,0.25,False,True,False
96,69-2,71259.5,"(15, 37)",taxation,6,0.25,False,True,False
96,229-2,71328.25,"(8, 39)",taxation,6,0.25,False,True,False
96,236-2,64840.25,"(45, 13)",taxation,6,0.25,False,True,False
96,109-2,64852.5,"(41, 16)",taxation,6,0.25,False,True,False
96,235-2,64836.25,"(27, 16)",taxation,6,0.25,False,True,False
96,62-2,64858.5,"(15, 41)",taxation,6,0.25,False,True,False
96,89-2,68075.75,"(20, 49)",taxation,6,0.25,False,True,False
96,58-2,68030.5,"(21, 38)",taxation,6,0.25,False,True,False
96,61-2,77720.25,"(17, 43)",taxation,6,0.25,False,True,False
96,152-2,68070.25,"(7, 16)",taxation,6,0.25,False,True,False
96,124-2,61628.25,"(20, 15)",taxation,6,0.25,False,True,False
96,97-2,51961.75,"(27, 35)",taxation,6,0.25,False,True,False
96,232-2,39109.25,"(27, 37)",taxation,6,0.25,False,True,False
96,116-2,71276.5,"(17, 44)",taxation,6,0.25,False,True,False
96,37-2,68055.75,"(46, 7)",taxation,6,0.25,False,True,False
96,7-2,48795.5,"(15, 40)",taxation,6,0.25,False,True,False
96,26-2,51997.75,"(5, 48)",taxation,6,0.25,False,True,False
96,117-2,58415.5,"(15, 48)",taxation,6,0.25,False,True,False
96,82-2,68059.5,"(15, 35)",taxation,6,0.25,False,True,False
96,88-2,64830.0,"(9, 19)",taxation,6,0.25,False,True,False
96,59-2,58397.25,"(6, 37)",taxation,6,0.25,False,True,False
96,52-2,48765.25,"(44, 16)",taxation,6,0.25,False,True,False
96,194-2,58429.5,"(15, 14)",taxation,6,0.25,False,True,False
96,72-2,74487.5,"(10, 43)",taxation,6,0.25,False,True,False
96,199-2,74464.0,"(47, 13)",taxation,6,0.25,False,True,False
96,43-2,64827.75,"(32, 24)",taxation,6,0.25,False,True,False
96,128-2,71266.0,"(29, 23)",taxation,6,0.25,False,True,False
96,84-2,64833.5,"(16, 5)",taxation,6,0.25,False,True,False
96,114-2,74482.75,"(34, 16)",taxation,6,0.25,False,True,False
96,223-2,45530.0,"(16, 12)",taxation,6,0.25,False,True,False
96,123-2,74488.75,"(22, 41)",taxation,6,0.25,False,True,False
96,215-2,71259.5,"(15, 16)",taxation,6,0.25,False,True,False
96,127-2,68025.0,"(9, 17)",taxation,6,0.25,False,True,False
96,24-2,51991.5,"(45, 12)",taxation,6,0.25,False,True,False
96,136-2,51967.5,"(29, 17)",taxation,6,0.25,False,True,False
96,65-2,74469.25,"(32, 17)",taxation,6,0.25,False,True,False
96,14-2,16616.5,"(20, 16)",taxation,6,0.25,False,True,False
96,185-2,64844.5,"(13, 37)",taxation,6,0.25,False,True,False
96,77-2,55187.5,"(24, 11)",taxation,6,0.25,False,True,False
96,36-2,48758.25,"(12, 14)",taxation,6,0.25,False,True,False
96,190-2,64827.75,"(37, 0)",taxation,6,0.25,False,True,False
96,46-2,45538.0,"(35, 22)",taxation,6,0.25,False,True,False
96,218-2,74503.5,"(12, 17)",taxation,6,0.25,False,True,False
96,220-2,71267.0,"(4, 41)",taxation,6,0.25,False,True,False
96,224-2,55168.75,"(29, 33)",taxation,6,0.25,False,True,False
96,129-2,61625.0,"(24, 19)",taxation,6,0.25,False,True,False
96,157-2,61600.25,"(24, 13)",taxation,6,0.25,False,True,False
96,195-2,29445.25,"(9, 36)",taxation,6,0.25,False,True,False
96,8-2,64836.0,"(16, 47)",taxation,6,0.25,False,True,False
96,119-2,64802.0,"(11, 19)",taxation,6,0.25,False,True,False
96,99-2,61590.25,"(7, 15)",taxation,6,0.25,False,True,False
96,135-2,64818.75,"(20, 12)",taxation,6,0.25,False,True,False
96,47-2,45550.75,"(46, 12)",taxation,6,0.25,False,True,False
96,79-2,61611.25,"(10, 16)",taxation,6,0.25,False,True,False
96,87-2,64797.5,"(29, 18)",taxation,6,0.25,False,True,False
96,15-2,58403.75,"(47, 9)",taxation,6,0.25,False,True,False
96,29-2,64820.25,"(47, 10)",taxation,6,0.25,False,True,False
96,178-2,71253.25,"(39, 5)",taxation,6,0.25,False,True,False
96,60-2,68046.25,"(17, 48)",taxation,6,0.25,False,True,False
96,192-2,58388.0,"(13, 48)",taxation,6,0.25,False,True,False
96,49-2,61603.5,"(21, 37)",taxation,6,0.25,False,True,False
96,81-2,61617.25,"(44, 11)",taxation,6,0.25,False,True,False
96,118-2,71243.5,"(13, 18)",taxation,6,0.25,False,True,False
96,34-2,58389.0,"(17, 6)",taxation,6,0.25,False,True,False
96,211-2,42294.75,"(11, 11)",taxation,6,0.25,False,True,False
96,177-2,64832.75,"(43, 8)",taxation,6,0.25,False,True,False
96,39-2,45513.5,"(11, 16)",taxation,6,0.25,False,True,False
96,245-2,71241.75,"(17, 39)",taxation,6,0.25,False,True,False
96,131-2,64814.0,"(16, 39)",taxation,6,0.25,False,True,False
96,213-2,64832.5,"(13, 14)",taxation,6,0.25,False,True,False
96,9-2,55181.25,"(47, 12)",taxation,6,0.25,False,True,False
96,171-2,64823.5,"(15, 11)",taxation,6,0.25,False,True,False
96,230-2,51971.0,"(14, 38)",taxation,6,0.25,False,True,False
96,217-2,39080.5,"(11, 18)",taxation,6,0.25,False,True,False
96,227-2,71221.5,"(42, 19)",taxation,6,0.25,False,True,False
96,244-2,74444.5,"(47, 6)",taxation,6,0.25,False,True,False
96,204-2,71235.5,"(43, 13)",taxation,6,0.25,False,True,False
96,105-2,58367.5,"(16, 11)",taxation,6,0.25,False,True,False
96,239-2,64791.5,"(30, 17)",taxation,6,0.25,False,True,False
96,243-2,61589.5,"(13, 36)",taxation,6,0.25,False,True,False
96,139-3,58366.6875,"(15, 49)",taxation,6,0.25,False,True,False
96,228-3,38277.25,"(18, 6)",taxation,6,0.25,False,True,False
96,197-2,51941.25,"(8, 19)",taxation,6,0.25,False,True,False
96,151-2,51927.25,"(16, 46)",taxation,6,0.25,False,True,False
96,191-2,74427.75,"(16, 41)",taxation,6,0.25,False,True,False
96,153-2,32639.0,"(48, 12)",taxation,6,0.25,False,True,False
96,159-2,51942.5,"(44, 18)",taxation,6,0.25,False,True,False
96,222-2,64812.5,"(27, 17)",taxation,6,0.25,False,True,False
96,200-2,61574.0,"(12, 16)",taxation,6,0.25,False,True,False
96,181-2,64775.250000000015,"(42, 20)",taxation,6,0.25,False,True,False
96,101-2,64832.75,"(5, 47)",taxation,6,0.25,False,True,False
96,35-2,64816.5,"(14, 15)",taxation,6,0.25,False,True,False
96,70-2,68031.0,"(14, 41)",taxation,6,0.25,False,True,False
96,238-2,64813.0,"(41, 20)",taxation,6,0.25,False,True,False
96,158-3,47089.75,"(16, 40)",taxation,6,0.25,False,True,False
96,20-2,61577.0,"(48, 13)",taxation,6,0.25,False,True,False
96,31-3,58342.625,"(17, 16)",taxation,6,0.25,False,True,False
96,179-3,42309.375,"(33, 24)",taxation,6,0.25,False,True,False
96,93-2,29432.0,"(47, 11)",taxation,6,0.25,False,True,False
96,3-2,39057.25,"(13, 11)",taxation,6,0.25,False,True,False
96,143-2,64777.75,"(30, 20)",taxation,6,0.25,False,True,False
96,219-3,56734.75,"(16, 16)",taxation,6,0.25,False,True,False
96,98-3,26243.75,"(9, 14)",taxation,6,0.25,False,True,False
96,138-2,67986.75,"(30, 29)",taxation,6,0.25,False,True,False
96,66-2,71213.75,"(16, 43)",taxation,6,0.25,False,True,False
96,210-2,77633.75,"(46, 18)",taxation,6,0.25,False,True,False
96,150-2,55141.25,"(31, 24)",taxation,6,0.25,False,True,False
96,44-2,42293.0,"(28, 10)",taxation,6,0.25,False,True,False
96,154-3,22995.75,"(28, 35)",taxation,6,0.25,False,True,False
96,126-2,64780.75,"(31, 21)",taxation,6,0.25,False,True,False
96,74-3,56744.0,"(35, 26)",taxation,6,0.25,False,True,False
96,28-3,44705.9375,"(14, 35)",taxation,6,0.25,False,True,False
96,146-3,19787.75,"(29, 42)",taxation,6,0.25,False,True,False
96,176-3,507.25,"(28, 36)",taxation,6,0.25,False,True,False
96,208-3,51925.9375,"(19, 18)",taxation,6,0.25,False,True,False
96,216-2,71194.0,"(32, 22)",taxation,6,0.25,False,True,False
96,187-3,26193.25,"(42, 7)",taxation,6,0.25,False,True,False
96,167-3,51118.3125,"(36, 22)",taxation,6,0.25,False,True,False
96,240-3,16544.75,"(14, 44)",taxation,6,0.25,False,True,False
96,140-3,528.75,"(12, 10)",taxation,6,0.25,False,True,False
96,149-3,43903.75,"(47, 8)",taxation,6,0.25,False,True,False
96,173-3,13367.75,"(18, 42)",taxation,6,0.25,False,True,False
96,246-3,48708.75,"(23, 15)",taxation,6,0.25,False,True,False
96,75-3,46302.75,"(46, 10)",taxation,6,0.25,False,True,False
96,12-2,61549.75,"(46, 9)",taxation,6,0.25,False,True,False
96,1-3,37450.1875,"(18, 37)",taxation,6,0.25,False,True,False
96,17-3,53515.375,"(29, 25)",taxation,6,0.25,False,True,False
96,67-2,48705.75,"(35, 24)",taxation,6,0.25,False,True,False
96,40-3,53538.75,"(11, 13)",taxation,6,0.25,False,True,False
96,23-3,52727.0,"(18, 18)",taxation,6,0.25,False,True,False
96,142-3,31814.8125,"(0, 44)",taxation,6,0.25,False,True,False
96,76-3,48715.562500000015,"(44, 9)",taxation,6,0.25,False,True,False
96,94-3,16556.5,"(18, 15)",taxation,6,0.25,False,True,False
96,241-3,46276.625,"(46, 13)",taxation,6,0.25,False,True,False
96,170-3,44689.3125,"(13, 17)",taxation,6,0.25,False,True,False
96,242-3,22180.9375,"(15, 47)",taxation,6,0.25,False,True,False
96,198-3,46294.625,"(44, 13)",taxation,6,0.25,False,True,False
96,10-3,51095.1875,"(15, 17)",taxation,6,0.25,False,True,False
96,172-3,53492.3125,"(17, 13)",taxation,6,0.25,False,True,False
96,189-3,43882.125,"(11, 20)",taxation,6,0.25,False,True,False
96,206-3,49505.4375,"(15, 43)",taxation,6,0.25,False,True,False
96,182-3,51090.1875,"(31, 18)",taxation,6,0.25,False,True,False
96,42-3,36663.625,"(13, 13)",taxation,6,0.25,False,True,False
96,148-3,39027.9375,"(33, 17)",taxation,6,0.25,False,True,False
96,0-3,34235.4375,"(11, 17)",taxation,6,0.25,False,True,False
96,212-3,51086.8125,"(16, 45)",taxation,6,0.25,False,True,False
96,225-3,51084.5625,"(40, 21)",taxation,6,0.25,False,True,False
96,6-3,55921.5,"(17, 18)",taxation,6,0.25,False,True,False
97,25-2,58468.0,"(13, 19)",taxation,6,0.25,False,True,False
97,180-2,64926.25,"(13, 34)",taxation,6,0.25,False,True,False
97,4-2,48837.25,"(24, 24)",taxation,6,0.25,False,True,False
97,83-2,71344.75,"(24, 22)",taxation,6,0.25,False,True,False
97,249-2,68169.0,"(16, 36)",taxation,6,0.25,False,True,False
97,22-2,74552.0,"(26, 25)",taxation,6,0.25,False,True,False
97,205-2,32773.75,"(25, 20)",taxation,6,0.25,False,True,False
97,156-2,48852.5,"(49, 5)",taxation,6,0.25,False,True,False
97,51-2,68136.5,"(20, 41)",taxation,6,0.25,False,True,False
97,133-2,58481.0,"(9, 15)",taxation,6,0.25,False,True,False
97,73-2,68134.25,"(27, 38)",taxation,6,0.25,False,True,False
97,56-2,64911.75,"(48, 6)",taxation,6,0.25,False,True,False
97,71-2,71321.25,"(39, 17)",taxation,6,0.25,False,True,False
97,91-2,71338.75,"(20, 37)",taxation,6,0.25,False,True,False
97,226-2,64893.75,"(17, 21)",taxation,6,0.25,False,True,False
97,16-2,74562.5,"(47, 7)",taxation,6,0.25,False,True,False
97,111-2,71329.25,"(49, 10)",taxation,6,0.25,False,True,False
97,134-2,64905.0,"(44, 21)",taxation,6,0.25,False,True,False
97,168-2,71364.5,"(17, 37)",taxation,6,0.25,False,True,False
97,106-2,61707.75,"(22, 47)",taxation,6,0.25,False,True,False
97,162-2,68108.5,"(17, 47)",taxation,6,0.25,False,True,False
97,214-2,42376.0,"(5, 41)",taxation,6,0.25,False,True,False
97,110-2,74543.0,"(27, 21)",taxation,6,0.25,False,True,False
97,95-2,74558.5,"(42, 14)",taxation,6,0.25,False,True,False
97,122-2,55266.25,"(13, 39)",taxation,6,0.25,False,True,False
97,231-2,42377.75,"(23, 14)",taxation,6,0.25,False,True,False
97,100-2,64905.75,"(23, 37)",taxation,6,0.25,False,True,False
97,141-2,52049.5,"(39, 19)",taxation,6,0.25,False,True,False
97,165-2,77750.0,"(17, 20)",taxation,6,0.25,False,True,False
97,186-2,61699.25,"(49, 16)",taxation,6,0.25,False,True,False
97,201-2,45588.25,"(19, 20)",taxation,6,0.25,False,True,False
97,21-2,61683.25,"(14, 12)",taxation,6,0.25,False,True,False
97,183-2,45613.75,"(21, 18)",taxation,6,0.25,False,True,False
97,203-2,77734.25,"(48, 7)",taxation,6,0.25,False,True,False
97,32-2,71310.75,"(22, 19)",taxation,6,0.25,False,True,False
97,115-2,71303.75,"(16, 21)",taxation,6,0.25,False,True,False
97,169-2,52049.0,"(10, 23)",taxation,6,0.25,False,True,False
97,78-2,61686.25,"(12, 24)",taxation,6,0.25,False,True,False
97,137-2,58452.5,"(27, 25)",taxation,6,0.25,False,True,False
97,55-2,71314.25,"(23, 21)",taxation,6,0.25,False,True,False
97,112-2,71324.5,"(14, 20)",taxation,6,0.25,False,True,False
97,193-2,58459.5,"(26, 35)",taxation,6,0.25,False,True,False
97,50-2,74524.5,"(26, 21)",taxation,6,0.25,False,True,False
97,53-2,42383.25,"(14, 21)",taxation,6,0.25,False,True,False
97,5-2,29496.5,"(18, 17)",taxation,6,0.25,False,True,False
97,247-2,58466.0,"(13, 21)",taxation,6,0.25,False,True,False
97,147-2,64904.75,"(49, 17)",taxation,6,0.25,False,True,False
97,145-2,68101.0,"(9, 16)",taxation,6,0.25,False,True,False
97,207-2,51995.75,"(27, 26)",taxation,6,0.25,False,True,False
97,120-2,74506.0,"(40, 11)",taxation,6,0.25,False,True,False
97,125-2,71317.0,"(17, 19)",taxation,6,0.25,False,True,False
97,41-2,71340.0,"(13, 20)",taxation,6,0.25,False,True,False
97,209-2,74524.5,"(26, 37)",taxation,6,0.25,False,True,False
97,113-2,68090.75,"(13, 41)",taxation,6,0.25,False,True,False
97,68-2,55259.75,"(11, 12)",taxation,6,0.25,False,True,False
97,161-2,55253.0,"(17, 38)",taxation,6,0.25,False,True,False
97,175-2,55231.5,"(47, 4)",taxation,6,0.25,False,True,False
97,85-2,58468.0,"(20, 39)",taxation,6,0.25,False,True,False
97,234-2,68076.5,"(19, 13)",taxation,6,0.25,False,True,False
97,45-2,68098.75,"(14, 18)",taxation,6,0.25,False,True,False
97,196-2,45619.0,"(19, 22)",taxation,6,0.25,False,True,False
97,174-2,71305.5,"(13, 40)",taxation,6,0.25,False,True,False
97,103-2,64860.5,"(27, 24)",taxation,6,0.25,False,True,False
97,33-2,52012.25,"(13, 12)",taxation,6,0.25,False,True,False
97,19-2,68070.0,"(28, 19)",taxation,6,0.25,False,True,False
97,130-2,71293.5,"(28, 31)",taxation,6,0.25,False,True,False
97,155-2,68112.25,"(15, 18)",taxation,6,0.25,False,True,False
97,86-2,64877.0,"(19, 36)",taxation,6,0.25,False,True,False
97,164-2,68097.25,"(40, 18)",taxation,6,0.25,False,True,False
97,2-2,64877.75,"(22, 39)",taxation,6,0.25,False,True,False
97,11-2,51987.25,"(44, 8)",taxation,6,0.25,False,True,False
97,202-2,74504.0,"(21, 15)",taxation,6,0.25,False,True,False
97,121-2,64893.0,"(17, 46)",taxation,6,0.25,False,True,False
97,163-2,77738.0,"(20, 43)",taxation,6,0.25,False,True,False
97,18-2,74531.75,"(18, 40)",taxation,6,0.25,False,True,False
97,132-2,71285.75,"(25, 22)",taxation,6,0.25,False,True,False
97,160-2,58435.0,"(7, 20)",taxation,6,0.25,False,True,False
97,221-2,61658.5,"(33, 39)",taxation,6,0.25,False,True,False
97,90-2,58467.5,"(44, 6)",taxation,6,0.25,False,True,False
97,64-2,64849.0,"(46, 4)",taxation,6,0.25,False,True,False
97,102-2,45590.5,"(21, 44)",taxation,6,0.25,False,True,False
97,188-2,64892.5,"(21, 35)",taxation,6,0.25,False,True,False
97,92-2,71297.0,"(14, 23)",taxation,6,0.25,False,True,False
97,96-2,74522.5,"(27, 19)",taxation,6,0.25,False,True,False
97,107-2,71284.5,"(16, 35)",taxation,6,0.25,False,True,False
97,80-2,71290.5,"(1, 39)",taxation,6,0.25,False,True,False
97,237-2,52004.75,"(21, 20)",taxation,6,0.25,False,True,False
97,13-2,61661.25,"(9, 34)",taxation,6,0.25,False,True,False
97,104-2,61672.5,"(24, 14)",taxation,6,0.25,False,True,False
97,27-2,58442.75,"(22, 21)",taxation,6,0.25,False,True,False
97,248-2,64848.25,"(8, 15)",taxation,6,0.25,False,True,False
97,48-2,68057.0,"(16, 20)",taxation,6,0.25,False,True,False
97,57-2,58425.25,"(28, 22)",taxation,6,0.25,False,True,False
97,184-2,64833.25,"(48, 8)",taxation,6,0.25,False,True,False
97,30-2,74501.25,"(22, 46)",taxation,6,0.25,False,True,False
97,108-2,35916.25,"(21, 41)",taxation,6,0.25,False,True,False
97,166-2,61645.25,"(17, 35)",taxation,6,0.25,False,True,False
97,233-2,61662.25,"(19, 46)",taxation,6,0.25,False,True,False
97,69-2,71268.5,"(19, 39)",taxation,6,0.25,False,True,False
97,229-2,71335.25,"(14, 33)",taxation,6,0.25,False,True,False
97,236-2,64846.25,"(40, 15)",taxation,6,0.25,False,True,False
97,109-2,64859.5,"(40, 17)",taxation,6,0.25,False,True,False
97,235-2,64844.25,"(24, 21)",taxation,6,0.25,False,True,False
97,62-2,64866.5,"(20, 38)",taxation,6,0.25,False,True,False
97,89-2,68084.75,"(22, 48)",taxation,6,0.25,False,True,False
97,58-2,68038.5,"(22, 38)",taxation,6,0.25,False,True,False
97,61-2,77729.25,"(21, 46)",taxation,6,0.25,False,True,False
97,152-2,68077.25,"(7, 22)",taxation,6,0.25,False,True,False
97,124-2,61636.25,"(20, 21)",taxation,6,0.25,False,True,False
97,97-2,51969.75,"(26, 34)",taxation,6,0.25,False,True,False
97,232-2,39117.25,"(25, 37)",taxation,6,0.25,False,True,False
97,116-2,71285.5,"(22, 45)",taxation,6,0.25,False,True,False
97,37-2,68063.75,"(49, 6)",taxation,6,0.25,False,True,False
97,7-2,48803.5,"(21, 42)",taxation,6,0.25,False,True,False
97,26-2,52000.75,"(6, 47)",taxation,6,0.25,False,True,False
97,117-2,58424.5,"(20, 45)",taxation,6,0.25,False,True,False
97,82-2,68067.5,"(20, 33)",taxation,6,0.25,False,True,False
97,88-2,64838.0,"(10, 24)",taxation,6,0.25,False,True,False
97,59-2,58404.25,"(12, 34)",taxation,6,0.25,False,True,False
97,52-2,48772.25,"(45, 15)",taxation,6,0.25,False,True,False
97,194-2,58436.5,"(21, 19)",taxation,6,0.25,False,True,False
97,72-2,74493.5,"(16, 37)",taxation,6,0.25,False,True,False
97,199-2,74472.0,"(49, 13)",taxation,6,0.25,False,True,False
97,43-2,64835.75,"(26, 26)",taxation,6,0.25,False,True,False
97,128-2,71275.0,"(28, 23)",taxation,6,0.25,False,True,False
97,84-2,64837.5,"(15, 9)",taxation,6,0.25,False,True,False
97,114-2,74490.75,"(32, 21)",taxation,6,0.25,False,True,False
97,223-2,45538.0,"(10, 13)",taxation,6,0.25,False,True,False
97,123-2,74497.75,"(21, 40)",taxation,6,0.25,False,True,False
97,215-2,71267.5,"(18, 21)",taxation,6,0.25,False,True,False
97,127-2,68034.0,"(8, 18)",taxation,6,0.25,False,True,False
97,24-2,51999.5,"(49, 11)",taxation,6,0.25,False,True,False
97,136-2,51974.5,"(23, 23)",taxation,6,0.25,False,True,False
97,65-2,74477.25,"(26, 22)",taxation,6,0.25,False,True,False
97,14-2,16624.5,"(20, 22)",taxation,6,0.25,False,True,False
97,185-2,64853.5,"(19, 37)",taxation,6,0.25,False,True,False
97,77-2,55194.5,"(21, 17)",taxation,6,0.25,False,True,False
97,36-2,48764.25,"(16, 18)",taxation,6,0.25,False,True,False
97,190-2,64834.75,"(42, 3)",taxation,6,0.25,False,True,False
97,46-2,45546.0,"(31, 26)",taxation,6,0.25,False,True,False
97,218-2,74511.5,"(13, 23)",taxation,6,0.25,False,True,False
97,220-2,71272.0,"(6, 36)",taxation,6,0.25,False,True,False
97,224-2,55176.75,"(27, 33)",taxation,6,0.25,False,True,False
97,129-2,61634.0,"(24, 20)",taxation,6,0.25,False,True,False
97,157-2,61606.25,"(24, 16)",taxation,6,0.25,False,True,False
97,195-2,29452.25,"(13, 33)",taxation,6,0.25,False,True,False
97,8-2,64844.0,"(21, 43)",taxation,6,0.25,False,True,False
97,119-2,64810.0,"(12, 22)",taxation,6,0.25,False,True,False
97,99-2,61596.25,"(12, 21)",taxation,6,0.25,False,True,False
97,135-2,64824.75,"(22, 15)",taxation,6,0.25,False,True,False
97,47-2,45558.75,"(49, 12)",taxation,6,0.25,False,True,False
97,79-2,61619.25,"(13, 22)",taxation,6,0.25,False,True,False
97,87-2,64806.5,"(25, 21)",taxation,6,0.25,False,True,False
97,15-2,58411.75,"(49, 9)",taxation,6,0.25,False,True,False
97,29-2,64828.25,"(48, 10)",taxation,6,0.25,False,True,False
97,178-2,71261.25,"(45, 3)",taxation,6,0.25,False,True,False
97,60-2,68054.25,"(23, 44)",taxation,6,0.25,False,True,False
97,192-2,58396.0,"(19, 43)",taxation,6,0.25,False,True,False
97,49-2,61611.5,"(22, 36)",taxation,6,0.25,False,True,False
97,81-2,61623.25,"(42, 8)",taxation,6,0.25,False,True,False
97,118-2,71251.5,"(15, 19)",taxation,6,0.25,False,True,False
97,34-2,58394.0,"(20, 11)",taxation,6,0.25,False,True,False
97,211-2,42303.75,"(8, 14)",taxation,6,0.25,False,True,False
97,177-2,64839.75,"(44, 4)",taxation,6,0.25,False,True,False
97,39-2,45522.5,"(8, 16)",taxation,6,0.25,False,True,False
97,245-2,71249.75,"(22, 40)",taxation,6,0.25,False,True,False
97,131-2,64822.0,"(22, 42)",taxation,6,0.25,False,True,False
97,213-2,64837.5,"(16, 15)",taxation,6,0.25,False,True,False
97,9-2,55188.25,"(46, 15)",taxation,6,0.25,False,True,False
97,171-2,64830.5,"(20, 17)",taxation,6,0.25,False,True,False
97,230-2,51979.0,"(20, 34)",taxation,6,0.25,False,True,False
97,217-2,39089.5,"(12, 18)",taxation,6,0.25,False,True,False
97,227-2,71228.5,"(40, 19)",taxation,6,0.25,False,True,False
97,244-2,74452.5,"(49, 4)",taxation,6,0.25,False,True,False
97,204-2,71241.5,"(40, 12)",taxation,6,0.25,False,True,False
97,105-2,58374.5,"(19, 17)",taxation,6,0.25,False,True,False
97,239-2,64798.5,"(30, 23)",taxation,6,0.25,False,True,False
97,243-2,61597.5,"(19, 38)",taxation,6,0.25,False,True,False
97,139-3,58374.6875,"(20, 47)",taxation,6,0.25,False,True,False
97,228-3,38283.25,"(15, 12)",taxation,6,0.25,False,True,False
97,197-2,51949.25,"(8, 23)",taxation,6,0.25,False,True,False
97,151-2,51936.25,"(21, 49)",taxation,6,0.25,False,True,False
97,191-2,74436.75,"(19, 42)",taxation,6,0.25,False,True,False
97,153-2,32647.0,"(49, 7)",taxation,6,0.25,False,True,False
97,159-2,51950.5,"(49, 19)",taxation,6,0.25,False,True,False
97,222-2,64819.5,"(23, 19)",taxation,6,0.25,False,True,False
97,200-2,61583.0,"(12, 19)",taxation,6,0.25,False,True,False
97,181-2,64782.250000000015,"(42, 22)",taxation,6,0.25,False,True,False
97,101-2,64836.75,"(9, 43)",taxation,6,0.25,False,True,False
97,35-2,64824.5,"(15, 20)",taxation,6,0.25,False,True,False
97,70-2,68039.0,"(20, 35)",taxation,6,0.25,False,True,False
97,238-2,64820.0,"(42, 21)",taxation,6,0.25,False,True,False
97,158-3,47098.75,"(20, 40)",taxation,6,0.25,False,True,False
97,20-2,61584.0,"(48, 19)",taxation,6,0.25,False,True,False
97,31-3,58350.625,"(19, 21)",taxation,6,0.25,False,True,False
97,179-3,42317.375,"(30, 26)",taxation,6,0.25,False,True,False
97,93-2,29440.0,"(48, 11)",taxation,6,0.25,False,True,False
97,3-2,39063.25,"(17, 17)",taxation,6,0.25,False,True,False
97,143-2,64785.75,"(29, 21)",taxation,6,0.25,False,True,False
97,219-3,56742.75,"(18, 22)",taxation,6,0.25,False,True,False
97,98-3,26248.75,"(12, 20)",taxation,6,0.25,False,True,False
97,138-2,67994.75,"(30, 28)",taxation,6,0.25,False,True,False
97,66-2,71222.75,"(20, 44)",taxation,6,0.25,False,True,False
97,210-2,77640.75,"(46, 16)",taxation,6,0.25,False,True,False
97,150-2,55149.25,"(29, 26)",taxation,6,0.25,False,True,False
97,44-2,42299.0,"(23, 13)",taxation,6,0.25,False,True,False
97,154-3,23003.75,"(26, 33)",taxation,6,0.25,False,True,False
97,126-2,64788.75,"(29, 22)",taxation,6,0.25,False,True,False
97,74-3,56752.0,"(30, 27)",taxation,6,0.25,False,True,False
97,28-3,44713.9375,"(19, 33)",taxation,6,0.25,False,True,False
97,146-3,19795.75,"(28, 43)",taxation,6,0.25,False,True,False
97,176-3,515.25,"(26, 36)",taxation,6,0.25,False,True,False
97,208-3,51934.9375,"(22, 20)",taxation,6,0.25,False,True,False
97,216-2,71202.0,"(31, 25)",taxation,6,0.25,False,True,False
97,187-3,26201.25,"(48, 4)",taxation,6,0.25,False,True,False
97,167-3,51126.3125,"(32, 26)",taxation,6,0.25,False,True,False
97,240-3,16552.75,"(18, 41)",taxation,6,0.25,False,True,False
97,140-3,532.75,"(12, 11)",taxation,6,0.25,False,True,False
97,149-3,43910.75,"(45, 5)",taxation,6,0.25,False,True,False
97,173-3,13376.75,"(20, 42)",taxation,6,0.25,False,True,False
97,246-3,48716.75,"(20, 20)",taxation,6,0.25,False,True,False
97,75-3,46309.75,"(44, 5)",taxation,6,0.25,False,True,False
97,12-2,61557.75,"(48, 9)",taxation,6,0.25,False,True,False
97,1-3,37458.1875,"(21, 34)",taxation,6,0.25,False,True,False
97,17-3,53523.375,"(28, 26)",taxation,6,0.25,False,True,False
97,67-2,48713.75,"(29, 29)",taxation,6,0.25,False,True,False
97,40-3,53544.75,"(14, 19)",taxation,6,0.25,False,True,False
97,23-3,52736.0,"(16, 19)",taxation,6,0.25,False,True,False
97,142-3,31818.8125,"(3, 40)",taxation,6,0.25,False,True,False
97,76-3,48723.562500000015,"(48, 5)",taxation,6,0.25,False,True,False
97,94-3,16565.5,"(23, 20)",taxation,6,0.25,False,True,False
97,241-3,46284.625,"(49, 15)",taxation,6,0.25,False,True,False
97,170-3,44697.3125,"(15, 21)",taxation,6,0.25,False,True,False
97,242-3,22188.9375,"(21, 45)",taxation,6,0.25,False,True,False
97,198-3,46302.625,"(49, 8)",taxation,6,0.25,False,True,False
97,10-3,51103.1875,"(14, 22)",taxation,6,0.25,False,True,False
97,172-3,53499.3125,"(20, 18)",taxation,6,0.25,False,True,False
97,189-3,43890.125,"(11, 23)",taxation,6,0.25,False,True,False
97,206-3,49514.4375,"(21, 48)",taxation,6,0.25,False,True,False
97,182-3,51098.1875,"(30, 24)",taxation,6,0.25,False,True,False
97,42-3,36669.625,"(16, 17)",taxation,6,0.25,False,True,False
97,148-3,39034.9375,"(36, 21)",taxation,6,0.25,False,True,False
97,0-3,34243.4375,"(11, 22)",taxation,6,0.25,False,True,False
97,212-3,51095.8125,"(19, 44)",taxation,6,0.25,False,True,False
97,225-3,51091.5625,"(40, 20)",taxation,6,0.25,False,True,False
97,6-3,55929.5,"(18, 20)",taxation,6,0.25,False,True,False
97,38-3,51118.125,"(14, 42)",taxation,6,0.25,False,True,False
97,54-3,48690.1875,"(18, 19)",taxation,6,0.25,False,True,False
97,63-3,46251.5625,"(15, 42)",taxation,6,0.25,False,True,False
97,144-3,48712.875,"(14, 34)",taxation,6,0.25,False,True,False
98,25-2,58475.0,"(16, 22)",taxation,6,0.25,False,True,False
98,4-2,48846.25,"(24, 30)",taxation,6,0.25,False,True,False
98,205-2,32782.75,"(19, 25)",taxation,6,0.25,False,True,False
98,156-2,48860.5,"(47, 1)",taxation,6,0.25,False,True,False
98,51-2,68143.5,"(20, 36)",taxation,6,0.25,False,True,False
98,133-2,58487.0,"(9, 21)",taxation,6,0.25,False,True,False
98,73-2,68143.25,"(27, 39)",taxation,6,0.25,False,True,False
98,56-2,64919.75,"(46, 1)",taxation,6,0.25,False,True,False
98,71-2,71328.25,"(37, 17)",taxation,6,0.25,False,True,False
98,91-2,71346.75,"(17, 33)",taxation,6,0.25,False,True,False
98,226-2,64902.75,"(18, 26)",taxation,6,0.25,False,True,False
98,16-2,74570.5,"(47, 3)",taxation,6,0.25,False,True,False
98,111-2,71335.25,"(43, 4)",taxation,6,0.25,False,True,False
98,134-2,64913.0,"(46, 21)",taxation,6,0.25,False,True,False
98,168-2,71372.5,"(17, 32)",taxation,6,0.25,False,True,False
98,106-2,61715.75,"(27, 46)",taxation,6,0.25,False,True,False
98,214-2,42383.0,"(11, 35)",taxation,6,0.25,False,True,False
98,110-2,74551.0,"(22, 27)",taxation,6,0.25,False,True,False
98,95-2,74565.5,"(38, 16)",taxation,6,0.25,False,True,False
98,122-2,55274.25,"(16, 33)",taxation,6,0.25,False,True,False
98,231-2,42384.75,"(25, 19)",taxation,6,0.25,False,True,False
98,100-2,64914.75,"(25, 34)",taxation,6,0.25,False,True,False
98,141-2,52056.5,"(39, 18)",taxation,6,0.25,False,True,False
98,165-2,77759.0,"(17, 26)",taxation,6,0.25,False,True,False
98,186-2,61704.25,"(47, 22)",taxation,6,0.25,False,True,False
98,201-2,45595.25,"(23, 18)",taxation,6,0.25,False,True,False
98,21-2,61689.25,"(20, 14)",taxation,6,0.25,False,True,False
98,183-2,45621.75,"(22, 24)",taxation,6,0.25,False,True,False
98,203-2,77741.25,"(43, 1)",taxation,6,0.25,False,True,False
98,32-2,71318.75,"(21, 23)",taxation,6,0.25,False,True,False
98,115-2,71312.75,"(17, 25)",taxation,6,0.25,False,True,False
98,169-2,52057.0,"(12, 27)",taxation,6,0.25,False,True,False
98,78-2,61695.25,"(14, 25)",taxation,6,0.25,False,True,False
98,137-2,58461.5,"(23, 25)",taxation,6,0.25,False,True,False
98,55-2,71322.25,"(23, 27)",taxation,6,0.25,False,True,False
98,112-2,71331.5,"(14, 24)",taxation,6,0.25,False,True,False
98,193-2,58468.5,"(25, 33)",taxation,6,0.25,False,True,False
98,50-2,74532.5,"(22, 22)",taxation,6,0.25,False,True,False
98,53-2,42391.25,"(16, 26)",taxation,6,0.25,False,True,False
98,5-2,29504.5,"(17, 22)",taxation,6,0.25,False,True,False
98,247-2,58475.0,"(13, 25)",taxation,6,0.25,False,True,False
98,147-2,64909.75,"(48, 22)",taxation,6,0.25,False,True,False
98,145-2,68106.0,"(8, 21)",taxation,6,0.25,False,True,False
98,207-2,52004.75,"(23, 31)",taxation,6,0.25,False,True,False
98,120-2,74513.0,"(41, 7)",taxation,6,0.25,False,True,False
98,125-2,71325.0,"(16, 24)",taxation,6,0.25,False,True,False
98,41-2,71348.0,"(13, 26)",taxation,6,0.25,False,True,False
98,209-2,74533.5,"(24, 33)",taxation,6,0.25,False,True,False
98,113-2,68097.75,"(13, 35)",taxation,6,0.25,False,True,False
98,68-2,55263.75,"(17, 9)",taxation,6,0.25,False,True,False
98,161-2,55262.0,"(22, 35)",taxation,6,0.25,False,True,False
98,175-2,55238.5,"(45, 2)",taxation,6,0.25,False,True,False
98,85-2,58477.0,"(22, 34)",taxation,6,0.25,False,True,False
98,234-2,68083.5,"(22, 16)",taxation,6,0.25,False,True,False
98,45-2,68104.75,"(8, 24)",taxation,6,0.25,False,True,False
98,196-2,45627.0,"(17, 24)",taxation,6,0.25,False,True,False
98,174-2,71313.5,"(16, 34)",taxation,6,0.25,False,True,False
98,103-2,64869.5,"(24, 26)",taxation,6,0.25,False,True,False
98,33-2,52015.25,"(14, 7)",taxation,6,0.25,False,True,False
98,19-2,68078.0,"(30, 25)",taxation,6,0.25,False,True,False
98,130-2,71301.5,"(27, 31)",taxation,6,0.25,False,True,False
98,155-2,68121.25,"(18, 24)",taxation,6,0.25,False,True,False
98,86-2,64886.0,"(23, 32)",taxation,6,0.25,False,True,False
98,164-2,68104.25,"(38, 17)",taxation,6,0.25,False,True,False
98,2-2,64886.75,"(23, 38)",taxation,6,0.25,False,True,False
98,11-2,51995.25,"(42, 4)",taxation,6,0.25,False,True,False
98,202-2,74511.0,"(26, 17)",taxation,6,0.25,False,True,False
98,121-2,64899.0,"(22, 44)",taxation,6,0.25,False,True,False
98,163-2,77745.0,"(25, 41)",taxation,6,0.25,False,True,False
98,18-2,74540.75,"(23, 41)",taxation,6,0.25,False,True,False
98,132-2,71294.75,"(19, 24)",taxation,6,0.25,False,True,False
98,160-2,58443.0,"(12, 26)",taxation,6,0.25,False,True,False
98,221-2,61667.5,"(27, 42)",taxation,6,0.25,False,True,False
98,90-2,58475.5,"(46, 3)",taxation,6,0.25,False,True,False
98,64-2,64857.0,"(45, 1)",taxation,6,0.25,False,True,False
98,102-2,45598.5,"(27, 40)",taxation,6,0.25,False,True,False
98,188-2,64901.5,"(22, 32)",taxation,6,0.25,False,True,False
98,92-2,71305.0,"(13, 27)",taxation,6,0.25,False,True,False
98,96-2,74529.5,"(27, 18)",taxation,6,0.25,False,True,False
98,107-2,71293.5,"(22, 33)",taxation,6,0.25,False,True,False
98,80-2,71296.5,"(7, 34)",taxation,6,0.25,False,True,False
98,237-2,52012.75,"(21, 25)",taxation,6,0.25,False,True,False
98,13-2,61669.25,"(9, 28)",taxation,6,0.25,False,True,False
98,104-2,61679.5,"(25, 16)",taxation,6,0.25,False,True,False
98,27-2,58451.75,"(21, 24)",taxation,6,0.25,False,True,False
98,248-2,64854.25,"(11, 21)",taxation,6,0.25,False,True,False
98,48-2,68065.0,"(16, 25)",taxation,6,0.25,False,True,False
98,57-2,58434.25,"(25, 25)",taxation,6,0.25,False,True,False
98,184-2,64841.25,"(49, 2)",taxation,6,0.25,False,True,False
98,30-2,74508.25,"(26, 48)",taxation,6,0.25,False,True,False
98,108-2,35924.25,"(26, 40)",taxation,6,0.25,False,True,False
98,166-2,61654.25,"(21, 32)",taxation,6,0.25,False,True,False
98,233-2,61670.25,"(23, 49)",taxation,6,0.25,False,True,False
98,69-2,71277.5,"(23, 34)",taxation,6,0.25,False,True,False
98,229-2,71343.25,"(15, 31)",taxation,6,0.25,False,True,False
98,236-2,64853.25,"(40, 16)",taxation,6,0.25,False,True,False
98,109-2,64867.5,"(41, 22)",taxation,6,0.25,False,True,False
98,235-2,64852.25,"(21, 26)",taxation,6,0.25,False,True,False
98,62-2,64875.5,"(23, 35)",taxation,6,0.25,False,True,False
98,89-2,68092.75,"(23, 48)",taxation,6,0.25,False,True,False
98,58-2,68047.5,"(24, 37)",taxation,6,0.25,False,True,False
98,61-2,77738.25,"(26, 47)",taxation,6,0.25,False,True,False
98,152-2,68085.25,"(10, 28)",taxation,6,0.25,False,True,False
98,124-2,61644.25,"(22, 25)",taxation,6,0.25,False,True,False
98,97-2,51977.75,"(27, 32)",taxation,6,0.25,False,True,False
98,232-2,39126.25,"(25, 36)",taxation,6,0.25,False,True,False
98,116-2,71294.5,"(24, 44)",taxation,6,0.25,False,True,False
98,37-2,68071.75,"(49, 3)",taxation,6,0.25,False,True,False
98,7-2,48811.5,"(27, 44)",taxation,6,0.25,False,True,False
98,26-2,52004.75,"(6, 49)",taxation,6,0.25,False,True,False
98,117-2,58430.5,"(22, 43)",taxation,6,0.25,False,True,False
98,82-2,68075.5,"(21, 31)",taxation,6,0.25,False,True,False
98,88-2,64847.0,"(11, 26)",taxation,6,0.25,False,True,False
98,59-2,58412.25,"(14, 31)",taxation,6,0.25,False,True,False
98,52-2,48780.25,"(45, 21)",taxation,6,0.25,False,True,False
98,194-2,58444.5,"(21, 22)",taxation,6,0.25,False,True,False
98,72-2,74502.5,"(21, 33)",taxation,6,0.25,False,True,False
98,199-2,74475.0,"(47, 15)",taxation,6,0.25,False,True,False
98,43-2,64843.75,"(25, 26)",taxation,6,0.25,False,True,False
98,128-2,71283.0,"(27, 27)",taxation,6,0.25,False,True,False
98,84-2,64841.5,"(17, 5)",taxation,6,0.25,False,True,False
98,114-2,74499.75,"(26, 27)",taxation,6,0.25,False,True,False
98,223-2,45541.0,"(15, 7)",taxation,6,0.25,False,True,False
98,123-2,74506.75,"(24, 43)",taxation,6,0.25,False,True,False
98,215-2,71275.5,"(17, 27)",taxation,6,0.25,False,True,False
98,127-2,68041.0,"(12, 23)",taxation,6,0.25,False,True,False
98,24-2,52006.5,"(43, 6)",taxation,6,0.25,False,True,False
98,136-2,51982.5,"(22, 26)",taxation,6,0.25,False,True,False
98,65-2,74485.25,"(26, 28)",taxation,6,0.25,False,True,False
98,14-2,16632.5,"(20, 25)",taxation,6,0.25,False,True,False
98,185-2,64861.5,"(18, 33)",taxation,6,0.25,False,True,False
98,77-2,55201.5,"(23, 17)",taxation,6,0.25,False,True,False
98,36-2,48771.25,"(16, 23)",taxation,6,0.25,False,True,False
98,190-2,64841.75,"(42, 2)",taxation,6,0.25,False,True,False
98,46-2,45554.0,"(31, 29)",taxation,6,0.25,False,True,False
98,218-2,74520.5,"(15, 23)",taxation,6,0.25,False,True,False
98,220-2,71279.0,"(8, 33)",taxation,6,0.25,False,True,False
98,224-2,55185.75,"(24, 32)",taxation,6,0.25,False,True,False
98,129-2,61643.0,"(24, 25)",taxation,6,0.25,False,True,False
98,157-2,61613.25,"(26, 18)",taxation,6,0.25,False,True,False
98,195-2,29460.25,"(15, 32)",taxation,6,0.25,False,True,False
98,8-2,64853.0,"(26, 46)",taxation,6,0.25,False,True,False
98,119-2,64819.0,"(14, 27)",taxation,6,0.25,False,True,False
98,99-2,61605.25,"(12, 25)",taxation,6,0.25,False,True,False
98,135-2,64831.75,"(28, 18)",taxation,6,0.25,False,True,False
98,47-2,45564.75,"(45, 6)",taxation,6,0.25,False,True,False
98,79-2,61627.25,"(15, 27)",taxation,6,0.25,False,True,False
98,87-2,64814.5,"(23, 24)",taxation,6,0.25,False,True,False
98,15-2,58414.75,"(44, 15)",taxation,6,0.25,False,True,False
98,29-2,64836.25,"(45, 4)",taxation,6,0.25,False,True,False
98,178-2,71269.25,"(46, 2)",taxation,6,0.25,False,True,False
98,60-2,68062.25,"(26, 45)",taxation,6,0.25,False,True,False
98,192-2,58403.0,"(18, 38)",taxation,6,0.25,False,True,False
98,49-2,61620.5,"(24, 34)",taxation,6,0.25,False,True,False
98,81-2,61631.25,"(43, 2)",taxation,6,0.25,False,True,False
98,118-2,71260.5,"(18, 23)",taxation,6,0.25,False,True,False
98,34-2,58401.0,"(21, 16)",taxation,6,0.25,False,True,False
98,211-2,42308.75,"(3, 17)",taxation,6,0.25,False,True,False
98,177-2,64847.75,"(43, 3)",taxation,6,0.25,False,True,False
98,39-2,45528.5,"(9, 22)",taxation,6,0.25,False,True,False
98,245-2,71258.75,"(25, 38)",taxation,6,0.25,False,True,False
98,131-2,64831.0,"(27, 43)",taxation,6,0.25,False,True,False
98,213-2,64844.5,"(21, 21)",taxation,6,0.25,False,True,False
98,9-2,55196.25,"(49, 20)",taxation,6,0.25,False,True,False
98,171-2,64839.5,"(19, 23)",taxation,6,0.25,False,True,False
98,230-2,51987.0,"(20, 31)",taxation,6,0.25,False,True,False
98,217-2,39096.5,"(15, 22)",taxation,6,0.25,False,True,False
98,227-2,71236.5,"(36, 23)",taxation,6,0.25,False,True,False
98,244-2,74460.5,"(48, 1)",taxation,6,0.25,False,True,False
98,204-2,71248.5,"(38, 15)",taxation,6,0.25,False,True,False
98,105-2,58381.5,"(22, 17)",taxation,6,0.25,False,True,False
98,239-2,64806.5,"(32, 29)",taxation,6,0.25,False,True,False
98,243-2,61605.5,"(20, 32)",taxation,6,0.25,False,True,False
98,139-3,58383.6875,"(23, 43)",taxation,6,0.25,False,True,False
98,228-3,38287.25,"(21, 9)",taxation,6,0.25,False,True,False
98,197-2,51957.25,"(9, 27)",taxation,6,0.25,False,True,False
98,151-2,51943.25,"(25, 46)",taxation,6,0.25,False,True,False
98,191-2,74444.75,"(24, 42)",taxation,6,0.25,False,True,False
98,153-2,32655.0,"(49, 1)",taxation,6,0.25,False,True,False
98,159-2,51956.5,"(47, 23)",taxation,6,0.25,False,True,False
98,222-2,64828.5,"(20, 24)",taxation,6,0.25,False,True,False
98,200-2,61590.0,"(11, 24)",taxation,6,0.25,False,True,False
98,181-2,64789.250000000015,"(40, 23)",taxation,6,0.25,False,True,False
98,101-2,64841.75,"(9, 41)",taxation,6,0.25,False,True,False
98,35-2,64832.5,"(20, 26)",taxation,6,0.25,False,True,False
98,70-2,68047.0,"(18, 32)",taxation,6,0.25,False,True,False
98,238-2,64827.0,"(39, 23)",taxation,6,0.25,False,True,False
98,158-3,47106.75,"(24, 40)",taxation,6,0.25,False,True,False
98,20-2,61590.0,"(43, 25)",taxation,6,0.25,False,True,False
98,31-3,58358.625,"(19, 26)",taxation,6,0.25,False,True,False
98,179-3,42326.375,"(25, 32)",taxation,6,0.25,False,True,False
98,93-2,29447.0,"(46, 5)",taxation,6,0.25,False,True,False
98,3-2,39070.25,"(20, 19)",taxation,6,0.25,False,True,False
98,143-2,64793.75,"(24, 27)",taxation,6,0.25,False,True,False
98,219-3,56750.75,"(18, 27)",taxation,6,0.25,False,True,False
98,98-3,26255.75,"(13, 24)",taxation,6,0.25,False,True,False
98,138-2,68003.75,"(26, 32)",taxation,6,0.25,False,True,False
98,66-2,71231.75,"(25, 43)",taxation,6,0.25,False,True,False
98,210-2,77648.75,"(48, 20)",taxation,6,0.25,False,True,False
98,150-2,55158.25,"(24, 31)",taxation,6,0.25,False,True,False
98,44-2,42306.0,"(23, 16)",taxation,6,0.25,False,True,False
98,154-3,23011.75,"(27, 34)",taxation,6,0.25,False,True,False
98,126-2,64796.75,"(27, 28)",taxation,6,0.25,False,True,False
98,74-3,56760.0,"(31, 28)",taxation,6,0.25,False,True,False
98,28-3,44721.9375,"(19, 32)",taxation,6,0.25,False,True,False
98,146-3,19803.75,"(28, 44)",taxation,6,0.25,False,True,False
98,176-3,524.25,"(25, 35)",taxation,6,0.25,False,True,False
98,208-3,51942.9375,"(22, 23)",taxation,6,0.25,False,True,False
98,216-2,71210.0,"(31, 30)",taxation,6,0.25,False,True,False
98,187-3,26209.25,"(47, 2)",taxation,6,0.25,False,True,False
98,167-3,51134.3125,"(32, 28)",taxation,6,0.25,False,True,False
98,240-3,16561.75,"(24, 35)",taxation,6,0.25,False,True,False
98,140-3,536.75,"(15, 5)",taxation,6,0.25,False,True,False
98,149-3,43918.75,"(44, 2)",taxation,6,0.25,False,True,False
98,173-3,13385.75,"(23, 42)",taxation,6,0.25,False,True,False
98,246-3,48725.75,"(14, 26)",taxation,6,0.25,False,True,False
98,75-3,46317.75,"(44, 1)",taxation,6,0.25,False,True,False
98,12-2,61565.75,"(48, 3)",taxation,6,0.25,False,True,False
98,1-3,37467.1875,"(23, 33)",taxation,6,0.25,False,True,False
98,17-3,53532.375,"(25, 27)",taxation,6,0.25,False,True,False
98,67-2,48722.75,"(25, 29)",taxation,6,0.25,False,True,False
98,40-3,53551.75,"(15, 25)",taxation,6,0.25,False,True,False
98,23-3,52743.0,"(15, 24)",taxation,6,0.25,False,True,False
98,142-3,31824.8125,"(7, 36)",taxation,6,0.25,False,True,False
98,76-3,48731.562500000015,"(48, 2)",taxation,6,0.25,False,True,False
98,94-3,16572.5,"(23, 22)",taxation,6,0.25,False,True,False
98,241-3,46288.625,"(49, 21)",taxation,6,0.25,False,True,False
98,170-3,44706.3125,"(17, 23)",taxation,6,0.25,False,True,False
98,242-3,22195.9375,"(26, 42)",taxation,6,0.25,False,True,False
98,198-3,46309.625,"(44, 3)",taxation,6,0.25,False,True,False
98,10-3,51111.1875,"(15, 26)",taxation,6,0.25,False,True,False
98,172-3,53506.3125,"(22, 18)",taxation,6,0.25,False,True,False
98,189-3,43898.125,"(11, 28)",taxation,6,0.25,False,True,False
98,206-3,49522.4375,"(24, 48)",taxation,6,0.25,False,True,False
98,182-3,51106.1875,"(31, 27)",taxation,6,0.25,False,True,False
98,42-3,36675.625,"(10, 22)",taxation,6,0.25,False,True,False
98,148-3,39042.9375,"(35, 25)",taxation,6,0.25,False,True,False
98,0-3,34252.4375,"(9, 25)",taxation,6,0.25,False,True,False
98,212-3,51102.8125,"(24, 41)",taxation,6,0.25,False,True,False
98,225-3,51098.5625,"(38, 19)",taxation,6,0.25,False,True,False
98,6-3,55937.5,"(20, 23)",taxation,6,0.25,False,True,False
98,38-3,51125.125,"(17, 36)",taxation,6,0.25,False,True,False
98,54-3,48699.1875,"(18, 25)",taxation,6,0.25,False,True,False
98,63-3,46259.5625,"(21, 47)",taxation,6,0.25,False,True,False
98,144-3,48721.875,"(14, 28)",taxation,6,0.25,False,True,False
98,22-3,55920.75,"(23, 26)",taxation,6,0.25,False,True,False
98,162-3,51085.875,"(20, 48)",taxation,6,0.25,False,True,False
98,249-3,51132.75,"(16, 32)",taxation,6,0.25,False,True,False
98,180-3,48700.6875,"(16, 31)",taxation,6,0.25,False,True,False
98,83-3,53514.5625,"(21, 27)",taxation,6,0.25,False,True,False
99,25-2,58478.0,"(10, 20)",taxation,6,0.25,False,True,False
99,205-2,32791.75,"(19, 27)",taxation,6,0.25,False,True,False
99,156-2,48868.5,"(47, 0)",taxation,6,0.25,False,True,False
99,73-2,68152.25,"(31, 35)",taxation,6,0.25,False,True,False
99,56-2,64927.75,"(49, 0)",taxation,6,0.25,False,True,False
99,71-2,71336.25,"(33, 20)",taxation,6,0.25,False,True,False
99,91-2,71355.75,"(17, 30)",taxation,6,0.25,False,True,False
99,226-2,64911.75,"(17, 28)",taxation,6,0.25,False,True,False
99,111-2,71342.25,"(39, 4)",taxation,6,0.25,False,True,False
99,134-2,64920.0,"(46, 26)",taxation,6,0.25,False,True,False
99,168-2,71381.5,"(21, 29)",taxation,6,0.25,False,True,False
99,106-2,61724.75,"(29, 44)",taxation,6,0.25,False,True,False
99,214-2,42391.0,"(11, 34)",taxation,6,0.25,False,True,False
99,110-2,74560.0,"(26, 29)",taxation,6,0.25,False,True,False
99,95-2,74573.5,"(34, 19)",taxation,6,0.25,False,True,False
99,122-2,55283.25,"(18, 31)",taxation,6,0.25,False,True,False
99,231-2,42392.75,"(28, 20)",taxation,6,0.25,False,True,False
99,100-2,64923.75,"(28, 32)",taxation,6,0.25,False,True,False
99,141-2,52064.5,"(33, 21)",taxation,6,0.25,False,True,False
99,165-2,77768.0,"(19, 29)",taxation,6,0.25,False,True,False
99,186-2,61711.25,"(45, 26)",taxation,6,0.25,False,True,False
99,201-2,45603.25,"(24, 23)",taxation,6,0.25,False,True,False
99,21-2,61696.25,"(24, 15)",taxation,6,0.25,False,True,False
99,183-2,45623.75,"(27, 20)",taxation,6,0.25,False,True,False
99,203-2,77749.25,"(40, 0)",taxation,6,0.25,False,True,False
99,32-2,71325.75,"(26, 19)",taxation,6,0.25,False,True,False
99,115-2,71320.75,"(14, 29)",taxation,6,0.25,False,True,False
99,169-2,52065.0,"(11, 32)",taxation,6,0.25,False,True,False
99,78-2,61703.25,"(12, 30)",taxation,6,0.25,False,True,False
99,137-2,58469.5,"(29, 27)",taxation,6,0.25,False,True,False
99,55-2,71331.25,"(23, 28)",taxation,6,0.25,False,True,False
99,112-2,71338.5,"(8, 25)",taxation,6,0.25,False,True,False
99,193-2,58477.5,"(26, 31)",taxation,6,0.25,False,True,False
99,50-2,74539.5,"(28, 16)",taxation,6,0.25,False,True,False
99,53-2,42399.25,"(12, 31)",taxation,6,0.25,False,True,False
99,5-2,29513.5,"(20, 28)",taxation,6,0.25,False,True,False
99,247-2,58484.0,"(18, 30)",taxation,6,0.25,False,True,False
99,147-2,64916.75,"(43, 26)",taxation,6,0.25,False,True,False
99,145-2,68114.0,"(10, 25)",taxation,6,0.25,False,True,False
99,207-2,52012.75,"(28, 29)",taxation,6,0.25,False,True,False
99,120-2,74520.0,"(38, 7)",taxation,6,0.25,False,True,False
99,125-2,71333.0,"(15, 29)",taxation,6,0.25,False,True,False
99,41-2,71357.0,"(19, 30)",taxation,6,0.25,False,True,False
99,209-2,74542.5,"(25, 30)",taxation,6,0.25,False,True,False
99,113-2,68105.75,"(12, 33)",taxation,6,0.25,False,True,False
99,68-2,55269.75,"(22, 14)",taxation,6,0.25,False,True,False
99,161-2,55271.0,"(22, 31)",taxation,6,0.25,False,True,False
99,175-2,55246.5,"(43, 0)",taxation,6,0.25,False,True,False
99,85-2,58486.0,"(22, 29)",taxation,6,0.25,False,True,False
99,234-2,68090.5,"(24, 17)",taxation,6,0.25,False,True,False
99,45-2,68112.75,"(10, 26)",taxation,6,0.25,False,True,False
99,196-2,45635.0,"(13, 30)",taxation,6,0.25,False,True,False
99,174-2,71321.5,"(13, 32)",taxation,6,0.25,False,True,False
99,103-2,64877.5,"(28, 25)",taxation,6,0.25,False,True,False
99,33-2,52020.25,"(16, 3)",taxation,6,0.25,False,True,False
99,19-2,68087.0,"(27, 29)",taxation,6,0.25,False,True,False
99,130-2,71310.5,"(27, 30)",taxation,6,0.25,False,True,False
99,155-2,68123.25,"(17, 18)",taxation,6,0.25,False,True,False
99,86-2,64895.0,"(23, 29)",taxation,6,0.25,False,True,False
99,164-2,68112.25,"(35, 19)",taxation,6,0.25,False,True,False
99,2-2,64893.75,"(24, 39)",taxation,6,0.25,False,True,False
99,11-2,52003.25,"(41, 3)",taxation,6,0.25,False,True,False
99,202-2,74519.0,"(31, 23)",taxation,6,0.25,False,True,False
99,121-2,64907.0,"(28, 48)",taxation,6,0.25,False,True,False
99,163-2,77753.0,"(23, 36)",taxation,6,0.25,False,True,False
99,18-2,74549.75,"(28, 39)",taxation,6,0.25,False,True,False
99,132-2,71301.75,"(25, 18)",taxation,6,0.25,False,True,False
99,160-2,58452.0,"(16, 28)",taxation,6,0.25,False,True,False
99,221-2,61676.5,"(33, 41)",taxation,6,0.25,False,True,False
99,90-2,58482.5,"(41, 0)",taxation,6,0.25,False,True,False
99,64-2,64865.0,"(41, 1)",taxation,6,0.25,False,True,False
99,102-2,45607.5,"(28, 38)",taxation,6,0.25,False,True,False
99,188-2,64910.5,"(20, 30)",taxation,6,0.25,False,True,False
99,92-2,71314.0,"(18, 29)",taxation,6,0.25,False,True,False
99,96-2,74537.5,"(30, 21)",taxation,6,0.25,False,True,False
99,107-2,71301.5,"(18, 35)",taxation,6,0.25,False,True,False
99,80-2,71304.5,"(9, 31)",taxation,6,0.25,False,True,False
99,237-2,52020.75,"(25, 24)",taxation,6,0.25,False,True,False
99,13-2,61677.25,"(9, 29)",taxation,6,0.25,False,True,False
99,104-2,61686.5,"(26, 14)",taxation,6,0.25,False,True,False
99,27-2,58453.75,"(18, 18)",taxation,6,0.25,False,True,False
99,248-2,64861.25,"(7, 24)",taxation,6,0.25,False,True,False
99,48-2,68073.0,"(10, 31)",taxation,6,0.25,False,True,False
99,57-2,58442.25,"(27, 23)",taxation,6,0.25,False,True,False
99,184-2,64844.25,"(43, 5)",taxation,6,0.25,False,True,False
99,30-2,74517.25,"(31, 43)",taxation,6,0.25,False,True,False
99,108-2,35933.25,"(32, 36)",taxation,6,0.25,False,True,False
99,166-2,61662.25,"(21, 36)",taxation,6,0.25,False,True,False
99,233-2,61677.25,"(25, 49)",taxation,6,0.25,False,True,False
99,69-2,71286.5,"(23, 30)",taxation,6,0.25,False,True,False
99,229-2,71352.25,"(16, 30)",taxation,6,0.25,False,True,False
99,236-2,64861.25,"(35, 18)",taxation,6,0.25,False,True,False
99,109-2,64875.5,"(36, 20)",taxation,6,0.25,False,True,False
99,235-2,64853.25,"(24, 24)",taxation,6,0.25,False,True,False
99,62-2,64884.5,"(21, 30)",taxation,6,0.25,False,True,False
99,89-2,68099.75,"(25, 48)",taxation,6,0.25,False,True,False
99,58-2,68056.5,"(30, 34)",taxation,6,0.25,False,True,False
99,61-2,77746.25,"(29, 47)",taxation,6,0.25,False,True,False
99,152-2,68094.25,"(12, 28)",taxation,6,0.25,False,True,False
99,124-2,61652.25,"(28, 28)",taxation,6,0.25,False,True,False
99,97-2,51986.75,"(32, 33)",taxation,6,0.25,False,True,False
99,232-2,39134.25,"(31, 37)",taxation,6,0.25,False,True,False
99,116-2,71302.5,"(28, 47)",taxation,6,0.25,False,True,False
99,37-2,68074.75,"(46, 6)",taxation,6,0.25,False,True,False
99,7-2,48820.5,"(30, 44)",taxation,6,0.25,False,True,False
99,26-2,52009.75,"(7, 49)",taxation,6,0.25,False,True,False
99,117-2,58438.5,"(28, 45)",taxation,6,0.25,False,True,False
99,82-2,68078.5,"(24, 36)",taxation,6,0.25,False,True,False
99,88-2,64855.0,"(11, 30)",taxation,6,0.25,False,True,False
99,59-2,58421.25,"(15, 30)",taxation,6,0.25,False,True,False
99,52-2,48787.25,"(41, 24)",taxation,6,0.25,False,True,False
99,194-2,58446.5,"(20, 16)",taxation,6,0.25,False,True,False
99,72-2,74510.5,"(19, 35)",taxation,6,0.25,False,True,False
99,199-2,74482.0,"(41, 14)",taxation,6,0.25,False,True,False
99,43-2,64852.75,"(24, 28)",taxation,6,0.25,False,True,False
99,128-2,71292.0,"(28, 30)",taxation,6,0.25,False,True,False
99,84-2,64846.5,"(18, 5)",taxation,6,0.25,False,True,False
99,114-2,74508.75,"(25, 28)",taxation,6,0.25,False,True,False
99,223-2,45546.0,"(17, 3)",taxation,6,0.25,False,True,False
99,123-2,74514.75,"(29, 46)",taxation,6,0.25,False,True,False
99,215-2,71283.5,"(13, 31)",taxation,6,0.25,False,True,False
99,127-2,68049.0,"(12, 29)",taxation,6,0.25,False,True,False
99,24-2,52013.5,"(38, 6)",taxation,6,0.25,False,True,False
99,136-2,51984.5,"(26, 20)",taxation,6,0.25,False,True,False
99,65-2,74493.25,"(29, 28)",taxation,6,0.25,False,True,False
99,14-2,16633.5,"(20, 22)",taxation,6,0.25,False,True,False
99,185-2,64869.5,"(17, 34)",taxation,6,0.25,False,True,False
99,77-2,55208.5,"(27, 14)",taxation,6,0.25,False,True,False
99,36-2,48774.25,"(10, 21)",taxation,6,0.25,False,True,False
99,190-2,64849.75,"(42, 1)",taxation,6,0.25,False,True,False
99,46-2,45563.0,"(33, 35)",taxation,6,0.25,False,True,False
99,218-2,74529.5,"(16, 29)",taxation,6,0.25,False,True,False
99,220-2,71287.0,"(9, 33)",taxation,6,0.25,False,True,False
99,224-2,55189.75,"(30, 37)",taxation,6,0.25,False,True,False
99,129-2,61652.0,"(22, 28)",taxation,6,0.25,False,True,False
99,157-2,61621.25,"(29, 20)",taxation,6,0.25,False,True,False
99,195-2,29468.25,"(15, 33)",taxation,6,0.25,False,True,False
99,8-2,64861.0,"(30, 46)",taxation,6,0.25,False,True,False
99,119-2,64827.0,"(14, 30)",taxation,6,0.25,False,True,False
99,99-2,61612.25,"(9, 26)",taxation,6,0.25,False,True,False
99,135-2,64839.75,"(29, 19)",taxation,6,0.25,False,True,False
99,47-2,45572.75,"(40, 1)",taxation,6,0.25,False,True,False
99,79-2,61636.25,"(16, 27)",taxation,6,0.25,False,True,False
99,87-2,64816.5,"(24, 19)",taxation,6,0.25,False,True,False
99,15-2,58421.75,"(39, 15)",taxation,6,0.25,False,True,False
99,29-2,64843.25,"(39, 0)",taxation,6,0.25,False,True,False
99,178-2,71277.25,"(46, 0)",taxation,6,0.25,False,True,False
99,60-2,68070.25,"(30, 45)",taxation,6,0.25,False,True,False
99,192-2,58411.0,"(15, 34)",taxation,6,0.25,False,True,False
99,49-2,61629.5,"(30, 32)",taxation,6,0.25,False,True,False
99,81-2,61638.25,"(39, 2)",taxation,6,0.25,False,True,False
99,118-2,71262.5,"(15, 17)",taxation,6,0.25,False,True,False
99,34-2,58408.0,"(25, 17)",taxation,6,0.25,False,True,False
99,211-2,42315.75,"(7, 23)",taxation,6,0.25,False,True,False
99,177-2,64855.75,"(41, 2)",taxation,6,0.25,False,True,False
99,39-2,45536.5,"(7, 27)",taxation,6,0.25,False,True,False
99,245-2,71267.75,"(31, 34)",taxation,6,0.25,False,True,False
99,131-2,64840.0,"(29, 43)",taxation,6,0.25,False,True,False
99,213-2,64853.5,"(20, 27)",taxation,6,0.25,False,True,False
99,9-2,55202.25,"(49, 25)",taxation,6,0.25,False,True,False
99,171-2,64841.5,"(19, 19)",taxation,6,0.25,False,True,False
99,230-2,51995.0,"(18, 34)",taxation,6,0.25,False,True,False
99,217-2,39104.5,"(13, 28)",taxation,6,0.25,False,True,False
99,227-2,71244.5,"(37, 22)",taxation,6,0.25,False,True,False
99,244-2,74463.5,"(42, 5)",taxation,6,0.25,False,True,False
99,204-2,71255.5,"(39, 16)",taxation,6,0.25,False,True,False
99,105-2,58389.5,"(27, 22)",taxation,6,0.25,False,True,False
99,239-2,64814.5,"(33, 29)",taxation,6,0.25,False,True,False
99,243-2,61612.5,"(16, 38)",taxation,6,0.25,False,True,False
99,139-3,58391.6875,"(27, 45)",taxation,6,0.25,False,True,False
99,228-3,38294.25,"(25, 11)",taxation,6,0.25,False,True,False
99,197-2,51965.25,"(10, 29)",taxation,6,0.25,False,True,False
99,151-2,51951.25,"(27, 47)",taxation,6,0.25,False,True,False
99,191-2,74452.75,"(28, 46)",taxation,6,0.25,False,True,False
99,153-2,32658.0,"(44, 7)",taxation,6,0.25,False,True,False
99,159-2,51963.5,"(44, 27)",taxation,6,0.25,False,True,False
99,222-2,64830.5,"(19, 18)",taxation,6,0.25,False,True,False
99,200-2,61598.0,"(11, 27)",taxation,6,0.25,False,True,False
99,181-2,64797.250000000015,"(38, 22)",taxation,6,0.25,False,True,False
99,101-2,64849.75,"(12, 35)",taxation,6,0.25,False,True,False
99,35-2,64841.5,"(21, 28)",taxation,6,0.25,False,True,False
99,70-2,68056.0,"(19, 31)",taxation,6,0.25,False,True,False
99,238-2,64835.0,"(37, 21)",taxation,6,0.25,False,True,False
99,158-3,47113.75,"(23, 40)",taxation,6,0.25,False,True,False
99,20-2,61598.0,"(38, 23)",taxation,6,0.25,False,True,False
99,31-3,58359.625,"(19, 22)",taxation,6,0.25,False,True,False
99,179-3,42335.375,"(25, 31)",taxation,6,0.25,False,True,False
99,93-2,29454.0,"(40, 3)",taxation,6,0.25,False,True,False
99,3-2,39077.25,"(24, 18)",taxation,6,0.25,False,True,False
99,143-2,64802.75,"(29, 30)",taxation,6,0.25,False,True,False
99,219-3,56759.75,"(18, 28)",taxation,6,0.25,False,True,False
99,98-3,26263.75,"(10, 30)",taxation,6,0.25,False,True,False
99,138-2,68012.75,"(26, 30)",taxation,6,0.25,False,True,False
99,66-2,71240.75,"(30, 41)",taxation,6,0.25,False,True,False
99,210-2,77655.75,"(42, 26)",taxation,6,0.25,False,True,False
99,150-2,55161.25,"(28, 34)",taxation,6,0.25,False,True,False
99,44-2,42313.0,"(26, 16)",taxation,6,0.25,False,True,False
99,154-3,23019.75,"(28, 33)",taxation,6,0.25,False,True,False
99,126-2,64805.75,"(32, 34)",taxation,6,0.25,False,True,False
99,74-3,56769.0,"(30, 30)",taxation,6,0.25,False,True,False
99,28-3,44729.9375,"(19, 34)",taxation,6,0.25,False,True,False
99,146-3,19812.75,"(31, 44)",taxation,6,0.25,False,True,False
99,176-3,532.25,"(29, 31)",taxation,6,0.25,False,True,False
99,208-3,51944.9375,"(28, 21)",taxation,6,0.25,False,True,False
99,216-2,71219.0,"(33, 32)",taxation,6,0.25,False,True,False
99,187-3,26217.25,"(42, 0)",taxation,6,0.25,False,True,False
99,167-3,51143.3125,"(30, 31)",taxation,6,0.25,False,True,False
99,240-3,16570.75,"(22, 30)",taxation,6,0.25,False,True,False
99,140-3,541.75,"(16, 2)",taxation,6,0.25,False,True,False
99,149-3,43926.75,"(45, 0)",taxation,6,0.25,False,True,False
99,173-3,13393.75,"(29, 45)",taxation,6,0.25,False,True,False
99,246-3,48734.75,"(20, 29)",taxation,6,0.25,False,True,False
99,75-3,46325.75,"(44, 0)",taxation,6,0.25,False,True,False
99,12-2,61573.75,"(48, 0)",taxation,6,0.25,False,True,False
99,1-3,37475.1875,"(29, 32)",taxation,6,0.25,False,True,False
99,17-3,53541.375,"(24, 29)",taxation,6,0.25,False,True,False
99,67-2,48731.75,"(31, 32)",taxation,6,0.25,False,True,False
99,40-3,53554.75,"(9, 24)",taxation,6,0.25,False,True,False
99,23-3,52752.0,"(17, 29)",taxation,6,0.25,False,True,False
99,142-3,31832.8125,"(10, 33)",taxation,6,0.25,False,True,False
99,76-3,48734.562500000015,"(45, 7)",taxation,6,0.25,False,True,False
99,94-3,16580.5,"(28, 24)",taxation,6,0.25,False,True,False
99,241-3,46294.625,"(46, 22)",taxation,6,0.25,False,True,False
99,170-3,44714.3125,"(13, 29)",taxation,6,0.25,False,True,False
99,242-3,22204.9375,"(31, 42)",taxation,6,0.25,False,True,False
99,198-3,46316.625,"(39, 3)",taxation,6,0.25,False,True,False
99,10-3,51119.1875,"(11, 31)",taxation,6,0.25,False,True,False
99,172-3,53514.3125,"(26, 23)",taxation,6,0.25,False,True,False
99,189-3,43906.125,"(11, 29)",taxation,6,0.25,False,True,False
99,206-3,49530.4375,"(27, 48)",taxation,6,0.25,False,True,False
99,182-3,51115.1875,"(32, 30)",taxation,6,0.25,False,True,False
99,42-3,36683.625,"(10, 27)",taxation,6,0.25,False,True,False
99,148-3,39051.9375,"(31, 31)",taxation,6,0.25,False,True,False
99,0-3,34260.4375,"(9, 30)",taxation,6,0.25,False,True,False
99,212-3,51111.8125,"(29, 41)",taxation,6,0.25,False,True,False
99,225-3,51106.5625,"(33, 22)",taxation,6,0.25,False,True,False
99,6-3,55945.5,"(25, 23)",taxation,6,0.25,False,True,False
99,38-3,51134.125,"(17, 31)",taxation,6,0.25,False,True,False
99,54-3,48708.1875,"(19, 28)",taxation,6,0.25,False,True,False
99,63-3,46266.5625,"(24, 47)",taxation,6,0.25,False,True,False
99,144-3,48730.875,"(15, 28)",taxation,6,0.25,False,True,False
99,22-3,55928.75,"(28, 27)",taxation,6,0.25,False,True,False
99,162-3,51092.875,"(24, 49)",taxation,6,0.25,False,True,False
99,249-3,51140.75,"(14, 32)",taxation,6,0.25,False,True,False
99,180-3,48708.6875,"(12, 32)",taxation,6,0.25,False,True,False
99,83-3,53522.5625,"(26, 24)",taxation,6,0.25,False,True,False
99,133-3,43871.25,"(11, 25)",taxation,6,0.25,False,True,False
99,16-3,55933.125,"(41, 5)",taxation,6,0.25,False,True,False
99,51-3,51112.875,"(18, 39)",taxation,6,0.25,False,True,False
99,4-3,36637.6875,"(30, 36)",taxation,6,0.25,False,True,False
100,25-2,58486.0,"(6, 24)",taxation,6,0.25,False,True,False
100,205-2,32793.75,"(19, 21)",taxation,6,0.25,False,True,False
100,156-2,48872.5,"(41, 6)",taxation,6,0.25,False,True,False
100,73-2,68161.25,"(36, 34)",taxation,6,0.25,False,True,False
100,56-2,64930.75,"(47, 5)",taxation,6,0.25,False,True,False
100,71-2,71344.25,"(38, 25)",taxation,6,0.25,False,True,False
100,226-2,64913.75,"(14, 33)",taxation,6,0.25,False,True,False
100,134-2,64928.0,"(41, 27)",taxation,6,0.25,False,True,False
100,168-2,71384.5,"(27, 35)",taxation,6,0.25,False,True,False
100,106-2,61732.75,"(30, 43)",taxation,6,0.25,False,True,False
100,214-2,42399.0,"(10, 36)",taxation,6,0.25,False,True,False
100,110-2,74569.0,"(32, 35)",taxation,6,0.25,False,True,False
100,95-2,74581.5,"(33, 14)",taxation,6,0.25,False,True,False
100,122-2,55287.25,"(12, 37)",taxation,6,0.25,False,True,False
100,231-2,42401.75,"(33, 23)",taxation,6,0.25,False,True,False
100,100-2,64930.75,"(34, 36)",taxation,6,0.25,False,True,False
100,141-2,52072.5,"(34, 21)",taxation,6,0.25,False,True,False
100,165-2,77770.0,"(19, 33)",taxation,6,0.25,False,True,False
100,186-2,61719.25,"(41, 25)",taxation,6,0.25,False,True,False
100,201-2,45606.25,"(29, 23)",taxation,6,0.25,False,True,False
100,21-2,61704.25,"(27, 11)",taxation,6,0.25,False,True,False
100,183-2,45632.75,"(32, 23)",taxation,6,0.25,False,True,False
100,203-2,77757.25,"(37, 6)",taxation,6,0.25,False,True,False
100,32-2,71333.75,"(29, 15)",taxation,6,0.25,False,True,False
100,115-2,71328.75,"(8, 28)",taxation,6,0.25,False,True,False
100,169-2,52074.0,"(11, 33)",taxation,6,0.25,False,True,False
100,78-2,61711.25,"(8, 30)",taxation,6,0.25,False,True,False
100,137-2,58477.5,"(35, 27)",taxation,6,0.25,False,True,False
100,55-2,71333.25,"(26, 25)",taxation,6,0.25,False,True,False
100,112-2,71346.5,"(6, 25)",taxation,6,0.25,False,True,False
100,193-2,58486.5,"(32, 32)",taxation,6,0.25,False,True,False
100,50-2,74547.5,"(28, 13)",taxation,6,0.25,False,True,False
100,53-2,42405.25,"(6, 34)",taxation,6,0.25,False,True,False
100,5-2,29515.5,"(23, 23)",taxation,6,0.25,False,True,False
100,247-2,58487.0,"(15, 35)",taxation,6,0.25,False,True,False
100,147-2,64924.75,"(39, 26)",taxation,6,0.25,False,True,False
100,145-2,68122.0,"(6, 27)",taxation,6,0.25,False,True,False
100,207-2,52020.75,"(34, 28)",taxation,6,0.25,False,True,False
100,120-2,74528.0,"(34, 11)",taxation,6,0.25,False,True,False
100,125-2,71335.0,"(14, 34)",taxation,6,0.25,False,True,False
100,41-2,71360.0,"(13, 36)",taxation,6,0.25,False,True,False
100,209-2,74545.5,"(29, 33)",taxation,6,0.25,False,True,False
100,113-2,68113.75,"(8, 34)",taxation,6,0.25,False,True,False
100,68-2,55277.75,"(27, 12)",taxation,6,0.25,False,True,False
100,161-2,55274.0,"(22, 37)",taxation,6,0.25,False,True,False
100,175-2,55253.5,"(39, 6)",taxation,6,0.25,False,True,False
100,85-2,58488.0,"(21, 34)",taxation,6,0.25,False,True,False
100,234-2,68098.5,"(26, 13)",taxation,6,0.25,False,True,False
100,45-2,68120.75,"(5, 26)",taxation,6,0.25,False,True,False
100,196-2,45643.0,"(7, 31)",taxation,6,0.25,False,True,False
100,174-2,71329.5,"(8, 35)",taxation,6,0.25,False,True,False
100,103-2,64882.5,"(34, 24)",taxation,6,0.25,False,True,False
100,33-2,52026.25,"(17, 2)",taxation,6,0.25,False,True,False
100,19-2,68092.0,"(33, 28)",taxation,6,0.25,False,True,False
100,130-2,71315.5,"(31, 36)",taxation,6,0.25,False,True,False
100,155-2,68127.25,"(17, 14)",taxation,6,0.25,False,True,False
100,86-2,64899.0,"(29, 34)",taxation,6,0.25,False,True,False
100,164-2,68120.25,"(36, 17)",taxation,6,0.25,False,True,False
100,2-2,64900.75,"(18, 45)",taxation,6,0.25,False,True,False
100,11-2,52010.25,"(37, 4)",taxation,6,0.25,False,True,False
100,202-2,74528.0,"(36, 29)",taxation,6,0.25,False,True,False
100,121-2,64916.0,"(32, 42)",taxation,6,0.25,False,True,False
100,163-2,77759.0,"(26, 41)",taxation,6,0.25,False,True,False
100,18-2,74556.75,"(33, 38)",taxation,6,0.25,False,True,False
100,132-2,71309.75,"(31, 16)",taxation,6,0.25,False,True,False
100,160-2,58454.0,"(12, 24)",taxation,6,0.25,False,True,False
100,221-2,61685.5,"(36, 37)",taxation,6,0.25,False,True,False
100,90-2,58490.5,"(38, 0)",taxation,6,0.25,False,True,False
100,64-2,64872.0,"(36, 1)",taxation,6,0.25,False,True,False
100,102-2,45616.5,"(34, 35)",taxation,6,0.25,False,True,False
100,188-2,64913.5,"(18, 36)",taxation,6,0.25,False,True,False
100,92-2,71316.0,"(20, 34)",taxation,6,0.25,False,True,False
100,96-2,74545.5,"(34, 22)",taxation,6,0.25,False,True,False
100,107-2,71309.5,"(19, 40)",taxation,6,0.25,False,True,False
100,80-2,71312.5,"(8, 32)",taxation,6,0.25,False,True,False
100,237-2,52023.75,"(29, 24)",taxation,6,0.25,False,True,False
100,13-2,61686.25,"(10, 32)",taxation,6,0.25,False,True,False
100,104-2,61694.5,"(27, 13)",taxation,6,0.25,False,True,False
100,27-2,58457.75,"(18, 14)",taxation,6,0.25,False,True,False
100,248-2,64868.25,"(6, 23)",taxation,6,0.25,False,True,False
100,48-2,68081.0,"(6, 32)",taxation,6,0.25,False,True,False
100,57-2,58450.25,"(32, 20)",taxation,6,0.25,False,True,False
100,184-2,64852.25,"(38, 8)",taxation,6,0.25,False,True,False
100,30-2,74526.25,"(36, 38)",taxation,6,0.25,False,True,False
100,108-2,35941.25,"(35, 35)",taxation,6,0.25,False,True,False
100,166-2,61670.25,"(25, 42)",taxation,6,0.25,False,True,False
100,233-2,61684.25,"(20, 46)",taxation,6,0.25,False,True,False
100,69-2,71290.5,"(29, 36)",taxation,6,0.25,False,True,False
100,229-2,71356.25,"(10, 35)",taxation,6,0.25,False,True,False
100,236-2,64869.25,"(36, 14)",taxation,6,0.25,False,True,False
100,109-2,64883.5,"(35, 20)",taxation,6,0.25,False,True,False
100,235-2,64856.25,"(29, 25)",taxation,6,0.25,False,True,False
100,62-2,64887.5,"(27, 36)",taxation,6,0.25,False,True,False
100,89-2,68106.75,"(19, 48)",taxation,6,0.25,False,True,False
100,58-2,68063.5,"(32, 38)",taxation,6,0.25,False,True,False
100,61-2,77755.25,"(32, 43)",taxation,6,0.25,False,True,False
100,152-2,68102.25,"(7, 29)",taxation,6,0.25,False,True,False
100,124-2,61661.25,"(32, 31)",taxation,6,0.25,False,True,False
100,97-2,51995.75,"(33, 33)",taxation,6,0.25,False,True,False
100,232-2,39143.25,"(34, 34)",taxation,6,0.25,False,True,False
100,116-2,71311.5,"(31, 45)",taxation,6,0.25,False,True,False
100,37-2,68079.75,"(41, 4)",taxation,6,0.25,False,True,False
100,7-2,48828.5,"(26, 44)",taxation,6,0.25,False,True,False
100,26-2,52015.75,"(9, 45)",taxation,6,0.25,False,True,False
100,117-2,58445.5,"(25, 45)",taxation,6,0.25,False,True,False
100,82-2,68086.5,"(25, 39)",taxation,6,0.25,False,True,False
100,88-2,64863.0,"(7, 32)",taxation,6,0.25,False,True,False
100,59-2,58426.25,"(9, 35)",taxation,6,0.25,False,True,False
100,52-2,48796.25,"(36, 28)",taxation,6,0.25,False,True,False
100,194-2,58454.5,"(26, 11)",taxation,6,0.25,False,True,False
100,72-2,74517.5,"(19, 41)",taxation,6,0.25,False,True,False
100,199-2,74490.0,"(37, 14)",taxation,6,0.25,False,True,False
100,43-2,64855.75,"(30, 29)",taxation,6,0.25,False,True,False
100,128-2,71297.0,"(34, 26)",taxation,6,0.25,False,True,False
100,84-2,64852.5,"(18, 3)",taxation,6,0.25,False,True,False
100,114-2,74512.75,"(30, 33)",taxation,6,0.25,False,True,False
100,223-2,45552.0,"(18, 1)",taxation,6,0.25,False,True,False
100,123-2,74523.75,"(34, 41)",taxation,6,0.25,False,True,False
100,215-2,71289.5,"(8, 27)",taxation,6,0.25,False,True,False
100,127-2,68057.0,"(6, 31)",taxation,6,0.25,False,True,False
100,24-2,52021.5,"(35, 12)",taxation,6,0.25,False,True,False
100,136-2,51992.5,"(32, 14)",taxation,6,0.25,False,True,False
100,65-2,74502.25,"(35, 30)",taxation,6,0.25,False,True,False
100,14-2,16636.5,"(19, 16)",taxation,6,0.25,False,True,False
100,185-2,64873.5,"(13, 38)",taxation,6,0.25,False,True,False
100,77-2,55216.5,"(32, 13)",taxation,6,0.25,False,True,False
100,36-2,48782.25,"(5, 25)",taxation,6,0.25,False,True,False
100,190-2,64856.75,"(36, 4)",taxation,6,0.25,False,True,False
100,46-2,45571.0,"(37, 37)",taxation,6,0.25,False,True,False
100,218-2,74533.5,"(10, 34)",taxation,6,0.25,False,True,False
100,220-2,71295.0,"(7, 33)",taxation,6,0.25,False,True,False
100,224-2,55197.75,"(35, 34)",taxation,6,0.25,False,True,False
100,129-2,61654.0,"(26, 26)",taxation,6,0.25,False,True,False
100,157-2,61629.25,"(34, 25)",taxation,6,0.25,False,True,False
100,195-2,29473.25,"(9, 37)",taxation,6,0.25,False,True,False
100,8-2,64869.0,"(29, 49)",taxation,6,0.25,False,True,False
100,119-2,64832.0,"(8, 36)",taxation,6,0.25,False,True,False
100,99-2,61620.25,"(6, 26)",taxation,6,0.25,False,True,False
100,135-2,64847.75,"(33, 13)",taxation,6,0.25,False,True,False
100,47-2,45580.75,"(38, 1)",taxation,6,0.25,False,True,False
100,79-2,61638.25,"(14, 23)",taxation,6,0.25,False,True,False
100,87-2,64823.5,"(25, 14)",taxation,6,0.25,False,True,False
100,15-2,58429.75,"(37, 16)",taxation,6,0.25,False,True,False
100,29-2,64850.25,"(35, 1)",taxation,6,0.25,False,True,False
100,178-2,71282.25,"(40, 4)",taxation,6,0.25,False,True,False
100,60-2,68078.25,"(28, 40)",taxation,6,0.25,False,True,False
100,192-2,58418.0,"(17, 40)",taxation,6,0.25,False,True,False
100,49-2,61638.5,"(35, 33)",taxation,6,0.25,False,True,False
100,81-2,61646.25,"(38, 5)",taxation,6,0.25,False,True,False
100,118-2,71266.5,"(13, 15)",taxation,6,0.25,False,True,False
100,34-2,58415.0,"(29, 13)",taxation,6,0.25,False,True,False
100,211-2,42323.75,"(5, 28)",taxation,6,0.25,False,True,False
100,177-2,64862.75,"(36, 0)",taxation,6,0.25,False,True,False
100,39-2,45544.5,"(7, 26)",taxation,6,0.25,False,True,False
100,245-2,71275.75,"(36, 32)",taxation,6,0.25,False,True,False
100,131-2,64848.0,"(26, 43)",taxation,6,0.25,False,True,False
100,213-2,64855.5,"(20, 21)",taxation,6,0.25,False,True,False
100,9-2,55210.25,"(43, 28)",taxation,6,0.25,False,True,False
100,171-2,64845.5,"(16, 14)",taxation,6,0.25,False,True,False
100,230-2,51999.0,"(14, 39)",taxation,6,0.25,False,True,False
100,217-2,39109.5,"(8, 22)",taxation,6,0.25,False,True,False
100,227-2,71252.5,"(37, 25)",taxation,6,0.25,False,True,False
100,244-2,74471.5,"(37, 8)",taxation,6,0.25,False,True,False
100,204-2,71263.5,"(34, 13)",taxation,6,0.25,False,True,False
100,105-2,58396.5,"(32, 16)",taxation,6,0.25,False,True,False
100,239-2,64822.5,"(38, 28)",taxation,6,0.25,False,True,False
100,243-2,61619.5,"(13, 42)",taxation,6,0.25,False,True,False
100,139-3,58398.6875,"(25, 44)",taxation,6,0.25,False,True,False
100,228-3,38302.25,"(31, 13)",taxation,6,0.25,False,True,False
100,197-2,51973.25,"(6, 28)",taxation,6,0.25,False,True,False
100,151-2,51958.25,"(26, 49)",taxation,6,0.25,False,True,False
100,191-2,74460.75,"(29, 48)",taxation,6,0.25,False,True,False
100,153-2,32665.0,"(39, 9)",taxation,6,0.25,False,True,False
100,159-2,51971.5,"(41, 28)",taxation,6,0.25,False,True,False
100,222-2,64834.5,"(19, 14)",taxation,6,0.25,False,True,False
100,200-2,61606.0,"(7, 28)",taxation,6,0.25,False,True,False
100,181-2,64806.250000000015,"(36, 26)",taxation,6,0.25,False,True,False
100,101-2,64856.75,"(7, 39)",taxation,6,0.25,False,True,False
100,35-2,64843.5,"(27, 26)",taxation,6,0.25,False,True,False
100,70-2,68059.0,"(18, 37)",taxation,6,0.25,False,True,False
100,238-2,64843.0,"(38, 18)",taxation,6,0.25,False,True,False
100,158-3,47120.75,"(18, 44)",taxation,6,0.25,False,True,False
100,20-2,61606.0,"(39, 24)",taxation,6,0.25,False,True,False
100,31-3,58362.625,"(18, 16)",taxation,6,0.25,False,True,False
100,179-3,42339.375,"(29, 37)",taxation,6,0.25,False,True,False
100,93-2,29461.0,"(36, 2)",taxation,6,0.25,False,True,False
100,3-2,39085.25,"(30, 12)",taxation,6,0.25,False,True,False
100,143-2,64811.75,"(33, 30)",taxation,6,0.25,False,True,False
100,219-3,56761.75,"(13, 33)",taxation,6,0.25,False,True,False
100,98-3,26271.75,"(6, 30)",taxation,6,0.25,False,True,False
100,138-2,68016.75,"(30, 35)",taxation,6,0.25,False,True,False
100,66-2,71248.75,"(33, 37)",taxation,6,0.25,False,True,False
100,210-2,77663.75,"(39, 25)",taxation,6,0.25,False,True,False
100,150-2,55170.25,"(31, 33)",taxation,6,0.25,False,True,False
100,44-2,42321.0,"(28, 15)",taxation,6,0.25,False,True,False
100,154-3,23027.75,"(31, 38)",taxation,6,0.25,False,True,False
100,126-2,64813.75,"(36, 35)",taxation,6,0.25,False,True,False
100,74-3,56778.0,"(34, 30)",taxation,6,0.25,False,True,False
100,28-3,44736.9375,"(25, 40)",taxation,6,0.25,False,True,False
100,146-3,19820.75,"(32, 40)",taxation,6,0.25,False,True,False
100,176-3,541.25,"(33, 31)",taxation,6,0.25,False,True,False
100,208-3,51951.9375,"(33, 16)",taxation,6,0.25,False,True,False
100,216-2,71228.0,"(36, 31)",taxation,6,0.25,False,True,False
100,187-3,26225.25,"(37, 5)",taxation,6,0.25,False,True,False
100,167-3,51152.3125,"(35, 31)",taxation,6,0.25,False,True,False
100,240-3,16573.75,"(28, 35)",taxation,6,0.25,False,True,False
100,140-3,547.75,"(16, 1)",taxation,6,0.25,False,True,False
100,149-3,43931.75,"(40, 2)",taxation,6,0.25,False,True,False
100,173-3,13401.75,"(28, 49)",taxation,6,0.25,False,True,False
100,246-3,48736.75,"(20, 33)",taxation,6,0.25,False,True,False
100,75-3,46333.75,"(38, 2)",taxation,6,0.25,False,True,False
100,12-2,61577.75,"(42, 6)",taxation,6,0.25,False,True,False
100,1-3,37484.1875,"(34, 32)",taxation,6,0.25,False,True,False
100,17-3,53544.375,"(29, 35)",taxation,6,0.25,False,True,False
100,67-2,48739.75,"(35, 32)",taxation,6,0.25,False,True,False
100,40-3,53562.75,"(7, 25)",taxation,6,0.25,False,True,False
100,23-3,52755.0,"(14, 35)",taxation,6,0.25,False,True,False
100,142-3,31840.8125,"(6, 33)",taxation,6,0.25,False,True,False
100,76-3,48741.562500000015,"(39, 8)",taxation,6,0.25,False,True,False
100,94-3,16589.5,"(34, 29)",taxation,6,0.25,False,True,False
100,241-3,46301.625,"(45, 25)",taxation,6,0.25,False,True,False
100,170-3,44722.3125,"(8, 29)",taxation,6,0.25,False,True,False
100,242-3,22213.9375,"(33, 36)",taxation,6,0.25,False,True,False
100,198-3,46324.625,"(38, 4)",taxation,6,0.25,False,True,False
100,10-3,51127.1875,"(8, 31)",taxation,6,0.25,False,True,False
100,172-3,53522.3125,"(30, 19)",taxation,6,0.25,False,True,False
100,189-3,43914.125,"(6, 29)",taxation,6,0.25,False,True,False
100,206-3,49537.4375,"(27, 49)",taxation,6,0.25,False,True,False
100,182-3,51123.1875,"(38, 29)",taxation,6,0.25,False,True,False
100,42-3,36691.625,"(5, 27)",taxation,6,0.25,False,True,False
100,148-3,39060.9375,"(34, 31)",taxation,6,0.25,False,True,False
100,0-3,34268.4375,"(7, 30)",taxation,6,0.25,False,True,False
100,212-3,51118.8125,"(32, 39)",taxation,6,0.25,False,True,False
100,225-3,51114.5625,"(37, 26)",taxation,6,0.25,False,True,False
100,6-3,55949.5,"(31, 19)",taxation,6,0.25,False,True,False
100,38-3,51137.125,"(15, 36)",taxation,6,0.25,False,True,False
100,54-3,48710.1875,"(18, 22)",taxation,6,0.25,False,True,False
100,63-3,46273.5625,"(25, 47)",taxation,6,0.25,False,True,False
100,144-3,48733.875,"(9, 23)",taxation,6,0.25,False,True,False
100,22-3,55936.75,"(34, 27)",taxation,6,0.25,False,True,False
100,162-3,51100.875,"(24, 45)",taxation,6,0.25,False,True,False
100,249-3,51145.75,"(10, 37)",taxation,6,0.25,False,True,False
100,180-3,48716.6875,"(9, 32)",taxation,6,0.25,False,True,False
100,83-3,53526.5625,"(32, 25)",taxation,6,0.25,False,True,False
100,133-3,43878.25,"(6, 22)",taxation,6,0.25,False,True,False
100,16-3,55941.125,"(36, 11)",taxation,6,0.25,False,True,False
100,51-3,51119.875,"(15, 44)",taxation,6,0.25,False,True,False
100,4-3,36646.6875,"(34, 33)",taxation,6,0.25,False,True,False
100,111-3,53512.6875,"(37, 7)",taxation,6,0.25,False,True,False
100,91-3,53519.0625,"(14, 36)",taxation,6,0.25,False,True,False
101,25-2,58494.0,"(2, 25)",taxation,6,0.25,False,True,False
101,205-2,32797.75,"(17, 16)",taxation,6,0.25,False,True,False
101,156-2,48880.5,"(37, 10)",taxation,6,0.25,False,True,False
101,73-2,68169.25,"(41, 36)",taxation,6,0.25,False,True,False
101,71-2,71352.25,"(44, 25)",taxation,6,0.25,False,True,False
101,226-2,64919.75,"(8, 37)",taxation,6,0.25,False,True,False
101,134-2,64936.0,"(45, 30)",taxation,6,0.25,False,True,False
101,168-2,71390.5,"(30, 40)",taxation,6,0.25,False,True,False
101,214-2,42406.0,"(5, 37)",taxation,6,0.25,False,True,False
101,110-2,74578.0,"(38, 33)",taxation,6,0.25,False,True,False
101,122-2,55293.25,"(7, 38)",taxation,6,0.25,False,True,False
101,231-2,42407.75,"(37, 23)",taxation,6,0.25,False,True,False
101,100-2,64939.75,"(39, 35)",taxation,6,0.25,False,True,False
101,141-2,52080.5,"(38, 24)",taxation,6,0.25,False,True,False
101,165-2,77774.0,"(21, 37)",taxation,6,0.25,False,True,False
101,186-2,61728.25,"(40, 29)",taxation,6,0.25,False,True,False
101,201-2,45614.25,"(34, 17)",taxation,6,0.25,False,True,False
101,21-2,61712.25,"(27, 9)",taxation,6,0.25,False,True,False
101,183-2,45638.75,"(37, 19)",taxation,6,0.25,False,True,False
101,203-2,77765.25,"(36, 9)",taxation,6,0.25,False,True,False
101,32-2,71341.75,"(31, 9)",taxation,6,0.25,False,True,False
101,115-2,71336.75,"(2, 28)",taxation,6,0.25,False,True,False
101,169-2,52080.0,"(5, 34)",taxation,6,0.25,False,True,False
101,78-2,61719.25,"(4, 30)",taxation,6,0.25,False,True,False
101,137-2,58486.5,"(38, 27)",taxation,6,0.25,False,True,False
101,55-2,71338.25,"(32, 27)",taxation,6,0.25,False,True,False
101,112-2,71354.5,"(5, 23)",taxation,6,0.25,False,True,False
101,193-2,58492.5,"(37, 32)",taxation,6,0.25,False,True,False
101,50-2,74555.5,"(30, 9)",taxation,6,0.25,False,True,False
101,53-2,42413.25,"(4, 34)",taxation,6,0.25,False,True,False
101,5-2,29519.5,"(27, 17)",taxation,6,0.25,False,True,False
101,247-2,58492.0,"(12, 39)",taxation,6,0.25,False,True,False
101,147-2,64932.75,"(42, 30)",taxation,6,0.25,False,True,False
101,145-2,68130.0,"(3, 28)",taxation,6,0.25,False,True,False
101,207-2,52027.75,"(40, 26)",taxation,6,0.25,False,True,False
101,120-2,74536.0,"(34, 10)",taxation,6,0.25,False,True,False
101,125-2,71341.0,"(8, 38)",taxation,6,0.25,False,True,False
101,41-2,71367.0,"(7, 37)",taxation,6,0.25,False,True,False
101,209-2,74552.5,"(35, 39)",taxation,6,0.25,False,True,False
101,113-2,68121.75,"(3, 34)",taxation,6,0.25,False,True,False
101,68-2,55285.75,"(29, 10)",taxation,6,0.25,False,True,False
101,161-2,55279.0,"(23, 39)",taxation,6,0.25,False,True,False
101,175-2,55261.5,"(37, 9)",taxation,6,0.25,False,True,False
101,85-2,58494.0,"(26, 39)",taxation,6,0.25,False,True,False
101,234-2,68106.5,"(29, 11)",taxation,6,0.25,False,True,False
101,45-2,68128.75,"(4, 27)",taxation,6,0.25,False,True,False
101,196-2,45651.0,"(2, 34)",taxation,6,0.25,False,True,False
101,174-2,71337.5,"(3, 35)",taxation,6,0.25,False,True,False
101,103-2,64891.5,"(38, 26)",taxation,6,0.25,False,True,False
101,33-2,52033.25,"(20, 1)",taxation,6,0.25,False,True,False
101,19-2,68098.0,"(35, 29)",taxation,6,0.25,False,True,False
101,130-2,71323.5,"(37, 31)",taxation,6,0.25,False,True,False
101,155-2,68133.25,"(22, 9)",taxation,6,0.25,False,True,False
101,86-2,64905.0,"(35, 36)",taxation,6,0.25,False,True,False
101,164-2,68128.25,"(35, 17)",taxation,6,0.25,False,True,False
101,2-2,64907.75,"(13, 45)",taxation,6,0.25,False,True,False
101,11-2,52018.25,"(34, 7)",taxation,6,0.25,False,True,False
101,202-2,74535.0,"(40, 25)",taxation,6,0.25,False,True,False
101,121-2,64923.0,"(36, 39)",taxation,6,0.25,False,True,False
101,163-2,77766.0,"(23, 47)",taxation,6,0.25,False,True,False
101,18-2,74563.75,"(36, 36)",taxation,6,0.25,False,True,False
101,132-2,71316.75,"(33, 15)",taxation,6,0.25,False,True,False
101,160-2,58461.0,"(6, 21)",taxation,6,0.25,False,True,False
101,221-2,61694.5,"(40, 33)",taxation,6,0.25,False,True,False
101,90-2,58498.5,"(33, 2)",taxation,6,0.25,False,True,False
101,64-2,64880.0,"(31, 5)",taxation,6,0.25,False,True,False
101,102-2,45623.5,"(39, 34)",taxation,6,0.25,False,True,False
101,188-2,64919.5,"(17, 42)",taxation,6,0.25,False,True,False
101,92-2,71321.0,"(24, 38)",taxation,6,0.25,False,True,False
101,96-2,74552.5,"(37, 24)",taxation,6,0.25,False,True,False
101,107-2,71316.5,"(14, 45)",taxation,6,0.25,False,True,False
101,80-2,71320.5,"(3, 31)",taxation,6,0.25,False,True,False
101,237-2,52029.75,"(34, 23)",taxation,6,0.25,False,True,False
101,13-2,61693.25,"(6, 35)",taxation,6,0.25,False,True,False
101,104-2,61702.5,"(30, 11)",taxation,6,0.25,False,True,False
101,27-2,58464.75,"(23, 8)",taxation,6,0.25,False,True,False
101,248-2,64876.25,"(3, 25)",taxation,6,0.25,False,True,False
101,48-2,68089.0,"(4, 33)",taxation,6,0.25,False,True,False
101,57-2,58457.25,"(32, 15)",taxation,6,0.25,False,True,False
101,184-2,64860.25,"(34, 8)",taxation,6,0.25,False,True,False
101,30-2,74535.25,"(40, 32)",taxation,6,0.25,False,True,False
101,108-2,35950.25,"(40, 36)",taxation,6,0.25,False,True,False
101,166-2,61675.25,"(30, 42)",taxation,6,0.25,False,True,False
101,233-2,61690.25,"(18, 48)",taxation,6,0.25,False,True,False
101,69-2,71296.5,"(29, 39)",taxation,6,0.25,False,True,False
101,229-2,71364.25,"(4, 39)",taxation,6,0.25,False,True,False
101,236-2,64877.25,"(36, 12)",taxation,6,0.25,False,True,False
101,109-2,64891.5,"(40, 22)",taxation,6,0.25,False,True,False
101,235-2,64861.25,"(33, 25)",taxation,6,0.25,False,True,False
101,62-2,64893.5,"(33, 40)",taxation,6,0.25,False,True,False
101,89-2,68113.75,"(14, 47)",taxation,6,0.25,False,True,False
101,58-2,68071.5,"(38, 35)",taxation,6,0.25,False,True,False
101,61-2,77762.25,"(38, 37)",taxation,6,0.25,False,True,False
101,152-2,68110.25,"(3, 29)",taxation,6,0.25,False,True,False
101,124-2,61667.25,"(37, 34)",taxation,6,0.25,False,True,False
101,97-2,52002.75,"(38, 30)",taxation,6,0.25,False,True,False
101,232-2,39150.25,"(39, 37)",taxation,6,0.25,False,True,False
101,116-2,71318.5,"(31, 39)",taxation,6,0.25,False,True,False
101,37-2,68087.75,"(35, 9)",taxation,6,0.25,False,True,False
101,7-2,48835.5,"(23, 46)",taxation,6,0.25,False,True,False
101,26-2,52023.75,"(3, 39)",taxation,6,0.25,False,True,False
101,117-2,58453.5,"(19, 47)",taxation,6,0.25,False,True,False
101,82-2,68093.5,"(23, 45)",taxation,6,0.25,False,True,False
101,88-2,64871.0,"(2, 32)",taxation,6,0.25,False,True,False
101,59-2,58434.25,"(3, 36)",taxation,6,0.25,False,True,False
101,52-2,48804.25,"(39, 27)",taxation,6,0.25,False,True,False
101,194-2,58462.5,"(26, 9)",taxation,6,0.25,False,True,False
101,72-2,74525.5,"(18, 47)",taxation,6,0.25,False,True,False
101,199-2,74498.0,"(34, 9)",taxation,6,0.25,False,True,False
101,43-2,64861.75,"(35, 23)",taxation,6,0.25,False,True,False
101,128-2,71304.0,"(36, 27)",taxation,6,0.25,False,True,False
101,84-2,64859.5,"(20, 2)",taxation,6,0.25,False,True,False
101,114-2,74520.75,"(36, 30)",taxation,6,0.25,False,True,False
101,223-2,45559.0,"(21, 2)",taxation,6,0.25,False,True,False
101,123-2,74532.75,"(38, 38)",taxation,6,0.25,False,True,False
101,215-2,71297.5,"(2, 26)",taxation,6,0.25,False,True,False
101,127-2,68065.0,"(5, 29)",taxation,6,0.25,False,True,False
101,24-2,52029.5,"(35, 11)",taxation,6,0.25,False,True,False
101,136-2,52000.5,"(32, 9)",taxation,6,0.25,False,True,False
101,65-2,74511.25,"(40, 30)",taxation,6,0.25,False,True,False
101,14-2,16642.5,"(23, 11)",taxation,6,0.25,False,True,False
101,185-2,64880.5,"(12, 42)",taxation,6,0.25,False,True,False
101,77-2,55224.5,"(32, 10)",taxation,6,0.25,False,True,False
101,36-2,48790.25,"(4, 24)",taxation,6,0.25,False,True,False
101,190-2,64864.75,"(33, 4)",taxation,6,0.25,False,True,False
101,46-2,45579.0,"(42, 36)",taxation,6,0.25,False,True,False
101,218-2,74540.5,"(5, 33)",taxation,6,0.25,False,True,False
101,220-2,71303.0,"(5, 32)",taxation,6,0.25,False,True,False
101,224-2,55206.75,"(40, 31)",taxation,6,0.25,False,True,False
101,129-2,61658.0,"(31, 24)",taxation,6,0.25,False,True,False
101,157-2,61638.25,"(39, 30)",taxation,6,0.25,False,True,False
101,195-2,29481.25,"(4, 40)",taxation,6,0.25,False,True,False
101,8-2,64872.0,"(28, 43)",taxation,6,0.25,False,True,False
101,119-2,64840.0,"(4, 35)",taxation,6,0.25,False,True,False
101,99-2,61628.25,"(1, 26)",taxation,6,0.25,False,True,False
101,135-2,64855.75,"(33, 12)",taxation,6,0.25,False,True,False
101,47-2,45588.75,"(34, 1)",taxation,6,0.25,False,True,False
101,79-2,61643.25,"(10, 19)",taxation,6,0.25,False,True,False
101,87-2,64831.5,"(29, 12)",taxation,6,0.25,False,True,False
101,15-2,58437.75,"(38, 12)",taxation,6,0.25,False,True,False
101,29-2,64858.25,"(33, 1)",taxation,6,0.25,False,True,False
101,178-2,71290.25,"(36, 6)",taxation,6,0.25,False,True,False
101,60-2,68084.25,"(32, 41)",taxation,6,0.25,False,True,False
101,192-2,58425.0,"(15, 45)",taxation,6,0.25,False,True,False
101,49-2,61646.5,"(41, 29)",taxation,6,0.25,False,True,False
101,81-2,61655.25,"(32, 11)",taxation,6,0.25,False,True,False
101,118-2,71272.5,"(7, 21)",taxation,6,0.25,False,True,False
101,34-2,58423.0,"(30, 10)",taxation,6,0.25,False,True,False
101,211-2,42331.75,"(2, 27)",taxation,6,0.25,False,True,False
101,177-2,64870.75,"(32, 5)",taxation,6,0.25,False,True,False
101,39-2,45552.5,"(4, 28)",taxation,6,0.25,False,True,False
101,245-2,71283.75,"(42, 32)",taxation,6,0.25,False,True,False
101,131-2,64854.0,"(31, 40)",taxation,6,0.25,False,True,False
101,213-2,64859.5,"(20, 15)",taxation,6,0.25,False,True,False
101,9-2,55218.25,"(45, 29)",taxation,6,0.25,False,True,False
101,171-2,64851.5,"(19, 9)",taxation,6,0.25,False,True,False
101,230-2,52006.0,"(13, 44)",taxation,6,0.25,False,True,False
101,217-2,39117.5,"(2, 24)",taxation,6,0.25,False,True,False
101,227-2,71260.5,"(42, 28)",taxation,6,0.25,False,True,False
101,244-2,74479.5,"(36, 8)",taxation,6,0.25,False,True,False
101,204-2,71271.5,"(33, 9)",taxation,6,0.25,False,True,False
101,105-2,58404.5,"(33, 10)",taxation,6,0.25,False,True,False
101,239-2,64830.5,"(40, 28)",taxation,6,0.25,False,True,False
101,243-2,61627.5,"(18, 46)",taxation,6,0.25,False,True,False
101,139-3,58405.6875,"(22, 49)",taxation,6,0.25,False,True,False
101,228-3,38310.25,"(31, 10)",taxation,6,0.25,False,True,False
101,197-2,51981.25,"(1, 28)",taxation,6,0.25,False,True,False
101,151-2,51962.25,"(20, 49)",taxation,6,0.25,False,True,False
101,191-2,74467.75,"(24, 46)",taxation,6,0.25,False,True,False
101,153-2,32673.0,"(38, 11)",taxation,6,0.25,False,True,False
101,159-2,51979.5,"(44, 26)",taxation,6,0.25,False,True,False
101,222-2,64841.5,"(23, 9)",taxation,6,0.25,False,True,False
101,200-2,61614.0,"(1, 30)",taxation,6,0.25,False,True,False
101,181-2,64815.250000000015,"(39, 28)",taxation,6,0.25,False,True,False
101,101-2,64864.75,"(5, 40)",taxation,6,0.25,False,True,False
101,35-2,64848.5,"(33, 26)",taxation,6,0.25,False,True,False
101,70-2,68066.0,"(13, 43)",taxation,6,0.25,False,True,False
101,238-2,64851.0,"(38, 20)",taxation,6,0.25,False,True,False
101,158-3,47127.75,"(15, 46)",taxation,6,0.25,False,True,False
101,20-2,61614.0,"(43, 27)",taxation,6,0.25,False,True,False
101,31-3,58368.625,"(22, 10)",taxation,6,0.25,False,True,False
101,179-3,42346.375,"(34, 38)",taxation,6,0.25,False,True,False
101,93-2,29469.0,"(35, 3)",taxation,6,0.25,False,True,False
101,3-2,39093.25,"(31, 11)",taxation,6,0.25,False,True,False
101,143-2,64820.75,"(39, 33)",taxation,6,0.25,False,True,False
101,219-3,56767.75,"(7, 35)",taxation,6,0.25,False,True,False
101,98-3,26279.75,"(2, 30)",taxation,6,0.25,False,True,False
101,138-2,68022.75,"(30, 39)",taxation,6,0.25,False,True,False
101,66-2,71255.75,"(37, 35)",taxation,6,0.25,False,True,False
101,210-2,77671.75,"(42, 27)",taxation,6,0.25,False,True,False
101,150-2,55176.25,"(35, 37)",taxation,6,0.25,False,True,False
101,44-2,42329.0,"(29, 9)",taxation,6,0.25,False,True,False
101,154-3,23035.75,"(37, 36)",taxation,6,0.25,False,True,False
101,126-2,64821.75,"(42, 35)",taxation,6,0.25,False,True,False
101,74-3,56786.0,"(40, 27)",taxation,6,0.25,False,True,False
101,28-3,44741.9375,"(29, 40)",taxation,6,0.25,False,True,False
101,146-3,19828.75,"(38, 34)",taxation,6,0.25,False,True,False
101,176-3,547.25,"(37, 33)",taxation,6,0.25,False,True,False
101,208-3,51959.9375,"(35, 10)",taxation,6,0.25,False,True,False
101,216-2,71237.0,"(41, 30)",taxation,6,0.25,False,True,False
101,187-3,26233.25,"(35, 7)",taxation,6,0.25,False,True,False
101,167-3,51160.3125,"(39, 32)",taxation,6,0.25,False,True,False
101,240-3,16580.75,"(32, 37)",taxation,6,0.25,False,True,False
101,140-3,554.75,"(22, 1)",taxation,6,0.25,False,True,False
101,149-3,43938.75,"(36, 3)",taxation,6,0.25,False,True,False
101,173-3,13404.75,"(22, 48)",taxation,6,0.25,False,True,False
101,246-3,48741.75,"(26, 38)",taxation,6,0.25,False,True,False
101,75-3,46341.75,"(33, 5)",taxation,6,0.25,False,True,False
101,12-2,61584.75,"(38, 9)",taxation,6,0.25,False,True,False
101,1-3,37492.1875,"(37, 30)",taxation,6,0.25,False,True,False
101,17-3,53550.375,"(30, 38)",taxation,6,0.25,False,True,False
101,67-2,48748.75,"(38, 32)",taxation,6,0.25,False,True,False
101,40-3,53570.75,"(3, 27)",taxation,6,0.25,False,True,False
101,23-3,52761.0,"(9, 40)",taxation,6,0.25,False,True,False
101,142-3,31848.8125,"(2, 33)",taxation,6,0.25,False,True,False
101,76-3,48750.562500000015,"(34, 12)",taxation,6,0.25,False,True,False
101,94-3,16597.5,"(37, 29)",taxation,6,0.25,False,True,False
101,241-3,46309.625,"(48, 27)",taxation,6,0.25,False,True,False
101,170-3,44730.3125,"(4, 29)",taxation,6,0.25,False,True,False
101,242-3,22220.9375,"(39, 36)",taxation,6,0.25,False,True,False
101,198-3,46332.625,"(35, 8)",taxation,6,0.25,False,True,False
101,10-3,51135.1875,"(3, 30)",taxation,6,0.25,False,True,False
101,172-3,53530.3125,"(34, 15)",taxation,6,0.25,False,True,False
101,189-3,43922.125,"(1, 29)",taxation,6,0.25,False,True,False
101,206-3,49540.4375,"(22, 47)",taxation,6,0.25,False,True,False
101,182-3,51132.1875,"(39, 29)",taxation,6,0.25,False,True,False
101,42-3,36699.625,"(1, 27)",taxation,6,0.25,False,True,False
101,148-3,39067.9375,"(39, 31)",taxation,6,0.25,False,True,False
101,0-3,34276.4375,"(2, 29)",taxation,6,0.25,False,True,False
101,212-3,51126.8125,"(38, 36)",taxation,6,0.25,False,True,False
101,225-3,51122.5625,"(37, 27)",taxation,6,0.25,False,True,False
101,6-3,55956.5,"(31, 15)",taxation,6,0.25,False,True,False
101,38-3,51142.125,"(12, 38)",taxation,6,0.25,False,True,False
101,54-3,48714.1875,"(16, 16)",taxation,6,0.25,False,True,False
101,63-3,46278.5625,"(28, 41)",taxation,6,0.25,False,True,False
101,144-3,48741.875,"(3, 26)",taxation,6,0.25,False,True,False
101,22-3,55945.75,"(38, 31)",taxation,6,0.25,False,True,False
101,162-3,51108.875,"(19, 49)",taxation,6,0.25,False,True,False
101,249-3,51153.75,"(6, 40)",taxation,6,0.25,False,True,False
101,180-3,48724.6875,"(3, 33)",taxation,6,0.25,False,True,False
101,83-3,53532.5625,"(38, 21)",taxation,6,0.25,False,True,False
101,133-3,43886.25,"(3, 24)",taxation,6,0.25,False,True,False
101,16-3,55949.125,"(36, 10)",taxation,6,0.25,False,True,False
101,51-3,51126.875,"(14, 46)",taxation,6,0.25,False,True,False
101,4-3,36653.6875,"(40, 34)",taxation,6,0.25,False,True,False
101,111-3,53520.6875,"(36, 7)",taxation,6,0.25,False,True,False
101,91-3,53526.0625,"(8, 41)",taxation,6,0.25,False,True,False
101,95-3,55942.875,"(32, 12)",taxation,6,0.25,False,True,False
101,106-3,46304.8125,"(34, 39)",taxation,6,0.25,False,True,False
101,56-3,48702.5625,"(41, 9)",taxation,6,0.25,False,True,False
102,25-2,58503.0,"(1, 25)",taxation,6,0.25,False,True,False
102,205-2,32803.75,"(16, 13)",taxation,6,0.25,False,True,False
102,156-2,48889.5,"(32, 7)",taxation,6,0.25,False,True,False
102,73-2,68178.25,"(45, 36)",taxation,6,0.25,False,True,False
102,134-2,64945.0,"(48, 31)",taxation,6,0.25,False,True,False
102,168-2,71396.5,"(31, 41)",taxation,6,0.25,False,True,False
102,214-2,42414.0,"(4, 37)",taxation,6,0.25,False,True,False
102,110-2,74585.0,"(42, 29)",taxation,6,0.25,False,True,False
102,122-2,55301.25,"(1, 40)",taxation,6,0.25,False,True,False
102,231-2,42415.75,"(43, 24)",taxation,6,0.25,False,True,False
102,100-2,64946.75,"(44, 29)",taxation,6,0.25,False,True,False
102,141-2,52088.5,"(44, 24)",taxation,6,0.25,False,True,False
102,165-2,77780.0,"(17, 41)",taxation,6,0.25,False,True,False
102,186-2,61737.25,"(45, 32)",taxation,6,0.25,False,True,False
102,201-2,45621.25,"(39, 12)",taxation,6,0.25,False,True,False
102,21-2,61720.25,"(27, 3)",taxation,6,0.25,False,True,False
102,183-2,45645.75,"(42, 18)",taxation,6,0.25,False,True,False
102,203-2,77773.25,"(30, 3)",taxation,6,0.25,False,True,False
102,32-2,71349.75,"(30, 7)",taxation,6,0.25,False,True,False
102,115-2,71344.75,"(0, 25)",taxation,6,0.25,False,True,False
102,169-2,52088.0,"(4, 36)",taxation,6,0.25,False,True,False
102,78-2,61727.25,"(4, 32)",taxation,6,0.25,False,True,False
102,137-2,58495.5,"(44, 33)",taxation,6,0.25,False,True,False
102,55-2,71344.25,"(35, 28)",taxation,6,0.25,False,True,False
102,112-2,71362.5,"(4, 23)",taxation,6,0.25,False,True,False
102,193-2,58500.5,"(41, 32)",taxation,6,0.25,False,True,False
102,50-2,74563.5,"(29, 5)",taxation,6,0.25,False,True,False
102,53-2,42421.25,"(1, 37)",taxation,6,0.25,False,True,False
102,5-2,29526.5,"(30, 15)",taxation,6,0.25,False,True,False
102,247-2,58499.0,"(8, 42)",taxation,6,0.25,False,True,False
102,147-2,64941.75,"(46, 30)",taxation,6,0.25,False,True,False
102,145-2,68138.0,"(0, 26)",taxation,6,0.25,False,True,False
102,207-2,52035.75,"(43, 29)",taxation,6,0.25,False,True,False
102,120-2,74544.0,"(37, 12)",taxation,6,0.25,False,True,False
102,125-2,71349.0,"(2, 44)",taxation,6,0.25,False,True,False
102,41-2,71375.0,"(4, 38)",taxation,6,0.25,False,True,False
102,209-2,74558.5,"(40, 35)",taxation,6,0.25,False,True,False
102,113-2,68130.75,"(2, 37)",taxation,6,0.25,False,True,False
102,68-2,55293.75,"(28, 9)",taxation,6,0.25,False,True,False
102,161-2,55286.0,"(17, 45)",taxation,6,0.25,False,True,False
102,175-2,55268.5,"(39, 10)",taxation,6,0.25,False,True,False
102,85-2,58499.0,"(27, 41)",taxation,6,0.25,False,True,False
102,234-2,68114.5,"(28, 7)",taxation,6,0.25,False,True,False
102,45-2,68137.75,"(1, 24)",taxation,6,0.25,False,True,False
102,196-2,45659.0,"(1, 35)",taxation,6,0.25,False,True,False
102,174-2,71346.5,"(2, 35)",taxation,6,0.25,False,True,False
102,103-2,64898.5,"(42, 24)",taxation,6,0.25,False,True,False
102,33-2,52041.25,"(22, 3)",taxation,6,0.25,False,True,False
102,19-2,68106.0,"(41, 26)",taxation,6,0.25,False,True,False
102,130-2,71329.5,"(36, 25)",taxation,6,0.25,False,True,False
102,155-2,68141.25,"(26, 5)",taxation,6,0.25,False,True,False
102,86-2,64912.0,"(41, 34)",taxation,6,0.25,False,True,False
102,164-2,68135.25,"(30, 14)",taxation,6,0.25,False,True,False
102,2-2,64914.75,"(8, 47)",taxation,6,0.25,False,True,False
102,11-2,52026.25,"(31, 4)",taxation,6,0.25,False,True,False
102,202-2,74544.0,"(46, 31)",taxation,6,0.25,False,True,False
102,121-2,64930.0,"(41, 35)",taxation,6,0.25,False,True,False
102,163-2,77771.0,"(17, 48)",taxation,6,0.25,False,True,False
102,18-2,74570.75,"(37, 38)",taxation,6,0.25,False,True,False
102,132-2,71323.75,"(31, 14)",taxation,6,0.25,False,True,False
102,160-2,58469.0,"(3, 20)",taxation,6,0.25,False,True,False
102,221-2,61703.5,"(45, 34)",taxation,6,0.25,False,True,False
102,90-2,58507.5,"(31, 7)",taxation,6,0.25,False,True,False
102,64-2,64888.0,"(30, 5)",taxation,6,0.25,False,True,False
102,102-2,45632.5,"(44, 34)",taxation,6,0.25,False,True,False
102,188-2,64926.5,"(12, 45)",taxation,6,0.25,False,True,False
102,92-2,71326.0,"(21, 38)",taxation,6,0.25,False,True,False
102,96-2,74559.5,"(43, 22)",taxation,6,0.25,False,True,False
102,107-2,71322.5,"(11, 45)",taxation,6,0.25,False,True,False
102,80-2,71328.5,"(0, 34)",taxation,6,0.25,False,True,False
102,237-2,52035.75,"(35, 21)",taxation,6,0.25,False,True,False
102,13-2,61702.25,"(2, 36)",taxation,6,0.25,False,True,False
102,104-2,61710.5,"(27, 7)",taxation,6,0.25,False,True,False
102,27-2,58472.75,"(24, 8)",taxation,6,0.25,False,True,False
102,248-2,64884.25,"(3, 22)",taxation,6,0.25,False,True,False
102,48-2,68098.0,"(1, 38)",taxation,6,0.25,False,True,False
102,57-2,58465.25,"(35, 14)",taxation,6,0.25,False,True,False
102,184-2,64868.25,"(31, 3)",taxation,6,0.25,False,True,False
102,30-2,74543.25,"(46, 34)",taxation,6,0.25,False,True,False
102,108-2,35959.25,"(43, 35)",taxation,6,0.25,False,True,False
102,166-2,61680.25,"(35, 40)",taxation,6,0.25,False,True,False
102,233-2,61696.25,"(12, 47)",taxation,6,0.25,False,True,False
102,69-2,71302.5,"(29, 38)",taxation,6,0.25,False,True,False
102,229-2,71372.25,"(1, 41)",taxation,6,0.25,False,True,False
102,236-2,64885.25,"(36, 13)",taxation,6,0.25,False,True,False
102,109-2,64899.5,"(45, 22)",taxation,6,0.25,False,True,False
102,235-2,64867.25,"(33, 27)",taxation,6,0.25,False,True,False
102,62-2,64900.5,"(34, 40)",taxation,6,0.25,False,True,False
102,89-2,68120.75,"(12, 46)",taxation,6,0.25,False,True,False
102,58-2,68079.5,"(44, 36)",taxation,6,0.25,False,True,False
102,61-2,77771.25,"(44, 35)",taxation,6,0.25,False,True,False
102,152-2,68118.25,"(0, 32)",taxation,6,0.25,False,True,False
102,124-2,61673.25,"(37, 28)",taxation,6,0.25,False,True,False
102,97-2,52010.75,"(44, 28)",taxation,6,0.25,False,True,False
102,232-2,39158.25,"(44, 31)",taxation,6,0.25,False,True,False
102,116-2,71323.5,"(34, 37)",taxation,6,0.25,False,True,False
102,37-2,68096.75,"(33, 8)",taxation,6,0.25,False,True,False
102,7-2,48840.5,"(18, 43)",taxation,6,0.25,False,True,False
102,26-2,52031.75,"(3, 38)",taxation,6,0.25,False,True,False
102,117-2,58459.5,"(16, 44)",taxation,6,0.25,False,True,False
102,82-2,68098.5,"(22, 41)",taxation,6,0.25,False,True,False
102,88-2,64880.0,"(1, 32)",taxation,6,0.25,False,True,False
102,59-2,58443.25,"(2, 38)",taxation,6,0.25,False,True,False
102,52-2,48812.25,"(45, 24)",taxation,6,0.25,False,True,False
102,194-2,58470.5,"(27, 8)",taxation,6,0.25,False,True,False
102,72-2,74531.5,"(14, 49)",taxation,6,0.25,False,True,False
102,199-2,74506.0,"(33, 11)",taxation,6,0.25,False,True,False
102,43-2,64868.75,"(41, 17)",taxation,6,0.25,False,True,False
102,128-2,71312.0,"(42, 25)",taxation,6,0.25,False,True,False
102,84-2,64867.5,"(22, 2)",taxation,6,0.25,False,True,False
102,114-2,74527.75,"(41, 33)",taxation,6,0.25,False,True,False
102,223-2,45567.0,"(25, 2)",taxation,6,0.25,False,True,False
102,123-2,74541.75,"(43, 36)",taxation,6,0.25,False,True,False
102,215-2,71305.5,"(1, 23)",taxation,6,0.25,False,True,False
102,127-2,68073.0,"(0, 30)",taxation,6,0.25,False,True,False
102,24-2,52038.5,"(33, 7)",taxation,6,0.25,False,True,False
102,136-2,52008.5,"(29, 3)",taxation,6,0.25,False,True,False
102,65-2,74520.25,"(46, 33)",taxation,6,0.25,False,True,False
102,14-2,16650.5,"(25, 7)",taxation,6,0.25,False,True,False
102,185-2,64887.5,"(12, 43)",taxation,6,0.25,False,True,False
102,77-2,55232.5,"(30, 4)",taxation,6,0.25,False,True,False
102,36-2,48798.25,"(2, 22)",taxation,6,0.25,False,True,False
102,190-2,64872.75,"(33, 3)",taxation,6,0.25,False,True,False
102,46-2,45588.0,"(48, 32)",taxation,6,0.25,False,True,False
102,218-2,74548.5,"(1, 33)",taxation,6,0.25,False,True,False
102,220-2,71311.0,"(0, 35)",taxation,6,0.25,False,True,False
102,224-2,55214.75,"(46, 28)",taxation,6,0.25,False,True,False
102,129-2,61664.0,"(36, 24)",taxation,6,0.25,False,True,False
102,157-2,61645.25,"(45, 27)",taxation,6,0.25,False,True,False
102,195-2,29490.25,"(2, 39)",taxation,6,0.25,False,True,False
102,8-2,64877.0,"(28, 42)",taxation,6,0.25,False,True,False
102,119-2,64848.0,"(3, 37)",taxation,6,0.25,False,True,False
102,99-2,61636.25,"(1, 22)",taxation,6,0.25,False,True,False
102,135-2,64863.75,"(33, 6)",taxation,6,0.25,False,True,False
102,47-2,45596.75,"(34, 2)",taxation,6,0.25,False,True,False
102,79-2,61651.25,"(5, 22)",taxation,6,0.25,False,True,False
102,87-2,64839.5,"(29, 8)",taxation,6,0.25,False,True,False
102,15-2,58444.75,"(39, 11)",taxation,6,0.25,False,True,False
102,29-2,64867.25,"(31, 6)",taxation,6,0.25,False,True,False
102,178-2,71298.25,"(32, 3)",taxation,6,0.25,False,True,False
102,60-2,68088.25,"(33, 39)",taxation,6,0.25,False,True,False
102,192-2,58431.0,"(11, 46)",taxation,6,0.25,False,True,False
102,49-2,61655.5,"(45, 31)",taxation,6,0.25,False,True,False
102,81-2,61664.25,"(32, 8)",taxation,6,0.25,False,True,False
102,118-2,71280.5,"(5, 21)",taxation,6,0.25,False,True,False
102,34-2,58431.0,"(26, 6)",taxation,6,0.25,False,True,False
102,211-2,42339.75,"(0, 23)",taxation,6,0.25,False,True,False
102,177-2,64878.75,"(32, 4)",taxation,6,0.25,False,True,False
102,39-2,45560.5,"(2, 31)",taxation,6,0.25,False,True,False
102,245-2,71292.75,"(45, 33)",taxation,6,0.25,False,True,False
102,131-2,64858.0,"(27, 38)",taxation,6,0.25,False,True,False
102,213-2,64866.5,"(23, 10)",taxation,6,0.25,False,True,False
102,9-2,55227.25,"(47, 32)",taxation,6,0.25,False,True,False
102,171-2,64858.5,"(19, 7)",taxation,6,0.25,False,True,False
102,230-2,52013.0,"(8, 44)",taxation,6,0.25,False,True,False
102,217-2,39125.5,"(2, 23)",taxation,6,0.25,False,True,False
102,227-2,71269.5,"(47, 31)",taxation,6,0.25,False,True,False
102,244-2,74487.5,"(35, 5)",taxation,6,0.25,False,True,False
102,204-2,71279.5,"(29, 4)",taxation,6,0.25,False,True,False
102,105-2,58412.5,"(27, 5)",taxation,6,0.25,False,True,False
102,239-2,64839.5,"(46, 32)",taxation,6,0.25,False,True,False
102,243-2,61634.5,"(12, 48)",taxation,6,0.25,False,True,False
102,139-3,58412.6875,"(18, 49)",taxation,6,0.25,False,True,False
102,228-3,38318.25,"(30, 8)",taxation,6,0.25,False,True,False
102,197-2,51989.25,"(0, 28)",taxation,6,0.25,False,True,False
102,151-2,51968.25,"(16, 49)",taxation,6,0.25,False,True,False
102,191-2,74472.75,"(19, 45)",taxation,6,0.25,False,True,False
102,153-2,32681.0,"(37, 11)",taxation,6,0.25,False,True,False
102,159-2,51988.5,"(49, 26)",taxation,6,0.25,False,True,False
102,222-2,64849.5,"(25, 8)",taxation,6,0.25,False,True,False
102,200-2,61622.0,"(0, 33)",taxation,6,0.25,False,True,False
102,181-2,64823.250000000015,"(44, 23)",taxation,6,0.25,False,True,False
102,101-2,64872.75,"(3, 42)",taxation,6,0.25,False,True,False
102,35-2,64855.5,"(39, 22)",taxation,6,0.25,False,True,False
102,70-2,68074.0,"(13, 46)",taxation,6,0.25,False,True,False
102,238-2,64859.0,"(43, 20)",taxation,6,0.25,False,True,False
102,158-3,47133.75,"(14, 48)",taxation,6,0.25,False,True,False
102,20-2,61623.0,"(46, 29)",taxation,6,0.25,False,True,False
102,31-3,58376.625,"(27, 4)",taxation,6,0.25,False,True,False
102,179-3,42352.375,"(36, 33)",taxation,6,0.25,False,True,False
102,93-2,29478.0,"(32, 6)",taxation,6,0.25,False,True,False
102,3-2,39101.25,"(30, 6)",taxation,6,0.25,False,True,False
102,143-2,64828.75,"(44, 30)",taxation,6,0.25,False,True,False
102,219-3,56775.75,"(1, 36)",taxation,6,0.25,False,True,False
102,98-3,26287.75,"(0, 31)",taxation,6,0.25,False,True,False
102,138-2,68028.75,"(33, 34)",taxation,6,0.25,False,True,False
102,66-2,71262.75,"(43, 34)",taxation,6,0.25,False,True,False
102,210-2,77680.75,"(47, 29)",taxation,6,0.25,False,True,False
102,150-2,55182.25,"(41, 31)",taxation,6,0.25,False,True,False
102,44-2,42337.0,"(29, 6)",taxation,6,0.25,False,True,False
102,154-3,23043.75,"(43, 33)",taxation,6,0.25,False,True,False
102,126-2,64830.75,"(45, 35)",taxation,6,0.25,False,True,False
102,74-3,56794.0,"(45, 23)",taxation,6,0.25,False,True,False
102,28-3,44746.9375,"(28, 36)",taxation,6,0.25,False,True,False
102,146-3,19835.75,"(43, 32)",taxation,6,0.25,False,True,False
102,176-3,555.25,"(42, 33)",taxation,6,0.25,False,True,False
102,208-3,51967.9375,"(34, 6)",taxation,6,0.25,False,True,False
102,216-2,71246.0,"(47, 30)",taxation,6,0.25,False,True,False
102,187-3,26241.25,"(31, 2)",taxation,6,0.25,False,True,False
102,167-3,51167.3125,"(42, 31)",taxation,6,0.25,False,True,False
102,240-3,16586.75,"(35, 38)",taxation,6,0.25,False,True,False
102,140-3,562.75,"(23, 2)",taxation,6,0.25,False,True,False
102,149-3,43946.75,"(35, 2)",taxation,6,0.25,False,True,False
102,173-3,13409.75,"(16, 47)",taxation,6,0.25,False,True,False
102,246-3,48746.75,"(27, 37)",taxation,6,0.25,False,True,False
102,75-3,46349.75,"(34, 4)",taxation,6,0.25,False,True,False
102,12-2,61592.75,"(37, 13)",taxation,6,0.25,False,True,False
102,1-3,37500.1875,"(43, 30)",taxation,6,0.25,False,True,False
102,17-3,53555.375,"(28, 37)",taxation,6,0.25,False,True,False
102,67-2,48757.75,"(44, 32)",taxation,6,0.25,False,True,False
102,40-3,53578.75,"(0, 27)",taxation,6,0.25,False,True,False
102,23-3,52769.0,"(12, 44)",taxation,6,0.25,False,True,False
102,142-3,31857.8125,"(1, 34)",taxation,6,0.25,False,True,False
102,76-3,48757.562500000015,"(30, 13)",taxation,6,0.25,False,True,False
102,94-3,16604.5,"(43, 23)",taxation,6,0.25,False,True,False
102,241-3,46318.625,"(48, 28)",taxation,6,0.25,False,True,False
102,170-3,44738.3125,"(3, 32)",taxation,6,0.25,False,True,False
102,242-3,22222.9375,"(33, 35)",taxation,6,0.25,False,True,False
102,198-3,46340.625,"(34, 3)",taxation,6,0.25,False,True,False
102,10-3,51143.1875,"(0, 36)",taxation,6,0.25,False,True,False
102,172-3,53537.3125,"(35, 13)",taxation,6,0.25,False,True,False
102,189-3,43931.125,"(1, 31)",taxation,6,0.25,False,True,False
102,206-3,49546.4375,"(16, 48)",taxation,6,0.25,False,True,False
102,182-3,51140.1875,"(45, 28)",taxation,6,0.25,False,True,False
102,42-3,36707.625,"(0, 24)",taxation,6,0.25,False,True,False
102,148-3,39072.9375,"(35, 26)",taxation,6,0.25,False,True,False
102,0-3,34284.4375,"(0, 29)",taxation,6,0.25,False,True,False
102,212-3,51134.8125,"(42, 34)",taxation,6,0.25,False,True,False
102,225-3,51129.5625,"(40, 24)",taxation,6,0.25,False,True,False
102,6-3,55964.5,"(34, 14)",taxation,6,0.25,False,True,False
102,38-3,51149.125,"(7, 40)",taxation,6,0.25,False,True,False
102,54-3,48720.1875,"(15, 13)",taxation,6,0.25,False,True,False
102,63-3,46283.5625,"(29, 42)",taxation,6,0.25,False,True,False
102,144-3,48749.875,"(3, 23)",taxation,6,0.25,False,True,False
102,22-3,55953.75,"(43, 31)",taxation,6,0.25,False,True,False
102,162-3,51115.875,"(17, 49)",taxation,6,0.25,False,True,False
102,249-3,51161.75,"(2, 42)",taxation,6,0.25,False,True,False
102,180-3,48732.6875,"(0, 37)",taxation,6,0.25,False,True,False
102,83-3,53539.5625,"(42, 23)",taxation,6,0.25,False,True,False
102,133-3,43894.25,"(4, 22)",taxation,6,0.25,False,True,False
102,16-3,55957.125,"(34, 5)",taxation,6,0.25,False,True,False
102,51-3,51133.875,"(8, 46)",taxation,6,0.25,False,True,False
102,4-3,36660.6875,"(46, 35)",taxation,6,0.25,False,True,False
102,111-3,53528.6875,"(35, 6)",taxation,6,0.25,False,True,False
102,91-3,53534.0625,"(2, 41)",taxation,6,0.25,False,True,False
102,95-3,55949.875,"(31, 8)",taxation,6,0.25,False,True,False
102,106-3,46307.8125,"(28, 44)",taxation,6,0.25,False,True,False
102,56-3,48710.5625,"(38, 10)",taxation,6,0.25,False,True,False
102,71-3,53520.9375,"(47, 28)",taxation,6,0.25,False,True,False
102,226-3,48695.0625,"(6, 39)",taxation,6,0.25,False,True,False
103,156-2,48898.5,"(27, 2)",taxation,6,0.25,False,True,False
103,73-2,68179.25,"(40, 36)",taxation,6,0.25,False,True,False
103,134-2,64948.0,"(49, 25)",taxation,6,0.25,False,True,False
103,168-2,71401.5,"(26, 36)",taxation,6,0.25,False,True,False
103,214-2,42423.0,"(1, 43)",taxation,6,0.25,False,True,False
103,110-2,74593.0,"(46, 25)",taxation,6,0.25,False,True,False
103,122-2,55309.25,"(3, 41)",taxation,6,0.25,False,True,False
103,100-2,64955.75,"(49, 29)",taxation,6,0.25,False,True,False
103,141-2,52097.5,"(49, 23)",taxation,6,0.25,False,True,False
103,186-2,61746.25,"(49, 31)",taxation,6,0.25,False,True,False
103,201-2,45629.25,"(40, 8)",taxation,6,0.25,False,True,False
103,21-2,61728.25,"(24, 2)",taxation,6,0.25,False,True,False
103,183-2,45654.75,"(45, 20)",taxation,6,0.25,False,True,False
103,203-2,77782.25,"(30, 2)",taxation,6,0.25,False,True,False
103,32-2,71357.75,"(24, 4)",taxation,6,0.25,False,True,False
103,115-2,71352.75,"(1, 21)",taxation,6,0.25,False,True,False
103,169-2,52097.0,"(0, 40)",taxation,6,0.25,False,True,False
103,78-2,61734.25,"(9, 38)",taxation,6,0.25,False,True,False
103,137-2,58496.5,"(42, 30)",taxation,6,0.25,False,True,False
103,55-2,71351.25,"(41, 23)",taxation,6,0.25,False,True,False
103,112-2,71371.5,"(2, 18)",taxation,6,0.25,False,True,False
103,193-2,58503.5,"(42, 26)",taxation,6,0.25,False,True,False
103,50-2,74572.5,"(27, 1)",taxation,6,0.25,False,True,False
103,53-2,42429.25,"(4, 42)",taxation,6,0.25,False,True,False
103,5-2,29534.5,"(26, 12)",taxation,6,0.25,False,True,False
103,247-2,58507.0,"(4, 46)",taxation,6,0.25,False,True,False
103,147-2,64950.75,"(48, 30)",taxation,6,0.25,False,True,False
103,145-2,68146.0,"(0, 20)",taxation,6,0.25,False,True,False
103,207-2,52044.75,"(48, 26)",taxation,6,0.25,False,True,False
103,120-2,74552.0,"(43, 16)",taxation,6,0.25,False,True,False
103,125-2,71357.0,"(2, 43)",taxation,6,0.25,False,True,False
103,41-2,71382.0,"(8, 40)",taxation,6,0.25,False,True,False
103,209-2,74560.5,"(36, 35)",taxation,6,0.25,False,True,False
103,113-2,68138.75,"(5, 39)",taxation,6,0.25,False,True,False
103,68-2,55301.75,"(28, 6)",taxation,6,0.25,False,True,False
103,161-2,55293.0,"(11, 42)",taxation,6,0.25,False,True,False
103,175-2,55276.5,"(40, 6)",taxation,6,0.25,False,True,False
103,85-2,58504.0,"(23, 44)",taxation,6,0.25,False,True,False
103,234-2,68122.5,"(27, 6)",taxation,6,0.25,False,True,False
103,45-2,68146.75,"(0, 22)",taxation,6,0.25,False,True,False
103,196-2,45668.0,"(0, 41)",taxation,6,0.25,False,True,False
103,174-2,71354.5,"(5, 38)",taxation,6,0.25,False,True,False
103,103-2,64907.5,"(47, 21)",taxation,6,0.25,False,True,False
103,33-2,52049.25,"(22, 4)",taxation,6,0.25,False,True,False
103,19-2,68114.0,"(44, 22)",taxation,6,0.25,False,True,False
103,130-2,71336.5,"(39, 21)",taxation,6,0.25,False,True,False
103,155-2,68149.25,"(25, 5)",taxation,6,0.25,False,True,False
103,86-2,64914.0,"(36, 34)",taxation,6,0.25,False,True,False
103,164-2,68143.25,"(26, 10)",taxation,6,0.25,False,True,False
103,2-2,64922.75,"(7, 47)",taxation,6,0.25,False,True,False
103,11-2,52034.25,"(32, 1)",taxation,6,0.25,False,True,False
103,202-2,74552.0,"(47, 25)",taxation,6,0.25,False,True,False
103,121-2,64932.0,"(37, 37)",taxation,6,0.25,False,True,False
103,163-2,77778.0,"(11, 43)",taxation,6,0.25,False,True,False
103,18-2,74573.75,"(31, 37)",taxation,6,0.25,False,True,False
103,132-2,71330.75,"(31, 12)",taxation,6,0.25,False,True,False
103,160-2,58477.0,"(3, 19)",taxation,6,0.25,False,True,False
103,221-2,61712.5,"(48, 34)",taxation,6,0.25,False,True,False
103,90-2,58515.5,"(28, 1)",taxation,6,0.25,False,True,False
103,64-2,64897.0,"(29, 2)",taxation,6,0.25,False,True,False
103,102-2,45641.5,"(47, 34)",taxation,6,0.25,False,True,False
103,188-2,64934.5,"(7, 45)",taxation,6,0.25,False,True,False
103,92-2,71332.0,"(17, 39)",taxation,6,0.25,False,True,False
103,96-2,74567.5,"(45, 19)",taxation,6,0.25,False,True,False
103,107-2,71330.5,"(5, 45)",taxation,6,0.25,False,True,False
103,80-2,71336.5,"(4, 31)",taxation,6,0.25,False,True,False
103,237-2,52042.75,"(34, 20)",taxation,6,0.25,False,True,False
103,13-2,61709.25,"(5, 42)",taxation,6,0.25,False,True,False
103,104-2,61718.5,"(24, 5)",taxation,6,0.25,False,True,False
103,27-2,58480.75,"(22, 8)",taxation,6,0.25,False,True,False
103,248-2,64892.25,"(4, 20)",taxation,6,0.25,False,True,False
103,48-2,68105.0,"(3, 43)",taxation,6,0.25,False,True,False
103,57-2,58473.25,"(40, 9)",taxation,6,0.25,False,True,False
103,184-2,64876.25,"(25, 0)",taxation,6,0.25,False,True,False
103,30-2,74545.25,"(43, 28)",taxation,6,0.25,False,True,False
103,108-2,35960.25,"(41, 36)",taxation,6,0.25,False,True,False
103,166-2,61683.25,"(33, 41)",taxation,6,0.25,False,True,False
103,233-2,61704.25,"(6, 46)",taxation,6,0.25,False,True,False
103,69-2,71307.5,"(26, 35)",taxation,6,0.25,False,True,False
103,229-2,71381.25,"(0, 43)",taxation,6,0.25,False,True,False
103,236-2,64893.25,"(40, 10)",taxation,6,0.25,False,True,False
103,109-2,64908.5,"(46, 23)",taxation,6,0.25,False,True,False
103,235-2,64873.25,"(33, 24)",taxation,6,0.25,False,True,False
103,62-2,64903.5,"(31, 42)",taxation,6,0.25,False,True,False
103,89-2,68128.75,"(6, 48)",taxation,6,0.25,False,True,False
103,58-2,68088.5,"(47, 35)",taxation,6,0.25,False,True,False
103,61-2,77772.25,"(42, 32)",taxation,6,0.25,False,True,False
103,152-2,68124.25,"(6, 37)",taxation,6,0.25,False,True,False
103,124-2,61679.25,"(35, 24)",taxation,6,0.25,False,True,False
103,97-2,52019.75,"(47, 27)",taxation,6,0.25,False,True,False
103,232-2,39161.25,"(43, 26)",taxation,6,0.25,False,True,False
103,116-2,71328.5,"(28, 31)",taxation,6,0.25,False,True,False
103,37-2,68104.75,"(35, 4)",taxation,6,0.25,False,True,False
103,7-2,48847.5,"(12, 40)",taxation,6,0.25,False,True,False
103,26-2,52040.75,"(0, 42)",taxation,6,0.25,False,True,False
103,117-2,58466.5,"(11, 44)",taxation,6,0.25,False,True,False
103,82-2,68104.5,"(18, 42)",taxation,6,0.25,False,True,False
103,88-2,64885.0,"(6, 36)",taxation,6,0.25,False,True,False
103,59-2,58450.25,"(2, 40)",taxation,6,0.25,False,True,False
103,52-2,48821.25,"(48, 24)",taxation,6,0.25,False,True,False
103,194-2,58478.5,"(26, 7)",taxation,6,0.25,False,True,False
103,72-2,74538.5,"(10, 49)",taxation,6,0.25,False,True,False
103,199-2,74514.0,"(29, 7)",taxation,6,0.25,False,True,False
103,43-2,64876.75,"(42, 17)",taxation,6,0.25,False,True,False
103,128-2,71320.0,"(44, 19)",taxation,6,0.25,False,True,False
103,84-2,64876.5,"(26, 0)",taxation,6,0.25,False,True,False
103,114-2,74529.75,"(38, 29)",taxation,6,0.25,False,True,False
103,223-2,45576.0,"(26, 2)",taxation,6,0.25,False,True,False
103,123-2,74550.75,"(48, 35)",taxation,6,0.25,False,True,False
103,215-2,71313.5,"(5, 20)",taxation,6,0.25,False,True,False
103,127-2,68080.0,"(5, 24)",taxation,6,0.25,False,True,False
103,24-2,52046.5,"(36, 5)",taxation,6,0.25,False,True,False
103,136-2,52016.5,"(25, 1)",taxation,6,0.25,False,True,False
103,65-2,74522.25,"(41, 27)",taxation,6,0.25,False,True,False
103,14-2,16658.5,"(25, 6)",taxation,6,0.25,False,True,False
103,185-2,64895.5,"(7, 42)",taxation,6,0.25,False,True,False
103,77-2,55241.5,"(29, 1)",taxation,6,0.25,False,True,False
103,36-2,48806.25,"(4, 19)",taxation,6,0.25,False,True,False
103,190-2,64879.75,"(32, 2)",taxation,6,0.25,False,True,False
103,46-2,45597.0,"(48, 33)",taxation,6,0.25,False,True,False
103,218-2,74557.5,"(0, 38)",taxation,6,0.25,False,True,False
103,220-2,71319.0,"(5, 31)",taxation,6,0.25,False,True,False
103,224-2,55219.75,"(42, 22)",taxation,6,0.25,False,True,False
103,129-2,61671.0,"(39, 20)",taxation,6,0.25,False,True,False
103,157-2,61655.25,"(49, 27)",taxation,6,0.25,False,True,False
103,195-2,29498.25,"(2, 45)",taxation,6,0.25,False,True,False
103,8-2,64882.0,"(22, 42)",taxation,6,0.25,False,True,False
103,119-2,64855.0,"(6, 42)",taxation,6,0.25,False,True,False
103,99-2,61644.25,"(1, 19)",taxation,6,0.25,False,True,False
103,135-2,64872.75,"(27, 0)",taxation,6,0.25,False,True,False
103,47-2,45604.75,"(39, 1)",taxation,6,0.25,False,True,False
103,79-2,61660.25,"(2, 20)",taxation,6,0.25,False,True,False
103,87-2,64847.5,"(25, 4)",taxation,6,0.25,False,True,False
103,15-2,58452.75,"(39, 7)",taxation,6,0.25,False,True,False
103,29-2,64875.25,"(26, 4)",taxation,6,0.25,False,True,False
103,178-2,71307.25,"(32, 0)",taxation,6,0.25,False,True,False
103,60-2,68093.25,"(27, 33)",taxation,6,0.25,False,True,False
103,192-2,58439.0,"(6, 45)",taxation,6,0.25,False,True,False
103,49-2,61658.5,"(45, 26)",taxation,6,0.25,False,True,False
103,81-2,61672.25,"(26, 3)",taxation,6,0.25,False,True,False
103,118-2,71288.5,"(4, 21)",taxation,6,0.25,False,True,False
103,34-2,58439.0,"(24, 6)",taxation,6,0.25,False,True,False
103,211-2,42348.75,"(2, 19)",taxation,6,0.25,False,True,False
103,177-2,64887.75,"(31, 0)",taxation,6,0.25,False,True,False
103,39-2,45567.5,"(8, 26)",taxation,6,0.25,False,True,False
103,245-2,71293.75,"(45, 30)",taxation,6,0.25,False,True,False
103,131-2,64863.0,"(25, 37)",taxation,6,0.25,False,True,False
103,213-2,64874.5,"(25, 10)",taxation,6,0.25,False,True,False
103,9-2,55236.25,"(49, 32)",taxation,6,0.25,False,True,False
103,171-2,64866.5,"(20, 7)",taxation,6,0.25,False,True,False
103,230-2,52021.0,"(7, 43)",taxation,6,0.25,False,True,False
103,217-2,39133.5,"(1, 20)",taxation,6,0.25,False,True,False
103,227-2,71272.5,"(46, 26)",taxation,6,0.25,False,True,False
103,244-2,74495.5,"(37, 3)",taxation,6,0.25,False,True,False
103,204-2,71287.5,"(24, 1)",taxation,6,0.25,False,True,False
103,105-2,58420.5,"(25, 3)",taxation,6,0.25,False,True,False
103,239-2,64842.5,"(44, 27)",taxation,6,0.25,False,True,False
103,243-2,61642.5,"(7, 48)",taxation,6,0.25,False,True,False
103,139-3,58418.6875,"(15, 49)",taxation,6,0.25,False,True,False
103,228-3,38326.25,"(24, 3)",taxation,6,0.25,False,True,False
103,197-2,51997.25,"(4, 25)",taxation,6,0.25,False,True,False
103,151-2,51975.25,"(12, 49)",taxation,6,0.25,False,True,False
103,191-2,74478.75,"(17, 44)",taxation,6,0.25,False,True,False
103,153-2,32689.0,"(40, 5)",taxation,6,0.25,False,True,False
103,159-2,51996.5,"(47, 20)",taxation,6,0.25,False,True,False
103,222-2,64857.5,"(23, 5)",taxation,6,0.25,False,True,False
103,200-2,61628.0,"(6, 38)",taxation,6,0.25,False,True,False
103,181-2,64832.250000000015,"(49, 22)",taxation,6,0.25,False,True,False
103,101-2,64881.75,"(1, 42)",taxation,6,0.25,False,True,False
103,35-2,64863.5,"(43, 21)",taxation,6,0.25,False,True,False
103,70-2,68081.0,"(10, 46)",taxation,6,0.25,False,True,False
103,238-2,64867.0,"(43, 18)",taxation,6,0.25,False,True,False
103,158-3,47140.75,"(10, 48)",taxation,6,0.25,False,True,False
103,20-2,61632.0,"(48, 23)",taxation,6,0.25,False,True,False
103,31-3,58385.625,"(28, 3)",taxation,6,0.25,False,True,False
103,179-3,42357.375,"(30, 28)",taxation,6,0.25,False,True,False
103,93-2,29487.0,"(28, 2)",taxation,6,0.25,False,True,False
103,3-2,39109.25,"(28, 0)",taxation,6,0.25,False,True,False
103,143-2,64838.75,"(49, 30)",taxation,6,0.25,False,True,False
103,219-3,56784.75,"(0, 39)",taxation,6,0.25,False,True,False
103,98-3,26295.75,"(5, 30)",taxation,6,0.25,False,True,False
103,138-2,68033.75,"(29, 29)",taxation,6,0.25,False,True,False
103,66-2,71264.75,"(38, 28)",taxation,6,0.25,False,True,False
103,210-2,77688.75,"(46, 24)",taxation,6,0.25,False,True,False
103,150-2,55190.25,"(46, 27)",taxation,6,0.25,False,True,False
103,44-2,42346.0,"(30, 0)",taxation,6,0.25,False,True,False
103,154-3,23052.75,"(49, 34)",taxation,6,0.25,False,True,False
103,126-2,64831.75,"(42, 36)",taxation,6,0.25,False,True,False
103,74-3,56803.0,"(48, 21)",taxation,6,0.25,False,True,False
103,28-3,44751.9375,"(26, 34)",taxation,6,0.25,False,True,False
103,146-3,19845.75,"(49, 28)",taxation,6,0.25,False,True,False
103,176-3,557.25,"(36, 32)",taxation,6,0.25,False,True,False
103,208-3,51976.9375,"(34, 0)",taxation,6,0.25,False,True,False
103,216-2,71255.0,"(48, 25)",taxation,6,0.25,False,True,False
103,187-3,26250.25,"(30, 1)",taxation,6,0.25,False,True,False
103,167-3,51175.3125,"(47, 26)",taxation,6,0.25,False,True,False
103,240-3,16589.75,"(32, 36)",taxation,6,0.25,False,True,False
103,140-3,571.75,"(26, 1)",taxation,6,0.25,False,True,False
103,149-3,43954.75,"(29, 0)",taxation,6,0.25,False,True,False
103,173-3,13416.75,"(11, 47)",taxation,6,0.25,False,True,False
103,246-3,48752.75,"(21, 39)",taxation,6,0.25,False,True,False
103,75-3,46357.75,"(38, 3)",taxation,6,0.25,False,True,False
103,12-2,61600.75,"(43, 15)",taxation,6,0.25,False,True,False
103,1-3,37504.1875,"(43, 25)",taxation,6,0.25,False,True,False
103,17-3,53560.375,"(26, 37)",taxation,6,0.25,False,True,False
103,67-2,48766.75,"(49, 33)",taxation,6,0.25,False,True,False
103,40-3,53586.75,"(4, 26)",taxation,6,0.25,False,True,False
103,23-3,52777.0,"(7, 44)",taxation,6,0.25,False,True,False
103,142-3,31865.8125,"(5, 35)",taxation,6,0.25,False,True,False
103,76-3,48764.562500000015,"(29, 14)",taxation,6,0.25,False,True,False
103,94-3,16613.5,"(47, 24)",taxation,6,0.25,False,True,False
103,241-3,46322.625,"(47, 23)",taxation,6,0.25,False,True,False
103,170-3,44744.3125,"(9, 36)",taxation,6,0.25,False,True,False
103,242-3,22226.9375,"(31, 30)",taxation,6,0.25,False,True,False
103,198-3,46348.625,"(37, 1)",taxation,6,0.25,False,True,False
103,10-3,51151.1875,"(5, 36)",taxation,6,0.25,False,True,False
103,172-3,53544.3125,"(36, 15)",taxation,6,0.25,False,True,False
103,189-3,43935.125,"(7, 34)",taxation,6,0.25,False,True,False
103,206-3,49553.4375,"(11, 48)",taxation,6,0.25,False,True,False
103,182-3,51149.1875,"(48, 29)",taxation,6,0.25,False,True,False
103,42-3,36715.625,"(0, 21)",taxation,6,0.25,False,True,False
103,148-3,39079.9375,"(37, 20)",taxation,6,0.25,False,True,False
103,0-3,34286.4375,"(5, 28)",taxation,6,0.25,False,True,False
103,212-3,51136.8125,"(41, 28)",taxation,6,0.25,False,True,False
103,225-3,51137.5625,"(45, 18)",taxation,6,0.25,False,True,False
103,6-3,55971.5,"(35, 15)",taxation,6,0.25,False,True,False
103,38-3,51157.125,"(7, 41)",taxation,6,0.25,False,True,False
103,54-3,48728.1875,"(18, 7)",taxation,6,0.25,False,True,False
103,63-3,46288.5625,"(23, 37)",taxation,6,0.25,False,True,False
103,144-3,48757.875,"(2, 21)",taxation,6,0.25,False,True,False
103,22-3,55962.75,"(47, 33)",taxation,6,0.25,False,True,False
103,162-3,51122.875,"(11, 49)",taxation,6,0.25,False,True,False
103,249-3,51169.75,"(1, 45)",taxation,6,0.25,False,True,False
103,180-3,48740.6875,"(6, 43)",taxation,6,0.25,False,True,False
103,83-3,53547.5625,"(43, 19)",taxation,6,0.25,False,True,False
103,133-3,43902.25,"(3, 21)",taxation,6,0.25,False,True,False
103,16-3,55966.125,"(31, 1)",taxation,6,0.25,False,True,False
103,51-3,51141.875,"(7, 46)",taxation,6,0.25,False,True,False
103,4-3,36661.6875,"(42, 35)",taxation,6,0.25,False,True,False
103,111-3,53537.6875,"(35, 0)",taxation,6,0.25,False,True,False
103,91-3,53542.0625,"(3, 45)",taxation,6,0.25,False,True,False
103,95-3,55957.875,"(28, 8)",taxation,6,0.25,False,True,False
103,106-3,46312.8125,"(22, 45)",taxation,6,0.25,False,True,False
103,56-3,48717.5625,"(38, 13)",taxation,6,0.25,False,True,False
103,71-3,53529.9375,"(49, 24)",taxation,6,0.25,False,True,False
103,226-3,48703.0625,"(6, 41)",taxation,6,0.25,False,True,False
103,205-3,24608.8125,"(16, 7)",taxation,6,0.25,False,True,False
103,165-3,58340.25,"(11, 41)",taxation,6,0.25,False,True,False
103,231-3,31817.8125,"(46, 20)",taxation,6,0.25,False,True,False
103,25-3,43883.25,"(0, 19)",taxation,6,0.25,False,True,False
104,156-2,48906.5,"(21, 5)",taxation,6,0.25,False,True,False
104,134-2,64956.0,"(47, 19)",taxation,6,0.25,False,True,False
104,168-2,71407.5,"(22, 40)",taxation,6,0.25,False,True,False
104,110-2,74598.0,"(46, 21)",taxation,6,0.25,False,True,False
104,122-2,55318.25,"(3, 46)",taxation,6,0.25,False,True,False
104,100-2,64958.75,"(45, 25)",taxation,6,0.25,False,True,False
104,141-2,52103.5,"(49, 19)",taxation,6,0.25,False,True,False
104,186-2,61748.25,"(44, 26)",taxation,6,0.25,False,True,False
104,201-2,45637.25,"(42, 11)",taxation,6,0.25,False,True,False
104,21-2,61737.25,"(19, 1)",taxation,6,0.25,False,True,False
104,183-2,45662.75,"(45, 17)",taxation,6,0.25,False,True,False
104,203-2,77790.25,"(26, 8)",taxation,6,0.25,False,True,False
104,32-2,71366.75,"(23, 4)",taxation,6,0.25,False,True,False
104,115-2,71361.75,"(0, 18)",taxation,6,0.25,False,True,False
104,169-2,52104.0,"(0, 44)",taxation,6,0.25,False,True,False
104,78-2,61741.25,"(11, 38)",taxation,6,0.25,False,True,False
104,55-2,71358.25,"(42, 19)",taxation,6,0.25,False,True,False
104,112-2,71379.5,"(6, 16)",taxation,6,0.25,False,True,False
104,193-2,58509.5,"(36, 21)",taxation,6,0.25,False,True,False
104,50-2,74580.5,"(23, 7)",taxation,6,0.25,False,True,False
104,53-2,42437.25,"(4, 44)",taxation,6,0.25,False,True,False
104,5-2,29542.5,"(25, 12)",taxation,6,0.25,False,True,False
104,247-2,58515.0,"(5, 46)",taxation,6,0.25,False,True,False
104,147-2,64952.75,"(44, 25)",taxation,6,0.25,False,True,False
104,145-2,68154.0,"(6, 15)",taxation,6,0.25,False,True,False
104,207-2,52052.75,"(44, 20)",taxation,6,0.25,False,True,False
104,120-2,74560.0,"(43, 14)",taxation,6,0.25,False,True,False
104,125-2,71364.0,"(4, 47)",taxation,6,0.25,False,True,False
104,41-2,71389.0,"(8, 39)",taxation,6,0.25,False,True,False
104,209-2,74565.5,"(32, 29)",taxation,6,0.25,False,True,False
104,113-2,68146.75,"(5, 44)",taxation,6,0.25,False,True,False
104,68-2,55309.75,"(27, 10)",taxation,6,0.25,False,True,False
104,161-2,55301.0,"(10, 42)",taxation,6,0.25,False,True,False
104,175-2,55284.5,"(43, 10)",taxation,6,0.25,False,True,False
104,85-2,58510.0,"(21, 44)",taxation,6,0.25,False,True,False
104,234-2,68130.5,"(24, 9)",taxation,6,0.25,False,True,False
104,45-2,68154.75,"(5, 16)",taxation,6,0.25,False,True,False
104,196-2,45677.0,"(0, 47)",taxation,6,0.25,False,True,False
104,174-2,71362.5,"(5, 43)",taxation,6,0.25,False,True,False
104,103-2,64915.5,"(48, 15)",taxation,6,0.25,False,True,False
104,33-2,52058.25,"(19, 0)",taxation,6,0.25,False,True,False
104,19-2,68122.0,"(41, 18)",taxation,6,0.25,False,True,False
104,130-2,71343.5,"(37, 18)",taxation,6,0.25,False,True,False
104,155-2,68158.25,"(19, 5)",taxation,6,0.25,False,True,False
104,86-2,64919.0,"(31, 29)",taxation,6,0.25,False,True,False
104,164-2,68151.25,"(24, 12)",taxation,6,0.25,False,True,False
104,2-2,64930.75,"(8, 45)",taxation,6,0.25,False,True,False
104,11-2,52038.25,"(38, 6)",taxation,6,0.25,False,True,False
104,202-2,74559.0,"(41, 20)",taxation,6,0.25,False,True,False
104,121-2,64936.0,"(32, 34)",taxation,6,0.25,False,True,False
104,163-2,77786.0,"(9, 44)",taxation,6,0.25,False,True,False
104,18-2,74578.75,"(27, 39)",taxation,6,0.25,False,True,False
104,132-2,71338.75,"(28, 12)",taxation,6,0.25,False,True,False
104,160-2,58486.0,"(4, 18)",taxation,6,0.25,False,True,False
104,221-2,61714.5,"(42, 28)",taxation,6,0.25,False,True,False
104,90-2,58523.5,"(23, 6)",taxation,6,0.25,False,True,False
104,64-2,64905.0,"(28, 5)",taxation,6,0.25,False,True,False
104,102-2,45643.5,"(41, 29)",taxation,6,0.25,False,True,False
104,188-2,64942.5,"(2, 49)",taxation,6,0.25,False,True,False
104,92-2,71339.0,"(16, 40)",taxation,6,0.25,False,True,False
104,96-2,74576.5,"(47, 18)",taxation,6,0.25,False,True,False
104,107-2,71339.5,"(2, 47)",taxation,6,0.25,False,True,False
104,80-2,71342.5,"(9, 34)",taxation,6,0.25,False,True,False
104,237-2,52050.75,"(32, 19)",taxation,6,0.25,False,True,False
104,13-2,61716.25,"(1, 44)",taxation,6,0.25,False,True,False
104,104-2,61727.5,"(20, 5)",taxation,6,0.25,False,True,False
104,27-2,58489.75,"(16, 6)",taxation,6,0.25,False,True,False
104,248-2,64900.25,"(6, 18)",taxation,6,0.25,False,True,False
104,48-2,68114.0,"(1, 47)",taxation,6,0.25,False,True,False
104,57-2,58481.25,"(41, 12)",taxation,6,0.25,False,True,False
104,184-2,64885.25,"(22, 0)",taxation,6,0.25,False,True,False
104,30-2,74550.25,"(41, 22)",taxation,6,0.25,False,True,False
104,108-2,35963.25,"(35, 35)",taxation,6,0.25,False,True,False
104,166-2,61688.25,"(27, 40)",taxation,6,0.25,False,True,False
104,233-2,61712.25,"(3, 49)",taxation,6,0.25,False,True,False
104,69-2,71313.5,"(20, 35)",taxation,6,0.25,False,True,False
104,229-2,71390.25,"(0, 46)",taxation,6,0.25,False,True,False
104,236-2,64901.25,"(41, 11)",taxation,6,0.25,False,True,False
104,109-2,64915.5,"(46, 18)",taxation,6,0.25,False,True,False
104,235-2,64881.25,"(33, 19)",taxation,6,0.25,False,True,False
104,62-2,64908.5,"(27, 42)",taxation,6,0.25,False,True,False
104,89-2,68136.75,"(0, 49)",taxation,6,0.25,False,True,False
104,58-2,68090.5,"(41, 30)",taxation,6,0.25,False,True,False
104,61-2,77775.25,"(39, 26)",taxation,6,0.25,False,True,False
104,152-2,68132.25,"(9, 39)",taxation,6,0.25,False,True,False
104,124-2,61687.25,"(36, 19)",taxation,6,0.25,False,True,False
104,97-2,52024.75,"(47, 22)",taxation,6,0.25,False,True,False
104,232-2,39169.25,"(41, 21)",taxation,6,0.25,False,True,False
104,116-2,71334.5,"(30, 27)",taxation,6,0.25,False,True,False
104,37-2,68112.75,"(41, 10)",taxation,6,0.25,False,True,False
104,7-2,48854.5,"(12, 41)",taxation,6,0.25,False,True,False
104,26-2,52048.75,"(3, 44)",taxation,6,0.25,False,True,False
104,117-2,58473.5,"(10, 44)",taxation,6,0.25,False,True,False
104,82-2,68111.5,"(16, 41)",taxation,6,0.25,False,True,False
104,88-2,64893.0,"(11, 39)",taxation,6,0.25,False,True,False
104,59-2,58459.25,"(0, 45)",taxation,6,0.25,False,True,False
104,52-2,48827.25,"(48, 19)",taxation,6,0.25,False,True,False
104,194-2,58486.5,"(25, 9)",taxation,6,0.25,False,True,False
104,72-2,74547.5,"(4, 48)",taxation,6,0.25,False,True,False
104,199-2,74523.0,"(23, 1)",taxation,6,0.25,False,True,False
104,43-2,64885.75,"(43, 17)",taxation,6,0.25,False,True,False
104,128-2,71328.0,"(44, 14)",taxation,6,0.25,False,True,False
104,84-2,64884.5,"(20, 3)",taxation,6,0.25,False,True,False
104,114-2,74536.75,"(32, 24)",taxation,6,0.25,False,True,False
104,223-2,45585.0,"(23, 0)",taxation,6,0.25,False,True,False
104,123-2,74551.75,"(46, 35)",taxation,6,0.25,False,True,False
104,215-2,71321.5,"(7, 18)",taxation,6,0.25,False,True,False
104,127-2,68088.0,"(6, 19)",taxation,6,0.25,False,True,False
104,24-2,52054.5,"(42, 9)",taxation,6,0.25,False,True,False
104,136-2,52024.5,"(20, 4)",taxation,6,0.25,False,True,False
104,65-2,74529.25,"(35, 22)",taxation,6,0.25,False,True,False
104,14-2,16666.5,"(22, 7)",taxation,6,0.25,False,True,False
104,185-2,64902.5,"(10, 45)",taxation,6,0.25,False,True,False
104,77-2,55243.5,"(33, 2)",taxation,6,0.25,False,True,False
104,36-2,48814.25,"(6, 17)",taxation,6,0.25,False,True,False
104,190-2,64887.75,"(33, 0)",taxation,6,0.25,False,True,False
104,46-2,45599.0,"(42, 27)",taxation,6,0.25,False,True,False
104,218-2,74564.5,"(4, 41)",taxation,6,0.25,False,True,False
104,220-2,71326.0,"(11, 36)",taxation,6,0.25,False,True,False
104,224-2,55228.75,"(48, 18)",taxation,6,0.25,False,True,False
104,129-2,61679.0,"(36, 16)",taxation,6,0.25,False,True,False
104,157-2,61661.25,"(44, 21)",taxation,6,0.25,False,True,False
104,195-2,29506.25,"(1, 48)",taxation,6,0.25,False,True,False
104,8-2,64889.0,"(16, 42)",taxation,6,0.25,False,True,False
104,119-2,64862.0,"(10, 43)",taxation,6,0.25,False,True,False
104,99-2,61652.25,"(7, 17)",taxation,6,0.25,False,True,False
104,135-2,64881.75,"(24, 0)",taxation,6,0.25,False,True,False
104,47-2,45611.75,"(39, 5)",taxation,6,0.25,False,True,False
104,79-2,61669.25,"(1, 18)",taxation,6,0.25,False,True,False
104,87-2,64856.5,"(21, 1)",taxation,6,0.25,False,True,False
104,15-2,58460.75,"(42, 10)",taxation,6,0.25,False,True,False
104,29-2,64884.25,"(21, 4)",taxation,6,0.25,False,True,False
104,178-2,71310.25,"(36, 0)",taxation,6,0.25,False,True,False
104,60-2,68099.25,"(26, 33)",taxation,6,0.25,False,True,False
104,192-2,58447.0,"(4, 49)",taxation,6,0.25,False,True,False
104,49-2,61663.5,"(45, 21)",taxation,6,0.25,False,True,False
104,81-2,61681.25,"(23, 3)",taxation,6,0.25,False,True,False
104,118-2,71296.5,"(7, 19)",taxation,6,0.25,False,True,False
104,34-2,58448.0,"(22, 6)",taxation,6,0.25,False,True,False
104,211-2,42356.75,"(5, 19)",taxation,6,0.25,False,True,False
104,177-2,64890.75,"(36, 1)",taxation,6,0.25,False,True,False
104,39-2,45574.5,"(8, 20)",taxation,6,0.25,False,True,False
104,245-2,71296.75,"(41, 25)",taxation,6,0.25,False,True,False
104,131-2,64869.0,"(22, 39)",taxation,6,0.25,False,True,False
104,213-2,64883.5,"(21, 8)",taxation,6,0.25,False,True,False
104,9-2,55238.25,"(45, 29)",taxation,6,0.25,False,True,False
104,171-2,64875.5,"(20, 6)",taxation,6,0.25,False,True,False
104,230-2,52030.0,"(3, 47)",taxation,6,0.25,False,True,False
104,217-2,39141.5,"(5, 18)",taxation,6,0.25,False,True,False
104,227-2,71278.5,"(40, 20)",taxation,6,0.25,False,True,False
104,244-2,74502.5,"(43, 7)",taxation,6,0.25,False,True,False
104,204-2,71296.5,"(20, 0)",taxation,6,0.25,False,True,False
104,105-2,58429.5,"(21, 0)",taxation,6,0.25,False,True,False
104,239-2,64848.5,"(42, 21)",taxation,6,0.25,False,True,False
104,243-2,61650.5,"(8, 49)",taxation,6,0.25,False,True,False
104,139-3,58426.6875,"(9, 49)",taxation,6,0.25,False,True,False
104,228-3,38335.25,"(21, 3)",taxation,6,0.25,False,True,False
104,197-2,52005.25,"(6, 20)",taxation,6,0.25,False,True,False
104,151-2,51983.25,"(6, 44)",taxation,6,0.25,False,True,False
104,191-2,74486.75,"(11, 40)",taxation,6,0.25,False,True,False
104,153-2,32697.0,"(40, 7)",taxation,6,0.25,False,True,False
104,159-2,52004.5,"(47, 14)",taxation,6,0.25,False,True,False
104,222-2,64866.5,"(19, 2)",taxation,6,0.25,False,True,False
104,200-2,61636.0,"(9, 42)",taxation,6,0.25,False,True,False
104,181-2,64840.250000000015,"(48, 16)",taxation,6,0.25,False,True,False
104,101-2,64890.75,"(1, 46)",taxation,6,0.25,False,True,False
104,35-2,64871.5,"(47, 16)",taxation,6,0.25,False,True,False
104,70-2,68089.0,"(9, 47)",taxation,6,0.25,False,True,False
104,238-2,64876.0,"(48, 17)",taxation,6,0.25,False,True,False
104,158-3,47149.75,"(5, 49)",taxation,6,0.25,False,True,False
104,20-2,61639.0,"(44, 18)",taxation,6,0.25,False,True,False
104,31-3,58393.625,"(24, 7)",taxation,6,0.25,False,True,False
104,179-3,42364.375,"(30, 22)",taxation,6,0.25,False,True,False
104,93-2,29489.0,"(31, 5)",taxation,6,0.25,False,True,False
104,3-2,39117.25,"(22, 5)",taxation,6,0.25,False,True,False
104,143-2,64839.75,"(48, 31)",taxation,6,0.25,False,True,False
104,219-3,56792.75,"(4, 43)",taxation,6,0.25,False,True,False
104,98-3,26301.75,"(10, 24)",taxation,6,0.25,False,True,False
104,138-2,68039.75,"(29, 26)",taxation,6,0.25,False,True,False
104,66-2,71271.75,"(36, 22)",taxation,6,0.25,False,True,False
104,210-2,77696.75,"(46, 19)",taxation,6,0.25,False,True,False
104,150-2,55197.25,"(40, 21)",taxation,6,0.25,False,True,False
104,44-2,42349.0,"(35, 1)",taxation,6,0.25,False,True,False
104,154-3,23053.75,"(48, 32)",taxation,6,0.25,False,True,False
104,126-2,64834.75,"(36, 31)",taxation,6,0.25,False,True,False
104,74-3,56810.0,"(45, 16)",taxation,6,0.25,False,True,False
104,28-3,44757.9375,"(21, 35)",taxation,6,0.25,False,True,False
104,146-3,19850.75,"(48, 22)",taxation,6,0.25,False,True,False
104,176-3,563.25,"(32, 26)",taxation,6,0.25,False,True,False
104,208-3,51984.9375,"(37, 2)",taxation,6,0.25,False,True,False
104,216-2,71260.0,"(49, 21)",taxation,6,0.25,False,True,False
104,187-3,26258.25,"(28, 4)",taxation,6,0.25,False,True,False
104,167-3,51182.3125,"(42, 20)",taxation,6,0.25,False,True,False
104,240-3,16594.75,"(27, 34)",taxation,6,0.25,False,True,False
104,140-3,579.75,"(21, 6)",taxation,6,0.25,False,True,False
104,149-3,43956.75,"(33, 1)",taxation,6,0.25,False,True,False
104,173-3,13423.75,"(13, 47)",taxation,6,0.25,False,True,False
104,246-3,48759.75,"(16, 39)",taxation,6,0.25,False,True,False
104,75-3,46365.75,"(41, 8)",taxation,6,0.25,False,True,False
104,12-2,61608.75,"(42, 15)",taxation,6,0.25,False,True,False
104,1-3,37510.1875,"(40, 19)",taxation,6,0.25,False,True,False
104,17-3,53566.375,"(22, 36)",taxation,6,0.25,False,True,False
104,67-2,48768.75,"(43, 27)",taxation,6,0.25,False,True,False
104,40-3,53594.75,"(9, 20)",taxation,6,0.25,False,True,False
104,23-3,52786.0,"(2, 46)",taxation,6,0.25,False,True,False
104,142-3,31871.8125,"(3, 40)",taxation,6,0.25,False,True,False
104,76-3,48772.562500000015,"(28, 14)",taxation,6,0.25,False,True,False
104,94-3,16618.5,"(48, 20)",taxation,6,0.25,False,True,False
104,241-3,46330.625,"(44, 17)",taxation,6,0.25,False,True,False
104,170-3,44751.3125,"(11, 37)",taxation,6,0.25,False,True,False
104,242-3,22232.9375,"(31, 26)",taxation,6,0.25,False,True,False
104,198-3,46355.625,"(42, 7)",taxation,6,0.25,False,True,False
104,10-3,51159.1875,"(10, 39)",taxation,6,0.25,False,True,False
104,172-3,53552.3125,"(37, 15)",taxation,6,0.25,False,True,False
104,189-3,43943.125,"(10, 38)",taxation,6,0.25,False,True,False
104,206-3,49560.4375,"(10, 47)",taxation,6,0.25,False,True,False
104,182-3,51150.1875,"(47, 29)",taxation,6,0.25,False,True,False
104,42-3,36723.625,"(5, 17)",taxation,6,0.25,False,True,False
104,148-3,39087.9375,"(34, 18)",taxation,6,0.25,False,True,False
104,0-3,34292.4375,"(8, 23)",taxation,6,0.25,False,True,False
104,212-3,51141.8125,"(40, 23)",taxation,6,0.25,False,True,False
104,225-3,51146.5625,"(47, 17)",taxation,6,0.25,False,True,False
104,6-3,55979.5,"(39, 14)",taxation,6,0.25,False,True,False
104,38-3,51164.125,"(10, 40)",taxation,6,0.25,False,True,False
104,54-3,48737.1875,"(19, 6)",taxation,6,0.25,False,True,False
104,63-3,46294.5625,"(22, 38)",taxation,6,0.25,False,True,False
104,144-3,48766.875,"(2, 17)",taxation,6,0.25,False,True,False
104,22-3,55964.75,"(48, 27)",taxation,6,0.25,False,True,False
104,162-3,51130.875,"(9, 48)",taxation,6,0.25,False,True,False
104,249-3,51177.75,"(1, 49)",taxation,6,0.25,False,True,False
104,180-3,48749.6875,"(2, 48)",taxation,6,0.25,False,True,False
104,83-3,53555.5625,"(41, 19)",taxation,6,0.25,False,True,False
104,133-3,43911.25,"(3, 18)",taxation,6,0.25,False,True,False
104,16-3,55969.125,"(36, 2)",taxation,6,0.25,False,True,False
104,51-3,51150.875,"(3, 48)",taxation,6,0.25,False,True,False
104,4-3,36664.6875,"(36, 38)",taxation,6,0.25,False,True,False
104,111-3,53544.6875,"(37, 0)",taxation,6,0.25,False,True,False
104,91-3,53550.0625,"(4, 45)",taxation,6,0.25,False,True,False
104,95-3,55965.875,"(24, 10)",taxation,6,0.25,False,True,False
104,106-3,46319.8125,"(17, 43)",taxation,6,0.25,False,True,False
104,56-3,48725.5625,"(38, 14)",taxation,6,0.25,False,True,False
104,71-3,53538.9375,"(49, 18)",taxation,6,0.25,False,True,False
104,226-3,48711.0625,"(8, 43)",taxation,6,0.25,False,True,False
104,205-3,24617.8125,"(18, 2)",taxation,6,0.25,False,True,False
104,165-3,58348.25,"(10, 41)",taxation,6,0.25,False,True,False
104,231-3,31825.8125,"(46, 17)",taxation,6,0.25,False,True,False
104,25-3,43891.25,"(4, 17)",taxation,6,0.25,False,True,False
104,137-3,43875.375,"(41, 24)",taxation,6,0.25,False,True,False
104,73-3,51136.6875,"(36, 37)",taxation,6,0.25,False,True,False
104,214-3,31823.25,"(0, 48)",taxation,6,0.25,False,True,False
105,156-2,48916.5,"(17, 1)",taxation,6,0.25,False,True,False
105,134-2,64964.0,"(49, 14)",taxation,6,0.25,False,True,False
105,168-2,71414.5,"(20, 40)",taxation,6,0.25,False,True,False
105,122-2,55321.25,"(8, 41)",taxation,6,0.25,False,True,False
105,100-2,64965.75,"(39, 19)",taxation,6,0.25,False,True,False
105,141-2,52111.5,"(48, 13)",taxation,6,0.25,False,True,False
105,186-2,61754.25,"(49, 20)",taxation,6,0.25,False,True,False
105,203-2,77799.25,"(21, 13)",taxation,6,0.25,False,True,False
105,32-2,71375.75,"(19, 4)",taxation,6,0.25,False,True,False
105,115-2,71367.75,"(3, 17)",taxation,6,0.25,False,True,False
105,78-2,61749.25,"(13, 37)",taxation,6,0.25,False,True,False
105,55-2,71364.25,"(40, 16)",taxation,6,0.25,False,True,False
105,112-2,71388.5,"(9, 18)",taxation,6,0.25,False,True,False
105,193-2,58517.5,"(33, 17)",taxation,6,0.25,False,True,False
105,50-2,74589.5,"(20, 10)",taxation,6,0.25,False,True,False
105,53-2,42440.25,"(4, 39)",taxation,6,0.25,False,True,False
105,5-2,29551.5,"(20, 13)",taxation,6,0.25,False,True,False
105,247-2,58517.0,"(8, 44)",taxation,6,0.25,False,True,False
105,147-2,64958.75,"(38, 19)",taxation,6,0.25,False,True,False
105,145-2,68163.0,"(12, 12)",taxation,6,0.25,False,True,False
105,207-2,52059.75,"(40, 17)",taxation,6,0.25,False,True,False
105,120-2,74568.0,"(45, 11)",taxation,6,0.25,False,True,False
105,41-2,71395.0,"(7, 36)",taxation,6,0.25,False,True,False
105,209-2,74572.5,"(30, 24)",taxation,6,0.25,False,True,False
105,113-2,68149.75,"(7, 38)",taxation,6,0.25,False,True,False
105,68-2,55318.75,"(25, 13)",taxation,6,0.25,False,True,False
105,161-2,55309.0,"(15, 39)",taxation,6,0.25,False,True,False
105,175-2,55292.5,"(45, 10)",taxation,6,0.25,False,True,False
105,85-2,58518.0,"(16, 46)",taxation,6,0.25,False,True,False
105,234-2,68139.5,"(22, 11)",taxation,6,0.25,False,True,False
105,45-2,68162.75,"(8, 17)",taxation,6,0.25,False,True,False
105,196-2,45679.0,"(1, 41)",taxation,6,0.25,False,True,False
105,174-2,71366.5,"(9, 37)",taxation,6,0.25,False,True,False
105,103-2,64923.5,"(47, 11)",taxation,6,0.25,False,True,False
105,33-2,52067.25,"(17, 4)",taxation,6,0.25,False,True,False
105,19-2,68131.0,"(40, 14)",taxation,6,0.25,False,True,False
105,130-2,71352.5,"(43, 12)",taxation,6,0.25,False,True,False
105,155-2,68167.25,"(17, 8)",taxation,6,0.25,False,True,False
105,86-2,64926.0,"(30, 26)",taxation,6,0.25,False,True,False
105,164-2,68160.25,"(22, 13)",taxation,6,0.25,False,True,False
105,2-2,64937.75,"(13, 41)",taxation,6,0.25,False,True,False
105,11-2,52045.25,"(40, 11)",taxation,6,0.25,False,True,False
105,202-2,74566.0,"(40, 15)",taxation,6,0.25,False,True,False
105,121-2,64942.0,"(27, 31)",taxation,6,0.25,False,True,False
105,163-2,77794.0,"(14, 44)",taxation,6,0.25,False,True,False
105,18-2,74585.75,"(21, 41)",taxation,6,0.25,False,True,False
105,132-2,71346.75,"(27, 15)",taxation,6,0.25,False,True,False
105,160-2,58494.0,"(7, 16)",taxation,6,0.25,False,True,False
105,221-2,61719.5,"(38, 22)",taxation,6,0.25,False,True,False
105,90-2,58532.5,"(19, 10)",taxation,6,0.25,False,True,False
105,64-2,64913.0,"(28, 11)",taxation,6,0.25,False,True,False
105,102-2,45648.5,"(38, 23)",taxation,6,0.25,False,True,False
105,188-2,64943.5,"(4, 46)",taxation,6,0.25,False,True,False
105,92-2,71346.0,"(18, 40)",taxation,6,0.25,False,True,False
105,96-2,74583.5,"(49, 15)",taxation,6,0.25,False,True,False
105,107-2,71341.5,"(2, 41)",taxation,6,0.25,False,True,False
105,80-2,71350.5,"(14, 37)",taxation,6,0.25,False,True,False
105,237-2,52058.75,"(31, 18)",taxation,6,0.25,False,True,False
105,13-2,61718.25,"(1, 40)",taxation,6,0.25,False,True,False
105,104-2,61736.5,"(19, 8)",taxation,6,0.25,False,True,False
105,27-2,58499.75,"(16, 0)",taxation,6,0.25,False,True,False
105,248-2,64908.25,"(10, 16)",taxation,6,0.25,False,True,False
105,48-2,68116.0,"(2, 42)",taxation,6,0.25,False,True,False
105,57-2,58489.25,"(42, 12)",taxation,6,0.25,False,True,False
105,184-2,64893.25,"(16, 5)",taxation,6,0.25,False,True,False
105,30-2,74558.25,"(41, 16)",taxation,6,0.25,False,True,False
105,108-2,35968.25,"(32, 33)",taxation,6,0.25,False,True,False
105,166-2,61695.25,"(21, 40)",taxation,6,0.25,False,True,False
105,233-2,61720.25,"(8, 48)",taxation,6,0.25,False,True,False
105,69-2,71320.5,"(19, 36)",taxation,6,0.25,False,True,False
105,229-2,71393.25,"(5, 40)",taxation,6,0.25,False,True,False
105,236-2,64909.25,"(43, 9)",taxation,6,0.25,False,True,False
105,109-2,64923.5,"(44, 13)",taxation,6,0.25,False,True,False
105,235-2,64890.25,"(31, 17)",taxation,6,0.25,False,True,False
105,62-2,64915.5,"(21, 42)",taxation,6,0.25,False,True,False
105,89-2,68144.75,"(5, 48)",taxation,6,0.25,False,True,False
105,58-2,68096.5,"(35, 25)",taxation,6,0.25,False,True,False
105,61-2,77781.25,"(36, 23)",taxation,6,0.25,False,True,False
105,152-2,68140.25,"(12, 36)",taxation,6,0.25,False,True,False
105,124-2,61695.25,"(35, 16)",taxation,6,0.25,False,True,False
105,97-2,52026.75,"(45, 23)",taxation,6,0.25,False,True,False
105,232-2,39176.25,"(45, 15)",taxation,6,0.25,False,True,False
105,116-2,71341.5,"(28, 26)",taxation,6,0.25,False,True,False
105,37-2,68121.75,"(43, 11)",taxation,6,0.25,False,True,False
105,7-2,48862.5,"(14, 41)",taxation,6,0.25,False,True,False
105,26-2,52055.75,"(1, 39)",taxation,6,0.25,False,True,False
105,117-2,58480.5,"(15, 42)",taxation,6,0.25,False,True,False
105,82-2,68119.5,"(15, 41)",taxation,6,0.25,False,True,False
105,88-2,64900.0,"(13, 40)",taxation,6,0.25,False,True,False
105,59-2,58462.25,"(4, 40)",taxation,6,0.25,False,True,False
105,52-2,48836.25,"(42, 13)",taxation,6,0.25,False,True,False
105,194-2,58495.5,"(23, 12)",taxation,6,0.25,False,True,False
105,72-2,74549.5,"(8, 47)",taxation,6,0.25,False,True,False
105,199-2,74528.0,"(17, 3)",taxation,6,0.25,False,True,False
105,43-2,64892.75,"(40, 12)",taxation,6,0.25,False,True,False
105,128-2,71336.0,"(44, 12)",taxation,6,0.25,False,True,False
105,84-2,64893.5,"(17, 7)",taxation,6,0.25,False,True,False
105,114-2,74544.75,"(32, 18)",taxation,6,0.25,False,True,False
105,223-2,45593.0,"(17, 6)",taxation,6,0.25,False,True,False
105,123-2,74554.75,"(40, 34)",taxation,6,0.25,False,True,False
105,215-2,71329.5,"(11, 16)",taxation,6,0.25,False,True,False
105,127-2,68097.0,"(11, 14)",taxation,6,0.25,False,True,False
105,24-2,52062.5,"(46, 9)",taxation,6,0.25,False,True,False
105,136-2,52033.5,"(16, 4)",taxation,6,0.25,False,True,False
105,65-2,74537.25,"(31, 20)",taxation,6,0.25,False,True,False
105,14-2,16675.5,"(21, 10)",taxation,6,0.25,False,True,False
105,185-2,64910.5,"(15, 47)",taxation,6,0.25,False,True,False
105,77-2,55248.5,"(39, 3)",taxation,6,0.25,False,True,False
105,36-2,48823.25,"(12, 15)",taxation,6,0.25,False,True,False
105,190-2,64892.75,"(39, 0)",taxation,6,0.25,False,True,False
105,46-2,45605.0,"(39, 23)",taxation,6,0.25,False,True,False
105,218-2,74572.5,"(5, 47)",taxation,6,0.25,False,True,False
105,220-2,71334.0,"(15, 37)",taxation,6,0.25,False,True,False
105,224-2,55235.75,"(49, 13)",taxation,6,0.25,False,True,False
105,129-2,61687.0,"(32, 17)",taxation,6,0.25,False,True,False
105,157-2,61668.25,"(40, 18)",taxation,6,0.25,False,True,False
105,195-2,29513.25,"(6, 47)",taxation,6,0.25,False,True,False
105,8-2,64897.0,"(16, 45)",taxation,6,0.25,False,True,False
105,119-2,64870.0,"(15, 43)",taxation,6,0.25,False,True,False
105,99-2,61660.25,"(10, 15)",taxation,6,0.25,False,True,False
105,135-2,64889.75,"(18, 6)",taxation,6,0.25,False,True,False
105,47-2,45618.75,"(44, 5)",taxation,6,0.25,False,True,False
105,79-2,61676.25,"(7, 20)",taxation,6,0.25,False,True,False
105,87-2,64862.5,"(17, 5)",taxation,6,0.25,False,True,False
105,15-2,58468.75,"(44, 10)",taxation,6,0.25,False,True,False
105,29-2,64893.25,"(17, 10)",taxation,6,0.25,False,True,False
105,178-2,71317.25,"(42, 3)",taxation,6,0.25,False,True,False
105,60-2,68105.25,"(26, 32)",taxation,6,0.25,False,True,False
105,192-2,58448.0,"(6, 48)",taxation,6,0.25,False,True,False
105,49-2,61671.5,"(44, 16)",taxation,6,0.25,False,True,False
105,81-2,61687.25,"(21, 9)",taxation,6,0.25,False,True,False
105,118-2,71304.5,"(11, 18)",taxation,6,0.25,False,True,False
105,34-2,58457.0,"(20, 9)",taxation,6,0.25,False,True,False
105,211-2,42364.75,"(10, 17)",taxation,6,0.25,False,True,False
105,177-2,64896.75,"(42, 4)",taxation,6,0.25,False,True,False
105,39-2,45582.5,"(11, 17)",taxation,6,0.25,False,True,False
105,245-2,71301.75,"(37, 22)",taxation,6,0.25,False,True,False
105,131-2,64876.0,"(20, 39)",taxation,6,0.25,False,True,False
105,213-2,64892.5,"(20, 8)",taxation,6,0.25,False,True,False
105,9-2,55242.25,"(39, 25)",taxation,6,0.25,False,True,False
105,171-2,64884.5,"(18, 8)",taxation,6,0.25,False,True,False
105,230-2,52036.0,"(9, 41)",taxation,6,0.25,False,True,False
105,217-2,39149.5,"(8, 19)",taxation,6,0.25,False,True,False
105,227-2,71286.5,"(34, 16)",taxation,6,0.25,False,True,False
105,244-2,74510.5,"(45, 9)",taxation,6,0.25,False,True,False
105,204-2,71305.5,"(18, 4)",taxation,6,0.25,False,True,False
105,105-2,58439.5,"(18, 0)",taxation,6,0.25,False,True,False
105,239-2,64854.5,"(39, 18)",taxation,6,0.25,False,True,False
105,243-2,61653.5,"(14, 47)",taxation,6,0.25,False,True,False
105,139-3,58434.6875,"(15, 48)",taxation,6,0.25,False,True,False
105,228-3,38344.25,"(16, 9)",taxation,6,0.25,False,True,False
105,197-2,52013.25,"(9, 19)",taxation,6,0.25,False,True,False
105,151-2,51986.25,"(9, 40)",taxation,6,0.25,False,True,False
105,191-2,74494.75,"(14, 38)",taxation,6,0.25,False,True,False
105,153-2,32705.0,"(44, 9)",taxation,6,0.25,False,True,False
105,159-2,52012.5,"(47, 12)",taxation,6,0.25,False,True,False
105,222-2,64875.5,"(15, 6)",taxation,6,0.25,False,True,False
105,200-2,61644.0,"(15, 38)",taxation,6,0.25,False,True,False
105,181-2,64849.250000000015,"(48, 14)",taxation,6,0.25,False,True,False
105,101-2,64892.75,"(3, 42)",taxation,6,0.25,False,True,False
105,35-2,64879.5,"(47, 13)",taxation,6,0.25,False,True,False
105,70-2,68096.0,"(14, 42)",taxation,6,0.25,False,True,False
105,238-2,64884.0,"(46, 13)",taxation,6,0.25,False,True,False
105,158-3,47151.75,"(11, 46)",taxation,6,0.25,False,True,False
105,20-2,61647.0,"(45, 12)",taxation,6,0.25,False,True,False
105,31-3,58402.625,"(21, 7)",taxation,6,0.25,False,True,False
105,179-3,42373.375,"(30, 16)",taxation,6,0.25,False,True,False
105,93-2,29497.0,"(28, 10)",taxation,6,0.25,False,True,False
105,3-2,39126.25,"(18, 9)",taxation,6,0.25,False,True,False
105,143-2,64841.75,"(47, 31)",taxation,6,0.25,False,True,False
105,219-3,56796.75,"(7, 39)",taxation,6,0.25,False,True,False
105,98-3,26309.75,"(11, 19)",taxation,6,0.25,False,True,False
105,138-2,68047.75,"(30, 20)",taxation,6,0.25,False,True,False
105,66-2,71279.75,"(31, 21)",taxation,6,0.25,False,True,False
105,210-2,77703.75,"(46, 15)",taxation,6,0.25,False,True,False
105,150-2,55203.25,"(38, 17)",taxation,6,0.25,False,True,False
105,44-2,42355.0,"(41, 7)",taxation,6,0.25,False,True,False
105,154-3,23055.75,"(47, 32)",taxation,6,0.25,False,True,False
105,126-2,64841.75,"(31, 25)",taxation,6,0.25,False,True,False
105,74-3,56818.0,"(45, 13)",taxation,6,0.25,False,True,False
105,28-3,44764.9375,"(19, 37)",taxation,6,0.25,False,True,False
105,146-3,19852.75,"(45, 22)",taxation,6,0.25,False,True,False
105,176-3,571.25,"(32, 22)",taxation,6,0.25,False,True,False
105,208-3,51990.9375,"(42, 2)",taxation,6,0.25,False,True,False
105,216-2,71267.0,"(49, 17)",taxation,6,0.25,False,True,False
105,187-3,26261.25,"(32, 5)",taxation,6,0.25,False,True,False
105,167-3,51190.3125,"(42, 16)",taxation,6,0.25,False,True,False
105,240-3,16600.75,"(27, 32)",taxation,6,0.25,False,True,False
105,140-3,588.75,"(19, 11)",taxation,6,0.25,False,True,False
105,149-3,43961.75,"(39, 2)",taxation,6,0.25,False,True,False
105,173-3,13431.75,"(13, 48)",taxation,6,0.25,False,True,False
105,246-3,48766.75,"(17, 38)",taxation,6,0.25,False,True,False
105,75-3,46373.75,"(43, 8)",taxation,6,0.25,False,True,False
105,12-2,61616.75,"(43, 13)",taxation,6,0.25,False,True,False
105,1-3,37517.1875,"(42, 14)",taxation,6,0.25,False,True,False
105,17-3,53573.375,"(20, 37)",taxation,6,0.25,False,True,False
105,67-2,48773.75,"(46, 22)",taxation,6,0.25,False,True,False
105,40-3,53602.75,"(11, 20)",taxation,6,0.25,False,True,False
105,23-3,52789.0,"(6, 40)",taxation,6,0.25,False,True,False
105,142-3,31878.8125,"(5, 41)",taxation,6,0.25,False,True,False
105,76-3,48781.562500000015,"(29, 16)",taxation,6,0.25,False,True,False
105,94-3,16625.5,"(49, 16)",taxation,6,0.25,False,True,False
105,241-3,46338.625,"(46, 11)",taxation,6,0.25,False,True,False
105,170-3,44758.3125,"(12, 34)",taxation,6,0.25,False,True,False
105,242-3,22240.9375,"(31, 22)",taxation,6,0.25,False,True,False
105,198-3,46364.625,"(45, 8)",taxation,6,0.25,False,True,False
105,10-3,51166.1875,"(13, 34)",taxation,6,0.25,False,True,False
105,172-3,53561.3125,"(40, 13)",taxation,6,0.25,False,True,False
105,189-3,43950.125,"(13, 39)",taxation,6,0.25,False,True,False
105,206-3,49568.4375,"(9, 46)",taxation,6,0.25,False,True,False
105,182-3,51152.1875,"(46, 29)",taxation,6,0.25,False,True,False
105,42-3,36731.625,"(9, 17)",taxation,6,0.25,False,True,False
105,148-3,39095.9375,"(33, 18)",taxation,6,0.25,False,True,False
105,0-3,34300.4375,"(10, 18)",taxation,6,0.25,False,True,False
105,212-3,51148.8125,"(39, 17)",taxation,6,0.25,False,True,False
105,225-3,51154.5625,"(48, 12)",taxation,6,0.25,False,True,False
105,6-3,55987.5,"(41, 15)",taxation,6,0.25,False,True,False
105,38-3,51172.125,"(15, 40)",taxation,6,0.25,False,True,False
105,54-3,48746.1875,"(16, 8)",taxation,6,0.25,False,True,False
105,63-3,46301.5625,"(20, 38)",taxation,6,0.25,False,True,False
105,144-3,48774.875,"(7, 15)",taxation,6,0.25,False,True,False
105,22-3,55966.75,"(48, 28)",taxation,6,0.25,False,True,False
105,162-3,51138.875,"(13, 49)",taxation,6,0.25,False,True,False
105,249-3,51182.75,"(7, 49)",taxation,6,0.25,False,True,False
105,180-3,48751.6875,"(2, 44)",taxation,6,0.25,False,True,False
105,83-3,53564.5625,"(41, 13)",taxation,6,0.25,False,True,False
105,133-3,43919.25,"(9, 14)",taxation,6,0.25,False,True,False
105,16-3,55976.125,"(42, 8)",taxation,6,0.25,False,True,False
105,51-3,51154.875,"(9, 45)",taxation,6,0.25,False,True,False
105,4-3,36669.6875,"(31, 35)",taxation,6,0.25,False,True,False
105,111-3,53550.6875,"(43, 1)",taxation,6,0.25,False,True,False
105,91-3,53557.0625,"(9, 43)",taxation,6,0.25,False,True,False
105,95-3,55974.875,"(21, 11)",taxation,6,0.25,False,True,False
105,106-3,46327.8125,"(16, 43)",taxation,6,0.25,False,True,False
105,56-3,48734.5625,"(39, 13)",taxation,6,0.25,False,True,False
105,71-3,53547.9375,"(45, 14)",taxation,6,0.25,False,True,False
105,226-3,48719.0625,"(14, 43)",taxation,6,0.25,False,True,False
105,205-3,24627.8125,"(17, 0)",taxation,6,0.25,False,True,False
105,165-3,58356.25,"(14, 40)",taxation,6,0.25,False,True,False
105,231-3,31834.8125,"(46, 14)",taxation,6,0.25,False,True,False
105,25-3,43899.25,"(9, 13)",taxation,6,0.25,False,True,False
105,137-3,43883.375,"(36, 18)",taxation,6,0.25,False,True,False
105,73-3,51141.6875,"(33, 32)",taxation,6,0.25,False,True,False
105,214-3,31829.25,"(6, 49)",taxation,6,0.25,False,True,False
105,21-3,46309.6875,"(19, 3)",taxation,6,0.25,False,True,False
105,201-3,34233.9375,"(44, 11)",taxation,6,0.25,False,True,False
105,169-3,39080.25,"(3, 39)",taxation,6,0.25,False,True,False
105,110-3,55953.75,"(46, 16)",taxation,6,0.25,False,True,False
105,183-3,34253.0625,"(46, 12)",taxation,6,0.25,False,True,False
105,125-3,53524.5,"(8, 46)",taxation,6,0.25,False,True,False
106,134-2,64966.0,"(45, 18)",taxation,6,0.25,False,True,False
106,100-2,64970.75,"(36, 17)",taxation,6,0.25,False,True,False
106,141-2,52119.5,"(48, 8)",taxation,6,0.25,False,True,False
106,186-2,61757.25,"(45, 24)",taxation,6,0.25,False,True,False
106,203-2,77808.25,"(19, 15)",taxation,6,0.25,False,True,False
106,32-2,71384.75,"(13, 9)",taxation,6,0.25,False,True,False
106,115-2,71375.75,"(8, 18)",taxation,6,0.25,False,True,False
106,78-2,61757.25,"(16, 37)",taxation,6,0.25,False,True,False
106,55-2,71370.25,"(35, 19)",taxation,6,0.25,False,True,False
106,112-2,71397.5,"(14, 16)",taxation,6,0.25,False,True,False
106,193-2,58526.5,"(27, 16)",taxation,6,0.25,False,True,False
106,50-2,74598.5,"(20, 12)",taxation,6,0.25,False,True,False
106,5-2,29560.5,"(18, 15)",taxation,6,0.25,False,True,False
106,247-2,58522.0,"(13, 38)",taxation,6,0.25,False,True,False
106,147-2,64965.75,"(38, 16)",taxation,6,0.25,False,True,False
106,145-2,68173.0,"(14, 10)",taxation,6,0.25,False,True,False
106,207-2,52065.75,"(39, 16)",taxation,6,0.25,False,True,False
106,120-2,74576.0,"(49, 5)",taxation,6,0.25,False,True,False
106,41-2,71401.0,"(10, 33)",taxation,6,0.25,False,True,False
106,209-2,74581.5,"(30, 18)",taxation,6,0.25,False,True,False
106,113-2,68156.75,"(11, 35)",taxation,6,0.25,False,True,False
106,68-2,55327.75,"(24, 13)",taxation,6,0.25,False,True,False
106,161-2,55317.0,"(17, 37)",taxation,6,0.25,False,True,False
106,175-2,55301.5,"(46, 10)",taxation,6,0.25,False,True,False
106,85-2,58526.0,"(17, 46)",taxation,6,0.25,False,True,False
106,234-2,68148.5,"(21, 14)",taxation,6,0.25,False,True,False
106,45-2,68171.75,"(11, 15)",taxation,6,0.25,False,True,False
106,196-2,45683.0,"(3, 35)",taxation,6,0.25,False,True,False
106,174-2,71373.5,"(8, 33)",taxation,6,0.25,False,True,False
106,103-2,64931.5,"(49, 9)",taxation,6,0.25,False,True,False
106,33-2,52076.25,"(12, 10)",taxation,6,0.25,False,True,False
106,19-2,68138.0,"(38, 15)",taxation,6,0.25,False,True,False
106,130-2,71361.5,"(46, 8)",taxation,6,0.25,False,True,False
106,155-2,68175.25,"(20, 11)",taxation,6,0.25,False,True,False
106,86-2,64934.0,"(27, 24)",taxation,6,0.25,False,True,False
106,164-2,68169.25,"(23, 15)",taxation,6,0.25,False,True,False
106,2-2,64943.75,"(18, 35)",taxation,6,0.25,False,True,False
106,11-2,52052.25,"(43, 6)",taxation,6,0.25,False,True,False
106,202-2,74572.0,"(34, 19)",taxation,6,0.25,False,True,False
106,121-2,64949.0,"(25, 33)",taxation,6,0.25,False,True,False
106,163-2,77802.0,"(19, 44)",taxation,6,0.25,False,True,False
106,18-2,74593.75,"(22, 46)",taxation,6,0.25,False,True,False
106,132-2,71354.75,"(24, 14)",taxation,6,0.25,False,True,False
106,160-2,58503.0,"(10, 12)",taxation,6,0.25,False,True,False
106,221-2,61725.5,"(36, 20)",taxation,6,0.25,False,True,False
106,90-2,58542.5,"(17, 11)",taxation,6,0.25,False,True,False
106,64-2,64922.0,"(24, 11)",taxation,6,0.25,False,True,False
106,102-2,45656.5,"(32, 21)",taxation,6,0.25,False,True,False
106,188-2,64946.5,"(7, 40)",taxation,6,0.25,False,True,False
106,92-2,71354.0,"(19, 39)",taxation,6,0.25,False,True,False
106,96-2,74586.5,"(43, 20)",taxation,6,0.25,False,True,False
106,107-2,71346.5,"(8, 36)",taxation,6,0.25,False,True,False
106,80-2,71357.5,"(16, 33)",taxation,6,0.25,False,True,False
106,237-2,52067.75,"(26, 15)",taxation,6,0.25,False,True,False
106,13-2,61723.25,"(6, 34)",taxation,6,0.25,False,True,False
106,104-2,61745.5,"(15, 14)",taxation,6,0.25,False,True,False
106,27-2,58505.75,"(16, 3)",taxation,6,0.25,False,True,False
106,248-2,64918.25,"(15, 10)",taxation,6,0.25,False,True,False
106,48-2,68120.0,"(3, 36)",taxation,6,0.25,False,True,False
106,57-2,58498.25,"(47, 10)",taxation,6,0.25,False,True,False
106,184-2,64902.25,"(14, 11)",taxation,6,0.25,False,True,False
106,30-2,74563.25,"(37, 16)",taxation,6,0.25,False,True,False
106,108-2,35975.25,"(31, 28)",taxation,6,0.25,False,True,False
106,166-2,61703.25,"(21, 46)",taxation,6,0.25,False,True,False
106,233-2,61724.25,"(14, 46)",taxation,6,0.25,False,True,False
106,69-2,71328.5,"(17, 35)",taxation,6,0.25,False,True,False
106,229-2,71398.25,"(8, 34)",taxation,6,0.25,False,True,False
106,236-2,64917.25,"(48, 5)",taxation,6,0.25,False,True,False
106,109-2,64931.5,"(49, 8)",taxation,6,0.25,False,True,False
106,235-2,64898.25,"(25, 20)",taxation,6,0.25,False,True,False
106,62-2,64923.5,"(21, 43)",taxation,6,0.25,False,True,False
106,89-2,68147.75,"(11, 45)",taxation,6,0.25,False,True,False
106,58-2,68104.5,"(30, 23)",taxation,6,0.25,False,True,False
106,61-2,77788.25,"(30, 25)",taxation,6,0.25,False,True,False
106,152-2,68147.25,"(16, 34)",taxation,6,0.25,False,True,False
106,124-2,61703.25,"(29, 21)",taxation,6,0.25,False,True,False
106,97-2,52030.75,"(40, 25)",taxation,6,0.25,False,True,False
106,232-2,39182.25,"(41, 14)",taxation,6,0.25,False,True,False
106,116-2,71349.5,"(27, 25)",taxation,6,0.25,False,True,False
106,37-2,68128.75,"(46, 5)",taxation,6,0.25,False,True,False
106,7-2,48868.5,"(18, 39)",taxation,6,0.25,False,True,False
106,26-2,52060.75,"(7, 33)",taxation,6,0.25,False,True,False
106,117-2,58488.5,"(20, 44)",taxation,6,0.25,False,True,False
106,82-2,68127.5,"(21, 45)",taxation,6,0.25,False,True,False
106,88-2,64908.0,"(19, 43)",taxation,6,0.25,False,True,False
106,59-2,58467.25,"(9, 35)",taxation,6,0.25,False,True,False
106,52-2,48842.25,"(44, 7)",taxation,6,0.25,False,True,False
106,194-2,58505.5,"(19, 12)",taxation,6,0.25,False,True,False
106,72-2,74553.5,"(13, 45)",taxation,6,0.25,False,True,False
106,199-2,74535.0,"(14, 7)",taxation,6,0.25,False,True,False
106,43-2,64900.75,"(44, 8)",taxation,6,0.25,False,True,False
106,128-2,71342.0,"(46, 6)",taxation,6,0.25,False,True,False
106,84-2,64902.5,"(15, 11)",taxation,6,0.25,False,True,False
106,114-2,74552.75,"(26, 21)",taxation,6,0.25,False,True,False
106,223-2,45602.0,"(16, 11)",taxation,6,0.25,False,True,False
106,123-2,74559.75,"(35, 34)",taxation,6,0.25,False,True,False
106,215-2,71338.5,"(13, 14)",taxation,6,0.25,False,True,False
106,127-2,68106.0,"(12, 13)",taxation,6,0.25,False,True,False
106,24-2,52070.5,"(49, 6)",taxation,6,0.25,False,True,False
106,136-2,52042.5,"(13, 10)",taxation,6,0.25,False,True,False
106,65-2,74546.25,"(29, 18)",taxation,6,0.25,False,True,False
106,14-2,16684.5,"(17, 13)",taxation,6,0.25,False,True,False
106,185-2,64918.5,"(19, 46)",taxation,6,0.25,False,True,False
106,77-2,55256.5,"(44, 4)",taxation,6,0.25,False,True,False
106,36-2,48832.25,"(12, 14)",taxation,6,0.25,False,True,False
106,190-2,64899.75,"(43, 2)",taxation,6,0.25,False,True,False
106,46-2,45612.0,"(37, 17)",taxation,6,0.25,False,True,False
106,218-2,74575.5,"(8, 42)",taxation,6,0.25,False,True,False
106,220-2,71341.0,"(17, 36)",taxation,6,0.25,False,True,False
106,224-2,55243.75,"(49, 11)",taxation,6,0.25,False,True,False
106,129-2,61696.0,"(29, 17)",taxation,6,0.25,False,True,False
106,157-2,61674.25,"(35, 18)",taxation,6,0.25,False,True,False
106,195-2,29516.25,"(12, 47)",taxation,6,0.25,False,True,False
106,8-2,64905.0,"(21, 48)",taxation,6,0.25,False,True,False
106,119-2,64878.0,"(20, 43)",taxation,6,0.25,False,True,False
106,99-2,61669.25,"(11, 13)",taxation,6,0.25,False,True,False
106,135-2,64898.75,"(16, 12)",taxation,6,0.25,False,True,False
106,47-2,45626.75,"(45, 5)",taxation,6,0.25,False,True,False
106,79-2,61685.25,"(13, 17)",taxation,6,0.25,False,True,False
106,87-2,64871.5,"(11, 11)",taxation,6,0.25,False,True,False
106,15-2,58476.75,"(48, 10)",taxation,6,0.25,False,True,False
106,29-2,64902.25,"(17, 12)",taxation,6,0.25,False,True,False
106,178-2,71325.25,"(48, 4)",taxation,6,0.25,False,True,False
106,60-2,68112.25,"(24, 32)",taxation,6,0.25,False,True,False
106,192-2,58452.0,"(12, 42)",taxation,6,0.25,False,True,False
106,49-2,61679.5,"(49, 10)",taxation,6,0.25,False,True,False
106,81-2,61696.25,"(22, 12)",taxation,6,0.25,False,True,False
106,118-2,71313.5,"(14, 15)",taxation,6,0.25,False,True,False
106,34-2,58466.0,"(18, 13)",taxation,6,0.25,False,True,False
106,211-2,42373.75,"(13, 16)",taxation,6,0.25,False,True,False
106,177-2,64904.75,"(47, 4)",taxation,6,0.25,False,True,False
106,39-2,45591.5,"(15, 15)",taxation,6,0.25,False,True,False
106,245-2,71308.75,"(31, 27)",taxation,6,0.25,False,True,False
106,131-2,64883.0,"(18, 38)",taxation,6,0.25,False,True,False
106,213-2,64901.5,"(18, 12)",taxation,6,0.25,False,True,False
106,9-2,55248.25,"(37, 21)",taxation,6,0.25,False,True,False
106,171-2,64893.5,"(14, 14)",taxation,6,0.25,False,True,False
106,230-2,52041.0,"(12, 37)",taxation,6,0.25,False,True,False
106,217-2,39158.5,"(13, 13)",taxation,6,0.25,False,True,False
106,227-2,71295.5,"(30, 17)",taxation,6,0.25,False,True,False
106,244-2,74518.5,"(49, 4)",taxation,6,0.25,False,True,False
106,204-2,71312.5,"(17, 9)",taxation,6,0.25,False,True,False
106,105-2,58445.5,"(16, 2)",taxation,6,0.25,False,True,False
106,239-2,64860.5,"(33, 22)",taxation,6,0.25,False,True,False
106,243-2,61661.5,"(20, 47)",taxation,6,0.25,False,True,False
106,139-3,58441.6875,"(21, 47)",taxation,6,0.25,False,True,False
106,228-3,38354.25,"(16, 10)",taxation,6,0.25,False,True,False
106,197-2,52022.25,"(12, 16)",taxation,6,0.25,False,True,False
106,151-2,51992.25,"(11, 34)",taxation,6,0.25,False,True,False
106,191-2,74502.75,"(16, 36)",taxation,6,0.25,False,True,False
106,153-2,32712.0,"(45, 4)",taxation,6,0.25,False,True,False
106,159-2,52017.5,"(42, 6)",taxation,6,0.25,False,True,False
106,222-2,64884.5,"(14, 9)",taxation,6,0.25,False,True,False
106,200-2,61651.0,"(17, 33)",taxation,6,0.25,False,True,False
106,181-2,64858.250000000015,"(47, 8)",taxation,6,0.25,False,True,False
106,101-2,64896.75,"(5, 37)",taxation,6,0.25,False,True,False
106,35-2,64883.5,"(41, 9)",taxation,6,0.25,False,True,False
106,70-2,68103.0,"(20, 48)",taxation,6,0.25,False,True,False
106,238-2,64890.0,"(45, 7)",taxation,6,0.25,False,True,False
106,158-3,47156.75,"(15, 44)",taxation,6,0.25,False,True,False
106,20-2,61655.0,"(48, 7)",taxation,6,0.25,False,True,False
106,31-3,58411.625,"(18, 10)",taxation,6,0.25,False,True,False
106,179-3,42381.375,"(24, 16)",taxation,6,0.25,False,True,False
106,93-2,29506.0,"(25, 15)",taxation,6,0.25,False,True,False
106,3-2,39135.25,"(14, 13)",taxation,6,0.25,False,True,False
106,143-2,64844.75,"(46, 31)",taxation,6,0.25,False,True,False
106,219-3,56803.75,"(13, 35)",taxation,6,0.25,False,True,False
106,98-3,26318.75,"(14, 17)",taxation,6,0.25,False,True,False
106,138-2,68056.75,"(28, 17)",taxation,6,0.25,False,True,False
106,66-2,71287.75,"(28, 23)",taxation,6,0.25,False,True,False
106,210-2,77711.75,"(48, 11)",taxation,6,0.25,False,True,False
106,150-2,55209.25,"(33, 21)",taxation,6,0.25,False,True,False
106,44-2,42364.0,"(47, 6)",taxation,6,0.25,False,True,False
106,154-3,23058.75,"(46, 32)",taxation,6,0.25,False,True,False
106,126-2,64849.75,"(27, 21)",taxation,6,0.25,False,True,False
106,74-3,56823.0,"(39, 8)",taxation,6,0.25,False,True,False
106,28-3,44771.9375,"(22, 35)",taxation,6,0.25,False,True,False
106,146-3,19857.75,"(39, 24)",taxation,6,0.25,False,True,False
106,176-3,579.25,"(28, 22)",taxation,6,0.25,False,True,False
106,208-3,51997.9375,"(44, 2)",taxation,6,0.25,False,True,False
106,216-2,71275.0,"(49, 12)",taxation,6,0.25,False,True,False
106,187-3,26267.25,"(38, 7)",taxation,6,0.25,False,True,False
106,167-3,51195.3125,"(38, 18)",taxation,6,0.25,False,True,False
106,240-3,16607.75,"(25, 32)",taxation,6,0.25,False,True,False
106,140-3,598.75,"(18, 11)",taxation,6,0.25,False,True,False
106,149-3,43968.75,"(43, 3)",taxation,6,0.25,False,True,False
106,173-3,13439.75,"(17, 47)",taxation,6,0.25,False,True,False
106,246-3,48774.75,"(19, 38)",taxation,6,0.25,False,True,False
106,75-3,46381.75,"(46, 4)",taxation,6,0.25,False,True,False
106,12-2,61624.75,"(48, 9)",taxation,6,0.25,False,True,False
106,1-3,37522.1875,"(37, 14)",taxation,6,0.25,False,True,False
106,17-3,53580.375,"(20, 36)",taxation,6,0.25,False,True,False
106,67-2,48777.75,"(40, 22)",taxation,6,0.25,False,True,False
106,40-3,53611.75,"(13, 18)",taxation,6,0.25,False,True,False
106,23-3,52795.0,"(12, 35)",taxation,6,0.25,False,True,False
106,142-3,31883.8125,"(8, 35)",taxation,6,0.25,False,True,False
106,76-3,48789.562500000015,"(28, 19)",taxation,6,0.25,False,True,False
106,94-3,16632.5,"(47, 15)",taxation,6,0.25,False,True,False
106,241-3,46346.625,"(47, 7)",taxation,6,0.25,False,True,False
106,170-3,44766.3125,"(16, 35)",taxation,6,0.25,False,True,False
106,242-3,22248.9375,"(29, 22)",taxation,6,0.25,False,True,False
106,198-3,46372.625,"(44, 6)",taxation,6,0.25,False,True,False
106,10-3,51173.1875,"(15, 32)",taxation,6,0.25,False,True,False
106,172-3,53566.3125,"(39, 9)",taxation,6,0.25,False,True,False
106,189-3,43958.125,"(19, 42)",taxation,6,0.25,False,True,False
106,206-3,49572.4375,"(14, 45)",taxation,6,0.25,False,True,False
106,182-3,51156.1875,"(40, 29)",taxation,6,0.25,False,True,False
106,42-3,36740.625,"(12, 17)",taxation,6,0.25,False,True,False
106,148-3,39103.9375,"(27, 19)",taxation,6,0.25,False,True,False
106,0-3,34309.4375,"(15, 16)",taxation,6,0.25,False,True,False
106,212-3,51153.8125,"(35, 20)",taxation,6,0.25,False,True,False
106,225-3,51161.5625,"(45, 6)",taxation,6,0.25,False,True,False
106,6-3,55994.5,"(44, 15)",taxation,6,0.25,False,True,False
106,38-3,51180.125,"(18, 41)",taxation,6,0.25,False,True,False
106,54-3,48755.1875,"(13, 11)",taxation,6,0.25,False,True,False
106,63-3,46309.5625,"(20, 42)",taxation,6,0.25,False,True,False
106,144-3,48783.875,"(10, 14)",taxation,6,0.25,False,True,False
106,22-3,55969.75,"(47, 28)",taxation,6,0.25,False,True,False
106,162-3,51143.875,"(19, 48)",taxation,6,0.25,False,True,False
106,249-3,51186.75,"(13, 44)",taxation,6,0.25,False,True,False
106,180-3,48755.6875,"(8, 38)",taxation,6,0.25,False,True,False
106,83-3,53569.5625,"(36, 14)",taxation,6,0.25,False,True,False
106,133-3,43929.25,"(14, 8)",taxation,6,0.25,False,True,False
106,16-3,55985.125,"(46, 7)",taxation,6,0.25,False,True,False
106,51-3,51159.875,"(13, 42)",taxation,6,0.25,False,True,False
106,4-3,36676.6875,"(25, 35)",taxation,6,0.25,False,True,False
106,111-3,53558.6875,"(45, 3)",taxation,6,0.25,False,True,False
106,91-3,53562.0625,"(10, 37)",taxation,6,0.25,False,True,False
106,95-3,55983.875,"(21, 12)",taxation,6,0.25,False,True,False
106,106-3,46335.8125,"(21, 49)",taxation,6,0.25,False,True,False
106,56-3,48740.5625,"(39, 15)",taxation,6,0.25,False,True,False
106,71-3,53550.9375,"(41, 17)",taxation,6,0.25,False,True,False
106,226-3,48727.0625,"(20, 45)",taxation,6,0.25,False,True,False
106,205-3,24634.8125,"(15, 5)",taxation,6,0.25,False,True,False
106,165-3,58362.25,"(16, 38)",taxation,6,0.25,False,True,False
106,231-3,31843.8125,"(47, 9)",taxation,6,0.25,False,True,False
106,25-3,43909.25,"(15, 8)",taxation,6,0.25,False,True,False
106,137-3,43889.375,"(33, 20)",taxation,6,0.25,False,True,False
106,73-3,51148.6875,"(32, 28)",taxation,6,0.25,False,True,False
106,214-3,31832.25,"(12, 48)",taxation,6,0.25,False,True,False
106,21-3,46317.6875,"(15, 9)",taxation,6,0.25,False,True,False
106,201-3,34241.9375,"(49, 7)",taxation,6,0.25,False,True,False
106,169-3,39085.25,"(6, 33)",taxation,6,0.25,False,True,False
106,110-3,55956.75,"(42, 18)",taxation,6,0.25,False,True,False
106,183-3,34261.0625,"(48, 6)",taxation,6,0.25,False,True,False
106,125-3,53528.5,"(13, 43)",taxation,6,0.25,False,True,False
106,168-3,53566.875,"(20, 41)",taxation,6,0.25,False,True,False
106,156-3,36692.625,"(15, 7)",taxation,6,0.25,False,True,False
106,53-3,31834.6875,"(9, 33)",taxation,6,0.25,False,True,False
106,122-3,41494.6875,"(10, 36)",taxation,6,0.25,False,True,False
107,134-2,64970.0,"(43, 22)",taxation,6,0.25,False,True,False
107,100-2,64977.75,"(31, 23)",taxation,6,0.25,False,True,False
107,141-2,52121.5,"(43, 7)",taxation,6,0.25,False,True,False
107,186-2,61762.25,"(40, 26)",taxation,6,0.25,False,True,False
107,203-2,77817.25,"(21, 19)",taxation,6,0.25,False,True,False
107,32-2,71390.75,"(17, 14)",taxation,6,0.25,False,True,False
107,115-2,71384.75,"(8, 16)",taxation,6,0.25,False,True,False
107,78-2,61765.25,"(20, 32)",taxation,6,0.25,False,True,False
107,55-2,71377.25,"(30, 21)",taxation,6,0.25,False,True,False
107,112-2,71406.5,"(14, 18)",taxation,6,0.25,False,True,False
107,193-2,58535.5,"(23, 14)",taxation,6,0.25,False,True,False
107,50-2,74606.5,"(22, 18)",taxation,6,0.25,False,True,False
107,5-2,29569.5,"(18, 17)",taxation,6,0.25,False,True,False
107,247-2,58529.0,"(15, 33)",taxation,6,0.25,False,True,False
107,147-2,64971.75,"(33, 14)",taxation,6,0.25,False,True,False
107,145-2,68180.0,"(20, 16)",taxation,6,0.25,False,True,False
107,207-2,52071.75,"(33, 13)",taxation,6,0.25,False,True,False
107,120-2,74584.0,"(49, 1)",taxation,6,0.25,False,True,False
107,41-2,71409.0,"(10, 28)",taxation,6,0.25,False,True,False
107,209-2,74590.5,"(24, 20)",taxation,6,0.25,False,True,False
107,113-2,68163.75,"(11, 32)",taxation,6,0.25,False,True,False
107,68-2,55336.75,"(20, 17)",taxation,6,0.25,False,True,False
107,161-2,55325.0,"(18, 33)",taxation,6,0.25,False,True,False
107,175-2,55307.5,"(41, 6)",taxation,6,0.25,False,True,False
107,85-2,58533.0,"(23, 40)",taxation,6,0.25,False,True,False
107,45-2,68180.75,"(9, 15)",taxation,6,0.25,False,True,False
107,196-2,45690.0,"(9, 30)",taxation,6,0.25,False,True,False
107,174-2,71381.5,"(9, 27)",taxation,6,0.25,False,True,False
107,103-2,64939.5,"(48, 3)",taxation,6,0.25,False,True,False
107,33-2,52085.25,"(8, 15)",taxation,6,0.25,False,True,False
107,19-2,68144.0,"(35, 12)",taxation,6,0.25,False,True,False
107,130-2,71369.5,"(45, 2)",taxation,6,0.25,False,True,False
107,155-2,68184.25,"(17, 17)",taxation,6,0.25,False,True,False
107,86-2,64943.0,"(22, 20)",taxation,6,0.25,False,True,False
107,164-2,68178.25,"(22, 19)",taxation,6,0.25,False,True,False
107,2-2,64951.75,"(21, 32)",taxation,6,0.25,False,True,False
107,11-2,52059.25,"(39, 4)",taxation,6,0.25,False,True,False
107,202-2,74579.0,"(28, 20)",taxation,6,0.25,False,True,False
107,121-2,64957.0,"(25, 34)",taxation,6,0.25,False,True,False
107,163-2,77810.0,"(24, 44)",taxation,6,0.25,False,True,False
107,18-2,74601.75,"(24, 48)",taxation,6,0.25,False,True,False
107,132-2,71363.75,"(21, 18)",taxation,6,0.25,False,True,False
107,160-2,58509.0,"(13, 15)",taxation,6,0.25,False,True,False
107,221-2,61731.5,"(33, 23)",taxation,6,0.25,False,True,False
107,90-2,58550.5,"(23, 16)",taxation,6,0.25,False,True,False
107,64-2,64930.0,"(25, 16)",taxation,6,0.25,False,True,False
107,102-2,45664.5,"(26, 18)",taxation,6,0.25,False,True,False
107,188-2,64952.5,"(10, 35)",taxation,6,0.25,False,True,False
107,92-2,71362.0,"(23, 38)",taxation,6,0.25,False,True,False
107,96-2,74592.5,"(37, 25)",taxation,6,0.25,False,True,False
107,107-2,71353.5,"(12, 32)",taxation,6,0.25,False,True,False
107,80-2,71365.5,"(21, 31)",taxation,6,0.25,False,True,False
107,237-2,52075.75,"(23, 18)",taxation,6,0.25,False,True,False
107,13-2,61731.25,"(11, 28)",taxation,6,0.25,False,True,False
107,104-2,61754.5,"(16, 15)",taxation,6,0.25,False,True,False
107,27-2,58511.75,"(17, 2)",taxation,6,0.25,False,True,False
107,248-2,64927.25,"(21, 15)",taxation,6,0.25,False,True,False
107,48-2,68126.0,"(6, 32)",taxation,6,0.25,False,True,False
107,57-2,58504.25,"(41, 4)",taxation,6,0.25,False,True,False
107,184-2,64908.25,"(18, 14)",taxation,6,0.25,False,True,False
107,30-2,74569.25,"(33, 16)",taxation,6,0.25,False,True,False
107,108-2,35983.25,"(27, 28)",taxation,6,0.25,False,True,False
107,166-2,61711.25,"(23, 48)",taxation,6,0.25,False,True,False
107,233-2,61730.25,"(20, 46)",taxation,6,0.25,False,True,False
107,69-2,71336.5,"(17, 32)",taxation,6,0.25,False,True,False
107,229-2,71406.25,"(9, 28)",taxation,6,0.25,False,True,False
107,236-2,64925.25,"(47, 3)",taxation,6,0.25,False,True,False
107,109-2,64933.5,"(44, 14)",taxation,6,0.25,False,True,False
107,235-2,64907.25,"(25, 21)",taxation,6,0.25,False,True,False
107,62-2,64931.5,"(24, 43)",taxation,6,0.25,False,True,False
107,89-2,68152.75,"(15, 45)",taxation,6,0.25,False,True,False
107,58-2,68112.5,"(25, 25)",taxation,6,0.25,False,True,False
107,61-2,77796.25,"(27, 27)",taxation,6,0.25,False,True,False
107,152-2,68154.25,"(17, 34)",taxation,6,0.25,False,True,False
107,124-2,61711.25,"(25, 19)",taxation,6,0.25,False,True,False
107,97-2,52036.75,"(37, 26)",taxation,6,0.25,False,True,False
107,232-2,39188.25,"(36, 11)",taxation,6,0.25,False,True,False
107,116-2,71358.5,"(21, 20)",taxation,6,0.25,False,True,False
107,37-2,68136.75,"(46, 1)",taxation,6,0.25,False,True,False
107,7-2,48876.5,"(24, 40)",taxation,6,0.25,False,True,False
107,26-2,52068.75,"(12, 27)",taxation,6,0.25,False,True,False
107,117-2,58496.5,"(25, 41)",taxation,6,0.25,False,True,False
107,82-2,68135.5,"(23, 43)",taxation,6,0.25,False,True,False
107,88-2,64916.0,"(23, 42)",taxation,6,0.25,False,True,False
107,59-2,58474.25,"(12, 33)",taxation,6,0.25,False,True,False
107,52-2,48849.25,"(41, 3)",taxation,6,0.25,False,True,False
107,194-2,58514.5,"(19, 17)",taxation,6,0.25,False,True,False
107,72-2,74559.5,"(19, 40)",taxation,6,0.25,False,True,False
107,199-2,74541.0,"(18, 3)",taxation,6,0.25,False,True,False
107,43-2,64907.75,"(40, 3)",taxation,6,0.25,False,True,False
107,128-2,71349.0,"(41, 1)",taxation,6,0.25,False,True,False
107,84-2,64911.5,"(13, 12)",taxation,6,0.25,False,True,False
107,114-2,74560.75,"(23, 22)",taxation,6,0.25,False,True,False
107,223-2,45611.0,"(19, 13)",taxation,6,0.25,False,True,False
107,123-2,74566.75,"(31, 34)",taxation,6,0.25,False,True,False
107,215-2,71347.5,"(15, 18)",taxation,6,0.25,False,True,False
107,127-2,68115.0,"(16, 19)",taxation,6,0.25,False,True,False
107,24-2,52078.5,"(49, 2)",taxation,6,0.25,False,True,False
107,136-2,52051.5,"(12, 11)",taxation,6,0.25,False,True,False
107,65-2,74555.25,"(23, 19)",taxation,6,0.25,False,True,False
107,14-2,16693.5,"(16, 18)",taxation,6,0.25,False,True,False
107,185-2,64925.5,"(24, 47)",taxation,6,0.25,False,True,False
107,77-2,55263.5,"(44, 0)",taxation,6,0.25,False,True,False
107,36-2,48841.25,"(11, 12)",taxation,6,0.25,False,True,False
107,190-2,64906.75,"(43, 0)",taxation,6,0.25,False,True,False
107,46-2,45618.0,"(32, 16)",taxation,6,0.25,False,True,False
107,218-2,74581.5,"(13, 36)",taxation,6,0.25,False,True,False
107,220-2,71349.0,"(23, 34)",taxation,6,0.25,False,True,False
107,224-2,55249.75,"(47, 5)",taxation,6,0.25,False,True,False
107,129-2,61705.0,"(23, 20)",taxation,6,0.25,False,True,False
107,157-2,61681.25,"(29, 19)",taxation,6,0.25,False,True,False
107,195-2,29521.25,"(15, 46)",taxation,6,0.25,False,True,False
107,8-2,64913.0,"(26, 47)",taxation,6,0.25,False,True,False
107,119-2,64886.0,"(23, 41)",taxation,6,0.25,False,True,False
107,99-2,61678.25,"(10, 13)",taxation,6,0.25,False,True,False
107,135-2,64907.75,"(15, 12)",taxation,6,0.25,False,True,False
107,47-2,45634.75,"(47, 1)",taxation,6,0.25,False,True,False
107,79-2,61694.25,"(14, 19)",taxation,6,0.25,False,True,False
107,87-2,64878.5,"(15, 17)",taxation,6,0.25,False,True,False
107,15-2,58479.75,"(43, 16)",taxation,6,0.25,False,True,False
107,29-2,64911.25,"(20, 18)",taxation,6,0.25,False,True,False
107,178-2,71333.25,"(47, 2)",taxation,6,0.25,False,True,False
107,60-2,68120.25,"(23, 32)",taxation,6,0.25,False,True,False
107,192-2,58458.0,"(14, 36)",taxation,6,0.25,False,True,False
107,49-2,61681.5,"(47, 14)",taxation,6,0.25,False,True,False
107,81-2,61705.25,"(21, 17)",taxation,6,0.25,False,True,False
107,118-2,71322.5,"(15, 19)",taxation,6,0.25,False,True,False
107,34-2,58475.0,"(18, 19)",taxation,6,0.25,False,True,False
107,211-2,42382.75,"(13, 20)",taxation,6,0.25,False,True,False
107,177-2,64911.75,"(49, 0)",taxation,6,0.25,False,True,False
107,39-2,45600.5,"(15, 20)",taxation,6,0.25,False,True,False
107,245-2,71316.75,"(26, 27)",taxation,6,0.25,False,True,False
107,131-2,64891.0,"(21, 33)",taxation,6,0.25,False,True,False
107,213-2,64908.5,"(22, 14)",taxation,6,0.25,False,True,False
107,9-2,55254.25,"(34, 22)",taxation,6,0.25,False,True,False
107,171-2,64902.5,"(17, 19)",taxation,6,0.25,False,True,False
107,230-2,52048.0,"(15, 34)",taxation,6,0.25,False,True,False
107,217-2,39167.5,"(9, 16)",taxation,6,0.25,False,True,False
107,227-2,71303.5,"(26, 17)",taxation,6,0.25,False,True,False
107,244-2,74526.5,"(49, 3)",taxation,6,0.25,False,True,False
107,204-2,71322.5,"(17, 15)",taxation,6,0.25,False,True,False
107,105-2,58451.5,"(16, 1)",taxation,6,0.25,False,True,False
107,239-2,64867.5,"(29, 20)",taxation,6,0.25,False,True,False
107,243-2,61669.5,"(26, 46)",taxation,6,0.25,False,True,False
107,139-3,58449.6875,"(26, 45)",taxation,6,0.25,False,True,False
107,228-3,38362.25,"(22, 16)",taxation,6,0.25,False,True,False
107,197-2,52031.25,"(12, 20)",taxation,6,0.25,False,True,False
107,151-2,52000.25,"(14, 28)",taxation,6,0.25,False,True,False
107,191-2,74510.75,"(22, 32)",taxation,6,0.25,False,True,False
107,153-2,32719.0,"(45, 0)",taxation,6,0.25,False,True,False
107,159-2,52025.5,"(43, 4)",taxation,6,0.25,False,True,False
107,222-2,64892.5,"(20, 14)",taxation,6,0.25,False,True,False
107,200-2,61659.0,"(20, 31)",taxation,6,0.25,False,True,False
107,181-2,64865.250000000015,"(41, 2)",taxation,6,0.25,False,True,False
107,101-2,64903.75,"(10, 31)",taxation,6,0.25,False,True,False
107,35-2,64889.5,"(38, 8)",taxation,6,0.25,False,True,False
107,70-2,68111.0,"(26, 48)",taxation,6,0.25,False,True,False
107,238-2,64898.0,"(45, 1)",taxation,6,0.25,False,True,False
107,158-3,47162.75,"(18, 44)",taxation,6,0.25,False,True,False
107,20-2,61662.0,"(42, 1)",taxation,6,0.25,False,True,False
107,31-3,58419.625,"(21, 16)",taxation,6,0.25,False,True,False
107,179-3,42390.375,"(22, 15)",taxation,6,0.25,False,True,False
107,93-2,29515.0,"(20, 20)",taxation,6,0.25,False,True,False
107,3-2,39143.25,"(20, 19)",taxation,6,0.25,False,True,False
107,143-2,64849.75,"(40, 31)",taxation,6,0.25,False,True,False
107,219-3,56811.75,"(19, 32)",taxation,6,0.25,False,True,False
107,98-3,26327.75,"(14, 20)",taxation,6,0.25,False,True,False
107,138-2,68064.75,"(23, 17)",taxation,6,0.25,False,True,False
107,66-2,71296.75,"(22, 21)",taxation,6,0.25,False,True,False
107,210-2,77718.75,"(43, 5)",taxation,6,0.25,False,True,False
107,150-2,55217.25,"(27, 18)",taxation,6,0.25,False,True,False
107,44-2,42371.0,"(47, 0)",taxation,6,0.25,False,True,False
107,154-3,23063.75,"(40, 32)",taxation,6,0.25,False,True,False
107,126-2,64858.75,"(24, 22)",taxation,6,0.25,False,True,False
107,74-3,56829.0,"(39, 6)",taxation,6,0.25,False,True,False
107,28-3,44779.9375,"(23, 35)",taxation,6,0.25,False,True,False
107,146-3,19864.75,"(33, 29)",taxation,6,0.25,False,True,False
107,176-3,588.25,"(26, 22)",taxation,6,0.25,False,True,False
107,208-3,52004.9375,"(41, 0)",taxation,6,0.25,False,True,False
107,216-2,71278.0,"(43, 15)",taxation,6,0.25,False,True,False
107,187-3,26275.25,"(44, 3)",taxation,6,0.25,False,True,False
107,167-3,51201.3125,"(34, 21)",taxation,6,0.25,False,True,False
107,240-3,16615.75,"(24, 33)",taxation,6,0.25,False,True,False
107,140-3,606.75,"(22, 17)",taxation,6,0.25,False,True,False
107,149-3,43975.75,"(42, 0)",taxation,6,0.25,False,True,False
107,173-3,13447.75,"(22, 44)",taxation,6,0.25,False,True,False
107,246-3,48782.75,"(24, 37)",taxation,6,0.25,False,True,False
107,75-3,46388.75,"(46, 0)",taxation,6,0.25,False,True,False
107,12-2,61626.75,"(43, 10)",taxation,6,0.25,False,True,False
107,1-3,37528.1875,"(34, 13)",taxation,6,0.25,False,True,False
107,17-3,53588.375,"(22, 34)",taxation,6,0.25,False,True,False
107,67-2,48783.75,"(38, 25)",taxation,6,0.25,False,True,False
107,40-3,53620.75,"(12, 18)",taxation,6,0.25,False,True,False
107,23-3,52803.0,"(18, 32)",taxation,6,0.25,False,True,False
107,142-3,31890.8125,"(9, 31)",taxation,6,0.25,False,True,False
107,76-3,48798.562500000015,"(23, 21)",taxation,6,0.25,False,True,False
107,94-3,16635.5,"(45, 19)",taxation,6,0.25,False,True,False
107,241-3,46354.625,"(46, 2)",taxation,6,0.25,False,True,False
107,170-3,44774.3125,"(22, 33)",taxation,6,0.25,False,True,False
107,242-3,22257.9375,"(25, 22)",taxation,6,0.25,False,True,False
107,198-3,46380.625,"(44, 1)",taxation,6,0.25,False,True,False
107,10-3,51181.1875,"(15, 31)",taxation,6,0.25,False,True,False
107,172-3,53573.3125,"(41, 5)",taxation,6,0.25,False,True,False
107,189-3,43966.125,"(22, 43)",taxation,6,0.25,False,True,False
107,206-3,49578.4375,"(18, 45)",taxation,6,0.25,False,True,False
107,182-3,51162.1875,"(36, 29)",taxation,6,0.25,False,True,False
107,42-3,36749.625,"(12, 19)",taxation,6,0.25,False,True,False
107,148-3,39112.9375,"(24, 21)",taxation,6,0.25,False,True,False
107,0-3,34318.4375,"(16, 17)",taxation,6,0.25,False,True,False
107,212-3,51159.8125,"(32, 20)",taxation,6,0.25,False,True,False
107,225-3,51169.5625,"(48, 1)",taxation,6,0.25,False,True,False
107,6-3,55999.5,"(38, 12)",taxation,6,0.25,False,True,False
107,38-3,51188.125,"(24, 41)",taxation,6,0.25,False,True,False
107,54-3,48764.1875,"(8, 14)",taxation,6,0.25,False,True,False
107,63-3,46317.5625,"(24, 42)",taxation,6,0.25,False,True,False
107,144-3,48792.875,"(13, 19)",taxation,6,0.25,False,True,False
107,22-3,55973.75,"(46, 28)",taxation,6,0.25,False,True,False
107,162-3,51151.875,"(23, 49)",taxation,6,0.25,False,True,False
107,249-3,51192.75,"(19, 41)",taxation,6,0.25,False,True,False
107,180-3,48762.6875,"(13, 32)",taxation,6,0.25,False,True,False
107,83-3,53575.5625,"(32, 14)",taxation,6,0.25,False,True,False
107,133-3,43935.25,"(16, 14)",taxation,6,0.25,False,True,False
107,16-3,55993.125,"(46, 3)",taxation,6,0.25,False,True,False
107,51-3,51165.875,"(14, 39)",taxation,6,0.25,False,True,False
107,4-3,36684.6875,"(25, 36)",taxation,6,0.25,False,True,False
107,111-3,53565.6875,"(48, 0)",taxation,6,0.25,False,True,False
107,91-3,53570.0625,"(16, 31)",taxation,6,0.25,False,True,False
107,95-3,55992.875,"(23, 13)",taxation,6,0.25,False,True,False
107,106-3,46343.8125,"(25, 46)",taxation,6,0.25,False,True,False
107,56-3,48746.5625,"(34, 11)",taxation,6,0.25,False,True,False
107,71-3,53555.9375,"(37, 19)",taxation,6,0.25,False,True,False
107,226-3,48735.0625,"(25, 43)",taxation,6,0.25,False,True,False
107,205-3,24640.8125,"(18, 1)",taxation,6,0.25,False,True,False
107,165-3,58370.25,"(16, 32)",taxation,6,0.25,False,True,False
107,231-3,31850.8125,"(42, 5)",taxation,6,0.25,False,True,False
107,25-3,43918.25,"(14, 12)",taxation,6,0.25,False,True,False
107,137-3,43897.375,"(28, 18)",taxation,6,0.25,False,True,False
107,73-3,51156.6875,"(26, 28)",taxation,6,0.25,False,True,False
107,214-3,31837.25,"(18, 48)",taxation,6,0.25,False,True,False
107,21-3,46323.6875,"(19, 14)",taxation,6,0.25,False,True,False
107,201-3,34242.9375,"(46, 9)",taxation,6,0.25,False,True,False
107,169-3,39092.25,"(9, 29)",taxation,6,0.25,False,True,False
107,110-3,55961.75,"(38, 20)",taxation,6,0.25,False,True,False
107,183-3,34269.0625,"(48, 2)",taxation,6,0.25,False,True,False
107,125-3,53534.5,"(17, 40)",taxation,6,0.25,False,True,False
107,168-3,53574.875,"(25, 38)",taxation,6,0.25,False,True,False
107,156-3,36699.625,"(18, 5)",taxation,6,0.25,False,True,False
107,53-3,31842.6875,"(13, 27)",taxation,6,0.25,False,True,False
107,122-3,41502.6875,"(14, 31)",taxation,6,0.25,False,True,False
107,234-3,51118.125,"(19, 20)",taxation,6,0.25,False,True,False
108,100-2,64985.75,"(28, 25)",taxation,6,0.25,False,True,False
108,186-2,61769.25,"(36, 28)",taxation,6,0.25,False,True,False
108,203-2,77826.25,"(20, 24)",taxation,6,0.25,False,True,False
108,32-2,71398.75,"(19, 18)",taxation,6,0.25,False,True,False
108,115-2,71394.75,"(7, 22)",taxation,6,0.25,False,True,False
108,78-2,61774.25,"(20, 26)",taxation,6,0.25,False,True,False
108,55-2,71385.25,"(26, 23)",taxation,6,0.25,False,True,False
108,112-2,71416.5,"(15, 21)",taxation,6,0.25,False,True,False
108,193-2,58542.5,"(25, 14)",taxation,6,0.25,False,True,False
108,50-2,74615.5,"(19, 23)",taxation,6,0.25,False,True,False
108,5-2,29579.5,"(14, 22)",taxation,6,0.25,False,True,False
108,247-2,58537.0,"(17, 31)",taxation,6,0.25,False,True,False
108,147-2,64978.75,"(31, 16)",taxation,6,0.25,False,True,False
108,207-2,52079.75,"(28, 16)",taxation,6,0.25,False,True,False
108,120-2,74586.0,"(44, 5)",taxation,6,0.25,False,True,False
108,41-2,71419.0,"(11, 22)",taxation,6,0.25,False,True,False
108,209-2,74599.5,"(21, 21)",taxation,6,0.25,False,True,False
108,113-2,68171.75,"(11, 31)",taxation,6,0.25,False,True,False
108,68-2,55344.75,"(20, 22)",taxation,6,0.25,False,True,False
108,161-2,55334.0,"(18, 27)",taxation,6,0.25,False,True,False
108,175-2,55315.5,"(40, 0)",taxation,6,0.25,False,True,False
108,85-2,58542.0,"(26, 40)",taxation,6,0.25,False,True,False
108,45-2,68189.75,"(8, 21)",taxation,6,0.25,False,True,False
108,196-2,45699.0,"(11, 26)",taxation,6,0.25,False,True,False
108,174-2,71391.5,"(11, 23)",taxation,6,0.25,False,True,False
108,103-2,64941.5,"(42, 4)",taxation,6,0.25,False,True,False
108,33-2,52093.25,"(10, 21)",taxation,6,0.25,False,True,False
108,19-2,68151.0,"(31, 13)",taxation,6,0.25,False,True,False
108,130-2,71373.5,"(39, 7)",taxation,6,0.25,False,True,False
108,155-2,68193.25,"(17, 23)",taxation,6,0.25,False,True,False
108,86-2,64952.0,"(21, 22)",taxation,6,0.25,False,True,False
108,164-2,68187.25,"(20, 25)",taxation,6,0.25,False,True,False
108,2-2,64960.75,"(21, 27)",taxation,6,0.25,False,True,False
108,11-2,52066.25,"(37, 5)",taxation,6,0.25,False,True,False
108,202-2,74588.0,"(24, 25)",taxation,6,0.25,False,True,False
108,121-2,64965.0,"(28, 34)",taxation,6,0.25,False,True,False
108,163-2,77818.0,"(28, 46)",taxation,6,0.25,False,True,False
108,18-2,74609.75,"(25, 48)",taxation,6,0.25,False,True,False
108,132-2,71373.75,"(16, 21)",taxation,6,0.25,False,True,False
108,160-2,58519.0,"(13, 21)",taxation,6,0.25,False,True,False
108,221-2,61739.5,"(29, 27)",taxation,6,0.25,False,True,False
108,90-2,58559.5,"(17, 22)",taxation,6,0.25,False,True,False
108,64-2,64938.0,"(24, 19)",taxation,6,0.25,False,True,False
108,102-2,45673.5,"(22, 22)",taxation,6,0.25,False,True,False
108,188-2,64960.5,"(12, 31)",taxation,6,0.25,False,True,False
108,92-2,71370.0,"(23, 36)",taxation,6,0.25,False,True,False
108,96-2,74599.5,"(36, 26)",taxation,6,0.25,False,True,False
108,107-2,71362.5,"(14, 27)",taxation,6,0.25,False,True,False
108,80-2,71374.5,"(22, 27)",taxation,6,0.25,False,True,False
108,237-2,52084.75,"(18, 24)",taxation,6,0.25,False,True,False
108,13-2,61741.25,"(13, 23)",taxation,6,0.25,False,True,False
108,104-2,61762.5,"(19, 19)",taxation,6,0.25,False,True,False
108,27-2,58517.75,"(22, 1)",taxation,6,0.25,False,True,False
108,248-2,64935.25,"(24, 17)",taxation,6,0.25,False,True,False
108,48-2,68134.0,"(10, 30)",taxation,6,0.25,False,True,False
108,57-2,58511.25,"(40, 4)",taxation,6,0.25,False,True,False
108,184-2,64914.25,"(22, 10)",taxation,6,0.25,False,True,False
108,30-2,74577.25,"(27, 20)",taxation,6,0.25,False,True,False
108,108-2,35992.25,"(25, 29)",taxation,6,0.25,False,True,False
108,166-2,61719.25,"(25, 49)",taxation,6,0.25,False,True,False
108,233-2,61737.25,"(25, 45)",taxation,6,0.25,False,True,False
108,69-2,71345.5,"(17, 27)",taxation,6,0.25,False,True,False
108,229-2,71415.25,"(9, 25)",taxation,6,0.25,False,True,False
108,236-2,64928.25,"(41, 8)",taxation,6,0.25,False,True,False
108,109-2,64938.5,"(39, 12)",taxation,6,0.25,False,True,False
108,235-2,64916.25,"(21, 25)",taxation,6,0.25,False,True,False
108,62-2,64939.5,"(29, 44)",taxation,6,0.25,False,True,False
108,89-2,68158.75,"(17, 42)",taxation,6,0.25,False,True,False
108,58-2,68121.5,"(25, 26)",taxation,6,0.25,False,True,False
108,61-2,77804.25,"(28, 27)",taxation,6,0.25,False,True,False
108,152-2,68163.25,"(23, 33)",taxation,6,0.25,False,True,False
108,124-2,61720.25,"(22, 25)",taxation,6,0.25,False,True,False
108,97-2,52044.75,"(31, 32)",taxation,6,0.25,False,True,False
108,232-2,39195.25,"(37, 7)",taxation,6,0.25,False,True,False
108,116-2,71367.5,"(21, 24)",taxation,6,0.25,False,True,False
108,37-2,68144.75,"(40, 1)",taxation,6,0.25,False,True,False
108,7-2,48884.5,"(24, 39)",taxation,6,0.25,False,True,False
108,26-2,52077.75,"(12, 26)",taxation,6,0.25,False,True,False
108,117-2,58504.5,"(28, 38)",taxation,6,0.25,False,True,False
108,82-2,68144.5,"(26, 42)",taxation,6,0.25,False,True,False
108,88-2,64924.0,"(28, 45)",taxation,6,0.25,False,True,False
108,59-2,58482.25,"(13, 31)",taxation,6,0.25,False,True,False
108,52-2,48856.25,"(38, 2)",taxation,6,0.25,False,True,False
108,194-2,58522.5,"(24, 23)",taxation,6,0.25,False,True,False
108,72-2,74566.5,"(18, 36)",taxation,6,0.25,False,True,False
108,199-2,74547.0,"(20, 2)",taxation,6,0.25,False,True,False
108,43-2,64914.75,"(36, 4)",taxation,6,0.25,False,True,False
108,128-2,71356.0,"(37, 6)",taxation,6,0.25,False,True,False
108,84-2,64918.5,"(19, 16)",taxation,6,0.25,False,True,False
108,114-2,74569.75,"(22, 23)",taxation,6,0.25,False,True,False
108,223-2,45619.0,"(24, 15)",taxation,6,0.25,False,True,False
108,123-2,74574.75,"(30, 34)",taxation,6,0.25,False,True,False
108,215-2,71356.5,"(12, 23)",taxation,6,0.25,False,True,False
108,127-2,68125.0,"(13, 22)",taxation,6,0.25,False,True,False
108,24-2,52080.5,"(43, 8)",taxation,6,0.25,False,True,False
108,136-2,52058.5,"(18, 16)",taxation,6,0.25,False,True,False
108,65-2,74564.25,"(22, 24)",taxation,6,0.25,False,True,False
108,14-2,16702.5,"(16, 24)",taxation,6,0.25,False,True,False
108,185-2,64933.5,"(29, 47)",taxation,6,0.25,False,True,False
108,77-2,55270.5,"(38, 4)",taxation,6,0.25,False,True,False
108,36-2,48849.25,"(17, 18)",taxation,6,0.25,False,True,False
108,190-2,64910.75,"(38, 3)",taxation,6,0.25,False,True,False
108,46-2,45626.0,"(26, 16)",taxation,6,0.25,False,True,False
108,218-2,74589.5,"(13, 30)",taxation,6,0.25,False,True,False
108,220-2,71358.0,"(24, 31)",taxation,6,0.25,False,True,False
108,224-2,55252.75,"(42, 9)",taxation,6,0.25,False,True,False
108,129-2,61714.0,"(19, 25)",taxation,6,0.25,False,True,False
108,157-2,61689.25,"(27, 23)",taxation,6,0.25,False,True,False
108,195-2,29527.25,"(18, 46)",taxation,6,0.25,False,True,False
108,8-2,64921.0,"(27, 48)",taxation,6,0.25,False,True,False
108,119-2,64894.0,"(21, 36)",taxation,6,0.25,False,True,False
108,99-2,61684.25,"(10, 19)",taxation,6,0.25,False,True,False
108,135-2,64913.75,"(16, 16)",taxation,6,0.25,False,True,False
108,47-2,45636.75,"(41, 7)",taxation,6,0.25,False,True,False
108,79-2,61704.25,"(14, 21)",taxation,6,0.25,False,True,False
108,87-2,64887.5,"(15, 22)",taxation,6,0.25,False,True,False
108,15-2,58485.75,"(37, 10)",taxation,6,0.25,False,True,False
108,29-2,64920.25,"(19, 24)",taxation,6,0.25,False,True,False
108,178-2,71335.25,"(42, 3)",taxation,6,0.25,False,True,False
108,60-2,68129.25,"(23, 27)",taxation,6,0.25,False,True,False
108,192-2,58466.0,"(14, 32)",taxation,6,0.25,False,True,False
108,49-2,61685.5,"(43, 18)",taxation,6,0.25,False,True,False
108,81-2,61713.25,"(25, 23)",taxation,6,0.25,False,True,False
108,118-2,71331.5,"(15, 24)",taxation,6,0.25,False,True,False
108,34-2,58484.0,"(16, 22)",taxation,6,0.25,False,True,False
108,211-2,42391.75,"(13, 24)",taxation,6,0.25,False,True,False
108,177-2,64912.75,"(49, 4)",taxation,6,0.25,False,True,False
108,39-2,45610.5,"(12, 22)",taxation,6,0.25,False,True,False
108,245-2,71325.75,"(23, 26)",taxation,6,0.25,False,True,False
108,131-2,64900.0,"(25, 27)",taxation,6,0.25,False,True,False
108,213-2,64918.5,"(16, 20)",taxation,6,0.25,False,True,False
108,9-2,55262.25,"(28, 21)",taxation,6,0.25,False,True,False
108,171-2,64911.5,"(15, 23)",taxation,6,0.25,False,True,False
108,230-2,52056.0,"(15, 30)",taxation,6,0.25,False,True,False
108,217-2,39177.5,"(12, 21)",taxation,6,0.25,False,True,False
108,227-2,71311.5,"(25, 17)",taxation,6,0.25,False,True,False
108,244-2,74528.5,"(45, 8)",taxation,6,0.25,False,True,False
108,204-2,71331.5,"(11, 21)",taxation,6,0.25,False,True,False
108,105-2,58457.5,"(20, 1)",taxation,6,0.25,False,True,False
108,239-2,64876.5,"(23, 25)",taxation,6,0.25,False,True,False
108,243-2,61678.5,"(27, 46)",taxation,6,0.25,False,True,False
108,139-3,58457.6875,"(27, 47)",taxation,6,0.25,False,True,False
108,228-3,38370.25,"(24, 18)",taxation,6,0.25,False,True,False
108,197-2,52040.25,"(10, 22)",taxation,6,0.25,False,True,False
108,151-2,52009.25,"(14, 26)",taxation,6,0.25,False,True,False
108,191-2,74519.75,"(21, 26)",taxation,6,0.25,False,True,False
108,153-2,32726.0,"(40, 2)",taxation,6,0.25,False,True,False
108,159-2,52032.5,"(37, 4)",taxation,6,0.25,False,True,False
108,222-2,64900.5,"(26, 14)",taxation,6,0.25,False,True,False
108,200-2,61668.0,"(23, 31)",taxation,6,0.25,False,True,False
108,181-2,64871.250000000015,"(35, 3)",taxation,6,0.25,False,True,False
108,101-2,64912.75,"(12, 25)",taxation,6,0.25,False,True,False
108,35-2,64896.5,"(37, 8)",taxation,6,0.25,False,True,False
108,70-2,68120.0,"(27, 44)",taxation,6,0.25,False,True,False
108,238-2,64901.0,"(39, 5)",taxation,6,0.25,False,True,False
108,158-3,47170.75,"(24, 49)",taxation,6,0.25,False,True,False
108,20-2,61669.0,"(38, 1)",taxation,6,0.25,False,True,False
108,31-3,58429.625,"(17, 20)",taxation,6,0.25,False,True,False
108,179-3,42398.375,"(26, 19)",taxation,6,0.25,False,True,False
108,93-2,29525.0,"(17, 21)",taxation,6,0.25,False,True,False
108,3-2,39153.25,"(18, 20)",taxation,6,0.25,False,True,False
108,143-2,64856.75,"(35, 31)",taxation,6,0.25,False,True,False
108,219-3,56820.75,"(19, 26)",taxation,6,0.25,False,True,False
108,98-3,26336.75,"(14, 24)",taxation,6,0.25,False,True,False
108,138-2,68072.75,"(25, 18)",taxation,6,0.25,False,True,False
108,66-2,71305.75,"(17, 24)",taxation,6,0.25,False,True,False
108,210-2,77724.75,"(37, 9)",taxation,6,0.25,False,True,False
108,150-2,55226.25,"(21, 23)",taxation,6,0.25,False,True,False
108,44-2,42373.0,"(43, 1)",taxation,6,0.25,False,True,False
108,154-3,23070.75,"(35, 32)",taxation,6,0.25,False,True,False
108,126-2,64868.75,"(18, 21)",taxation,6,0.25,False,True,False
108,74-3,56835.0,"(36, 8)",taxation,6,0.25,False,True,False
108,28-3,44787.9375,"(19, 34)",taxation,6,0.25,False,True,False
108,146-3,19872.75,"(30, 30)",taxation,6,0.25,False,True,False
108,176-3,597.25,"(22, 26)",taxation,6,0.25,False,True,False
108,208-3,52011.9375,"(38, 0)",taxation,6,0.25,False,True,False
108,216-2,71284.0,"(38, 11)",taxation,6,0.25,False,True,False
108,187-3,26281.25,"(38, 9)",taxation,6,0.25,False,True,False
108,167-3,51209.3125,"(28, 24)",taxation,6,0.25,False,True,False
108,240-3,16624.75,"(24, 27)",taxation,6,0.25,False,True,False
108,140-3,615.75,"(20, 23)",taxation,6,0.25,False,True,False
108,149-3,43981.75,"(36, 3)",taxation,6,0.25,False,True,False
108,173-3,13455.75,"(27, 45)",taxation,6,0.25,False,True,False
108,246-3,48791.75,"(24, 35)",taxation,6,0.25,False,True,False
108,75-3,46392.75,"(40, 6)",taxation,6,0.25,False,True,False
108,12-2,61631.75,"(39, 10)",taxation,6,0.25,False,True,False
108,1-3,37535.1875,"(32, 13)",taxation,6,0.25,False,True,False
108,17-3,53596.375,"(22, 31)",taxation,6,0.25,False,True,False
108,67-2,48791.75,"(32, 30)",taxation,6,0.25,False,True,False
108,40-3,53629.75,"(9, 21)",taxation,6,0.25,False,True,False
108,23-3,52812.0,"(18, 26)",taxation,6,0.25,False,True,False
108,142-3,31899.8125,"(13, 25)",taxation,6,0.25,False,True,False
108,76-3,48807.562500000015,"(18, 25)",taxation,6,0.25,False,True,False
108,94-3,16640.5,"(44, 23)",taxation,6,0.25,False,True,False
108,241-3,46358.625,"(40, 5)",taxation,6,0.25,False,True,False
108,170-3,44783.3125,"(24, 34)",taxation,6,0.25,False,True,False
108,242-3,22266.9375,"(24, 26)",taxation,6,0.25,False,True,False
108,198-3,46384.625,"(39, 1)",taxation,6,0.25,False,True,False
108,10-3,51190.1875,"(15, 27)",taxation,6,0.25,False,True,False
108,172-3,53579.3125,"(36, 6)",taxation,6,0.25,False,True,False
108,189-3,43975.125,"(27, 43)",taxation,6,0.25,False,True,False
108,206-3,49585.4375,"(24, 45)",taxation,6,0.25,False,True,False
108,182-3,51170.1875,"(31, 31)",taxation,6,0.25,False,True,False
108,42-3,36758.625,"(11, 24)",taxation,6,0.25,False,True,False
108,148-3,39121.9375,"(23, 24)",taxation,6,0.25,False,True,False
108,0-3,34327.4375,"(16, 23)",taxation,6,0.25,False,True,False
108,212-3,51167.8125,"(27, 22)",taxation,6,0.25,False,True,False
108,225-3,51171.5625,"(42, 2)",taxation,6,0.25,False,True,False
108,6-3,56005.5,"(36, 12)",taxation,6,0.25,False,True,False
108,38-3,51196.125,"(28, 39)",taxation,6,0.25,False,True,False
108,54-3,48772.1875,"(10, 20)",taxation,6,0.25,False,True,False
108,63-3,46325.5625,"(29, 41)",taxation,6,0.25,False,True,False
108,144-3,48801.875,"(9, 22)",taxation,6,0.25,False,True,False
108,22-3,55979.75,"(40, 28)",taxation,6,0.25,False,True,False
108,162-3,51159.875,"(28, 48)",taxation,6,0.25,False,True,False
108,249-3,51199.75,"(18, 37)",taxation,6,0.25,False,True,False
108,180-3,48771.6875,"(17, 26)",taxation,6,0.25,False,True,False
108,83-3,53583.5625,"(27, 14)",taxation,6,0.25,False,True,False
108,133-3,43941.25,"(17, 16)",taxation,6,0.25,False,True,False
108,16-3,55997.125,"(40, 8)",taxation,6,0.25,False,True,False
108,51-3,51173.875,"(18, 34)",taxation,6,0.25,False,True,False
108,4-3,36693.6875,"(24, 30)",taxation,6,0.25,False,True,False
108,111-3,53566.6875,"(48, 4)",taxation,6,0.25,False,True,False
108,91-3,53579.0625,"(16, 26)",taxation,6,0.25,False,True,False
108,95-3,56000.875,"(25, 11)",taxation,6,0.25,False,True,False
108,106-3,46351.8125,"(28, 47)",taxation,6,0.25,False,True,False
108,56-3,48753.5625,"(30, 12)",taxation,6,0.25,False,True,False
108,71-3,53562.9375,"(34, 24)",taxation,6,0.25,False,True,False
108,226-3,48743.0625,"(29, 43)",taxation,6,0.25,False,True,False
108,205-3,24646.8125,"(21, 2)",taxation,6,0.25,False,True,False
108,165-3,58378.25,"(16, 30)",taxation,6,0.25,False,True,False
108,231-3,31856.8125,"(36, 7)",taxation,6,0.25,False,True,False
108,25-3,43926.25,"(18, 18)",taxation,6,0.25,False,True,False
108,137-3,43905.375,"(26, 20)",taxation,6,0.25,False,True,False
108,73-3,51164.6875,"(26, 29)",taxation,6,0.25,False,True,False
108,214-3,31843.25,"(18, 47)",taxation,6,0.25,False,True,False
108,21-3,46329.6875,"(20, 15)",taxation,6,0.25,False,True,False
108,201-3,34246.9375,"(40, 9)",taxation,6,0.25,False,True,False
108,169-3,39102.25,"(10, 23)",taxation,6,0.25,False,True,False
108,110-3,55968.75,"(34, 25)",taxation,6,0.25,False,True,False
108,183-3,34272.0625,"(42, 7)",taxation,6,0.25,False,True,False
108,125-3,53542.5,"(19, 35)",taxation,6,0.25,False,True,False
108,168-3,53582.875,"(24, 36)",taxation,6,0.25,False,True,False
108,156-3,36705.625,"(19, 9)",taxation,6,0.25,False,True,False
108,53-3,31851.6875,"(13, 26)",taxation,6,0.25,False,True,False
108,122-3,41511.6875,"(15, 26)",taxation,6,0.25,False,True,False
108,234-3,51127.125,"(18, 23)",taxation,6,0.25,False,True,False
108,134-3,48732.0,"(38, 21)",taxation,6,0.25,False,True,False
108,141-3,39096.375,"(38, 5)",taxation,6,0.25,False,True,False
108,145-3,51141.0,"(19, 22)",taxation,6,0.25,False,True,False
109,100-2,64994.75,"(28, 29)",taxation,6,0.25,False,True,False
109,186-2,61778.25,"(30, 31)",taxation,6,0.25,False,True,False
109,203-2,77836.25,"(16, 25)",taxation,6,0.25,False,True,False
109,32-2,71402.75,"(24, 12)",taxation,6,0.25,False,True,False
109,115-2,71402.75,"(5, 25)",taxation,6,0.25,False,True,False
109,78-2,61777.25,"(26, 32)",taxation,6,0.25,False,True,False
109,55-2,71394.25,"(26, 24)",taxation,6,0.25,False,True,False
109,112-2,71420.5,"(10, 24)",taxation,6,0.25,False,True,False
109,193-2,58550.5,"(27, 12)",taxation,6,0.25,False,True,False
109,50-2,74624.5,"(19, 29)",taxation,6,0.25,False,True,False
109,5-2,29588.5,"(16, 28)",taxation,6,0.25,False,True,False
109,147-2,64985.75,"(31, 15)",taxation,6,0.25,False,True,False
109,207-2,52086.75,"(27, 17)",taxation,6,0.25,False,True,False
109,120-2,74591.0,"(40, 10)",taxation,6,0.25,False,True,False
109,41-2,71428.0,"(7, 24)",taxation,6,0.25,False,True,False
109,113-2,68180.75,"(11, 30)",taxation,6,0.25,False,True,False
109,68-2,55346.75,"(24, 16)",taxation,6,0.25,False,True,False
109,161-2,55342.0,"(19, 33)",taxation,6,0.25,False,True,False
109,175-2,55321.5,"(34, 5)",taxation,6,0.25,False,True,False
109,85-2,58550.0,"(25, 40)",taxation,6,0.25,False,True,False
109,45-2,68198.75,"(7, 27)",taxation,6,0.25,False,True,False
109,196-2,45708.0,"(10, 27)",taxation,6,0.25,False,True,False
109,174-2,71401.5,"(8, 24)",taxation,6,0.25,False,True,False
109,103-2,64947.5,"(38, 10)",taxation,6,0.25,False,True,False
109,33-2,52102.25,"(7, 23)",taxation,6,0.25,False,True,False
109,19-2,68158.0,"(32, 12)",taxation,6,0.25,False,True,False
109,130-2,71380.5,"(35, 7)",taxation,6,0.25,False,True,False
109,155-2,68202.25,"(19, 28)",taxation,6,0.25,False,True,False
109,86-2,64960.0,"(26, 26)",taxation,6,0.25,False,True,False
109,164-2,68188.25,"(23, 22)",taxation,6,0.25,False,True,False
109,2-2,64968.75,"(27, 26)",taxation,6,0.25,False,True,False
109,11-2,52073.25,"(34, 7)",taxation,6,0.25,False,True,False
109,202-2,74597.0,"(24, 24)",taxation,6,0.25,False,True,False
109,121-2,64974.0,"(29, 31)",taxation,6,0.25,False,True,False
109,163-2,77827.0,"(30, 46)",taxation,6,0.25,False,True,False
109,18-2,74617.75,"(28, 49)",taxation,6,0.25,False,True,False
109,132-2,71382.75,"(10, 26)",taxation,6,0.25,False,True,False
109,160-2,58527.0,"(7, 25)",taxation,6,0.25,False,True,False
109,221-2,61748.5,"(29, 28)",taxation,6,0.25,False,True,False
109,90-2,58568.5,"(19, 27)",taxation,6,0.25,False,True,False
109,64-2,64944.0,"(30, 15)",taxation,6,0.25,False,True,False
109,102-2,45682.5,"(23, 28)",taxation,6,0.25,False,True,False
109,188-2,64969.5,"(12, 30)",taxation,6,0.25,False,True,False
109,92-2,71379.0,"(26, 31)",taxation,6,0.25,False,True,False
109,96-2,74607.5,"(34, 28)",taxation,6,0.25,False,True,False
109,107-2,71371.5,"(12, 29)",taxation,6,0.25,False,True,False
109,80-2,71383.5,"(22, 29)",taxation,6,0.25,False,True,False
109,237-2,52093.75,"(16, 29)",taxation,6,0.25,False,True,False
109,13-2,61750.25,"(10, 25)",taxation,6,0.25,False,True,False
109,104-2,61768.5,"(15, 13)",taxation,6,0.25,False,True,False
109,27-2,58523.75,"(23, 2)",taxation,6,0.25,False,True,False
109,248-2,64942.25,"(29, 12)",taxation,6,0.25,False,True,False
109,48-2,68142.0,"(10, 32)",taxation,6,0.25,False,True,False
109,57-2,58517.25,"(34, 6)",taxation,6,0.25,False,True,False
109,184-2,64922.25,"(27, 11)",taxation,6,0.25,False,True,False
109,30-2,74584.25,"(31, 24)",taxation,6,0.25,False,True,False
109,108-2,36001.25,"(25, 30)",taxation,6,0.25,False,True,False
109,166-2,61727.25,"(27, 49)",taxation,6,0.25,False,True,False
109,233-2,61745.25,"(25, 42)",taxation,6,0.25,False,True,False
109,69-2,71353.5,"(20, 33)",taxation,6,0.25,False,True,False
109,229-2,71423.25,"(8, 27)",taxation,6,0.25,False,True,False
109,236-2,64934.25,"(37, 11)",taxation,6,0.25,False,True,False
109,109-2,64945.5,"(35, 17)",taxation,6,0.25,False,True,False
109,235-2,64925.25,"(21, 28)",taxation,6,0.25,False,True,False
109,62-2,64947.5,"(30, 43)",taxation,6,0.25,False,True,False
109,89-2,68166.75,"(15, 36)",taxation,6,0.25,False,True,False
109,58-2,68129.5,"(30, 29)",taxation,6,0.25,False,True,False
109,61-2,77813.25,"(28, 28)",taxation,6,0.25,False,True,False
109,152-2,68171.25,"(21, 34)",taxation,6,0.25,False,True,False
109,124-2,61729.25,"(22, 28)",taxation,6,0.25,False,True,False
109,97-2,52053.75,"(29, 32)",taxation,6,0.25,False,True,False
109,232-2,39202.25,"(32, 10)",taxation,6,0.25,False,True,False
109,116-2,71369.5,"(27, 24)",taxation,6,0.25,False,True,False
109,37-2,68150.75,"(34, 3)",taxation,6,0.25,False,True,False
109,7-2,48893.5,"(30, 41)",taxation,6,0.25,False,True,False
109,26-2,52086.75,"(11, 27)",taxation,6,0.25,False,True,False
109,117-2,58512.5,"(29, 37)",taxation,6,0.25,False,True,False
109,82-2,68152.5,"(26, 41)",taxation,6,0.25,False,True,False
109,88-2,64933.0,"(31, 43)",taxation,6,0.25,False,True,False
109,59-2,58491.25,"(14, 30)",taxation,6,0.25,False,True,False
109,52-2,48863.25,"(33, 4)",taxation,6,0.25,False,True,False
109,194-2,58531.5,"(24, 29)",taxation,6,0.25,False,True,False
109,72-2,74575.5,"(18, 30)",taxation,6,0.25,False,True,False
109,199-2,74553.0,"(22, 2)",taxation,6,0.25,False,True,False
109,43-2,64921.75,"(30, 9)",taxation,6,0.25,False,True,False
109,128-2,71363.0,"(34, 9)",taxation,6,0.25,False,True,False
109,84-2,64924.5,"(23, 10)",taxation,6,0.25,False,True,False
109,114-2,74578.75,"(23, 29)",taxation,6,0.25,False,True,False
109,223-2,45627.0,"(26, 13)",taxation,6,0.25,False,True,False
109,123-2,74583.75,"(30, 36)",taxation,6,0.25,False,True,False
109,215-2,71365.5,"(8, 25)",taxation,6,0.25,False,True,False
109,127-2,68133.0,"(12, 24)",taxation,6,0.25,False,True,False
109,24-2,52086.5,"(37, 12)",taxation,6,0.25,False,True,False
109,136-2,52065.5,"(23, 11)",taxation,6,0.25,False,True,False
109,65-2,74574.25,"(17, 25)",taxation,6,0.25,False,True,False
109,14-2,16712.5,"(15, 25)",taxation,6,0.25,False,True,False
109,185-2,64942.5,"(30, 45)",taxation,6,0.25,False,True,False
109,77-2,55277.5,"(33, 10)",taxation,6,0.25,False,True,False
109,36-2,48857.25,"(19, 21)",taxation,6,0.25,False,True,False
109,190-2,64917.75,"(33, 5)",taxation,6,0.25,False,True,False
109,46-2,45634.0,"(28, 15)",taxation,6,0.25,False,True,False
109,218-2,74597.5,"(13, 33)",taxation,6,0.25,False,True,False
109,220-2,71366.0,"(27, 35)",taxation,6,0.25,False,True,False
109,224-2,55258.75,"(39, 11)",taxation,6,0.25,False,True,False
109,129-2,61723.0,"(18, 29)",taxation,6,0.25,False,True,False
109,157-2,61698.25,"(27, 29)",taxation,6,0.25,False,True,False
109,195-2,29534.25,"(19, 49)",taxation,6,0.25,False,True,False
109,8-2,64930.0,"(31, 44)",taxation,6,0.25,False,True,False
109,119-2,64903.0,"(19, 31)",taxation,6,0.25,False,True,False
109,99-2,61691.25,"(7, 21)",taxation,6,0.25,False,True,False
109,135-2,64919.75,"(16, 13)",taxation,6,0.25,False,True,False
109,47-2,45643.75,"(35, 11)",taxation,6,0.25,False,True,False
109,79-2,61712.25,"(8, 22)",taxation,6,0.25,False,True,False
109,87-2,64896.5,"(11, 25)",taxation,6,0.25,False,True,False
109,15-2,58492.75,"(32, 11)",taxation,6,0.25,False,True,False
109,29-2,64922.25,"(13, 18)",taxation,6,0.25,False,True,False
109,178-2,71340.25,"(37, 1)",taxation,6,0.25,False,True,False
109,60-2,68138.25,"(20, 29)",taxation,6,0.25,False,True,False
109,192-2,58474.0,"(14, 35)",taxation,6,0.25,False,True,False
109,49-2,61692.5,"(38, 24)",taxation,6,0.25,False,True,False
109,81-2,61722.25,"(25, 28)",taxation,6,0.25,False,True,False
109,118-2,71335.5,"(9, 20)",taxation,6,0.25,False,True,False
109,34-2,58493.0,"(16, 27)",taxation,6,0.25,False,True,False
109,211-2,42400.75,"(10, 29)",taxation,6,0.25,False,True,False
109,177-2,64915.75,"(45, 9)",taxation,6,0.25,False,True,False
109,39-2,45619.5,"(9, 24)",taxation,6,0.25,False,True,False
109,245-2,71334.75,"(21, 29)",taxation,6,0.25,False,True,False
109,131-2,64908.0,"(29, 33)",taxation,6,0.25,False,True,False
109,213-2,64921.5,"(11, 19)",taxation,6,0.25,False,True,False
109,9-2,55270.25,"(29, 23)",taxation,6,0.25,False,True,False
109,171-2,64920.5,"(11, 29)",taxation,6,0.25,False,True,False
109,230-2,52065.0,"(14, 29)",taxation,6,0.25,False,True,False
109,217-2,39187.5,"(14, 25)",taxation,6,0.25,False,True,False
109,227-2,71319.5,"(30, 19)",taxation,6,0.25,False,True,False
109,244-2,74532.5,"(42, 11)",taxation,6,0.25,False,True,False
109,204-2,71339.5,"(9, 23)",taxation,6,0.25,False,True,False
109,105-2,58463.5,"(22, 3)",taxation,6,0.25,False,True,False
109,239-2,64880.5,"(29, 26)",taxation,6,0.25,False,True,False
109,243-2,61686.5,"(25, 47)",taxation,6,0.25,False,True,False
109,139-3,58466.6875,"(29, 46)",taxation,6,0.25,False,True,False
109,228-3,38378.25,"(29, 24)",taxation,6,0.25,False,True,False
109,197-2,52048.25,"(6, 25)",taxation,6,0.25,False,True,False
109,151-2,52018.25,"(13, 28)",taxation,6,0.25,False,True,False
109,191-2,74528.75,"(20, 27)",taxation,6,0.25,False,True,False
109,153-2,32732.0,"(35, 2)",taxation,6,0.25,False,True,False
109,159-2,52039.5,"(31, 10)",taxation,6,0.25,False,True,False
109,222-2,64908.5,"(27, 13)",taxation,6,0.25,False,True,False
109,200-2,61677.0,"(22, 30)",taxation,6,0.25,False,True,False
109,181-2,64878.250000000015,"(29, 9)",taxation,6,0.25,False,True,False
109,101-2,64921.75,"(17, 30)",taxation,6,0.25,False,True,False
109,35-2,64903.5,"(35, 10)",taxation,6,0.25,False,True,False
109,70-2,68128.0,"(26, 43)",taxation,6,0.25,False,True,False
109,238-2,64907.0,"(35, 5)",taxation,6,0.25,False,True,False
109,158-3,47178.75,"(26, 49)",taxation,6,0.25,False,True,False
109,20-2,61675.0,"(34, 2)",taxation,6,0.25,False,True,False
109,31-3,58432.625,"(11, 20)",taxation,6,0.25,False,True,False
109,179-3,42406.375,"(32, 25)",taxation,6,0.25,False,True,False
109,93-2,29528.0,"(11, 18)",taxation,6,0.25,False,True,False
109,3-2,39155.25,"(15, 16)",taxation,6,0.25,False,True,False
109,143-2,64864.75,"(34, 31)",taxation,6,0.25,False,True,False
109,219-3,56829.75,"(20, 30)",taxation,6,0.25,False,True,False
109,98-3,26345.75,"(12, 28)",taxation,6,0.25,False,True,False
109,138-2,68080.75,"(29, 15)",taxation,6,0.25,False,True,False
109,66-2,71314.75,"(17, 29)",taxation,6,0.25,False,True,False
109,210-2,77731.75,"(31, 11)",taxation,6,0.25,False,True,False
109,150-2,55228.25,"(26, 21)",taxation,6,0.25,False,True,False
109,44-2,42377.0,"(37, 0)",taxation,6,0.25,False,True,False
109,154-3,23078.75,"(34, 32)",taxation,6,0.25,False,True,False
109,126-2,64871.75,"(12, 15)",taxation,6,0.25,False,True,False
109,74-3,56842.0,"(32, 9)",taxation,6,0.25,False,True,False
109,28-3,44795.9375,"(15, 35)",taxation,6,0.25,False,True,False
109,146-3,19881.75,"(29, 30)",taxation,6,0.25,False,True,False
109,176-3,602.25,"(28, 31)",taxation,6,0.25,False,True,False
109,208-3,52017.9375,"(34, 4)",taxation,6,0.25,False,True,False
109,216-2,71291.0,"(33, 12)",taxation,6,0.25,False,True,False
109,187-3,26288.25,"(36, 9)",taxation,6,0.25,False,True,False
109,167-3,51217.3125,"(29, 25)",taxation,6,0.25,False,True,False
109,240-3,16633.75,"(27, 30)",taxation,6,0.25,False,True,False
109,140-3,617.75,"(25, 20)",taxation,6,0.25,False,True,False
109,149-3,43988.75,"(31, 9)",taxation,6,0.25,False,True,False
109,173-3,13463.75,"(26, 44)",taxation,6,0.25,False,True,False
109,246-3,48800.75,"(25, 31)",taxation,6,0.25,False,True,False
109,75-3,46399.75,"(34, 12)",taxation,6,0.25,False,True,False
109,12-2,61638.75,"(33, 15)",taxation,6,0.25,False,True,False
109,1-3,37543.1875,"(31, 19)",taxation,6,0.25,False,True,False
109,17-3,53605.375,"(21, 30)",taxation,6,0.25,False,True,False
109,67-2,48800.75,"(28, 30)",taxation,6,0.25,False,True,False
109,40-3,53637.75,"(6, 22)",taxation,6,0.25,False,True,False
109,23-3,52814.0,"(15, 32)",taxation,6,0.25,False,True,False
109,142-3,31908.8125,"(13, 29)",taxation,6,0.25,False,True,False
109,76-3,48816.562500000015,"(18, 28)",taxation,6,0.25,False,True,False
109,94-3,16647.5,"(40, 27)",taxation,6,0.25,False,True,False
109,241-3,46364.625,"(35, 6)",taxation,6,0.25,False,True,False
109,170-3,44792.3125,"(28, 32)",taxation,6,0.25,False,True,False
109,242-3,22275.9375,"(24, 28)",taxation,6,0.25,False,True,False
109,198-3,46391.625,"(34, 1)",taxation,6,0.25,False,True,False
109,10-3,51199.1875,"(15, 28)",taxation,6,0.25,False,True,False
109,172-3,53586.3125,"(34, 8)",taxation,6,0.25,False,True,False
109,189-3,43984.125,"(29, 45)",taxation,6,0.25,False,True,False
109,206-3,49593.4375,"(25, 44)",taxation,6,0.25,False,True,False
109,182-3,51179.1875,"(30, 32)",taxation,6,0.25,False,True,False
109,42-3,36767.625,"(9, 26)",taxation,6,0.25,False,True,False
109,148-3,39126.9375,"(29, 29)",taxation,6,0.25,False,True,False
109,0-3,34330.4375,"(11, 17)",taxation,6,0.25,False,True,False
109,212-3,51176.8125,"(25, 24)",taxation,6,0.25,False,True,False
109,225-3,51176.5625,"(37, 3)",taxation,6,0.25,False,True,False
109,6-3,56012.5,"(34, 15)",taxation,6,0.25,False,True,False
109,38-3,51205.125,"(30, 37)",taxation,6,0.25,False,True,False
109,54-3,48780.1875,"(6, 23)",taxation,6,0.25,False,True,False
109,63-3,46333.5625,"(28, 40)",taxation,6,0.25,False,True,False
109,144-3,48809.875,"(6, 24)",taxation,6,0.25,False,True,False
109,22-3,55987.75,"(35, 27)",taxation,6,0.25,False,True,False
109,162-3,51167.875,"(29, 49)",taxation,6,0.25,False,True,False
109,249-3,51208.75,"(18, 31)",taxation,6,0.25,False,True,False
109,180-3,48780.6875,"(17, 28)",taxation,6,0.25,False,True,False
109,83-3,53591.5625,"(28, 13)",taxation,6,0.25,False,True,False
109,133-3,43949.25,"(20, 21)",taxation,6,0.25,False,True,False
109,16-3,56004.125,"(35, 9)",taxation,6,0.25,False,True,False
109,51-3,51181.875,"(20, 34)",taxation,6,0.25,False,True,False
109,4-3,36702.6875,"(23, 30)",taxation,6,0.25,False,True,False
109,111-3,53570.6875,"(42, 10)",taxation,6,0.25,False,True,False
109,91-3,53580.0625,"(14, 28)",taxation,6,0.25,False,True,False
109,95-3,56008.875,"(26, 11)",taxation,6,0.25,False,True,False
109,106-3,46359.8125,"(29, 48)",taxation,6,0.25,False,True,False
109,56-3,48761.5625,"(29, 13)",taxation,6,0.25,False,True,False
109,71-3,53570.9375,"(34, 26)",taxation,6,0.25,False,True,False
109,226-3,48752.0625,"(30, 44)",taxation,6,0.25,False,True,False
109,205-3,24653.8125,"(23, 8)",taxation,6,0.25,False,True,False
109,165-3,58386.25,"(14, 34)",taxation,6,0.25,False,True,False
109,231-3,31863.8125,"(33, 9)",taxation,6,0.25,False,True,False
109,25-3,43934.25,"(18, 22)",taxation,6,0.25,False,True,False
109,137-3,43913.375,"(26, 25)",taxation,6,0.25,False,True,False
109,73-3,51173.6875,"(26, 30)",taxation,6,0.25,False,True,False
109,214-3,31850.25,"(19, 47)",taxation,6,0.25,False,True,False
109,21-3,46336.6875,"(23, 9)",taxation,6,0.25,False,True,False
109,201-3,34253.9375,"(34, 10)",taxation,6,0.25,False,True,False
109,169-3,39110.25,"(7, 26)",taxation,6,0.25,False,True,False
109,110-3,55976.75,"(34, 27)",taxation,6,0.25,False,True,False
109,183-3,34279.0625,"(36, 10)",taxation,6,0.25,False,True,False
109,125-3,53551.5,"(19, 30)",taxation,6,0.25,False,True,False
109,168-3,53591.875,"(28, 33)",taxation,6,0.25,False,True,False
109,156-3,36712.625,"(22, 9)",taxation,6,0.25,False,True,False
109,53-3,31859.6875,"(8, 28)",taxation,6,0.25,False,True,False
109,122-3,41520.6875,"(15, 29)",taxation,6,0.25,False,True,False
109,234-3,51136.125,"(20, 28)",taxation,6,0.25,False,True,False
109,134-3,48740.0,"(32, 23)",taxation,6,0.25,False,True,False
109,141-3,39103.375,"(35, 8)",taxation,6,0.25,False,True,False
109,145-3,51149.0,"(14, 23)",taxation,6,0.25,False,True,False
109,209-3,55955.625,"(23, 23)",taxation,6,0.25,False,True,False
109,247-3,43908.75,"(14, 33)",taxation,6,0.25,False,True,False
110,100-2,64999.75,"(31, 29)",taxation,6,0.25,False,True,False
110,186-2,61787.25,"(32, 31)",taxation,6,0.25,False,True,False
110,32-2,71409.75,"(24, 8)",taxation,6,0.25,False,True,False
110,115-2,71410.75,"(3, 26)",taxation,6,0.25,False,True,False
110,55-2,71399.25,"(30, 22)",taxation,6,0.25,False,True,False
110,207-2,52092.75,"(26, 12)",taxation,6,0.25,False,True,False
110,120-2,74596.0,"(41, 11)",taxation,6,0.25,False,True,False
110,41-2,71436.0,"(2, 24)",taxation,6,0.25,False,True,False
110,113-2,68189.75,"(7, 32)",taxation,6,0.25,False,True,False
110,68-2,55353.75,"(30, 13)",taxation,6,0.25,False,True,False
110,161-2,55351.0,"(22, 37)",taxation,6,0.25,False,True,False
110,85-2,58559.0,"(27, 36)",taxation,6,0.25,False,True,False
110,174-2,71410.5,"(6, 28)",taxation,6,0.25,False,True,False
110,103-2,64954.5,"(37, 13)",taxation,6,0.25,False,True,False
110,33-2,52111.25,"(5, 26)",taxation,6,0.25,False,True,False
110,19-2,68165.0,"(34, 14)",taxation,6,0.25,False,True,False
110,130-2,71387.5,"(30, 7)",taxation,6,0.25,False,True,False
110,155-2,68206.25,"(13, 34)",taxation,6,0.25,False,True,False
110,86-2,64966.0,"(31, 30)",taxation,6,0.25,False,True,False
110,164-2,68192.25,"(29, 16)",taxation,6,0.25,False,True,False
110,2-2,64977.75,"(33, 28)",taxation,6,0.25,False,True,False
110,11-2,52080.25,"(31, 6)",taxation,6,0.25,False,True,False
110,202-2,74603.0,"(30, 28)",taxation,6,0.25,False,True,False
110,121-2,64983.0,"(33, 31)",taxation,6,0.25,False,True,False
110,163-2,77835.0,"(29, 40)",taxation,6,0.25,False,True,False
110,18-2,74625.75,"(24, 46)",taxation,6,0.25,False,True,False
110,132-2,71390.75,"(5, 29)",taxation,6,0.25,False,True,False
110,160-2,58536.0,"(6, 31)",taxation,6,0.25,False,True,False
110,221-2,61754.5,"(35, 24)",taxation,6,0.25,False,True,False
110,90-2,58571.5,"(17, 33)",taxation,6,0.25,False,True,False
110,64-2,64951.0,"(30, 14)",taxation,6,0.25,False,True,False
110,102-2,45686.5,"(27, 31)",taxation,6,0.25,False,True,False
110,188-2,64978.5,"(8, 32)",taxation,6,0.25,False,True,False
110,92-2,71387.0,"(32, 37)",taxation,6,0.25,False,True,False
110,96-2,74616.5,"(35, 30)",taxation,6,0.25,False,True,False
110,107-2,71380.5,"(8, 29)",taxation,6,0.25,False,True,False
110,80-2,71388.5,"(27, 34)",taxation,6,0.25,False,True,False
110,237-2,52097.75,"(12, 34)",taxation,6,0.25,False,True,False
110,13-2,61758.25,"(4, 27)",taxation,6,0.25,False,True,False
110,104-2,61774.5,"(16, 7)",taxation,6,0.25,False,True,False
110,27-2,58530.75,"(27, 3)",taxation,6,0.25,False,True,False
110,248-2,64948.25,"(31, 12)",taxation,6,0.25,False,True,False
110,48-2,68150.0,"(6, 35)",taxation,6,0.25,False,True,False
110,57-2,58523.25,"(32, 2)",taxation,6,0.25,False,True,False
110,184-2,64930.25,"(29, 11)",taxation,6,0.25,False,True,False
110,30-2,74593.25,"(33, 30)",taxation,6,0.25,False,True,False
110,108-2,36007.25,"(26, 36)",taxation,6,0.25,False,True,False
110,166-2,61735.25,"(23, 47)",taxation,6,0.25,False,True,False
110,233-2,61754.25,"(31, 38)",taxation,6,0.25,False,True,False
110,69-2,71361.5,"(23, 39)",taxation,6,0.25,False,True,False
110,229-2,71431.25,"(4, 28)",taxation,6,0.25,False,True,False
110,236-2,64942.25,"(32, 15)",taxation,6,0.25,False,True,False
110,109-2,64953.5,"(35, 23)",taxation,6,0.25,False,True,False
110,235-2,64930.25,"(26, 33)",taxation,6,0.25,False,True,False
110,62-2,64955.5,"(30, 40)",taxation,6,0.25,False,True,False
110,89-2,68174.75,"(12, 39)",taxation,6,0.25,False,True,False
110,58-2,68137.5,"(36, 30)",taxation,6,0.25,False,True,False
110,61-2,77819.25,"(33, 24)",taxation,6,0.25,False,True,False
110,152-2,68179.25,"(24, 38)",taxation,6,0.25,False,True,False
110,124-2,61733.25,"(27, 32)",taxation,6,0.25,False,True,False
110,97-2,52062.75,"(34, 36)",taxation,6,0.25,False,True,False
110,232-2,39209.25,"(30, 8)",taxation,6,0.25,False,True,False
110,116-2,71376.5,"(33, 27)",taxation,6,0.25,False,True,False
110,37-2,68157.75,"(30, 3)",taxation,6,0.25,False,True,False
110,7-2,48902.5,"(32, 40)",taxation,6,0.25,False,True,False
110,26-2,52094.75,"(5, 32)",taxation,6,0.25,False,True,False
110,117-2,58521.5,"(33, 37)",taxation,6,0.25,False,True,False
110,82-2,68161.5,"(29, 36)",taxation,6,0.25,False,True,False
110,88-2,64942.0,"(32, 43)",taxation,6,0.25,False,True,False
110,59-2,58497.25,"(9, 36)",taxation,6,0.25,False,True,False
110,52-2,48870.25,"(33, 3)",taxation,6,0.25,False,True,False
110,194-2,58540.5,"(29, 35)",taxation,6,0.25,False,True,False
110,72-2,74579.5,"(19, 36)",taxation,6,0.25,False,True,False
110,199-2,74560.0,"(26, 5)",taxation,6,0.25,False,True,False
110,43-2,64928.75,"(27, 4)",taxation,6,0.25,False,True,False
110,128-2,71370.0,"(32, 7)",taxation,6,0.25,False,True,False
110,84-2,64931.5,"(27, 5)",taxation,6,0.25,False,True,False
110,114-2,74587.75,"(29, 34)",taxation,6,0.25,False,True,False
110,223-2,45635.0,"(27, 9)",taxation,6,0.25,False,True,False
110,123-2,74592.75,"(30, 35)",taxation,6,0.25,False,True,False
110,215-2,71374.5,"(7, 29)",taxation,6,0.25,False,True,False
110,127-2,68142.0,"(7, 28)",taxation,6,0.25,False,True,False
110,24-2,52093.5,"(35, 14)",taxation,6,0.25,False,True,False
110,136-2,52072.5,"(27, 7)",taxation,6,0.25,False,True,False
110,65-2,74576.25,"(13, 27)",taxation,6,0.25,False,True,False
110,14-2,16716.5,"(9, 19)",taxation,6,0.25,False,True,False
110,185-2,64951.5,"(34, 41)",taxation,6,0.25,False,True,False
110,77-2,55285.5,"(30, 11)",taxation,6,0.25,False,True,False
110,36-2,48860.25,"(18, 15)",taxation,6,0.25,False,True,False
110,190-2,64924.75,"(32, 6)",taxation,6,0.25,False,True,False
110,46-2,45641.0,"(31, 14)",taxation,6,0.25,False,True,False
110,218-2,74605.5,"(7, 35)",taxation,6,0.25,False,True,False
110,220-2,71375.0,"(32, 38)",taxation,6,0.25,False,True,False
110,224-2,55265.75,"(36, 13)",taxation,6,0.25,False,True,False
110,129-2,61728.0,"(20, 35)",taxation,6,0.25,False,True,False
110,157-2,61705.25,"(33, 34)",taxation,6,0.25,False,True,False
110,195-2,29542.25,"(22, 48)",taxation,6,0.25,False,True,False
110,8-2,64939.0,"(32, 42)",taxation,6,0.25,False,True,False
110,119-2,64911.0,"(21, 37)",taxation,6,0.25,False,True,False
110,99-2,61700.25,"(5, 27)",taxation,6,0.25,False,True,False
110,135-2,64926.75,"(19, 7)",taxation,6,0.25,False,True,False
110,47-2,45650.75,"(30, 5)",taxation,6,0.25,False,True,False
110,79-2,61720.25,"(4, 24)",taxation,6,0.25,False,True,False
110,87-2,64905.5,"(6, 30)",taxation,6,0.25,False,True,False
110,15-2,58499.75,"(31, 7)",taxation,6,0.25,False,True,False
110,29-2,64927.25,"(8, 20)",taxation,6,0.25,False,True,False
110,178-2,71346.25,"(35, 0)",taxation,6,0.25,False,True,False
110,60-2,68141.25,"(25, 32)",taxation,6,0.25,False,True,False
110,192-2,58482.0,"(8, 37)",taxation,6,0.25,False,True,False
110,49-2,61700.5,"(37, 24)",taxation,6,0.25,False,True,False
110,81-2,61731.25,"(30, 33)",taxation,6,0.25,False,True,False
110,118-2,71343.5,"(6, 21)",taxation,6,0.25,False,True,False
110,34-2,58496.0,"(16, 33)",taxation,6,0.25,False,True,False
110,211-2,42408.75,"(5, 33)",taxation,6,0.25,False,True,False
110,177-2,64920.75,"(41, 10)",taxation,6,0.25,False,True,False
110,39-2,45627.5,"(3, 28)",taxation,6,0.25,False,True,False
110,245-2,71340.75,"(26, 35)",taxation,6,0.25,False,True,False
110,131-2,64917.0,"(33, 36)",taxation,6,0.25,False,True,False
110,213-2,64927.5,"(5, 20)",taxation,6,0.25,False,True,False
110,9-2,55278.25,"(33, 25)",taxation,6,0.25,False,True,False
110,171-2,64929.5,"(8, 30)",taxation,6,0.25,False,True,False
110,230-2,52070.0,"(9, 34)",taxation,6,0.25,False,True,False
110,217-2,39191.5,"(8, 19)",taxation,6,0.25,False,True,False
110,227-2,71327.5,"(34, 23)",taxation,6,0.25,False,True,False
110,244-2,74538.5,"(42, 17)",taxation,6,0.25,False,True,False
110,204-2,71348.5,"(6, 27)",taxation,6,0.25,False,True,False
110,105-2,58470.5,"(25, 2)",taxation,6,0.25,False,True,False
110,239-2,64888.5,"(33, 26)",taxation,6,0.25,False,True,False
110,243-2,61694.5,"(23, 46)",taxation,6,0.25,False,True,False
110,139-3,58474.6875,"(32, 41)",taxation,6,0.25,False,True,False
110,228-3,38385.25,"(35, 26)",taxation,6,0.25,False,True,False
110,197-2,52057.25,"(6, 26)",taxation,6,0.25,False,True,False
110,151-2,52027.25,"(7, 30)",taxation,6,0.25,False,True,False
110,191-2,74531.75,"(25, 33)",taxation,6,0.25,False,True,False
110,153-2,32739.0,"(32, 3)",taxation,6,0.25,False,True,False
110,159-2,52046.5,"(31, 8)",taxation,6,0.25,False,True,False
110,222-2,64915.5,"(28, 9)",taxation,6,0.25,False,True,False
110,200-2,61684.0,"(28, 36)",taxation,6,0.25,False,True,False
110,181-2,64885.250000000015,"(29, 5)",taxation,6,0.25,False,True,False
110,101-2,64926.75,"(11, 36)",taxation,6,0.25,False,True,False
110,35-2,64910.5,"(35, 13)",taxation,6,0.25,False,True,False
110,70-2,68136.0,"(28, 41)",taxation,6,0.25,False,True,False
110,238-2,64913.0,"(36, 5)",taxation,6,0.25,False,True,False
110,158-3,47186.75,"(22, 49)",taxation,6,0.25,False,True,False
110,20-2,61682.0,"(31, 3)",taxation,6,0.25,False,True,False
110,31-3,58438.625,"(5, 24)",taxation,6,0.25,False,True,False
110,179-3,42414.375,"(37, 27)",taxation,6,0.25,False,True,False
110,93-2,29535.0,"(5, 21)",taxation,6,0.25,False,True,False
110,3-2,39159.25,"(11, 16)",taxation,6,0.25,False,True,False
110,143-2,64873.75,"(34, 33)",taxation,6,0.25,False,True,False
110,219-3,56835.75,"(26, 34)",taxation,6,0.25,False,True,False
110,98-3,26351.75,"(7, 34)",taxation,6,0.25,False,True,False
110,138-2,68086.75,"(26, 10)",taxation,6,0.25,False,True,False
110,66-2,71317.75,"(17, 35)",taxation,6,0.25,False,True,False
110,210-2,77739.75,"(34, 17)",taxation,6,0.25,False,True,False
110,150-2,55233.25,"(32, 19)",taxation,6,0.25,False,True,False
110,44-2,42384.0,"(31, 2)",taxation,6,0.25,False,True,False
110,154-3,23087.75,"(35, 33)",taxation,6,0.25,False,True,False
110,126-2,64876.75,"(7, 17)",taxation,6,0.25,False,True,False
110,74-3,56849.0,"(29, 4)",taxation,6,0.25,False,True,False
110,28-3,44803.9375,"(12, 38)",taxation,6,0.25,False,True,False
110,146-3,19890.75,"(33, 33)",taxation,6,0.25,False,True,False
110,176-3,611.25,"(28, 35)",taxation,6,0.25,False,True,False
110,208-3,52024.9375,"(31, 4)",taxation,6,0.25,False,True,False
110,216-2,71297.0,"(36, 15)",taxation,6,0.25,False,True,False
110,187-3,26295.25,"(33, 8)",taxation,6,0.25,False,True,False
110,167-3,51225.3125,"(35, 29)",taxation,6,0.25,False,True,False
110,240-3,16640.75,"(33, 35)",taxation,6,0.25,False,True,False
110,140-3,623.75,"(29, 14)",taxation,6,0.25,False,True,False
110,149-3,43995.75,"(29, 3)",taxation,6,0.25,False,True,False
110,173-3,13472.75,"(31, 45)",taxation,6,0.25,False,True,False
110,246-3,48807.75,"(27, 37)",taxation,6,0.25,False,True,False
110,75-3,46406.75,"(28, 7)",taxation,6,0.25,False,True,False
110,12-2,61644.75,"(35, 15)",taxation,6,0.25,False,True,False
110,1-3,37551.1875,"(37, 23)",taxation,6,0.25,False,True,False
110,17-3,53611.375,"(27, 33)",taxation,6,0.25,False,True,False
110,67-2,48809.75,"(32, 32)",taxation,6,0.25,False,True,False
110,40-3,53645.75,"(5, 23)",taxation,6,0.25,False,True,False
110,23-3,52821.0,"(21, 38)",taxation,6,0.25,False,True,False
110,142-3,31917.8125,"(8, 31)",taxation,6,0.25,False,True,False
110,76-3,48819.562500000015,"(24, 32)",taxation,6,0.25,False,True,False
110,94-3,16655.5,"(39, 27)",taxation,6,0.25,False,True,False
110,241-3,46371.625,"(33, 6)",taxation,6,0.25,False,True,False
110,170-3,44801.3125,"(34, 34)",taxation,6,0.25,False,True,False
110,242-3,22280.9375,"(30, 27)",taxation,6,0.25,False,True,False
110,198-3,46398.625,"(32, 4)",taxation,6,0.25,False,True,False
110,10-3,51208.1875,"(11, 33)",taxation,6,0.25,False,True,False
110,172-3,53593.3125,"(32, 8)",taxation,6,0.25,False,True,False
110,189-3,43992.125,"(28, 43)",taxation,6,0.25,False,True,False
110,206-3,49601.4375,"(23, 45)",taxation,6,0.25,False,True,False
110,182-3,51188.1875,"(31, 33)",taxation,6,0.25,False,True,False
110,42-3,36775.625,"(3, 27)",taxation,6,0.25,False,True,False
110,148-3,39133.9375,"(35, 28)",taxation,6,0.25,False,True,False
110,0-3,34337.4375,"(5, 22)",taxation,6,0.25,False,True,False
110,212-3,51181.8125,"(31, 26)",taxation,6,0.25,False,True,False
110,225-3,51182.5625,"(35, 4)",taxation,6,0.25,False,True,False
110,6-3,56018.5,"(34, 20)",taxation,6,0.25,False,True,False
110,38-3,51213.125,"(30, 38)",taxation,6,0.25,False,True,False
110,54-3,48788.1875,"(3, 25)",taxation,6,0.25,False,True,False
110,63-3,46342.5625,"(32, 39)",taxation,6,0.25,False,True,False
110,144-3,48817.875,"(3, 24)",taxation,6,0.25,False,True,False
110,22-3,55996.75,"(34, 29)",taxation,6,0.25,False,True,False
110,162-3,51174.875,"(28, 44)",taxation,6,0.25,False,True,False
110,249-3,51214.75,"(23, 37)",taxation,6,0.25,False,True,False
110,180-3,48783.6875,"(11, 34)",taxation,6,0.25,False,True,False
110,83-3,53598.5625,"(27, 8)",taxation,6,0.25,False,True,False
110,133-3,43952.25,"(19, 15)",taxation,6,0.25,False,True,False
110,16-3,56012.125,"(29, 10)",taxation,6,0.25,False,True,False
110,51-3,51190.875,"(25, 39)",taxation,6,0.25,False,True,False
110,4-3,36705.6875,"(22, 35)",taxation,6,0.25,False,True,False
110,111-3,53576.6875,"(38, 13)",taxation,6,0.25,False,True,False
110,91-3,53585.0625,"(8, 23)",taxation,6,0.25,False,True,False
110,95-3,56015.875,"(25, 8)",taxation,6,0.25,False,True,False
110,106-3,46367.8125,"(30, 42)",taxation,6,0.25,False,True,False
110,56-3,48768.5625,"(29, 8)",taxation,6,0.25,False,True,False
110,71-3,53579.9375,"(34, 30)",taxation,6,0.25,False,True,False
110,226-3,48761.0625,"(33, 38)",taxation,6,0.25,False,True,False
110,205-3,24661.8125,"(26, 9)",taxation,6,0.25,False,True,False
110,165-3,58395.25,"(10, 34)",taxation,6,0.25,False,True,False
110,231-3,31871.8125,"(30, 10)",taxation,6,0.25,False,True,False
110,25-3,43937.25,"(14, 17)",taxation,6,0.25,False,True,False
110,137-3,43921.375,"(32, 27)",taxation,6,0.25,False,True,False
110,73-3,51182.6875,"(31, 36)",taxation,6,0.25,False,True,False
110,214-3,31858.25,"(20, 49)",taxation,6,0.25,False,True,False
110,21-3,46343.6875,"(25, 7)",taxation,6,0.25,False,True,False
110,201-3,34260.9375,"(33, 11)",taxation,6,0.25,False,True,False
110,169-3,39119.25,"(7, 31)",taxation,6,0.25,False,True,False
110,110-3,55984.75,"(37, 29)",taxation,6,0.25,False,True,False
110,183-3,34286.0625,"(30, 6)",taxation,6,0.25,False,True,False
110,125-3,53556.5,"(22, 36)",taxation,6,0.25,False,True,False
110,168-3,53600.875,"(34, 35)",taxation,6,0.25,False,True,False
110,156-3,36719.625,"(26, 6)",taxation,6,0.25,False,True,False
110,53-3,31867.6875,"(4, 29)",taxation,6,0.25,False,True,False
110,122-3,41523.6875,"(16, 35)",taxation,6,0.25,False,True,False
110,234-3,51138.125,"(20, 31)",taxation,6,0.25,False,True,False
110,134-3,48748.0,"(36, 27)",taxation,6,0.25,False,True,False
110,141-3,39110.375,"(33, 7)",taxation,6,0.25,False,True,False
110,145-3,51155.0,"(8, 26)",taxation,6,0.25,False,True,False
110,209-3,55959.625,"(28, 26)",taxation,6,0.25,False,True,False
110,247-3,43917.75,"(9, 32)",taxation,6,0.25,False,True,False
110,203-3,58378.6875,"(12, 27)",taxation,6,0.25,False,True,False
110,50-3,55972.125,"(21, 35)",taxation,6,0.25,False,True,False
110,45-3,51155.8125,"(6, 29)",taxation,6,0.25,False,True,False
110,78-3,46339.6875,"(32, 35)",taxation,6,0.25,False,True,False
110,147-3,48744.5625,"(35, 21)",taxation,6,0.25,False,True,False
110,193-3,43918.125,"(29, 6)",taxation,6,0.25,False,True,False
110,5-3,22193.625,"(16, 34)",taxation,6,0.25,False,True,False
110,175-3,41496.375,"(30, 4)",taxation,6,0.25,False,True,False
110,196-3,34287.0,"(4, 30)",taxation,6,0.25,False,True,False
110,112-3,53570.625,"(4, 23)",taxation,6,0.25,False,True,False
111,100-2,65008.75,"(37, 30)",taxation,6,0.25,False,True,False
111,186-2,61796.25,"(38, 34)",taxation,6,0.25,False,True,False
111,32-2,71416.75,"(20, 7)",taxation,6,0.25,False,True,False
111,115-2,71419.75,"(1, 29)",taxation,6,0.25,False,True,False
111,207-2,52098.75,"(24, 7)",taxation,6,0.25,False,True,False
111,120-2,74602.0,"(41, 12)",taxation,6,0.25,False,True,False
111,41-2,71444.0,"(0, 24)",taxation,6,0.25,False,True,False
111,68-2,55359.75,"(28, 14)",taxation,6,0.25,False,True,False
111,161-2,55359.0,"(18, 43)",taxation,6,0.25,False,True,False
111,85-2,58567.0,"(27, 41)",taxation,6,0.25,False,True,False
111,174-2,71418.5,"(1, 31)",taxation,6,0.25,False,True,False
111,103-2,64960.5,"(38, 14)",taxation,6,0.25,False,True,False
111,33-2,52120.25,"(1, 28)",taxation,6,0.25,False,True,False
111,19-2,68172.0,"(37, 20)",taxation,6,0.25,False,True,False
111,130-2,71394.5,"(28, 1)",taxation,6,0.25,False,True,False
111,155-2,68213.25,"(9, 38)",taxation,6,0.25,False,True,False
111,86-2,64975.0,"(37, 31)",taxation,6,0.25,False,True,False
111,164-2,68198.25,"(33, 19)",taxation,6,0.25,False,True,False
111,2-2,64984.75,"(38, 29)",taxation,6,0.25,False,True,False
111,11-2,52087.25,"(31, 1)",taxation,6,0.25,False,True,False
111,202-2,74610.0,"(36, 32)",taxation,6,0.25,False,True,False
111,121-2,64992.0,"(37, 32)",taxation,6,0.25,False,True,False
111,163-2,77841.0,"(27, 42)",taxation,6,0.25,False,True,False
111,18-2,74633.75,"(19, 45)",taxation,6,0.25,False,True,False
111,132-2,71399.75,"(2, 30)",taxation,6,0.25,False,True,False
111,160-2,58545.0,"(2, 33)",taxation,6,0.25,False,True,False
111,221-2,61763.5,"(39, 28)",taxation,6,0.25,False,True,False
111,90-2,58577.5,"(16, 39)",taxation,6,0.25,False,True,False
111,64-2,64957.0,"(25, 12)",taxation,6,0.25,False,True,False
111,102-2,45693.5,"(32, 36)",taxation,6,0.25,False,True,False
111,188-2,64987.5,"(4, 34)",taxation,6,0.25,False,True,False
111,92-2,71396.0,"(34, 38)",taxation,6,0.25,False,True,False
111,96-2,74625.5,"(39, 33)",taxation,6,0.25,False,True,False
111,107-2,71389.5,"(3, 29)",taxation,6,0.25,False,True,False
111,80-2,71396.5,"(29, 38)",taxation,6,0.25,False,True,False
111,237-2,52104.75,"(8, 40)",taxation,6,0.25,False,True,False
111,13-2,61767.25,"(2, 27)",taxation,6,0.25,False,True,False
111,104-2,61781.5,"(18, 7)",taxation,6,0.25,False,True,False
111,27-2,58537.75,"(25, 1)",taxation,6,0.25,False,True,False
111,248-2,64954.25,"(28, 12)",taxation,6,0.25,False,True,False
111,48-2,68158.0,"(4, 37)",taxation,6,0.25,False,True,False
111,57-2,58530.25,"(29, 0)",taxation,6,0.25,False,True,False
111,184-2,64936.25,"(24, 10)",taxation,6,0.25,False,True,False
111,30-2,74602.25,"(38, 33)",taxation,6,0.25,False,True,False
111,108-2,36016.25,"(26, 39)",taxation,6,0.25,False,True,False
111,166-2,61742.25,"(22, 45)",taxation,6,0.25,False,True,False
111,233-2,61762.25,"(31, 41)",taxation,6,0.25,False,True,False
111,69-2,71369.5,"(17, 45)",taxation,6,0.25,False,True,False
111,229-2,71439.25,"(0, 28)",taxation,6,0.25,False,True,False
111,236-2,64948.25,"(34, 18)",taxation,6,0.25,False,True,False
111,109-2,64961.5,"(36, 25)",taxation,6,0.25,False,True,False
111,235-2,64937.25,"(26, 37)",taxation,6,0.25,False,True,False
111,62-2,64964.5,"(35, 39)",taxation,6,0.25,False,True,False
111,89-2,68182.75,"(12, 43)",taxation,6,0.25,False,True,False
111,58-2,68146.5,"(38, 32)",taxation,6,0.25,False,True,False
111,61-2,77828.25,"(39, 30)",taxation,6,0.25,False,True,False
111,152-2,68188.25,"(29, 39)",taxation,6,0.25,False,True,False
111,124-2,61740.25,"(25, 37)",taxation,6,0.25,False,True,False
111,97-2,52069.75,"(36, 35)",taxation,6,0.25,False,True,False
111,232-2,39216.25,"(25, 5)",taxation,6,0.25,False,True,False
111,116-2,71385.5,"(38, 30)",taxation,6,0.25,False,True,False
111,37-2,68164.75,"(30, 2)",taxation,6,0.25,False,True,False
111,7-2,48911.5,"(38, 38)",taxation,6,0.25,False,True,False
111,26-2,52102.75,"(3, 32)",taxation,6,0.25,False,True,False
111,117-2,58530.5,"(35, 37)",taxation,6,0.25,False,True,False
111,82-2,68169.5,"(33, 39)",taxation,6,0.25,False,True,False
111,88-2,64951.0,"(38, 37)",taxation,6,0.25,False,True,False
111,59-2,58506.25,"(3, 34)",taxation,6,0.25,False,True,False
111,52-2,48877.25,"(32, 0)",taxation,6,0.25,False,True,False
111,194-2,58547.5,"(33, 41)",taxation,6,0.25,False,True,False
111,72-2,74586.5,"(18, 42)",taxation,6,0.25,False,True,False
111,199-2,74567.0,"(26, 4)",taxation,6,0.25,False,True,False
111,43-2,64935.75,"(25, 3)",taxation,6,0.25,False,True,False
111,128-2,71377.0,"(26, 3)",taxation,6,0.25,False,True,False
111,84-2,64938.5,"(25, 4)",taxation,6,0.25,False,True,False
111,114-2,74595.75,"(35, 38)",taxation,6,0.25,False,True,False
111,223-2,45642.0,"(26, 7)",taxation,6,0.25,False,True,False
111,123-2,74600.75,"(34, 37)",taxation,6,0.25,False,True,False
111,215-2,71383.5,"(3, 30)",taxation,6,0.25,False,True,False
111,127-2,68150.0,"(1, 33)",taxation,6,0.25,False,True,False
111,24-2,52100.5,"(39, 20)",taxation,6,0.25,False,True,False
111,136-2,52079.5,"(24, 3)",taxation,6,0.25,False,True,False
111,65-2,74580.25,"(10, 33)",taxation,6,0.25,False,True,False
111,14-2,16724.5,"(3, 20)",taxation,6,0.25,False,True,False
111,185-2,64960.5,"(39, 37)",taxation,6,0.25,False,True,False
111,77-2,55291.5,"(25, 9)",taxation,6,0.25,False,True,False
111,36-2,48866.25,"(24, 9)",taxation,6,0.25,False,True,False
111,190-2,64931.75,"(30, 0)",taxation,6,0.25,False,True,False
111,46-2,45648.0,"(28, 8)",taxation,6,0.25,False,True,False
111,218-2,74614.5,"(7, 37)",taxation,6,0.25,False,True,False
111,220-2,71383.0,"(37, 38)",taxation,6,0.25,False,True,False
111,224-2,55271.75,"(42, 15)",taxation,6,0.25,False,True,False
111,129-2,61734.0,"(22, 39)",taxation,6,0.25,False,True,False
111,157-2,61714.25,"(37, 34)",taxation,6,0.25,False,True,False
111,195-2,29550.25,"(16, 48)",taxation,6,0.25,False,True,False
111,8-2,64946.0,"(31, 42)",taxation,6,0.25,False,True,False
111,119-2,64917.0,"(22, 40)",taxation,6,0.25,False,True,False
111,99-2,61708.25,"(0, 27)",taxation,6,0.25,False,True,False
111,135-2,64933.75,"(24, 2)",taxation,6,0.25,False,True,False
111,47-2,45657.75,"(26, 1)",taxation,6,0.25,False,True,False
111,79-2,61728.25,"(0, 23)",taxation,6,0.25,False,True,False
111,87-2,64914.5,"(1, 30)",taxation,6,0.25,False,True,False
111,15-2,58506.75,"(27, 6)",taxation,6,0.25,False,True,False
111,29-2,64934.25,"(4, 20)",taxation,6,0.25,False,True,False
111,178-2,71353.25,"(34, 0)",taxation,6,0.25,False,True,False
111,60-2,68146.25,"(31, 35)",taxation,6,0.25,False,True,False
111,192-2,58490.0,"(6, 39)",taxation,6,0.25,False,True,False
111,49-2,61709.5,"(38, 27)",taxation,6,0.25,False,True,False
111,81-2,61740.25,"(36, 36)",taxation,6,0.25,False,True,False
111,118-2,71351.5,"(1, 22)",taxation,6,0.25,False,True,False
111,34-2,58502.0,"(11, 37)",taxation,6,0.25,False,True,False
111,211-2,42417.75,"(4, 33)",taxation,6,0.25,False,True,False
111,177-2,64926.75,"(40, 7)",taxation,6,0.25,False,True,False
111,39-2,45636.5,"(2, 28)",taxation,6,0.25,False,True,False
111,245-2,71346.75,"(27, 40)",taxation,6,0.25,False,True,False
111,131-2,64926.0,"(38, 36)",taxation,6,0.25,False,True,False
111,213-2,64935.5,"(1, 24)",taxation,6,0.25,False,True,False
111,9-2,55286.25,"(37, 28)",taxation,6,0.25,False,True,False
111,171-2,64937.5,"(2, 35)",taxation,6,0.25,False,True,False
111,230-2,52079.0,"(3, 33)",taxation,6,0.25,False,True,False
111,217-2,39199.5,"(4, 22)",taxation,6,0.25,False,True,False
111,227-2,71335.5,"(40, 24)",taxation,6,0.25,False,True,False
111,244-2,74546.5,"(42, 23)",taxation,6,0.25,False,True,False
111,204-2,71357.5,"(1, 27)",taxation,6,0.25,False,True,False
111,105-2,58477.5,"(26, 2)",taxation,6,0.25,False,True,False
111,239-2,64895.5,"(38, 28)",taxation,6,0.25,False,True,False
111,243-2,61703.5,"(22, 47)",taxation,6,0.25,False,True,False
111,139-3,58483.6875,"(31, 40)",taxation,6,0.25,False,True,False
111,228-3,38394.25,"(40, 30)",taxation,6,0.25,False,True,False
111,197-2,52065.25,"(1, 25)",taxation,6,0.25,False,True,False
111,151-2,52036.25,"(2, 34)",taxation,6,0.25,False,True,False
111,191-2,74538.75,"(31, 37)",taxation,6,0.25,False,True,False
111,153-2,32746.0,"(27, 0)",taxation,6,0.25,False,True,False
111,159-2,52053.5,"(29, 7)",taxation,6,0.25,False,True,False
111,222-2,64922.5,"(23, 5)",taxation,6,0.25,False,True,False
111,200-2,61693.0,"(26, 38)",taxation,6,0.25,False,True,False
111,181-2,64892.250000000015,"(28, 6)",taxation,6,0.25,False,True,False
111,101-2,64933.75,"(12, 40)",taxation,6,0.25,False,True,False
111,35-2,64916.5,"(37, 15)",taxation,6,0.25,False,True,False
111,70-2,68144.0,"(28, 42)",taxation,6,0.25,False,True,False
111,238-2,64919.0,"(38, 6)",taxation,6,0.25,False,True,False
111,158-3,47194.75,"(17, 49)",taxation,6,0.25,False,True,False
111,20-2,61689.0,"(31, 0)",taxation,6,0.25,False,True,False
111,31-3,58447.625,"(1, 26)",taxation,6,0.25,False,True,False
111,179-3,42423.375,"(40, 33)",taxation,6,0.25,False,True,False
111,93-2,29543.0,"(2, 23)",taxation,6,0.25,False,True,False
111,3-2,39165.25,"(7, 18)",taxation,6,0.25,False,True,False
111,143-2,64882.75,"(39, 35)",taxation,6,0.25,False,True,False
111,219-3,56841.75,"(27, 39)",taxation,6,0.25,False,True,False
111,98-3,26359.75,"(4, 36)",taxation,6,0.25,False,True,False
111,138-2,68093.75,"(22, 8)",taxation,6,0.25,False,True,False
111,66-2,71324.75,"(21, 39)",taxation,6,0.25,False,True,False
111,210-2,77745.75,"(37, 18)",taxation,6,0.25,False,True,False
111,150-2,55239.25,"(36, 19)",taxation,6,0.25,False,True,False
111,44-2,42391.0,"(30, 1)",taxation,6,0.25,False,True,False
111,154-3,23095.75,"(41, 33)",taxation,6,0.25,False,True,False
111,126-2,64884.75,"(3, 22)",taxation,6,0.25,False,True,False
111,74-3,56856.0,"(29, 1)",taxation,6,0.25,False,True,False
111,28-3,44811.9375,"(12, 44)",taxation,6,0.25,False,True,False
111,146-3,19899.75,"(39, 34)",taxation,6,0.25,False,True,False
111,176-3,619.25,"(34, 40)",taxation,6,0.25,False,True,False
111,208-3,52031.9375,"(27, 1)",taxation,6,0.25,False,True,False
111,216-2,71303.0,"(36, 16)",taxation,6,0.25,False,True,False
111,187-3,26302.25,"(28, 2)",taxation,6,0.25,False,True,False
111,167-3,51234.3125,"(39, 31)",taxation,6,0.25,False,True,False
111,240-3,16649.75,"(37, 35)",taxation,6,0.25,False,True,False
111,140-3,629.75,"(27, 10)",taxation,6,0.25,False,True,False
111,149-3,44002.75,"(29, 2)",taxation,6,0.25,False,True,False
111,173-3,13481.75,"(33, 40)",taxation,6,0.25,False,True,False
111,246-3,48816.75,"(30, 39)",taxation,6,0.25,False,True,False
111,75-3,46413.75,"(24, 5)",taxation,6,0.25,False,True,False
111,12-2,61651.75,"(39, 21)",taxation,6,0.25,False,True,False
111,1-3,37560.1875,"(38, 26)",taxation,6,0.25,False,True,False
111,17-3,53617.375,"(32, 34)",taxation,6,0.25,False,True,False
111,67-2,48818.75,"(37, 33)",taxation,6,0.25,False,True,False
111,40-3,53654.75,"(2, 26)",taxation,6,0.25,False,True,False
111,23-3,52829.0,"(16, 44)",taxation,6,0.25,False,True,False
111,142-3,31925.8125,"(3, 37)",taxation,6,0.25,False,True,False
111,76-3,48827.562500000015,"(28, 37)",taxation,6,0.25,False,True,False
111,94-3,16664.5,"(39, 32)",taxation,6,0.25,False,True,False
111,241-3,46378.625,"(32, 1)",taxation,6,0.25,False,True,False
111,170-3,44810.3125,"(35, 36)",taxation,6,0.25,False,True,False
111,242-3,22288.9375,"(36, 33)",taxation,6,0.25,False,True,False
111,198-3,46405.625,"(28, 0)",taxation,6,0.25,False,True,False
111,10-3,51215.1875,"(6, 36)",taxation,6,0.25,False,True,False
111,172-3,53600.3125,"(27, 2)",taxation,6,0.25,False,True,False
111,189-3,44001.125,"(31, 39)",taxation,6,0.25,False,True,False
111,206-3,49609.4375,"(17, 48)",taxation,6,0.25,False,True,False
111,182-3,51195.1875,"(36, 34)",taxation,6,0.25,False,True,False
111,42-3,36783.625,"(0, 26)",taxation,6,0.25,False,True,False
111,148-3,39142.9375,"(39, 29)",taxation,6,0.25,False,True,False
111,0-3,34345.4375,"(2, 22)",taxation,6,0.25,False,True,False
111,212-3,51187.8125,"(32, 29)",taxation,6,0.25,False,True,False
111,225-3,51188.5625,"(36, 2)",taxation,6,0.25,False,True,False
111,6-3,56026.5,"(36, 24)",taxation,6,0.25,False,True,False
111,38-3,51221.125,"(29, 42)",taxation,6,0.25,False,True,False
111,54-3,48796.1875,"(0, 25)",taxation,6,0.25,False,True,False
111,63-3,46351.5625,"(34, 39)",taxation,6,0.25,False,True,False
111,144-3,48826.875,"(2, 25)",taxation,6,0.25,False,True,False
111,22-3,56002.75,"(39, 26)",taxation,6,0.25,False,True,False
111,162-3,51178.875,"(22, 46)",taxation,6,0.25,False,True,False
111,249-3,51222.75,"(22, 41)",taxation,6,0.25,False,True,False
111,180-3,48790.6875,"(6, 37)",taxation,6,0.25,False,True,False
111,83-3,53604.5625,"(28, 5)",taxation,6,0.25,False,True,False
111,133-3,43959.25,"(25, 10)",taxation,6,0.25,False,True,False
111,16-3,56018.125,"(26, 8)",taxation,6,0.25,False,True,False
111,51-3,51197.875,"(23, 44)",taxation,6,0.25,False,True,False
111,4-3,36713.6875,"(27, 38)",taxation,6,0.25,False,True,False
111,111-3,53583.6875,"(43, 19)",taxation,6,0.25,False,True,False
111,91-3,53593.0625,"(3, 23)",taxation,6,0.25,False,True,False
111,95-3,56022.875,"(24, 6)",taxation,6,0.25,False,True,False
111,106-3,46375.8125,"(35, 40)",taxation,6,0.25,False,True,False
111,56-3,48775.5625,"(24, 4)",taxation,6,0.25,False,True,False
111,71-3,53587.9375,"(40, 35)",taxation,6,0.25,False,True,False
111,226-3,48770.0625,"(37, 36)",taxation,6,0.25,False,True,False
111,205-3,24668.8125,"(22, 4)",taxation,6,0.25,False,True,False
111,165-3,58403.25,"(4, 32)",taxation,6,0.25,False,True,False
111,231-3,31877.8125,"(31, 5)",taxation,6,0.25,False,True,False
111,25-3,43942.25,"(10, 17)",taxation,6,0.25,False,True,False
111,137-3,43927.375,"(36, 31)",taxation,6,0.25,False,True,False
111,73-3,51191.6875,"(36, 39)",taxation,6,0.25,False,True,False
111,214-3,31866.25,"(18, 49)",taxation,6,0.25,False,True,False
111,21-3,46350.6875,"(25, 6)",taxation,6,0.25,False,True,False
111,201-3,34266.9375,"(39, 14)",taxation,6,0.25,False,True,False
111,169-3,39128.25,"(2, 32)",taxation,6,0.25,False,True,False
111,110-3,55993.75,"(38, 31)",taxation,6,0.25,False,True,False
111,183-3,34293.0625,"(25, 0)",taxation,6,0.25,False,True,False
111,125-3,53563.5,"(22, 42)",taxation,6,0.25,False,True,False
111,168-3,53609.875,"(39, 36)",taxation,6,0.25,False,True,False
111,156-3,36726.625,"(24, 1)",taxation,6,0.25,False,True,False
111,53-3,31876.6875,"(2, 29)",taxation,6,0.25,False,True,False
111,122-3,41531.6875,"(17, 41)",taxation,6,0.25,False,True,False
111,234-3,51143.125,"(20, 37)",taxation,6,0.25,False,True,False
111,134-3,48756.0,"(41, 26)",taxation,6,0.25,False,True,False
111,141-3,39116.375,"(33, 2)",taxation,6,0.25,False,True,False
111,145-3,51163.0,"(2, 31)",taxation,6,0.25,False,True,False
111,209-3,55965.625,"(32, 26)",taxation,6,0.25,False,True,False
111,247-3,43926.75,"(4, 35)",taxation,6,0.25,False,True,False
111,203-3,58382.6875,"(9, 33)",taxation,6,0.25,False,True,False
111,50-3,55978.125,"(22, 38)",taxation,6,0.25,False,True,False
111,45-3,51164.8125,"(3, 31)",taxation,6,0.25,False,True,False
111,78-3,46348.6875,"(38, 35)",taxation,6,0.25,False,True,False
111,147-3,48752.5625,"(39, 22)",taxation,6,0.25,False,True,False
111,193-3,43925.125,"(26, 0)",taxation,6,0.25,False,True,False
111,5-3,22200.625,"(17, 39)",taxation,6,0.25,False,True,False
111,175-3,41503.375,"(28, 3)",taxation,6,0.25,False,True,False
111,196-3,34295.0,"(1, 32)",taxation,6,0.25,False,True,False
111,112-3,53578.625,"(1, 23)",taxation,6,0.25,False,True,False
111,113-3,51149.0625,"(5, 34)",taxation,6,0.25,False,True,False
111,55-3,53553.9375,"(32, 24)",taxation,6,0.25,False,True,False
112,186-2,61805.25,"(44, 33)",taxation,6,0.25,False,True,False
112,32-2,71423.75,"(19, 5)",taxation,6,0.25,False,True,False
112,115-2,71428.75,"(0, 29)",taxation,6,0.25,False,True,False
112,207-2,52105.75,"(20, 5)",taxation,6,0.25,False,True,False
112,120-2,74609.0,"(43, 14)",taxation,6,0.25,False,True,False
112,41-2,71452.0,"(0, 19)",taxation,6,0.25,False,True,False
112,85-2,58572.0,"(21, 45)",taxation,6,0.25,False,True,False
112,174-2,71427.5,"(0, 33)",taxation,6,0.25,False,True,False
112,103-2,64968.5,"(44, 19)",taxation,6,0.25,False,True,False
112,19-2,68181.0,"(43, 23)",taxation,6,0.25,False,True,False
112,130-2,71396.5,"(23, 2)",taxation,6,0.25,False,True,False
112,155-2,68222.25,"(3, 38)",taxation,6,0.25,False,True,False
112,86-2,64984.0,"(42, 31)",taxation,6,0.25,False,True,False
112,164-2,68205.25,"(35, 22)",taxation,6,0.25,False,True,False
112,2-2,64993.75,"(42, 29)",taxation,6,0.25,False,True,False
112,11-2,52090.25,"(36, 4)",taxation,6,0.25,False,True,False
112,202-2,74617.0,"(42, 27)",taxation,6,0.25,False,True,False
112,121-2,65000.0,"(42, 26)",taxation,6,0.25,False,True,False
112,163-2,77846.0,"(21, 43)",taxation,6,0.25,False,True,False
112,18-2,74639.75,"(16, 45)",taxation,6,0.25,False,True,False
112,132-2,71407.75,"(5, 36)",taxation,6,0.25,False,True,False
112,160-2,58552.0,"(8, 39)",taxation,6,0.25,False,True,False
112,221-2,61772.5,"(43, 29)",taxation,6,0.25,False,True,False
112,90-2,58585.5,"(11, 42)",taxation,6,0.25,False,True,False
112,64-2,64963.0,"(22, 13)",taxation,6,0.25,False,True,False
112,102-2,45698.5,"(35, 34)",taxation,6,0.25,False,True,False
112,188-2,64995.5,"(5, 38)",taxation,6,0.25,False,True,False
112,92-2,71399.0,"(30, 34)",taxation,6,0.25,False,True,False
112,96-2,74634.5,"(42, 33)",taxation,6,0.25,False,True,False
112,107-2,71397.5,"(5, 30)",taxation,6,0.25,False,True,False
112,80-2,71400.5,"(24, 37)",taxation,6,0.25,False,True,False
112,237-2,52112.75,"(7, 41)",taxation,6,0.25,False,True,False
112,13-2,61775.25,"(4, 26)",taxation,6,0.25,False,True,False
112,104-2,61788.5,"(19, 6)",taxation,6,0.25,False,True,False
112,27-2,58544.75,"(19, 0)",taxation,6,0.25,False,True,False
112,248-2,64960.25,"(25, 13)",taxation,6,0.25,False,True,False
112,48-2,68167.0,"(4, 38)",taxation,6,0.25,False,True,False
112,57-2,58537.25,"(23, 0)",taxation,6,0.25,False,True,False
112,184-2,64943.25,"(21, 8)",taxation,6,0.25,False,True,False
112,30-2,74611.25,"(43, 33)",taxation,6,0.25,False,True,False
112,108-2,36022.25,"(21, 42)",taxation,6,0.25,False,True,False
112,166-2,61749.25,"(16, 42)",taxation,6,0.25,False,True,False
112,233-2,61766.25,"(25, 41)",taxation,6,0.25,False,True,False
112,69-2,71378.5,"(13, 46)",taxation,6,0.25,False,True,False
112,229-2,71447.25,"(4, 31)",taxation,6,0.25,False,True,False
112,236-2,64955.25,"(36, 21)",taxation,6,0.25,False,True,False
112,109-2,64969.5,"(41, 27)",taxation,6,0.25,False,True,False
112,235-2,64943.25,"(21, 40)",taxation,6,0.25,False,True,False
112,62-2,64970.5,"(40, 34)",taxation,6,0.25,False,True,False
112,89-2,68190.75,"(11, 44)",taxation,6,0.25,False,True,False
112,58-2,68155.5,"(44, 32)",taxation,6,0.25,False,True,False
112,61-2,77837.25,"(41, 31)",taxation,6,0.25,False,True,False
112,152-2,68192.25,"(24, 40)",taxation,6,0.25,False,True,False
112,124-2,61745.25,"(20, 36)",taxation,6,0.25,False,True,False
112,97-2,52077.75,"(41, 36)",taxation,6,0.25,False,True,False
112,232-2,39223.25,"(20, 3)",taxation,6,0.25,False,True,False
112,116-2,71394.5,"(44, 30)",taxation,6,0.25,False,True,False
112,37-2,68170.75,"(32, 5)",taxation,6,0.25,False,True,False
112,7-2,48920.5,"(44, 34)",taxation,6,0.25,False,True,False
112,26-2,52111.75,"(0, 36)",taxation,6,0.25,False,True,False
112,117-2,58539.5,"(41, 35)",taxation,6,0.25,False,True,False
112,82-2,68176.5,"(36, 38)",taxation,6,0.25,False,True,False
112,88-2,64960.0,"(44, 36)",taxation,6,0.25,False,True,False
112,59-2,58515.25,"(1, 36)",taxation,6,0.25,False,True,False
112,52-2,48884.25,"(36, 0)",taxation,6,0.25,False,True,False
112,194-2,58550.5,"(29, 43)",taxation,6,0.25,False,True,False
112,72-2,74593.5,"(12, 41)",taxation,6,0.25,False,True,False
112,199-2,74574.0,"(21, 3)",taxation,6,0.25,False,True,False
112,43-2,64942.75,"(23, 3)",taxation,6,0.25,False,True,False
112,128-2,71384.0,"(23, 1)",taxation,6,0.25,False,True,False
112,84-2,64945.5,"(21, 4)",taxation,6,0.25,False,True,False
112,114-2,74599.75,"(40, 32)",taxation,6,0.25,False,True,False
112,223-2,45648.0,"(21, 9)",taxation,6,0.25,False,True,False
112,123-2,74604.75,"(40, 31)",taxation,6,0.25,False,True,False
112,215-2,71388.5,"(6, 34)",taxation,6,0.25,False,True,False
112,127-2,68158.0,"(0, 38)",taxation,6,0.25,False,True,False
112,24-2,52108.5,"(44, 22)",taxation,6,0.25,False,True,False
112,136-2,52086.5,"(18, 2)",taxation,6,0.25,False,True,False
112,65-2,74588.25,"(5, 35)",taxation,6,0.25,False,True,False
112,14-2,16732.5,"(3, 19)",taxation,6,0.25,False,True,False
112,185-2,64969.5,"(45, 36)",taxation,6,0.25,False,True,False
112,77-2,55298.5,"(23, 7)",taxation,6,0.25,False,True,False
112,36-2,48873.25,"(20, 6)",taxation,6,0.25,False,True,False
112,190-2,64938.75,"(33, 0)",taxation,6,0.25,False,True,False
112,46-2,45654.0,"(23, 12)",taxation,6,0.25,False,True,False
112,218-2,74623.5,"(2, 39)",taxation,6,0.25,False,True,False
112,220-2,71391.0,"(42, 32)",taxation,6,0.25,False,True,False
112,224-2,55279.75,"(45, 20)",taxation,6,0.25,False,True,False
112,129-2,61740.0,"(19, 37)",taxation,6,0.25,False,True,False
112,157-2,61719.25,"(40, 29)",taxation,6,0.25,False,True,False
112,195-2,29559.25,"(14, 48)",taxation,6,0.25,False,True,False
112,8-2,64950.0,"(26, 46)",taxation,6,0.25,False,True,False
112,119-2,64923.0,"(20, 39)",taxation,6,0.25,False,True,False
112,99-2,61716.25,"(4, 25)",taxation,6,0.25,False,True,False
112,135-2,64940.75,"(19, 2)",taxation,6,0.25,False,True,False
112,47-2,45664.75,"(20, 0)",taxation,6,0.25,False,True,False
112,79-2,61736.25,"(0, 20)",taxation,6,0.25,False,True,False
112,87-2,64923.5,"(0, 30)",taxation,6,0.25,False,True,False
112,15-2,58513.75,"(21, 1)",taxation,6,0.25,False,True,False
112,29-2,64942.25,"(4, 21)",taxation,6,0.25,False,True,False
112,178-2,71359.25,"(39, 0)",taxation,6,0.25,False,True,False
112,60-2,68151.25,"(25, 35)",taxation,6,0.25,False,True,False
112,192-2,58498.0,"(6, 41)",taxation,6,0.25,False,True,False
112,49-2,61718.5,"(44, 28)",taxation,6,0.25,False,True,False
112,81-2,61749.25,"(42, 34)",taxation,6,0.25,False,True,False
112,118-2,71359.5,"(2, 18)",taxation,6,0.25,False,True,False
112,34-2,58510.0,"(5, 39)",taxation,6,0.25,False,True,False
112,211-2,42426.75,"(2, 36)",taxation,6,0.25,False,True,False
112,177-2,64932.75,"(42, 8)",taxation,6,0.25,False,True,False
112,39-2,45641.5,"(6, 33)",taxation,6,0.25,False,True,False
112,245-2,71353.75,"(21, 44)",taxation,6,0.25,False,True,False
112,131-2,64935.0,"(44, 35)",taxation,6,0.25,False,True,False
112,213-2,64943.5,"(1, 21)",taxation,6,0.25,False,True,False
112,9-2,55294.25,"(42, 30)",taxation,6,0.25,False,True,False
112,171-2,64946.5,"(0, 37)",taxation,6,0.25,False,True,False
112,230-2,52088.0,"(1, 35)",taxation,6,0.25,False,True,False
112,217-2,39207.5,"(2, 19)",taxation,6,0.25,False,True,False
112,227-2,71344.5,"(45, 27)",taxation,6,0.25,False,True,False
112,244-2,74554.5,"(43, 25)",taxation,6,0.25,False,True,False
112,204-2,71362.5,"(7, 33)",taxation,6,0.25,False,True,False
112,105-2,58484.5,"(22, 0)",taxation,6,0.25,False,True,False
112,239-2,64904.5,"(42, 25)",taxation,6,0.25,False,True,False
112,243-2,61712.5,"(16, 47)",taxation,6,0.25,False,True,False
112,139-3,58490.6875,"(36, 37)",taxation,6,0.25,False,True,False
112,228-3,38403.25,"(45, 31)",taxation,6,0.25,False,True,False
112,197-2,52074.25,"(0, 31)",taxation,6,0.25,False,True,False
112,151-2,52044.25,"(0, 39)",taxation,6,0.25,False,True,False
112,191-2,74542.75,"(25, 38)",taxation,6,0.25,False,True,False
112,153-2,32749.0,"(21, 2)",taxation,6,0.25,False,True,False
112,159-2,52059.5,"(28, 10)",taxation,6,0.25,False,True,False
112,222-2,64929.5,"(19, 1)",taxation,6,0.25,False,True,False
112,200-2,61699.0,"(20, 38)",taxation,6,0.25,False,True,False
112,181-2,64898.250000000015,"(28, 11)",taxation,6,0.25,False,True,False
112,101-2,64942.75,"(12, 45)",taxation,6,0.25,False,True,False
112,35-2,64924.5,"(43, 21)",taxation,6,0.25,False,True,False
112,70-2,68148.0,"(25, 43)",taxation,6,0.25,False,True,False
112,238-2,64926.0,"(37, 2)",taxation,6,0.25,False,True,False
112,158-3,47202.75,"(12, 49)",taxation,6,0.25,False,True,False
112,20-2,61696.0,"(35, 1)",taxation,6,0.25,False,True,False
112,31-3,58455.625,"(3, 21)",taxation,6,0.25,False,True,False
112,179-3,42432.375,"(41, 34)",taxation,6,0.25,False,True,False
112,93-2,29551.0,"(1, 19)",taxation,6,0.25,False,True,False
112,3-2,39173.25,"(4, 19)",taxation,6,0.25,False,True,False
112,143-2,64891.75,"(43, 32)",taxation,6,0.25,False,True,False
112,219-3,56845.75,"(24, 41)",taxation,6,0.25,False,True,False
112,98-3,26368.75,"(2, 38)",taxation,6,0.25,False,True,False
112,138-2,68100.75,"(22, 7)",taxation,6,0.25,False,True,False
112,66-2,71331.75,"(16, 40)",taxation,6,0.25,False,True,False
112,210-2,77754.75,"(43, 24)",taxation,6,0.25,False,True,False
112,150-2,55246.25,"(36, 22)",taxation,6,0.25,False,True,False
112,44-2,42394.0,"(36, 3)",taxation,6,0.25,False,True,False
112,154-3,23104.75,"(45, 33)",taxation,6,0.25,False,True,False
112,126-2,64892.75,"(2, 20)",taxation,6,0.25,False,True,False
112,74-3,56858.0,"(34, 1)",taxation,6,0.25,False,True,False
112,28-3,44820.9375,"(12, 46)",taxation,6,0.25,False,True,False
112,146-3,19908.75,"(43, 34)",taxation,6,0.25,False,True,False
112,176-3,622.25,"(29, 41)",taxation,6,0.25,False,True,False
112,208-3,52037.9375,"(21, 7)",taxation,6,0.25,False,True,False
112,216-2,71311.0,"(42, 22)",taxation,6,0.25,False,True,False
112,187-3,26305.25,"(22, 1)",taxation,6,0.25,False,True,False
112,167-3,51243.3125,"(43, 31)",taxation,6,0.25,False,True,False
112,240-3,16653.75,"(36, 29)",taxation,6,0.25,False,True,False
112,140-3,636.75,"(23, 6)",taxation,6,0.25,False,True,False
112,149-3,44005.75,"(35, 3)",taxation,6,0.25,False,True,False
112,173-3,13489.75,"(37, 37)",taxation,6,0.25,False,True,False
112,246-3,48822.75,"(32, 33)",taxation,6,0.25,False,True,False
112,75-3,46420.75,"(20, 4)",taxation,6,0.25,False,True,False
112,12-2,61660.75,"(44, 24)",taxation,6,0.25,False,True,False
112,1-3,37569.1875,"(44, 29)",taxation,6,0.25,False,True,False
112,17-3,53624.375,"(35, 35)",taxation,6,0.25,False,True,False
112,67-2,48825.75,"(42, 28)",taxation,6,0.25,False,True,False
112,40-3,53662.75,"(5, 28)",taxation,6,0.25,False,True,False
112,23-3,52838.0,"(14, 49)",taxation,6,0.25,False,True,False
112,142-3,31934.8125,"(1, 37)",taxation,6,0.25,False,True,False
112,76-3,48831.562500000015,"(25, 36)",taxation,6,0.25,False,True,False
112,94-3,16673.5,"(44, 31)",taxation,6,0.25,False,True,False
112,241-3,46383.625,"(38, 7)",taxation,6,0.25,False,True,False
112,170-3,44817.3125,"(41, 30)",taxation,6,0.25,False,True,False
112,242-3,22295.9375,"(41, 29)",taxation,6,0.25,False,True,False
112,198-3,46407.625,"(34, 2)",taxation,6,0.25,False,True,False
112,10-3,51223.1875,"(6, 38)",taxation,6,0.25,False,True,False
112,172-3,53607.3125,"(28, 4)",taxation,6,0.25,False,True,False
112,189-3,44005.125,"(31, 34)",taxation,6,0.25,False,True,False
112,206-3,49617.4375,"(15, 49)",taxation,6,0.25,False,True,False
112,182-3,51203.1875,"(42, 35)",taxation,6,0.25,False,True,False
112,42-3,36791.625,"(0, 22)",taxation,6,0.25,False,True,False
112,148-3,39151.9375,"(43, 30)",taxation,6,0.25,False,True,False
112,0-3,34353.4375,"(2, 21)",taxation,6,0.25,False,True,False
112,212-3,51193.8125,"(33, 32)",taxation,6,0.25,False,True,False
112,225-3,51195.5625,"(36, 1)",taxation,6,0.25,False,True,False
112,6-3,56034.5,"(41, 23)",taxation,6,0.25,False,True,False
112,38-3,51225.125,"(26, 45)",taxation,6,0.25,False,True,False
112,54-3,48803.1875,"(5, 19)",taxation,6,0.25,False,True,False
112,63-3,46354.5625,"(28, 39)",taxation,6,0.25,False,True,False
112,144-3,48833.875,"(6, 20)",taxation,6,0.25,False,True,False
112,22-3,56011.75,"(42, 24)",taxation,6,0.25,False,True,False
112,162-3,51187.875,"(16, 49)",taxation,6,0.25,False,True,False
112,249-3,51229.75,"(17, 43)",taxation,6,0.25,False,True,False
112,180-3,48799.6875,"(1, 38)",taxation,6,0.25,False,True,False
112,83-3,53610.5625,"(22, 11)",taxation,6,0.25,False,True,False
112,133-3,43966.25,"(21, 5)",taxation,6,0.25,False,True,False
112,16-3,56025.125,"(21, 6)",taxation,6,0.25,False,True,False
112,51-3,51205.875,"(17, 44)",taxation,6,0.25,False,True,False
112,4-3,36719.6875,"(21, 41)",taxation,6,0.25,False,True,False
112,111-3,53591.6875,"(46, 20)",taxation,6,0.25,False,True,False
112,91-3,53601.0625,"(1, 20)",taxation,6,0.25,False,True,False
112,95-3,56028.875,"(21, 10)",taxation,6,0.25,False,True,False
112,106-3,46383.8125,"(40, 36)",taxation,6,0.25,False,True,False
112,56-3,48782.5625,"(23, 4)",taxation,6,0.25,False,True,False
112,71-3,53596.9375,"(45, 35)",taxation,6,0.25,False,True,False
112,226-3,48773.0625,"(35, 32)",taxation,6,0.25,False,True,False
112,205-3,24675.8125,"(22, 5)",taxation,6,0.25,False,True,False
112,165-3,58412.25,"(1, 34)",taxation,6,0.25,False,True,False
112,231-3,31881.8125,"(34, 11)",taxation,6,0.25,False,True,False
112,25-3,43949.25,"(7, 19)",taxation,6,0.25,False,True,False
112,137-3,43935.375,"(41, 28)",taxation,6,0.25,False,True,False
112,73-3,51199.6875,"(42, 36)",taxation,6,0.25,False,True,False
112,214-3,31872.25,"(15, 48)",taxation,6,0.25,False,True,False
112,21-3,46356.6875,"(20, 8)",taxation,6,0.25,False,True,False
112,201-3,34273.9375,"(41, 18)",taxation,6,0.25,False,True,False
112,169-3,39137.25,"(0, 32)",taxation,6,0.25,False,True,False
112,110-3,56002.75,"(41, 32)",taxation,6,0.25,False,True,False
112,183-3,34299.0625,"(19, 3)",taxation,6,0.25,False,True,False
112,125-3,53569.5,"(20, 40)",taxation,6,0.25,False,True,False
112,168-3,53618.875,"(43, 36)",taxation,6,0.25,False,True,False
112,156-3,36733.625,"(24, 0)",taxation,6,0.25,False,True,False
112,53-3,31881.6875,"(3, 35)",taxation,6,0.25,False,True,False
112,122-3,41539.6875,"(11, 43)",taxation,6,0.25,False,True,False
112,234-3,51149.125,"(17, 38)",taxation,6,0.25,False,True,False
112,134-3,48765.0,"(46, 30)",taxation,6,0.25,False,True,False
112,141-3,39123.375,"(33, 1)",taxation,6,0.25,False,True,False
112,145-3,51172.0,"(0, 35)",taxation,6,0.25,False,True,False
112,209-3,55971.625,"(31, 25)",taxation,6,0.25,False,True,False
112,247-3,43935.75,"(2, 37)",taxation,6,0.25,False,True,False
112,203-3,58390.6875,"(5, 31)",taxation,6,0.25,False,True,False
112,50-3,55985.125,"(16, 41)",taxation,6,0.25,False,True,False
112,45-3,51170.8125,"(7, 36)",taxation,6,0.25,False,True,False
112,78-3,46357.6875,"(43, 35)",taxation,6,0.25,False,True,False
112,147-3,48761.5625,"(45, 28)",taxation,6,0.25,False,True,False
112,193-3,43932.125,"(21, 0)",taxation,6,0.25,False,True,False
112,5-3,22208.625,"(11, 41)",taxation,6,0.25,False,True,False
112,175-3,41510.375,"(22, 6)",taxation,6,0.25,False,True,False
112,196-3,34301.0,"(7, 38)",taxation,6,0.25,False,True,False
112,112-3,53586.625,"(0, 21)",taxation,6,0.25,False,True,False
112,113-3,51157.0625,"(2, 40)",taxation,6,0.25,False,True,False
112,55-3,53559.9375,"(30, 24)",taxation,6,0.25,False,True,False
112,33-3,39096.9375,"(0, 34)",taxation,6,0.25,False,True,False
112,68-3,41524.3125,"(27, 15)",taxation,6,0.25,False,True,False
112,161-3,41524.5,"(13, 47)",taxation,6,0.25,False,True,False
112,100-3,48762.5625,"(43, 28)",taxation,6,0.25,False,True,False
113,186-2,61814.25,"(48, 33)",taxation,6,0.25,False,True,False
113,32-2,71429.75,"(17, 9)",taxation,6,0.25,False,True,False
113,207-2,52112.75,"(19, 4)",taxation,6,0.25,False,True,False
113,120-2,74617.0,"(45, 16)",taxation,6,0.25,False,True,False
113,85-2,58579.0,"(15, 47)",taxation,6,0.25,False,True,False
113,174-2,71434.5,"(3, 39)",taxation,6,0.25,False,True,False
113,103-2,64977.5,"(47, 20)",taxation,6,0.25,False,True,False
113,19-2,68190.0,"(47, 23)",taxation,6,0.25,False,True,False
113,130-2,71403.5,"(17, 7)",taxation,6,0.25,False,True,False
113,86-2,64992.0,"(44, 25)",taxation,6,0.25,False,True,False
113,164-2,68213.25,"(40, 21)",taxation,6,0.25,False,True,False
113,2-2,65002.75,"(48, 23)",taxation,6,0.25,False,True,False
113,11-2,52097.25,"(39, 3)",taxation,6,0.25,False,True,False
113,202-2,74627.0,"(47, 30)",taxation,6,0.25,False,True,False
113,121-2,65008.0,"(42, 21)",taxation,6,0.25,False,True,False
113,163-2,77853.0,"(15, 43)",taxation,6,0.25,False,True,False
113,18-2,74648.75,"(11, 49)",taxation,6,0.25,False,True,False
113,132-2,71415.75,"(10, 40)",taxation,6,0.25,False,True,False
113,160-2,58561.0,"(6, 42)",taxation,6,0.25,False,True,False
113,221-2,61781.5,"(49, 25)",taxation,6,0.25,False,True,False
113,90-2,58594.5,"(7, 42)",taxation,6,0.25,False,True,False
113,64-2,64970.0,"(21, 13)",taxation,6,0.25,False,True,False
113,102-2,45704.5,"(31, 28)",taxation,6,0.25,False,True,False
113,188-2,65004.5,"(4, 42)",taxation,6,0.25,False,True,False
113,92-2,71404.0,"(25, 34)",taxation,6,0.25,False,True,False
113,96-2,74643.5,"(48, 34)",taxation,6,0.25,False,True,False
113,107-2,71403.5,"(8, 33)",taxation,6,0.25,False,True,False
113,80-2,71406.5,"(19, 39)",taxation,6,0.25,False,True,False
113,237-2,52121.75,"(5, 45)",taxation,6,0.25,False,True,False
113,13-2,61782.25,"(7, 20)",taxation,6,0.25,False,True,False
113,104-2,61796.5,"(16, 6)",taxation,6,0.25,False,True,False
113,27-2,58549.75,"(17, 2)",taxation,6,0.25,False,True,False
113,248-2,64967.25,"(21, 11)",taxation,6,0.25,False,True,False
113,48-2,68175.0,"(4, 43)",taxation,6,0.25,False,True,False
113,57-2,58544.25,"(17, 0)",taxation,6,0.25,False,True,False
113,184-2,64950.25,"(19, 11)",taxation,6,0.25,False,True,False
113,30-2,74620.25,"(49, 33)",taxation,6,0.25,False,True,False
113,108-2,36029.25,"(15, 42)",taxation,6,0.25,False,True,False
113,166-2,61757.25,"(10, 42)",taxation,6,0.25,False,True,False
113,233-2,61772.25,"(20, 44)",taxation,6,0.25,False,True,False
113,69-2,71387.5,"(10, 48)",taxation,6,0.25,False,True,False
113,229-2,71454.25,"(9, 37)",taxation,6,0.25,False,True,False
113,236-2,64963.25,"(40, 20)",taxation,6,0.25,False,True,False
113,109-2,64978.5,"(45, 26)",taxation,6,0.25,False,True,False
113,235-2,64950.25,"(15, 40)",taxation,6,0.25,False,True,False
113,62-2,64978.5,"(45, 29)",taxation,6,0.25,False,True,False
113,89-2,68199.75,"(7, 46)",taxation,6,0.25,False,True,False
113,58-2,68164.5,"(49, 32)",taxation,6,0.25,False,True,False
113,61-2,77844.25,"(46, 29)",taxation,6,0.25,False,True,False
113,152-2,68198.25,"(20, 41)",taxation,6,0.25,False,True,False
113,124-2,61752.25,"(14, 37)",taxation,6,0.25,False,True,False
113,97-2,52086.75,"(47, 33)",taxation,6,0.25,False,True,False
113,232-2,39230.25,"(16, 5)",taxation,6,0.25,False,True,False
113,116-2,71403.5,"(47, 27)",taxation,6,0.25,False,True,False
113,37-2,68175.75,"(38, 8)",taxation,6,0.25,False,True,False
113,7-2,48929.5,"(49, 30)",taxation,6,0.25,False,True,False
113,26-2,52120.75,"(0, 42)",taxation,6,0.25,False,True,False
113,117-2,58548.5,"(47, 35)",taxation,6,0.25,False,True,False
113,82-2,68180.5,"(31, 32)",taxation,6,0.25,False,True,False
113,88-2,64970.0,"(45, 34)",taxation,6,0.25,False,True,False
113,59-2,58524.25,"(0, 41)",taxation,6,0.25,False,True,False
113,52-2,48890.25,"(42, 6)",taxation,6,0.25,False,True,False
113,194-2,58555.5,"(26, 47)",taxation,6,0.25,False,True,False
113,72-2,74602.5,"(6, 45)",taxation,6,0.25,False,True,False
113,199-2,74580.0,"(15, 8)",taxation,6,0.25,False,True,False
113,43-2,64949.75,"(17, 8)",taxation,6,0.25,False,True,False
113,128-2,71391.0,"(17, 3)",taxation,6,0.25,False,True,False
113,84-2,64952.5,"(18, 4)",taxation,6,0.25,False,True,False
113,114-2,74605.75,"(46, 32)",taxation,6,0.25,False,True,False
113,223-2,45655.0,"(20, 9)",taxation,6,0.25,False,True,False
113,123-2,74612.75,"(44, 26)",taxation,6,0.25,False,True,False
113,215-2,71396.5,"(10, 39)",taxation,6,0.25,False,True,False
113,127-2,68167.0,"(0, 43)",taxation,6,0.25,False,True,False
113,24-2,52117.5,"(46, 24)",taxation,6,0.25,False,True,False
113,136-2,52093.5,"(17, 1)",taxation,6,0.25,False,True,False
113,65-2,74596.25,"(3, 40)",taxation,6,0.25,False,True,False
113,14-2,16740.5,"(6, 16)",taxation,6,0.25,False,True,False
113,185-2,64976.5,"(47, 32)",taxation,6,0.25,False,True,False
113,77-2,55305.5,"(19, 10)",taxation,6,0.25,False,True,False
113,36-2,48880.25,"(17, 6)",taxation,6,0.25,False,True,False
113,190-2,64945.75,"(39, 2)",taxation,6,0.25,False,True,False
113,46-2,45660.0,"(22, 12)",taxation,6,0.25,False,True,False
113,218-2,74632.5,"(2, 43)",taxation,6,0.25,False,True,False
113,220-2,71400.0,"(47, 26)",taxation,6,0.25,False,True,False
113,224-2,55289.75,"(49, 26)",taxation,6,0.25,False,True,False
113,129-2,61747.0,"(15, 37)",taxation,6,0.25,False,True,False
113,157-2,61729.25,"(46, 33)",taxation,6,0.25,False,True,False
113,195-2,29568.25,"(11, 48)",taxation,6,0.25,False,True,False
113,8-2,64956.0,"(21, 46)",taxation,6,0.25,False,True,False
113,119-2,64930.0,"(15, 39)",taxation,6,0.25,False,True,False
113,99-2,61724.25,"(6, 19)",taxation,6,0.25,False,True,False
113,135-2,64946.75,"(16, 3)",taxation,6,0.25,False,True,False
113,47-2,45671.75,"(15, 6)",taxation,6,0.25,False,True,False
113,79-2,61739.25,"(6, 22)",taxation,6,0.25,False,True,False
113,87-2,64926.5,"(5, 25)",taxation,6,0.25,False,True,False
113,15-2,58519.75,"(16, 2)",taxation,6,0.25,False,True,False
113,29-2,64949.25,"(8, 17)",taxation,6,0.25,False,True,False
113,178-2,71365.25,"(43, 3)",taxation,6,0.25,False,True,False
113,60-2,68156.25,"(23, 35)",taxation,6,0.25,False,True,False
113,192-2,58507.0,"(6, 43)",taxation,6,0.25,False,True,False
113,49-2,61727.5,"(49, 22)",taxation,6,0.25,False,True,False
113,81-2,61759.25,"(46, 34)",taxation,6,0.25,False,True,False
113,118-2,71367.5,"(5, 16)",taxation,6,0.25,False,True,False
113,34-2,58519.0,"(3, 45)",taxation,6,0.25,False,True,False
113,211-2,42435.75,"(0, 40)",taxation,6,0.25,False,True,False
113,177-2,64939.75,"(43, 9)",taxation,6,0.25,False,True,False
113,39-2,45648.5,"(7, 39)",taxation,6,0.25,False,True,False
113,245-2,71360.75,"(16, 46)",taxation,6,0.25,False,True,False
113,131-2,64944.0,"(47, 34)",taxation,6,0.25,False,True,False
113,213-2,64951.5,"(6, 17)",taxation,6,0.25,False,True,False
113,9-2,55303.25,"(46, 27)",taxation,6,0.25,False,True,False
113,171-2,64955.5,"(1, 43)",taxation,6,0.25,False,True,False
113,230-2,52095.0,"(4, 40)",taxation,6,0.25,False,True,False
113,217-2,39215.5,"(4, 17)",taxation,6,0.25,False,True,False
113,227-2,71353.5,"(47, 25)",taxation,6,0.25,False,True,False
113,244-2,74563.5,"(46, 25)",taxation,6,0.25,False,True,False
113,204-2,71370.5,"(9, 39)",taxation,6,0.25,False,True,False
113,105-2,58491.5,"(16, 0)",taxation,6,0.25,False,True,False
113,239-2,64913.5,"(48, 25)",taxation,6,0.25,False,True,False
113,243-2,61720.5,"(10, 45)",taxation,6,0.25,False,True,False
113,139-3,58494.6875,"(35, 31)",taxation,6,0.25,False,True,False
113,228-3,38412.25,"(49, 27)",taxation,6,0.25,False,True,False
113,197-2,52080.25,"(5, 37)",taxation,6,0.25,False,True,False
113,151-2,52053.25,"(3, 43)",taxation,6,0.25,False,True,False
113,191-2,74548.75,"(19, 38)",taxation,6,0.25,False,True,False
113,153-2,32755.0,"(15, 5)",taxation,6,0.25,False,True,False
113,159-2,52065.5,"(24, 11)",taxation,6,0.25,False,True,False
113,222-2,64935.5,"(15, 7)",taxation,6,0.25,False,True,False
113,200-2,61706.0,"(15, 38)",taxation,6,0.25,False,True,False
113,181-2,64905.250000000015,"(30, 16)",taxation,6,0.25,False,True,False
113,101-2,64951.75,"(7, 45)",taxation,6,0.25,False,True,False
113,35-2,64933.5,"(47, 21)",taxation,6,0.25,False,True,False
113,70-2,68154.0,"(20, 43)",taxation,6,0.25,False,True,False
113,238-2,64932.0,"(43, 2)",taxation,6,0.25,False,True,False
113,158-3,47211.75,"(7, 48)",taxation,6,0.25,False,True,False
113,20-2,61701.0,"(40, 3)",taxation,6,0.25,False,True,False
113,31-3,58463.625,"(3, 18)",taxation,6,0.25,False,True,False
113,179-3,42440.375,"(47, 29)",taxation,6,0.25,False,True,False
113,93-2,29559.0,"(4, 18)",taxation,6,0.25,False,True,False
113,3-2,39180.25,"(7, 16)",taxation,6,0.25,False,True,False
113,143-2,64900.75,"(49, 28)",taxation,6,0.25,False,True,False
113,219-3,56851.75,"(20, 42)",taxation,6,0.25,False,True,False
113,98-3,26377.75,"(1, 42)",taxation,6,0.25,False,True,False
113,138-2,68106.75,"(20, 11)",taxation,6,0.25,False,True,False
113,66-2,71339.75,"(10, 41)",taxation,6,0.25,False,True,False
113,210-2,77763.75,"(48, 24)",taxation,6,0.25,False,True,False
113,150-2,55254.25,"(40, 23)",taxation,6,0.25,False,True,False
113,44-2,42400.0,"(39, 9)",taxation,6,0.25,False,True,False
113,154-3,23111.75,"(47, 31)",taxation,6,0.25,False,True,False
113,126-2,64900.75,"(5, 17)",taxation,6,0.25,False,True,False
113,74-3,56863.0,"(39, 4)",taxation,6,0.25,False,True,False
113,28-3,44829.9375,"(6, 46)",taxation,6,0.25,False,True,False
113,146-3,19917.75,"(49, 31)",taxation,6,0.25,False,True,False
113,176-3,627.25,"(24, 43)",taxation,6,0.25,False,True,False
113,208-3,52044.9375,"(19, 8)",taxation,6,0.25,False,True,False
113,216-2,71320.0,"(46, 23)",taxation,6,0.25,False,True,False
113,187-3,26310.25,"(18, 3)",taxation,6,0.25,False,True,False
113,167-3,51252.3125,"(48, 30)",taxation,6,0.25,False,True,False
113,240-3,16661.75,"(41, 25)",taxation,6,0.25,False,True,False
113,140-3,643.75,"(18, 8)",taxation,6,0.25,False,True,False
113,149-3,44011.75,"(39, 8)",taxation,6,0.25,False,True,False
113,173-3,13493.75,"(31, 31)",taxation,6,0.25,False,True,False
113,246-3,48828.75,"(32, 28)",taxation,6,0.25,False,True,False
113,75-3,46427.75,"(16, 4)",taxation,6,0.25,False,True,False
113,12-2,61669.75,"(46, 26)",taxation,6,0.25,False,True,False
113,1-3,37578.1875,"(48, 26)",taxation,6,0.25,False,True,False
113,17-3,53629.375,"(33, 29)",taxation,6,0.25,False,True,False
113,67-2,48833.75,"(48, 27)",taxation,6,0.25,False,True,False
113,40-3,53668.75,"(8, 34)",taxation,6,0.25,False,True,False
113,23-3,52847.0,"(10, 49)",taxation,6,0.25,False,True,False
113,142-3,31942.8125,"(5, 43)",taxation,6,0.25,False,True,False
113,76-3,48837.562500000015,"(19, 42)",taxation,6,0.25,False,True,False
113,94-3,16682.5,"(44, 27)",taxation,6,0.25,False,True,False
113,241-3,46390.625,"(40, 11)",taxation,6,0.25,False,True,False
113,170-3,44825.3125,"(43, 27)",taxation,6,0.25,False,True,False
113,242-3,22303.9375,"(41, 24)",taxation,6,0.25,False,True,False
113,198-3,46412.625,"(39, 6)",taxation,6,0.25,False,True,False
113,10-3,51232.1875,"(5, 42)",taxation,6,0.25,False,True,False
113,172-3,53611.3125,"(22, 10)",taxation,6,0.25,False,True,False
113,189-3,44010.125,"(27, 28)",taxation,6,0.25,False,True,False
113,206-3,49625.4375,"(9, 49)",taxation,6,0.25,False,True,False
113,182-3,51211.1875,"(48, 31)",taxation,6,0.25,False,True,False
113,42-3,36799.625,"(0, 18)",taxation,6,0.25,False,True,False
113,148-3,39160.9375,"(45, 30)",taxation,6,0.25,False,True,False
113,0-3,34361.4375,"(5, 18)",taxation,6,0.25,False,True,False
113,212-3,51199.8125,"(31, 27)",taxation,6,0.25,False,True,False
113,225-3,51200.5625,"(41, 1)",taxation,6,0.25,False,True,False
113,6-3,56042.5,"(41, 22)",taxation,6,0.25,False,True,False
113,38-3,51231.125,"(21, 47)",taxation,6,0.25,False,True,False
113,54-3,48810.1875,"(3, 17)",taxation,6,0.25,False,True,False
113,63-3,46359.5625,"(24, 42)",taxation,6,0.25,False,True,False
113,144-3,48841.875,"(6, 18)",taxation,6,0.25,False,True,False
113,22-3,56020.75,"(43, 26)",taxation,6,0.25,False,True,False
113,162-3,51195.875,"(10, 44)",taxation,6,0.25,False,True,False
113,249-3,51237.75,"(11, 40)",taxation,6,0.25,False,True,False
113,180-3,48807.6875,"(1, 44)",taxation,6,0.25,False,True,False
113,83-3,53617.5625,"(20, 13)",taxation,6,0.25,False,True,False
113,133-3,43973.25,"(18, 6)",taxation,6,0.25,False,True,False
113,16-3,56032.125,"(16, 9)",taxation,6,0.25,False,True,False
113,51-3,51213.875,"(11, 39)",taxation,6,0.25,False,True,False
113,4-3,36726.6875,"(18, 40)",taxation,6,0.25,False,True,False
113,111-3,53600.6875,"(48, 21)",taxation,6,0.25,False,True,False
113,91-3,53609.0625,"(6, 15)",taxation,6,0.25,False,True,False
113,95-3,56035.875,"(20, 10)",taxation,6,0.25,False,True,False
113,106-3,46391.8125,"(46, 35)",taxation,6,0.25,False,True,False
113,56-3,48789.5625,"(17, 4)",taxation,6,0.25,False,True,False
113,71-3,53604.9375,"(48, 32)",taxation,6,0.25,False,True,False
113,226-3,48780.0625,"(30, 26)",taxation,6,0.25,False,True,False
113,205-3,24682.8125,"(17, 5)",taxation,6,0.25,False,True,False
113,165-3,58419.25,"(1, 40)",taxation,6,0.25,False,True,False
113,231-3,31888.8125,"(34, 16)",taxation,6,0.25,False,True,False
113,25-3,43956.25,"(9, 18)",taxation,6,0.25,False,True,False
113,137-3,43943.375,"(45, 25)",taxation,6,0.25,False,True,False
113,73-3,51208.6875,"(48, 35)",taxation,6,0.25,False,True,False
113,214-3,31880.25,"(10, 47)",taxation,6,0.25,False,True,False
113,21-3,46363.6875,"(17, 10)",taxation,6,0.25,False,True,False
113,201-3,34282.9375,"(47, 24)",taxation,6,0.25,False,True,False
113,169-3,39143.25,"(3, 36)",taxation,6,0.25,False,True,False
113,110-3,56012.75,"(45, 32)",taxation,6,0.25,False,True,False
113,183-3,34306.0625,"(16, 8)",taxation,6,0.25,False,True,False
113,125-3,53576.5,"(16, 43)",taxation,6,0.25,False,True,False
113,168-3,53627.875,"(49, 34)",taxation,6,0.25,False,True,False
113,156-3,36738.625,"(18, 1)",taxation,6,0.25,False,True,False
113,53-3,31888.6875,"(4, 39)",taxation,6,0.25,False,True,False
113,122-3,41548.6875,"(10, 46)",taxation,6,0.25,False,True,False
113,234-3,51157.125,"(11, 38)",taxation,6,0.25,False,True,False
113,134-3,48774.0,"(48, 29)",taxation,6,0.25,False,True,False
113,141-3,39127.375,"(38, 1)",taxation,6,0.25,False,True,False
113,145-3,51180.0,"(4, 41)",taxation,6,0.25,False,True,False
113,209-3,55978.625,"(32, 22)",taxation,6,0.25,False,True,False
113,247-3,43943.75,"(8, 43)",taxation,6,0.25,False,True,False
113,203-3,58396.6875,"(8, 35)",taxation,6,0.25,False,True,False
113,50-3,55994.125,"(11, 47)",taxation,6,0.25,False,True,False
113,45-3,51178.8125,"(10, 38)",taxation,6,0.25,False,True,False
113,78-3,46366.6875,"(49, 29)",taxation,6,0.25,False,True,False
113,147-3,48770.5625,"(49, 24)",taxation,6,0.25,False,True,False
113,193-3,43939.125,"(18, 0)",taxation,6,0.25,False,True,False
113,5-3,22217.625,"(7, 43)",taxation,6,0.25,False,True,False
113,175-3,41517.375,"(18, 9)",taxation,6,0.25,False,True,False
113,196-3,34310.0,"(7, 44)",taxation,6,0.25,False,True,False
113,112-3,53594.625,"(1, 18)",taxation,6,0.25,False,True,False
113,113-3,51166.0625,"(2, 45)",taxation,6,0.25,False,True,False
113,55-3,53566.9375,"(31, 22)",taxation,6,0.25,False,True,False
113,33-3,39103.9375,"(1, 39)",taxation,6,0.25,False,True,False
113,68-3,41531.3125,"(31, 17)",taxation,6,0.25,False,True,False
113,161-3,41533.5,"(7, 47)",taxation,6,0.25,False,True,False
113,100-3,48771.5625,"(49, 23)",taxation,6,0.25,False,True,False
113,155-3,51173.4375,"(3, 41)",taxation,6,0.25,False,True,False
113,41-3,53595.0,"(2, 17)",taxation,6,0.25,False,True,False
113,115-3,53575.3125,"(6, 32)",taxation,6,0.25,False,True,False
114,186-2,61815.25,"(44, 33)",taxation,6,0.25,False,True,False
114,32-2,71436.75,"(13, 11)",taxation,6,0.25,False,True,False
114,85-2,58587.0,"(14, 47)",taxation,6,0.25,False,True,False
114,174-2,71443.5,"(8, 45)",taxation,6,0.25,False,True,False
114,103-2,64986.5,"(48, 20)",taxation,6,0.25,False,True,False
114,19-2,68199.0,"(47, 18)",taxation,6,0.25,False,True,False
114,130-2,71410.5,"(14, 11)",taxation,6,0.25,False,True,False
114,86-2,65001.0,"(44, 20)",taxation,6,0.25,False,True,False
114,164-2,68222.25,"(41, 20)",taxation,6,0.25,False,True,False
114,2-2,65011.75,"(48, 17)",taxation,6,0.25,False,True,False
114,202-2,74634.0,"(45, 24)",taxation,6,0.25,False,True,False
114,121-2,65017.0,"(44, 18)",taxation,6,0.25,False,True,False
114,163-2,77862.0,"(9, 47)",taxation,6,0.25,False,True,False
114,18-2,74657.75,"(5, 49)",taxation,6,0.25,False,True,False
114,132-2,71423.75,"(9, 40)",taxation,6,0.25,False,True,False
114,160-2,58570.0,"(1, 47)",taxation,6,0.25,False,True,False
114,221-2,61790.5,"(48, 19)",taxation,6,0.25,False,True,False
114,90-2,58603.5,"(6, 44)",taxation,6,0.25,False,True,False
114,64-2,64977.0,"(21, 14)",taxation,6,0.25,False,True,False
114,102-2,45712.5,"(37, 22)",taxation,6,0.25,False,True,False
114,188-2,65012.5,"(3, 42)",taxation,6,0.25,False,True,False
114,92-2,71410.0,"(24, 33)",taxation,6,0.25,False,True,False
114,96-2,74644.5,"(45, 33)",taxation,6,0.25,False,True,False
114,107-2,71410.5,"(8, 36)",taxation,6,0.25,False,True,False
114,80-2,71414.5,"(13, 41)",taxation,6,0.25,False,True,False
114,237-2,52131.75,"(1, 45)",taxation,6,0.25,False,True,False
114,13-2,61790.25,"(10, 15)",taxation,6,0.25,False,True,False
114,104-2,61803.5,"(14, 9)",taxation,6,0.25,False,True,False
114,27-2,58553.75,"(22, 2)",taxation,6,0.25,False,True,False
114,248-2,64974.25,"(18, 12)",taxation,6,0.25,False,True,False
114,48-2,68183.0,"(4, 46)",taxation,6,0.25,False,True,False
114,57-2,58546.25,"(22, 4)",taxation,6,0.25,False,True,False
114,184-2,64957.25,"(15, 14)",taxation,6,0.25,False,True,False
114,30-2,74621.25,"(44, 35)",taxation,6,0.25,False,True,False
114,108-2,36038.25,"(10, 43)",taxation,6,0.25,False,True,False
114,166-2,61765.25,"(9, 41)",taxation,6,0.25,False,True,False
114,233-2,61779.25,"(19, 44)",taxation,6,0.25,False,True,False
114,69-2,71395.5,"(8, 48)",taxation,6,0.25,False,True,False
114,229-2,71462.25,"(6, 40)",taxation,6,0.25,False,True,False
114,236-2,64972.25,"(44, 17)",taxation,6,0.25,False,True,False
114,109-2,64985.5,"(43, 20)",taxation,6,0.25,False,True,False
114,235-2,64958.25,"(14, 41)",taxation,6,0.25,False,True,False
114,62-2,64982.5,"(40, 27)",taxation,6,0.25,False,True,False
114,89-2,68208.75,"(4, 49)",taxation,6,0.25,False,True,False
114,58-2,68165.5,"(44, 32)",taxation,6,0.25,False,True,False
114,61-2,77851.25,"(47, 28)",taxation,6,0.25,False,True,False
114,152-2,68206.25,"(15, 41)",taxation,6,0.25,False,True,False
114,124-2,61761.25,"(9, 42)",taxation,6,0.25,False,True,False
114,97-2,52092.75,"(46, 28)",taxation,6,0.25,False,True,False
114,232-2,39236.25,"(12, 11)",taxation,6,0.25,False,True,False
114,116-2,71405.5,"(42, 23)",taxation,6,0.25,False,True,False
114,37-2,68183.75,"(39, 13)",taxation,6,0.25,False,True,False
114,7-2,48930.5,"(44, 30)",taxation,6,0.25,False,True,False
114,26-2,52129.75,"(0, 45)",taxation,6,0.25,False,True,False
114,117-2,58550.5,"(41, 33)",taxation,6,0.25,False,True,False
114,82-2,68186.5,"(27, 27)",taxation,6,0.25,False,True,False
114,88-2,64972.0,"(40, 33)",taxation,6,0.25,False,True,False
114,59-2,58532.25,"(2, 44)",taxation,6,0.25,False,True,False
114,52-2,48898.25,"(45, 10)",taxation,6,0.25,False,True,False
114,194-2,58562.5,"(21, 48)",taxation,6,0.25,False,True,False
114,72-2,74611.5,"(3, 47)",taxation,6,0.25,False,True,False
114,199-2,74588.0,"(11, 14)",taxation,6,0.25,False,True,False
114,43-2,64956.75,"(15, 10)",taxation,6,0.25,False,True,False
114,128-2,71396.0,"(20, 2)",taxation,6,0.25,False,True,False
114,84-2,64959.5,"(12, 10)",taxation,6,0.25,False,True,False
114,114-2,74606.75,"(44, 31)",taxation,6,0.25,False,True,False
114,223-2,45662.0,"(19, 12)",taxation,6,0.25,False,True,False
114,123-2,74620.75,"(39, 23)",taxation,6,0.25,False,True,False
114,215-2,71404.5,"(9, 45)",taxation,6,0.25,False,True,False
114,127-2,68176.0,"(0, 46)",taxation,6,0.25,False,True,False
114,24-2,52126.5,"(48, 18)",taxation,6,0.25,False,True,False
114,136-2,52096.5,"(16, 7)",taxation,6,0.25,False,True,False
114,65-2,74603.25,"(7, 40)",taxation,6,0.25,False,True,False
114,14-2,16748.5,"(10, 16)",taxation,6,0.25,False,True,False
114,185-2,64983.5,"(46, 31)",taxation,6,0.25,False,True,False
114,77-2,55312.5,"(16, 12)",taxation,6,0.25,False,True,False
114,36-2,48887.25,"(17, 11)",taxation,6,0.25,False,True,False
114,190-2,64952.75,"(43, 6)",taxation,6,0.25,False,True,False
114,46-2,45667.0,"(24, 13)",taxation,6,0.25,False,True,False
114,218-2,74641.5,"(4, 45)",taxation,6,0.25,False,True,False
114,220-2,71408.0,"(45, 22)",taxation,6,0.25,False,True,False
114,224-2,55295.75,"(43, 22)",taxation,6,0.25,False,True,False
114,129-2,61754.0,"(16, 37)",taxation,6,0.25,False,True,False
114,157-2,61734.25,"(40, 28)",taxation,6,0.25,False,True,False
114,195-2,29576.25,"(11, 46)",taxation,6,0.25,False,True,False
114,8-2,64963.0,"(19, 46)",taxation,6,0.25,False,True,False
114,119-2,64937.0,"(16, 38)",taxation,6,0.25,False,True,False
114,99-2,61732.25,"(10, 18)",taxation,6,0.25,False,True,False
114,135-2,64950.75,"(22, 3)",taxation,6,0.25,False,True,False
114,47-2,45678.75,"(15, 9)",taxation,6,0.25,False,True,False
114,79-2,61746.25,"(12, 17)",taxation,6,0.25,False,True,False
114,87-2,64932.5,"(9, 27)",taxation,6,0.25,False,True,False
114,15-2,58526.75,"(14, 8)",taxation,6,0.25,False,True,False
114,29-2,64956.25,"(11, 15)",taxation,6,0.25,False,True,False
114,178-2,71372.25,"(45, 4)",taxation,6,0.25,False,True,False
114,60-2,68163.25,"(18, 35)",taxation,6,0.25,False,True,False
114,192-2,58516.0,"(2, 48)",taxation,6,0.25,False,True,False
114,49-2,61736.5,"(49, 19)",taxation,6,0.25,False,True,False
114,81-2,61761.25,"(40, 30)",taxation,6,0.25,False,True,False
114,118-2,71374.5,"(10, 12)",taxation,6,0.25,False,True,False
114,34-2,58528.0,"(0, 48)",taxation,6,0.25,False,True,False
114,211-2,42444.75,"(3, 44)",taxation,6,0.25,False,True,False
114,177-2,64948.75,"(48, 15)",taxation,6,0.25,False,True,False
114,39-2,45656.5,"(9, 43)",taxation,6,0.25,False,True,False
114,245-2,71368.75,"(14, 44)",taxation,6,0.25,False,True,False
114,131-2,64945.0,"(44, 34)",taxation,6,0.25,False,True,False
114,213-2,64958.5,"(12, 16)",taxation,6,0.25,False,True,False
114,9-2,55312.25,"(46, 21)",taxation,6,0.25,False,True,False
114,171-2,64964.5,"(0, 44)",taxation,6,0.25,False,True,False
114,230-2,52104.0,"(3, 46)",taxation,6,0.25,False,True,False
114,217-2,39222.5,"(10, 14)",taxation,6,0.25,False,True,False
114,227-2,71362.5,"(46, 19)",taxation,6,0.25,False,True,False
114,244-2,74570.5,"(40, 22)",taxation,6,0.25,False,True,False
114,204-2,71378.5,"(8, 41)",taxation,6,0.25,False,True,False
114,105-2,58496.5,"(20, 1)",taxation,6,0.25,False,True,False
114,239-2,64921.5,"(49, 20)",taxation,6,0.25,False,True,False
114,243-2,61728.5,"(8, 46)",taxation,6,0.25,False,True,False
114,139-3,58501.6875,"(40, 25)",taxation,6,0.25,False,True,False
114,228-3,38413.25,"(44, 28)",taxation,6,0.25,False,True,False
114,197-2,52088.25,"(5, 40)",taxation,6,0.25,False,True,False
114,151-2,52062.25,"(4, 44)",taxation,6,0.25,False,True,False
114,191-2,74555.75,"(18, 38)",taxation,6,0.25,False,True,False
114,153-2,32762.0,"(13, 9)",taxation,6,0.25,False,True,False
114,159-2,52072.5,"(24, 14)",taxation,6,0.25,False,True,False
114,222-2,64942.5,"(11, 11)",taxation,6,0.25,False,True,False
114,200-2,61713.0,"(13, 38)",taxation,6,0.25,False,True,False
114,181-2,64913.250000000015,"(32, 17)",taxation,6,0.25,False,True,False
114,101-2,64960.75,"(3, 49)",taxation,6,0.25,False,True,False
114,35-2,64942.5,"(47, 17)",taxation,6,0.25,False,True,False
114,70-2,68162.0,"(14, 43)",taxation,6,0.25,False,True,False
114,238-2,64939.0,"(45, 3)",taxation,6,0.25,False,True,False
114,158-3,47220.75,"(8, 49)",taxation,6,0.25,False,True,False
114,20-2,61709.0,"(44, 9)",taxation,6,0.25,False,True,False
114,31-3,58469.625,"(8, 16)",taxation,6,0.25,False,True,False
114,179-3,42445.375,"(44, 23)",taxation,6,0.25,False,True,False
114,93-2,29565.0,"(9, 16)",taxation,6,0.25,False,True,False
114,3-2,39187.25,"(12, 14)",taxation,6,0.25,False,True,False
114,143-2,64908.75,"(46, 22)",taxation,6,0.25,False,True,False
114,219-3,56859.75,"(14, 38)",taxation,6,0.25,False,True,False
114,98-3,26386.75,"(0, 47)",taxation,6,0.25,False,True,False
114,138-2,68113.75,"(18, 13)",taxation,6,0.25,False,True,False
114,66-2,71347.75,"(8, 44)",taxation,6,0.25,False,True,False
114,210-2,77772.75,"(48, 22)",taxation,6,0.25,False,True,False
114,150-2,55263.25,"(42, 20)",taxation,6,0.25,False,True,False
114,44-2,42408.0,"(40, 13)",taxation,6,0.25,False,True,False
114,154-3,23113.75,"(41, 26)",taxation,6,0.25,False,True,False
114,126-2,64908.75,"(9, 14)",taxation,6,0.25,False,True,False
114,74-3,56871.0,"(44, 10)",taxation,6,0.25,False,True,False
114,28-3,44838.9375,"(2, 49)",taxation,6,0.25,False,True,False
114,146-3,19918.75,"(46, 30)",taxation,6,0.25,False,True,False
114,176-3,634.25,"(19, 43)",taxation,6,0.25,False,True,False
114,208-3,52051.9375,"(18, 11)",taxation,6,0.25,False,True,False
114,216-2,71329.0,"(46, 18)",taxation,6,0.25,False,True,False
114,187-3,26315.25,"(19, 9)",taxation,6,0.25,False,True,False
114,167-3,51253.3125,"(45, 28)",taxation,6,0.25,False,True,False
114,240-3,16670.75,"(41, 21)",taxation,6,0.25,False,True,False
114,140-3,650.75,"(16, 11)",taxation,6,0.25,False,True,False
114,149-3,44019.75,"(40, 12)",taxation,6,0.25,False,True,False
114,173-3,13500.75,"(30, 25)",taxation,6,0.25,False,True,False
114,246-3,48836.75,"(36, 23)",taxation,6,0.25,False,True,False
114,75-3,46434.75,"(14, 7)",taxation,6,0.25,False,True,False
114,12-2,61678.75,"(47, 22)",taxation,6,0.25,False,True,False
114,1-3,37587.1875,"(49, 21)",taxation,6,0.25,False,True,False
114,17-3,53637.375,"(38, 23)",taxation,6,0.25,False,True,False
114,67-2,48842.75,"(45, 21)",taxation,6,0.25,False,True,False
114,40-3,53676.75,"(12, 36)",taxation,6,0.25,False,True,False
114,23-3,52855.0,"(8, 47)",taxation,6,0.25,False,True,False
114,142-3,31951.8125,"(1, 48)",taxation,6,0.25,False,True,False
114,76-3,48845.562500000015,"(14, 42)",taxation,6,0.25,False,True,False
114,94-3,16690.5,"(38, 22)",taxation,6,0.25,False,True,False
114,241-3,46399.625,"(43, 17)",taxation,6,0.25,False,True,False
114,170-3,44833.3125,"(39, 25)",taxation,6,0.25,False,True,False
114,242-3,22312.9375,"(40, 19)",taxation,6,0.25,False,True,False
114,198-3,46420.625,"(43, 11)",taxation,6,0.25,False,True,False
114,10-3,51241.1875,"(5, 44)",taxation,6,0.25,False,True,False
114,172-3,53618.3125,"(21, 12)",taxation,6,0.25,False,True,False
114,189-3,44017.125,"(27, 25)",taxation,6,0.25,False,True,False
114,206-3,49634.4375,"(9, 48)",taxation,6,0.25,False,True,False
114,182-3,51219.1875,"(48, 28)",taxation,6,0.25,False,True,False
114,42-3,36803.625,"(6, 23)",taxation,6,0.25,False,True,False
114,148-3,39167.9375,"(39, 24)",taxation,6,0.25,False,True,False
114,0-3,34368.4375,"(11, 13)",taxation,6,0.25,False,True,False
114,212-3,51207.8125,"(35, 25)",taxation,6,0.25,False,True,False
114,225-3,51207.5625,"(44, 2)",taxation,6,0.25,False,True,False
114,6-3,56051.5,"(41, 19)",taxation,6,0.25,False,True,False
114,38-3,51238.125,"(20, 47)",taxation,6,0.25,False,True,False
114,54-3,48818.1875,"(9, 13)",taxation,6,0.25,False,True,False
114,63-3,46366.5625,"(20, 45)",taxation,6,0.25,False,True,False
114,144-3,48848.875,"(8, 18)",taxation,6,0.25,False,True,False
114,22-3,56027.75,"(37, 21)",taxation,6,0.25,False,True,False
114,162-3,51204.875,"(9, 44)",taxation,6,0.25,False,True,False
114,249-3,51245.75,"(13, 40)",taxation,6,0.25,False,True,False
114,180-3,48816.6875,"(1, 49)",taxation,6,0.25,False,True,False
114,83-3,53624.5625,"(20, 12)",taxation,6,0.25,False,True,False
114,133-3,43980.25,"(18, 10)",taxation,6,0.25,False,True,False
114,16-3,56039.125,"(15, 11)",taxation,6,0.25,False,True,False
114,51-3,51221.875,"(13, 39)",taxation,6,0.25,False,True,False
114,4-3,36734.6875,"(14, 40)",taxation,6,0.25,False,True,False
114,111-3,53609.6875,"(47, 19)",taxation,6,0.25,False,True,False
114,91-3,53617.0625,"(7, 15)",taxation,6,0.25,False,True,False
114,95-3,56042.875,"(17, 13)",taxation,6,0.25,False,True,False
114,106-3,46393.8125,"(40, 35)",taxation,6,0.25,False,True,False
114,56-3,48796.5625,"(16, 10)",taxation,6,0.25,False,True,False
114,71-3,53605.9375,"(45, 31)",taxation,6,0.25,False,True,False
114,226-3,48788.0625,"(31, 21)",taxation,6,0.25,False,True,False
114,205-3,24689.8125,"(14, 10)",taxation,6,0.25,False,True,False
114,165-3,58428.25,"(1, 46)",taxation,6,0.25,False,True,False
114,231-3,31896.8125,"(35, 16)",taxation,6,0.25,False,True,False
114,25-3,43964.25,"(9, 17)",taxation,6,0.25,False,True,False
114,137-3,43952.375,"(42, 19)",taxation,6,0.25,False,True,False
114,73-3,51209.6875,"(45, 36)",taxation,6,0.25,False,True,False
114,214-3,31888.25,"(9, 46)",taxation,6,0.25,False,True,False
114,21-3,46371.6875,"(12, 12)",taxation,6,0.25,False,True,False
114,201-3,34291.9375,"(44, 21)",taxation,6,0.25,False,True,False
114,169-3,39151.25,"(2, 41)",taxation,6,0.25,False,True,False
114,110-3,56018.75,"(40, 26)",taxation,6,0.25,False,True,False
114,183-3,34313.0625,"(14, 13)",taxation,6,0.25,False,True,False
114,125-3,53584.5,"(13, 49)",taxation,6,0.25,False,True,False
114,168-3,53628.875,"(45, 35)",taxation,6,0.25,False,True,False
114,156-3,36744.625,"(18, 5)",taxation,6,0.25,False,True,False
114,53-3,31896.6875,"(5, 41)",taxation,6,0.25,False,True,False
114,122-3,41557.6875,"(4, 47)",taxation,6,0.25,False,True,False
114,234-3,51164.125,"(10, 37)",taxation,6,0.25,False,True,False
114,134-3,48782.0,"(45, 23)",taxation,6,0.25,False,True,False
114,141-3,39134.375,"(44, 4)",taxation,6,0.25,False,True,False
114,145-3,51188.0,"(2, 42)",taxation,6,0.25,False,True,False
114,209-3,55986.625,"(31, 20)",taxation,6,0.25,False,True,False
114,247-3,43952.75,"(5, 46)",taxation,6,0.25,False,True,False
114,203-3,58404.6875,"(13, 37)",taxation,6,0.25,False,True,False
114,50-3,56002.125,"(13, 48)",taxation,6,0.25,False,True,False
114,45-3,51185.8125,"(10, 36)",taxation,6,0.25,False,True,False
114,78-3,46367.6875,"(45, 27)",taxation,6,0.25,False,True,False
114,147-3,48777.5625,"(45, 18)",taxation,6,0.25,False,True,False
114,193-3,43945.125,"(16, 1)",taxation,6,0.25,False,True,False
114,5-3,22226.625,"(2, 46)",taxation,6,0.25,False,True,False
114,175-3,41524.375,"(17, 12)",taxation,6,0.25,False,True,False
114,196-3,34319.0,"(3, 48)",taxation,6,0.25,False,True,False
114,112-3,53599.625,"(7, 22)",taxation,6,0.25,False,True,False
114,113-3,51175.0625,"(0, 49)",taxation,6,0.25,False,True,False
114,55-3,53574.9375,"(30, 20)",taxation,6,0.25,False,True,False
114,33-3,39111.9375,"(1, 41)",taxation,6,0.25,False,True,False
114,68-3,41539.3125,"(31, 18)",taxation,6,0.25,False,True,False
114,161-3,41542.5,"(4, 48)",taxation,6,0.25,False,True,False
114,100-3,48780.5625,"(49, 18)",taxation,6,0.25,False,True,False
114,155-3,51182.4375,"(2, 47)",taxation,6,0.25,False,True,False
114,41-3,53601.0,"(8, 15)",taxation,6,0.25,False,True,False
114,115-3,53582.3125,"(9, 35)",taxation,6,0.25,False,True,False
114,207-3,39089.8125,"(13, 10)",taxation,6,0.25,False,True,False
114,120-3,55969.5,"(45, 17)",taxation,6,0.25,False,True,False
114,11-3,39078.1875,"(44, 6)",taxation,6,0.25,False,True,False
115,186-2,61818.25,"(38, 33)",taxation,6,0.25,False,True,False
115,32-2,71443.75,"(18, 17)",taxation,6,0.25,False,True,False
115,85-2,58595.0,"(14, 46)",taxation,6,0.25,False,True,False
115,174-2,71446.5,"(12, 40)",taxation,6,0.25,False,True,False
115,19-2,68208.0,"(46, 16)",taxation,6,0.25,False,True,False
115,86-2,65010.0,"(44, 16)",taxation,6,0.25,False,True,False
115,164-2,68231.25,"(40, 16)",taxation,6,0.25,False,True,False
115,2-2,65020.75,"(48, 14)",taxation,6,0.25,False,True,False
115,202-2,74641.0,"(45, 19)",taxation,6,0.25,False,True,False
115,121-2,65026.0,"(45, 14)",taxation,6,0.25,False,True,False
115,163-2,77869.0,"(15, 46)",taxation,6,0.25,False,True,False
115,18-2,74659.75,"(11, 43)",taxation,6,0.25,False,True,False
115,132-2,71431.75,"(8, 38)",taxation,6,0.25,False,True,False
115,160-2,58571.0,"(3, 43)",taxation,6,0.25,False,True,False
115,221-2,61799.5,"(46, 15)",taxation,6,0.25,False,True,False
115,90-2,58606.5,"(12, 44)",taxation,6,0.25,False,True,False
115,64-2,64985.0,"(23, 15)",taxation,6,0.25,False,True,False
115,188-2,65015.5,"(3, 37)",taxation,6,0.25,False,True,False
115,92-2,71418.0,"(18, 39)",taxation,6,0.25,False,True,False
115,96-2,74648.5,"(39, 27)",taxation,6,0.25,False,True,False
115,107-2,71417.5,"(12, 33)",taxation,6,0.25,False,True,False
115,80-2,71422.5,"(17, 47)",taxation,6,0.25,False,True,False
115,237-2,52133.75,"(0, 39)",taxation,6,0.25,False,True,False
115,13-2,61797.25,"(15, 19)",taxation,6,0.25,False,True,False
115,104-2,61809.5,"(20, 15)",taxation,6,0.25,False,True,False
115,27-2,58557.75,"(26, 5)",taxation,6,0.25,False,True,False
115,248-2,64981.25,"(18, 14)",taxation,6,0.25,False,True,False
115,48-2,68184.0,"(5, 45)",taxation,6,0.25,False,True,False
115,57-2,58551.25,"(23, 9)",taxation,6,0.25,False,True,False
115,184-2,64964.25,"(16, 17)",taxation,6,0.25,False,True,False
115,30-2,74624.25,"(39, 35)",taxation,6,0.25,False,True,False
115,108-2,36042.25,"(12, 39)",taxation,6,0.25,False,True,False
115,166-2,61773.25,"(8, 42)",taxation,6,0.25,False,True,False
115,233-2,61787.25,"(18, 41)",taxation,6,0.25,False,True,False
115,69-2,71404.5,"(6, 48)",taxation,6,0.25,False,True,False
115,229-2,71466.25,"(9, 36)",taxation,6,0.25,False,True,False
115,236-2,64981.25,"(44, 13)",taxation,6,0.25,False,True,False
115,109-2,64994.5,"(42, 16)",taxation,6,0.25,False,True,False
115,235-2,64966.25,"(17, 36)",taxation,6,0.25,False,True,False
115,62-2,64989.5,"(37, 26)",taxation,6,0.25,False,True,False
115,89-2,68209.75,"(7, 47)",taxation,6,0.25,False,True,False
115,58-2,68168.5,"(39, 32)",taxation,6,0.25,False,True,False
115,61-2,77853.25,"(43, 28)",taxation,6,0.25,False,True,False
115,152-2,68213.25,"(17, 40)",taxation,6,0.25,False,True,False
115,124-2,61768.25,"(14, 39)",taxation,6,0.25,False,True,False
115,97-2,52094.75,"(44, 29)",taxation,6,0.25,False,True,False
115,232-2,39243.25,"(17, 17)",taxation,6,0.25,False,True,False
115,116-2,71413.5,"(37, 17)",taxation,6,0.25,False,True,False
115,37-2,68192.75,"(40, 14)",taxation,6,0.25,False,True,False
115,7-2,48933.5,"(39, 30)",taxation,6,0.25,False,True,False
115,26-2,52130.75,"(0, 43)",taxation,6,0.25,False,True,False
115,117-2,58556.5,"(36, 28)",taxation,6,0.25,False,True,False
115,82-2,68194.5,"(30, 23)",taxation,6,0.25,False,True,False
115,88-2,64977.0,"(34, 31)",taxation,6,0.25,False,True,False
115,59-2,58534.25,"(2, 38)",taxation,6,0.25,False,True,False
115,52-2,48907.25,"(45, 11)",taxation,6,0.25,False,True,False
115,194-2,58570.5,"(21, 49)",taxation,6,0.25,False,True,False
115,72-2,74613.5,"(6, 41)",taxation,6,0.25,False,True,False
115,199-2,74596.0,"(13, 14)",taxation,6,0.25,False,True,False
115,43-2,64963.75,"(14, 12)",taxation,6,0.25,False,True,False
115,128-2,71400.0,"(19, 7)",taxation,6,0.25,False,True,False
115,84-2,64966.5,"(9, 15)",taxation,6,0.25,False,True,False
115,114-2,74613.75,"(38, 25)",taxation,6,0.25,False,True,False
115,223-2,45669.0,"(23, 13)",taxation,6,0.25,False,True,False
115,123-2,74628.75,"(33, 22)",taxation,6,0.25,False,True,False
115,215-2,71411.5,"(15, 45)",taxation,6,0.25,False,True,False
115,127-2,68177.0,"(0, 42)",taxation,6,0.25,False,True,False
115,24-2,52135.5,"(48, 13)",taxation,6,0.25,False,True,False
115,136-2,52101.5,"(16, 13)",taxation,6,0.25,False,True,False
115,65-2,74607.25,"(7, 35)",taxation,6,0.25,False,True,False
115,14-2,16755.5,"(14, 20)",taxation,6,0.25,False,True,False
115,185-2,64985.5,"(43, 31)",taxation,6,0.25,False,True,False
115,77-2,55319.5,"(19, 14)",taxation,6,0.25,False,True,False
115,36-2,48894.25,"(20, 14)",taxation,6,0.25,False,True,False
115,190-2,64961.75,"(44, 12)",taxation,6,0.25,False,True,False
115,46-2,45675.0,"(25, 15)",taxation,6,0.25,False,True,False
115,218-2,74643.5,"(7, 41)",taxation,6,0.25,False,True,False
115,220-2,71416.0,"(42, 18)",taxation,6,0.25,False,True,False
115,224-2,55304.75,"(39, 17)",taxation,6,0.25,False,True,False
115,129-2,61762.0,"(17, 37)",taxation,6,0.25,False,True,False
115,157-2,61741.25,"(34, 22)",taxation,6,0.25,False,True,False
115,195-2,29584.25,"(13, 45)",taxation,6,0.25,False,True,False
115,8-2,64971.0,"(17, 46)",taxation,6,0.25,False,True,False
115,119-2,64944.0,"(19, 40)",taxation,6,0.25,False,True,False
115,99-2,61740.25,"(13, 16)",taxation,6,0.25,False,True,False
115,135-2,64955.75,"(23, 8)",taxation,6,0.25,False,True,False
115,47-2,45685.75,"(15, 12)",taxation,6,0.25,False,True,False
115,79-2,61754.25,"(13, 17)",taxation,6,0.25,False,True,False
115,87-2,64939.5,"(10, 28)",taxation,6,0.25,False,True,False
115,15-2,58531.75,"(15, 13)",taxation,6,0.25,False,True,False
115,29-2,64963.25,"(15, 17)",taxation,6,0.25,False,True,False
115,178-2,71380.25,"(46, 5)",taxation,6,0.25,False,True,False
115,60-2,68170.25,"(17, 34)",taxation,6,0.25,False,True,False
115,192-2,58517.0,"(2, 45)",taxation,6,0.25,False,True,False
115,49-2,61745.5,"(49, 15)",taxation,6,0.25,False,True,False
115,81-2,61767.25,"(36, 26)",taxation,6,0.25,False,True,False
115,118-2,71381.5,"(16, 15)",taxation,6,0.25,False,True,False
115,34-2,58529.0,"(2, 43)",taxation,6,0.25,False,True,False
115,211-2,42447.75,"(9, 38)",taxation,6,0.25,False,True,False
115,177-2,64957.75,"(49, 13)",taxation,6,0.25,False,True,False
115,39-2,45659.5,"(12, 43)",taxation,6,0.25,False,True,False
115,245-2,71376.75,"(15, 44)",taxation,6,0.25,False,True,False
115,131-2,64948.0,"(39, 34)",taxation,6,0.25,False,True,False
115,213-2,64965.5,"(15, 18)",taxation,6,0.25,False,True,False
115,9-2,55321.25,"(41, 15)",taxation,6,0.25,False,True,False
115,171-2,64966.5,"(2, 39)",taxation,6,0.25,False,True,False
115,230-2,52105.0,"(5, 43)",taxation,6,0.25,False,True,False
115,217-2,39230.5,"(12, 13)",taxation,6,0.25,False,True,False
115,227-2,71371.5,"(46, 13)",taxation,6,0.25,False,True,False
115,244-2,74578.5,"(38, 18)",taxation,6,0.25,False,True,False
115,204-2,71386.5,"(13, 43)",taxation,6,0.25,False,True,False
115,105-2,58500.5,"(25, 2)",taxation,6,0.25,False,True,False
115,239-2,64928.5,"(47, 14)",taxation,6,0.25,False,True,False
115,243-2,61736.5,"(12, 47)",taxation,6,0.25,False,True,False
115,139-3,58510.6875,"(39, 19)",taxation,6,0.25,False,True,False
115,228-3,38418.25,"(38, 24)",taxation,6,0.25,False,True,False
115,197-2,52095.25,"(10, 35)",taxation,6,0.25,False,True,False
115,151-2,52065.25,"(6, 39)",taxation,6,0.25,False,True,False
115,191-2,74562.75,"(19, 41)",taxation,6,0.25,False,True,False
115,153-2,32767.0,"(12, 15)",taxation,6,0.25,False,True,False
115,159-2,52080.5,"(26, 15)",taxation,6,0.25,False,True,False
115,222-2,64950.5,"(13, 13)",taxation,6,0.25,False,True,False
115,200-2,61720.0,"(13, 36)",taxation,6,0.25,False,True,False
115,181-2,64921.250000000015,"(30, 17)",taxation,6,0.25,False,True,False
115,101-2,64961.75,"(7, 48)",taxation,6,0.25,False,True,False
115,35-2,64951.5,"(47, 13)",taxation,6,0.25,False,True,False
115,70-2,68169.0,"(18, 45)",taxation,6,0.25,False,True,False
115,238-2,64947.0,"(46, 4)",taxation,6,0.25,False,True,False
115,158-3,47229.75,"(7, 49)",taxation,6,0.25,False,True,False
115,20-2,61718.0,"(45, 12)",taxation,6,0.25,False,True,False
115,31-3,58476.625,"(12, 18)",taxation,6,0.25,False,True,False
115,179-3,42452.375,"(38, 20)",taxation,6,0.25,False,True,False
115,93-2,29572.0,"(13, 19)",taxation,6,0.25,False,True,False
115,3-2,39195.25,"(14, 16)",taxation,6,0.25,False,True,False
115,143-2,64918.75,"(47, 16)",taxation,6,0.25,False,True,False
115,219-3,56867.75,"(16, 36)",taxation,6,0.25,False,True,False
115,98-3,26395.75,"(5, 47)",taxation,6,0.25,False,True,False
115,138-2,68121.75,"(15, 15)",taxation,6,0.25,False,True,False
115,66-2,71355.75,"(12, 42)",taxation,6,0.25,False,True,False
115,210-2,77781.75,"(49, 16)",taxation,6,0.25,False,True,False
115,150-2,55272.25,"(42, 14)",taxation,6,0.25,False,True,False
115,44-2,42417.0,"(42, 13)",taxation,6,0.25,False,True,False
115,154-3,23120.75,"(37, 25)",taxation,6,0.25,False,True,False
115,126-2,64915.75,"(14, 18)",taxation,6,0.25,False,True,False
115,74-3,56880.0,"(44, 11)",taxation,6,0.25,False,True,False
115,28-3,44839.9375,"(6, 45)",taxation,6,0.25,False,True,False
115,146-3,19921.75,"(40, 24)",taxation,6,0.25,False,True,False
115,176-3,641.25,"(18, 44)",taxation,6,0.25,False,True,False
115,208-3,52058.9375,"(22, 14)",taxation,6,0.25,False,True,False
115,216-2,71338.0,"(46, 14)",taxation,6,0.25,False,True,False
115,187-3,26322.25,"(22, 15)",taxation,6,0.25,False,True,False
115,167-3,51256.3125,"(39, 28)",taxation,6,0.25,False,True,False
115,240-3,16679.75,"(40, 17)",taxation,6,0.25,False,True,False
115,140-3,657.75,"(16, 14)",taxation,6,0.25,False,True,False
115,149-3,44028.75,"(41, 13)",taxation,6,0.25,False,True,False
115,173-3,13508.75,"(29, 22)",taxation,6,0.25,False,True,False
115,246-3,48845.75,"(38, 17)",taxation,6,0.25,False,True,False
115,75-3,46441.75,"(19, 13)",taxation,6,0.25,False,True,False
115,12-2,61686.75,"(41, 17)",taxation,6,0.25,False,True,False
115,1-3,37595.1875,"(47, 15)",taxation,6,0.25,False,True,False
115,17-3,53645.375,"(35, 19)",taxation,6,0.25,False,True,False
115,67-2,48851.75,"(45, 15)",taxation,6,0.25,False,True,False
115,40-3,53684.75,"(12, 35)",taxation,6,0.25,False,True,False
115,23-3,52864.0,"(6, 47)",taxation,6,0.25,False,True,False
115,142-3,31952.8125,"(1, 43)",taxation,6,0.25,False,True,False
115,76-3,48853.562500000015,"(13, 42)",taxation,6,0.25,False,True,False
115,94-3,16699.5,"(39, 18)",taxation,6,0.25,False,True,False
115,241-3,46408.625,"(41, 16)",taxation,6,0.25,False,True,False
115,170-3,44841.3125,"(35, 20)",taxation,6,0.25,False,True,False
115,242-3,22321.9375,"(40, 18)",taxation,6,0.25,False,True,False
115,198-3,46429.625,"(43, 12)",taxation,6,0.25,False,True,False
115,10-3,51243.1875,"(5, 39)",taxation,6,0.25,False,True,False
115,172-3,53626.3125,"(27, 16)",taxation,6,0.25,False,True,False
115,189-3,44025.125,"(28, 23)",taxation,6,0.25,False,True,False
115,206-3,49642.4375,"(12, 48)",taxation,6,0.25,False,True,False
115,182-3,51221.1875,"(43, 29)",taxation,6,0.25,False,True,False
115,42-3,36810.625,"(9, 28)",taxation,6,0.25,False,True,False
115,148-3,39175.9375,"(33, 21)",taxation,6,0.25,False,True,False
115,0-3,34375.4375,"(16, 18)",taxation,6,0.25,False,True,False
115,212-3,51216.8125,"(38, 19)",taxation,6,0.25,False,True,False
115,225-3,51215.5625,"(47, 4)",taxation,6,0.25,False,True,False
115,6-3,56060.5,"(40, 15)",taxation,6,0.25,False,True,False
115,38-3,51246.125,"(19, 48)",taxation,6,0.25,False,True,False
115,54-3,48826.1875,"(14, 14)",taxation,6,0.25,False,True,False
115,63-3,46374.5625,"(20, 48)",taxation,6,0.25,False,True,False
115,144-3,48855.875,"(13, 20)",taxation,6,0.25,False,True,False
115,22-3,56036.75,"(33, 17)",taxation,6,0.25,False,True,False
115,162-3,51208.875,"(12, 38)",taxation,6,0.25,False,True,False
115,249-3,51252.75,"(14, 36)",taxation,6,0.25,False,True,False
115,180-3,48825.6875,"(6, 49)",taxation,6,0.25,False,True,False
115,83-3,53631.5625,"(23, 14)",taxation,6,0.25,False,True,False
115,133-3,43988.25,"(14, 15)",taxation,6,0.25,False,True,False
115,16-3,56046.125,"(20, 16)",taxation,6,0.25,False,True,False
115,51-3,51228.875,"(15, 34)",taxation,6,0.25,False,True,False
115,4-3,36741.6875,"(20, 46)",taxation,6,0.25,False,True,False
115,111-3,53618.6875,"(49, 17)",taxation,6,0.25,False,True,False
115,91-3,53624.0625,"(8, 14)",taxation,6,0.25,False,True,False
115,95-3,56049.875,"(17, 15)",taxation,6,0.25,False,True,False
115,106-3,46398.8125,"(34, 32)",taxation,6,0.25,False,True,False
115,56-3,48803.5625,"(21, 16)",taxation,6,0.25,False,True,False
115,71-3,53608.9375,"(39, 31)",taxation,6,0.25,False,True,False
115,226-3,48797.0625,"(32, 18)",taxation,6,0.25,False,True,False
115,205-3,24696.8125,"(17, 14)",taxation,6,0.25,False,True,False
115,165-3,58430.25,"(2, 40)",taxation,6,0.25,False,True,False
115,231-3,31904.8125,"(36, 17)",taxation,6,0.25,False,True,False
115,25-3,43971.25,"(14, 19)",taxation,6,0.25,False,True,False
115,137-3,43962.375,"(46, 17)",taxation,6,0.25,False,True,False
115,73-3,51212.6875,"(39, 36)",taxation,6,0.25,False,True,False
115,214-3,31896.25,"(13, 44)",taxation,6,0.25,False,True,False
115,21-3,46378.6875,"(10, 13)",taxation,6,0.25,False,True,False
115,201-3,34301.9375,"(48, 16)",taxation,6,0.25,False,True,False
115,169-3,39155.25,"(8, 37)",taxation,6,0.25,False,True,False
115,110-3,56026.75,"(36, 20)",taxation,6,0.25,False,True,False
115,183-3,34320.0625,"(13, 15)",taxation,6,0.25,False,True,False
115,125-3,53592.5,"(14, 45)",taxation,6,0.25,False,True,False
115,168-3,53631.875,"(39, 33)",taxation,6,0.25,False,True,False
115,156-3,36749.625,"(22, 9)",taxation,6,0.25,False,True,False
115,53-3,31904.6875,"(11, 45)",taxation,6,0.25,False,True,False
115,122-3,41558.6875,"(6, 46)",taxation,6,0.25,False,True,False
115,234-3,51172.125,"(11, 35)",taxation,6,0.25,False,True,False
115,134-3,48788.0,"(43, 18)",taxation,6,0.25,False,True,False
115,141-3,39142.375,"(45, 5)",taxation,6,0.25,False,True,False
115,145-3,51191.0,"(4, 37)",taxation,6,0.25,False,True,False
115,209-3,55995.625,"(33, 18)",taxation,6,0.25,False,True,False
115,247-3,43954.75,"(11, 44)",taxation,6,0.25,False,True,False
115,203-3,58412.6875,"(12, 37)",taxation,6,0.25,False,True,False
115,50-3,56009.125,"(18, 48)",taxation,6,0.25,False,True,False
115,45-3,51193.8125,"(13, 35)",taxation,6,0.25,False,True,False
115,78-3,46370.6875,"(39, 26)",taxation,6,0.25,False,True,False
115,147-3,48786.5625,"(43, 13)",taxation,6,0.25,False,True,False
115,193-3,43948.125,"(18, 7)",taxation,6,0.25,False,True,False
115,5-3,22229.625,"(8, 40)",taxation,6,0.25,False,True,False
115,175-3,41531.375,"(21, 15)",taxation,6,0.25,False,True,False
115,196-3,34320.0,"(3, 45)",taxation,6,0.25,False,True,False
115,112-3,53606.625,"(12, 20)",taxation,6,0.25,False,True,False
115,113-3,51176.0625,"(1, 44)",taxation,6,0.25,False,True,False
115,55-3,53582.9375,"(29, 21)",taxation,6,0.25,False,True,False
115,33-3,39115.9375,"(6, 35)",taxation,6,0.25,False,True,False
115,68-3,41547.3125,"(30, 18)",taxation,6,0.25,False,True,False
115,161-3,41551.5,"(5, 48)",taxation,6,0.25,False,True,False
115,100-3,48789.5625,"(49, 14)",taxation,6,0.25,False,True,False
115,155-3,51183.4375,"(4, 43)",taxation,6,0.25,False,True,False
115,41-3,53608.0,"(12, 19)",taxation,6,0.25,False,True,False
115,115-3,53589.3125,"(11, 32)",taxation,6,0.25,False,True,False
115,207-3,39096.8125,"(13, 12)",taxation,6,0.25,False,True,False
115,120-3,55978.5,"(45, 13)",taxation,6,0.25,False,True,False
115,11-3,39087.1875,"(46, 11)",taxation,6,0.25,False,True,False
115,102-3,34291.125,"(36, 18)",taxation,6,0.25,False,True,False
115,130-3,53563.125,"(11, 12)",taxation,6,0.25,False,True,False
115,103-3,48745.875,"(44, 15)",taxation,6,0.25,False,True,False
116,186-2,61825.25,"(32, 30)",taxation,6,0.25,False,True,False
116,32-2,71451.75,"(22, 19)",taxation,6,0.25,False,True,False
116,85-2,58599.0,"(18, 49)",taxation,6,0.25,False,True,False
116,174-2,71453.5,"(18, 36)",taxation,6,0.25,False,True,False
116,19-2,68217.0,"(49, 12)",taxation,6,0.25,False,True,False
116,86-2,65018.0,"(43, 16)",taxation,6,0.25,False,True,False
116,2-2,65029.75,"(49, 9)",taxation,6,0.25,False,True,False
116,121-2,65036.0,"(47, 12)",taxation,6,0.25,False,True,False
116,163-2,77876.0,"(18, 47)",taxation,6,0.25,False,True,False
116,18-2,74666.75,"(17, 42)",taxation,6,0.25,False,True,False
116,132-2,71439.75,"(12, 32)",taxation,6,0.25,False,True,False
116,160-2,58574.0,"(3, 38)",taxation,6,0.25,False,True,False
116,221-2,61808.5,"(48, 11)",taxation,6,0.25,False,True,False
116,90-2,58610.5,"(17, 45)",taxation,6,0.25,False,True,False
116,64-2,64993.0,"(23, 17)",taxation,6,0.25,False,True,False
116,188-2,65020.5,"(7, 32)",taxation,6,0.25,False,True,False
116,92-2,71426.0,"(23, 38)",taxation,6,0.25,False,True,False
116,96-2,74653.5,"(36, 27)",taxation,6,0.25,False,True,False
116,107-2,71424.5,"(12, 31)",taxation,6,0.25,False,True,False
116,80-2,71430.5,"(23, 42)",taxation,6,0.25,False,True,False
116,237-2,52137.75,"(2, 35)",taxation,6,0.25,False,True,False
116,13-2,61804.25,"(15, 21)",taxation,6,0.25,False,True,False
116,104-2,61817.5,"(24, 20)",taxation,6,0.25,False,True,False
116,27-2,58563.75,"(29, 9)",taxation,6,0.25,False,True,False
116,248-2,64989.25,"(21, 18)",taxation,6,0.25,False,True,False
116,48-2,68187.0,"(11, 42)",taxation,6,0.25,False,True,False
116,57-2,58558.25,"(26, 14)",taxation,6,0.25,False,True,False
116,184-2,64972.25,"(22, 21)",taxation,6,0.25,False,True,False
116,30-2,74629.25,"(34, 35)",taxation,6,0.25,False,True,False
116,108-2,36050.25,"(18, 33)",taxation,6,0.25,False,True,False
116,166-2,61778.25,"(11, 36)",taxation,6,0.25,False,True,False
116,233-2,61795.25,"(23, 41)",taxation,6,0.25,False,True,False
116,69-2,71406.5,"(7, 45)",taxation,6,0.25,False,True,False
116,229-2,71474.25,"(9, 30)",taxation,6,0.25,False,True,False
116,236-2,64990.25,"(44, 7)",taxation,6,0.25,False,True,False
116,109-2,65002.5,"(43, 15)",taxation,6,0.25,False,True,False
116,235-2,64974.25,"(19, 32)",taxation,6,0.25,False,True,False
116,62-2,64995.5,"(32, 25)",taxation,6,0.25,False,True,False
116,89-2,68212.75,"(13, 47)",taxation,6,0.25,False,True,False
116,58-2,68174.5,"(35, 27)",taxation,6,0.25,False,True,False
116,61-2,77858.25,"(37, 27)",taxation,6,0.25,False,True,False
116,152-2,68221.25,"(23, 40)",taxation,6,0.25,False,True,False
116,124-2,61775.25,"(18, 34)",taxation,6,0.25,False,True,False
116,97-2,52098.75,"(39, 29)",taxation,6,0.25,False,True,False
116,232-2,39251.25,"(23, 19)",taxation,6,0.25,False,True,False
116,116-2,71421.5,"(34, 13)",taxation,6,0.25,False,True,False
116,37-2,68201.75,"(41, 9)",taxation,6,0.25,False,True,False
116,7-2,48939.5,"(34, 27)",taxation,6,0.25,False,True,False
116,26-2,52134.75,"(6, 37)",taxation,6,0.25,False,True,False
116,117-2,58564.5,"(33, 23)",taxation,6,0.25,False,True,False
116,82-2,68202.5,"(28, 20)",taxation,6,0.25,False,True,False
116,88-2,64984.0,"(30, 30)",taxation,6,0.25,False,True,False
116,59-2,58539.25,"(5, 32)",taxation,6,0.25,False,True,False
116,52-2,48916.25,"(45, 7)",taxation,6,0.25,False,True,False
116,194-2,58578.5,"(23, 49)",taxation,6,0.25,False,True,False
116,72-2,74617.5,"(11, 37)",taxation,6,0.25,False,True,False
116,199-2,74603.0,"(19, 18)",taxation,6,0.25,False,True,False
116,43-2,64969.75,"(15, 16)",taxation,6,0.25,False,True,False
116,128-2,71407.0,"(25, 11)",taxation,6,0.25,False,True,False
116,84-2,64973.5,"(10, 20)",taxation,6,0.25,False,True,False
116,114-2,74620.75,"(38, 21)",taxation,6,0.25,False,True,False
116,223-2,45678.0,"(29, 17)",taxation,6,0.25,False,True,False
116,123-2,74635.75,"(28, 21)",taxation,6,0.25,False,True,False
116,215-2,71417.5,"(19, 47)",taxation,6,0.25,False,True,False
116,127-2,68180.0,"(0, 37)",taxation,6,0.25,False,True,False
116,24-2,52144.5,"(49, 11)",taxation,6,0.25,False,True,False
116,136-2,52109.5,"(22, 16)",taxation,6,0.25,False,True,False
116,65-2,74614.25,"(11, 31)",taxation,6,0.25,False,True,False
116,14-2,16762.5,"(14, 21)",taxation,6,0.25,False,True,False
116,185-2,64989.5,"(38, 31)",taxation,6,0.25,False,True,False
116,77-2,55327.5,"(23, 18)",taxation,6,0.25,False,True,False
116,36-2,48902.25,"(22, 17)",taxation,6,0.25,False,True,False
116,190-2,64970.75,"(48, 8)",taxation,6,0.25,False,True,False
116,46-2,45683.0,"(26, 18)",taxation,6,0.25,False,True,False
116,218-2,74647.5,"(6, 36)",taxation,6,0.25,False,True,False
116,220-2,71423.0,"(39, 12)",taxation,6,0.25,False,True,False
116,224-2,55311.75,"(36, 12)",taxation,6,0.25,False,True,False
116,129-2,61770.0,"(17, 32)",taxation,6,0.25,False,True,False
116,157-2,61749.25,"(29, 20)",taxation,6,0.25,False,True,False
116,195-2,29588.25,"(17, 41)",taxation,6,0.25,False,True,False
116,8-2,64979.0,"(23, 43)",taxation,6,0.25,False,True,False
116,119-2,64952.0,"(22, 34)",taxation,6,0.25,False,True,False
116,99-2,61747.25,"(17, 16)",taxation,6,0.25,False,True,False
116,135-2,64962.75,"(25, 14)",taxation,6,0.25,False,True,False
116,47-2,45691.75,"(13, 18)",taxation,6,0.25,False,True,False
116,79-2,61761.25,"(17, 18)",taxation,6,0.25,False,True,False
116,87-2,64946.5,"(10, 30)",taxation,6,0.25,False,True,False
116,15-2,58539.75,"(21, 17)",taxation,6,0.25,False,True,False
116,29-2,64971.25,"(20, 20)",taxation,6,0.25,False,True,False
116,178-2,71389.25,"(45, 6)",taxation,6,0.25,False,True,False
116,60-2,68178.25,"(18, 32)",taxation,6,0.25,False,True,False
116,192-2,58520.0,"(8, 39)",taxation,6,0.25,False,True,False
116,49-2,61751.5,"(45, 9)",taxation,6,0.25,False,True,False
116,81-2,61775.25,"(34, 21)",taxation,6,0.25,False,True,False
116,118-2,71389.5,"(19, 17)",taxation,6,0.25,False,True,False
116,34-2,58532.0,"(5, 38)",taxation,6,0.25,False,True,False
116,211-2,42454.75,"(14, 32)",taxation,6,0.25,False,True,False
116,177-2,64966.75,"(49, 8)",taxation,6,0.25,False,True,False
116,39-2,45666.5,"(18, 37)",taxation,6,0.25,False,True,False
116,245-2,71381.75,"(20, 49)",taxation,6,0.25,False,True,False
116,131-2,64953.0,"(35, 33)",taxation,6,0.25,False,True,False
116,213-2,64973.5,"(21, 20)",taxation,6,0.25,False,True,False
116,9-2,55329.25,"(43, 10)",taxation,6,0.25,False,True,False
116,171-2,64970.5,"(4, 35)",taxation,6,0.25,False,True,False
116,230-2,52109.0,"(7, 37)",taxation,6,0.25,False,True,False
116,217-2,39238.5,"(18, 19)",taxation,6,0.25,False,True,False
116,227-2,71381.5,"(47, 11)",taxation,6,0.25,False,True,False
116,244-2,74586.5,"(38, 12)",taxation,6,0.25,False,True,False
116,204-2,71390.5,"(16, 39)",taxation,6,0.25,False,True,False
116,105-2,58505.5,"(27, 3)",taxation,6,0.25,False,True,False
116,239-2,64937.5,"(48, 9)",taxation,6,0.25,False,True,False
116,243-2,61740.5,"(17, 48)",taxation,6,0.25,False,True,False
116,139-3,58518.6875,"(33, 13)",taxation,6,0.25,False,True,False
116,228-3,38424.25,"(32, 23)",taxation,6,0.25,False,True,False
116,197-2,52103.25,"(10, 31)",taxation,6,0.25,False,True,False
116,151-2,52070.25,"(7, 34)",taxation,6,0.25,False,True,False
116,191-2,74570.75,"(22, 43)",taxation,6,0.25,False,True,False
116,153-2,32775.0,"(15, 20)",taxation,6,0.25,False,True,False
116,159-2,52088.5,"(25, 16)",taxation,6,0.25,False,True,False
116,222-2,64958.5,"(16, 19)",taxation,6,0.25,False,True,False
116,200-2,61728.0,"(13, 32)",taxation,6,0.25,False,True,False
116,181-2,64929.250000000015,"(28, 18)",taxation,6,0.25,False,True,False
116,101-2,64964.75,"(12, 49)",taxation,6,0.25,False,True,False
116,35-2,64960.5,"(47, 8)",taxation,6,0.25,False,True,False
116,70-2,68177.0,"(24, 44)",taxation,6,0.25,False,True,False
116,238-2,64956.0,"(46, 6)",taxation,6,0.25,False,True,False
116,158-3,47232.75,"(13, 46)",taxation,6,0.25,False,True,False
116,20-2,61728.0,"(46, 12)",taxation,6,0.25,False,True,False
116,31-3,58483.625,"(12, 21)",taxation,6,0.25,False,True,False
116,179-3,42460.375,"(32, 14)",taxation,6,0.25,False,True,False
116,93-2,29580.0,"(19, 20)",taxation,6,0.25,False,True,False
116,3-2,39203.25,"(17, 19)",taxation,6,0.25,False,True,False
116,143-2,64924.75,"(42, 11)",taxation,6,0.25,False,True,False
116,219-3,56875.75,"(16, 32)",taxation,6,0.25,False,True,False
116,98-3,26397.75,"(7, 44)",taxation,6,0.25,False,True,False
116,138-2,68128.75,"(18, 16)",taxation,6,0.25,False,True,False
116,66-2,71362.75,"(18, 46)",taxation,6,0.25,False,True,False
116,210-2,77784.75,"(46, 20)",taxation,6,0.25,False,True,False
116,150-2,55281.25,"(39, 15)",taxation,6,0.25,False,True,False
116,44-2,42427.0,"(48, 12)",taxation,6,0.25,False,True,False
116,154-3,23128.75,"(31, 23)",taxation,6,0.25,False,True,False
116,126-2,64922.75,"(16, 20)",taxation,6,0.25,False,True,False
116,74-3,56889.0,"(46, 7)",taxation,6,0.25,False,True,False
116,28-3,44842.9375,"(11, 41)",taxation,6,0.25,False,True,False
116,146-3,19927.75,"(34, 26)",taxation,6,0.25,False,True,False
116,176-3,649.25,"(22, 44)",taxation,6,0.25,False,True,False
116,208-3,52067.9375,"(28, 17)",taxation,6,0.25,False,True,False
116,216-2,71347.0,"(48, 10)",taxation,6,0.25,False,True,False
116,187-3,26331.25,"(28, 19)",taxation,6,0.25,False,True,False
116,167-3,51263.3125,"(34, 24)",taxation,6,0.25,False,True,False
116,240-3,16687.75,"(35, 12)",taxation,6,0.25,False,True,False
116,140-3,665.75,"(22, 20)",taxation,6,0.25,False,True,False
116,149-3,44037.75,"(38, 15)",taxation,6,0.25,False,True,False
116,173-3,13516.75,"(30, 21)",taxation,6,0.25,False,True,False
116,246-3,48852.75,"(32, 13)",taxation,6,0.25,False,True,False
116,75-3,46449.75,"(20, 17)",taxation,6,0.25,False,True,False
116,12-2,61695.75,"(37, 16)",taxation,6,0.25,False,True,False
116,1-3,37603.1875,"(46, 9)",taxation,6,0.25,False,True,False
116,17-3,53653.375,"(33, 14)",taxation,6,0.25,False,True,False
116,67-2,48860.75,"(47, 9)",taxation,6,0.25,False,True,False
116,40-3,53692.75,"(14, 31)",taxation,6,0.25,False,True,False
116,23-3,52867.0,"(12, 46)",taxation,6,0.25,False,True,False
116,142-3,31955.8125,"(0, 38)",taxation,6,0.25,False,True,False
116,76-3,48859.562500000015,"(15, 36)",taxation,6,0.25,False,True,False
116,94-3,16708.5,"(37, 14)",taxation,6,0.25,False,True,False
116,241-3,46415.625,"(38, 11)",taxation,6,0.25,False,True,False
116,170-3,44850.3125,"(32, 21)",taxation,6,0.25,False,True,False
116,242-3,22330.9375,"(36, 14)",taxation,6,0.25,False,True,False
116,198-3,46438.625,"(46, 10)",taxation,6,0.25,False,True,False
116,10-3,51248.1875,"(5, 33)",taxation,6,0.25,False,True,False
116,172-3,53634.3125,"(26, 17)",taxation,6,0.25,False,True,False
116,189-3,44033.125,"(26, 22)",taxation,6,0.25,False,True,False
116,206-3,49646.4375,"(17, 49)",taxation,6,0.25,False,True,False
116,182-3,51226.1875,"(37, 29)",taxation,6,0.25,False,True,False
116,42-3,36818.625,"(9, 29)",taxation,6,0.25,False,True,False
116,148-3,39183.9375,"(27, 18)",taxation,6,0.25,False,True,False
116,0-3,34383.4375,"(21, 19)",taxation,6,0.25,False,True,False
116,212-3,51225.8125,"(38, 16)",taxation,6,0.25,False,True,False
116,225-3,51224.5625,"(48, 5)",taxation,6,0.25,False,True,False
116,6-3,56070.5,"(42, 12)",taxation,6,0.25,False,True,False
116,38-3,51254.125,"(24, 48)",taxation,6,0.25,False,True,False
116,54-3,48833.1875,"(18, 18)",taxation,6,0.25,False,True,False
116,63-3,46382.5625,"(24, 47)",taxation,6,0.25,False,True,False
116,144-3,48862.875,"(13, 21)",taxation,6,0.25,False,True,False
116,22-3,56044.75,"(33, 16)",taxation,6,0.25,False,True,False
116,162-3,51214.875,"(14, 35)",taxation,6,0.25,False,True,False
116,249-3,51260.75,"(20, 32)",taxation,6,0.25,False,True,False
116,180-3,48827.6875,"(9, 49)",taxation,6,0.25,False,True,False
116,83-3,53639.5625,"(23, 16)",taxation,6,0.25,False,True,False
116,133-3,43996.25,"(20, 18)",taxation,6,0.25,False,True,False
116,16-3,56054.125,"(22, 18)",taxation,6,0.25,False,True,False
116,51-3,51236.875,"(15, 33)",taxation,6,0.25,False,True,False
116,4-3,36749.6875,"(25, 46)",taxation,6,0.25,False,True,False
116,111-3,53622.6875,"(43, 19)",taxation,6,0.25,False,True,False
116,91-3,53630.0625,"(11, 17)",taxation,6,0.25,False,True,False
116,95-3,56057.875,"(20, 19)",taxation,6,0.25,False,True,False
116,106-3,46405.8125,"(28, 34)",taxation,6,0.25,False,True,False
116,56-3,48812.5625,"(27, 19)",taxation,6,0.25,False,True,False
116,71-3,53615.9375,"(34, 25)",taxation,6,0.25,False,True,False
116,226-3,48806.0625,"(29, 18)",taxation,6,0.25,False,True,False
116,205-3,24704.8125,"(23, 20)",taxation,6,0.25,False,True,False
116,165-3,58434.25,"(4, 36)",taxation,6,0.25,False,True,False
116,231-3,31913.8125,"(35, 18)",taxation,6,0.25,False,True,False
116,25-3,43978.25,"(16, 21)",taxation,6,0.25,False,True,False
116,137-3,43970.375,"(44, 14)",taxation,6,0.25,False,True,False
116,73-3,51217.6875,"(34, 36)",taxation,6,0.25,False,True,False
116,214-3,31902.25,"(19, 49)",taxation,6,0.25,False,True,False
116,21-3,46385.6875,"(10, 19)",taxation,6,0.25,False,True,False
116,201-3,34307.9375,"(42, 10)",taxation,6,0.25,False,True,False
116,169-3,39163.25,"(9, 31)",taxation,6,0.25,False,True,False
116,110-3,56034.75,"(32, 20)",taxation,6,0.25,False,True,False
116,183-3,34327.0625,"(17, 20)",taxation,6,0.25,False,True,False
116,125-3,53596.5,"(18, 43)",taxation,6,0.25,False,True,False
116,168-3,53637.875,"(34, 28)",taxation,6,0.25,False,True,False
116,156-3,36756.625,"(24, 15)",taxation,6,0.25,False,True,False
116,53-3,31908.6875,"(16, 44)",taxation,6,0.25,False,True,False
116,122-3,41561.6875,"(12, 45)",taxation,6,0.25,False,True,False
116,234-3,51180.125,"(15, 31)",taxation,6,0.25,False,True,False
116,134-3,48796.0,"(37, 19)",taxation,6,0.25,False,True,False
116,141-3,39151.375,"(47, 6)",taxation,6,0.25,False,True,False
116,145-3,51197.0,"(10, 32)",taxation,6,0.25,False,True,False
116,209-3,56004.625,"(34, 19)",taxation,6,0.25,False,True,False
116,247-3,43958.75,"(16, 48)",taxation,6,0.25,False,True,False
116,203-3,58420.6875,"(16, 31)",taxation,6,0.25,False,True,False
116,50-3,56017.125,"(23, 48)",taxation,6,0.25,False,True,False
116,45-3,51200.8125,"(13, 31)",taxation,6,0.25,False,True,False
116,78-3,46379.6875,"(33, 20)",taxation,6,0.25,False,True,False
116,147-3,48795.5625,"(44, 8)",taxation,6,0.25,False,True,False
116,193-3,43954.125,"(23, 10)",taxation,6,0.25,False,True,False
116,5-3,22235.625,"(14, 34)",taxation,6,0.25,False,True,False
116,175-3,41540.375,"(27, 21)",taxation,6,0.25,False,True,False
116,196-3,34322.0,"(4, 42)",taxation,6,0.25,False,True,False
116,112-3,53613.625,"(12, 22)",taxation,6,0.25,False,True,False
116,113-3,51179.0625,"(1, 38)",taxation,6,0.25,False,True,False
116,55-3,53591.9375,"(28, 22)",taxation,6,0.25,False,True,False
116,33-3,39121.9375,"(11, 30)",taxation,6,0.25,False,True,False
116,68-3,41555.3125,"(29, 19)",taxation,6,0.25,False,True,False
116,161-3,41553.5,"(7, 46)",taxation,6,0.25,False,True,False
116,100-3,48798.5625,"(49, 10)",taxation,6,0.25,False,True,False
116,155-3,51186.4375,"(4, 38)",taxation,6,0.25,False,True,False
116,41-3,53615.0,"(11, 21)",taxation,6,0.25,False,True,False
116,115-3,53597.3125,"(11, 28)",taxation,6,0.25,False,True,False
116,207-3,39103.8125,"(19, 16)",taxation,6,0.25,False,True,False
116,120-3,55987.5,"(47, 10)",taxation,6,0.25,False,True,False
116,11-3,39096.1875,"(46, 8)",taxation,6,0.25,False,True,False
116,102-3,34299.125,"(32, 16)",taxation,6,0.25,False,True,False
116,130-3,53570.125,"(16, 16)",taxation,6,0.25,False,True,False
116,103-3,48754.875,"(41, 14)",taxation,6,0.25,False,True,False
116,202-3,55987.5,"(39, 16)",taxation,6,0.25,False,True,False
116,164-3,51179.4375,"(36, 11)",taxation,6,0.25,False,True,False
117,32-2,71459.75,"(20, 23)",taxation,6,0.25,False,True,False
117,174-2,71461.5,"(23, 36)",taxation,6,0.25,False,True,False
117,19-2,68226.0,"(43, 7)",taxation,6,0.25,False,True,False
117,86-2,65025.0,"(38, 10)",taxation,6,0.25,False,True,False
117,121-2,65044.0,"(41, 7)",taxation,6,0.25,False,True,False
117,163-2,77882.0,"(23, 46)",taxation,6,0.25,False,True,False
117,18-2,74672.75,"(21, 38)",taxation,6,0.25,False,True,False
117,132-2,71447.75,"(17, 27)",taxation,6,0.25,False,True,False
117,160-2,58580.0,"(9, 34)",taxation,6,0.25,False,True,False
117,221-2,61816.5,"(44, 5)",taxation,6,0.25,False,True,False
117,90-2,58616.5,"(23, 45)",taxation,6,0.25,False,True,False
117,188-2,65028.5,"(11, 26)",taxation,6,0.25,False,True,False
117,92-2,71434.0,"(24, 36)",taxation,6,0.25,False,True,False
117,96-2,74660.5,"(30, 31)",taxation,6,0.25,False,True,False
117,107-2,71432.5,"(15, 26)",taxation,6,0.25,False,True,False
117,80-2,71439.5,"(26, 48)",taxation,6,0.25,False,True,False
117,237-2,52143.75,"(4, 30)",taxation,6,0.25,False,True,False
117,13-2,61812.25,"(15, 23)",taxation,6,0.25,False,True,False
117,104-2,61825.5,"(24, 23)",taxation,6,0.25,False,True,False
117,27-2,58570.75,"(30, 9)",taxation,6,0.25,False,True,False
117,248-2,64998.25,"(24, 22)",taxation,6,0.25,False,True,False
117,48-2,68192.0,"(17, 39)",taxation,6,0.25,False,True,False
117,57-2,58565.25,"(27, 13)",taxation,6,0.25,False,True,False
117,184-2,64980.25,"(22, 22)",taxation,6,0.25,False,True,False
117,30-2,74637.25,"(28, 38)",taxation,6,0.25,False,True,False
117,108-2,36058.25,"(19, 34)",taxation,6,0.25,False,True,False
117,166-2,61786.25,"(16, 30)",taxation,6,0.25,False,True,False
117,233-2,61803.25,"(24, 39)",taxation,6,0.25,False,True,False
117,69-2,71409.5,"(7, 43)",taxation,6,0.25,False,True,False
117,229-2,71482.25,"(13, 30)",taxation,6,0.25,False,True,False
117,236-2,64999.25,"(44, 3)",taxation,6,0.25,False,True,False
117,109-2,65009.5,"(40, 10)",taxation,6,0.25,False,True,False
117,235-2,64982.25,"(23, 33)",taxation,6,0.25,False,True,False
117,62-2,65002.5,"(29, 25)",taxation,6,0.25,False,True,False
117,89-2,68217.75,"(19, 45)",taxation,6,0.25,False,True,False
117,58-2,68181.5,"(29, 26)",taxation,6,0.25,False,True,False
117,61-2,77864.25,"(35, 28)",taxation,6,0.25,False,True,False
117,152-2,68229.25,"(26, 40)",taxation,6,0.25,False,True,False
117,124-2,61784.25,"(21, 33)",taxation,6,0.25,False,True,False
117,97-2,52104.75,"(36, 30)",taxation,6,0.25,False,True,False
117,232-2,39259.25,"(25, 17)",taxation,6,0.25,False,True,False
117,116-2,71429.5,"(31, 13)",taxation,6,0.25,False,True,False
117,37-2,68210.75,"(41, 5)",taxation,6,0.25,False,True,False
117,7-2,48947.5,"(29, 27)",taxation,6,0.25,False,True,False
117,26-2,52140.75,"(9, 32)",taxation,6,0.25,False,True,False
117,117-2,58571.5,"(29, 23)",taxation,6,0.25,False,True,False
117,82-2,68210.5,"(27, 20)",taxation,6,0.25,False,True,False
117,88-2,64993.0,"(26, 28)",taxation,6,0.25,False,True,False
117,59-2,58546.25,"(7, 27)",taxation,6,0.25,False,True,False
117,52-2,48925.25,"(43, 5)",taxation,6,0.25,False,True,False
117,194-2,58586.5,"(24, 49)",taxation,6,0.25,False,True,False
117,72-2,74624.5,"(15, 32)",taxation,6,0.25,False,True,False
117,199-2,74611.0,"(21, 22)",taxation,6,0.25,False,True,False
117,43-2,64977.75,"(19, 19)",taxation,6,0.25,False,True,False
117,128-2,71414.0,"(26, 11)",taxation,6,0.25,False,True,False
117,84-2,64981.5,"(9, 21)",taxation,6,0.25,False,True,False
117,114-2,74627.75,"(33, 15)",taxation,6,0.25,False,True,False
117,223-2,45686.0,"(26, 16)",taxation,6,0.25,False,True,False
117,123-2,74643.75,"(27, 22)",taxation,6,0.25,False,True,False
117,215-2,71424.5,"(25, 44)",taxation,6,0.25,False,True,False
117,127-2,68186.0,"(6, 31)",taxation,6,0.25,False,True,False
117,24-2,52148.5,"(43, 14)",taxation,6,0.25,False,True,False
117,136-2,52116.5,"(24, 16)",taxation,6,0.25,False,True,False
117,65-2,74622.25,"(13, 26)",taxation,6,0.25,False,True,False
117,14-2,16770.5,"(14, 24)",taxation,6,0.25,False,True,False
117,185-2,64995.5,"(35, 30)",taxation,6,0.25,False,True,False
117,77-2,55335.5,"(19, 24)",taxation,6,0.25,False,True,False
117,36-2,48910.25,"(16, 23)",taxation,6,0.25,False,True,False
117,190-2,64980.75,"(48, 7)",taxation,6,0.25,False,True,False
117,46-2,45691.0,"(22, 24)",taxation,6,0.25,False,True,False
117,218-2,74654.5,"(12, 30)",taxation,6,0.25,False,True,False
117,220-2,71431.0,"(40, 9)",taxation,6,0.25,False,True,False
117,224-2,55319.75,"(36, 7)",taxation,6,0.25,False,True,False
117,129-2,61779.0,"(22, 32)",taxation,6,0.25,False,True,False
117,157-2,61758.25,"(25, 25)",taxation,6,0.25,False,True,False
117,195-2,29596.25,"(21, 36)",taxation,6,0.25,False,True,False
117,8-2,64987.0,"(24, 45)",taxation,6,0.25,False,True,False
117,119-2,64961.0,"(23, 32)",taxation,6,0.25,False,True,False
117,99-2,61755.25,"(17, 22)",taxation,6,0.25,False,True,False
117,135-2,64971.75,"(25, 19)",taxation,6,0.25,False,True,False
117,47-2,45699.75,"(13, 23)",taxation,6,0.25,False,True,False
117,79-2,61769.25,"(18, 20)",taxation,6,0.25,False,True,False
117,87-2,64954.5,"(11, 24)",taxation,6,0.25,False,True,False
117,15-2,58547.75,"(24, 17)",taxation,6,0.25,False,True,False
117,29-2,64979.25,"(20, 22)",taxation,6,0.25,False,True,False
117,178-2,71398.25,"(45, 2)",taxation,6,0.25,False,True,False
117,60-2,68187.25,"(21, 32)",taxation,6,0.25,False,True,False
117,192-2,58526.0,"(11, 34)",taxation,6,0.25,False,True,False
117,49-2,61760.5,"(41, 4)",taxation,6,0.25,False,True,False
117,81-2,61782.25,"(31, 19)",taxation,6,0.25,False,True,False
117,118-2,71397.5,"(19, 23)",taxation,6,0.25,False,True,False
117,34-2,58538.0,"(10, 34)",taxation,6,0.25,False,True,False
117,211-2,42462.75,"(16, 26)",taxation,6,0.25,False,True,False
117,177-2,64976.75,"(49, 6)",taxation,6,0.25,False,True,False
117,39-2,45675.5,"(22, 33)",taxation,6,0.25,False,True,False
117,245-2,71388.75,"(25, 47)",taxation,6,0.25,False,True,False
117,131-2,64960.0,"(29, 33)",taxation,6,0.25,False,True,False
117,213-2,64981.5,"(21, 21)",taxation,6,0.25,False,True,False
117,9-2,55337.25,"(42, 7)",taxation,6,0.25,False,True,False
117,171-2,64976.5,"(7, 31)",taxation,6,0.25,False,True,False
117,230-2,52116.0,"(13, 33)",taxation,6,0.25,False,True,False
117,217-2,39246.5,"(18, 23)",taxation,6,0.25,False,True,False
117,227-2,71389.5,"(45, 8)",taxation,6,0.25,False,True,False
117,244-2,74594.5,"(39, 7)",taxation,6,0.25,False,True,False
117,204-2,71398.5,"(19, 35)",taxation,6,0.25,False,True,False
117,105-2,58512.5,"(33, 4)",taxation,6,0.25,False,True,False
117,239-2,64946.5,"(48, 3)",taxation,6,0.25,False,True,False
117,243-2,61746.5,"(22, 49)",taxation,6,0.25,False,True,False
117,139-3,58526.6875,"(37, 8)",taxation,6,0.25,False,True,False
117,228-3,38432.25,"(26, 29)",taxation,6,0.25,False,True,False
117,197-2,52111.25,"(13, 25)",taxation,6,0.25,False,True,False
117,151-2,52077.25,"(10, 29)",taxation,6,0.25,False,True,False
117,191-2,74578.75,"(26, 42)",taxation,6,0.25,False,True,False
117,153-2,32783.0,"(15, 22)",taxation,6,0.25,False,True,False
117,159-2,52095.5,"(27, 17)",taxation,6,0.25,False,True,False
117,222-2,64966.5,"(14, 22)",taxation,6,0.25,False,True,False
117,200-2,61736.0,"(15, 30)",taxation,6,0.25,False,True,False
117,181-2,64937.250000000015,"(26, 20)",taxation,6,0.25,False,True,False
117,101-2,64968.75,"(14, 48)",taxation,6,0.25,False,True,False
117,35-2,64970.5,"(49, 5)",taxation,6,0.25,False,True,False
117,70-2,68185.0,"(27, 44)",taxation,6,0.25,False,True,False
117,238-2,64965.0,"(46, 2)",taxation,6,0.25,False,True,False
117,158-3,47236.75,"(15, 48)",taxation,6,0.25,False,True,False
117,20-2,61736.0,"(40, 6)",taxation,6,0.25,False,True,False
117,31-3,58491.625,"(12, 23)",taxation,6,0.25,False,True,False
117,179-3,42468.375,"(28, 16)",taxation,6,0.25,False,True,False
117,93-2,29588.0,"(18, 21)",taxation,6,0.25,False,True,False
117,3-2,39211.25,"(17, 23)",taxation,6,0.25,False,True,False
117,143-2,64932.75,"(41, 8)",taxation,6,0.25,False,True,False
117,219-3,56883.75,"(17, 26)",taxation,6,0.25,False,True,False
117,98-3,26401.75,"(7, 38)",taxation,6,0.25,False,True,False
117,138-2,68135.75,"(19, 21)",taxation,6,0.25,False,True,False
117,66-2,71368.75,"(24, 46)",taxation,6,0.25,False,True,False
117,210-2,77789.75,"(42, 15)",taxation,6,0.25,False,True,False
117,150-2,55288.25,"(39, 11)",taxation,6,0.25,False,True,False
117,44-2,42431.0,"(42, 8)",taxation,6,0.25,False,True,False
117,154-3,23136.75,"(25, 27)",taxation,6,0.25,False,True,False
117,126-2,64930.75,"(17, 21)",taxation,6,0.25,False,True,False
117,74-3,56898.0,"(47, 5)",taxation,6,0.25,False,True,False
117,28-3,44849.9375,"(15, 35)",taxation,6,0.25,False,True,False
117,146-3,19934.75,"(30, 29)",taxation,6,0.25,False,True,False
117,176-3,657.25,"(25, 45)",taxation,6,0.25,False,True,False
117,208-3,52075.9375,"(26, 19)",taxation,6,0.25,False,True,False
117,216-2,71355.0,"(48, 4)",taxation,6,0.25,False,True,False
117,187-3,26339.25,"(24, 25)",taxation,6,0.25,False,True,False
117,167-3,51271.3125,"(28, 25)",taxation,6,0.25,False,True,False
117,240-3,16695.75,"(36, 8)",taxation,6,0.25,False,True,False
117,140-3,673.75,"(22, 23)",taxation,6,0.25,False,True,False
117,149-3,44044.75,"(37, 11)",taxation,6,0.25,False,True,False
117,173-3,13524.75,"(25, 23)",taxation,6,0.25,False,True,False
117,246-3,48860.75,"(30, 12)",taxation,6,0.25,False,True,False
117,75-3,46456.75,"(18, 22)",taxation,6,0.25,False,True,False
117,12-2,61702.75,"(34, 15)",taxation,6,0.25,False,True,False
117,1-3,37612.1875,"(46, 3)",taxation,6,0.25,False,True,False
117,17-3,53661.375,"(38, 9)",taxation,6,0.25,False,True,False
117,67-2,48869.75,"(41, 3)",taxation,6,0.25,False,True,False
117,40-3,53700.75,"(17, 31)",taxation,6,0.25,False,True,False
117,23-3,52872.0,"(18, 42)",taxation,6,0.25,False,True,False
117,142-3,31960.8125,"(3, 34)",taxation,6,0.25,False,True,False
117,76-3,48866.562500000015,"(14, 33)",taxation,6,0.25,False,True,False
117,94-3,16716.5,"(37, 9)",taxation,6,0.25,False,True,False
117,241-3,46423.625,"(37, 7)",taxation,6,0.25,False,True,False
117,170-3,44857.3125,"(30, 19)",taxation,6,0.25,False,True,False
117,242-3,22338.9375,"(37, 10)",taxation,6,0.25,False,True,False
117,198-3,46448.625,"(47, 7)",taxation,6,0.25,False,True,False
117,10-3,51255.1875,"(8, 28)",taxation,6,0.25,False,True,False
117,172-3,53643.3125,"(25, 22)",taxation,6,0.25,False,True,False
117,189-3,44042.125,"(26, 27)",taxation,6,0.25,False,True,False
117,206-3,49651.4375,"(22, 47)",taxation,6,0.25,False,True,False
117,182-3,51233.1875,"(31, 24)",taxation,6,0.25,False,True,False
117,42-3,36826.625,"(9, 25)",taxation,6,0.25,False,True,False
117,148-3,39191.9375,"(25, 18)",taxation,6,0.25,False,True,False
117,0-3,34391.4375,"(21, 23)",taxation,6,0.25,False,True,False
117,212-3,51232.8125,"(37, 12)",taxation,6,0.25,False,True,False
117,225-3,51233.5625,"(49, 3)",taxation,6,0.25,False,True,False
117,6-3,56078.5,"(40, 8)",taxation,6,0.25,False,True,False
117,38-3,51262.125,"(27, 46)",taxation,6,0.25,False,True,False
117,54-3,48841.1875,"(19, 22)",taxation,6,0.25,False,True,False
117,63-3,46390.5625,"(27, 47)",taxation,6,0.25,False,True,False
117,144-3,48870.875,"(13, 22)",taxation,6,0.25,False,True,False
117,22-3,56052.75,"(27, 14)",taxation,6,0.25,False,True,False
117,162-3,51221.875,"(19, 33)",taxation,6,0.25,False,True,False
117,249-3,51268.75,"(22, 31)",taxation,6,0.25,False,True,False
117,180-3,48831.6875,"(14, 49)",taxation,6,0.25,False,True,False
117,83-3,53648.5625,"(24, 21)",taxation,6,0.25,False,True,False
117,133-3,44004.25,"(24, 18)",taxation,6,0.25,False,True,False
117,16-3,56062.125,"(24, 19)",taxation,6,0.25,False,True,False
117,51-3,51244.875,"(18, 27)",taxation,6,0.25,False,True,False
117,4-3,36757.6875,"(25, 48)",taxation,6,0.25,False,True,False
117,111-3,53628.6875,"(42, 17)",taxation,6,0.25,False,True,False
117,91-3,53638.0625,"(10, 21)",taxation,6,0.25,False,True,False
117,95-3,56065.875,"(20, 24)",taxation,6,0.25,False,True,False
117,106-3,46414.8125,"(23, 34)",taxation,6,0.25,False,True,False
117,56-3,48821.5625,"(25, 21)",taxation,6,0.25,False,True,False
117,71-3,53623.9375,"(28, 27)",taxation,6,0.25,False,True,False
117,226-3,48814.0625,"(23, 24)",taxation,6,0.25,False,True,False
117,205-3,24712.8125,"(21, 24)",taxation,6,0.25,False,True,False
117,165-3,58440.25,"(6, 30)",taxation,6,0.25,False,True,False
117,231-3,31920.8125,"(35, 17)",taxation,6,0.25,False,True,False
117,25-3,43986.25,"(16, 22)",taxation,6,0.25,False,True,False
117,137-3,43978.375,"(42, 9)",taxation,6,0.25,False,True,False
117,73-3,51224.6875,"(30, 36)",taxation,6,0.25,False,True,False
117,214-3,31910.25,"(25, 49)",taxation,6,0.25,False,True,False
117,21-3,46393.6875,"(8, 21)",taxation,6,0.25,False,True,False
117,201-3,34316.9375,"(42, 5)",taxation,6,0.25,False,True,False
117,169-3,39171.25,"(12, 25)",taxation,6,0.25,False,True,False
117,110-3,56042.75,"(31, 16)",taxation,6,0.25,False,True,False
117,183-3,34336.0625,"(23, 21)",taxation,6,0.25,False,True,False
117,125-3,53602.5,"(23, 39)",taxation,6,0.25,False,True,False
117,168-3,53644.875,"(29, 28)",taxation,6,0.25,False,True,False
117,156-3,36763.625,"(26, 13)",taxation,6,0.25,False,True,False
117,53-3,31913.6875,"(22, 45)",taxation,6,0.25,False,True,False
117,122-3,41565.6875,"(16, 45)",taxation,6,0.25,False,True,False
117,234-3,51188.125,"(18, 26)",taxation,6,0.25,False,True,False
117,134-3,48802.0,"(35, 21)",taxation,6,0.25,False,True,False
117,141-3,39160.375,"(47, 3)",taxation,6,0.25,False,True,False
117,145-3,51205.0,"(14, 27)",taxation,6,0.25,False,True,False
117,209-3,56012.625,"(28, 24)",taxation,6,0.25,False,True,False
117,247-3,43964.75,"(22, 48)",taxation,6,0.25,False,True,False
117,203-3,58429.6875,"(21, 31)",taxation,6,0.25,False,True,False
117,50-3,56025.125,"(27, 48)",taxation,6,0.25,False,True,False
117,45-3,51208.8125,"(15, 27)",taxation,6,0.25,False,True,False
117,78-3,46387.6875,"(27, 23)",taxation,6,0.25,False,True,False
117,147-3,48804.5625,"(43, 4)",taxation,6,0.25,False,True,False
117,193-3,43961.125,"(23, 11)",taxation,6,0.25,False,True,False
117,5-3,22242.625,"(14, 30)",taxation,6,0.25,False,True,False
117,175-3,41548.375,"(23, 25)",taxation,6,0.25,False,True,False
117,196-3,34326.0,"(6, 38)",taxation,6,0.25,False,True,False
117,112-3,53621.625,"(11, 23)",taxation,6,0.25,False,True,False
117,113-3,51184.0625,"(2, 34)",taxation,6,0.25,False,True,False
117,55-3,53599.9375,"(25, 26)",taxation,6,0.25,False,True,False
117,33-3,39129.9375,"(12, 26)",taxation,6,0.25,False,True,False
117,68-3,41563.3125,"(26, 23)",taxation,6,0.25,False,True,False
117,161-3,41557.5,"(12, 41)",taxation,6,0.25,False,True,False
117,100-3,48806.5625,"(49, 4)",taxation,6,0.25,False,True,False
117,155-3,51192.4375,"(8, 32)",taxation,6,0.25,False,True,False
117,41-3,53623.0,"(11, 22)",taxation,6,0.25,False,True,False
117,115-3,53605.3125,"(14, 26)",taxation,6,0.25,False,True,False
117,207-3,39110.8125,"(20, 21)",taxation,6,0.25,False,True,False
117,120-3,55995.5,"(43, 8)",taxation,6,0.25,False,True,False
117,11-3,39106.1875,"(48, 6)",taxation,6,0.25,False,True,False
117,102-3,34306.125,"(31, 15)",taxation,6,0.25,False,True,False
117,130-3,53578.125,"(10, 22)",taxation,6,0.25,False,True,False
117,103-3,48761.875,"(36, 10)",taxation,6,0.25,False,True,False
117,202-3,55995.5,"(39, 10)",taxation,6,0.25,False,True,False
117,164-3,51188.4375,"(41, 6)",taxation,6,0.25,False,True,False
117,2-3,48779.8125,"(49, 7)",taxation,6,0.25,False,True,False
117,186-3,46374.1875,"(30, 32)",taxation,6,0.25,False,True,False
117,85-3,43953.75,"(23, 47)",taxation,6,0.25,False,True,False
117,64-3,48750.0,"(25, 20)",taxation,6,0.25,False,True,False
118,174-2,71469.5,"(21, 34)",taxation,6,0.25,False,True,False
118,19-2,68236.0,"(41, 2)",taxation,6,0.25,False,True,False
118,86-2,65033.0,"(34, 10)",taxation,6,0.25,False,True,False
118,121-2,65054.0,"(47, 1)",taxation,6,0.25,False,True,False
118,163-2,77890.0,"(26, 43)",taxation,6,0.25,False,True,False
118,18-2,74680.75,"(27, 35)",taxation,6,0.25,False,True,False
118,132-2,71455.75,"(17, 28)",taxation,6,0.25,False,True,False
118,160-2,58587.0,"(8, 31)",taxation,6,0.25,False,True,False
118,221-2,61826.5,"(44, 1)",taxation,6,0.25,False,True,False
118,90-2,58625.5,"(27, 45)",taxation,6,0.25,False,True,False
118,92-2,71443.0,"(24, 31)",taxation,6,0.25,False,True,False
118,96-2,74668.5,"(28, 31)",taxation,6,0.25,False,True,False
118,107-2,71440.5,"(18, 30)",taxation,6,0.25,False,True,False
118,80-2,71447.5,"(27, 49)",taxation,6,0.25,False,True,False
118,237-2,52151.75,"(6, 25)",taxation,6,0.25,False,True,False
118,13-2,61820.25,"(16, 27)",taxation,6,0.25,False,True,False
118,104-2,61833.5,"(24, 28)",taxation,6,0.25,False,True,False
118,27-2,58579.75,"(36, 6)",taxation,6,0.25,False,True,False
118,248-2,65007.25,"(22, 26)",taxation,6,0.25,False,True,False
118,48-2,68199.0,"(19, 36)",taxation,6,0.25,False,True,False
118,57-2,58573.25,"(31, 10)",taxation,6,0.25,False,True,False
118,184-2,64989.25,"(20, 25)",taxation,6,0.25,False,True,False
118,30-2,74645.25,"(29, 37)",taxation,6,0.25,False,True,False
118,108-2,36066.25,"(20, 34)",taxation,6,0.25,False,True,False
118,166-2,61795.25,"(19, 26)",taxation,6,0.25,False,True,False
118,233-2,61811.25,"(28, 40)",taxation,6,0.25,False,True,False
118,69-2,71414.5,"(2, 37)",taxation,6,0.25,False,True,False
118,229-2,71490.25,"(14, 28)",taxation,6,0.25,False,True,False
118,236-2,65009.25,"(45, 1)",taxation,6,0.25,False,True,False
118,109-2,65018.5,"(40, 5)",taxation,6,0.25,False,True,False
118,235-2,64990.25,"(25, 31)",taxation,6,0.25,False,True,False
118,62-2,65010.5,"(29, 24)",taxation,6,0.25,False,True,False
118,89-2,68224.75,"(25, 39)",taxation,6,0.25,False,True,False
118,58-2,68190.5,"(24, 26)",taxation,6,0.25,False,True,False
118,61-2,77872.25,"(29, 31)",taxation,6,0.25,False,True,False
118,152-2,68238.25,"(27, 43)",taxation,6,0.25,False,True,False
118,124-2,61793.25,"(24, 34)",taxation,6,0.25,False,True,False
118,97-2,52111.75,"(35, 29)",taxation,6,0.25,False,True,False
118,232-2,39266.25,"(30, 14)",taxation,6,0.25,False,True,False
118,116-2,71437.5,"(32, 12)",taxation,6,0.25,False,True,False
118,37-2,68220.75,"(44, 0)",taxation,6,0.25,False,True,False
118,7-2,48955.5,"(28, 28)",taxation,6,0.25,False,True,False
118,26-2,52148.75,"(13, 28)",taxation,6,0.25,False,True,False
118,117-2,58579.5,"(27, 26)",taxation,6,0.25,False,True,False
118,82-2,68217.5,"(29, 16)",taxation,6,0.25,False,True,False
118,88-2,65002.0,"(24, 27)",taxation,6,0.25,False,True,False
118,59-2,58554.25,"(7, 26)",taxation,6,0.25,False,True,False
118,52-2,48935.25,"(42, 0)",taxation,6,0.25,False,True,False
118,194-2,58595.5,"(28, 48)",taxation,6,0.25,False,True,False
118,72-2,74632.5,"(17, 30)",taxation,6,0.25,False,True,False
118,199-2,74620.0,"(21, 25)",taxation,6,0.25,False,True,False
118,43-2,64985.75,"(23, 22)",taxation,6,0.25,False,True,False
118,128-2,71422.0,"(27, 11)",taxation,6,0.25,False,True,False
118,84-2,64989.5,"(9, 20)",taxation,6,0.25,False,True,False
118,114-2,74635.75,"(33, 12)",taxation,6,0.25,False,True,False
118,223-2,45694.0,"(28, 15)",taxation,6,0.25,False,True,False
118,123-2,74652.75,"(22, 27)",taxation,6,0.25,False,True,False
118,215-2,71432.5,"(26, 41)",taxation,6,0.25,False,True,False
118,127-2,68194.0,"(9, 26)",taxation,6,0.25,False,True,False
118,24-2,52154.5,"(41, 12)",taxation,6,0.25,False,True,False
118,136-2,52123.5,"(26, 12)",taxation,6,0.25,False,True,False
118,65-2,74630.25,"(8, 24)",taxation,6,0.25,False,True,False
118,14-2,16778.5,"(15, 25)",taxation,6,0.25,False,True,False
118,185-2,65003.5,"(29, 30)",taxation,6,0.25,False,True,False
118,77-2,55343.5,"(19, 29)",taxation,6,0.25,False,True,False
118,36-2,48919.25,"(16, 24)",taxation,6,0.25,False,True,False
118,190-2,64989.75,"(43, 1)",taxation,6,0.25,False,True,False
118,46-2,45699.0,"(22, 28)",taxation,6,0.25,False,True,False
118,218-2,74662.5,"(16, 29)",taxation,6,0.25,False,True,False
118,220-2,71440.0,"(39, 5)",taxation,6,0.25,False,True,False
118,224-2,55328.75,"(38, 4)",taxation,6,0.25,False,True,False
118,129-2,61787.0,"(23, 30)",taxation,6,0.25,False,True,False
118,157-2,61766.25,"(26, 25)",taxation,6,0.25,False,True,False
118,195-2,29605.25,"(24, 35)",taxation,6,0.25,False,True,False
118,8-2,64996.0,"(28, 45)",taxation,6,0.25,False,True,False
118,119-2,64969.0,"(25, 30)",taxation,6,0.25,False,True,False
118,99-2,61763.25,"(16, 25)",taxation,6,0.25,False,True,False
118,135-2,64979.75,"(26, 21)",taxation,6,0.25,False,True,False
118,47-2,45707.75,"(11, 25)",taxation,6,0.25,False,True,False
118,79-2,61777.25,"(14, 23)",taxation,6,0.25,False,True,False
118,87-2,64963.5,"(10, 23)",taxation,6,0.25,False,True,False
118,15-2,58554.75,"(19, 15)",taxation,6,0.25,False,True,False
118,29-2,64987.25,"(19, 28)",taxation,6,0.25,False,True,False
118,178-2,71407.25,"(40, 0)",taxation,6,0.25,False,True,False
118,60-2,68195.25,"(21, 30)",taxation,6,0.25,False,True,False
118,192-2,58534.0,"(12, 28)",taxation,6,0.25,False,True,False
118,49-2,61770.5,"(41, 0)",taxation,6,0.25,False,True,False
118,81-2,61790.25,"(29, 15)",taxation,6,0.25,False,True,False
118,118-2,71405.5,"(20, 29)",taxation,6,0.25,False,True,False
118,34-2,58545.0,"(13, 34)",taxation,6,0.25,False,True,False
118,211-2,42470.75,"(19, 30)",taxation,6,0.25,False,True,False
118,177-2,64986.75,"(49, 1)",taxation,6,0.25,False,True,False
118,39-2,45683.5,"(22, 30)",taxation,6,0.25,False,True,False
118,245-2,71397.75,"(28, 47)",taxation,6,0.25,False,True,False
118,131-2,64968.0,"(28, 33)",taxation,6,0.25,False,True,False
118,213-2,64990.5,"(22, 25)",taxation,6,0.25,False,True,False
118,9-2,55346.25,"(42, 2)",taxation,6,0.25,False,True,False
118,171-2,64984.5,"(10, 27)",taxation,6,0.25,False,True,False
118,230-2,52124.0,"(13, 29)",taxation,6,0.25,False,True,False
118,217-2,39254.5,"(18, 28)",taxation,6,0.25,False,True,False
118,227-2,71396.5,"(41, 10)",taxation,6,0.25,False,True,False
118,244-2,74603.5,"(39, 1)",taxation,6,0.25,False,True,False
118,204-2,71406.5,"(20, 33)",taxation,6,0.25,False,True,False
118,105-2,58521.5,"(38, 2)",taxation,6,0.25,False,True,False
118,239-2,64956.5,"(49, 2)",taxation,6,0.25,False,True,False
118,243-2,61754.5,"(26, 49)",taxation,6,0.25,False,True,False
118,139-3,58535.6875,"(37, 4)",taxation,6,0.25,False,True,False
118,228-3,38441.25,"(23, 27)",taxation,6,0.25,False,True,False
118,197-2,52119.25,"(11, 27)",taxation,6,0.25,False,True,False
118,151-2,52085.25,"(11, 29)",taxation,6,0.25,False,True,False
118,191-2,74587.75,"(29, 44)",taxation,6,0.25,False,True,False
118,153-2,32791.0,"(11, 18)",taxation,6,0.25,False,True,False
118,159-2,52103.5,"(31, 11)",taxation,6,0.25,False,True,False
118,222-2,64975.5,"(15, 24)",taxation,6,0.25,False,True,False
118,200-2,61744.0,"(15, 29)",taxation,6,0.25,False,True,False
118,181-2,64945.250000000015,"(26, 24)",taxation,6,0.25,False,True,False
118,101-2,64973.75,"(15, 49)",taxation,6,0.25,False,True,False
118,35-2,64980.5,"(49, 0)",taxation,6,0.25,False,True,False
118,70-2,68193.0,"(29, 45)",taxation,6,0.25,False,True,False
118,238-2,64974.0,"(40, 2)",taxation,6,0.25,False,True,False
118,158-3,47241.75,"(16, 49)",taxation,6,0.25,False,True,False
118,20-2,61745.0,"(40, 1)",taxation,6,0.25,False,True,False
118,31-3,58499.625,"(12, 24)",taxation,6,0.25,False,True,False
118,179-3,42476.375,"(32, 11)",taxation,6,0.25,False,True,False
118,93-2,29596.0,"(17, 25)",taxation,6,0.25,False,True,False
118,3-2,39220.25,"(17, 24)",taxation,6,0.25,False,True,False
118,143-2,64941.75,"(42, 4)",taxation,6,0.25,False,True,False
118,219-3,56892.75,"(21, 26)",taxation,6,0.25,False,True,False
118,98-3,26408.75,"(12, 34)",taxation,6,0.25,False,True,False
118,138-2,68143.75,"(23, 23)",taxation,6,0.25,False,True,False
118,66-2,71377.75,"(28, 46)",taxation,6,0.25,False,True,False
118,210-2,77797.75,"(36, 9)",taxation,6,0.25,False,True,False
118,150-2,55297.25,"(37, 6)",taxation,6,0.25,False,True,False
118,44-2,42438.0,"(36, 5)",taxation,6,0.25,False,True,False
118,154-3,23144.75,"(23, 29)",taxation,6,0.25,False,True,False
118,126-2,64939.75,"(18, 25)",taxation,6,0.25,False,True,False
118,74-3,56905.0,"(41, 11)",taxation,6,0.25,False,True,False
118,28-3,44857.9375,"(18, 31)",taxation,6,0.25,False,True,False
118,146-3,19942.75,"(29, 29)",taxation,6,0.25,False,True,False
118,176-3,665.25,"(26, 44)",taxation,6,0.25,False,True,False
118,208-3,52083.9375,"(24, 24)",taxation,6,0.25,False,True,False
118,216-2,71365.0,"(48, 2)",taxation,6,0.25,False,True,False
118,187-3,26347.25,"(26, 26)",taxation,6,0.25,False,True,False
118,167-3,51279.3125,"(28, 30)",taxation,6,0.25,False,True,False
118,240-3,16703.75,"(35, 7)",taxation,6,0.25,False,True,False
118,140-3,681.75,"(22, 29)",taxation,6,0.25,False,True,False
118,149-3,44052.75,"(35, 9)",taxation,6,0.25,False,True,False
118,173-3,13532.75,"(24, 29)",taxation,6,0.25,False,True,False
118,246-3,48868.75,"(31, 9)",taxation,6,0.25,False,True,False
118,75-3,46464.75,"(19, 27)",taxation,6,0.25,False,True,False
118,12-2,61710.75,"(34, 12)",taxation,6,0.25,False,True,False
118,1-3,37622.1875,"(46, 1)",taxation,6,0.25,False,True,False
118,17-3,53669.375,"(35, 8)",taxation,6,0.25,False,True,False
118,67-2,48878.75,"(38, 0)",taxation,6,0.25,False,True,False
118,40-3,53709.75,"(20, 26)",taxation,6,0.25,False,True,False
118,23-3,52879.0,"(21, 37)",taxation,6,0.25,False,True,False
118,142-3,31967.8125,"(4, 29)",taxation,6,0.25,False,True,False
118,76-3,48874.562500000015,"(19, 31)",taxation,6,0.25,False,True,False
118,94-3,16725.5,"(37, 5)",taxation,6,0.25,False,True,False
118,241-3,46432.625,"(38, 3)",taxation,6,0.25,False,True,False
118,170-3,44865.3125,"(29, 13)",taxation,6,0.25,False,True,False
118,242-3,22346.9375,"(35, 10)",taxation,6,0.25,False,True,False
118,198-3,46458.625,"(47, 2)",taxation,6,0.25,False,True,False
118,10-3,51263.1875,"(8, 25)",taxation,6,0.25,False,True,False
118,172-3,53651.3125,"(25, 28)",taxation,6,0.25,False,True,False
118,189-3,44050.125,"(26, 30)",taxation,6,0.25,False,True,False
118,206-3,49658.4375,"(28, 43)",taxation,6,0.25,False,True,False
118,182-3,51241.1875,"(27, 29)",taxation,6,0.25,False,True,False
118,42-3,36834.625,"(9, 24)",taxation,6,0.25,False,True,False
118,148-3,39199.9375,"(28, 13)",taxation,6,0.25,False,True,False
118,0-3,34399.4375,"(21, 28)",taxation,6,0.25,False,True,False
118,212-3,51240.8125,"(35, 11)",taxation,6,0.25,False,True,False
118,225-3,51243.5625,"(48, 0)",taxation,6,0.25,False,True,False
118,6-3,56087.5,"(42, 3)",taxation,6,0.25,False,True,False
118,38-3,51270.125,"(29, 46)",taxation,6,0.25,False,True,False
118,54-3,48849.1875,"(16, 28)",taxation,6,0.25,False,True,False
118,63-3,46398.5625,"(29, 48)",taxation,6,0.25,False,True,False
118,144-3,48878.875,"(11, 19)",taxation,6,0.25,False,True,False
118,22-3,56060.75,"(27, 12)",taxation,6,0.25,False,True,False
118,162-3,51230.875,"(21, 27)",taxation,6,0.25,False,True,False
118,249-3,51277.75,"(23, 31)",taxation,6,0.25,False,True,False
118,180-3,48836.6875,"(16, 47)",taxation,6,0.25,False,True,False
118,83-3,53655.5625,"(30, 27)",taxation,6,0.25,False,True,False
118,133-3,44013.25,"(18, 24)",taxation,6,0.25,False,True,False
118,16-3,56069.125,"(18, 15)",taxation,6,0.25,False,True,False
118,51-3,51252.875,"(17, 29)",taxation,6,0.25,False,True,False
118,4-3,36766.6875,"(29, 47)",taxation,6,0.25,False,True,False
118,111-3,53635.6875,"(38, 13)",taxation,6,0.25,False,True,False
118,91-3,53647.0625,"(9, 22)",taxation,6,0.25,False,True,False
118,95-3,56073.875,"(20, 27)",taxation,6,0.25,False,True,False
118,106-3,46422.8125,"(26, 32)",taxation,6,0.25,False,True,False
118,56-3,48828.5625,"(30, 22)",taxation,6,0.25,False,True,False
118,71-3,53631.9375,"(28, 29)",taxation,6,0.25,False,True,False
118,226-3,48822.0625,"(23, 28)",taxation,6,0.25,False,True,False
118,205-3,24720.8125,"(27, 30)",taxation,6,0.25,False,True,False
118,165-3,58448.25,"(8, 27)",taxation,6,0.25,False,True,False
118,231-3,31927.8125,"(34, 17)",taxation,6,0.25,False,True,False
118,25-3,43993.25,"(13, 27)",taxation,6,0.25,False,True,False
118,137-3,43986.375,"(37, 3)",taxation,6,0.25,False,True,False
118,73-3,51233.6875,"(24, 30)",taxation,6,0.25,False,True,False
118,214-3,31918.25,"(29, 49)",taxation,6,0.25,False,True,False
118,21-3,46401.6875,"(8, 22)",taxation,6,0.25,False,True,False
118,201-3,34326.9375,"(42, 1)",taxation,6,0.25,False,True,False
118,169-3,39179.25,"(10, 25)",taxation,6,0.25,False,True,False
118,110-3,56050.75,"(32, 10)",taxation,6,0.25,False,True,False
118,183-3,34343.0625,"(28, 26)",taxation,6,0.25,False,True,False
118,125-3,53610.5,"(25, 40)",taxation,6,0.25,False,True,False
118,168-3,53653.875,"(25, 29)",taxation,6,0.25,False,True,False
118,156-3,36771.625,"(29, 12)",taxation,6,0.25,False,True,False
118,53-3,31921.6875,"(25, 42)",taxation,6,0.25,False,True,False
118,122-3,41571.6875,"(22, 46)",taxation,6,0.25,False,True,False
118,234-3,51196.125,"(18, 29)",taxation,6,0.25,False,True,False
118,134-3,48809.0,"(34, 20)",taxation,6,0.25,False,True,False
118,141-3,39170.375,"(48, 1)",taxation,6,0.25,False,True,False
118,145-3,51214.0,"(19, 25)",taxation,6,0.25,False,True,False
118,209-3,56020.625,"(27, 24)",taxation,6,0.25,False,True,False
118,247-3,43971.75,"(28, 44)",taxation,6,0.25,False,True,False
118,203-3,58437.6875,"(20, 30)",taxation,6,0.25,False,True,False
118,50-3,56033.125,"(28, 49)",taxation,6,0.25,False,True,False
118,45-3,51216.8125,"(15, 28)",taxation,6,0.25,False,True,False
118,78-3,46395.6875,"(25, 24)",taxation,6,0.25,False,True,False
118,147-3,48814.5625,"(43, 0)",taxation,6,0.25,False,True,False
118,193-3,43969.125,"(24, 12)",taxation,6,0.25,False,True,False
118,5-3,22250.625,"(14, 29)",taxation,6,0.25,False,True,False
118,175-3,41556.375,"(21, 29)",taxation,6,0.25,False,True,False
118,196-3,34333.0,"(11, 33)",taxation,6,0.25,False,True,False
118,112-3,53629.625,"(10, 24)",taxation,6,0.25,False,True,False
118,113-3,51191.0625,"(5, 29)",taxation,6,0.25,False,True,False
118,55-3,53608.9375,"(23, 26)",taxation,6,0.25,False,True,False
118,33-3,39137.9375,"(10, 26)",taxation,6,0.25,False,True,False
118,68-3,41570.3125,"(31, 26)",taxation,6,0.25,False,True,False
118,161-3,41564.5,"(16, 35)",taxation,6,0.25,False,True,False
118,100-3,48816.5625,"(47, 0)",taxation,6,0.25,False,True,False
118,155-3,51200.4375,"(12, 29)",taxation,6,0.25,False,True,False
118,41-3,53631.0,"(11, 20)",taxation,6,0.25,False,True,False
118,115-3,53613.3125,"(14, 25)",taxation,6,0.25,False,True,False
118,207-3,39117.8125,"(14, 17)",taxation,6,0.25,False,True,False
118,120-3,56002.5,"(37, 13)",taxation,6,0.25,False,True,False
118,11-3,39116.1875,"(46, 0)",taxation,6,0.25,False,True,False
118,102-3,34314.125,"(30, 15)",taxation,6,0.25,False,True,False
118,130-3,53586.125,"(9, 23)",taxation,6,0.25,False,True,False
118,103-3,48770.875,"(40, 4)",taxation,6,0.25,False,True,False
118,202-3,56004.5,"(38, 5)",taxation,6,0.25,False,True,False
118,164-3,51198.4375,"(45, 0)",taxation,6,0.25,False,True,False
118,2-3,48783.8125,"(43, 9)",taxation,6,0.25,False,True,False
118,186-3,46382.1875,"(29, 32)",taxation,6,0.25,False,True,False
118,85-3,43960.75,"(28, 41)",taxation,6,0.25,False,True,False
118,64-3,48757.0,"(29, 14)",taxation,6,0.25,False,True,False
118,188-3,48778.125,"(13, 24)",taxation,6,0.25,False,True,False
118,32-3,53600.8125,"(20, 28)",taxation,6,0.25,False,True,False
119,174-2,71477.5,"(22, 37)",taxation,6,0.25,False,True,False
119,19-2,68244.0,"(35, 4)",taxation,6,0.25,False,True,False
119,86-2,65042.0,"(33, 10)",taxation,6,0.25,False,True,False
119,121-2,65059.0,"(41, 1)",taxation,6,0.25,False,True,False
119,163-2,77898.0,"(30, 42)",taxation,6,0.25,False,True,False
119,18-2,74688.75,"(32, 35)",taxation,6,0.25,False,True,False
119,132-2,71463.75,"(17, 33)",taxation,6,0.25,False,True,False
119,160-2,58595.0,"(8, 30)",taxation,6,0.25,False,True,False
119,221-2,61833.5,"(40, 7)",taxation,6,0.25,False,True,False
119,90-2,58633.5,"(30, 40)",taxation,6,0.25,False,True,False
119,92-2,71451.0,"(26, 35)",taxation,6,0.25,False,True,False
119,96-2,74676.5,"(30, 33)",taxation,6,0.25,False,True,False
119,107-2,71448.5,"(22, 35)",taxation,6,0.25,False,True,False
119,80-2,71453.5,"(26, 46)",taxation,6,0.25,False,True,False
119,237-2,52159.75,"(5, 26)",taxation,6,0.25,False,True,False
119,13-2,61827.25,"(10, 33)",taxation,6,0.25,False,True,False
119,104-2,61841.5,"(29, 34)",taxation,6,0.25,False,True,False
119,27-2,58587.75,"(32, 6)",taxation,6,0.25,False,True,False
119,248-2,65015.25,"(27, 32)",taxation,6,0.25,False,True,False
119,48-2,68206.0,"(20, 37)",taxation,6,0.25,False,True,False
119,57-2,58581.25,"(30, 10)",taxation,6,0.25,False,True,False
119,184-2,64991.25,"(20, 20)",taxation,6,0.25,False,True,False
119,30-2,74654.25,"(30, 43)",taxation,6,0.25,False,True,False
119,108-2,36073.25,"(21, 39)",taxation,6,0.25,False,True,False
119,166-2,61797.25,"(16, 31)",taxation,6,0.25,False,True,False
119,233-2,61820.25,"(31, 43)",taxation,6,0.25,False,True,False
119,69-2,71421.5,"(4, 34)",taxation,6,0.25,False,True,False
119,229-2,71495.25,"(8, 33)",taxation,6,0.25,False,True,False
119,236-2,65014.25,"(40, 3)",taxation,6,0.25,False,True,False
119,109-2,65024.5,"(36, 3)",taxation,6,0.25,False,True,False
119,235-2,64998.25,"(26, 33)",taxation,6,0.25,False,True,False
119,62-2,65018.5,"(33, 25)",taxation,6,0.25,False,True,False
119,89-2,68232.75,"(31, 36)",taxation,6,0.25,False,True,False
119,58-2,68195.5,"(30, 26)",taxation,6,0.25,False,True,False
119,61-2,77880.25,"(31, 33)",taxation,6,0.25,False,True,False
119,152-2,68246.25,"(31, 38)",taxation,6,0.25,False,True,False
119,124-2,61801.25,"(24, 38)",taxation,6,0.25,False,True,False
119,97-2,52119.75,"(34, 29)",taxation,6,0.25,False,True,False
119,232-2,39274.25,"(29, 10)",taxation,6,0.25,False,True,False
119,116-2,71445.5,"(34, 14)",taxation,6,0.25,False,True,False
119,37-2,68227.75,"(38, 6)",taxation,6,0.25,False,True,False
119,7-2,48963.5,"(33, 28)",taxation,6,0.25,False,True,False
119,26-2,52156.75,"(7, 28)",taxation,6,0.25,False,True,False
119,117-2,58586.5,"(32, 26)",taxation,6,0.25,False,True,False
119,82-2,68224.5,"(28, 14)",taxation,6,0.25,False,True,False
119,88-2,65011.0,"(28, 32)",taxation,6,0.25,False,True,False
119,59-2,58562.25,"(4, 24)",taxation,6,0.25,False,True,False
119,52-2,48941.25,"(36, 0)",taxation,6,0.25,False,True,False
119,194-2,58602.5,"(28, 42)",taxation,6,0.25,False,True,False
119,72-2,74638.5,"(20, 36)",taxation,6,0.25,False,True,False
119,199-2,74622.0,"(22, 21)",taxation,6,0.25,False,True,False
119,43-2,64988.75,"(29, 22)",taxation,6,0.25,False,True,False
119,128-2,71431.0,"(32, 9)",taxation,6,0.25,False,True,False
119,84-2,64997.5,"(7, 17)",taxation,6,0.25,False,True,False
119,114-2,74643.75,"(33, 11)",taxation,6,0.25,False,True,False
119,223-2,45702.0,"(30, 13)",taxation,6,0.25,False,True,False
119,123-2,74655.75,"(28, 23)",taxation,6,0.25,False,True,False
119,215-2,71440.5,"(29, 40)",taxation,6,0.25,False,True,False
119,127-2,68202.0,"(4, 27)",taxation,6,0.25,False,True,False
119,24-2,52162.5,"(36, 13)",taxation,6,0.25,False,True,False
119,136-2,52131.5,"(26, 10)",taxation,6,0.25,False,True,False
119,65-2,74638.25,"(8, 23)",taxation,6,0.25,False,True,False
119,14-2,16781.5,"(13, 19)",taxation,6,0.25,False,True,False
119,185-2,65011.5,"(33, 33)",taxation,6,0.25,False,True,False
119,77-2,55351.5,"(16, 34)",taxation,6,0.25,False,True,False
119,36-2,48923.25,"(10, 18)",taxation,6,0.25,False,True,False
119,190-2,64995.75,"(39, 0)",taxation,6,0.25,False,True,False
119,46-2,45701.0,"(18, 32)",taxation,6,0.25,False,True,False
119,218-2,74666.5,"(18, 35)",taxation,6,0.25,False,True,False
119,220-2,71449.0,"(34, 5)",taxation,6,0.25,False,True,False
119,224-2,55337.75,"(35, 5)",taxation,6,0.25,False,True,False
119,129-2,61795.0,"(28, 36)",taxation,6,0.25,False,True,False
119,157-2,61774.25,"(32, 31)",taxation,6,0.25,False,True,False
119,195-2,29613.25,"(27, 37)",taxation,6,0.25,False,True,False
119,8-2,65004.0,"(32, 42)",taxation,6,0.25,False,True,False
119,119-2,64977.0,"(25, 33)",taxation,6,0.25,False,True,False
119,99-2,61766.25,"(12, 20)",taxation,6,0.25,False,True,False
119,135-2,64986.75,"(32, 24)",taxation,6,0.25,False,True,False
119,47-2,45715.75,"(8, 26)",taxation,6,0.25,False,True,False
119,79-2,61782.25,"(9, 18)",taxation,6,0.25,False,True,False
119,87-2,64971.5,"(6, 26)",taxation,6,0.25,False,True,False
119,15-2,58561.75,"(25, 12)",taxation,6,0.25,False,True,False
119,29-2,64992.25,"(25, 34)",taxation,6,0.25,False,True,False
119,178-2,71413.25,"(36, 1)",taxation,6,0.25,False,True,False
119,60-2,68201.25,"(25, 36)",taxation,6,0.25,False,True,False
119,192-2,58541.0,"(9, 33)",taxation,6,0.25,False,True,False
119,49-2,61778.5,"(35, 0)",taxation,6,0.25,False,True,False
119,81-2,61798.25,"(31, 14)",taxation,6,0.25,False,True,False
119,118-2,71408.5,"(15, 34)",taxation,6,0.25,False,True,False
119,34-2,58551.0,"(17, 38)",taxation,6,0.25,False,True,False
119,211-2,42478.75,"(20, 31)",taxation,6,0.25,False,True,False
119,177-2,64990.75,"(45, 4)",taxation,6,0.25,False,True,False
119,39-2,45691.5,"(26, 36)",taxation,6,0.25,False,True,False
119,245-2,71405.75,"(34, 41)",taxation,6,0.25,False,True,False
119,131-2,64977.0,"(30, 37)",taxation,6,0.25,False,True,False
119,213-2,64994.5,"(27, 25)",taxation,6,0.25,False,True,False
119,9-2,55353.25,"(36, 2)",taxation,6,0.25,False,True,False
119,171-2,64992.5,"(7, 29)",taxation,6,0.25,False,True,False
119,230-2,52133.0,"(7, 25)",taxation,6,0.25,False,True,False
119,217-2,39257.5,"(12, 33)",taxation,6,0.25,False,True,False
119,227-2,71405.5,"(35, 6)",taxation,6,0.25,False,True,False
119,244-2,74612.5,"(37, 1)",taxation,6,0.25,False,True,False
119,204-2,71414.5,"(23, 37)",taxation,6,0.25,False,True,False
119,105-2,58529.5,"(32, 2)",taxation,6,0.25,False,True,False
119,239-2,64960.5,"(45, 3)",taxation,6,0.25,False,True,False
119,243-2,61760.5,"(26, 45)",taxation,6,0.25,False,True,False
119,139-3,58543.6875,"(33, 3)",taxation,6,0.25,False,True,False
119,228-3,38445.25,"(24, 33)",taxation,6,0.25,False,True,False
119,197-2,52127.25,"(5, 22)",taxation,6,0.25,False,True,False
119,151-2,52092.25,"(5, 34)",taxation,6,0.25,False,True,False
119,191-2,74596.75,"(30, 44)",taxation,6,0.25,False,True,False
119,153-2,32799.0,"(8, 19)",taxation,6,0.25,False,True,False
119,159-2,52111.5,"(31, 12)",taxation,6,0.25,False,True,False
119,222-2,64983.5,"(9, 19)",taxation,6,0.25,False,True,False
119,200-2,61748.0,"(9, 35)",taxation,6,0.25,False,True,False
119,181-2,64953.250000000015,"(32, 27)",taxation,6,0.25,False,True,False
119,101-2,64979.75,"(17, 43)",taxation,6,0.25,False,True,False
119,35-2,64984.5,"(43, 6)",taxation,6,0.25,False,True,False
119,70-2,68202.0,"(30, 45)",taxation,6,0.25,False,True,False
119,238-2,64983.0,"(37, 0)",taxation,6,0.25,False,True,False
119,158-3,47247.75,"(17, 44)",taxation,6,0.25,False,True,False
119,20-2,61752.0,"(34, 0)",taxation,6,0.25,False,True,False
119,31-3,58508.625,"(7, 24)",taxation,6,0.25,False,True,False
119,179-3,42485.375,"(34, 6)",taxation,6,0.25,False,True,False
119,93-2,29599.0,"(13, 20)",taxation,6,0.25,False,True,False
119,3-2,39223.25,"(14, 20)",taxation,6,0.25,False,True,False
119,143-2,64947.75,"(36, 4)",taxation,6,0.25,False,True,False
119,219-3,56894.75,"(21, 20)",taxation,6,0.25,False,True,False
119,98-3,26416.75,"(6, 29)",taxation,6,0.25,False,True,False
119,138-2,68148.75,"(27, 28)",taxation,6,0.25,False,True,False
119,66-2,71385.75,"(32, 40)",taxation,6,0.25,False,True,False
119,210-2,77805.75,"(33, 8)",taxation,6,0.25,False,True,False
119,150-2,55305.25,"(31, 6)",taxation,6,0.25,False,True,False
119,44-2,42446.0,"(32, 4)",taxation,6,0.25,False,True,False
119,154-3,23152.75,"(24, 32)",taxation,6,0.25,False,True,False
119,126-2,64942.75,"(15, 19)",taxation,6,0.25,False,True,False
119,74-3,56913.0,"(36, 15)",taxation,6,0.25,False,True,False
119,28-3,44865.9375,"(22, 36)",taxation,6,0.25,False,True,False
119,146-3,19950.75,"(31, 29)",taxation,6,0.25,False,True,False
119,176-3,673.25,"(32, 38)",taxation,6,0.25,False,True,False
119,208-3,52089.9375,"(30, 24)",taxation,6,0.25,False,True,False
119,216-2,71370.0,"(43, 2)",taxation,6,0.25,False,True,False
119,187-3,26355.25,"(31, 30)",taxation,6,0.25,False,True,False
119,167-3,51287.3125,"(27, 31)",taxation,6,0.25,False,True,False
119,240-3,16711.75,"(32, 7)",taxation,6,0.25,False,True,False
119,140-3,683.75,"(22, 34)",taxation,6,0.25,False,True,False
119,149-3,44060.75,"(31, 7)",taxation,6,0.25,False,True,False
119,173-3,13538.75,"(30, 34)",taxation,6,0.25,False,True,False
119,246-3,48877.75,"(33, 5)",taxation,6,0.25,False,True,False
119,75-3,46466.75,"(19, 32)",taxation,6,0.25,False,True,False
119,12-2,61719.75,"(34, 9)",taxation,6,0.25,False,True,False
119,1-3,37625.1875,"(46, 4)",taxation,6,0.25,False,True,False
119,17-3,53677.375,"(32, 8)",taxation,6,0.25,False,True,False
119,67-2,48886.75,"(32, 3)",taxation,6,0.25,False,True,False
119,40-3,53711.75,"(19, 20)",taxation,6,0.25,False,True,False
119,23-3,52886.0,"(22, 38)",taxation,6,0.25,False,True,False
119,142-3,31975.8125,"(4, 28)",taxation,6,0.25,False,True,False
119,76-3,48882.562500000015,"(17, 35)",taxation,6,0.25,False,True,False
119,94-3,16733.5,"(33, 6)",taxation,6,0.25,False,True,False
119,241-3,46441.625,"(35, 2)",taxation,6,0.25,False,True,False
119,170-3,44874.3125,"(34, 7)",taxation,6,0.25,False,True,False
119,242-3,22354.9375,"(31, 8)",taxation,6,0.25,False,True,False
119,198-3,46462.625,"(44, 2)",taxation,6,0.25,False,True,False
119,10-3,51271.1875,"(6, 27)",taxation,6,0.25,False,True,False
119,172-3,53659.3125,"(26, 34)",taxation,6,0.25,False,True,False
119,189-3,44058.125,"(28, 35)",taxation,6,0.25,False,True,False
119,206-3,49666.4375,"(32, 41)",taxation,6,0.25,False,True,False
119,182-3,51249.1875,"(33, 30)",taxation,6,0.25,False,True,False
119,42-3,36842.625,"(5, 23)",taxation,6,0.25,False,True,False
119,148-3,39207.9375,"(28, 9)",taxation,6,0.25,False,True,False
119,0-3,34402.4375,"(17, 34)",taxation,6,0.25,False,True,False
119,212-3,51248.8125,"(35, 13)",taxation,6,0.25,False,True,False
119,225-3,51248.5625,"(42, 6)",taxation,6,0.25,False,True,False
119,6-3,56093.5,"(38, 7)",taxation,6,0.25,False,True,False
119,38-3,51279.125,"(31, 44)",taxation,6,0.25,False,True,False
119,54-3,48852.1875,"(10, 28)",taxation,6,0.25,False,True,False
119,63-3,46407.5625,"(30, 46)",taxation,6,0.25,False,True,False
119,144-3,48886.875,"(11, 16)",taxation,6,0.25,False,True,False
119,22-3,56068.75,"(29, 11)",taxation,6,0.25,False,True,False
119,162-3,51238.875,"(25, 32)",taxation,6,0.25,False,True,False
119,249-3,51285.75,"(27, 36)",taxation,6,0.25,False,True,False
119,180-3,48843.6875,"(22, 41)",taxation,6,0.25,False,True,False
119,83-3,53663.5625,"(33, 27)",taxation,6,0.25,False,True,False
119,133-3,44016.25,"(16, 18)",taxation,6,0.25,False,True,False
119,16-3,56076.125,"(24, 10)",taxation,6,0.25,False,True,False
119,51-3,51260.875,"(16, 33)",taxation,6,0.25,False,True,False
119,4-3,36774.6875,"(31, 45)",taxation,6,0.25,False,True,False
119,111-3,53644.6875,"(34, 8)",taxation,6,0.25,False,True,False
119,91-3,53656.0625,"(7, 21)",taxation,6,0.25,False,True,False
119,95-3,56082.875,"(26, 31)",taxation,6,0.25,False,True,False
119,106-3,46430.8125,"(32, 37)",taxation,6,0.25,False,True,False
119,56-3,48836.5625,"(34, 23)",taxation,6,0.25,False,True,False
119,71-3,53639.9375,"(32, 32)",taxation,6,0.25,False,True,False
119,226-3,48830.0625,"(27, 34)",taxation,6,0.25,False,True,False
119,205-3,24728.8125,"(30, 35)",taxation,6,0.25,False,True,False
119,165-3,58456.25,"(5, 27)",taxation,6,0.25,False,True,False
119,231-3,31935.8125,"(35, 23)",taxation,6,0.25,False,True,False
119,25-3,43999.25,"(7, 33)",taxation,6,0.25,False,True,False
119,137-3,43995.375,"(34, 3)",taxation,6,0.25,False,True,False
119,73-3,51241.6875,"(27, 33)",taxation,6,0.25,False,True,False
119,214-3,31926.25,"(32, 43)",taxation,6,0.25,False,True,False
119,21-3,46409.6875,"(8, 20)",taxation,6,0.25,False,True,False
119,201-3,34331.9375,"(39, 3)",taxation,6,0.25,False,True,False
119,169-3,39187.25,"(5, 24)",taxation,6,0.25,False,True,False
119,110-3,56059.75,"(33, 9)",taxation,6,0.25,False,True,False
119,183-3,34351.0625,"(33, 31)",taxation,6,0.25,False,True,False
119,125-3,53618.5,"(30, 38)",taxation,6,0.25,False,True,False
119,168-3,53660.875,"(31, 35)",taxation,6,0.25,False,True,False
119,156-3,36779.625,"(30, 11)",taxation,6,0.25,False,True,False
119,53-3,31929.6875,"(29, 36)",taxation,6,0.25,False,True,False
119,122-3,41578.6875,"(22, 42)",taxation,6,0.25,False,True,False
119,234-3,51201.125,"(23, 35)",taxation,6,0.25,False,True,False
119,134-3,48817.0,"(32, 19)",taxation,6,0.25,False,True,False
119,141-3,39174.375,"(44, 6)",taxation,6,0.25,False,True,False
119,145-3,51217.0,"(14, 19)",taxation,6,0.25,False,True,False
119,209-3,56028.625,"(33, 24)",taxation,6,0.25,False,True,False
119,247-3,43979.75,"(32, 39)",taxation,6,0.25,False,True,False
119,203-3,58445.6875,"(20, 35)",taxation,6,0.25,False,True,False
119,50-3,56040.125,"(23, 44)",taxation,6,0.25,False,True,False
119,45-3,51219.8125,"(11, 32)",taxation,6,0.25,False,True,False
119,78-3,46403.6875,"(30, 28)",taxation,6,0.25,False,True,False
119,147-3,48820.5625,"(37, 2)",taxation,6,0.25,False,True,False
119,193-3,43977.125,"(26, 9)",taxation,6,0.25,False,True,False
119,5-3,22258.625,"(8, 29)",taxation,6,0.25,False,True,False
119,175-3,41562.375,"(25, 35)",taxation,6,0.25,False,True,False
119,196-3,34341.0,"(7, 30)",taxation,6,0.25,False,True,False
119,112-3,53637.625,"(5, 21)",taxation,6,0.25,False,True,False
119,113-3,51200.0625,"(6, 24)",taxation,6,0.25,False,True,False
119,55-3,53612.9375,"(27, 27)",taxation,6,0.25,False,True,False
119,33-3,39145.9375,"(6, 28)",taxation,6,0.25,False,True,False
119,68-3,41578.3125,"(33, 26)",taxation,6,0.25,False,True,False
119,161-3,41572.5,"(21, 35)",taxation,6,0.25,False,True,False
119,100-3,48821.5625,"(43, 3)",taxation,6,0.25,False,True,False
119,155-3,51208.4375,"(12, 27)",taxation,6,0.25,False,True,False
119,41-3,53640.0,"(7, 23)",taxation,6,0.25,False,True,False
119,115-3,53617.3125,"(9, 27)",taxation,6,0.25,False,True,False
119,207-3,39124.8125,"(10, 17)",taxation,6,0.25,False,True,False
119,120-3,56010.5,"(35, 14)",taxation,6,0.25,False,True,False
119,11-3,39120.1875,"(44, 4)",taxation,6,0.25,False,True,False
119,102-3,34322.125,"(35, 15)",taxation,6,0.25,False,True,False
119,130-3,53594.125,"(6, 21)",taxation,6,0.25,False,True,False
119,103-3,48779.875,"(34, 4)",taxation,6,0.25,False,True,False
119,202-3,56012.5,"(33, 7)",taxation,6,0.25,False,True,False
119,164-3,51203.4375,"(39, 2)",taxation,6,0.25,False,True,False
119,2-3,48790.8125,"(39, 14)",taxation,6,0.25,False,True,False
119,186-3,46390.1875,"(29, 35)",taxation,6,0.25,False,True,False
119,85-3,43969.75,"(30, 41)",taxation,6,0.25,False,True,False
119,64-3,48765.0,"(32, 15)",taxation,6,0.25,False,True,False
119,188-3,48785.125,"(7, 18)",taxation,6,0.25,False,True,False
119,32-3,53602.8125,"(20, 32)",taxation,6,0.25,False,True,False
120,174-2,71484.5,"(21, 40)",taxation,6,0.25,False,True,False
120,86-2,65051.0,"(27, 8)",taxation,6,0.25,False,True,False
120,121-2,65066.0,"(35, 1)",taxation,6,0.25,False,True,False
120,18-2,74696.75,"(35, 36)",taxation,6,0.25,False,True,False
120,160-2,58604.0,"(3, 24)",taxation,6,0.25,False,True,False
120,221-2,61840.5,"(34, 11)",taxation,6,0.25,False,True,False
120,90-2,58641.5,"(35, 39)",taxation,6,0.25,False,True,False
120,92-2,71457.0,"(20, 41)",taxation,6,0.25,False,True,False
120,96-2,74684.5,"(32, 36)",taxation,6,0.25,False,True,False
120,80-2,71460.5,"(25, 43)",taxation,6,0.25,False,True,False
120,237-2,52168.75,"(3, 26)",taxation,6,0.25,False,True,False
120,13-2,61835.25,"(4, 32)",taxation,6,0.25,False,True,False
120,104-2,61850.5,"(33, 35)",taxation,6,0.25,False,True,False
120,27-2,58596.75,"(29, 5)",taxation,6,0.25,False,True,False
120,248-2,65022.25,"(32, 33)",taxation,6,0.25,False,True,False
120,48-2,68213.0,"(21, 41)",taxation,6,0.25,False,True,False
120,184-2,64996.25,"(21, 14)",taxation,6,0.25,False,True,False
120,30-2,74662.25,"(31, 40)",taxation,6,0.25,False,True,False
120,108-2,36080.25,"(21, 43)",taxation,6,0.25,False,True,False
120,166-2,61803.25,"(14, 37)",taxation,6,0.25,False,True,False
120,233-2,61828.25,"(31, 42)",taxation,6,0.25,False,True,False
120,69-2,71429.5,"(2, 33)",taxation,6,0.25,False,True,False
120,229-2,71503.25,"(3, 33)",taxation,6,0.25,False,True,False
120,236-2,65017.25,"(44, 7)",taxation,6,0.25,False,True,False
120,109-2,65031.5,"(33, 1)",taxation,6,0.25,False,True,False
120,235-2,65004.25,"(31, 27)",taxation,6,0.25,False,True,False
120,62-2,65026.5,"(38, 28)",taxation,6,0.25,False,True,False
120,89-2,68240.75,"(34, 37)",taxation,6,0.25,False,True,False
120,58-2,68203.5,"(36, 25)",taxation,6,0.25,False,True,False
120,61-2,77888.25,"(36, 33)",taxation,6,0.25,False,True,False
120,152-2,68254.25,"(31, 39)",taxation,6,0.25,False,True,False
120,124-2,61809.25,"(26, 38)",taxation,6,0.25,False,True,False
120,97-2,52128.75,"(37, 24)",taxation,6,0.25,False,True,False
120,232-2,39283.25,"(25, 8)",taxation,6,0.25,False,True,False
120,116-2,71453.5,"(39, 20)",taxation,6,0.25,False,True,False
120,37-2,68235.75,"(33, 2)",taxation,6,0.25,False,True,False
120,7-2,48972.5,"(37, 23)",taxation,6,0.25,False,True,False
120,26-2,52164.75,"(2, 29)",taxation,6,0.25,False,True,False
120,117-2,58595.5,"(35, 26)",taxation,6,0.25,False,True,False
120,82-2,68233.5,"(27, 9)",taxation,6,0.25,False,True,False
120,88-2,65017.0,"(32, 28)",taxation,6,0.25,False,True,False
120,59-2,58571.25,"(2, 24)",taxation,6,0.25,False,True,False
120,52-2,48949.25,"(30, 0)",taxation,6,0.25,False,True,False
120,194-2,58608.5,"(24, 42)",taxation,6,0.25,False,True,False
120,72-2,74644.5,"(18, 40)",taxation,6,0.25,False,True,False
120,199-2,74626.0,"(21, 16)",taxation,6,0.25,False,True,False
120,43-2,64996.75,"(33, 19)",taxation,6,0.25,False,True,False
120,128-2,71439.0,"(28, 6)",taxation,6,0.25,False,True,False
120,84-2,65005.5,"(1, 23)",taxation,6,0.25,False,True,False
120,114-2,74652.75,"(29, 6)",taxation,6,0.25,False,True,False
120,223-2,45710.0,"(26, 7)",taxation,6,0.25,False,True,False
120,123-2,74662.75,"(31, 25)",taxation,6,0.25,False,True,False
120,215-2,71448.5,"(29, 39)",taxation,6,0.25,False,True,False
120,127-2,68211.0,"(3, 27)",taxation,6,0.25,False,True,False
120,24-2,52169.5,"(41, 18)",taxation,6,0.25,False,True,False
120,136-2,52139.5,"(25, 9)",taxation,6,0.25,False,True,False
120,65-2,74645.25,"(4, 21)",taxation,6,0.25,False,True,False
120,14-2,16787.5,"(7, 16)",taxation,6,0.25,False,True,False
120,185-2,65019.5,"(36, 34)",taxation,6,0.25,False,True,False
120,77-2,55358.5,"(16, 40)",taxation,6,0.25,False,True,False
120,36-2,48929.25,"(6, 18)",taxation,6,0.25,False,True,False
120,190-2,65002.75,"(34, 1)",taxation,6,0.25,False,True,False
120,46-2,45708.0,"(19, 37)",taxation,6,0.25,False,True,False
120,218-2,74673.5,"(20, 40)",taxation,6,0.25,False,True,False
120,220-2,71458.0,"(30, 4)",taxation,6,0.25,False,True,False
120,224-2,55343.75,"(40, 11)",taxation,6,0.25,False,True,False
120,129-2,61801.0,"(31, 31)",taxation,6,0.25,False,True,False
120,157-2,61782.25,"(36, 31)",taxation,6,0.25,False,True,False
120,195-2,29620.25,"(29, 43)",taxation,6,0.25,False,True,False
120,8-2,65012.0,"(34, 39)",taxation,6,0.25,False,True,False
120,119-2,64985.0,"(28, 37)",taxation,6,0.25,False,True,False
120,99-2,61772.25,"(6, 19)",taxation,6,0.25,False,True,False
120,135-2,64994.75,"(38, 26)",taxation,6,0.25,False,True,False
120,47-2,45723.75,"(2, 26)",taxation,6,0.25,False,True,False
120,79-2,61789.25,"(5, 19)",taxation,6,0.25,False,True,False
120,87-2,64979.5,"(2, 25)",taxation,6,0.25,False,True,False
120,15-2,58569.75,"(25, 10)",taxation,6,0.25,False,True,False
120,29-2,64999.25,"(28, 39)",taxation,6,0.25,False,True,False
120,178-2,71422.25,"(30, 3)",taxation,6,0.25,False,True,False
120,60-2,68208.25,"(29, 41)",taxation,6,0.25,False,True,False
120,192-2,58548.0,"(6, 34)",taxation,6,0.25,False,True,False
120,49-2,61786.5,"(31, 0)",taxation,6,0.25,False,True,False
120,81-2,61807.25,"(30, 8)",taxation,6,0.25,False,True,False
120,118-2,71414.5,"(11, 38)",taxation,6,0.25,False,True,False
120,34-2,58559.0,"(22, 39)",taxation,6,0.25,False,True,False
120,211-2,42485.75,"(24, 37)",taxation,6,0.25,False,True,False
120,177-2,64996.75,"(39, 8)",taxation,6,0.25,False,True,False
120,39-2,45698.5,"(25, 41)",taxation,6,0.25,False,True,False
120,245-2,71413.75,"(33, 41)",taxation,6,0.25,False,True,False
120,131-2,64986.0,"(33, 37)",taxation,6,0.25,False,True,False
120,213-2,65002.5,"(32, 29)",taxation,6,0.25,False,True,False
120,9-2,55362.25,"(31, 3)",taxation,6,0.25,False,True,False
120,171-2,65001.5,"(3, 28)",taxation,6,0.25,False,True,False
120,230-2,52142.0,"(3, 25)",taxation,6,0.25,False,True,False
120,217-2,39264.5,"(7, 36)",taxation,6,0.25,False,True,False
120,227-2,71413.5,"(29, 2)",taxation,6,0.25,False,True,False
120,244-2,74620.5,"(32, 1)",taxation,6,0.25,False,True,False
120,204-2,71422.5,"(27, 40)",taxation,6,0.25,False,True,False
120,105-2,58537.5,"(29, 0)",taxation,6,0.25,False,True,False
120,239-2,64964.5,"(45, 5)",taxation,6,0.25,False,True,False
120,243-2,61768.5,"(30, 39)",taxation,6,0.25,False,True,False
120,139-3,58551.6875,"(30, 1)",taxation,6,0.25,False,True,False
120,228-3,38450.25,"(18, 38)",taxation,6,0.25,False,True,False
120,197-2,52135.25,"(1, 24)",taxation,6,0.25,False,True,False
120,151-2,52100.25,"(3, 32)",taxation,6,0.25,False,True,False
120,191-2,74604.75,"(29, 42)",taxation,6,0.25,False,True,False
120,153-2,32808.0,"(5, 20)",taxation,6,0.25,False,True,False
120,159-2,52119.5,"(27, 6)",taxation,6,0.25,False,True,False
120,222-2,64990.5,"(4, 19)",taxation,6,0.25,False,True,False
120,200-2,61756.0,"(3, 31)",taxation,6,0.25,False,True,False
120,181-2,64961.250000000015,"(37, 31)",taxation,6,0.25,False,True,False
120,101-2,64986.75,"(16, 41)",taxation,6,0.25,False,True,False
120,35-2,64990.5,"(38, 8)",taxation,6,0.25,False,True,False
120,70-2,68210.0,"(33, 40)",taxation,6,0.25,False,True,False
120,238-2,64991.0,"(32, 0)",taxation,6,0.25,False,True,False
120,158-3,47254.75,"(16, 42)",taxation,6,0.25,False,True,False
120,20-2,61761.0,"(31, 2)",taxation,6,0.25,False,True,False
120,31-3,58516.625,"(1, 25)",taxation,6,0.25,False,True,False
120,179-3,42493.375,"(28, 3)",taxation,6,0.25,False,True,False
120,93-2,29605.0,"(7, 20)",taxation,6,0.25,False,True,False
120,3-2,39228.25,"(12, 17)",taxation,6,0.25,False,True,False
120,143-2,64950.75,"(41, 9)",taxation,6,0.25,False,True,False
120,219-3,56901.75,"(27, 15)",taxation,6,0.25,False,True,False
120,98-3,26424.75,"(1, 29)",taxation,6,0.25,False,True,False
120,138-2,68157.75,"(33, 34)",taxation,6,0.25,False,True,False
120,66-2,71394.75,"(33, 38)",taxation,6,0.25,False,True,False
120,210-2,77814.75,"(29, 4)",taxation,6,0.25,False,True,False
120,150-2,55314.25,"(29, 3)",taxation,6,0.25,False,True,False
120,44-2,42454.0,"(28, 5)",taxation,6,0.25,False,True,False
120,154-3,23158.75,"(19, 38)",taxation,6,0.25,False,True,False
120,126-2,64948.75,"(20, 13)",taxation,6,0.25,False,True,False
120,74-3,56921.0,"(37, 18)",taxation,6,0.25,False,True,False
120,28-3,44872.9375,"(24, 40)",taxation,6,0.25,False,True,False
120,146-3,19958.75,"(37, 30)",taxation,6,0.25,False,True,False
120,176-3,681.25,"(36, 39)",taxation,6,0.25,False,True,False
120,208-3,52097.9375,"(36, 24)",taxation,6,0.25,False,True,False
120,216-2,71374.0,"(46, 5)",taxation,6,0.25,False,True,False
120,187-3,26364.25,"(34, 30)",taxation,6,0.25,False,True,False
120,167-3,51294.3125,"(31, 34)",taxation,6,0.25,False,True,False
120,240-3,16720.75,"(30, 7)",taxation,6,0.25,False,True,False
120,140-3,691.75,"(26, 39)",taxation,6,0.25,False,True,False
120,149-3,44069.75,"(27, 4)",taxation,6,0.25,False,True,False
120,173-3,13546.75,"(34, 38)",taxation,6,0.25,False,True,False
120,246-3,48886.75,"(31, 4)",taxation,6,0.25,False,True,False
120,75-3,46471.75,"(16, 37)",taxation,6,0.25,False,True,False
120,12-2,61727.75,"(28, 12)",taxation,6,0.25,False,True,False
120,1-3,37630.1875,"(44, 9)",taxation,6,0.25,False,True,False
120,17-3,53686.375,"(30, 6)",taxation,6,0.25,False,True,False
120,67-2,48894.75,"(29, 1)",taxation,6,0.25,False,True,False
120,40-3,53716.75,"(15, 14)",taxation,6,0.25,False,True,False
120,23-3,52894.0,"(25, 37)",taxation,6,0.25,False,True,False
120,142-3,31983.8125,"(2, 28)",taxation,6,0.25,False,True,False
120,76-3,48889.562500000015,"(20, 38)",taxation,6,0.25,False,True,False
120,94-3,16742.5,"(27, 5)",taxation,6,0.25,False,True,False
120,241-3,46448.625,"(33, 0)",taxation,6,0.25,False,True,False
120,170-3,44882.3125,"(29, 7)",taxation,6,0.25,False,True,False
120,242-3,22363.9375,"(27, 7)",taxation,6,0.25,False,True,False
120,198-3,46468.625,"(39, 4)",taxation,6,0.25,False,True,False
120,10-3,51279.1875,"(2, 27)",taxation,6,0.25,False,True,False
120,172-3,53665.3125,"(31, 32)",taxation,6,0.25,False,True,False
120,189-3,44064.125,"(33, 29)",taxation,6,0.25,False,True,False
120,206-3,49674.4375,"(37, 38)",taxation,6,0.25,False,True,False
120,182-3,51257.1875,"(36, 32)",taxation,6,0.25,False,True,False
120,42-3,36850.625,"(3, 23)",taxation,6,0.25,False,True,False
120,148-3,39216.9375,"(25, 7)",taxation,6,0.25,False,True,False
120,0-3,34409.4375,"(20, 39)",taxation,6,0.25,False,True,False
120,212-3,51256.8125,"(37, 15)",taxation,6,0.25,False,True,False
120,225-3,51254.5625,"(39, 9)",taxation,6,0.25,False,True,False
120,6-3,56100.5,"(32, 5)",taxation,6,0.25,False,True,False
120,38-3,51287.125,"(35, 40)",taxation,6,0.25,False,True,False
120,54-3,48860.1875,"(4, 22)",taxation,6,0.25,False,True,False
120,63-3,46415.5625,"(27, 42)",taxation,6,0.25,False,True,False
120,144-3,48893.875,"(6, 20)",taxation,6,0.25,False,True,False
120,22-3,56077.75,"(26, 6)",taxation,6,0.25,False,True,False
120,162-3,51245.875,"(25, 38)",taxation,6,0.25,False,True,False
120,249-3,51294.75,"(33, 36)",taxation,6,0.25,False,True,False
120,180-3,48851.6875,"(27, 41)",taxation,6,0.25,False,True,False
120,83-3,53671.5625,"(37, 28)",taxation,6,0.25,False,True,False
120,133-3,44023.25,"(22, 13)",taxation,6,0.25,False,True,False
120,16-3,56085.125,"(24, 8)",taxation,6,0.25,False,True,False
120,51-3,51266.875,"(15, 39)",taxation,6,0.25,False,True,False
120,4-3,36782.6875,"(34, 40)",taxation,6,0.25,False,True,False
120,111-3,53652.6875,"(28, 8)",taxation,6,0.25,False,True,False
120,91-3,53664.0625,"(2, 22)",taxation,6,0.25,False,True,False
120,95-3,56088.875,"(31, 28)",taxation,6,0.25,False,True,False
120,106-3,46438.8125,"(35, 38)",taxation,6,0.25,False,True,False
120,56-3,48844.5625,"(37, 20)",taxation,6,0.25,False,True,False
120,71-3,53647.9375,"(37, 32)",taxation,6,0.25,False,True,False
120,226-3,48838.0625,"(27, 39)",taxation,6,0.25,False,True,False
120,205-3,24736.8125,"(32, 34)",taxation,6,0.25,False,True,False
120,165-3,58464.25,"(3, 29)",taxation,6,0.25,False,True,False
120,231-3,31944.8125,"(35, 24)",taxation,6,0.25,False,True,False
120,25-3,44007.25,"(4, 33)",taxation,6,0.25,False,True,False
120,137-3,44003.375,"(31, 5)",taxation,6,0.25,False,True,False
120,73-3,51249.6875,"(27, 38)",taxation,6,0.25,False,True,False
120,214-3,31934.25,"(38, 38)",taxation,6,0.25,False,True,False
120,21-3,46417.6875,"(3, 20)",taxation,6,0.25,False,True,False
120,201-3,34334.9375,"(45, 6)",taxation,6,0.25,False,True,False
120,169-3,39195.25,"(3, 22)",taxation,6,0.25,False,True,False
120,110-3,56068.75,"(29, 8)",taxation,6,0.25,False,True,False
120,183-3,34360.0625,"(34, 33)",taxation,6,0.25,False,True,False
120,125-3,53626.5,"(36, 36)",taxation,6,0.25,False,True,False
120,168-3,53668.875,"(35, 37)",taxation,6,0.25,False,True,False
120,156-3,36787.625,"(27, 10)",taxation,6,0.25,False,True,False
120,53-3,31937.6875,"(29, 38)",taxation,6,0.25,False,True,False
120,122-3,41585.6875,"(21, 42)",taxation,6,0.25,False,True,False
120,234-3,51205.125,"(17, 36)",taxation,6,0.25,False,True,False
120,134-3,48825.0,"(34, 18)",taxation,6,0.25,False,True,False
120,141-3,39180.375,"(39, 6)",taxation,6,0.25,False,True,False
120,145-3,51223.0,"(8, 17)",taxation,6,0.25,False,True,False
120,209-3,56036.625,"(38, 27)",taxation,6,0.25,False,True,False
120,247-3,43988.75,"(34, 34)",taxation,6,0.25,False,True,False
120,203-3,58453.6875,"(26, 37)",taxation,6,0.25,False,True,False
120,50-3,56048.125,"(22, 40)",taxation,6,0.25,False,True,False
120,45-3,51226.8125,"(6, 33)",taxation,6,0.25,False,True,False
120,78-3,46410.6875,"(36, 29)",taxation,6,0.25,False,True,False
120,147-3,48827.5625,"(34, 2)",taxation,6,0.25,False,True,False
120,193-3,43985.125,"(26, 8)",taxation,6,0.25,False,True,False
120,5-3,22266.625,"(2, 32)",taxation,6,0.25,False,True,False
120,175-3,41566.375,"(19, 40)",taxation,6,0.25,False,True,False
120,196-3,34349.0,"(2, 30)",taxation,6,0.25,False,True,False
120,112-3,53645.625,"(4, 20)",taxation,6,0.25,False,True,False
120,113-3,51209.0625,"(4, 23)",taxation,6,0.25,False,True,False
120,55-3,53619.9375,"(33, 32)",taxation,6,0.25,False,True,False
120,33-3,39153.9375,"(2, 31)",taxation,6,0.25,False,True,False
120,68-3,41586.3125,"(38, 29)",taxation,6,0.25,False,True,False
120,161-3,41579.5,"(24, 41)",taxation,6,0.25,False,True,False
120,100-3,48827.5625,"(38, 1)",taxation,6,0.25,False,True,False
120,155-3,51214.4375,"(6, 22)",taxation,6,0.25,False,True,False
120,41-3,53648.0,"(2, 23)",taxation,6,0.25,False,True,False
120,115-3,53625.3125,"(3, 30)",taxation,6,0.25,False,True,False
120,207-3,39131.8125,"(7, 19)",taxation,6,0.25,False,True,False
120,120-3,56018.5,"(36, 16)",taxation,6,0.25,False,True,False
120,11-3,39125.1875,"(44, 10)",taxation,6,0.25,False,True,False
120,102-3,34330.125,"(36, 19)",taxation,6,0.25,False,True,False
120,130-3,53602.125,"(0, 23)",taxation,6,0.25,False,True,False
120,103-3,48787.875,"(31, 1)",taxation,6,0.25,False,True,False
120,202-3,56021.5,"(30, 5)",taxation,6,0.25,False,True,False
120,164-3,51210.4375,"(35, 3)",taxation,6,0.25,False,True,False
120,2-3,48798.8125,"(38, 14)",taxation,6,0.25,False,True,False
120,186-3,46398.1875,"(31, 37)",taxation,6,0.25,False,True,False
120,85-3,43977.75,"(31, 41)",taxation,6,0.25,False,True,False
120,64-3,48772.0,"(28, 11)",taxation,6,0.25,False,True,False
120,188-3,48793.125,"(1, 22)",taxation,6,0.25,False,True,False
120,32-3,53608.8125,"(15, 38)",taxation,6,0.25,False,True,False
120,57-3,43942.6875,"(28, 7)",taxation,6,0.25,False,True,False
120,132-3,53602.3125,"(15, 37)",taxation,6,0.25,False,True,False
120,163-3,58429.5,"(33, 39)",taxation,6,0.25,False,True,False
120,19-3,51189.0,"(30, 2)",taxation,6,0.25,False,True,False
120,107-3,53590.875,"(19, 39)",taxation,6,0.25,False,True,False
121,174-2,71492.5,"(21, 45)",taxation,6,0.25,False,True,False
121,86-2,65059.0,"(22, 6)",taxation,6,0.25,False,True,False
121,121-2,65069.0,"(33, 4)",taxation,6,0.25,False,True,False
121,18-2,74705.75,"(38, 36)",taxation,6,0.25,False,True,False
121,160-2,58612.0,"(0, 20)",taxation,6,0.25,False,True,False
121,90-2,58647.5,"(41, 33)",taxation,6,0.25,False,True,False
121,92-2,71463.0,"(14, 42)",taxation,6,0.25,False,True,False
121,80-2,71467.5,"(26, 47)",taxation,6,0.25,False,True,False
121,237-2,52176.75,"(5, 30)",taxation,6,0.25,False,True,False
121,13-2,61843.25,"(3, 35)",taxation,6,0.25,False,True,False
121,104-2,61855.5,"(39, 32)",taxation,6,0.25,False,True,False
121,27-2,58605.75,"(26, 3)",taxation,6,0.25,False,True,False
121,248-2,65027.25,"(38, 33)",taxation,6,0.25,False,True,False
121,48-2,68220.0,"(21, 47)",taxation,6,0.25,False,True,False
121,184-2,65004.25,"(22, 11)",taxation,6,0.25,False,True,False
121,30-2,74671.25,"(36, 35)",taxation,6,0.25,False,True,False
121,108-2,36087.25,"(20, 44)",taxation,6,0.25,False,True,False
121,166-2,61810.25,"(10, 38)",taxation,6,0.25,False,True,False
121,233-2,61836.25,"(36, 38)",taxation,6,0.25,False,True,False
121,69-2,71438.5,"(1, 33)",taxation,6,0.25,False,True,False
121,229-2,71512.25,"(1, 32)",taxation,6,0.25,False,True,False
121,236-2,65022.25,"(46, 11)",taxation,6,0.25,False,True,False
121,109-2,65040.5,"(27, 0)",taxation,6,0.25,False,True,False
121,235-2,65011.25,"(31, 22)",taxation,6,0.25,False,True,False
121,62-2,65035.5,"(38, 32)",taxation,6,0.25,False,True,False
121,89-2,68248.75,"(40, 32)",taxation,6,0.25,False,True,False
121,58-2,68211.5,"(42, 25)",taxation,6,0.25,False,True,False
121,61-2,77897.25,"(37, 35)",taxation,6,0.25,False,True,False
121,152-2,68258.25,"(34, 36)",taxation,6,0.25,False,True,False
121,124-2,61813.25,"(22, 43)",taxation,6,0.25,False,True,False
121,97-2,52136.75,"(42, 26)",taxation,6,0.25,False,True,False
121,232-2,39291.25,"(21, 8)",taxation,6,0.25,False,True,False
121,116-2,71461.5,"(41, 23)",taxation,6,0.25,False,True,False
121,37-2,68238.75,"(37, 7)",taxation,6,0.25,False,True,False
121,7-2,48980.5,"(42, 22)",taxation,6,0.25,False,True,False
121,26-2,52172.75,"(0, 29)",taxation,6,0.25,False,True,False
121,117-2,58603.5,"(41, 31)",taxation,6,0.25,False,True,False
121,82-2,68242.5,"(24, 3)",taxation,6,0.25,False,True,False
121,88-2,65025.0,"(35, 22)",taxation,6,0.25,False,True,False
121,59-2,58579.25,"(0, 22)",taxation,6,0.25,False,True,False
121,52-2,48951.25,"(36, 5)",taxation,6,0.25,False,True,False
121,194-2,58614.5,"(20, 47)",taxation,6,0.25,False,True,False
121,72-2,74650.5,"(14, 40)",taxation,6,0.25,False,True,False
121,199-2,74634.0,"(23, 12)",taxation,6,0.25,False,True,False
121,43-2,65003.75,"(31, 17)",taxation,6,0.25,False,True,False
121,128-2,71448.0,"(26, 4)",taxation,6,0.25,False,True,False
121,84-2,65013.5,"(0, 19)",taxation,6,0.25,False,True,False
121,114-2,74661.75,"(24, 2)",taxation,6,0.25,False,True,False
121,223-2,45718.0,"(23, 7)",taxation,6,0.25,False,True,False
121,123-2,74669.75,"(32, 22)",taxation,6,0.25,False,True,False
121,215-2,71456.5,"(35, 35)",taxation,6,0.25,False,True,False
121,127-2,68218.0,"(6, 32)",taxation,6,0.25,False,True,False
121,24-2,52177.5,"(44, 19)",taxation,6,0.25,False,True,False
121,136-2,52148.5,"(24, 6)",taxation,6,0.25,False,True,False
121,65-2,74653.25,"(1, 19)",taxation,6,0.25,False,True,False
121,14-2,16794.5,"(6, 16)",taxation,6,0.25,False,True,False
121,185-2,65027.5,"(41, 34)",taxation,6,0.25,False,True,False
121,77-2,55365.5,"(10, 40)",taxation,6,0.25,False,True,False
121,36-2,48936.25,"(5, 17)",taxation,6,0.25,False,True,False
121,190-2,65010.75,"(28, 4)",taxation,6,0.25,False,True,False
121,46-2,45714.0,"(13, 37)",taxation,6,0.25,False,True,False
121,218-2,74680.5,"(21, 46)",taxation,6,0.25,False,True,False
121,220-2,71463.0,"(26, 5)",taxation,6,0.25,False,True,False
121,224-2,55350.75,"(45, 16)",taxation,6,0.25,False,True,False
121,129-2,61808.0,"(35, 31)",taxation,6,0.25,False,True,False
121,157-2,61791.25,"(38, 34)",taxation,6,0.25,False,True,False
121,195-2,29624.25,"(25, 46)",taxation,6,0.25,False,True,False
121,8-2,65017.0,"(39, 33)",taxation,6,0.25,False,True,False
121,119-2,64989.0,"(28, 34)",taxation,6,0.25,False,True,False
121,99-2,61779.25,"(4, 17)",taxation,6,0.25,False,True,False
121,135-2,65002.75,"(41, 27)",taxation,6,0.25,False,True,False
121,47-2,45732.75,"(1, 26)",taxation,6,0.25,False,True,False
121,79-2,61796.25,"(5, 18)",taxation,6,0.25,False,True,False
121,87-2,64987.5,"(4, 25)",taxation,6,0.25,False,True,False
121,15-2,58578.75,"(24, 4)",taxation,6,0.25,False,True,False
121,29-2,65006.25,"(24, 43)",taxation,6,0.25,False,True,False
121,178-2,71431.25,"(27, 2)",taxation,6,0.25,False,True,False
121,60-2,68212.25,"(23, 42)",taxation,6,0.25,False,True,False
121,192-2,58557.0,"(1, 28)",taxation,6,0.25,False,True,False
121,49-2,61788.5,"(37, 4)",taxation,6,0.25,False,True,False
121,81-2,61813.25,"(24, 13)",taxation,6,0.25,False,True,False
121,118-2,71422.5,"(5, 35)",taxation,6,0.25,False,True,False
121,34-2,58566.0,"(19, 42)",taxation,6,0.25,False,True,False
121,211-2,42491.75,"(19, 43)",taxation,6,0.25,False,True,False
121,177-2,65002.75,"(40, 13)",taxation,6,0.25,False,True,False
121,39-2,45705.5,"(20, 43)",taxation,6,0.25,False,True,False
121,245-2,71416.75,"(30, 36)",taxation,6,0.25,False,True,False
121,131-2,64991.0,"(39, 36)",taxation,6,0.25,False,True,False
121,213-2,65011.5,"(38, 30)",taxation,6,0.25,False,True,False
121,9-2,55365.25,"(36, 8)",taxation,6,0.25,False,True,False
121,171-2,65009.5,"(5, 28)",taxation,6,0.25,False,True,False
121,230-2,52150.0,"(5, 31)",taxation,6,0.25,False,True,False
121,217-2,39272.5,"(5, 36)",taxation,6,0.25,False,True,False
121,227-2,71422.5,"(25, 1)",taxation,6,0.25,False,True,False
121,244-2,74622.5,"(37, 3)",taxation,6,0.25,False,True,False
121,204-2,71426.5,"(22, 44)",taxation,6,0.25,False,True,False
121,105-2,58546.5,"(28, 0)",taxation,6,0.25,False,True,False
121,239-2,64968.5,"(46, 6)",taxation,6,0.25,False,True,False
121,243-2,61772.5,"(34, 35)",taxation,6,0.25,False,True,False
121,139-3,58560.6875,"(28, 1)",taxation,6,0.25,False,True,False
121,228-3,38457.25,"(16, 43)",taxation,6,0.25,False,True,False
121,197-2,52143.25,"(0, 21)",taxation,6,0.25,False,True,False
121,151-2,52108.25,"(0, 34)",taxation,6,0.25,False,True,False
121,191-2,74608.75,"(24, 44)",taxation,6,0.25,False,True,False
121,153-2,32816.0,"(2, 18)",taxation,6,0.25,False,True,False
121,159-2,52128.5,"(25, 6)",taxation,6,0.25,False,True,False
121,222-2,64998.5,"(2, 19)",taxation,6,0.25,False,True,False
121,200-2,61764.0,"(1, 34)",taxation,6,0.25,False,True,False
121,181-2,64969.250000000015,"(40, 31)",taxation,6,0.25,False,True,False
121,101-2,64993.75,"(15, 42)",taxation,6,0.25,False,True,False
121,35-2,64996.5,"(39, 13)",taxation,6,0.25,False,True,False
121,70-2,68219.0,"(38, 37)",taxation,6,0.25,False,True,False
121,238-2,64993.0,"(38, 0)",taxation,6,0.25,False,True,False
121,158-3,47262.75,"(21, 44)",taxation,6,0.25,False,True,False
121,20-2,61764.0,"(36, 7)",taxation,6,0.25,False,True,False
121,31-3,58524.625,"(1, 21)",taxation,6,0.25,False,True,False
121,179-3,42502.375,"(25, 0)",taxation,6,0.25,False,True,False
121,93-2,29613.0,"(2, 21)",taxation,6,0.25,False,True,False
121,3-2,39235.25,"(6, 17)",taxation,6,0.25,False,True,False
121,143-2,64955.75,"(43, 12)",taxation,6,0.25,False,True,False
121,219-3,56909.75,"(25, 13)",taxation,6,0.25,False,True,False
121,98-3,26432.75,"(0, 31)",taxation,6,0.25,False,True,False
121,138-2,68162.75,"(39, 34)",taxation,6,0.25,False,True,False
121,66-2,71402.75,"(37, 37)",taxation,6,0.25,False,True,False
121,210-2,77823.75,"(24, 1)",taxation,6,0.25,False,True,False
121,150-2,55323.25,"(26, 0)",taxation,6,0.25,False,True,False
121,44-2,42462.0,"(23, 3)",taxation,6,0.25,False,True,False
121,154-3,23164.75,"(16, 38)",taxation,6,0.25,False,True,False
121,126-2,64957.75,"(20, 7)",taxation,6,0.25,False,True,False
121,74-3,56929.0,"(43, 21)",taxation,6,0.25,False,True,False
121,28-3,44878.9375,"(20, 45)",taxation,6,0.25,False,True,False
121,146-3,19966.75,"(41, 30)",taxation,6,0.25,False,True,False
121,176-3,689.25,"(42, 36)",taxation,6,0.25,False,True,False
121,208-3,52105.9375,"(42, 24)",taxation,6,0.25,False,True,False
121,216-2,71379.0,"(47, 4)",taxation,6,0.25,False,True,False
121,187-3,26370.25,"(40, 30)",taxation,6,0.25,False,True,False
121,167-3,51299.3125,"(36, 28)",taxation,6,0.25,False,True,False
121,240-3,16727.75,"(24, 11)",taxation,6,0.25,False,True,False
121,140-3,694.75,"(26, 40)",taxation,6,0.25,False,True,False
121,149-3,44078.75,"(25, 3)",taxation,6,0.25,False,True,False
121,173-3,13552.75,"(40, 35)",taxation,6,0.25,False,True,False
121,246-3,48895.75,"(28, 2)",taxation,6,0.25,False,True,False
121,75-3,46478.75,"(11, 39)",taxation,6,0.25,False,True,False
121,12-2,61736.75,"(24, 9)",taxation,6,0.25,False,True,False
121,1-3,37636.1875,"(48, 15)",taxation,6,0.25,False,True,False
121,17-3,53690.375,"(25, 11)",taxation,6,0.25,False,True,False
121,67-2,48903.75,"(27, 1)",taxation,6,0.25,False,True,False
121,40-3,53724.75,"(21, 10)",taxation,6,0.25,False,True,False
121,23-3,52899.0,"(19, 41)",taxation,6,0.25,False,True,False
121,142-3,31992.8125,"(0, 28)",taxation,6,0.25,False,True,False
121,76-3,48895.562500000015,"(14, 38)",taxation,6,0.25,False,True,False
121,94-3,16750.5,"(23, 2)",taxation,6,0.25,False,True,False
121,241-3,46452.625,"(27, 3)",taxation,6,0.25,False,True,False
121,170-3,44890.3125,"(23, 6)",taxation,6,0.25,False,True,False
121,242-3,22371.9375,"(23, 4)",taxation,6,0.25,False,True,False
121,198-3,46474.625,"(45, 10)",taxation,6,0.25,False,True,False
121,10-3,51287.1875,"(4, 26)",taxation,6,0.25,False,True,False
121,172-3,53674.3125,"(37, 34)",taxation,6,0.25,False,True,False
121,189-3,44070.125,"(35, 25)",taxation,6,0.25,False,True,False
121,206-3,49682.4375,"(41, 35)",taxation,6,0.25,False,True,False
121,182-3,51265.1875,"(41, 32)",taxation,6,0.25,False,True,False
121,42-3,36859.625,"(0, 25)",taxation,6,0.25,False,True,False
121,148-3,39225.9375,"(24, 7)",taxation,6,0.25,False,True,False
121,0-3,34415.4375,"(14, 41)",taxation,6,0.25,False,True,False
121,212-3,51264.8125,"(36, 21)",taxation,6,0.25,False,True,False
121,225-3,51260.5625,"(40, 12)",taxation,6,0.25,False,True,False
121,6-3,56104.5,"(36, 11)",taxation,6,0.25,False,True,False
121,38-3,51292.125,"(39, 35)",taxation,6,0.25,False,True,False
121,54-3,48867.1875,"(4, 18)",taxation,6,0.25,False,True,False
121,63-3,46421.5625,"(21, 48)",taxation,6,0.25,False,True,False
121,144-3,48901.875,"(1, 20)",taxation,6,0.25,False,True,False
121,22-3,56086.75,"(25, 4)",taxation,6,0.25,False,True,False
121,162-3,51251.875,"(19, 44)",taxation,6,0.25,False,True,False
121,249-3,51299.75,"(34, 31)",taxation,6,0.25,False,True,False
121,180-3,48855.6875,"(23, 41)",taxation,6,0.25,False,True,False
121,83-3,53679.5625,"(41, 28)",taxation,6,0.25,False,True,False
121,133-3,44032.25,"(22, 8)",taxation,6,0.25,False,True,False
121,16-3,56094.125,"(23, 5)",taxation,6,0.25,False,True,False
121,51-3,51273.875,"(15, 43)",taxation,6,0.25,False,True,False
121,4-3,36790.6875,"(36, 37)",taxation,6,0.25,False,True,False
121,111-3,53661.6875,"(26, 2)",taxation,6,0.25,False,True,False
121,91-3,53671.0625,"(3, 18)",taxation,6,0.25,False,True,False
121,95-3,56096.875,"(35, 32)",taxation,6,0.25,False,True,False
121,106-3,46444.8125,"(40, 33)",taxation,6,0.25,False,True,False
121,56-3,48852.5625,"(43, 23)",taxation,6,0.25,False,True,False
121,71-3,53656.9375,"(37, 33)",taxation,6,0.25,False,True,False
121,226-3,48842.0625,"(23, 43)",taxation,6,0.25,False,True,False
121,205-3,24744.8125,"(35, 34)",taxation,6,0.25,False,True,False
121,165-3,58473.25,"(0, 27)",taxation,6,0.25,False,True,False
121,231-3,31953.8125,"(39, 22)",taxation,6,0.25,False,True,False
121,25-3,44016.25,"(1, 30)",taxation,6,0.25,False,True,False
121,137-3,44006.375,"(30, 9)",taxation,6,0.25,False,True,False
121,73-3,51253.6875,"(23, 40)",taxation,6,0.25,False,True,False
121,214-3,31942.25,"(40, 36)",taxation,6,0.25,False,True,False
121,21-3,46425.6875,"(2, 20)",taxation,6,0.25,False,True,False
121,201-3,34339.9375,"(45, 11)",taxation,6,0.25,False,True,False
121,169-3,39204.25,"(1, 27)",taxation,6,0.25,False,True,False
121,110-3,56077.75,"(25, 5)",taxation,6,0.25,False,True,False
121,183-3,34369.0625,"(39, 37)",taxation,6,0.25,False,True,False
121,125-3,53635.5,"(37, 36)",taxation,6,0.25,False,True,False
121,168-3,53676.875,"(41, 36)",taxation,6,0.25,False,True,False
121,156-3,36796.625,"(24, 5)",taxation,6,0.25,False,True,False
121,53-3,31942.6875,"(34, 32)",taxation,6,0.25,False,True,False
121,122-3,41592.6875,"(15, 47)",taxation,6,0.25,False,True,False
121,234-3,51212.125,"(15, 40)",taxation,6,0.25,False,True,False
121,134-3,48832.0,"(40, 20)",taxation,6,0.25,False,True,False
121,141-3,39186.375,"(43, 11)",taxation,6,0.25,False,True,False
121,145-3,51230.0,"(6, 15)",taxation,6,0.25,False,True,False
121,209-3,56045.625,"(39, 21)",taxation,6,0.25,False,True,False
121,247-3,43996.75,"(40, 34)",taxation,6,0.25,False,True,False
121,203-3,58457.6875,"(23, 38)",taxation,6,0.25,False,True,False
121,50-3,56055.125,"(20, 42)",taxation,6,0.25,False,True,False
121,45-3,51235.8125,"(1, 31)",taxation,6,0.25,False,True,False
121,78-3,46418.6875,"(41, 29)",taxation,6,0.25,False,True,False
121,147-3,48830.5625,"(37, 8)",taxation,6,0.25,False,True,False
121,193-3,43993.125,"(22, 7)",taxation,6,0.25,False,True,False
121,5-3,22274.625,"(0, 32)",taxation,6,0.25,False,True,False
121,175-3,41573.375,"(16, 46)",taxation,6,0.25,False,True,False
121,196-3,34357.0,"(0, 30)",taxation,6,0.25,False,True,False
121,112-3,53654.625,"(0, 26)",taxation,6,0.25,False,True,False
121,113-3,51216.0625,"(5, 25)",taxation,6,0.25,False,True,False
121,55-3,53628.9375,"(38, 35)",taxation,6,0.25,False,True,False
121,33-3,39161.9375,"(0, 33)",taxation,6,0.25,False,True,False
121,68-3,41594.3125,"(40, 29)",taxation,6,0.25,False,True,False
121,161-3,41585.5,"(19, 46)",taxation,6,0.25,False,True,False
121,100-3,48830.5625,"(41, 3)",taxation,6,0.25,False,True,False
121,155-3,51222.4375,"(3, 21)",taxation,6,0.25,False,True,False
121,41-3,53657.0,"(0, 24)",taxation,6,0.25,False,True,False
121,115-3,53633.3125,"(4, 31)",taxation,6,0.25,False,True,False
121,207-3,39139.8125,"(3, 19)",taxation,6,0.25,False,True,False
121,120-3,56025.5,"(34, 16)",taxation,6,0.25,False,True,False
121,11-3,39130.1875,"(44, 11)",taxation,6,0.25,False,True,False
121,102-3,34338.125,"(36, 22)",taxation,6,0.25,False,True,False
121,130-3,53609.125,"(0, 18)",taxation,6,0.25,False,True,False
121,103-3,48792.875,"(25, 2)",taxation,6,0.25,False,True,False
121,202-3,56029.5,"(24, 0)",taxation,6,0.25,False,True,False
121,164-3,51214.4375,"(29, 9)",taxation,6,0.25,False,True,False
121,2-3,48804.8125,"(35, 16)",taxation,6,0.25,False,True,False
121,186-3,46402.1875,"(35, 33)",taxation,6,0.25,False,True,False
121,85-3,43980.75,"(28, 38)",taxation,6,0.25,False,True,False
121,64-3,48780.0,"(22, 5)",taxation,6,0.25,False,True,False
121,188-3,48800.125,"(1, 18)",taxation,6,0.25,False,True,False
121,32-3,53615.8125,"(11, 40)",taxation,6,0.25,False,True,False
121,57-3,43950.6875,"(28, 10)",taxation,6,0.25,False,True,False
121,132-3,53609.3125,"(10, 39)",taxation,6,0.25,False,True,False
121,163-3,58432.5,"(29, 33)",taxation,6,0.25,False,True,False
121,19-3,51198.0,"(26, 1)",taxation,6,0.25,False,True,False
121,107-3,53596.875,"(15, 41)",taxation,6,0.25,False,True,False
121,221-3,46385.625,"(30, 16)",taxation,6,0.25,False,True,False
121,96-3,56016.375,"(32, 30)",taxation,6,0.25,False,True,False
122,174-2,71498.5,"(17, 46)",taxation,6,0.25,False,True,False
122,86-2,65067.0,"(18, 6)",taxation,6,0.25,False,True,False
122,121-2,65073.0,"(37, 9)",taxation,6,0.25,False,True,False
122,18-2,74712.75,"(44, 32)",taxation,6,0.25,False,True,False
122,160-2,58615.0,"(6, 25)",taxation,6,0.25,False,True,False
122,90-2,58655.5,"(46, 33)",taxation,6,0.25,False,True,False
122,80-2,71473.5,"(21, 49)",taxation,6,0.25,False,True,False
122,237-2,52184.75,"(8, 35)",taxation,6,0.25,False,True,False
122,13-2,61851.25,"(3, 36)",taxation,6,0.25,False,True,False
122,104-2,61864.5,"(42, 31)",taxation,6,0.25,False,True,False
122,27-2,58614.75,"(20, 3)",taxation,6,0.25,False,True,False
122,248-2,65035.25,"(43, 27)",taxation,6,0.25,False,True,False
122,48-2,68226.0,"(15, 44)",taxation,6,0.25,False,True,False
122,184-2,65012.25,"(20, 11)",taxation,6,0.25,False,True,False
122,30-2,74676.25,"(38, 31)",taxation,6,0.25,False,True,False
122,108-2,36093.25,"(17, 47)",taxation,6,0.25,False,True,False
122,166-2,61818.25,"(4, 40)",taxation,6,0.25,False,True,False
122,233-2,61840.25,"(30, 32)",taxation,6,0.25,False,True,False
122,69-2,71447.5,"(1, 35)",taxation,6,0.25,False,True,False
122,229-2,71521.25,"(1, 37)",taxation,6,0.25,False,True,False
122,236-2,65029.25,"(48, 17)",taxation,6,0.25,False,True,False
122,109-2,65047.5,"(22, 2)",taxation,6,0.25,False,True,False
122,235-2,65018.25,"(31, 21)",taxation,6,0.25,False,True,False
122,62-2,65043.5,"(44, 26)",taxation,6,0.25,False,True,False
122,89-2,68256.75,"(46, 32)",taxation,6,0.25,False,True,False
122,58-2,68220.5,"(43, 25)",taxation,6,0.25,False,True,False
122,61-2,77903.25,"(43, 29)",taxation,6,0.25,False,True,False
122,152-2,68264.25,"(39, 31)",taxation,6,0.25,False,True,False
122,124-2,61819.25,"(18, 44)",taxation,6,0.25,False,True,False
122,97-2,52145.75,"(42, 27)",taxation,6,0.25,False,True,False
122,232-2,39300.25,"(21, 9)",taxation,6,0.25,False,True,False
122,37-2,68244.75,"(43, 13)",taxation,6,0.25,False,True,False
122,7-2,48989.5,"(44, 24)",taxation,6,0.25,False,True,False
122,26-2,52178.75,"(6, 35)",taxation,6,0.25,False,True,False
122,117-2,58612.5,"(44, 36)",taxation,6,0.25,False,True,False
122,82-2,68251.5,"(20, 4)",taxation,6,0.25,False,True,False
122,88-2,65033.0,"(40, 21)",taxation,6,0.25,False,True,False
122,59-2,58581.25,"(5, 23)",taxation,6,0.25,False,True,False
122,52-2,48956.25,"(38, 11)",taxation,6,0.25,False,True,False
122,194-2,58620.5,"(15, 45)",taxation,6,0.25,False,True,False
122,72-2,74657.5,"(13, 39)",taxation,6,0.25,False,True,False
122,199-2,74643.0,"(19, 6)",taxation,6,0.25,False,True,False
122,43-2,65010.75,"(32, 17)",taxation,6,0.25,False,True,False
122,128-2,71457.0,"(21, 3)",taxation,6,0.25,False,True,False
122,84-2,65021.5,"(2, 17)",taxation,6,0.25,False,True,False
122,114-2,74670.75,"(21, 1)",taxation,6,0.25,False,True,False
122,223-2,45726.0,"(19, 10)",taxation,6,0.25,False,True,False
122,123-2,74676.75,"(31, 20)",taxation,6,0.25,False,True,False
122,215-2,71461.5,"(37, 29)",taxation,6,0.25,False,True,False
122,127-2,68225.0,"(10, 36)",taxation,6,0.25,False,True,False
122,24-2,52186.5,"(45, 20)",taxation,6,0.25,False,True,False
122,136-2,52157.5,"(18, 2)",taxation,6,0.25,False,True,False
122,65-2,74655.25,"(6, 21)",taxation,6,0.25,False,True,False
122,14-2,16801.5,"(10, 16)",taxation,6,0.25,False,True,False
122,185-2,65036.5,"(43, 34)",taxation,6,0.25,False,True,False
122,77-2,55373.5,"(8, 43)",taxation,6,0.25,False,True,False
122,36-2,48943.25,"(9, 14)",taxation,6,0.25,False,True,False
122,190-2,65018.75,"(22, 10)",taxation,6,0.25,False,True,False
122,46-2,45722.0,"(7, 42)",taxation,6,0.25,False,True,False
122,218-2,74686.5,"(20, 48)",taxation,6,0.25,False,True,False
122,220-2,71471.0,"(20, 9)",taxation,6,0.25,False,True,False
122,224-2,55358.75,"(47, 20)",taxation,6,0.25,False,True,False
122,129-2,61815.0,"(39, 25)",taxation,6,0.25,False,True,False
122,157-2,61798.25,"(44, 33)",taxation,6,0.25,False,True,False
122,195-2,29629.25,"(24, 47)",taxation,6,0.25,False,True,False
122,8-2,65025.0,"(45, 32)",taxation,6,0.25,False,True,False
122,119-2,64994.0,"(34, 28)",taxation,6,0.25,False,True,False
122,99-2,61786.25,"(9, 13)",taxation,6,0.25,False,True,False
122,135-2,65010.75,"(43, 26)",taxation,6,0.25,False,True,False
122,47-2,45737.75,"(7, 32)",taxation,6,0.25,False,True,False
122,79-2,61803.25,"(10, 15)",taxation,6,0.25,False,True,False
122,87-2,64992.5,"(10, 20)",taxation,6,0.25,False,True,False
122,15-2,58586.75,"(18, 4)",taxation,6,0.25,False,True,False
122,29-2,65012.25,"(18, 48)",taxation,6,0.25,False,True,False
122,178-2,71440.25,"(23, 1)",taxation,6,0.25,False,True,False
122,60-2,68217.25,"(18, 43)",taxation,6,0.25,False,True,False
122,192-2,58564.0,"(7, 22)",taxation,6,0.25,False,True,False
122,49-2,61793.5,"(42, 10)",taxation,6,0.25,False,True,False
122,81-2,61821.25,"(22, 12)",taxation,6,0.25,False,True,False
122,118-2,71430.5,"(5, 37)",taxation,6,0.25,False,True,False
122,34-2,58573.0,"(13, 41)",taxation,6,0.25,False,True,False
122,211-2,42498.75,"(14, 43)",taxation,6,0.25,False,True,False
122,177-2,65009.75,"(40, 19)",taxation,6,0.25,False,True,False
122,39-2,45712.5,"(14, 47)",taxation,6,0.25,False,True,False
122,245-2,71421.75,"(30, 30)",taxation,6,0.25,False,True,False
122,131-2,65000.0,"(43, 36)",taxation,6,0.25,False,True,False
122,213-2,65020.5,"(43, 30)",taxation,6,0.25,False,True,False
122,9-2,55371.25,"(42, 14)",taxation,6,0.25,False,True,False
122,171-2,65014.5,"(9, 30)",taxation,6,0.25,False,True,False
122,230-2,52158.0,"(8, 34)",taxation,6,0.25,False,True,False
122,217-2,39280.5,"(4, 39)",taxation,6,0.25,False,True,False
122,227-2,71431.5,"(19, 1)",taxation,6,0.25,False,True,False
122,244-2,74626.5,"(40, 6)",taxation,6,0.25,False,True,False
122,204-2,71432.5,"(20, 46)",taxation,6,0.25,False,True,False
122,105-2,58548.5,"(32, 2)",taxation,6,0.25,False,True,False
122,239-2,64974.5,"(45, 12)",taxation,6,0.25,False,True,False
122,243-2,61778.5,"(39, 30)",taxation,6,0.25,False,True,False
122,139-3,58562.6875,"(32, 3)",taxation,6,0.25,False,True,False
122,228-3,38465.25,"(10, 46)",taxation,6,0.25,False,True,False
122,197-2,52145.25,"(4, 24)",taxation,6,0.25,False,True,False
122,151-2,52116.25,"(1, 39)",taxation,6,0.25,False,True,False
122,191-2,74613.75,"(24, 48)",taxation,6,0.25,False,True,False
122,153-2,32822.0,"(8, 14)",taxation,6,0.25,False,True,False
122,159-2,52137.5,"(19, 2)",taxation,6,0.25,False,True,False
122,222-2,65005.5,"(8, 16)",taxation,6,0.25,False,True,False
122,200-2,61773.0,"(2, 36)",taxation,6,0.25,False,True,False
122,181-2,64978.250000000015,"(43, 32)",taxation,6,0.25,False,True,False
122,101-2,65001.75,"(10, 47)",taxation,6,0.25,False,True,False
122,35-2,65003.5,"(43, 17)",taxation,6,0.25,False,True,False
122,70-2,68226.0,"(44, 34)",taxation,6,0.25,False,True,False
122,238-2,64997.0,"(41, 4)",taxation,6,0.25,False,True,False
122,158-3,47268.75,"(18, 45)",taxation,6,0.25,False,True,False
122,20-2,61770.0,"(42, 13)",taxation,6,0.25,False,True,False
122,31-3,58528.625,"(7, 27)",taxation,6,0.25,False,True,False
122,179-3,42504.375,"(31, 6)",taxation,6,0.25,False,True,False
122,93-2,29617.0,"(8, 21)",taxation,6,0.25,False,True,False
122,3-2,39242.25,"(9, 17)",taxation,6,0.25,False,True,False
122,143-2,64962.75,"(45, 17)",taxation,6,0.25,False,True,False
122,219-3,56917.75,"(21, 13)",taxation,6,0.25,False,True,False
122,98-3,26438.75,"(4, 37)",taxation,6,0.25,False,True,False
122,138-2,68169.75,"(44, 31)",taxation,6,0.25,False,True,False
122,66-2,71408.75,"(43, 31)",taxation,6,0.25,False,True,False
122,210-2,77832.75,"(22, 0)",taxation,6,0.25,False,True,False
122,150-2,55330.25,"(20, 1)",taxation,6,0.25,False,True,False
122,44-2,42471.0,"(21, 2)",taxation,6,0.25,False,True,False
122,154-3,23171.75,"(13, 38)",taxation,6,0.25,False,True,False
122,126-2,64966.75,"(21, 7)",taxation,6,0.25,False,True,False
122,74-3,56937.0,"(46, 23)",taxation,6,0.25,False,True,False
122,28-3,44884.9375,"(19, 48)",taxation,6,0.25,False,True,False
122,146-3,19974.75,"(45, 29)",taxation,6,0.25,False,True,False
122,176-3,697.25,"(45, 34)",taxation,6,0.25,False,True,False
122,208-3,52113.9375,"(41, 24)",taxation,6,0.25,False,True,False
122,216-2,71384.0,"(48, 5)",taxation,6,0.25,False,True,False
122,187-3,26379.25,"(42, 30)",taxation,6,0.25,False,True,False
122,167-3,51306.3125,"(39, 24)",taxation,6,0.25,False,True,False
122,240-3,16735.75,"(20, 10)",taxation,6,0.25,False,True,False
122,140-3,698.75,"(26, 42)",taxation,6,0.25,False,True,False
122,149-3,44087.75,"(19, 3)",taxation,6,0.25,False,True,False
122,173-3,13561.75,"(42, 33)",taxation,6,0.25,False,True,False
122,246-3,48901.75,"(23, 8)",taxation,6,0.25,False,True,False
122,75-3,46486.75,"(6, 42)",taxation,6,0.25,False,True,False
122,12-2,61745.75,"(20, 5)",taxation,6,0.25,False,True,False
122,1-3,37644.1875,"(48, 21)",taxation,6,0.25,False,True,False
122,17-3,53698.375,"(21, 11)",taxation,6,0.25,False,True,False
122,67-2,48912.75,"(21, 0)",taxation,6,0.25,False,True,False
122,40-3,53733.75,"(20, 6)",taxation,6,0.25,False,True,False
122,23-3,52906.0,"(14, 44)",taxation,6,0.25,False,True,False
122,142-3,31996.8125,"(4, 30)",taxation,6,0.25,False,True,False
122,76-3,48903.562500000015,"(9, 37)",taxation,6,0.25,False,True,False
122,94-3,16759.5,"(22, 1)",taxation,6,0.25,False,True,False
122,241-3,46459.625,"(22, 3)",taxation,6,0.25,False,True,False
122,170-3,44899.3125,"(19, 0)",taxation,6,0.25,False,True,False
122,242-3,22379.9375,"(18, 3)",taxation,6,0.25,False,True,False
122,198-3,46480.625,"(44, 12)",taxation,6,0.25,False,True,False
122,10-3,51292.1875,"(9, 29)",taxation,6,0.25,False,True,False
122,172-3,53680.3125,"(39, 28)",taxation,6,0.25,False,True,False
122,189-3,44078.125,"(40, 23)",taxation,6,0.25,False,True,False
122,206-3,49691.4375,"(43, 33)",taxation,6,0.25,False,True,False
122,182-3,51274.1875,"(42, 32)",taxation,6,0.25,False,True,False
122,42-3,36866.625,"(6, 23)",taxation,6,0.25,False,True,False
122,148-3,39233.9375,"(18, 9)",taxation,6,0.25,False,True,False
122,0-3,34423.4375,"(10, 45)",taxation,6,0.25,False,True,False
122,212-3,51271.8125,"(37, 21)",taxation,6,0.25,False,True,False
122,225-3,51267.5625,"(44, 17)",taxation,6,0.25,False,True,False
122,6-3,56110.5,"(40, 14)",taxation,6,0.25,False,True,False
122,38-3,51300.125,"(45, 30)",taxation,6,0.25,False,True,False
122,54-3,48874.1875,"(8, 15)",taxation,6,0.25,False,True,False
122,63-3,46427.5625,"(15, 46)",taxation,6,0.25,False,True,False
122,144-3,48909.875,"(5, 16)",taxation,6,0.25,False,True,False
122,22-3,56095.75,"(21, 4)",taxation,6,0.25,False,True,False
122,162-3,51258.875,"(13, 40)",taxation,6,0.25,False,True,False
122,249-3,51306.75,"(40, 25)",taxation,6,0.25,False,True,False
122,180-3,48861.6875,"(18, 41)",taxation,6,0.25,False,True,False
122,83-3,53688.5625,"(42, 28)",taxation,6,0.25,False,True,False
122,133-3,44041.25,"(20, 8)",taxation,6,0.25,False,True,False
122,16-3,56102.125,"(18, 8)",taxation,6,0.25,False,True,False
122,51-3,51281.875,"(10, 48)",taxation,6,0.25,False,True,False
122,4-3,36799.6875,"(42, 34)",taxation,6,0.25,False,True,False
122,111-3,53668.6875,"(20, 2)",taxation,6,0.25,False,True,False
122,91-3,53678.0625,"(9, 16)",taxation,6,0.25,False,True,False
122,95-3,56103.875,"(40, 27)",taxation,6,0.25,False,True,False
122,106-3,46452.8125,"(46, 29)",taxation,6,0.25,False,True,False
122,56-3,48860.5625,"(45, 25)",taxation,6,0.25,False,True,False
122,71-3,53662.9375,"(43, 28)",taxation,6,0.25,False,True,False
122,226-3,48847.0625,"(23, 48)",taxation,6,0.25,False,True,False
122,205-3,24751.8125,"(40, 28)",taxation,6,0.25,False,True,False
122,165-3,58478.25,"(5, 33)",taxation,6,0.25,False,True,False
122,231-3,31962.8125,"(43, 24)",taxation,6,0.25,False,True,False
122,25-3,44025.25,"(1, 36)",taxation,6,0.25,False,True,False
122,137-3,44012.375,"(26, 15)",taxation,6,0.25,False,True,False
122,73-3,51259.6875,"(18, 39)",taxation,6,0.25,False,True,False
122,214-3,31950.25,"(46, 35)",taxation,6,0.25,False,True,False
122,21-3,46433.6875,"(3, 17)",taxation,6,0.25,False,True,False
122,201-3,34345.9375,"(45, 13)",taxation,6,0.25,False,True,False
122,169-3,39209.25,"(5, 32)",taxation,6,0.25,False,True,False
122,110-3,56086.75,"(21, 5)",taxation,6,0.25,False,True,False
122,183-3,34378.0625,"(43, 35)",taxation,6,0.25,False,True,False
122,125-3,53639.5,"(36, 30)",taxation,6,0.25,False,True,False
122,168-3,53685.875,"(42, 35)",taxation,6,0.25,False,True,False
122,156-3,36804.625,"(19, 8)",taxation,6,0.25,False,True,False
122,53-3,31949.6875,"(40, 26)",taxation,6,0.25,False,True,False
122,122-3,41600.6875,"(11, 48)",taxation,6,0.25,False,True,False
122,234-3,51220.125,"(10, 41)",taxation,6,0.25,False,True,False
122,134-3,48840.0,"(42, 21)",taxation,6,0.25,False,True,False
122,141-3,39192.375,"(44, 13)",taxation,6,0.25,False,True,False
122,145-3,51237.0,"(7, 15)",taxation,6,0.25,False,True,False
122,209-3,56054.625,"(44, 22)",taxation,6,0.25,False,True,False
122,247-3,44004.75,"(46, 34)",taxation,6,0.25,False,True,False
122,203-3,58463.6875,"(17, 37)",taxation,6,0.25,False,True,False
122,50-3,56061.125,"(17, 40)",taxation,6,0.25,False,True,False
122,45-3,51241.8125,"(3, 37)",taxation,6,0.25,False,True,False
122,78-3,46426.6875,"(44, 27)",taxation,6,0.25,False,True,False
122,147-3,48836.5625,"(41, 13)",taxation,6,0.25,False,True,False
122,193-3,44002.125,"(19, 5)",taxation,6,0.25,False,True,False
122,5-3,22283.625,"(0, 35)",taxation,6,0.25,False,True,False
122,175-3,41581.375,"(11, 47)",taxation,6,0.25,False,True,False
122,196-3,34366.0,"(0, 36)",taxation,6,0.25,False,True,False
122,112-3,53658.625,"(6, 31)",taxation,6,0.25,False,True,False
122,113-3,51222.0625,"(9, 28)",taxation,6,0.25,False,True,False
122,55-3,53635.9375,"(44, 35)",taxation,6,0.25,False,True,False
122,33-3,39169.9375,"(3, 39)",taxation,6,0.25,False,True,False
122,68-3,41603.3125,"(42, 29)",taxation,6,0.25,False,True,False
122,161-3,41592.5,"(13, 48)",taxation,6,0.25,False,True,False
122,100-3,48835.5625,"(45, 7)",taxation,6,0.25,False,True,False
122,155-3,51228.4375,"(9, 15)",taxation,6,0.25,False,True,False
122,41-3,53661.0,"(6, 30)",taxation,6,0.25,False,True,False
122,115-3,53640.3125,"(8, 36)",taxation,6,0.25,False,True,False
122,207-3,39146.8125,"(8, 18)",taxation,6,0.25,False,True,False
122,120-3,56032.5,"(31, 18)",taxation,6,0.25,False,True,False
122,11-3,39137.1875,"(47, 17)",taxation,6,0.25,False,True,False
122,102-3,34346.125,"(41, 25)",taxation,6,0.25,False,True,False
122,130-3,53611.125,"(5, 21)",taxation,6,0.25,False,True,False
122,103-3,48800.875,"(19, 4)",taxation,6,0.25,False,True,False
122,202-3,56038.5,"(20, 0)",taxation,6,0.25,False,True,False
122,164-3,51221.4375,"(24, 14)",taxation,6,0.25,False,True,False
122,2-3,48812.8125,"(41, 22)",taxation,6,0.25,False,True,False
122,186-3,46408.1875,"(39, 27)",taxation,6,0.25,False,True,False
122,85-3,43984.75,"(24, 39)",taxation,6,0.25,False,True,False
122,64-3,48789.0,"(21, 6)",taxation,6,0.25,False,True,False
122,188-3,48802.125,"(5, 22)",taxation,6,0.25,False,True,False
122,32-3,53623.8125,"(7, 39)",taxation,6,0.25,False,True,False
122,57-3,43957.6875,"(22, 4)",taxation,6,0.25,False,True,False
122,132-3,53617.3125,"(9, 39)",taxation,6,0.25,False,True,False
122,163-3,58437.5,"(34, 27)",taxation,6,0.25,False,True,False
122,19-3,51207.0,"(23, 0)",taxation,6,0.25,False,True,False
122,107-3,53604.875,"(10, 44)",taxation,6,0.25,False,True,False
122,221-3,46392.625,"(30, 20)",taxation,6,0.25,False,True,False
122,96-3,56023.375,"(30, 25)",taxation,6,0.25,False,True,False
122,92-3,53603.25,"(10, 42)",taxation,6,0.25,False,True,False
122,116-3,53602.125,"(44, 25)",taxation,6,0.25,False,True,False
123,86-2,65076.0,"(15, 6)",taxation,6,0.25,False,True,False
123,121-2,65080.0,"(41, 15)",taxation,6,0.25,False,True,False
123,18-2,74721.75,"(49, 32)",taxation,6,0.25,False,True,False
123,160-2,58621.0,"(10, 30)",taxation,6,0.25,False,True,False
123,90-2,58664.5,"(47, 33)",taxation,6,0.25,False,True,False
123,80-2,71479.5,"(19, 49)",taxation,6,0.25,False,True,False
123,237-2,52192.75,"(5, 40)",taxation,6,0.25,False,True,False
123,104-2,61873.5,"(47, 31)",taxation,6,0.25,False,True,False
123,27-2,58622.75,"(15, 9)",taxation,6,0.25,False,True,False
123,248-2,65043.25,"(46, 28)",taxation,6,0.25,False,True,False
123,48-2,68234.0,"(10, 43)",taxation,6,0.25,False,True,False
123,184-2,65021.25,"(16, 8)",taxation,6,0.25,False,True,False
123,30-2,74683.25,"(39, 26)",taxation,6,0.25,False,True,False
123,108-2,36100.25,"(11, 45)",taxation,6,0.25,False,True,False
123,166-2,61826.25,"(4, 44)",taxation,6,0.25,False,True,False
123,233-2,61846.25,"(35, 27)",taxation,6,0.25,False,True,False
123,229-2,71528.25,"(0, 39)",taxation,6,0.25,False,True,False
123,236-2,65037.25,"(48, 18)",taxation,6,0.25,False,True,False
123,109-2,65055.5,"(16, 7)",taxation,6,0.25,False,True,False
123,235-2,65026.25,"(36, 23)",taxation,6,0.25,False,True,False
123,62-2,65052.5,"(49, 26)",taxation,6,0.25,False,True,False
123,89-2,68265.75,"(48, 32)",taxation,6,0.25,False,True,False
123,58-2,68229.5,"(49, 25)",taxation,6,0.25,False,True,False
123,61-2,77912.25,"(47, 29)",taxation,6,0.25,False,True,False
123,152-2,68271.25,"(44, 29)",taxation,6,0.25,False,True,False
123,124-2,61827.25,"(13, 49)",taxation,6,0.25,False,True,False
123,97-2,52153.75,"(45, 27)",taxation,6,0.25,False,True,False
123,232-2,39308.25,"(21, 12)",taxation,6,0.25,False,True,False
123,37-2,68252.75,"(46, 18)",taxation,6,0.25,False,True,False
123,7-2,48998.5,"(48, 24)",taxation,6,0.25,False,True,False
123,26-2,52186.75,"(2, 41)",taxation,6,0.25,False,True,False
123,117-2,58621.5,"(49, 34)",taxation,6,0.25,False,True,False
123,82-2,68259.5,"(16, 1)",taxation,6,0.25,False,True,False
123,88-2,65041.0,"(41, 20)",taxation,6,0.25,False,True,False
123,59-2,58587.25,"(11, 21)",taxation,6,0.25,False,True,False
123,52-2,48963.25,"(40, 15)",taxation,6,0.25,False,True,False
123,194-2,58627.5,"(12, 44)",taxation,6,0.25,False,True,False
123,72-2,74665.5,"(9, 41)",taxation,6,0.25,False,True,False
123,199-2,74652.0,"(17, 6)",taxation,6,0.25,False,True,False
123,43-2,65018.75,"(38, 22)",taxation,6,0.25,False,True,False
123,128-2,71466.0,"(16, 3)",taxation,6,0.25,False,True,False
123,84-2,65025.5,"(8, 22)",taxation,6,0.25,False,True,False
123,114-2,74677.75,"(19, 7)",taxation,6,0.25,False,True,False
123,223-2,45735.0,"(19, 11)",taxation,6,0.25,False,True,False
123,123-2,74683.75,"(33, 21)",taxation,6,0.25,False,True,False
123,215-2,71469.5,"(38, 23)",taxation,6,0.25,False,True,False
123,127-2,68233.0,"(7, 40)",taxation,6,0.25,False,True,False
123,24-2,52195.5,"(47, 23)",taxation,6,0.25,False,True,False
123,136-2,52165.5,"(14, 7)",taxation,6,0.25,False,True,False
123,65-2,74662.25,"(12, 19)",taxation,6,0.25,False,True,False
123,14-2,16809.5,"(10, 14)",taxation,6,0.25,False,True,False
123,185-2,65045.5,"(47, 32)",taxation,6,0.25,False,True,False
123,77-2,55381.5,"(8, 45)",taxation,6,0.25,False,True,False
123,36-2,48952.25,"(15, 8)",taxation,6,0.25,False,True,False
123,190-2,65027.75,"(17, 10)",taxation,6,0.25,False,True,False
123,46-2,45731.0,"(4, 41)",taxation,6,0.25,False,True,False
123,218-2,74693.5,"(14, 46)",taxation,6,0.25,False,True,False
123,220-2,71479.0,"(18, 12)",taxation,6,0.25,False,True,False
123,224-2,55367.75,"(49, 22)",taxation,6,0.25,False,True,False
123,129-2,61823.0,"(40, 22)",taxation,6,0.25,False,True,False
123,157-2,61807.25,"(49, 31)",taxation,6,0.25,False,True,False
123,195-2,29635.25,"(20, 49)",taxation,6,0.25,False,True,False
123,8-2,65034.0,"(48, 31)",taxation,6,0.25,False,True,False
123,119-2,65001.0,"(37, 25)",taxation,6,0.25,False,True,False
123,99-2,61794.25,"(12, 10)",taxation,6,0.25,False,True,False
123,135-2,65019.75,"(47, 26)",taxation,6,0.25,False,True,False
123,47-2,45744.75,"(12, 35)",taxation,6,0.25,False,True,False
123,79-2,61811.25,"(11, 13)",taxation,6,0.25,False,True,False
123,87-2,65000.5,"(12, 16)",taxation,6,0.25,False,True,False
123,15-2,58595.75,"(17, 4)",taxation,6,0.25,False,True,False
123,29-2,65019.25,"(12, 48)",taxation,6,0.25,False,True,False
123,178-2,71448.25,"(18, 5)",taxation,6,0.25,False,True,False
123,60-2,68224.25,"(13, 43)",taxation,6,0.25,False,True,False
123,192-2,58571.0,"(13, 17)",taxation,6,0.25,False,True,False
123,49-2,61800.5,"(45, 14)",taxation,6,0.25,False,True,False
123,81-2,61830.25,"(16, 6)",taxation,6,0.25,False,True,False
123,118-2,71438.5,"(5, 41)",taxation,6,0.25,False,True,False
123,34-2,58581.0,"(9, 43)",taxation,6,0.25,False,True,False
123,211-2,42507.75,"(11, 49)",taxation,6,0.25,False,True,False
123,177-2,65017.75,"(44, 21)",taxation,6,0.25,False,True,False
123,39-2,45720.5,"(9, 46)",taxation,6,0.25,False,True,False
123,245-2,71428.75,"(36, 26)",taxation,6,0.25,False,True,False
123,131-2,65009.0,"(48, 35)",taxation,6,0.25,False,True,False
123,213-2,65029.5,"(49, 27)",taxation,6,0.25,False,True,False
123,9-2,55379.25,"(41, 19)",taxation,6,0.25,False,True,False
123,171-2,65021.5,"(13, 35)",taxation,6,0.25,False,True,False
123,230-2,52165.0,"(9, 36)",taxation,6,0.25,False,True,False
123,217-2,39289.5,"(3, 40)",taxation,6,0.25,False,True,False
123,227-2,71433.5,"(25, 7)",taxation,6,0.25,False,True,False
123,244-2,74632.5,"(43, 10)",taxation,6,0.25,False,True,False
123,204-2,71439.5,"(14, 45)",taxation,6,0.25,False,True,False
123,105-2,58552.5,"(36, 6)",taxation,6,0.25,False,True,False
123,239-2,64982.5,"(47, 18)",taxation,6,0.25,False,True,False
123,243-2,61786.5,"(41, 26)",taxation,6,0.25,False,True,False
123,139-3,58567.6875,"(38, 9)",taxation,6,0.25,False,True,False
123,228-3,38474.25,"(10, 49)",taxation,6,0.25,False,True,False
123,197-2,52151.25,"(10, 19)",taxation,6,0.25,False,True,False
123,151-2,52124.25,"(0, 44)",taxation,6,0.25,False,True,False
123,191-2,74619.75,"(19, 47)",taxation,6,0.25,False,True,False
123,153-2,32830.0,"(11, 11)",taxation,6,0.25,False,True,False
123,159-2,52144.5,"(18, 7)",taxation,6,0.25,False,True,False
123,222-2,65013.5,"(10, 12)",taxation,6,0.25,False,True,False
123,200-2,61782.0,"(0, 41)",taxation,6,0.25,False,True,False
123,181-2,64986.250000000015,"(46, 30)",taxation,6,0.25,False,True,False
123,101-2,65009.75,"(9, 47)",taxation,6,0.25,False,True,False
123,35-2,65011.5,"(42, 19)",taxation,6,0.25,False,True,False
123,70-2,68235.0,"(48, 34)",taxation,6,0.25,False,True,False
123,238-2,65003.0,"(44, 8)",taxation,6,0.25,False,True,False
123,158-3,47275.75,"(13, 42)",taxation,6,0.25,False,True,False
123,20-2,61778.0,"(47, 19)",taxation,6,0.25,False,True,False
123,31-3,58534.625,"(11, 28)",taxation,6,0.25,False,True,False
123,179-3,42510.375,"(35, 12)",taxation,6,0.25,False,True,False
123,93-2,29624.0,"(12, 18)",taxation,6,0.25,False,True,False
123,3-2,39250.25,"(14, 13)",taxation,6,0.25,False,True,False
123,143-2,64970.75,"(46, 19)",taxation,6,0.25,False,True,False
123,219-3,56926.75,"(16, 9)",taxation,6,0.25,False,True,False
123,98-3,26447.75,"(3, 41)",taxation,6,0.25,False,True,False
123,138-2,68177.75,"(46, 31)",taxation,6,0.25,False,True,False
123,66-2,71417.75,"(49, 29)",taxation,6,0.25,False,True,False
123,210-2,77841.75,"(17, 1)",taxation,6,0.25,False,True,False
123,150-2,55339.25,"(16, 0)",taxation,6,0.25,False,True,False
123,44-2,42480.0,"(16, 2)",taxation,6,0.25,False,True,False
123,154-3,23179.75,"(12, 36)",taxation,6,0.25,False,True,False
123,126-2,64974.75,"(19, 9)",taxation,6,0.25,False,True,False
123,74-3,56946.0,"(46, 24)",taxation,6,0.25,False,True,False
123,28-3,44891.9375,"(13, 45)",taxation,6,0.25,False,True,False
123,146-3,19983.75,"(47, 30)",taxation,6,0.25,False,True,False
123,176-3,706.25,"(48, 33)",taxation,6,0.25,False,True,False
123,208-3,52122.9375,"(45, 26)",taxation,6,0.25,False,True,False
123,216-2,71390.0,"(47, 6)",taxation,6,0.25,False,True,False
123,187-3,26388.25,"(48, 26)",taxation,6,0.25,False,True,False
123,167-3,51314.3125,"(42, 20)",taxation,6,0.25,False,True,False
123,240-3,16743.75,"(20, 12)",taxation,6,0.25,False,True,False
123,140-3,703.75,"(27, 44)",taxation,6,0.25,False,True,False
123,149-3,44096.75,"(17, 3)",taxation,6,0.25,False,True,False
123,173-3,13569.75,"(45, 31)",taxation,6,0.25,False,True,False
123,246-3,48910.75,"(17, 7)",taxation,6,0.25,False,True,False
123,75-3,46495.75,"(1, 42)",taxation,6,0.25,False,True,False
123,12-2,61754.75,"(16, 5)",taxation,6,0.25,False,True,False
123,1-3,37653.1875,"(49, 23)",taxation,6,0.25,False,True,False
123,17-3,53707.375,"(17, 9)",taxation,6,0.25,False,True,False
123,67-2,48921.75,"(18, 0)",taxation,6,0.25,False,True,False
123,40-3,53741.75,"(18, 11)",taxation,6,0.25,False,True,False
123,23-3,52914.0,"(11, 46)",taxation,6,0.25,False,True,False
123,142-3,32002.8125,"(7, 34)",taxation,6,0.25,False,True,False
123,76-3,48912.562500000015,"(5, 42)",taxation,6,0.25,False,True,False
123,94-3,16761.5,"(27, 4)",taxation,6,0.25,False,True,False
123,241-3,46466.625,"(23, 9)",taxation,6,0.25,False,True,False
123,170-3,44908.3125,"(16, 4)",taxation,6,0.25,False,True,False
123,242-3,22388.9375,"(15, 5)",taxation,6,0.25,False,True,False
123,198-3,46488.625,"(49, 18)",taxation,6,0.25,False,True,False
123,10-3,51299.1875,"(10, 35)",taxation,6,0.25,False,True,False
123,172-3,53688.3125,"(44, 30)",taxation,6,0.25,False,True,False
123,189-3,44086.125,"(41, 21)",taxation,6,0.25,False,True,False
123,206-3,49700.4375,"(49, 33)",taxation,6,0.25,False,True,False
123,182-3,51282.1875,"(45, 33)",taxation,6,0.25,False,True,False
123,42-3,36872.625,"(12, 22)",taxation,6,0.25,False,True,False
123,148-3,39241.9375,"(18, 10)",taxation,6,0.25,False,True,False
123,0-3,34431.4375,"(9, 45)",taxation,6,0.25,False,True,False
123,212-3,51279.8125,"(37, 22)",taxation,6,0.25,False,True,False
123,225-3,51275.5625,"(44, 20)",taxation,6,0.25,False,True,False
123,6-3,56118.5,"(43, 20)",taxation,6,0.25,False,True,False
123,38-3,51309.125,"(49, 30)",taxation,6,0.25,False,True,False
123,54-3,48882.1875,"(11, 14)",taxation,6,0.25,False,True,False
123,63-3,46434.5625,"(13, 44)",taxation,6,0.25,False,True,False
123,144-3,48916.875,"(10, 13)",taxation,6,0.25,False,True,False
123,22-3,56104.75,"(17, 2)",taxation,6,0.25,False,True,False
123,162-3,51266.875,"(9, 40)",taxation,6,0.25,False,True,False
123,249-3,51314.75,"(42, 23)",taxation,6,0.25,False,True,False
123,180-3,48868.6875,"(12, 42)",taxation,6,0.25,False,True,False
123,83-3,53696.5625,"(45, 28)",taxation,6,0.25,False,True,False
123,133-3,44050.25,"(17, 5)",taxation,6,0.25,False,True,False
123,16-3,56111.125,"(17, 8)",taxation,6,0.25,False,True,False
123,51-3,51289.875,"(8, 48)",taxation,6,0.25,False,True,False
123,4-3,36808.6875,"(48, 30)",taxation,6,0.25,False,True,False
123,111-3,53676.6875,"(14, 8)",taxation,6,0.25,False,True,False
123,91-3,53686.0625,"(11, 15)",taxation,6,0.25,False,True,False
123,95-3,56111.875,"(44, 28)",taxation,6,0.25,False,True,False
123,106-3,46461.8125,"(48, 29)",taxation,6,0.25,False,True,False
123,56-3,48869.5625,"(46, 25)",taxation,6,0.25,False,True,False
123,71-3,53671.9375,"(48, 25)",taxation,6,0.25,False,True,False
123,226-3,48853.0625,"(23, 49)",taxation,6,0.25,False,True,False
123,205-3,24760.8125,"(46, 27)",taxation,6,0.25,False,True,False
123,165-3,58485.25,"(8, 37)",taxation,6,0.25,False,True,False
123,231-3,31971.8125,"(46, 26)",taxation,6,0.25,False,True,False
123,25-3,44034.25,"(1, 40)",taxation,6,0.25,False,True,False
123,137-3,44019.375,"(25, 15)",taxation,6,0.25,False,True,False
123,73-3,51266.6875,"(16, 36)",taxation,6,0.25,False,True,False
123,214-3,31958.25,"(45, 36)",taxation,6,0.25,False,True,False
123,21-3,46438.6875,"(9, 21)",taxation,6,0.25,False,True,False
123,201-3,34353.9375,"(45, 18)",taxation,6,0.25,False,True,False
123,169-3,39217.25,"(10, 37)",taxation,6,0.25,False,True,False
123,110-3,56094.75,"(17, 11)",taxation,6,0.25,False,True,False
123,183-3,34387.0625,"(47, 35)",taxation,6,0.25,False,True,False
123,125-3,53646.5,"(37, 26)",taxation,6,0.25,False,True,False
123,168-3,53693.875,"(45, 35)",taxation,6,0.25,False,True,False
123,156-3,36813.625,"(15, 7)",taxation,6,0.25,False,True,False
123,53-3,31957.6875,"(44, 23)",taxation,6,0.25,False,True,False
123,122-3,41608.6875,"(9, 48)",taxation,6,0.25,False,True,False
123,234-3,51228.125,"(9, 42)",taxation,6,0.25,False,True,False
123,134-3,48849.0,"(47, 24)",taxation,6,0.25,False,True,False
123,141-3,39200.375,"(48, 19)",taxation,6,0.25,False,True,False
123,145-3,51245.0,"(12, 11)",taxation,6,0.25,False,True,False
123,209-3,56063.625,"(49, 24)",taxation,6,0.25,False,True,False
123,247-3,44013.75,"(49, 28)",taxation,6,0.25,False,True,False
123,203-3,58470.6875,"(14, 36)",taxation,6,0.25,False,True,False
123,50-3,56068.125,"(14, 39)",taxation,6,0.25,False,True,False
123,45-3,51249.8125,"(2, 42)",taxation,6,0.25,False,True,False
123,78-3,46435.6875,"(47, 27)",taxation,6,0.25,False,True,False
123,147-3,48844.5625,"(44, 18)",taxation,6,0.25,False,True,False
123,193-3,44010.125,"(16, 10)",taxation,6,0.25,False,True,False
123,5-3,22291.625,"(1, 41)",taxation,6,0.25,False,True,False
123,175-3,41590.375,"(6, 43)",taxation,6,0.25,False,True,False
123,196-3,34375.0,"(0, 40)",taxation,6,0.25,False,True,False
123,112-3,53665.625,"(7, 35)",taxation,6,0.25,False,True,False
123,113-3,51228.0625,"(11, 30)",taxation,6,0.25,False,True,False
123,55-3,53644.9375,"(47, 34)",taxation,6,0.25,False,True,False
123,33-3,39177.9375,"(3, 44)",taxation,6,0.25,False,True,False
123,68-3,41612.3125,"(48, 27)",taxation,6,0.25,False,True,False
123,161-3,41600.5,"(8, 47)",taxation,6,0.25,False,True,False
123,100-3,48842.5625,"(46, 13)",taxation,6,0.25,False,True,False
123,155-3,51236.4375,"(12, 12)",taxation,6,0.25,False,True,False
123,41-3,53668.0,"(11, 35)",taxation,6,0.25,False,True,False
123,115-3,53648.3125,"(6, 40)",taxation,6,0.25,False,True,False
123,207-3,39154.8125,"(12, 14)",taxation,6,0.25,False,True,False
123,120-3,56039.5,"(32, 18)",taxation,6,0.25,False,True,False
123,11-3,39146.1875,"(48, 23)",taxation,6,0.25,False,True,False
123,102-3,34354.125,"(43, 22)",taxation,6,0.25,False,True,False
123,130-3,53617.125,"(11, 17)",taxation,6,0.25,False,True,False
123,103-3,48808.875,"(14, 9)",taxation,6,0.25,False,True,False
123,202-3,56047.5,"(18, 1)",taxation,6,0.25,False,True,False
123,164-3,51229.4375,"(19, 12)",taxation,6,0.25,False,True,False
123,2-3,48821.8125,"(47, 21)",taxation,6,0.25,False,True,False
123,186-3,46416.1875,"(39, 23)",taxation,6,0.25,False,True,False
123,85-3,43990.75,"(18, 37)",taxation,6,0.25,False,True,False
123,64-3,48797.0,"(16, 11)",taxation,6,0.25,False,True,False
123,188-3,48807.125,"(10, 22)",taxation,6,0.25,False,True,False
123,32-3,53631.8125,"(3, 42)",taxation,6,0.25,False,True,False
123,57-3,43964.6875,"(22, 9)",taxation,6,0.25,False,True,False
123,132-3,53625.3125,"(8, 41)",taxation,6,0.25,False,True,False
123,163-3,58444.5,"(38, 25)",taxation,6,0.25,False,True,False
123,19-3,51216.0,"(17, 0)",taxation,6,0.25,False,True,False
123,107-3,53612.875,"(9, 44)",taxation,6,0.25,False,True,False
123,221-3,46399.625,"(29, 21)",taxation,6,0.25,False,True,False
123,96-3,56030.375,"(30, 23)",taxation,6,0.25,False,True,False
123,92-3,53611.25,"(8, 44)",taxation,6,0.25,False,True,False
123,116-3,53611.125,"(47, 25)",taxation,6,0.25,False,True,False
123,13-3,46393.6875,"(2, 38)",taxation,6,0.25,False,True,False
123,174-3,53629.125,"(12, 47)",taxation,6,0.25,False,True,False
123,69-3,53590.875,"(2, 39)",taxation,6,0.25,False,True,False
124,86-2,65084.0,"(14, 12)",taxation,6,0.25,False,True,False
124,121-2,65088.0,"(41, 16)",taxation,6,0.25,False,True,False
124,18-2,74722.75,"(46, 32)",taxation,6,0.25,False,True,False
124,160-2,58628.0,"(10, 31)",taxation,6,0.25,False,True,False
124,90-2,58666.5,"(41, 33)",taxation,6,0.25,False,True,False
124,80-2,71486.5,"(17, 49)",taxation,6,0.25,False,True,False
124,104-2,61875.5,"(41, 31)",taxation,6,0.25,False,True,False
124,27-2,58630.75,"(17, 15)",taxation,6,0.25,False,True,False
124,248-2,65045.25,"(40, 29)",taxation,6,0.25,False,True,False
124,48-2,68243.0,"(4, 49)",taxation,6,0.25,False,True,False
124,30-2,74691.25,"(40, 24)",taxation,6,0.25,False,True,False
124,108-2,36109.25,"(5, 46)",taxation,6,0.25,False,True,False
124,166-2,61835.25,"(1, 48)",taxation,6,0.25,False,True,False
124,233-2,61854.25,"(38, 24)",taxation,6,0.25,False,True,False
124,229-2,71536.25,"(0, 42)",taxation,6,0.25,False,True,False
124,236-2,65045.25,"(47, 16)",taxation,6,0.25,False,True,False
124,109-2,65063.5,"(15, 13)",taxation,6,0.25,False,True,False
124,235-2,65034.25,"(35, 19)",taxation,6,0.25,False,True,False
124,62-2,65053.5,"(46, 23)",taxation,6,0.25,False,True,False
124,89-2,68267.75,"(42, 26)",taxation,6,0.25,False,True,False
124,58-2,68238.5,"(49, 21)",taxation,6,0.25,False,True,False
124,61-2,77914.25,"(41, 29)",taxation,6,0.25,False,True,False
124,152-2,68274.25,"(38, 29)",taxation,6,0.25,False,True,False
124,124-2,61834.25,"(12, 49)",taxation,6,0.25,False,True,False
124,97-2,52155.75,"(41, 27)",taxation,6,0.25,False,True,False
124,232-2,39316.25,"(23, 13)",taxation,6,0.25,False,True,False
124,37-2,68261.75,"(46, 21)",taxation,6,0.25,False,True,False
124,7-2,48999.5,"(48, 21)",taxation,6,0.25,False,True,False
124,26-2,52195.75,"(0, 47)",taxation,6,0.25,False,True,False
124,117-2,58622.5,"(44, 34)",taxation,6,0.25,False,True,False
124,82-2,68260.5,"(19, 1)",taxation,6,0.25,False,True,False
124,88-2,65049.0,"(39, 18)",taxation,6,0.25,False,True,False
124,59-2,58595.25,"(15, 17)",taxation,6,0.25,False,True,False
124,52-2,48971.25,"(40, 16)",taxation,6,0.25,False,True,False
124,194-2,58635.5,"(7, 41)",taxation,6,0.25,False,True,False
124,72-2,74673.5,"(6, 45)",taxation,6,0.25,False,True,False
124,199-2,74654.0,"(21, 10)",taxation,6,0.25,False,True,False
124,43-2,65026.75,"(36, 18)",taxation,6,0.25,False,True,False
124,128-2,71467.0,"(18, 3)",taxation,6,0.25,False,True,False
124,84-2,65033.5,"(14, 18)",taxation,6,0.25,False,True,False
124,114-2,74681.75,"(24, 10)",taxation,6,0.25,False,True,False
124,223-2,45743.0,"(20, 14)",taxation,6,0.25,False,True,False
124,123-2,74691.75,"(33, 17)",taxation,6,0.25,False,True,False
124,215-2,71477.5,"(38, 18)",taxation,6,0.25,False,True,False
124,127-2,68241.0,"(6, 41)",taxation,6,0.25,False,True,False
124,24-2,52201.5,"(42, 17)",taxation,6,0.25,False,True,False
124,136-2,52173.5,"(13, 12)",taxation,6,0.25,False,True,False
124,65-2,74669.25,"(13, 18)",taxation,6,0.25,False,True,False
124,14-2,16818.5,"(13, 10)",taxation,6,0.25,False,True,False
124,185-2,65047.5,"(41, 32)",taxation,6,0.25,False,True,False
124,77-2,55390.5,"(3, 49)",taxation,6,0.25,False,True,False
124,36-2,48960.25,"(18, 14)",taxation,6,0.25,False,True,False
124,190-2,65035.75,"(16, 13)",taxation,6,0.25,False,True,False
124,46-2,45740.0,"(1, 47)",taxation,6,0.25,False,True,False
124,218-2,74701.5,"(12, 43)",taxation,6,0.25,False,True,False
124,220-2,71488.0,"(18, 13)",taxation,6,0.25,False,True,False
124,224-2,55376.75,"(49, 20)",taxation,6,0.25,False,True,False
124,129-2,61832.0,"(46, 22)",taxation,6,0.25,False,True,False
124,157-2,61808.25,"(45, 32)",taxation,6,0.25,False,True,False
124,195-2,29642.25,"(18, 47)",taxation,6,0.25,False,True,False
124,8-2,65036.0,"(42, 25)",taxation,6,0.25,False,True,False
124,119-2,65008.0,"(37, 27)",taxation,6,0.25,False,True,False
124,99-2,61803.25,"(15, 11)",taxation,6,0.25,False,True,False
124,135-2,65021.75,"(42, 22)",taxation,6,0.25,False,True,False
124,47-2,45752.75,"(12, 39)",taxation,6,0.25,False,True,False
124,79-2,61819.25,"(13, 15)",taxation,6,0.25,False,True,False
124,87-2,65008.5,"(17, 17)",taxation,6,0.25,False,True,False
124,15-2,58604.75,"(15, 10)",taxation,6,0.25,False,True,False
124,29-2,65027.25,"(6, 48)",taxation,6,0.25,False,True,False
124,178-2,71454.25,"(23, 11)",taxation,6,0.25,False,True,False
124,60-2,68232.25,"(11, 43)",taxation,6,0.25,False,True,False
124,192-2,58579.0,"(14, 16)",taxation,6,0.25,False,True,False
124,49-2,61808.5,"(45, 15)",taxation,6,0.25,False,True,False
124,81-2,61838.25,"(11, 12)",taxation,6,0.25,False,True,False
124,118-2,71447.5,"(3, 46)",taxation,6,0.25,False,True,False
124,34-2,58590.0,"(4, 47)",taxation,6,0.25,False,True,False
124,211-2,42515.75,"(5, 48)",taxation,6,0.25,False,True,False
124,177-2,65025.75,"(43, 18)",taxation,6,0.25,False,True,False
124,39-2,45729.5,"(8, 46)",taxation,6,0.25,False,True,False
124,245-2,71436.75,"(33, 22)",taxation,6,0.25,False,True,False
124,131-2,65010.0,"(46, 35)",taxation,6,0.25,False,True,False
124,213-2,65031.5,"(43, 21)",taxation,6,0.25,False,True,False
124,9-2,55388.25,"(45, 22)",taxation,6,0.25,False,True,False
124,171-2,65028.5,"(14, 35)",taxation,6,0.25,False,True,False
124,230-2,52172.0,"(11, 36)",taxation,6,0.25,False,True,False
124,217-2,39298.5,"(6, 44)",taxation,6,0.25,False,True,False
124,227-2,71439.5,"(26, 11)",taxation,6,0.25,False,True,False
124,244-2,74640.5,"(47, 13)",taxation,6,0.25,False,True,False
124,204-2,71447.5,"(8, 42)",taxation,6,0.25,False,True,False
124,105-2,58559.5,"(36, 12)",taxation,6,0.25,False,True,False
124,239-2,64990.5,"(47, 15)",taxation,6,0.25,False,True,False
124,243-2,61794.5,"(35, 20)",taxation,6,0.25,False,True,False
124,139-3,58575.6875,"(44, 15)",taxation,6,0.25,False,True,False
124,228-3,38482.25,"(7, 49)",taxation,6,0.25,False,True,False
124,197-2,52159.25,"(12, 15)",taxation,6,0.25,False,True,False
124,151-2,52133.25,"(0, 46)",taxation,6,0.25,False,True,False
124,191-2,74626.75,"(18, 46)",taxation,6,0.25,False,True,False
124,153-2,32838.0,"(16, 15)",taxation,6,0.25,False,True,False
124,159-2,52149.5,"(24, 12)",taxation,6,0.25,False,True,False
124,222-2,65021.5,"(12, 13)",taxation,6,0.25,False,True,False
124,200-2,61790.0,"(1, 43)",taxation,6,0.25,False,True,False
124,181-2,64988.250000000015,"(41, 30)",taxation,6,0.25,False,True,False
124,101-2,65018.75,"(8, 49)",taxation,6,0.25,False,True,False
124,35-2,65019.5,"(42, 18)",taxation,6,0.25,False,True,False
124,70-2,68236.0,"(46, 34)",taxation,6,0.25,False,True,False
124,238-2,65011.0,"(48, 13)",taxation,6,0.25,False,True,False
124,158-3,47283.75,"(12, 40)",taxation,6,0.25,False,True,False
124,20-2,61787.0,"(48, 20)",taxation,6,0.25,False,True,False
124,31-3,58541.625,"(12, 31)",taxation,6,0.25,False,True,False
124,179-3,42518.375,"(36, 17)",taxation,6,0.25,False,True,False
124,93-2,29632.0,"(16, 17)",taxation,6,0.25,False,True,False
124,3-2,39258.25,"(14, 14)",taxation,6,0.25,False,True,False
124,143-2,64978.75,"(46, 16)",taxation,6,0.25,False,True,False
124,219-3,56934.75,"(16, 14)",taxation,6,0.25,False,True,False
124,98-3,26456.75,"(5, 44)",taxation,6,0.25,False,True,False
124,138-2,68179.75,"(40, 31)",taxation,6,0.25,False,True,False
124,66-2,71419.75,"(43, 23)",taxation,6,0.25,False,True,False
124,210-2,77843.75,"(23, 5)",taxation,6,0.25,False,True,False
124,150-2,55340.25,"(18, 2)",taxation,6,0.25,False,True,False
124,44-2,42482.0,"(20, 7)",taxation,6,0.25,False,True,False
124,154-3,23187.75,"(12, 38)",taxation,6,0.25,False,True,False
124,126-2,64982.75,"(20, 15)",taxation,6,0.25,False,True,False
124,74-3,56949.0,"(41, 18)",taxation,6,0.25,False,True,False
124,28-3,44899.9375,"(7, 48)",taxation,6,0.25,False,True,False
124,146-3,19984.75,"(44, 31)",taxation,6,0.25,False,True,False
124,176-3,707.25,"(45, 34)",taxation,6,0.25,False,True,False
124,208-3,52125.9375,"(39, 20)",taxation,6,0.25,False,True,False
124,216-2,71397.0,"(46, 7)",taxation,6,0.25,False,True,False
124,187-3,26389.25,"(45, 25)",taxation,6,0.25,False,True,False
124,167-3,51322.3125,"(41, 17)",taxation,6,0.25,False,True,False
124,240-3,16751.75,"(22, 14)",taxation,6,0.25,False,True,False
124,140-3,709.75,"(25, 44)",taxation,6,0.25,False,True,False
124,149-3,44098.75,"(22, 5)",taxation,6,0.25,False,True,False
124,173-3,13576.75,"(39, 29)",taxation,6,0.25,False,True,False
124,246-3,48918.75,"(13, 13)",taxation,6,0.25,False,True,False
124,75-3,46504.75,"(1, 45)",taxation,6,0.25,False,True,False
124,12-2,61756.75,"(22, 8)",taxation,6,0.25,False,True,False
124,1-3,37661.1875,"(49, 17)",taxation,6,0.25,False,True,False
124,17-3,53716.375,"(17, 13)",taxation,6,0.25,False,True,False
124,67-2,48923.75,"(24, 0)",taxation,6,0.25,False,True,False
124,40-3,53750.75,"(17, 12)",taxation,6,0.25,False,True,False
124,23-3,52922.0,"(11, 44)",taxation,6,0.25,False,True,False
124,142-3,32010.8125,"(6, 39)",taxation,6,0.25,False,True,False
124,76-3,48921.562500000015,"(2, 48)",taxation,6,0.25,False,True,False
124,94-3,16768.5,"(23, 10)",taxation,6,0.25,False,True,False
124,241-3,46474.625,"(23, 14)",taxation,6,0.25,False,True,False
124,170-3,44910.3125,"(22, 6)",taxation,6,0.25,False,True,False
124,242-3,22390.9375,"(21, 8)",taxation,6,0.25,False,True,False
124,198-3,46496.625,"(49, 16)",taxation,6,0.25,False,True,False
124,10-3,51307.1875,"(12, 37)",taxation,6,0.25,False,True,False
124,172-3,53691.3125,"(38, 27)",taxation,6,0.25,False,True,False
124,189-3,44094.125,"(40, 17)",taxation,6,0.25,False,True,False
124,206-3,49701.4375,"(46, 33)",taxation,6,0.25,False,True,False
124,182-3,51284.1875,"(41, 35)",taxation,6,0.25,False,True,False
124,42-3,36880.625,"(18, 17)",taxation,6,0.25,False,True,False
124,148-3,39249.9375,"(21, 15)",taxation,6,0.25,False,True,False
124,0-3,34439.4375,"(6, 47)",taxation,6,0.25,False,True,False
124,212-3,51287.8125,"(38, 20)",taxation,6,0.25,False,True,False
124,225-3,51283.5625,"(44, 16)",taxation,6,0.25,False,True,False
124,6-3,56126.5,"(40, 18)",taxation,6,0.25,False,True,False
124,38-3,51310.125,"(46, 29)",taxation,6,0.25,False,True,False
124,54-3,48890.1875,"(14, 15)",taxation,6,0.25,False,True,False
124,63-3,46442.5625,"(7, 47)",taxation,6,0.25,False,True,False
124,144-3,48923.875,"(15, 16)",taxation,6,0.25,False,True,False
124,22-3,56106.75,"(23, 2)",taxation,6,0.25,False,True,False
124,162-3,51275.875,"(4, 45)",taxation,6,0.25,False,True,False
124,249-3,51322.75,"(38, 19)",taxation,6,0.25,False,True,False
124,180-3,48876.6875,"(6, 46)",taxation,6,0.25,False,True,False
124,83-3,53698.5625,"(41, 28)",taxation,6,0.25,False,True,False
124,133-3,44052.25,"(22, 7)",taxation,6,0.25,False,True,False
124,16-3,56119.125,"(17, 14)",taxation,6,0.25,False,True,False
124,51-3,51298.875,"(5, 49)",taxation,6,0.25,False,True,False
124,4-3,36809.6875,"(45, 30)",taxation,6,0.25,False,True,False
124,111-3,53685.6875,"(13, 9)",taxation,6,0.25,False,True,False
124,91-3,53695.0625,"(14, 11)",taxation,6,0.25,False,True,False
124,95-3,56114.875,"(38, 28)",taxation,6,0.25,False,True,False
124,106-3,46470.8125,"(45, 23)",taxation,6,0.25,False,True,False
124,56-3,48871.5625,"(42, 24)",taxation,6,0.25,False,True,False
124,71-3,53680.9375,"(48, 22)",taxation,6,0.25,False,True,False
124,226-3,48860.0625,"(18, 49)",taxation,6,0.25,False,True,False
124,205-3,24769.8125,"(47, 28)",taxation,6,0.25,False,True,False
124,165-3,58493.25,"(8, 38)",taxation,6,0.25,False,True,False
124,231-3,31978.8125,"(46, 20)",taxation,6,0.25,False,True,False
124,25-3,44043.25,"(2, 44)",taxation,6,0.25,False,True,False
124,137-3,44027.375,"(23, 15)",taxation,6,0.25,False,True,False
124,73-3,51274.6875,"(13, 36)",taxation,6,0.25,False,True,False
124,214-3,31960.25,"(41, 36)",taxation,6,0.25,False,True,False
124,21-3,46446.6875,"(13, 16)",taxation,6,0.25,False,True,False
124,201-3,34362.9375,"(45, 21)",taxation,6,0.25,False,True,False
124,169-3,39225.25,"(9, 38)",taxation,6,0.25,False,True,False
124,110-3,56102.75,"(22, 15)",taxation,6,0.25,False,True,False
124,183-3,34389.0625,"(42, 36)",taxation,6,0.25,False,True,False
124,125-3,53654.5,"(34, 22)",taxation,6,0.25,False,True,False
124,168-3,53695.875,"(40, 35)",taxation,6,0.25,False,True,False
124,156-3,36816.625,"(20, 13)",taxation,6,0.25,False,True,False
124,53-3,31965.6875,"(45, 19)",taxation,6,0.25,False,True,False
124,122-3,41617.6875,"(4, 48)",taxation,6,0.25,False,True,False
124,234-3,51237.125,"(3, 48)",taxation,6,0.25,False,True,False
124,134-3,48851.0,"(44, 19)",taxation,6,0.25,False,True,False
124,141-3,39208.375,"(48, 16)",taxation,6,0.25,False,True,False
124,145-3,51253.0,"(15, 15)",taxation,6,0.25,False,True,False
124,209-3,56070.625,"(43, 19)",taxation,6,0.25,False,True,False
124,247-3,44014.75,"(45, 29)",taxation,6,0.25,False,True,False
124,203-3,58478.6875,"(8, 40)",taxation,6,0.25,False,True,False
124,50-3,56075.125,"(16, 39)",taxation,6,0.25,False,True,False
124,45-3,51258.8125,"(1, 46)",taxation,6,0.25,False,True,False
124,78-3,46437.6875,"(41, 23)",taxation,6,0.25,False,True,False
124,147-3,48852.5625,"(42, 16)",taxation,6,0.25,False,True,False
124,193-3,44018.125,"(20, 16)",taxation,6,0.25,False,True,False
124,5-3,22300.625,"(0, 45)",taxation,6,0.25,False,True,False
124,175-3,41599.375,"(4, 46)",taxation,6,0.25,False,True,False
124,196-3,34383.0,"(0, 43)",taxation,6,0.25,False,True,False
124,112-3,53672.625,"(6, 36)",taxation,6,0.25,False,True,False
124,113-3,51235.0625,"(11, 31)",taxation,6,0.25,False,True,False
124,55-3,53646.9375,"(41, 34)",taxation,6,0.25,False,True,False
124,33-3,39186.9375,"(2, 47)",taxation,6,0.25,False,True,False
124,68-3,41621.3125,"(48, 28)",taxation,6,0.25,False,True,False
124,161-3,41609.5,"(2, 49)",taxation,6,0.25,False,True,False
124,100-3,48850.5625,"(46, 14)",taxation,6,0.25,False,True,False
124,155-3,51245.4375,"(14, 10)",taxation,6,0.25,False,True,False
124,41-3,53675.0,"(11, 37)",taxation,6,0.25,False,True,False
124,115-3,53656.3125,"(5, 43)",taxation,6,0.25,False,True,False
124,207-3,39163.8125,"(13, 11)",taxation,6,0.25,False,True,False
124,120-3,56047.5,"(33, 18)",taxation,6,0.25,False,True,False
124,11-3,39154.1875,"(46, 17)",taxation,6,0.25,False,True,False
124,102-3,34363.125,"(49, 19)",taxation,6,0.25,False,True,False
124,130-3,53626.125,"(16, 12)",taxation,6,0.25,False,True,False
124,103-3,48816.875,"(13, 14)",taxation,6,0.25,False,True,False
124,202-3,56049.5,"(23, 3)",taxation,6,0.25,False,True,False
124,164-3,51237.4375,"(19, 14)",taxation,6,0.25,False,True,False
124,2-3,48830.8125,"(47, 22)",taxation,6,0.25,False,True,False
124,186-3,46424.1875,"(39, 19)",taxation,6,0.25,False,True,False
124,85-3,43997.75,"(18, 36)",taxation,6,0.25,False,True,False
124,64-3,48805.0,"(15, 12)",taxation,6,0.25,False,True,False
124,188-3,48815.125,"(15, 18)",taxation,6,0.25,False,True,False
124,32-3,53640.8125,"(0, 48)",taxation,6,0.25,False,True,False
124,57-3,43971.6875,"(25, 14)",taxation,6,0.25,False,True,False
124,132-3,53633.3125,"(5, 39)",taxation,6,0.25,False,True,False
124,163-3,58452.5,"(36, 20)",taxation,6,0.25,False,True,False
124,19-3,51218.0,"(23, 4)",taxation,6,0.25,False,True,False
124,107-3,53621.875,"(3, 47)",taxation,6,0.25,False,True,False
124,221-3,46407.625,"(30, 18)",taxation,6,0.25,False,True,False
124,96-3,56038.375,"(30, 17)",taxation,6,0.25,False,True,False
124,92-3,53619.25,"(5, 45)",taxation,6,0.25,False,True,False
124,116-3,53620.125,"(45, 24)",taxation,6,0.25,False,True,False
124,13-3,46401.6875,"(2, 40)",taxation,6,0.25,False,True,False
124,174-3,53637.125,"(6, 49)",taxation,6,0.25,False,True,False
124,69-3,53598.875,"(2, 43)",taxation,6,0.25,False,True,False
124,184-3,48771.9375,"(19, 13)",taxation,6,0.25,False,True,False
124,237-3,39151.3125,"(2, 46)",taxation,6,0.25,False,True,False
125,86-2,65090.0,"(18, 15)",taxation,6,0.25,False,True,False
125,160-2,58636.0,"(9, 31)",taxation,6,0.25,False,True,False
125,80-2,71494.5,"(16, 48)",taxation,6,0.25,False,True,False
125,104-2,61882.5,"(35, 30)",taxation,6,0.25,False,True,False
125,27-2,58638.75,"(18, 19)",taxation,6,0.25,False,True,False
125,248-2,65050.25,"(34, 23)",taxation,6,0.25,False,True,False
125,48-2,68245.0,"(10, 48)",taxation,6,0.25,False,True,False
125,108-2,36118.25,"(1, 44)",taxation,6,0.25,False,True,False
125,166-2,61844.25,"(2, 45)",taxation,6,0.25,False,True,False
125,233-2,61862.25,"(34, 21)",taxation,6,0.25,False,True,False
125,229-2,71544.25,"(0, 38)",taxation,6,0.25,False,True,False
125,236-2,65053.25,"(48, 11)",taxation,6,0.25,False,True,False
125,109-2,65071.5,"(16, 16)",taxation,6,0.25,False,True,False
125,235-2,65042.25,"(34, 19)",taxation,6,0.25,False,True,False
125,62-2,65055.5,"(44, 22)",taxation,6,0.25,False,True,False
125,89-2,68271.75,"(37, 28)",taxation,6,0.25,False,True,False
125,58-2,68241.5,"(48, 15)",taxation,6,0.25,False,True,False
125,61-2,77918.25,"(37, 31)",taxation,6,0.25,False,True,False
125,152-2,68282.25,"(32, 25)",taxation,6,0.25,False,True,False
125,124-2,61841.25,"(14, 49)",taxation,6,0.25,False,True,False
125,97-2,52159.75,"(37, 30)",taxation,6,0.25,False,True,False
125,232-2,39324.25,"(26, 17)",taxation,6,0.25,False,True,False
125,37-2,68268.75,"(42, 15)",taxation,6,0.25,False,True,False
125,7-2,49001.5,"(45, 20)",taxation,6,0.25,False,True,False
125,26-2,52196.75,"(0, 44)",taxation,6,0.25,False,True,False
125,117-2,58625.5,"(39, 34)",taxation,6,0.25,False,True,False
125,82-2,68263.5,"(24, 1)",taxation,6,0.25,False,True,False
125,88-2,65057.0,"(34, 13)",taxation,6,0.25,False,True,False
125,59-2,58602.25,"(17, 21)",taxation,6,0.25,False,True,False
125,52-2,48979.25,"(39, 15)",taxation,6,0.25,False,True,False
125,194-2,58643.5,"(8, 39)",taxation,6,0.25,False,True,False
125,72-2,74680.5,"(12, 41)",taxation,6,0.25,False,True,False
125,199-2,74663.0,"(27, 16)",taxation,6,0.25,False,True,False
125,43-2,65034.75,"(35, 18)",taxation,6,0.25,False,True,False
125,128-2,71471.0,"(24, 8)",taxation,6,0.25,False,True,False
125,84-2,65041.5,"(16, 19)",taxation,6,0.25,False,True,False
125,114-2,74689.75,"(23, 16)",taxation,6,0.25,False,True,False
125,223-2,45751.0,"(21, 17)",taxation,6,0.25,False,True,False
125,123-2,74699.75,"(32, 16)",taxation,6,0.25,False,True,False
125,215-2,71485.5,"(37, 19)",taxation,6,0.25,False,True,False
125,127-2,68249.0,"(4, 36)",taxation,6,0.25,False,True,False
125,24-2,52210.5,"(47, 14)",taxation,6,0.25,False,True,False
125,136-2,52181.5,"(17, 18)",taxation,6,0.25,False,True,False
125,65-2,74677.25,"(13, 21)",taxation,6,0.25,False,True,False
125,14-2,16824.5,"(19, 15)",taxation,6,0.25,False,True,False
125,185-2,65051.5,"(36, 32)",taxation,6,0.25,False,True,False
125,77-2,55398.5,"(7, 45)",taxation,6,0.25,False,True,False
125,36-2,48968.25,"(21, 18)",taxation,6,0.25,False,True,False
125,190-2,65043.75,"(20, 19)",taxation,6,0.25,False,True,False
125,46-2,45741.0,"(1, 42)",taxation,6,0.25,False,True,False
125,218-2,74709.5,"(13, 46)",taxation,6,0.25,False,True,False
125,220-2,71496.0,"(22, 19)",taxation,6,0.25,False,True,False
125,224-2,55378.75,"(48, 17)",taxation,6,0.25,False,True,False
125,129-2,61840.0,"(43, 16)",taxation,6,0.25,False,True,False
125,157-2,61811.25,"(39, 33)",taxation,6,0.25,False,True,False
125,195-2,29650.25,"(16, 44)",taxation,6,0.25,False,True,False
125,8-2,65040.0,"(37, 23)",taxation,6,0.25,False,True,False
125,119-2,65016.0,"(33, 23)",taxation,6,0.25,False,True,False
125,99-2,61811.25,"(19, 17)",taxation,6,0.25,False,True,False
125,135-2,65029.75,"(38, 21)",taxation,6,0.25,False,True,False
125,47-2,45760.75,"(17, 41)",taxation,6,0.25,False,True,False
125,79-2,61826.25,"(10, 21)",taxation,6,0.25,False,True,False
125,87-2,65016.5,"(18, 18)",taxation,6,0.25,False,True,False
125,15-2,58608.75,"(21, 14)",taxation,6,0.25,False,True,False
125,29-2,65036.25,"(5, 47)",taxation,6,0.25,False,True,False
125,178-2,71462.25,"(28, 17)",taxation,6,0.25,False,True,False
125,60-2,68240.25,"(12, 46)",taxation,6,0.25,False,True,False
125,192-2,58587.0,"(15, 20)",taxation,6,0.25,False,True,False
125,49-2,61816.5,"(48, 12)",taxation,6,0.25,False,True,False
125,81-2,61846.25,"(17, 16)",taxation,6,0.25,False,True,False
125,118-2,71448.5,"(4, 44)",taxation,6,0.25,False,True,False
125,34-2,58592.0,"(10, 45)",taxation,6,0.25,False,True,False
125,211-2,42524.75,"(3, 45)",taxation,6,0.25,False,True,False
125,177-2,65033.75,"(44, 14)",taxation,6,0.25,False,True,False
125,39-2,45736.5,"(14, 48)",taxation,6,0.25,False,True,False
125,245-2,71444.75,"(32, 21)",taxation,6,0.25,False,True,False
125,131-2,65012.0,"(44, 35)",taxation,6,0.25,False,True,False
125,213-2,65035.5,"(37, 20)",taxation,6,0.25,False,True,False
125,9-2,55391.25,"(40, 20)",taxation,6,0.25,False,True,False
125,171-2,65036.5,"(15, 33)",taxation,6,0.25,False,True,False
125,230-2,52180.0,"(10, 32)",taxation,6,0.25,False,True,False
125,217-2,39306.5,"(11, 42)",taxation,6,0.25,False,True,False
125,227-2,71447.5,"(32, 13)",taxation,6,0.25,False,True,False
125,244-2,74649.5,"(48, 14)",taxation,6,0.25,False,True,False
125,204-2,71455.5,"(7, 44)",taxation,6,0.25,False,True,False
125,105-2,58567.5,"(38, 12)",taxation,6,0.25,False,True,False
125,239-2,64998.5,"(47, 11)",taxation,6,0.25,False,True,False
125,243-2,61802.5,"(32, 20)",taxation,6,0.25,False,True,False
125,139-3,58583.6875,"(42, 11)",taxation,6,0.25,False,True,False
125,228-3,38484.25,"(10, 44)",taxation,6,0.25,False,True,False
125,197-2,52167.25,"(12, 21)",taxation,6,0.25,False,True,False
125,151-2,52134.25,"(2, 42)",taxation,6,0.25,False,True,False
125,191-2,74634.75,"(17, 45)",taxation,6,0.25,False,True,False
125,153-2,32846.0,"(17, 20)",taxation,6,0.25,False,True,False
125,159-2,52157.5,"(23, 17)",taxation,6,0.25,False,True,False
125,222-2,65027.5,"(14, 17)",taxation,6,0.25,False,True,False
125,200-2,61798.0,"(1, 38)",taxation,6,0.25,False,True,False
125,181-2,64995.250000000015,"(35, 28)",taxation,6,0.25,False,True,False
125,101-2,65026.75,"(13, 47)",taxation,6,0.25,False,True,False
125,35-2,65027.5,"(43, 15)",taxation,6,0.25,False,True,False
125,70-2,68239.0,"(40, 34)",taxation,6,0.25,False,True,False
125,238-2,65019.0,"(49, 11)",taxation,6,0.25,False,True,False
125,158-3,47291.75,"(11, 41)",taxation,6,0.25,False,True,False
125,20-2,61789.0,"(45, 17)",taxation,6,0.25,False,True,False
125,31-3,58549.625,"(13, 31)",taxation,6,0.25,False,True,False
125,179-3,42526.375,"(36, 14)",taxation,6,0.25,False,True,False
125,93-2,29640.0,"(16, 21)",taxation,6,0.25,False,True,False
125,3-2,39266.25,"(17, 19)",taxation,6,0.25,False,True,False
125,143-2,64986.75,"(47, 12)",taxation,6,0.25,False,True,False
125,219-3,56942.75,"(18, 16)",taxation,6,0.25,False,True,False
125,98-3,26464.75,"(5, 38)",taxation,6,0.25,False,True,False
125,138-2,68184.75,"(34, 29)",taxation,6,0.25,False,True,False
125,66-2,71423.75,"(37, 18)",taxation,6,0.25,False,True,False
125,210-2,77848.75,"(26, 10)",taxation,6,0.25,False,True,False
125,150-2,55343.25,"(24, 2)",taxation,6,0.25,False,True,False
125,44-2,42487.0,"(25, 12)",taxation,6,0.25,False,True,False
125,154-3,23195.75,"(12, 32)",taxation,6,0.25,False,True,False
125,126-2,64990.75,"(22, 18)",taxation,6,0.25,False,True,False
125,74-3,56957.0,"(37, 14)",taxation,6,0.25,False,True,False
125,28-3,44901.9375,"(11, 48)",taxation,6,0.25,False,True,False
125,146-3,19988.75,"(38, 26)",taxation,6,0.25,False,True,False
125,176-3,710.25,"(40, 36)",taxation,6,0.25,False,True,False
125,208-3,52133.9375,"(33, 20)",taxation,6,0.25,False,True,False
125,216-2,71405.0,"(46, 8)",taxation,6,0.25,False,True,False
125,187-3,26392.25,"(39, 22)",taxation,6,0.25,False,True,False
125,167-3,51330.3125,"(38, 16)",taxation,6,0.25,False,True,False
125,240-3,16759.75,"(24, 20)",taxation,6,0.25,False,True,False
125,140-3,716.75,"(25, 45)",taxation,6,0.25,False,True,False
125,149-3,44104.75,"(27, 11)",taxation,6,0.25,False,True,False
125,173-3,13584.75,"(34, 24)",taxation,6,0.25,False,True,False
125,246-3,48925.75,"(19, 19)",taxation,6,0.25,False,True,False
125,75-3,46506.75,"(3, 39)",taxation,6,0.25,False,True,False
125,12-2,61763.75,"(26, 13)",taxation,6,0.25,False,True,False
125,1-3,37669.1875,"(49, 12)",taxation,6,0.25,False,True,False
125,17-3,53724.375,"(20, 17)",taxation,6,0.25,False,True,False
125,67-2,48927.75,"(29, 0)",taxation,6,0.25,False,True,False
125,40-3,53758.75,"(23, 18)",taxation,6,0.25,False,True,False
125,23-3,52930.0,"(12, 45)",taxation,6,0.25,False,True,False
125,142-3,32018.8125,"(6, 37)",taxation,6,0.25,False,True,False
125,76-3,48922.562500000015,"(3, 44)",taxation,6,0.25,False,True,False
125,94-3,16776.5,"(22, 16)",taxation,6,0.25,False,True,False
125,241-3,46482.625,"(25, 16)",taxation,6,0.25,False,True,False
125,170-3,44916.3125,"(26, 12)",taxation,6,0.25,False,True,False
125,242-3,22398.9375,"(26, 14)",taxation,6,0.25,False,True,False
125,198-3,46505.625,"(49, 13)",taxation,6,0.25,False,True,False
125,10-3,51315.1875,"(13, 32)",taxation,6,0.25,False,True,False
125,172-3,53699.3125,"(34, 26)",taxation,6,0.25,False,True,False
125,189-3,44102.125,"(39, 16)",taxation,6,0.25,False,True,False
125,206-3,49704.4375,"(40, 33)",taxation,6,0.25,False,True,False
125,182-3,51290.1875,"(35, 29)",taxation,6,0.25,False,True,False
125,42-3,36888.625,"(22, 20)",taxation,6,0.25,False,True,False
125,148-3,39257.9375,"(21, 19)",taxation,6,0.25,False,True,False
125,0-3,34441.4375,"(10, 46)",taxation,6,0.25,False,True,False
125,212-3,51296.8125,"(38, 17)",taxation,6,0.25,False,True,False
125,225-3,51291.5625,"(42, 12)",taxation,6,0.25,False,True,False
125,6-3,56133.5,"(35, 17)",taxation,6,0.25,False,True,False
125,38-3,51312.125,"(43, 29)",taxation,6,0.25,False,True,False
125,54-3,48897.1875,"(18, 20)",taxation,6,0.25,False,True,False
125,63-3,46444.5625,"(10, 47)",taxation,6,0.25,False,True,False
125,144-3,48931.875,"(16, 20)",taxation,6,0.25,False,True,False
125,22-3,56110.75,"(27, 5)",taxation,6,0.25,False,True,False
125,162-3,51278.875,"(10, 39)",taxation,6,0.25,False,True,False
125,249-3,51330.75,"(37, 16)",taxation,6,0.25,False,True,False
125,180-3,48879.6875,"(10, 40)",taxation,6,0.25,False,True,False
125,83-3,53703.5625,"(35, 23)",taxation,6,0.25,False,True,False
125,133-3,44059.25,"(27, 13)",taxation,6,0.25,False,True,False
125,16-3,56127.125,"(23, 20)",taxation,6,0.25,False,True,False
125,51-3,51305.875,"(7, 43)",taxation,6,0.25,False,True,False
125,4-3,36812.6875,"(39, 32)",taxation,6,0.25,False,True,False
125,111-3,53689.6875,"(15, 14)",taxation,6,0.25,False,True,False
125,91-3,53700.0625,"(10, 17)",taxation,6,0.25,False,True,False
125,95-3,56122.875,"(34, 25)",taxation,6,0.25,False,True,False
125,106-3,46472.8125,"(44, 24)",taxation,6,0.25,False,True,False
125,56-3,48875.5625,"(37, 24)",taxation,6,0.25,False,True,False
125,71-3,53683.9375,"(45, 16)",taxation,6,0.25,False,True,False
125,226-3,48868.0625,"(17, 48)",taxation,6,0.25,False,True,False
125,205-3,24771.8125,"(44, 26)",taxation,6,0.25,False,True,False
125,165-3,58501.25,"(2, 35)",taxation,6,0.25,False,True,False
125,231-3,31980.8125,"(47, 17)",taxation,6,0.25,False,True,False
125,25-3,44050.25,"(6, 38)",taxation,6,0.25,False,True,False
125,137-3,44035.375,"(26, 18)",taxation,6,0.25,False,True,False
125,73-3,51282.6875,"(15, 36)",taxation,6,0.25,False,True,False
125,214-3,31964.25,"(37, 38)",taxation,6,0.25,False,True,False
125,21-3,46453.6875,"(13, 22)",taxation,6,0.25,False,True,False
125,201-3,34364.9375,"(42, 21)",taxation,6,0.25,False,True,False
125,169-3,39233.25,"(7, 37)",taxation,6,0.25,False,True,False
125,110-3,56110.75,"(23, 19)",taxation,6,0.25,False,True,False
125,183-3,34393.0625,"(38, 38)",taxation,6,0.25,False,True,False
125,125-3,53662.5,"(32, 23)",taxation,6,0.25,False,True,False
125,168-3,53700.875,"(34, 41)",taxation,6,0.25,False,True,False
125,156-3,36824.625,"(22, 17)",taxation,6,0.25,False,True,False
125,53-3,31974.6875,"(46, 15)",taxation,6,0.25,False,True,False
125,122-3,41625.6875,"(9, 49)",taxation,6,0.25,False,True,False
125,234-3,51239.125,"(8, 43)",taxation,6,0.25,False,True,False
125,134-3,48858.0,"(43, 14)",taxation,6,0.25,False,True,False
125,141-3,39217.375,"(49, 14)",taxation,6,0.25,False,True,False
125,145-3,51261.0,"(14, 21)",taxation,6,0.25,False,True,False
125,209-3,56079.625,"(39, 17)",taxation,6,0.25,False,True,False
125,247-3,44017.75,"(40, 30)",taxation,6,0.25,False,True,False
125,203-3,58486.6875,"(4, 35)",taxation,6,0.25,False,True,False
125,50-3,56083.125,"(17, 42)",taxation,6,0.25,False,True,False
125,45-3,51260.8125,"(4, 40)",taxation,6,0.25,False,True,False
125,78-3,46444.6875,"(35, 21)",taxation,6,0.25,False,True,False
125,147-3,48860.5625,"(41, 14)",taxation,6,0.25,False,True,False
125,193-3,44026.125,"(20, 18)",taxation,6,0.25,False,True,False
125,5-3,22302.625,"(1, 39)",taxation,6,0.25,False,True,False
125,175-3,41608.375,"(3, 43)",taxation,6,0.25,False,True,False
125,196-3,34393.0,"(0, 49)",taxation,6,0.25,False,True,False
125,112-3,53680.625,"(0, 37)",taxation,6,0.25,False,True,False
125,113-3,51243.0625,"(14, 31)",taxation,6,0.25,False,True,False
125,55-3,53650.9375,"(37, 32)",taxation,6,0.25,False,True,False
125,33-3,39196.9375,"(1, 49)",taxation,6,0.25,False,True,False
125,68-3,41623.3125,"(44, 27)",taxation,6,0.25,False,True,False
125,161-3,41617.5,"(7, 46)",taxation,6,0.25,False,True,False
125,100-3,48858.5625,"(46, 10)",taxation,6,0.25,False,True,False
125,155-3,51250.4375,"(11, 16)",taxation,6,0.25,False,True,False
125,41-3,53683.0,"(14, 34)",taxation,6,0.25,False,True,False
125,115-3,53665.3125,"(4, 43)",taxation,6,0.25,False,True,False
125,207-3,39168.8125,"(7, 17)",taxation,6,0.25,False,True,False
125,120-3,56055.5,"(33, 16)",taxation,6,0.25,False,True,False
125,11-3,39162.1875,"(46, 12)",taxation,6,0.25,False,True,False
125,102-3,34372.125,"(49, 15)",taxation,6,0.25,False,True,False
125,130-3,53631.125,"(16, 18)",taxation,6,0.25,False,True,False
125,103-3,48822.875,"(11, 18)",taxation,6,0.25,False,True,False
125,202-3,56054.5,"(28, 9)",taxation,6,0.25,False,True,False
125,164-3,51244.4375,"(24, 16)",taxation,6,0.25,False,True,False
125,2-3,48832.8125,"(47, 20)",taxation,6,0.25,False,True,False
125,186-3,46432.1875,"(38, 15)",taxation,6,0.25,False,True,False
125,85-3,44005.75,"(18, 34)",taxation,6,0.25,False,True,False
125,64-3,48813.0,"(19, 18)",taxation,6,0.25,False,True,False
125,188-3,48823.125,"(15, 21)",taxation,6,0.25,False,True,False
125,32-3,53642.8125,"(6, 42)",taxation,6,0.25,False,True,False
125,57-3,43979.6875,"(24, 15)",taxation,6,0.25,False,True,False
125,132-3,53641.3125,"(4, 38)",taxation,6,0.25,False,True,False
125,163-3,58461.5,"(37, 17)",taxation,6,0.25,False,True,False
125,19-3,51223.0,"(26, 9)",taxation,6,0.25,False,True,False
125,107-3,53623.875,"(7, 42)",taxation,6,0.25,False,True,False
125,221-3,46415.625,"(29, 18)",taxation,6,0.25,False,True,False
125,96-3,56046.375,"(29, 17)",taxation,6,0.25,False,True,False
125,92-3,53622.25,"(11, 40)",taxation,6,0.25,False,True,False
125,116-3,53623.125,"(39, 21)",taxation,6,0.25,False,True,False
125,13-3,46408.6875,"(7, 38)",taxation,6,0.25,False,True,False
125,174-3,53639.125,"(11, 47)",taxation,6,0.25,False,True,False
125,69-3,53606.875,"(3, 38)",taxation,6,0.25,False,True,False
125,184-3,48779.9375,"(19, 16)",taxation,6,0.25,False,True,False
125,237-3,39159.3125,"(4, 42)",taxation,6,0.25,False,True,False
125,90-3,44005.875,"(36, 27)",taxation,6,0.25,False,True,False
125,18-3,56044.3125,"(40, 32)",taxation,6,0.25,False,True,False
125,121-3,48822.0,"(39, 12)",taxation,6,0.25,False,True,False
125,30-3,56022.9375,"(34, 20)",taxation,6,0.25,False,True,False
126,86-2,65098.0,"(24, 21)",taxation,6,0.25,False,True,False
126,160-2,58645.0,"(15, 31)",taxation,6,0.25,False,True,False
126,80-2,71502.5,"(19, 45)",taxation,6,0.25,False,True,False
126,104-2,61890.5,"(29, 28)",taxation,6,0.25,False,True,False
126,248-2,65058.25,"(31, 19)",taxation,6,0.25,False,True,False
126,48-2,68249.0,"(16, 46)",taxation,6,0.25,False,True,False
126,108-2,36120.25,"(3, 42)",taxation,6,0.25,False,True,False
126,166-2,61846.25,"(2, 41)",taxation,6,0.25,False,True,False
126,233-2,61871.25,"(31, 23)",taxation,6,0.25,False,True,False
126,236-2,65061.25,"(48, 7)",taxation,6,0.25,False,True,False
126,109-2,65079.5,"(16, 22)",taxation,6,0.25,False,True,False
126,235-2,65051.25,"(29, 20)",taxation,6,0.25,False,True,False
126,62-2,65058.5,"(43, 24)",taxation,6,0.25,False,True,False
126,89-2,68277.75,"(33, 28)",taxation,6,0.25,False,True,False
126,58-2,68250.5,"(48, 10)",taxation,6,0.25,False,True,False
126,61-2,77925.25,"(31, 26)",taxation,6,0.25,False,True,False
126,152-2,68291.25,"(28, 22)",taxation,6,0.25,False,True,False
126,124-2,61849.25,"(16, 45)",taxation,6,0.25,False,True,False
126,232-2,39332.25,"(26, 19)",taxation,6,0.25,False,True,False
126,37-2,68277.75,"(48, 9)",taxation,6,0.25,False,True,False
126,7-2,49007.5,"(39, 14)",taxation,6,0.25,False,True,False
126,26-2,52198.75,"(0, 41)",taxation,6,0.25,False,True,False
126,117-2,58631.5,"(33, 33)",taxation,6,0.25,False,True,False
126,82-2,68268.5,"(28, 3)",taxation,6,0.25,False,True,False
126,88-2,65066.0,"(33, 13)",taxation,6,0.25,False,True,False
126,59-2,58610.25,"(17, 23)",taxation,6,0.25,False,True,False
126,52-2,48987.25,"(39, 10)",taxation,6,0.25,False,True,False
126,194-2,58651.5,"(13, 33)",taxation,6,0.25,False,True,False
126,72-2,74687.5,"(16, 35)",taxation,6,0.25,False,True,False
126,199-2,74672.0,"(27, 18)",taxation,6,0.25,False,True,False
126,43-2,65043.75,"(30, 21)",taxation,6,0.25,False,True,False
126,128-2,71478.0,"(27, 12)",taxation,6,0.25,False,True,False
126,84-2,65049.5,"(17, 22)",taxation,6,0.25,False,True,False
126,114-2,74697.75,"(25, 18)",taxation,6,0.25,False,True,False
126,223-2,45759.0,"(24, 22)",taxation,6,0.25,False,True,False
126,123-2,74706.75,"(30, 15)",taxation,6,0.25,False,True,False
126,215-2,71492.5,"(37, 13)",taxation,6,0.25,False,True,False
126,127-2,68257.0,"(7, 31)",taxation,6,0.25,False,True,False
126,24-2,52219.5,"(47, 8)",taxation,6,0.25,False,True,False
126,136-2,52189.5,"(19, 23)",taxation,6,0.25,False,True,False
126,65-2,74685.25,"(12, 23)",taxation,6,0.25,False,True,False
126,14-2,16832.5,"(25, 20)",taxation,6,0.25,False,True,False
126,185-2,65058.5,"(30, 27)",taxation,6,0.25,False,True,False
126,77-2,55401.5,"(13, 48)",taxation,6,0.25,False,True,False
126,36-2,48977.25,"(27, 21)",taxation,6,0.25,False,True,False
126,190-2,65051.75,"(20, 21)",taxation,6,0.25,False,True,False
126,46-2,45746.0,"(7, 36)",taxation,6,0.25,False,True,False
126,218-2,74717.5,"(15, 48)",taxation,6,0.25,False,True,False
126,220-2,71504.0,"(24, 19)",taxation,6,0.25,False,True,False
126,224-2,55382.75,"(46, 11)",taxation,6,0.25,False,True,False
126,129-2,61849.0,"(47, 10)",taxation,6,0.25,False,True,False
126,157-2,61816.25,"(36, 34)",taxation,6,0.25,False,True,False
126,195-2,29658.25,"(22, 49)",taxation,6,0.25,False,True,False
126,8-2,65046.0,"(33, 24)",taxation,6,0.25,False,True,False
126,119-2,65024.0,"(27, 23)",taxation,6,0.25,False,True,False
126,99-2,61819.25,"(21, 22)",taxation,6,0.25,False,True,False
126,135-2,65035.75,"(32, 19)",taxation,6,0.25,False,True,False
126,47-2,45768.75,"(21, 38)",taxation,6,0.25,False,True,False
126,79-2,61834.25,"(11, 24)",taxation,6,0.25,False,True,False
126,87-2,65024.5,"(19, 24)",taxation,6,0.25,False,True,False
126,15-2,58617.75,"(27, 19)",taxation,6,0.25,False,True,False
126,29-2,65038.25,"(8, 47)",taxation,6,0.25,False,True,False
126,178-2,71470.25,"(27, 17)",taxation,6,0.25,False,True,False
126,60-2,68248.25,"(18, 42)",taxation,6,0.25,False,True,False
126,192-2,58595.0,"(15, 22)",taxation,6,0.25,False,True,False
126,49-2,61824.5,"(45, 8)",taxation,6,0.25,False,True,False
126,81-2,61853.25,"(11, 19)",taxation,6,0.25,False,True,False
126,118-2,71451.5,"(10, 41)",taxation,6,0.25,False,True,False
126,34-2,58597.0,"(15, 39)",taxation,6,0.25,False,True,False
126,211-2,42527.75,"(9, 39)",taxation,6,0.25,False,True,False
126,177-2,65041.75,"(42, 8)",taxation,6,0.25,False,True,False
126,39-2,45742.5,"(17, 43)",taxation,6,0.25,False,True,False
126,245-2,71452.75,"(30, 19)",taxation,6,0.25,False,True,False
126,131-2,65016.0,"(39, 35)",taxation,6,0.25,False,True,False
126,213-2,65043.5,"(34, 15)",taxation,6,0.25,False,True,False
126,9-2,55397.25,"(36, 15)",taxation,6,0.25,False,True,False
126,171-2,65044.5,"(17, 31)",taxation,6,0.25,False,True,False
126,230-2,52189.0,"(16, 32)",taxation,6,0.25,False,True,False
126,217-2,39314.5,"(17, 39)",taxation,6,0.25,False,True,False
126,227-2,71456.5,"(32, 14)",taxation,6,0.25,False,True,False
126,244-2,74658.5,"(48, 8)",taxation,6,0.25,False,True,False
126,204-2,71459.5,"(11, 39)",taxation,6,0.25,False,True,False
126,105-2,58575.5,"(39, 11)",taxation,6,0.25,False,True,False
126,239-2,65007.5,"(47, 9)",taxation,6,0.25,False,True,False
126,243-2,61810.5,"(28, 24)",taxation,6,0.25,False,True,False
126,139-3,58591.6875,"(42, 9)",taxation,6,0.25,False,True,False
126,228-3,38489.25,"(16, 42)",taxation,6,0.25,False,True,False
126,197-2,52175.25,"(11, 22)",taxation,6,0.25,False,True,False
126,151-2,52137.25,"(3, 37)",taxation,6,0.25,False,True,False
126,191-2,74642.75,"(22, 47)",taxation,6,0.25,False,True,False
126,153-2,32854.0,"(18, 22)",taxation,6,0.25,False,True,False
126,159-2,52165.5,"(25, 17)",taxation,6,0.25,False,True,False
126,222-2,65034.5,"(9, 20)",taxation,6,0.25,False,True,False
126,200-2,61803.0,"(2, 33)",taxation,6,0.25,False,True,False
126,181-2,65003.250000000015,"(30, 31)",taxation,6,0.25,False,True,False
126,101-2,65031.75,"(16, 41)",taxation,6,0.25,False,True,False
126,35-2,65036.5,"(46, 9)",taxation,6,0.25,False,True,False
126,70-2,68244.0,"(35, 36)",taxation,6,0.25,False,True,False
126,238-2,65028.0,"(49, 10)",taxation,6,0.25,False,True,False
126,158-3,47299.75,"(15, 35)",taxation,6,0.25,False,True,False
126,20-2,61796.0,"(41, 11)",taxation,6,0.25,False,True,False
126,31-3,58557.625,"(13, 30)",taxation,6,0.25,False,True,False
126,179-3,42534.375,"(40, 8)",taxation,6,0.25,False,True,False
126,93-2,29648.0,"(16, 23)",taxation,6,0.25,False,True,False
126,3-2,39274.25,"(20, 24)",taxation,6,0.25,False,True,False
126,143-2,64994.75,"(49, 7)",taxation,6,0.25,False,True,False
126,219-3,56950.75,"(21, 21)",taxation,6,0.25,False,True,False
126,98-3,26471.75,"(11, 33)",taxation,6,0.25,False,True,False
126,138-2,68192.75,"(30, 29)",taxation,6,0.25,False,True,False
126,66-2,71431.75,"(31, 16)",taxation,6,0.25,False,True,False
126,210-2,77856.75,"(27, 14)",taxation,6,0.25,False,True,False
126,150-2,55348.25,"(26, 6)",taxation,6,0.25,False,True,False
126,44-2,42495.0,"(26, 16)",taxation,6,0.25,False,True,False
126,154-3,23204.75,"(14, 32)",taxation,6,0.25,False,True,False
126,126-2,64999.75,"(28, 21)",taxation,6,0.25,False,True,False
126,74-3,56965.0,"(37, 12)",taxation,6,0.25,False,True,False
126,28-3,44905.9375,"(15, 43)",taxation,6,0.25,False,True,False
126,146-3,19994.75,"(33, 26)",taxation,6,0.25,False,True,False
126,176-3,715.25,"(36, 36)",taxation,6,0.25,False,True,False
126,208-3,52141.9375,"(27, 20)",taxation,6,0.25,False,True,False
126,216-2,71413.0,"(48, 6)",taxation,6,0.25,False,True,False
126,187-3,26399.25,"(34, 17)",taxation,6,0.25,False,True,False
126,167-3,51338.3125,"(38, 10)",taxation,6,0.25,False,True,False
126,240-3,16768.75,"(28, 20)",taxation,6,0.25,False,True,False
126,140-3,724.75,"(24, 45)",taxation,6,0.25,False,True,False
126,149-3,44111.75,"(29, 12)",taxation,6,0.25,False,True,False
126,173-3,13592.75,"(29, 25)",taxation,6,0.25,False,True,False
126,246-3,48933.75,"(20, 22)",taxation,6,0.25,False,True,False
126,75-3,46512.75,"(9, 35)",taxation,6,0.25,False,True,False
126,12-2,61771.75,"(28, 16)",taxation,6,0.25,False,True,False
126,1-3,37678.1875,"(49, 9)",taxation,6,0.25,False,True,False
126,17-3,53732.375,"(20, 23)",taxation,6,0.25,False,True,False
126,67-2,48933.75,"(34, 0)",taxation,6,0.25,False,True,False
126,40-3,53766.75,"(25, 21)",taxation,6,0.25,False,True,False
126,23-3,52936.0,"(17, 44)",taxation,6,0.25,False,True,False
126,142-3,32026.8125,"(8, 32)",taxation,6,0.25,False,True,False
126,76-3,48925.562500000015,"(7, 39)",taxation,6,0.25,False,True,False
126,94-3,16785.5,"(28, 19)",taxation,6,0.25,False,True,False
126,241-3,46490.625,"(25, 22)",taxation,6,0.25,False,True,False
126,170-3,44923.3125,"(28, 13)",taxation,6,0.25,False,True,False
126,242-3,22405.9375,"(29, 14)",taxation,6,0.25,False,True,False
126,198-3,46514.625,"(49, 8)",taxation,6,0.25,False,True,False
126,10-3,51324.1875,"(17, 32)",taxation,6,0.25,False,True,False
126,172-3,53707.3125,"(29, 26)",taxation,6,0.25,False,True,False
126,189-3,44110.125,"(36, 10)",taxation,6,0.25,False,True,False
126,206-3,49709.4375,"(36, 33)",taxation,6,0.25,False,True,False
126,182-3,51297.1875,"(29, 29)",taxation,6,0.25,False,True,False
126,42-3,36896.625,"(22, 22)",taxation,6,0.25,False,True,False
126,148-3,39265.9375,"(23, 21)",taxation,6,0.25,False,True,False
126,0-3,34448.4375,"(16, 49)",taxation,6,0.25,False,True,False
126,212-3,51303.8125,"(38, 13)",taxation,6,0.25,False,True,False
126,225-3,51299.5625,"(42, 7)",taxation,6,0.25,False,True,False
126,6-3,56141.5,"(33, 15)",taxation,6,0.25,False,True,False
126,38-3,51316.125,"(38, 34)",taxation,6,0.25,False,True,False
126,54-3,48905.1875,"(19, 21)",taxation,6,0.25,False,True,False
126,63-3,46451.5625,"(15, 49)",taxation,6,0.25,False,True,False
126,144-3,48939.875,"(18, 23)",taxation,6,0.25,False,True,False
126,22-3,56117.75,"(31, 9)",taxation,6,0.25,False,True,False
126,162-3,51285.875,"(13, 34)",taxation,6,0.25,False,True,False
126,249-3,51338.75,"(37, 10)",taxation,6,0.25,False,True,False
126,180-3,48887.6875,"(10, 34)",taxation,6,0.25,False,True,False
126,83-3,53711.5625,"(29, 23)",taxation,6,0.25,False,True,False
126,133-3,44066.25,"(29, 13)",taxation,6,0.25,False,True,False
126,16-3,56136.125,"(26, 22)",taxation,6,0.25,False,True,False
126,51-3,51309.875,"(13, 37)",taxation,6,0.25,False,True,False
126,4-3,36818.6875,"(33, 27)",taxation,6,0.25,False,True,False
126,111-3,53696.6875,"(11, 20)",taxation,6,0.25,False,True,False
126,91-3,53708.0625,"(15, 23)",taxation,6,0.25,False,True,False
126,95-3,56130.875,"(29, 27)",taxation,6,0.25,False,True,False
126,106-3,46476.8125,"(38, 30)",taxation,6,0.25,False,True,False
126,56-3,48883.5625,"(31, 24)",taxation,6,0.25,False,True,False
126,71-3,53691.9375,"(40, 10)",taxation,6,0.25,False,True,False
126,226-3,48876.0625,"(22, 48)",taxation,6,0.25,False,True,False
126,205-3,24775.8125,"(38, 32)",taxation,6,0.25,False,True,False
126,165-3,58509.25,"(2, 34)",taxation,6,0.25,False,True,False
126,231-3,31987.8125,"(41, 12)",taxation,6,0.25,False,True,False
126,25-3,44057.25,"(12, 34)",taxation,6,0.25,False,True,False
126,137-3,44044.375,"(28, 18)",taxation,6,0.25,False,True,False
126,73-3,51290.6875,"(15, 32)",taxation,6,0.25,False,True,False
126,214-3,31970.25,"(32, 38)",taxation,6,0.25,False,True,False
126,21-3,46461.6875,"(13, 23)",taxation,6,0.25,False,True,False
126,201-3,34369.9375,"(36, 19)",taxation,6,0.25,False,True,False
126,169-3,39240.25,"(8, 31)",taxation,6,0.25,False,True,False
126,110-3,56118.75,"(25, 19)",taxation,6,0.25,False,True,False
126,183-3,34399.0625,"(32, 37)",taxation,6,0.25,False,True,False
126,125-3,53670.5,"(28, 25)",taxation,6,0.25,False,True,False
126,168-3,53707.875,"(29, 44)",taxation,6,0.25,False,True,False
126,156-3,36832.625,"(22, 23)",taxation,6,0.25,False,True,False
126,53-3,31981.6875,"(43, 9)",taxation,6,0.25,False,True,False
126,122-3,41629.6875,"(15, 47)",taxation,6,0.25,False,True,False
126,234-3,51244.125,"(14, 37)",taxation,6,0.25,False,True,False
126,134-3,48867.0,"(45, 9)",taxation,6,0.25,False,True,False
126,141-3,39222.375,"(44, 10)",taxation,6,0.25,False,True,False
126,145-3,51269.0,"(14, 22)",taxation,6,0.25,False,True,False
126,209-3,56088.625,"(33, 14)",taxation,6,0.25,False,True,False
126,247-3,44022.75,"(36, 29)",taxation,6,0.25,False,True,False
126,203-3,58494.6875,"(3, 34)",taxation,6,0.25,False,True,False
126,50-3,56091.125,"(22, 45)",taxation,6,0.25,False,True,False
126,45-3,51266.8125,"(5, 34)",taxation,6,0.25,False,True,False
126,78-3,46451.6875,"(29, 24)",taxation,6,0.25,False,True,False
126,147-3,48868.5625,"(41, 8)",taxation,6,0.25,False,True,False
126,193-3,44034.125,"(24, 18)",taxation,6,0.25,False,True,False
126,5-3,22308.625,"(7, 33)",taxation,6,0.25,False,True,False
126,175-3,41615.375,"(2, 37)",taxation,6,0.25,False,True,False
126,196-3,34395.0,"(6, 43)",taxation,6,0.25,False,True,False
126,112-3,53685.625,"(3, 33)",taxation,6,0.25,False,True,False
126,113-3,51251.0625,"(14, 30)",taxation,6,0.25,False,True,False
126,55-3,53656.9375,"(33, 31)",taxation,6,0.25,False,True,False
126,33-3,39197.9375,"(1, 48)",taxation,6,0.25,False,True,False
126,68-3,41627.3125,"(38, 33)",taxation,6,0.25,False,True,False
126,161-3,41620.5,"(10, 42)",taxation,6,0.25,False,True,False
126,100-3,48866.5625,"(47, 7)",taxation,6,0.25,False,True,False
126,155-3,51257.4375,"(9, 22)",taxation,6,0.25,False,True,False
126,41-3,53691.0,"(14, 33)",taxation,6,0.25,False,True,False
126,115-3,53668.3125,"(4, 39)",taxation,6,0.25,False,True,False
126,207-3,39176.8125,"(11, 23)",taxation,6,0.25,False,True,False
126,120-3,56063.5,"(27, 22)",taxation,6,0.25,False,True,False
126,11-3,39170.1875,"(43, 8)",taxation,6,0.25,False,True,False
126,102-3,34377.125,"(44, 9)",taxation,6,0.25,False,True,False
126,130-3,53639.125,"(18, 21)",taxation,6,0.25,False,True,False
126,103-3,48829.875,"(10, 23)",taxation,6,0.25,False,True,False
126,202-3,56062.5,"(30, 12)",taxation,6,0.25,False,True,False
126,164-3,51251.4375,"(29, 16)",taxation,6,0.25,False,True,False
126,2-3,48835.8125,"(44, 17)",taxation,6,0.25,False,True,False
126,186-3,46440.1875,"(37, 11)",taxation,6,0.25,False,True,False
126,85-3,44014.75,"(18, 33)",taxation,6,0.25,False,True,False
126,64-3,48821.0,"(19, 22)",taxation,6,0.25,False,True,False
126,188-3,48831.125,"(14, 24)",taxation,6,0.25,False,True,False
126,32-3,53647.8125,"(11, 38)",taxation,6,0.25,False,True,False
126,57-3,43986.6875,"(28, 15)",taxation,6,0.25,False,True,False
126,132-3,53649.3125,"(9, 32)",taxation,6,0.25,False,True,False
126,163-3,58468.5,"(34, 12)",taxation,6,0.25,False,True,False
126,19-3,51231.0,"(31, 13)",taxation,6,0.25,False,True,False
126,107-3,53627.875,"(10, 38)",taxation,6,0.25,False,True,False
126,221-3,46423.625,"(26, 20)",taxation,6,0.25,False,True,False
126,96-3,56055.375,"(29, 19)",taxation,6,0.25,False,True,False
126,92-3,53630.25,"(11, 34)",taxation,6,0.25,False,True,False
126,116-3,53629.125,"(35, 15)",taxation,6,0.25,False,True,False
126,13-3,46416.6875,"(9, 34)",taxation,6,0.25,False,True,False
126,174-3,53646.125,"(16, 47)",taxation,6,0.25,False,True,False
126,69-3,53612.875,"(8, 33)",taxation,6,0.25,False,True,False
126,184-3,48787.9375,"(24, 17)",taxation,6,0.25,False,True,False
126,237-3,39163.3125,"(5, 36)",taxation,6,0.25,False,True,False
126,90-3,44012.875,"(30, 22)",taxation,6,0.25,False,True,False
126,18-3,56049.3125,"(36, 31)",taxation,6,0.25,False,True,False
126,121-3,48830.0,"(40, 9)",taxation,6,0.25,False,True,False
126,30-3,56030.9375,"(31, 15)",taxation,6,0.25,False,True,False
126,97-3,39124.3125,"(33, 30)",taxation,6,0.25,False,True,False
126,229-3,53662.6875,"(4, 34)",taxation,6,0.25,False,True,False
126,27-3,43985.0625,"(21, 23)",taxation,6,0.25,False,True,False
127,104-2,61899.5,"(23, 32)",taxation,6,0.25,False,True,False
127,248-2,65065.25,"(31, 14)",taxation,6,0.25,False,True,False
127,48-2,68257.0,"(22, 46)",taxation,6,0.25,False,True,False
127,108-2,36124.25,"(4, 37)",taxation,6,0.25,False,True,False
127,236-2,65070.25,"(49, 3)",taxation,6,0.25,False,True,False
127,109-2,65087.5,"(15, 25)",taxation,6,0.25,False,True,False
127,235-2,65060.25,"(26, 23)",taxation,6,0.25,False,True,False
127,62-2,65062.5,"(43, 25)",taxation,6,0.25,False,True,False
127,89-2,68285.75,"(28, 31)",taxation,6,0.25,False,True,False
127,58-2,68259.5,"(49, 4)",taxation,6,0.25,False,True,False
127,61-2,77933.25,"(28, 30)",taxation,6,0.25,False,True,False
127,152-2,68299.25,"(24, 27)",taxation,6,0.25,False,True,False
127,124-2,61856.25,"(22, 41)",taxation,6,0.25,False,True,False
127,232-2,39340.25,"(20, 25)",taxation,6,0.25,False,True,False
127,37-2,68285.75,"(42, 3)",taxation,6,0.25,False,True,False
127,7-2,49014.5,"(36, 13)",taxation,6,0.25,False,True,False
127,26-2,52203.75,"(3, 35)",taxation,6,0.25,False,True,False
127,82-2,68275.5,"(32, 4)",taxation,6,0.25,False,True,False
127,88-2,65073.0,"(31, 12)",taxation,6,0.25,False,True,False
127,59-2,58618.25,"(16, 25)",taxation,6,0.25,False,True,False
127,52-2,48996.25,"(41, 6)",taxation,6,0.25,False,True,False
127,194-2,58659.5,"(16, 29)",taxation,6,0.25,False,True,False
127,72-2,74696.5,"(22, 33)",taxation,6,0.25,False,True,False
127,199-2,74679.0,"(30, 24)",taxation,6,0.25,False,True,False
127,43-2,65052.75,"(25, 26)",taxation,6,0.25,False,True,False
127,128-2,71485.0,"(29, 11)",taxation,6,0.25,False,True,False
127,84-2,65057.5,"(16, 24)",taxation,6,0.25,False,True,False
127,114-2,74704.75,"(22, 21)",taxation,6,0.25,False,True,False
127,223-2,45767.0,"(23, 27)",taxation,6,0.25,False,True,False
127,123-2,74714.75,"(32, 11)",taxation,6,0.25,False,True,False
127,215-2,71499.5,"(33, 10)",taxation,6,0.25,False,True,False
127,127-2,68266.0,"(9, 25)",taxation,6,0.25,False,True,False
127,24-2,52228.5,"(46, 2)",taxation,6,0.25,False,True,False
127,136-2,52198.5,"(18, 26)",taxation,6,0.25,False,True,False
127,65-2,74693.25,"(11, 25)",taxation,6,0.25,False,True,False
127,14-2,16839.5,"(27, 25)",taxation,6,0.25,False,True,False
127,185-2,65066.5,"(28, 28)",taxation,6,0.25,False,True,False
127,77-2,55406.5,"(16, 43)",taxation,6,0.25,False,True,False
127,36-2,48986.25,"(25, 25)",taxation,6,0.25,False,True,False
127,190-2,65059.75,"(18, 24)",taxation,6,0.25,False,True,False
127,46-2,45753.0,"(7, 30)",taxation,6,0.25,False,True,False
127,218-2,74723.5,"(21, 42)",taxation,6,0.25,False,True,False
127,220-2,71512.0,"(21, 25)",taxation,6,0.25,False,True,False
127,224-2,55391.75,"(43, 7)",taxation,6,0.25,False,True,False
127,129-2,61856.0,"(43, 6)",taxation,6,0.25,False,True,False
127,157-2,61823.25,"(31, 35)",taxation,6,0.25,False,True,False
127,195-2,29667.25,"(24, 49)",taxation,6,0.25,False,True,False
127,8-2,65054.0,"(28, 26)",taxation,6,0.25,False,True,False
127,119-2,65032.0,"(25, 24)",taxation,6,0.25,False,True,False
127,99-2,61828.25,"(22, 24)",taxation,6,0.25,False,True,False
127,135-2,65042.75,"(33, 25)",taxation,6,0.25,False,True,False
127,47-2,45777.75,"(23, 36)",taxation,6,0.25,False,True,False
127,79-2,61843.25,"(11, 26)",taxation,6,0.25,False,True,False
127,87-2,65032.5,"(19, 26)",taxation,6,0.25,False,True,False
127,15-2,58625.75,"(26, 24)",taxation,6,0.25,False,True,False
127,29-2,65043.25,"(14, 42)",taxation,6,0.25,False,True,False
127,178-2,71478.25,"(26, 21)",taxation,6,0.25,False,True,False
127,60-2,68257.25,"(23, 39)",taxation,6,0.25,False,True,False
127,192-2,58604.0,"(14, 26)",taxation,6,0.25,False,True,False
127,49-2,61832.5,"(47, 2)",taxation,6,0.25,False,True,False
127,81-2,61862.25,"(13, 25)",taxation,6,0.25,False,True,False
127,118-2,71457.5,"(15, 38)",taxation,6,0.25,False,True,False
127,34-2,58606.0,"(21, 33)",taxation,6,0.25,False,True,False
127,211-2,42534.75,"(15, 34)",taxation,6,0.25,False,True,False
127,177-2,65050.75,"(45, 2)",taxation,6,0.25,False,True,False
127,39-2,45751.5,"(23, 45)",taxation,6,0.25,False,True,False
127,245-2,71459.75,"(29, 22)",taxation,6,0.25,False,True,False
127,131-2,65022.0,"(35, 37)",taxation,6,0.25,False,True,False
127,213-2,65051.5,"(35, 11)",taxation,6,0.25,False,True,False
127,9-2,55404.25,"(33, 11)",taxation,6,0.25,False,True,False
127,171-2,65053.5,"(21, 31)",taxation,6,0.25,False,True,False
127,230-2,52198.0,"(16, 30)",taxation,6,0.25,False,True,False
127,217-2,39323.5,"(21, 36)",taxation,6,0.25,False,True,False
127,227-2,71463.5,"(32, 15)",taxation,6,0.25,False,True,False
127,244-2,74666.5,"(48, 2)",taxation,6,0.25,False,True,False
127,204-2,71466.5,"(16, 34)",taxation,6,0.25,False,True,False
127,105-2,58583.5,"(41, 10)",taxation,6,0.25,False,True,False
127,239-2,65016.5,"(47, 3)",taxation,6,0.25,False,True,False
127,243-2,61818.5,"(24, 26)",taxation,6,0.25,False,True,False
127,139-3,58600.6875,"(42, 5)",taxation,6,0.25,False,True,False
127,228-3,38496.25,"(17, 38)",taxation,6,0.25,False,True,False
127,197-2,52184.25,"(12, 26)",taxation,6,0.25,False,True,False
127,151-2,52143.25,"(4, 33)",taxation,6,0.25,False,True,False
127,191-2,74651.75,"(23, 47)",taxation,6,0.25,False,True,False
127,153-2,32862.0,"(17, 24)",taxation,6,0.25,False,True,False
127,159-2,52172.5,"(21, 20)",taxation,6,0.25,False,True,False
127,222-2,65042.5,"(9, 23)",taxation,6,0.25,False,True,False
127,200-2,61811.0,"(8, 27)",taxation,6,0.25,False,True,False
127,181-2,65012.250000000015,"(24, 36)",taxation,6,0.25,False,True,False
127,101-2,65039.75,"(21, 37)",taxation,6,0.25,False,True,False
127,35-2,65045.5,"(47, 5)",taxation,6,0.25,False,True,False
127,70-2,68251.0,"(31, 36)",taxation,6,0.25,False,True,False
127,238-2,65037.0,"(49, 6)",taxation,6,0.25,False,True,False
127,158-3,47308.75,"(19, 35)",taxation,6,0.25,False,True,False
127,20-2,61804.0,"(39, 5)",taxation,6,0.25,False,True,False
127,31-3,58566.625,"(14, 27)",taxation,6,0.25,False,True,False
127,179-3,42542.375,"(40, 4)",taxation,6,0.25,False,True,False
127,93-2,29657.0,"(15, 26)",taxation,6,0.25,False,True,False
127,3-2,39282.25,"(20, 26)",taxation,6,0.25,False,True,False
127,143-2,65003.75,"(49, 5)",taxation,6,0.25,False,True,False
127,219-3,56959.75,"(24, 23)",taxation,6,0.25,False,True,False
127,98-3,26479.75,"(14, 28)",taxation,6,0.25,False,True,False
127,138-2,68200.75,"(28, 29)",taxation,6,0.25,False,True,False
127,66-2,71439.75,"(32, 12)",taxation,6,0.25,False,True,False
127,210-2,77864.75,"(29, 15)",taxation,6,0.25,False,True,False
127,150-2,55355.25,"(29, 10)",taxation,6,0.25,False,True,False
127,44-2,42503.0,"(23, 22)",taxation,6,0.25,False,True,False
127,154-3,23213.75,"(17, 27)",taxation,6,0.25,False,True,False
127,126-2,65006.75,"(30, 26)",taxation,6,0.25,False,True,False
127,74-3,56973.0,"(35, 10)",taxation,6,0.25,False,True,False
127,28-3,44912.9375,"(21, 39)",taxation,6,0.25,False,True,False
127,146-3,20001.75,"(32, 26)",taxation,6,0.25,False,True,False
127,176-3,722.25,"(32, 35)",taxation,6,0.25,False,True,False
127,208-3,52149.9375,"(27, 24)",taxation,6,0.25,False,True,False
127,216-2,71422.0,"(48, 3)",taxation,6,0.25,False,True,False
127,187-3,26406.25,"(35, 13)",taxation,6,0.25,False,True,False
127,167-3,51346.3125,"(38, 5)",taxation,6,0.25,False,True,False
127,240-3,16777.75,"(24, 25)",taxation,6,0.25,False,True,False
127,140-3,733.75,"(24, 46)",taxation,6,0.25,False,True,False
127,149-3,44119.75,"(34, 10)",taxation,6,0.25,False,True,False
127,173-3,13601.75,"(26, 27)",taxation,6,0.25,False,True,False
127,246-3,48942.75,"(21, 24)",taxation,6,0.25,False,True,False
127,75-3,46521.75,"(12, 30)",taxation,6,0.25,False,True,False
127,12-2,61779.75,"(32, 10)",taxation,6,0.25,False,True,False
127,1-3,37685.1875,"(44, 6)",taxation,6,0.25,False,True,False
127,17-3,53740.375,"(18, 25)",taxation,6,0.25,False,True,False
127,67-2,48941.75,"(38, 2)",taxation,6,0.25,False,True,False
127,40-3,53775.75,"(25, 23)",taxation,6,0.25,False,True,False
127,23-3,52943.0,"(23, 44)",taxation,6,0.25,False,True,False
127,142-3,32034.8125,"(10, 27)",taxation,6,0.25,False,True,False
127,76-3,48932.562500000015,"(10, 33)",taxation,6,0.25,False,True,False
127,94-3,16793.5,"(22, 25)",taxation,6,0.25,False,True,False
127,241-3,46498.625,"(26, 26)",taxation,6,0.25,False,True,False
127,170-3,44930.3125,"(28, 14)",taxation,6,0.25,False,True,False
127,242-3,22412.9375,"(30, 11)",taxation,6,0.25,False,True,False
127,198-3,46522.625,"(49, 2)",taxation,6,0.25,False,True,False
127,10-3,51333.1875,"(21, 32)",taxation,6,0.25,False,True,False
127,172-3,53716.3125,"(26, 28)",taxation,6,0.25,False,True,False
127,189-3,44119.125,"(41, 5)",taxation,6,0.25,False,True,False
127,206-3,49716.4375,"(31, 33)",taxation,6,0.25,False,True,False
127,182-3,51306.1875,"(23, 33)",taxation,6,0.25,False,True,False
127,42-3,36904.625,"(22, 27)",taxation,6,0.25,False,True,False
127,148-3,39274.9375,"(23, 25)",taxation,6,0.25,False,True,False
127,0-3,34453.4375,"(19, 46)",taxation,6,0.25,False,True,False
127,212-3,51311.8125,"(35, 7)",taxation,6,0.25,False,True,False
127,225-3,51307.5625,"(40, 5)",taxation,6,0.25,False,True,False
127,6-3,56148.5,"(35, 14)",taxation,6,0.25,False,True,False
127,38-3,51323.125,"(32, 40)",taxation,6,0.25,False,True,False
127,54-3,48913.1875,"(17, 25)",taxation,6,0.25,False,True,False
127,63-3,46457.5625,"(21, 43)",taxation,6,0.25,False,True,False
127,144-3,48948.875,"(16, 26)",taxation,6,0.25,False,True,False
127,22-3,56125.75,"(37, 5)",taxation,6,0.25,False,True,False
127,162-3,51293.875,"(17, 30)",taxation,6,0.25,False,True,False
127,249-3,51346.75,"(37, 6)",taxation,6,0.25,False,True,False
127,180-3,48895.6875,"(11, 29)",taxation,6,0.25,False,True,False
127,83-3,53719.5625,"(27, 29)",taxation,6,0.25,False,True,False
127,133-3,44074.25,"(35, 8)",taxation,6,0.25,False,True,False
127,16-3,56144.125,"(23, 26)",taxation,6,0.25,False,True,False
127,51-3,51318.875,"(19, 34)",taxation,6,0.25,False,True,False
127,4-3,36826.6875,"(27, 30)",taxation,6,0.25,False,True,False
127,111-3,53705.6875,"(12, 25)",taxation,6,0.25,False,True,False
127,91-3,53716.0625,"(15, 24)",taxation,6,0.25,False,True,False
127,95-3,56139.875,"(28, 27)",taxation,6,0.25,False,True,False
127,106-3,46483.8125,"(32, 31)",taxation,6,0.25,False,True,False
127,56-3,48892.5625,"(26, 29)",taxation,6,0.25,False,True,False
127,71-3,53700.9375,"(39, 7)",taxation,6,0.25,False,True,False
127,226-3,48885.0625,"(25, 48)",taxation,6,0.25,False,True,False
127,205-3,24782.8125,"(32, 32)",taxation,6,0.25,False,True,False
127,165-3,58517.25,"(4, 29)",taxation,6,0.25,False,True,False
127,231-3,31996.8125,"(41, 7)",taxation,6,0.25,False,True,False
127,25-3,44066.25,"(15, 30)",taxation,6,0.25,False,True,False
127,137-3,44051.375,"(32, 24)",taxation,6,0.25,False,True,False
127,73-3,51299.6875,"(15, 27)",taxation,6,0.25,False,True,False
127,214-3,31978.25,"(28, 40)",taxation,6,0.25,False,True,False
127,21-3,46470.6875,"(13, 26)",taxation,6,0.25,False,True,False
127,201-3,34377.9375,"(30, 14)",taxation,6,0.25,False,True,False
127,169-3,39248.25,"(12, 28)",taxation,6,0.25,False,True,False
127,110-3,56126.75,"(24, 24)",taxation,6,0.25,False,True,False
127,183-3,34407.0625,"(29, 37)",taxation,6,0.25,False,True,False
127,125-3,53679.5,"(25, 27)",taxation,6,0.25,False,True,False
127,168-3,53716.875,"(27, 46)",taxation,6,0.25,False,True,False
127,156-3,36841.625,"(18, 27)",taxation,6,0.25,False,True,False
127,53-3,31990.6875,"(43, 5)",taxation,6,0.25,False,True,False
127,122-3,41635.6875,"(20, 41)",taxation,6,0.25,False,True,False
127,234-3,51252.125,"(19, 36)",taxation,6,0.25,False,True,False
127,134-3,48875.0,"(42, 4)",taxation,6,0.25,False,True,False
127,141-3,39231.375,"(44, 5)",taxation,6,0.25,False,True,False
127,145-3,51277.0,"(14, 23)",taxation,6,0.25,False,True,False
127,209-3,56095.625,"(34, 14)",taxation,6,0.25,False,True,False
127,247-3,44029.75,"(32, 27)",taxation,6,0.25,False,True,False
127,203-3,58502.6875,"(5, 29)",taxation,6,0.25,False,True,False
127,50-3,56100.125,"(25, 47)",taxation,6,0.25,False,True,False
127,45-3,51275.8125,"(10, 29)",taxation,6,0.25,False,True,False
127,78-3,46459.6875,"(27, 26)",taxation,6,0.25,False,True,False
127,147-3,48877.5625,"(44, 3)",taxation,6,0.25,False,True,False
127,193-3,44042.125,"(23, 23)",taxation,6,0.25,False,True,False
127,5-3,22316.625,"(12, 29)",taxation,6,0.25,False,True,False
127,175-3,41621.375,"(2, 32)",taxation,6,0.25,False,True,False
127,196-3,34399.0,"(5, 37)",taxation,6,0.25,False,True,False
127,112-3,53692.625,"(6, 29)",taxation,6,0.25,False,True,False
127,113-3,51259.0625,"(15, 28)",taxation,6,0.25,False,True,False
127,55-3,53664.9375,"(29, 31)",taxation,6,0.25,False,True,False
127,33-3,39200.9375,"(5, 42)",taxation,6,0.25,False,True,False
127,68-3,41634.3125,"(32, 39)",taxation,6,0.25,False,True,False
127,161-3,41626.5,"(16, 40)",taxation,6,0.25,False,True,False
127,100-3,48875.5625,"(48, 4)",taxation,6,0.25,False,True,False
127,155-3,51265.4375,"(9, 24)",taxation,6,0.25,False,True,False
127,41-3,53699.0,"(14, 29)",taxation,6,0.25,False,True,False
127,115-3,53674.3125,"(6, 34)",taxation,6,0.25,False,True,False
127,207-3,39184.8125,"(12, 24)",taxation,6,0.25,False,True,False
127,120-3,56071.5,"(24, 28)",taxation,6,0.25,False,True,False
127,11-3,39178.1875,"(42, 2)",taxation,6,0.25,False,True,False
127,102-3,34386.125,"(46, 3)",taxation,6,0.25,False,True,False
127,130-3,53648.125,"(17, 26)",taxation,6,0.25,False,True,False
127,103-3,48837.875,"(10, 24)",taxation,6,0.25,False,True,False
127,202-3,56069.5,"(30, 10)",taxation,6,0.25,False,True,False
127,164-3,51259.4375,"(31, 11)",taxation,6,0.25,False,True,False
127,2-3,48841.8125,"(38, 14)",taxation,6,0.25,False,True,False
127,186-3,46447.1875,"(34, 9)",taxation,6,0.25,False,True,False
127,85-3,44023.75,"(19, 33)",taxation,6,0.25,False,True,False
127,64-3,48829.0,"(19, 25)",taxation,6,0.25,False,True,False
127,188-3,48839.125,"(13, 24)",taxation,6,0.25,False,True,False
127,32-3,53654.8125,"(12, 33)",taxation,6,0.25,False,True,False
127,57-3,43993.6875,"(30, 13)",taxation,6,0.25,False,True,False
127,132-3,53657.3125,"(9, 26)",taxation,6,0.25,False,True,False
127,163-3,58476.5,"(33, 12)",taxation,6,0.25,False,True,False
127,19-3,51239.0,"(36, 9)",taxation,6,0.25,False,True,False
127,107-3,53634.875,"(11, 32)",taxation,6,0.25,False,True,False
127,221-3,46431.625,"(21, 26)",taxation,6,0.25,False,True,False
127,96-3,56062.375,"(28, 23)",taxation,6,0.25,False,True,False
127,92-3,53638.25,"(13, 29)",taxation,6,0.25,False,True,False
127,116-3,53637.125,"(35, 9)",taxation,6,0.25,False,True,False
127,13-3,46424.6875,"(13, 28)",taxation,6,0.25,False,True,False
127,174-3,53653.125,"(22, 42)",taxation,6,0.25,False,True,False
127,69-3,53620.875,"(11, 27)",taxation,6,0.25,False,True,False
127,184-3,48794.9375,"(20, 20)",taxation,6,0.25,False,True,False
127,237-3,39170.3125,"(9, 33)",taxation,6,0.25,False,True,False
127,90-3,44020.875,"(26, 25)",taxation,6,0.25,False,True,False
127,18-3,56056.3125,"(31, 30)",taxation,6,0.25,False,True,False
127,121-3,48839.0,"(43, 4)",taxation,6,0.25,False,True,False
127,30-3,56038.9375,"(31, 10)",taxation,6,0.25,False,True,False
127,97-3,39132.3125,"(29, 30)",taxation,6,0.25,False,True,False
127,229-3,53671.6875,"(8, 28)",taxation,6,0.25,False,True,False
127,27-3,43994.0625,"(23, 24)",taxation,6,0.25,False,True,False
127,117-3,43979.625,"(29, 32)",taxation,6,0.25,False,True,False
127,80-3,53633.625,"(23, 46)",taxation,6,0.25,False,True,False
127,166-3,46388.4375,"(5, 35)",taxation,6,0.25,False,True,False
127,86-3,48829.5,"(22, 26)",taxation,6,0.25,False,True,False
127,160-3,43989.75,"(15, 29)",taxation,6,0.25,False,True,False
127,233-3,46409.4375,"(25, 28)",taxation,6,0.25,False,True,False
128,104-2,61909.5,"(23, 34)",taxation,6,0.25,False,True,False
128,248-2,65072.25,"(34, 18)",taxation,6,0.25,False,True,False
128,108-2,36131.25,"(6, 33)",taxation,6,0.25,False,True,False
128,236-2,65078.25,"(45, 3)",taxation,6,0.25,False,True,False
128,109-2,65095.5,"(9, 19)",taxation,6,0.25,False,True,False
128,62-2,65067.5,"(44, 25)",taxation,6,0.25,False,True,False
128,89-2,68293.75,"(26, 34)",taxation,6,0.25,False,True,False
128,58-2,68268.5,"(49, 0)",taxation,6,0.25,False,True,False
128,61-2,77941.25,"(27, 34)",taxation,6,0.25,False,True,False
128,152-2,68307.25,"(24, 33)",taxation,6,0.25,False,True,False
128,124-2,61865.25,"(25, 40)",taxation,6,0.25,False,True,False
128,232-2,39349.25,"(20, 27)",taxation,6,0.25,False,True,False
128,37-2,68294.75,"(42, 0)",taxation,6,0.25,False,True,False
128,7-2,49021.5,"(34, 11)",taxation,6,0.25,False,True,False
128,26-2,52211.75,"(8, 29)",taxation,6,0.25,False,True,False
128,82-2,68283.5,"(33, 3)",taxation,6,0.25,False,True,False
128,88-2,65080.0,"(28, 11)",taxation,6,0.25,False,True,False
128,59-2,58626.25,"(13, 20)",taxation,6,0.25,False,True,False
128,52-2,49004.25,"(42, 6)",taxation,6,0.25,False,True,False
128,194-2,58667.5,"(18, 32)",taxation,6,0.25,False,True,False
128,72-2,74705.5,"(21, 34)",taxation,6,0.25,False,True,False
128,199-2,74687.0,"(27, 28)",taxation,6,0.25,False,True,False
128,43-2,65060.75,"(25, 32)",taxation,6,0.25,False,True,False
128,128-2,71493.0,"(34, 5)",taxation,6,0.25,False,True,False
128,84-2,65066.5,"(19, 29)",taxation,6,0.25,False,True,False
128,114-2,74711.75,"(21, 16)",taxation,6,0.25,False,True,False
128,223-2,45776.0,"(21, 27)",taxation,6,0.25,False,True,False
128,123-2,74721.75,"(30, 8)",taxation,6,0.25,False,True,False
128,215-2,71507.5,"(33, 6)",taxation,6,0.25,False,True,False
128,127-2,68275.0,"(8, 25)",taxation,6,0.25,False,True,False
128,24-2,52236.5,"(44, 2)",taxation,6,0.25,False,True,False
128,136-2,52202.5,"(12, 22)",taxation,6,0.25,False,True,False
128,65-2,74701.25,"(8, 19)",taxation,6,0.25,False,True,False
128,14-2,16846.5,"(31, 28)",taxation,6,0.25,False,True,False
128,185-2,65075.5,"(25, 30)",taxation,6,0.25,False,True,False
128,77-2,55413.5,"(19, 40)",taxation,6,0.25,False,True,False
128,36-2,48995.25,"(23, 29)",taxation,6,0.25,False,True,False
128,190-2,65067.75,"(14, 19)",taxation,6,0.25,False,True,False
128,46-2,45761.0,"(7, 29)",taxation,6,0.25,False,True,False
128,218-2,74731.5,"(22, 38)",taxation,6,0.25,False,True,False
128,220-2,71521.0,"(20, 28)",taxation,6,0.25,False,True,False
128,224-2,55399.75,"(44, 4)",taxation,6,0.25,False,True,False
128,129-2,61865.0,"(41, 2)",taxation,6,0.25,False,True,False
128,157-2,61832.25,"(28, 33)",taxation,6,0.25,False,True,False
128,195-2,29677.25,"(26, 48)",taxation,6,0.25,False,True,False
128,8-2,65063.0,"(24, 30)",taxation,6,0.25,False,True,False
128,119-2,65039.0,"(31, 25)",taxation,6,0.25,False,True,False
128,99-2,61830.25,"(22, 20)",taxation,6,0.25,False,True,False
128,135-2,65050.75,"(27, 31)",taxation,6,0.25,False,True,False
128,47-2,45786.75,"(22, 30)",taxation,6,0.25,False,True,False
128,79-2,61851.25,"(5, 24)",taxation,6,0.25,False,True,False
128,87-2,65041.5,"(19, 27)",taxation,6,0.25,False,True,False
128,15-2,58632.75,"(32, 28)",taxation,6,0.25,False,True,False
128,29-2,65050.25,"(18, 40)",taxation,6,0.25,False,True,False
128,178-2,71486.25,"(27, 27)",taxation,6,0.25,False,True,False
128,60-2,68266.25,"(25, 39)",taxation,6,0.25,False,True,False
128,192-2,58609.0,"(9, 28)",taxation,6,0.25,False,True,False
128,49-2,61841.5,"(47, 0)",taxation,6,0.25,False,True,False
128,81-2,61870.25,"(7, 25)",taxation,6,0.25,False,True,False
128,118-2,71465.5,"(17, 35)",taxation,6,0.25,False,True,False
128,34-2,58616.0,"(22, 32)",taxation,6,0.25,False,True,False
128,211-2,42543.75,"(19, 30)",taxation,6,0.25,False,True,False
128,177-2,65059.75,"(45, 1)",taxation,6,0.25,False,True,False
128,39-2,45760.5,"(26, 44)",taxation,6,0.25,False,True,False
128,245-2,71466.75,"(33, 19)",taxation,6,0.25,False,True,False
128,131-2,65030.0,"(31, 38)",taxation,6,0.25,False,True,False
128,213-2,65059.5,"(34, 7)",taxation,6,0.25,False,True,False
128,9-2,55412.25,"(33, 7)",taxation,6,0.25,False,True,False
128,171-2,65062.5,"(21, 30)",taxation,6,0.25,False,True,False
128,230-2,52206.0,"(17, 33)",taxation,6,0.25,False,True,False
128,217-2,39332.5,"(24, 34)",taxation,6,0.25,False,True,False
128,227-2,71471.5,"(32, 9)",taxation,6,0.25,False,True,False
128,244-2,74675.5,"(46, 0)",taxation,6,0.25,False,True,False
128,204-2,71475.5,"(18, 31)",taxation,6,0.25,False,True,False
128,105-2,58591.5,"(40, 7)",taxation,6,0.25,False,True,False
128,239-2,65025.5,"(48, 1)",taxation,6,0.25,False,True,False
128,243-2,61823.5,"(30, 32)",taxation,6,0.25,False,True,False
128,139-3,58609.6875,"(41, 0)",taxation,6,0.25,False,True,False
128,228-3,38504.25,"(20, 37)",taxation,6,0.25,False,True,False
128,197-2,52193.25,"(13, 27)",taxation,6,0.25,False,True,False
128,151-2,52150.25,"(3, 32)",taxation,6,0.25,False,True,False
128,191-2,74660.75,"(26, 49)",taxation,6,0.25,False,True,False
128,153-2,32866.0,"(11, 21)",taxation,6,0.25,False,True,False
128,159-2,52180.5,"(19, 20)",taxation,6,0.25,False,True,False
128,222-2,65050.5,"(7, 23)",taxation,6,0.25,False,True,False
128,200-2,61819.0,"(8, 26)",taxation,6,0.25,False,True,False
128,181-2,65021.250000000015,"(24, 35)",taxation,6,0.25,False,True,False
128,101-2,65048.75,"(27, 43)",taxation,6,0.25,False,True,False
128,35-2,65054.5,"(47, 1)",taxation,6,0.25,False,True,False
128,70-2,68259.0,"(30, 35)",taxation,6,0.25,False,True,False
128,238-2,65045.0,"(45, 4)",taxation,6,0.25,False,True,False
128,158-3,47316.75,"(18, 35)",taxation,6,0.25,False,True,False
128,20-2,61812.0,"(38, 6)",taxation,6,0.25,False,True,False
128,31-3,58574.625,"(12, 27)",taxation,6,0.25,False,True,False
128,179-3,42551.375,"(40, 0)",taxation,6,0.25,False,True,False
128,93-2,29662.0,"(9, 29)",taxation,6,0.25,False,True,False
128,3-2,39284.25,"(17, 21)",taxation,6,0.25,False,True,False
128,143-2,65012.75,"(49, 1)",taxation,6,0.25,False,True,False
128,219-3,56964.75,"(30, 20)",taxation,6,0.25,False,True,False
128,98-3,26487.75,"(16, 31)",taxation,6,0.25,False,True,False
128,138-2,68208.75,"(26, 33)",taxation,6,0.25,False,True,False
128,66-2,71446.75,"(30, 7)",taxation,6,0.25,False,True,False
128,210-2,77871.75,"(27, 15)",taxation,6,0.25,False,True,False
128,150-2,55363.25,"(32, 6)",taxation,6,0.25,False,True,False
128,44-2,42512.0,"(21, 28)",taxation,6,0.25,False,True,False
128,154-3,23221.75,"(19, 32)",taxation,6,0.25,False,True,False
128,126-2,65014.75,"(28, 32)",taxation,6,0.25,False,True,False
128,74-3,56981.0,"(35, 6)",taxation,6,0.25,False,True,False
128,28-3,44920.9375,"(22, 37)",taxation,6,0.25,False,True,False
128,146-3,20009.75,"(31, 29)",taxation,6,0.25,False,True,False
128,176-3,730.25,"(30, 37)",taxation,6,0.25,False,True,False
128,208-3,52158.9375,"(24, 29)",taxation,6,0.25,False,True,False
128,216-2,71430.0,"(46, 4)",taxation,6,0.25,False,True,False
128,187-3,26414.25,"(32, 8)",taxation,6,0.25,False,True,False
128,167-3,51354.3125,"(36, 4)",taxation,6,0.25,False,True,False
128,240-3,16782.75,"(30, 25)",taxation,6,0.25,False,True,False
128,140-3,743.75,"(27, 48)",taxation,6,0.25,False,True,False
128,149-3,44127.75,"(34, 6)",taxation,6,0.25,False,True,False
128,173-3,13608.75,"(31, 27)",taxation,6,0.25,False,True,False
128,246-3,48945.75,"(15, 18)",taxation,6,0.25,False,True,False
128,75-3,46529.75,"(17, 34)",taxation,6,0.25,False,True,False
128,12-2,61787.75,"(33, 9)",taxation,6,0.25,False,True,False
128,1-3,37694.1875,"(43, 1)",taxation,6,0.25,False,True,False
128,17-3,53748.375,"(14, 20)",taxation,6,0.25,False,True,False
128,67-2,48949.75,"(39, 2)",taxation,6,0.25,False,True,False
128,40-3,53784.75,"(23, 28)",taxation,6,0.25,False,True,False
128,23-3,52952.0,"(25, 42)",taxation,6,0.25,False,True,False
128,142-3,32042.8125,"(9, 27)",taxation,6,0.25,False,True,False
128,76-3,48939.562500000015,"(4, 32)",taxation,6,0.25,False,True,False
128,94-3,16802.5,"(18, 28)",taxation,6,0.25,False,True,False
128,241-3,46507.625,"(25, 29)",taxation,6,0.25,False,True,False
128,170-3,44937.3125,"(28, 12)",taxation,6,0.25,False,True,False
128,242-3,22419.9375,"(27, 10)",taxation,6,0.25,False,True,False
128,198-3,46531.625,"(48, 0)",taxation,6,0.25,False,True,False
128,10-3,51341.1875,"(22, 34)",taxation,6,0.25,False,True,False
128,172-3,53725.3125,"(23, 30)",taxation,6,0.25,False,True,False
128,189-3,44128.125,"(44, 0)",taxation,6,0.25,False,True,False
128,206-3,49724.4375,"(29, 35)",taxation,6,0.25,False,True,False
128,182-3,51315.1875,"(23, 31)",taxation,6,0.25,False,True,False
128,42-3,36906.625,"(16, 21)",taxation,6,0.25,False,True,False
128,148-3,39283.9375,"(20, 29)",taxation,6,0.25,False,True,False
128,0-3,34463.4375,"(25, 49)",taxation,6,0.25,False,True,False
128,212-3,51320.8125,"(39, 1)",taxation,6,0.25,False,True,False
128,225-3,51315.5625,"(40, 3)",taxation,6,0.25,False,True,False
128,6-3,56155.5,"(37, 15)",taxation,6,0.25,False,True,False
128,38-3,51332.125,"(28, 44)",taxation,6,0.25,False,True,False
128,54-3,48922.1875,"(18, 29)",taxation,6,0.25,False,True,False
128,63-3,46466.5625,"(26, 43)",taxation,6,0.25,False,True,False
128,144-3,48953.875,"(10, 20)",taxation,6,0.25,False,True,False
128,22-3,56134.75,"(38, 4)",taxation,6,0.25,False,True,False
128,162-3,51302.875,"(18, 30)",taxation,6,0.25,False,True,False
128,249-3,51355.75,"(40, 2)",taxation,6,0.25,False,True,False
128,180-3,48904.6875,"(10, 26)",taxation,6,0.25,False,True,False
128,83-3,53727.5625,"(27, 32)",taxation,6,0.25,False,True,False
128,133-3,44082.25,"(34, 8)",taxation,6,0.25,False,True,False
128,16-3,56152.125,"(24, 32)",taxation,6,0.25,False,True,False
128,51-3,51327.875,"(20, 34)",taxation,6,0.25,False,True,False
128,4-3,36834.6875,"(26, 31)",taxation,6,0.25,False,True,False
128,111-3,53714.6875,"(10, 25)",taxation,6,0.25,False,True,False
128,91-3,53725.0625,"(14, 25)",taxation,6,0.25,False,True,False
128,95-3,56147.875,"(27, 33)",taxation,6,0.25,False,True,False
128,106-3,46491.8125,"(28, 35)",taxation,6,0.25,False,True,False
128,56-3,48902.5625,"(22, 31)",taxation,6,0.25,False,True,False
128,71-3,53709.9375,"(40, 1)",taxation,6,0.25,False,True,False
128,226-3,48894.0625,"(28, 48)",taxation,6,0.25,False,True,False
128,205-3,24790.8125,"(30, 34)",taxation,6,0.25,False,True,False
128,165-3,58524.25,"(3, 29)",taxation,6,0.25,False,True,False
128,231-3,32005.8125,"(38, 3)",taxation,6,0.25,False,True,False
128,25-3,44074.25,"(16, 33)",taxation,6,0.25,False,True,False
128,137-3,44060.375,"(26, 30)",taxation,6,0.25,False,True,False
128,73-3,51308.6875,"(16, 27)",taxation,6,0.25,False,True,False
128,214-3,31987.25,"(28, 41)",taxation,6,0.25,False,True,False
128,21-3,46478.6875,"(7, 24)",taxation,6,0.25,False,True,False
128,201-3,34385.9375,"(31, 8)",taxation,6,0.25,False,True,False
128,169-3,39257.25,"(7, 26)",taxation,6,0.25,False,True,False
128,110-3,56131.75,"(30, 30)",taxation,6,0.25,False,True,False
128,183-3,34416.0625,"(27, 35)",taxation,6,0.25,False,True,False
128,125-3,53687.5,"(25, 33)",taxation,6,0.25,False,True,False
128,168-3,53726.875,"(27, 47)",taxation,6,0.25,False,True,False
128,156-3,36849.625,"(20, 31)",taxation,6,0.25,False,True,False
128,53-3,31998.6875,"(43, 2)",taxation,6,0.25,False,True,False
128,122-3,41644.6875,"(26, 41)",taxation,6,0.25,False,True,False
128,234-3,51261.125,"(19, 31)",taxation,6,0.25,False,True,False
128,134-3,48883.0,"(43, 3)",taxation,6,0.25,False,True,False
128,141-3,39240.375,"(44, 1)",taxation,6,0.25,False,True,False
128,145-3,51285.0,"(13, 19)",taxation,6,0.25,False,True,False
128,209-3,56102.625,"(36, 16)",taxation,6,0.25,False,True,False
128,247-3,44037.75,"(30, 28)",taxation,6,0.25,False,True,False
128,203-3,58510.6875,"(5, 26)",taxation,6,0.25,False,True,False
128,50-3,56109.125,"(28, 47)",taxation,6,0.25,False,True,False
128,45-3,51283.8125,"(6, 27)",taxation,6,0.25,False,True,False
128,78-3,46468.6875,"(24, 31)",taxation,6,0.25,False,True,False
128,147-3,48886.5625,"(45, 0)",taxation,6,0.25,False,True,False
128,193-3,44046.125,"(29, 21)",taxation,6,0.25,False,True,False
128,5-3,22324.625,"(6, 26)",taxation,6,0.25,False,True,False
128,175-3,41629.375,"(4, 28)",taxation,6,0.25,False,True,False
128,196-3,34406.0,"(3, 31)",taxation,6,0.25,False,True,False
128,112-3,53700.625,"(5, 27)",taxation,6,0.25,False,True,False
128,113-3,51268.0625,"(16, 28)",taxation,6,0.25,False,True,False
128,55-3,53673.9375,"(26, 32)",taxation,6,0.25,False,True,False
128,33-3,39205.9375,"(3, 36)",taxation,6,0.25,False,True,False
128,68-3,41643.3125,"(28, 43)",taxation,6,0.25,False,True,False
128,161-3,41634.5,"(20, 36)",taxation,6,0.25,False,True,False
128,100-3,48882.5625,"(46, 5)",taxation,6,0.25,False,True,False
128,155-3,51273.4375,"(8, 23)",taxation,6,0.25,False,True,False
128,41-3,53707.0,"(20, 35)",taxation,6,0.25,False,True,False
128,115-3,53682.3125,"(6, 28)",taxation,6,0.25,False,True,False
128,207-3,39192.8125,"(12, 20)",taxation,6,0.25,False,True,False
128,120-3,56080.5,"(20, 30)",taxation,6,0.25,False,True,False
128,11-3,39187.1875,"(42, 1)",taxation,6,0.25,False,True,False
128,102-3,34395.125,"(46, 1)",taxation,6,0.25,False,True,False
128,130-3,53657.125,"(17, 28)",taxation,6,0.25,False,True,False
128,103-3,48846.875,"(8, 24)",taxation,6,0.25,False,True,False
128,202-3,56077.5,"(31, 7)",taxation,6,0.25,False,True,False
128,164-3,51267.4375,"(33, 5)",taxation,6,0.25,False,True,False
128,2-3,48849.8125,"(33, 8)",taxation,6,0.25,False,True,False
128,186-3,46455.1875,"(35, 5)",taxation,6,0.25,False,True,False
128,85-3,44032.75,"(20, 33)",taxation,6,0.25,False,True,False
128,64-3,48838.0,"(19, 28)",taxation,6,0.25,False,True,False
128,188-3,48847.125,"(8, 20)",taxation,6,0.25,False,True,False
128,32-3,53661.8125,"(15, 37)",taxation,6,0.25,False,True,False
128,57-3,44001.6875,"(32, 7)",taxation,6,0.25,False,True,False
128,132-3,53665.3125,"(7, 21)",taxation,6,0.25,False,True,False
128,163-3,58483.5,"(29, 8)",taxation,6,0.25,False,True,False
128,19-3,51247.0,"(38, 7)",taxation,6,0.25,False,True,False
128,107-3,53641.875,"(16, 37)",taxation,6,0.25,False,True,False
128,221-3,46439.625,"(20, 32)",taxation,6,0.25,False,True,False
128,96-3,56071.375,"(22, 28)",taxation,6,0.25,False,True,False
128,92-3,53643.25,"(9, 30)",taxation,6,0.25,False,True,False
128,116-3,53645.125,"(35, 4)",taxation,6,0.25,False,True,False
128,13-3,46432.6875,"(10, 28)",taxation,6,0.25,False,True,False
128,174-3,53662.125,"(27, 45)",taxation,6,0.25,False,True,False
128,69-3,53628.875,"(6, 24)",taxation,6,0.25,False,True,False
128,184-3,48802.9375,"(15, 19)",taxation,6,0.25,False,True,False
128,237-3,39178.3125,"(4, 27)",taxation,6,0.25,False,True,False
128,90-3,44029.875,"(22, 29)",taxation,6,0.25,False,True,False
128,18-3,56064.3125,"(30, 33)",taxation,6,0.25,False,True,False
128,121-3,48848.0,"(43, 0)",taxation,6,0.25,False,True,False
128,30-3,56046.9375,"(34, 4)",taxation,6,0.25,False,True,False
128,97-3,39141.3125,"(25, 31)",taxation,6,0.25,False,True,False
128,229-3,53679.6875,"(7, 28)",taxation,6,0.25,False,True,False
128,27-3,43996.0625,"(23, 20)",taxation,6,0.25,False,True,False
128,117-3,43987.625,"(29, 34)",taxation,6,0.25,False,True,False
128,80-3,53642.625,"(28, 46)",taxation,6,0.25,False,True,False
128,166-3,46396.4375,"(8, 30)",taxation,6,0.25,False,True,False
128,86-3,48831.5,"(24, 20)",taxation,6,0.25,False,True,False
128,160-3,43998.75,"(17, 29)",taxation,6,0.25,False,True,False
128,233-3,46417.4375,"(25, 34)",taxation,6,0.25,False,True,False
128,235-3,48801.9375,"(21, 29)",taxation,6,0.25,False,True,False
128,48-3,51199.5,"(27, 49)",taxation,6,0.25,False,True,False
129,104-2,61917.5,"(25, 38)",taxation,6,0.25,False,True,False
129,248-2,65080.25,"(36, 24)",taxation,6,0.25,False,True,False
129,108-2,36138.25,"(5, 31)",taxation,6,0.25,False,True,False
129,236-2,65086.25,"(39, 4)",taxation,6,0.25,False,True,False
129,109-2,65103.5,"(6, 18)",taxation,6,0.25,False,True,False
129,62-2,65073.5,"(43, 26)",taxation,6,0.25,False,True,False
129,89-2,68301.75,"(28, 39)",taxation,6,0.25,False,True,False
129,58-2,68275.5,"(47, 4)",taxation,6,0.25,False,True,False
129,61-2,77950.25,"(27, 36)",taxation,6,0.25,False,True,False
129,152-2,68315.25,"(25, 37)",taxation,6,0.25,False,True,False
129,124-2,61874.25,"(28, 42)",taxation,6,0.25,False,True,False
129,232-2,39352.25,"(15, 33)",taxation,6,0.25,False,True,False
129,37-2,68303.75,"(37, 0)",taxation,6,0.25,False,True,False
129,7-2,49029.5,"(39, 9)",taxation,6,0.25,False,True,False
129,26-2,52218.75,"(5, 30)",taxation,6,0.25,False,True,False
129,82-2,68291.5,"(30, 3)",taxation,6,0.25,False,True,False
129,59-2,58634.25,"(7, 16)",taxation,6,0.25,False,True,False
129,52-2,49011.25,"(37, 7)",taxation,6,0.25,False,True,False
129,194-2,58674.5,"(16, 38)",taxation,6,0.25,False,True,False
129,72-2,74713.5,"(21, 40)",taxation,6,0.25,False,True,False
129,199-2,74695.0,"(32, 33)",taxation,6,0.25,False,True,False
129,43-2,65068.75,"(28, 37)",taxation,6,0.25,False,True,False
129,128-2,71501.0,"(33, 2)",taxation,6,0.25,False,True,False
129,84-2,65075.5,"(22, 35)",taxation,6,0.25,False,True,False
129,114-2,74718.75,"(24, 13)",taxation,6,0.25,False,True,False
129,223-2,45779.0,"(15, 21)",taxation,6,0.25,False,True,False
129,123-2,74729.75,"(28, 6)",taxation,6,0.25,False,True,False
129,215-2,71516.5,"(36, 3)",taxation,6,0.25,False,True,False
129,127-2,68283.0,"(4, 21)",taxation,6,0.25,False,True,False
129,24-2,52244.5,"(44, 7)",taxation,6,0.25,False,True,False
129,136-2,52209.5,"(6, 17)",taxation,6,0.25,False,True,False
129,65-2,74709.25,"(6, 19)",taxation,6,0.25,False,True,False
129,14-2,16854.5,"(33, 32)",taxation,6,0.25,False,True,False
129,185-2,65082.5,"(30, 36)",taxation,6,0.25,False,True,False
129,77-2,55421.5,"(24, 41)",taxation,6,0.25,False,True,False
129,36-2,48997.25,"(20, 24)",taxation,6,0.25,False,True,False
129,190-2,65076.75,"(10, 18)",taxation,6,0.25,False,True,False
129,46-2,45769.0,"(3, 30)",taxation,6,0.25,False,True,False
129,218-2,74739.5,"(24, 40)",taxation,6,0.25,False,True,False
129,220-2,71524.0,"(18, 34)",taxation,6,0.25,False,True,False
129,224-2,55408.75,"(39, 3)",taxation,6,0.25,False,True,False
129,129-2,61873.0,"(35, 1)",taxation,6,0.25,False,True,False
129,157-2,61840.25,"(32, 36)",taxation,6,0.25,False,True,False
129,195-2,29686.25,"(26, 46)",taxation,6,0.25,False,True,False
129,8-2,65065.0,"(29, 29)",taxation,6,0.25,False,True,False
129,119-2,65047.0,"(35, 26)",taxation,6,0.25,False,True,False
129,99-2,61836.25,"(26, 15)",taxation,6,0.25,False,True,False
129,135-2,65058.75,"(33, 35)",taxation,6,0.25,False,True,False
129,47-2,45791.75,"(16, 36)",taxation,6,0.25,False,True,False
129,79-2,61859.25,"(2, 24)",taxation,6,0.25,False,True,False
129,87-2,65044.5,"(13, 31)",taxation,6,0.25,False,True,False
129,15-2,58640.75,"(34, 34)",taxation,6,0.25,False,True,False
129,29-2,65058.25,"(19, 39)",taxation,6,0.25,False,True,False
129,178-2,71494.25,"(31, 31)",taxation,6,0.25,False,True,False
129,60-2,68275.25,"(24, 38)",taxation,6,0.25,False,True,False
129,192-2,58617.0,"(3, 22)",taxation,6,0.25,False,True,False
129,49-2,61847.5,"(48, 5)",taxation,6,0.25,False,True,False
129,81-2,61878.25,"(4, 23)",taxation,6,0.25,False,True,False
129,118-2,71472.5,"(14, 40)",taxation,6,0.25,False,True,False
129,34-2,58625.0,"(23, 35)",taxation,6,0.25,False,True,False
129,211-2,42547.75,"(14, 35)",taxation,6,0.25,False,True,False
129,177-2,65066.75,"(46, 6)",taxation,6,0.25,False,True,False
129,39-2,45769.5,"(26, 45)",taxation,6,0.25,False,True,False
129,245-2,71474.75,"(36, 25)",taxation,6,0.25,False,True,False
129,131-2,65039.0,"(32, 41)",taxation,6,0.25,False,True,False
129,213-2,65067.5,"(31, 3)",taxation,6,0.25,False,True,False
129,9-2,55420.25,"(30, 4)",taxation,6,0.25,False,True,False
129,171-2,65066.5,"(18, 36)",taxation,6,0.25,False,True,False
129,230-2,52213.0,"(23, 38)",taxation,6,0.25,False,True,False
129,217-2,39340.5,"(26, 38)",taxation,6,0.25,False,True,False
129,227-2,71479.5,"(30, 6)",taxation,6,0.25,False,True,False
129,244-2,74682.5,"(41, 3)",taxation,6,0.25,False,True,False
129,204-2,71481.5,"(17, 37)",taxation,6,0.25,False,True,False
129,105-2,58599.5,"(39, 8)",taxation,6,0.25,False,True,False
129,239-2,65033.5,"(45, 6)",taxation,6,0.25,False,True,False
129,243-2,61832.5,"(29, 36)",taxation,6,0.25,False,True,False
129,139-3,58616.6875,"(38, 0)",taxation,6,0.25,False,True,False
129,228-3,38512.25,"(20, 39)",taxation,6,0.25,False,True,False
129,197-2,52199.25,"(7, 27)",taxation,6,0.25,False,True,False
129,151-2,52158.25,"(1, 29)",taxation,6,0.25,False,True,False
129,191-2,74669.75,"(31, 45)",taxation,6,0.25,False,True,False
129,153-2,32875.0,"(9, 18)",taxation,6,0.25,False,True,False
129,159-2,52186.5,"(24, 14)",taxation,6,0.25,False,True,False
129,222-2,65058.5,"(6, 20)",taxation,6,0.25,False,True,False
129,200-2,61827.0,"(2, 22)",taxation,6,0.25,False,True,False
129,181-2,65029.250000000015,"(26, 39)",taxation,6,0.25,False,True,False
129,101-2,65057.75,"(30, 43)",taxation,6,0.25,False,True,False
129,35-2,65063.5,"(41, 1)",taxation,6,0.25,False,True,False
129,70-2,68268.0,"(30, 40)",taxation,6,0.25,False,True,False
129,238-2,65053.0,"(39, 6)",taxation,6,0.25,False,True,False
129,158-3,47324.75,"(21, 41)",taxation,6,0.25,False,True,False
129,20-2,61821.0,"(36, 0)",taxation,6,0.25,False,True,False
129,31-3,58580.625,"(6, 25)",taxation,6,0.25,False,True,False
129,179-3,42556.375,"(36, 6)",taxation,6,0.25,False,True,False
129,93-2,29670.0,"(3, 23)",taxation,6,0.25,False,True,False
129,3-2,39292.25,"(12, 17)",taxation,6,0.25,False,True,False
129,143-2,65020.75,"(45, 5)",taxation,6,0.25,False,True,False
129,219-3,56972.75,"(35, 24)",taxation,6,0.25,False,True,False
129,98-3,26493.75,"(10, 36)",taxation,6,0.25,False,True,False
129,138-2,68216.75,"(29, 38)",taxation,6,0.25,False,True,False
129,66-2,71455.75,"(36, 1)",taxation,6,0.25,False,True,False
129,210-2,77879.75,"(22, 13)",taxation,6,0.25,False,True,False
129,150-2,55371.25,"(31, 4)",taxation,6,0.25,False,True,False
129,44-2,42514.0,"(19, 24)",taxation,6,0.25,False,True,False
129,154-3,23229.75,"(19, 38)",taxation,6,0.25,False,True,False
129,126-2,65022.75,"(31, 32)",taxation,6,0.25,False,True,False
129,74-3,56990.0,"(35, 2)",taxation,6,0.25,False,True,False
129,28-3,44928.9375,"(22, 40)",taxation,6,0.25,False,True,False
129,146-3,20017.75,"(33, 29)",taxation,6,0.25,False,True,False
129,176-3,739.25,"(30, 38)",taxation,6,0.25,False,True,False
129,208-3,52167.9375,"(25, 35)",taxation,6,0.25,False,True,False
129,216-2,71438.0,"(41, 9)",taxation,6,0.25,False,True,False
129,187-3,26422.25,"(32, 5)",taxation,6,0.25,False,True,False
129,167-3,51363.3125,"(35, 0)",taxation,6,0.25,False,True,False
129,240-3,16790.75,"(32, 29)",taxation,6,0.25,False,True,False
129,140-3,752.75,"(30, 45)",taxation,6,0.25,False,True,False
129,149-3,44136.75,"(37, 2)",taxation,6,0.25,False,True,False
129,173-3,13616.75,"(34, 33)",taxation,6,0.25,False,True,False
129,246-3,48951.75,"(10, 15)",taxation,6,0.25,False,True,False
129,75-3,46538.75,"(21, 35)",taxation,6,0.25,False,True,False
129,12-2,61795.75,"(29, 7)",taxation,6,0.25,False,True,False
129,1-3,37700.1875,"(40, 6)",taxation,6,0.25,False,True,False
129,17-3,53754.375,"(8, 21)",taxation,6,0.25,False,True,False
129,67-2,48957.75,"(34, 1)",taxation,6,0.25,False,True,False
129,40-3,53791.75,"(29, 33)",taxation,6,0.25,False,True,False
129,23-3,52962.0,"(29, 48)",taxation,6,0.25,False,True,False
129,142-3,32050.8125,"(6, 22)",taxation,6,0.25,False,True,False
129,76-3,48947.562500000015,"(2, 31)",taxation,6,0.25,False,True,False
129,94-3,16806.5,"(12, 31)",taxation,6,0.25,False,True,False
129,241-3,46512.625,"(30, 23)",taxation,6,0.25,False,True,False
129,170-3,44945.3125,"(27, 9)",taxation,6,0.25,False,True,False
129,242-3,22427.9375,"(25, 10)",taxation,6,0.25,False,True,False
129,198-3,46533.625,"(48, 6)",taxation,6,0.25,False,True,False
129,10-3,51349.1875,"(22, 39)",taxation,6,0.25,False,True,False
129,172-3,53732.3125,"(28, 34)",taxation,6,0.25,False,True,False
129,189-3,44133.125,"(47, 6)",taxation,6,0.25,False,True,False
129,206-3,49732.4375,"(33, 36)",taxation,6,0.25,False,True,False
129,182-3,51317.1875,"(18, 33)",taxation,6,0.25,False,True,False
129,42-3,36912.625,"(10, 16)",taxation,6,0.25,False,True,False
129,148-3,39286.9375,"(14, 34)",taxation,6,0.25,False,True,False
129,0-3,34473.4375,"(29, 49)",taxation,6,0.25,False,True,False
129,212-3,51328.8125,"(33, 1)",taxation,6,0.25,False,True,False
129,225-3,51323.5625,"(35, 3)",taxation,6,0.25,False,True,False
129,6-3,56162.5,"(35, 16)",taxation,6,0.25,False,True,False
129,38-3,51342.125,"(28, 45)",taxation,6,0.25,False,True,False
129,54-3,48927.1875,"(13, 35)",taxation,6,0.25,False,True,False
129,63-3,46476.5625,"(29, 45)",taxation,6,0.25,False,True,False
129,144-3,48961.875,"(5, 19)",taxation,6,0.25,False,True,False
129,22-3,56142.75,"(33, 0)",taxation,6,0.25,False,True,False
129,162-3,51307.875,"(14, 36)",taxation,6,0.25,False,True,False
129,249-3,51362.75,"(37, 3)",taxation,6,0.25,False,True,False
129,180-3,48912.6875,"(5, 20)",taxation,6,0.25,False,True,False
129,83-3,53735.5625,"(27, 38)",taxation,6,0.25,False,True,False
129,133-3,44091.25,"(36, 2)",taxation,6,0.25,False,True,False
129,16-3,56160.125,"(24, 37)",taxation,6,0.25,False,True,False
129,51-3,51335.875,"(20, 40)",taxation,6,0.25,False,True,False
129,4-3,36842.6875,"(31, 37)",taxation,6,0.25,False,True,False
129,111-3,53722.6875,"(7, 20)",taxation,6,0.25,False,True,False
129,91-3,53730.0625,"(10, 22)",taxation,6,0.25,False,True,False
129,95-3,56155.875,"(31, 34)",taxation,6,0.25,False,True,False
129,106-3,46500.8125,"(30, 41)",taxation,6,0.25,False,True,False
129,56-3,48907.5625,"(18, 37)",taxation,6,0.25,False,True,False
129,71-3,53716.9375,"(36, 5)",taxation,6,0.25,False,True,False
129,226-3,48903.0625,"(30, 46)",taxation,6,0.25,False,True,False
129,205-3,24798.8125,"(33, 34)",taxation,6,0.25,False,True,False
129,165-3,58532.25,"(2, 29)",taxation,6,0.25,False,True,False
129,231-3,32013.8125,"(32, 1)",taxation,6,0.25,False,True,False
129,25-3,44081.25,"(14, 38)",taxation,6,0.25,False,True,False
129,137-3,44069.375,"(26, 36)",taxation,6,0.25,False,True,False
129,73-3,51313.6875,"(11, 28)",taxation,6,0.25,False,True,False
129,214-3,31996.25,"(30, 42)",taxation,6,0.25,False,True,False
129,21-3,46486.6875,"(3, 24)",taxation,6,0.25,False,True,False
129,201-3,34393.9375,"(29, 6)",taxation,6,0.25,False,True,False
129,169-3,39265.25,"(3, 25)",taxation,6,0.25,False,True,False
129,110-3,56140.75,"(28, 36)",taxation,6,0.25,False,True,False
129,183-3,34424.0625,"(29, 39)",taxation,6,0.25,False,True,False
129,125-3,53695.5,"(27, 39)",taxation,6,0.25,False,True,False
129,168-3,53735.875,"(30, 44)",taxation,6,0.25,False,True,False
129,156-3,36857.625,"(26, 37)",taxation,6,0.25,False,True,False
129,53-3,32006.6875,"(38, 1)",taxation,6,0.25,False,True,False
129,122-3,41654.6875,"(29, 46)",taxation,6,0.25,False,True,False
129,234-3,51269.125,"(19, 37)",taxation,6,0.25,False,True,False
129,134-3,48890.0,"(37, 4)",taxation,6,0.25,False,True,False
129,141-3,39249.375,"(39, 0)",taxation,6,0.25,False,True,False
129,145-3,51291.0,"(9, 16)",taxation,6,0.25,False,True,False
129,209-3,56110.625,"(40, 11)",taxation,6,0.25,False,True,False
129,247-3,44045.75,"(34, 30)",taxation,6,0.25,False,True,False
129,203-3,58518.6875,"(2, 25)",taxation,6,0.25,False,True,False
129,50-3,56119.125,"(29, 47)",taxation,6,0.25,False,True,False
129,45-3,51291.8125,"(2, 27)",taxation,6,0.25,False,True,False
129,78-3,46477.6875,"(26, 35)",taxation,6,0.25,False,True,False
129,147-3,48892.5625,"(41, 4)",taxation,6,0.25,False,True,False
129,193-3,44053.125,"(31, 22)",taxation,6,0.25,False,True,False
129,5-3,22332.625,"(3, 26)",taxation,6,0.25,False,True,False
129,175-3,41637.375,"(3, 28)",taxation,6,0.25,False,True,False
129,196-3,34414.0,"(2, 30)",taxation,6,0.25,False,True,False
129,112-3,53708.625,"(1, 25)",taxation,6,0.25,False,True,False
129,113-3,51273.0625,"(10, 30)",taxation,6,0.25,False,True,False
129,55-3,53682.9375,"(25, 36)",taxation,6,0.25,False,True,False
129,33-3,39212.9375,"(1, 34)",taxation,6,0.25,False,True,False
129,68-3,41652.3125,"(32, 43)",taxation,6,0.25,False,True,False
129,161-3,41643.5,"(23, 37)",taxation,6,0.25,False,True,False
129,100-3,48889.5625,"(45, 10)",taxation,6,0.25,False,True,False
129,155-3,51281.4375,"(7, 19)",taxation,6,0.25,False,True,False
129,41-3,53715.0,"(18, 38)",taxation,6,0.25,False,True,False
129,115-3,53690.3125,"(2, 26)",taxation,6,0.25,False,True,False
129,207-3,39200.8125,"(8, 17)",taxation,6,0.25,False,True,False
129,120-3,56089.5,"(22, 36)",taxation,6,0.25,False,True,False
129,11-3,39194.1875,"(36, 7)",taxation,6,0.25,False,True,False
129,102-3,34401.125,"(45, 7)",taxation,6,0.25,False,True,False
129,130-3,53662.125,"(11, 30)",taxation,6,0.25,False,True,False
129,103-3,48854.875,"(3, 20)",taxation,6,0.25,False,True,False
129,202-3,56085.5,"(29, 5)",taxation,6,0.25,False,True,False
129,164-3,51276.4375,"(34, 3)",taxation,6,0.25,False,True,False
129,2-3,48857.8125,"(31, 5)",taxation,6,0.25,False,True,False
129,186-3,46463.1875,"(34, 2)",taxation,6,0.25,False,True,False
129,85-3,44040.75,"(20, 38)",taxation,6,0.25,False,True,False
129,64-3,48841.0,"(14, 31)",taxation,6,0.25,False,True,False
129,188-3,48855.125,"(4, 20)",taxation,6,0.25,False,True,False
129,32-3,53669.8125,"(17, 36)",taxation,6,0.25,False,True,False
129,57-3,44009.6875,"(30, 5)",taxation,6,0.25,False,True,False
129,132-3,53674.3125,"(7, 18)",taxation,6,0.25,False,True,False
129,163-3,58491.5,"(28, 7)",taxation,6,0.25,False,True,False
129,19-3,51255.0,"(38, 8)",taxation,6,0.25,False,True,False
129,107-3,53648.875,"(15, 40)",taxation,6,0.25,False,True,False
129,221-3,46442.625,"(15, 36)",taxation,6,0.25,False,True,False
129,96-3,56073.375,"(22, 23)",taxation,6,0.25,False,True,False
129,92-3,53650.25,"(6, 32)",taxation,6,0.25,False,True,False
129,116-3,53653.125,"(31, 1)",taxation,6,0.25,False,True,False
129,13-3,46440.6875,"(4, 22)",taxation,6,0.25,False,True,False
129,174-3,53671.125,"(31, 44)",taxation,6,0.25,False,True,False
129,69-3,53636.875,"(2, 23)",taxation,6,0.25,False,True,False
129,184-3,48808.9375,"(9, 17)",taxation,6,0.25,False,True,False
129,237-3,39186.3125,"(1, 24)",taxation,6,0.25,False,True,False
129,90-3,44031.875,"(17, 32)",taxation,6,0.25,False,True,False
129,18-3,56072.3125,"(32, 34)",taxation,6,0.25,False,True,False
129,121-3,48857.0,"(37, 1)",taxation,6,0.25,False,True,False
129,30-3,56054.9375,"(31, 2)",taxation,6,0.25,False,True,False
129,97-3,39143.3125,"(30, 31)",taxation,6,0.25,False,True,False
129,229-3,53687.6875,"(2, 28)",taxation,6,0.25,False,True,False
129,27-3,44001.0625,"(25, 15)",taxation,6,0.25,False,True,False
129,117-3,43996.625,"(27, 37)",taxation,6,0.25,False,True,False
129,80-3,53651.625,"(31, 43)",taxation,6,0.25,False,True,False
129,166-3,46404.4375,"(3, 27)",taxation,6,0.25,False,True,False
129,86-3,48838.5,"(30, 16)",taxation,6,0.25,False,True,False
129,160-3,44003.75,"(12, 35)",taxation,6,0.25,False,True,False
129,233-3,46426.4375,"(29, 40)",taxation,6,0.25,False,True,False
129,235-3,48803.9375,"(17, 31)",taxation,6,0.25,False,True,False
129,48-3,51209.5,"(28, 49)",taxation,6,0.25,False,True,False
129,88-3,48816.0,"(28, 8)",taxation,6,0.25,False,True,False
130,104-2,61926.5,"(27, 41)",taxation,6,0.25,False,True,False
130,236-2,65093.25,"(37, 9)",taxation,6,0.25,False,True,False
130,109-2,65111.5,"(3, 18)",taxation,6,0.25,False,True,False
130,62-2,65080.5,"(43, 27)",taxation,6,0.25,False,True,False
130,89-2,68310.75,"(31, 40)",taxation,6,0.25,False,True,False
130,61-2,77953.25,"(32, 38)",taxation,6,0.25,False,True,False
130,152-2,68317.25,"(24, 36)",taxation,6,0.25,False,True,False
130,124-2,61883.25,"(33, 41)",taxation,6,0.25,False,True,False
130,232-2,39359.25,"(9, 37)",taxation,6,0.25,False,True,False
130,37-2,68305.75,"(40, 4)",taxation,6,0.25,False,True,False
130,7-2,49036.5,"(41, 13)",taxation,6,0.25,False,True,False
130,26-2,52226.75,"(5, 28)",taxation,6,0.25,False,True,False
130,82-2,68300.5,"(29, 3)",taxation,6,0.25,False,True,False
130,59-2,58642.25,"(6, 15)",taxation,6,0.25,False,True,False
130,194-2,58682.5,"(15, 42)",taxation,6,0.25,False,True,False
130,72-2,74721.5,"(20, 44)",taxation,6,0.25,False,True,False
130,199-2,74703.0,"(34, 35)",taxation,6,0.25,False,True,False
130,43-2,65076.75,"(34, 36)",taxation,6,0.25,False,True,False
130,128-2,71509.0,"(27, 1)",taxation,6,0.25,False,True,False
130,84-2,65080.5,"(16, 39)",taxation,6,0.25,False,True,False
130,114-2,74727.75,"(25, 8)",taxation,6,0.25,False,True,False
130,223-2,45785.0,"(12, 19)",taxation,6,0.25,False,True,False
130,123-2,74738.75,"(28, 5)",taxation,6,0.25,False,True,False
130,215-2,71519.5,"(40, 8)",taxation,6,0.25,False,True,False
130,127-2,68291.0,"(2, 19)",taxation,6,0.25,False,True,False
130,24-2,52252.5,"(43, 11)",taxation,6,0.25,False,True,False
130,136-2,52218.5,"(1, 22)",taxation,6,0.25,False,True,False
130,65-2,74717.25,"(1, 19)",taxation,6,0.25,False,True,False
130,14-2,16862.5,"(34, 32)",taxation,6,0.25,False,True,False
130,185-2,65090.5,"(36, 35)",taxation,6,0.25,False,True,False
130,77-2,55429.5,"(21, 46)",taxation,6,0.25,False,True,False
130,36-2,49001.25,"(18, 20)",taxation,6,0.25,False,True,False
130,190-2,65084.75,"(4, 17)",taxation,6,0.25,False,True,False
130,46-2,45777.0,"(1, 30)",taxation,6,0.25,False,True,False
130,218-2,74747.5,"(20, 45)",taxation,6,0.25,False,True,False
130,220-2,71531.0,"(18, 39)",taxation,6,0.25,False,True,False
130,224-2,55414.75,"(38, 9)",taxation,6,0.25,False,True,False
130,129-2,61882.0,"(32, 0)",taxation,6,0.25,False,True,False
130,157-2,61848.25,"(36, 37)",taxation,6,0.25,False,True,False
130,195-2,29695.25,"(27, 42)",taxation,6,0.25,False,True,False
130,8-2,65073.0,"(35, 32)",taxation,6,0.25,False,True,False
130,119-2,65055.0,"(35, 25)",taxation,6,0.25,False,True,False
130,99-2,61844.25,"(25, 13)",taxation,6,0.25,False,True,False
130,135-2,65067.75,"(34, 38)",taxation,6,0.25,False,True,False
130,47-2,45797.75,"(14, 39)",taxation,6,0.25,False,True,False
130,79-2,61867.25,"(0, 24)",taxation,6,0.25,False,True,False
130,87-2,65051.5,"(7, 32)",taxation,6,0.25,False,True,False
130,15-2,58649.75,"(33, 37)",taxation,6,0.25,False,True,False
130,29-2,65065.25,"(18, 44)",taxation,6,0.25,False,True,False
130,178-2,71502.25,"(37, 34)",taxation,6,0.25,False,True,False
130,60-2,68283.25,"(22, 43)",taxation,6,0.25,False,True,False
130,192-2,58625.0,"(1, 21)",taxation,6,0.25,False,True,False
130,49-2,61855.5,"(44, 11)",taxation,6,0.25,False,True,False
130,81-2,61887.25,"(1, 23)",taxation,6,0.25,False,True,False
130,118-2,71480.5,"(14, 41)",taxation,6,0.25,False,True,False
130,34-2,58629.0,"(17, 41)",taxation,6,0.25,False,True,False
130,211-2,42554.75,"(13, 40)",taxation,6,0.25,False,True,False
130,177-2,65074.75,"(40, 12)",taxation,6,0.25,False,True,False
130,39-2,45777.5,"(22, 44)",taxation,6,0.25,False,True,False
130,245-2,71482.75,"(36, 28)",taxation,6,0.25,False,True,False
130,131-2,65048.0,"(35, 40)",taxation,6,0.25,False,True,False
130,213-2,65075.5,"(26, 3)",taxation,6,0.25,False,True,False
130,9-2,55428.25,"(27, 2)",taxation,6,0.25,False,True,False
130,171-2,65074.5,"(19, 42)",taxation,6,0.25,False,True,False
130,230-2,52221.0,"(23, 42)",taxation,6,0.25,False,True,False
130,217-2,39349.5,"(29, 42)",taxation,6,0.25,False,True,False
130,227-2,71487.5,"(29, 9)",taxation,6,0.25,False,True,False
130,244-2,74690.5,"(37, 8)",taxation,6,0.25,False,True,False
130,204-2,71488.5,"(14, 43)",taxation,6,0.25,False,True,False
130,105-2,58606.5,"(42, 13)",taxation,6,0.25,False,True,False
130,239-2,65040.5,"(45, 12)",taxation,6,0.25,False,True,False
130,243-2,61841.5,"(33, 39)",taxation,6,0.25,False,True,False
130,139-3,58623.6875,"(32, 3)",taxation,6,0.25,False,True,False
130,228-3,38520.25,"(20, 43)",taxation,6,0.25,False,True,False
130,197-2,52207.25,"(5, 25)",taxation,6,0.25,False,True,False
130,151-2,52166.25,"(0, 29)",taxation,6,0.25,False,True,False
130,191-2,74678.75,"(36, 39)",taxation,6,0.25,False,True,False
130,153-2,32882.0,"(8, 16)",taxation,6,0.25,False,True,False
130,159-2,52194.5,"(23, 12)",taxation,6,0.25,False,True,False
130,222-2,65066.5,"(4, 18)",taxation,6,0.25,False,True,False
130,200-2,61835.0,"(0, 21)",taxation,6,0.25,False,True,False
130,181-2,65037.250000000015,"(26, 40)",taxation,6,0.25,False,True,False
130,101-2,65065.75,"(36, 38)",taxation,6,0.25,False,True,False
130,35-2,65068.5,"(46, 7)",taxation,6,0.25,False,True,False
130,70-2,68272.0,"(34, 41)",taxation,6,0.25,False,True,False
130,238-2,65060.0,"(38, 11)",taxation,6,0.25,False,True,False
130,158-3,47332.75,"(21, 44)",taxation,6,0.25,False,True,False
130,20-2,61830.0,"(31, 0)",taxation,6,0.25,False,True,False
130,31-3,58588.625,"(0, 25)",taxation,6,0.25,False,True,False
130,179-3,42565.375,"(30, 2)",taxation,6,0.25,False,True,False
130,93-2,29678.0,"(1, 20)",taxation,6,0.25,False,True,False
130,3-2,39299.25,"(9, 15)",taxation,6,0.25,False,True,False
130,143-2,65026.75,"(44, 8)",taxation,6,0.25,False,True,False
130,219-3,56980.75,"(36, 21)",taxation,6,0.25,False,True,False
130,98-3,26500.75,"(8, 36)",taxation,6,0.25,False,True,False
130,138-2,68225.75,"(30, 39)",taxation,6,0.25,False,True,False
130,66-2,71457.75,"(37, 5)",taxation,6,0.25,False,True,False
130,210-2,77888.75,"(26, 8)",taxation,6,0.25,False,True,False
130,150-2,55379.25,"(26, 4)",taxation,6,0.25,False,True,False
130,44-2,42519.0,"(14, 18)",taxation,6,0.25,False,True,False
130,154-3,23237.75,"(19, 44)",taxation,6,0.25,False,True,False
130,126-2,65030.75,"(37, 33)",taxation,6,0.25,False,True,False
130,74-3,56992.0,"(38, 2)",taxation,6,0.25,False,True,False
130,28-3,44937.9375,"(25, 41)",taxation,6,0.25,False,True,False
130,146-3,20025.75,"(35, 31)",taxation,6,0.25,False,True,False
130,176-3,745.25,"(27, 44)",taxation,6,0.25,False,True,False
130,208-3,52170.9375,"(30, 29)",taxation,6,0.25,False,True,False
130,216-2,71446.0,"(40, 13)",taxation,6,0.25,False,True,False
130,187-3,26430.25,"(27, 3)",taxation,6,0.25,False,True,False
130,167-3,51372.3125,"(30, 0)",taxation,6,0.25,False,True,False
130,240-3,16798.75,"(32, 30)",taxation,6,0.25,False,True,False
130,140-3,757.75,"(25, 44)",taxation,6,0.25,False,True,False
130,149-3,44143.75,"(31, 6)",taxation,6,0.25,False,True,False
130,173-3,13625.75,"(34, 37)",taxation,6,0.25,False,True,False
130,246-3,48958.75,"(9, 14)",taxation,6,0.25,False,True,False
130,75-3,46545.75,"(18, 41)",taxation,6,0.25,False,True,False
130,12-2,61803.75,"(25, 6)",taxation,6,0.25,False,True,False
130,1-3,37706.1875,"(35, 12)",taxation,6,0.25,False,True,False
130,17-3,53761.375,"(6, 21)",taxation,6,0.25,False,True,False
130,67-2,48965.75,"(28, 1)",taxation,6,0.25,False,True,False
130,40-3,53800.75,"(34, 39)",taxation,6,0.25,False,True,False
130,23-3,52969.0,"(24, 48)",taxation,6,0.25,False,True,False
130,142-3,32059.8125,"(0, 23)",taxation,6,0.25,False,True,False
130,76-3,48955.562500000015,"(1, 32)",taxation,6,0.25,False,True,False
130,94-3,16813.5,"(6, 31)",taxation,6,0.25,False,True,False
130,241-3,46520.625,"(32, 22)",taxation,6,0.25,False,True,False
130,170-3,44953.3125,"(28, 10)",taxation,6,0.25,False,True,False
130,242-3,22435.9375,"(25, 11)",taxation,6,0.25,False,True,False
130,198-3,46540.625,"(44, 12)",taxation,6,0.25,False,True,False
130,10-3,51358.1875,"(25, 43)",taxation,6,0.25,False,True,False
130,172-3,53739.3125,"(34, 28)",taxation,6,0.25,False,True,False
130,189-3,44141.125,"(45, 11)",taxation,6,0.25,False,True,False
130,206-3,49741.4375,"(33, 38)",taxation,6,0.25,False,True,False
130,182-3,51324.1875,"(13, 39)",taxation,6,0.25,False,True,False
130,42-3,36920.625,"(6, 16)",taxation,6,0.25,False,True,False
130,148-3,39293.9375,"(13, 38)",taxation,6,0.25,False,True,False
130,0-3,34481.4375,"(26, 47)",taxation,6,0.25,False,True,False
130,212-3,51337.8125,"(29, 1)",taxation,6,0.25,False,True,False
130,225-3,51326.5625,"(31, 9)",taxation,6,0.25,False,True,False
130,6-3,56169.5,"(32, 17)",taxation,6,0.25,False,True,False
130,38-3,51351.125,"(33, 40)",taxation,6,0.25,False,True,False
130,54-3,48933.1875,"(11, 35)",taxation,6,0.25,False,True,False
130,63-3,46484.5625,"(24, 43)",taxation,6,0.25,False,True,False
130,144-3,48969.875,"(1, 18)",taxation,6,0.25,False,True,False
130,22-3,56150.75,"(28, 0)",taxation,6,0.25,False,True,False
130,162-3,51315.875,"(15, 41)",taxation,6,0.25,False,True,False
130,249-3,51370.75,"(33, 4)",taxation,6,0.25,False,True,False
130,180-3,48920.6875,"(3, 19)",taxation,6,0.25,False,True,False
130,83-3,53744.5625,"(27, 40)",taxation,6,0.25,False,True,False
130,133-3,44094.25,"(41, 8)",taxation,6,0.25,False,True,False
130,16-3,56168.125,"(23, 43)",taxation,6,0.25,False,True,False
130,51-3,51344.875,"(24, 42)",taxation,6,0.25,False,True,False
130,4-3,36851.6875,"(35, 39)",taxation,6,0.25,False,True,False
130,111-3,53730.6875,"(5, 18)",taxation,6,0.25,False,True,False
130,91-3,53737.0625,"(7, 22)",taxation,6,0.25,False,True,False
130,95-3,56163.875,"(35, 34)",taxation,6,0.25,False,True,False
130,106-3,46509.8125,"(31, 41)",taxation,6,0.25,False,True,False
130,56-3,48914.5625,"(13, 41)",taxation,6,0.25,False,True,False
130,71-3,53724.9375,"(30, 9)",taxation,6,0.25,False,True,False
130,226-3,48910.0625,"(26, 42)",taxation,6,0.25,False,True,False
130,205-3,24807.8125,"(35, 38)",taxation,6,0.25,False,True,False
130,165-3,58540.25,"(0, 32)",taxation,6,0.25,False,True,False
130,231-3,32022.8125,"(29, 4)",taxation,6,0.25,False,True,False
130,25-3,44089.25,"(19, 43)",taxation,6,0.25,False,True,False
130,137-3,44072.375,"(32, 37)",taxation,6,0.25,False,True,False
130,73-3,51320.6875,"(6, 23)",taxation,6,0.25,False,True,False
130,214-3,32003.25,"(24, 47)",taxation,6,0.25,False,True,False
130,21-3,46494.6875,"(0, 27)",taxation,6,0.25,False,True,False
130,201-3,34402.9375,"(27, 6)",taxation,6,0.25,False,True,False
130,169-3,39273.25,"(0, 30)",taxation,6,0.25,False,True,False
130,110-3,56147.75,"(24, 39)",taxation,6,0.25,False,True,False
130,183-3,34432.0625,"(35, 33)",taxation,6,0.25,False,True,False
130,125-3,53703.5,"(21, 45)",taxation,6,0.25,False,True,False
130,168-3,53745.875,"(32, 42)",taxation,6,0.25,False,True,False
130,156-3,36859.625,"(29, 37)",taxation,6,0.25,False,True,False
130,53-3,32009.6875,"(42, 7)",taxation,6,0.25,False,True,False
130,122-3,41663.6875,"(29, 43)",taxation,6,0.25,False,True,False
130,234-3,51276.125,"(18, 43)",taxation,6,0.25,False,True,False
130,134-3,48893.0,"(40, 9)",taxation,6,0.25,False,True,False
130,141-3,39252.375,"(34, 0)",taxation,6,0.25,False,True,False
130,145-3,51298.0,"(8, 15)",taxation,6,0.25,False,True,False
130,209-3,56118.625,"(34, 16)",taxation,6,0.25,False,True,False
130,247-3,44053.75,"(34, 31)",taxation,6,0.25,False,True,False
130,203-3,58526.6875,"(4, 25)",taxation,6,0.25,False,True,False
130,50-3,56127.125,"(25, 46)",taxation,6,0.25,False,True,False
130,45-3,51299.8125,"(1, 27)",taxation,6,0.25,False,True,False
130,78-3,46486.6875,"(31, 39)",taxation,6,0.25,False,True,False
130,147-3,48898.5625,"(43, 10)",taxation,6,0.25,False,True,False
130,193-3,44061.125,"(35, 22)",taxation,6,0.25,False,True,False
130,5-3,22340.625,"(0, 20)",taxation,6,0.25,False,True,False
130,175-3,41645.375,"(1, 28)",taxation,6,0.25,False,True,False
130,196-3,34422.0,"(1, 31)",taxation,6,0.25,False,True,False
130,112-3,53716.625,"(1, 26)",taxation,6,0.25,False,True,False
130,113-3,51280.0625,"(6, 30)",taxation,6,0.25,False,True,False
130,55-3,53685.9375,"(21, 38)",taxation,6,0.25,False,True,False
130,33-3,39220.9375,"(1, 33)",taxation,6,0.25,False,True,False
130,68-3,41661.3125,"(34, 40)",taxation,6,0.25,False,True,False
130,161-3,41651.5,"(23, 40)",taxation,6,0.25,False,True,False
130,100-3,48896.5625,"(45, 13)",taxation,6,0.25,False,True,False
130,155-3,51289.4375,"(5, 17)",taxation,6,0.25,False,True,False
130,41-3,53723.0,"(19, 41)",taxation,6,0.25,False,True,False
130,115-3,53698.3125,"(0, 26)",taxation,6,0.25,False,True,False
130,207-3,39207.8125,"(7, 15)",taxation,6,0.25,False,True,False
130,120-3,56097.5,"(23, 41)",taxation,6,0.25,False,True,False
130,11-3,39202.1875,"(36, 11)",taxation,6,0.25,False,True,False
130,102-3,34409.125,"(43, 12)",taxation,6,0.25,False,True,False
130,130-3,53669.125,"(5, 32)",taxation,6,0.25,False,True,False
130,103-3,48862.875,"(2, 20)",taxation,6,0.25,False,True,False
130,202-3,56093.5,"(28, 4)",taxation,6,0.25,False,True,False
130,164-3,51280.4375,"(29, 0)",taxation,6,0.25,False,True,False
130,2-3,48866.8125,"(27, 7)",taxation,6,0.25,False,True,False
130,186-3,46472.1875,"(29, 2)",taxation,6,0.25,False,True,False
130,85-3,44048.75,"(20, 42)",taxation,6,0.25,False,True,False
130,64-3,48848.0,"(8, 34)",taxation,6,0.25,False,True,False
130,188-3,48863.125,"(3, 21)",taxation,6,0.25,False,True,False
130,32-3,53676.8125,"(17, 40)",taxation,6,0.25,False,True,False
130,57-3,44018.6875,"(26, 7)",taxation,6,0.25,False,True,False
130,132-3,53682.3125,"(2, 18)",taxation,6,0.25,False,True,False
130,163-3,58499.5,"(26, 5)",taxation,6,0.25,False,True,False
130,19-3,51263.0,"(39, 13)",taxation,6,0.25,False,True,False
130,107-3,53655.875,"(15, 44)",taxation,6,0.25,False,True,False
130,221-3,46448.625,"(10, 37)",taxation,6,0.25,False,True,False
130,96-3,56078.375,"(18, 17)",taxation,6,0.25,False,True,False
130,92-3,53658.25,"(4, 31)",taxation,6,0.25,False,True,False
130,116-3,53662.125,"(30, 1)",taxation,6,0.25,False,True,False
130,13-3,46449.6875,"(4, 19)",taxation,6,0.25,False,True,False
130,174-3,53680.125,"(31, 42)",taxation,6,0.25,False,True,False
130,69-3,53644.875,"(2, 21)",taxation,6,0.25,False,True,False
130,184-3,48815.9375,"(8, 18)",taxation,6,0.25,False,True,False
130,237-3,39194.3125,"(0, 22)",taxation,6,0.25,False,True,False
130,90-3,44037.875,"(12, 36)",taxation,6,0.25,False,True,False
130,18-3,56080.3125,"(35, 35)",taxation,6,0.25,False,True,False
130,121-3,48864.0,"(32, 2)",taxation,6,0.25,False,True,False
130,30-3,56062.9375,"(28, 2)",taxation,6,0.25,False,True,False
130,97-3,39150.3125,"(34, 27)",taxation,6,0.25,False,True,False
130,229-3,53695.6875,"(0, 28)",taxation,6,0.25,False,True,False
130,27-3,44010.0625,"(25, 9)",taxation,6,0.25,False,True,False
130,117-3,43999.625,"(33, 33)",taxation,6,0.25,False,True,False
130,80-3,53659.625,"(28, 38)",taxation,6,0.25,False,True,False
130,166-3,46412.4375,"(4, 26)",taxation,6,0.25,False,True,False
130,86-3,48846.5,"(31, 17)",taxation,6,0.25,False,True,False
130,160-3,44010.75,"(8, 35)",taxation,6,0.25,False,True,False
130,233-3,46435.4375,"(29, 41)",taxation,6,0.25,False,True,False
130,235-3,48808.9375,"(11, 31)",taxation,6,0.25,False,True,False
130,48-3,51217.5,"(24, 44)",taxation,6,0.25,False,True,False
130,88-3,48825.0,"(27, 8)",taxation,6,0.25,False,True,False
130,52-3,36764.4375,"(36, 8)",taxation,6,0.25,False,True,False
130,58-3,51211.875,"(42, 10)",taxation,6,0.25,False,True,False
130,248-3,48816.1875,"(36, 22)",taxation,6,0.25,False,True,False
130,108-3,27109.6875,"(0, 31)",taxation,6,0.25,False,True,False
131,104-2,61929.5,"(28, 40)",taxation,6,0.25,False,True,False
131,236-2,65098.25,"(38, 12)",taxation,6,0.25,False,True,False
131,109-2,65115.5,"(9, 22)",taxation,6,0.25,False,True,False
131,62-2,65088.5,"(43, 28)",taxation,6,0.25,False,True,False
131,89-2,68313.75,"(31, 36)",taxation,6,0.25,False,True,False
131,61-2,77958.25,"(36, 32)",taxation,6,0.25,False,True,False
131,152-2,68321.25,"(18, 42)",taxation,6,0.25,False,True,False
131,124-2,61887.25,"(39, 35)",taxation,6,0.25,False,True,False
131,232-2,39366.25,"(9, 40)",taxation,6,0.25,False,True,False
131,37-2,68310.75,"(46, 8)",taxation,6,0.25,False,True,False
131,7-2,49043.5,"(41, 19)",taxation,6,0.25,False,True,False
131,26-2,52231.75,"(10, 32)",taxation,6,0.25,False,True,False
131,59-2,58649.25,"(11, 13)",taxation,6,0.25,False,True,False
131,194-2,58690.5,"(14, 47)",taxation,6,0.25,False,True,False
131,72-2,74729.5,"(19, 48)",taxation,6,0.25,False,True,False
131,199-2,74709.0,"(39, 29)",taxation,6,0.25,False,True,False
131,43-2,65081.75,"(37, 32)",taxation,6,0.25,False,True,False
131,128-2,71517.0,"(22, 2)",taxation,6,0.25,False,True,False
131,84-2,65087.5,"(12, 44)",taxation,6,0.25,False,True,False
131,114-2,74736.75,"(24, 9)",taxation,6,0.25,False,True,False
131,223-2,45793.0,"(9, 13)",taxation,6,0.25,False,True,False
131,123-2,74746.75,"(22, 0)",taxation,6,0.25,False,True,False
131,215-2,71526.5,"(45, 14)",taxation,6,0.25,False,True,False
131,127-2,68300.0,"(0, 18)",taxation,6,0.25,False,True,False
131,24-2,52258.5,"(44, 15)",taxation,6,0.25,False,True,False
131,136-2,52220.5,"(5, 26)",taxation,6,0.25,False,True,False
131,65-2,74719.25,"(7, 23)",taxation,6,0.25,False,True,False
131,14-2,16870.5,"(40, 28)",taxation,6,0.25,False,True,False
131,185-2,65098.5,"(42, 33)",taxation,6,0.25,False,True,False
131,77-2,55437.5,"(20, 48)",taxation,6,0.25,False,True,False
131,36-2,49008.25,"(12, 18)",taxation,6,0.25,False,True,False
131,190-2,65091.75,"(10, 19)",taxation,6,0.25,False,True,False
131,46-2,45786.0,"(0, 33)",taxation,6,0.25,False,True,False
131,218-2,74756.5,"(20, 47)",taxation,6,0.25,False,True,False
131,220-2,71538.0,"(13, 43)",taxation,6,0.25,False,True,False
131,224-2,55421.75,"(41, 15)",taxation,6,0.25,False,True,False
131,129-2,61887.0,"(27, 5)",taxation,6,0.25,False,True,False
131,157-2,61856.25,"(42, 31)",taxation,6,0.25,False,True,False
131,195-2,29699.25,"(22, 47)",taxation,6,0.25,False,True,False
131,8-2,65081.0,"(40, 26)",taxation,6,0.25,False,True,False
131,119-2,65063.0,"(39, 25)",taxation,6,0.25,False,True,False
131,99-2,61852.25,"(22, 12)",taxation,6,0.25,False,True,False
131,135-2,65076.75,"(38, 37)",taxation,6,0.25,False,True,False
131,47-2,45805.75,"(14, 44)",taxation,6,0.25,False,True,False
131,79-2,61876.25,"(0, 19)",taxation,6,0.25,False,True,False
131,87-2,65058.5,"(2, 38)",taxation,6,0.25,False,True,False
131,15-2,58658.75,"(37, 36)",taxation,6,0.25,False,True,False
131,29-2,65072.25,"(14, 45)",taxation,6,0.25,False,True,False
131,178-2,71510.25,"(42, 34)",taxation,6,0.25,False,True,False
131,60-2,68289.25,"(17, 49)",taxation,6,0.25,False,True,False
131,192-2,58627.0,"(5, 24)",taxation,6,0.25,False,True,False
131,49-2,61861.5,"(46, 14)",taxation,6,0.25,False,True,False
131,81-2,61890.25,"(4, 29)",taxation,6,0.25,False,True,False
131,118-2,71487.5,"(10, 43)",taxation,6,0.25,False,True,False
131,34-2,58638.0,"(21, 47)",taxation,6,0.25,False,True,False
131,211-2,42561.75,"(13, 42)",taxation,6,0.25,False,True,False
131,177-2,65080.75,"(40, 16)",taxation,6,0.25,False,True,False
131,39-2,45783.5,"(18, 47)",taxation,6,0.25,False,True,False
131,245-2,71490.75,"(39, 27)",taxation,6,0.25,False,True,False
131,131-2,65057.0,"(37, 37)",taxation,6,0.25,False,True,False
131,213-2,65083.5,"(22, 3)",taxation,6,0.25,False,True,False
131,9-2,55436.25,"(23, 0)",taxation,6,0.25,False,True,False
131,171-2,65081.5,"(13, 44)",taxation,6,0.25,False,True,False
131,230-2,52226.0,"(17, 48)",taxation,6,0.25,False,True,False
131,217-2,39352.5,"(32, 40)",taxation,6,0.25,False,True,False
131,227-2,71493.5,"(24, 10)",taxation,6,0.25,False,True,False
131,244-2,74695.5,"(39, 12)",taxation,6,0.25,False,True,False
131,204-2,71495.5,"(11, 45)",taxation,6,0.25,False,True,False
131,105-2,58614.5,"(43, 13)",taxation,6,0.25,False,True,False
131,239-2,65047.5,"(45, 18)",taxation,6,0.25,False,True,False
131,243-2,61846.5,"(39, 34)",taxation,6,0.25,False,True,False
131,139-3,58632.6875,"(26, 2)",taxation,6,0.25,False,True,False
131,228-3,38528.25,"(20, 46)",taxation,6,0.25,False,True,False
131,197-2,52214.25,"(9, 21)",taxation,6,0.25,False,True,False
131,151-2,52171.25,"(2, 35)",taxation,6,0.25,False,True,False
131,191-2,74686.75,"(42, 35)",taxation,6,0.25,False,True,False
131,153-2,32890.0,"(5, 16)",taxation,6,0.25,False,True,False
131,159-2,52203.5,"(22, 11)",taxation,6,0.25,False,True,False
131,222-2,65073.5,"(10, 13)",taxation,6,0.25,False,True,False
131,200-2,61837.0,"(6, 24)",taxation,6,0.25,False,True,False
131,181-2,65040.250000000015,"(23, 39)",taxation,6,0.25,False,True,False
131,101-2,65073.75,"(42, 32)",taxation,6,0.25,False,True,False
131,35-2,65076.5,"(44, 13)",taxation,6,0.25,False,True,False
131,70-2,68278.0,"(40, 35)",taxation,6,0.25,False,True,False
131,238-2,65068.0,"(43, 17)",taxation,6,0.25,False,True,False
131,158-3,47337.75,"(16, 44)",taxation,6,0.25,False,True,False
131,20-2,61839.0,"(27, 0)",taxation,6,0.25,False,True,False
131,31-3,58591.625,"(5, 29)",taxation,6,0.25,False,True,False
131,179-3,42574.375,"(26, 1)",taxation,6,0.25,False,True,False
131,93-2,29683.0,"(7, 17)",taxation,6,0.25,False,True,False
131,3-2,39306.25,"(11, 15)",taxation,6,0.25,False,True,False
131,143-2,65033.75,"(46, 13)",taxation,6,0.25,False,True,False
131,219-3,56988.75,"(40, 21)",taxation,6,0.25,False,True,False
131,98-3,26508.75,"(6, 35)",taxation,6,0.25,False,True,False
131,138-2,68229.75,"(36, 34)",taxation,6,0.25,False,True,False
131,66-2,71462.75,"(42, 11)",taxation,6,0.25,False,True,False
131,210-2,77897.75,"(24, 4)",taxation,6,0.25,False,True,False
131,150-2,55388.25,"(25, 4)",taxation,6,0.25,False,True,False
131,44-2,42526.0,"(13, 17)",taxation,6,0.25,False,True,False
131,154-3,23245.75,"(18, 45)",taxation,6,0.25,False,True,False
131,126-2,65039.75,"(37, 35)",taxation,6,0.25,False,True,False
131,74-3,56996.0,"(42, 8)",taxation,6,0.25,False,True,False
131,28-3,44941.9375,"(19, 45)",taxation,6,0.25,False,True,False
131,146-3,20033.75,"(40, 27)",taxation,6,0.25,False,True,False
131,176-3,748.25,"(27, 46)",taxation,6,0.25,False,True,False
131,208-3,52178.9375,"(36, 30)",taxation,6,0.25,False,True,False
131,216-2,71454.0,"(40, 19)",taxation,6,0.25,False,True,False
131,187-3,26438.25,"(21, 3)",taxation,6,0.25,False,True,False
131,167-3,51378.3125,"(24, 0)",taxation,6,0.25,False,True,False
131,240-3,16805.75,"(35, 27)",taxation,6,0.25,False,True,False
131,140-3,764.75,"(19, 49)",taxation,6,0.25,False,True,False
131,149-3,44152.75,"(25, 0)",taxation,6,0.25,False,True,False
131,173-3,13631.75,"(40, 31)",taxation,6,0.25,False,True,False
131,246-3,48965.75,"(11, 14)",taxation,6,0.25,False,True,False
131,75-3,46552.75,"(12, 47)",taxation,6,0.25,False,True,False
131,12-2,61811.75,"(22, 4)",taxation,6,0.25,False,True,False
131,1-3,37712.1875,"(33, 17)",taxation,6,0.25,False,True,False
131,17-3,53769.375,"(5, 21)",taxation,6,0.25,False,True,False
131,67-2,48973.75,"(22, 1)",taxation,6,0.25,False,True,False
131,40-3,53805.75,"(40, 36)",taxation,6,0.25,False,True,False
131,23-3,52972.0,"(25, 48)",taxation,6,0.25,False,True,False
131,142-3,32067.8125,"(4, 24)",taxation,6,0.25,False,True,False
131,76-3,48963.562500000015,"(1, 36)",taxation,6,0.25,False,True,False
131,94-3,16821.5,"(1, 35)",taxation,6,0.25,False,True,False
131,241-3,46528.625,"(31, 20)",taxation,6,0.25,False,True,False
131,170-3,44962.3125,"(24, 6)",taxation,6,0.25,False,True,False
131,242-3,22444.9375,"(24, 11)",taxation,6,0.25,False,True,False
131,198-3,46547.625,"(44, 18)",taxation,6,0.25,False,True,False
131,10-3,51362.1875,"(22, 48)",taxation,6,0.25,False,True,False
131,172-3,53747.3125,"(39, 28)",taxation,6,0.25,False,True,False
131,189-3,44147.125,"(47, 13)",taxation,6,0.25,False,True,False
131,206-3,49746.4375,"(38, 38)",taxation,6,0.25,False,True,False
131,182-3,51331.1875,"(9, 41)",taxation,6,0.25,False,True,False
131,42-3,36928.625,"(3, 17)",taxation,6,0.25,False,True,False
131,148-3,39300.9375,"(12, 42)",taxation,6,0.25,False,True,False
131,0-3,34489.4375,"(21, 49)",taxation,6,0.25,False,True,False
131,212-3,51346.8125,"(25, 1)",taxation,6,0.25,False,True,False
131,225-3,51332.5625,"(26, 11)",taxation,6,0.25,False,True,False
131,6-3,56177.5,"(31, 18)",taxation,6,0.25,False,True,False
131,38-3,51360.125,"(39, 37)",taxation,6,0.25,False,True,False
131,54-3,48940.1875,"(10, 35)",taxation,6,0.25,False,True,False
131,63-3,46488.5625,"(22, 49)",taxation,6,0.25,False,True,False
131,144-3,48971.875,"(7, 21)",taxation,6,0.25,False,True,False
131,22-3,56156.75,"(23, 2)",taxation,6,0.25,False,True,False
131,162-3,51323.875,"(15, 46)",taxation,6,0.25,False,True,False
131,249-3,51375.75,"(28, 9)",taxation,6,0.25,False,True,False
131,180-3,48924.6875,"(9, 20)",taxation,6,0.25,False,True,False
131,83-3,53749.5625,"(25, 45)",taxation,6,0.25,False,True,False
131,133-3,44102.25,"(40, 14)",taxation,6,0.25,False,True,False
131,16-3,56174.125,"(18, 46)",taxation,6,0.25,False,True,False
131,51-3,51352.875,"(18, 48)",taxation,6,0.25,False,True,False
131,4-3,36860.6875,"(38, 36)",taxation,6,0.25,False,True,False
131,111-3,53737.6875,"(10, 12)",taxation,6,0.25,False,True,False
131,91-3,53745.0625,"(5, 22)",taxation,6,0.25,False,True,False
131,95-3,56169.875,"(38, 29)",taxation,6,0.25,False,True,False
131,106-3,46513.8125,"(35, 36)",taxation,6,0.25,False,True,False
131,56-3,48922.5625,"(17, 47)",taxation,6,0.25,False,True,False
131,71-3,53733.9375,"(24, 7)",taxation,6,0.25,False,True,False
131,226-3,48913.0625,"(23, 44)",taxation,6,0.25,False,True,False
131,205-3,24816.8125,"(38, 35)",taxation,6,0.25,False,True,False
131,165-3,58548.25,"(0, 35)",taxation,6,0.25,False,True,False
131,231-3,32029.8125,"(23, 9)",taxation,6,0.25,False,True,False
131,25-3,44096.25,"(13, 49)",taxation,6,0.25,False,True,False
131,137-3,44080.375,"(38, 31)",taxation,6,0.25,False,True,False
131,73-3,51325.6875,"(10, 21)",taxation,6,0.25,False,True,False
131,214-3,32011.25,"(23, 48)",taxation,6,0.25,False,True,False
131,21-3,46498.6875,"(2, 33)",taxation,6,0.25,False,True,False
131,201-3,34411.9375,"(24, 3)",taxation,6,0.25,False,True,False
131,169-3,39279.25,"(6, 36)",taxation,6,0.25,False,True,False
131,110-3,56151.75,"(22, 45)",taxation,6,0.25,False,True,False
131,183-3,34440.0625,"(39, 30)",taxation,6,0.25,False,True,False
131,125-3,53709.5,"(18, 49)",taxation,6,0.25,False,True,False
131,168-3,53748.875,"(32, 39)",taxation,6,0.25,False,True,False
131,156-3,36863.625,"(33, 31)",taxation,6,0.25,False,True,False
131,53-3,32015.6875,"(48, 13)",taxation,6,0.25,False,True,False
131,122-3,41670.6875,"(23, 49)",taxation,6,0.25,False,True,False
131,234-3,51284.125,"(17, 46)",taxation,6,0.25,False,True,False
131,134-3,48900.0,"(40, 15)",taxation,6,0.25,False,True,False
131,141-3,39256.375,"(28, 3)",taxation,6,0.25,False,True,False
131,145-3,51306.0,"(8, 14)",taxation,6,0.25,False,True,False
131,209-3,56125.625,"(33, 21)",taxation,6,0.25,False,True,False
131,247-3,44061.75,"(37, 29)",taxation,6,0.25,False,True,False
131,203-3,58532.6875,"(10, 31)",taxation,6,0.25,False,True,False
131,50-3,56136.125,"(21, 48)",taxation,6,0.25,False,True,False
131,45-3,51307.8125,"(5, 23)",taxation,6,0.25,False,True,False
131,78-3,46490.6875,"(36, 36)",taxation,6,0.25,False,True,False
131,147-3,48904.5625,"(45, 15)",taxation,6,0.25,False,True,False
131,193-3,44069.125,"(31, 21)",taxation,6,0.25,False,True,False
131,5-3,22348.625,"(2, 17)",taxation,6,0.25,False,True,False
131,175-3,41652.375,"(7, 34)",taxation,6,0.25,False,True,False
131,196-3,34430.0,"(4, 30)",taxation,6,0.25,False,True,False
131,112-3,53720.625,"(7, 31)",taxation,6,0.25,False,True,False
131,113-3,51288.0625,"(5, 33)",taxation,6,0.25,False,True,False
131,55-3,53690.9375,"(17, 42)",taxation,6,0.25,False,True,False
131,33-3,39228.9375,"(0, 36)",taxation,6,0.25,False,True,False
131,68-3,41670.3125,"(39, 36)",taxation,6,0.25,False,True,False
131,161-3,41656.5,"(17, 45)",taxation,6,0.25,False,True,False
131,100-3,48903.5625,"(46, 18)",taxation,6,0.25,False,True,False
131,155-3,51296.4375,"(11, 17)",taxation,6,0.25,False,True,False
131,41-3,53729.0,"(13, 36)",taxation,6,0.25,False,True,False
131,115-3,53701.3125,"(2, 32)",taxation,6,0.25,False,True,False
131,207-3,39214.8125,"(10, 14)",taxation,6,0.25,False,True,False
131,120-3,56104.5,"(19, 47)",taxation,6,0.25,False,True,False
131,11-3,39208.1875,"(36, 17)",taxation,6,0.25,False,True,False
131,102-3,34416.125,"(47, 18)",taxation,6,0.25,False,True,False
131,130-3,53677.125,"(2, 36)",taxation,6,0.25,False,True,False
131,103-3,48864.875,"(8, 20)",taxation,6,0.25,False,True,False
131,202-3,56101.5,"(23, 1)",taxation,6,0.25,False,True,False
131,164-3,51289.4375,"(26, 0)",taxation,6,0.25,False,True,False
131,2-3,48875.8125,"(24, 5)",taxation,6,0.25,False,True,False
131,186-3,46480.1875,"(23, 8)",taxation,6,0.25,False,True,False
131,85-3,44055.75,"(14, 46)",taxation,6,0.25,False,True,False
131,64-3,48855.0,"(7, 40)",taxation,6,0.25,False,True,False
131,188-3,48870.125,"(8, 22)",taxation,6,0.25,False,True,False
131,32-3,53683.8125,"(13, 45)",taxation,6,0.25,False,True,False
131,57-3,44026.6875,"(22, 10)",taxation,6,0.25,False,True,False
131,132-3,53684.3125,"(8, 19)",taxation,6,0.25,False,True,False
131,163-3,58508.5,"(25, 5)",taxation,6,0.25,False,True,False
131,19-3,51271.0,"(42, 14)",taxation,6,0.25,False,True,False
131,107-3,53663.875,"(15, 45)",taxation,6,0.25,False,True,False
131,221-3,46455.625,"(9, 36)",taxation,6,0.25,False,True,False
131,96-3,56086.375,"(21, 13)",taxation,6,0.25,False,True,False
131,92-3,53667.25,"(0, 34)",taxation,6,0.25,False,True,False
131,116-3,53669.125,"(25, 7)",taxation,6,0.25,False,True,False
131,13-3,46454.6875,"(10, 17)",taxation,6,0.25,False,True,False
131,174-3,53685.125,"(37, 38)",taxation,6,0.25,False,True,False
131,69-3,53647.875,"(8, 27)",taxation,6,0.25,False,True,False
131,184-3,48822.9375,"(12, 16)",taxation,6,0.25,False,True,False
131,237-3,39196.3125,"(4, 27)",taxation,6,0.25,False,True,False
131,90-3,44044.875,"(8, 37)",taxation,6,0.25,False,True,False
131,18-3,56086.3125,"(41, 35)",taxation,6,0.25,False,True,False
131,121-3,48871.0,"(27, 4)",taxation,6,0.25,False,True,False
131,30-3,56071.9375,"(25, 2)",taxation,6,0.25,False,True,False
131,97-3,39158.3125,"(39, 24)",taxation,6,0.25,False,True,False
131,229-3,53699.6875,"(3, 33)",taxation,6,0.25,False,True,False
131,27-3,44019.0625,"(23, 7)",taxation,6,0.25,False,True,False
131,117-3,44007.625,"(39, 31)",taxation,6,0.25,False,True,False
131,80-3,53663.625,"(29, 44)",taxation,6,0.25,False,True,False
131,166-3,46417.4375,"(9, 31)",taxation,6,0.25,False,True,False
131,86-3,48853.5,"(32, 18)",taxation,6,0.25,False,True,False
131,160-3,44017.75,"(7, 35)",taxation,6,0.25,False,True,False
131,233-3,46439.4375,"(24, 45)",taxation,6,0.25,False,True,False
131,235-3,48814.9375,"(11, 36)",taxation,6,0.25,False,True,False
131,48-3,51224.5,"(20, 49)",taxation,6,0.25,False,True,False
131,88-3,48834.0,"(23, 6)",taxation,6,0.25,False,True,False
131,52-3,36770.4375,"(36, 12)",taxation,6,0.25,False,True,False
131,58-3,51217.875,"(42, 16)",taxation,6,0.25,False,True,False
131,248-3,48824.1875,"(37, 21)",taxation,6,0.25,False,True,False
131,108-3,27117.6875,"(1, 37)",taxation,6,0.25,False,True,False
131,82-3,51232.125,"(25, 3)",taxation,6,0.25,False,True,False
132,62-2,65097.5,"(42, 27)",taxation,6,0.25,False,True,False
132,89-2,68319.75,"(35, 30)",taxation,6,0.25,False,True,False
132,61-2,77967.25,"(42, 28)",taxation,6,0.25,False,True,False
132,124-2,61895.25,"(44, 30)",taxation,6,0.25,False,True,False
132,232-2,39374.25,"(9, 43)",taxation,6,0.25,False,True,False
132,37-2,68316.75,"(46, 10)",taxation,6,0.25,False,True,False
132,7-2,49052.5,"(40, 23)",taxation,6,0.25,False,True,False
132,26-2,52238.75,"(11, 37)",taxation,6,0.25,False,True,False
132,59-2,58657.25,"(12, 12)",taxation,6,0.25,False,True,False
132,194-2,58698.5,"(10, 49)",taxation,6,0.25,False,True,False
132,199-2,74717.0,"(45, 28)",taxation,6,0.25,False,True,False
132,43-2,65089.75,"(37, 26)",taxation,6,0.25,False,True,False
132,128-2,71526.0,"(20, 2)",taxation,6,0.25,False,True,False
132,84-2,65094.5,"(8, 46)",taxation,6,0.25,False,True,False
132,114-2,74745.75,"(19, 10)",taxation,6,0.25,False,True,False
132,223-2,45801.0,"(14, 8)",taxation,6,0.25,False,True,False
132,123-2,74755.75,"(21, 1)",taxation,6,0.25,False,True,False
132,215-2,71533.5,"(46, 16)",taxation,6,0.25,False,True,False
132,24-2,52266.5,"(42, 20)",taxation,6,0.25,False,True,False
132,136-2,52225.5,"(10, 23)",taxation,6,0.25,False,True,False
132,65-2,74725.25,"(13, 22)",taxation,6,0.25,False,True,False
132,14-2,16878.5,"(44, 28)",taxation,6,0.25,False,True,False
132,185-2,65107.5,"(43, 32)",taxation,6,0.25,False,True,False
132,77-2,55443.5,"(16, 48)",taxation,6,0.25,False,True,False
132,36-2,49016.25,"(18, 12)",taxation,6,0.25,False,True,False
132,190-2,65099.75,"(12, 14)",taxation,6,0.25,False,True,False
132,46-2,45794.0,"(0, 39)",taxation,6,0.25,False,True,False
132,218-2,74762.5,"(14, 48)",taxation,6,0.25,False,True,False
132,220-2,71546.0,"(8, 45)",taxation,6,0.25,False,True,False
132,224-2,55429.75,"(41, 21)",taxation,6,0.25,False,True,False
132,129-2,61894.0,"(22, 7)",taxation,6,0.25,False,True,False
132,157-2,61865.25,"(42, 30)",taxation,6,0.25,False,True,False
132,195-2,29704.25,"(16, 46)",taxation,6,0.25,False,True,False
132,8-2,65089.0,"(42, 23)",taxation,6,0.25,False,True,False
132,119-2,65072.0,"(41, 25)",taxation,6,0.25,False,True,False
132,99-2,61861.25,"(18, 8)",taxation,6,0.25,False,True,False
132,135-2,65083.75,"(44, 31)",taxation,6,0.25,False,True,False
132,47-2,45812.75,"(11, 43)",taxation,6,0.25,False,True,False
132,79-2,61878.25,"(3, 20)",taxation,6,0.25,False,True,False
132,87-2,65065.5,"(2, 40)",taxation,6,0.25,False,True,False
132,15-2,58665.75,"(42, 36)",taxation,6,0.25,False,True,False
132,29-2,65080.25,"(9, 47)",taxation,6,0.25,False,True,False
132,178-2,71518.25,"(45, 33)",taxation,6,0.25,False,True,False
132,60-2,68295.25,"(12, 46)",taxation,6,0.25,False,True,False
132,192-2,58632.0,"(11, 24)",taxation,6,0.25,False,True,False
132,49-2,61868.5,"(47, 15)",taxation,6,0.25,False,True,False
132,81-2,61895.25,"(8, 31)",taxation,6,0.25,False,True,False
132,118-2,71494.5,"(6, 44)",taxation,6,0.25,False,True,False
132,34-2,58643.0,"(17, 44)",taxation,6,0.25,False,True,False
132,211-2,42568.75,"(7, 47)",taxation,6,0.25,False,True,False
132,177-2,65088.75,"(42, 19)",taxation,6,0.25,False,True,False
132,39-2,45789.5,"(13, 47)",taxation,6,0.25,False,True,False
132,245-2,71499.75,"(40, 25)",taxation,6,0.25,False,True,False
132,131-2,65064.0,"(41, 31)",taxation,6,0.25,False,True,False
132,213-2,65092.5,"(20, 3)",taxation,6,0.25,False,True,False
132,9-2,55445.25,"(20, 0)",taxation,6,0.25,False,True,False
132,171-2,65089.5,"(9, 44)",taxation,6,0.25,False,True,False
132,230-2,52233.0,"(11, 44)",taxation,6,0.25,False,True,False
132,217-2,39357.5,"(38, 34)",taxation,6,0.25,False,True,False
132,227-2,71502.5,"(20, 9)",taxation,6,0.25,False,True,False
132,244-2,74702.5,"(40, 17)",taxation,6,0.25,False,True,False
132,204-2,71503.5,"(8, 48)",taxation,6,0.25,False,True,False
132,105-2,58621.5,"(44, 16)",taxation,6,0.25,False,True,False
132,239-2,65056.5,"(41, 22)",taxation,6,0.25,False,True,False
132,243-2,61853.5,"(41, 30)",taxation,6,0.25,False,True,False
132,139-3,58639.6875,"(23, 3)",taxation,6,0.25,False,True,False
132,228-3,38533.25,"(15, 47)",taxation,6,0.25,False,True,False
132,197-2,52221.25,"(13, 16)",taxation,6,0.25,False,True,False
132,151-2,52179.25,"(3, 41)",taxation,6,0.25,False,True,False
132,191-2,74694.75,"(45, 36)",taxation,6,0.25,False,True,False
132,153-2,32897.0,"(11, 12)",taxation,6,0.25,False,True,False
132,159-2,52212.5,"(18, 9)",taxation,6,0.25,False,True,False
132,222-2,65081.5,"(11, 11)",taxation,6,0.25,False,True,False
132,200-2,61843.0,"(12, 21)",taxation,6,0.25,False,True,False
132,181-2,65045.250000000015,"(17, 39)",taxation,6,0.25,False,True,False
132,101-2,65081.75,"(45, 31)",taxation,6,0.25,False,True,False
132,35-2,65084.5,"(49, 18)",taxation,6,0.25,False,True,False
132,70-2,68287.0,"(44, 32)",taxation,6,0.25,False,True,False
132,238-2,65076.0,"(43, 20)",taxation,6,0.25,False,True,False
132,158-3,47343.75,"(12, 41)",taxation,6,0.25,False,True,False
132,20-2,61846.0,"(23, 4)",taxation,6,0.25,False,True,False
132,31-3,58596.625,"(7, 33)",taxation,6,0.25,False,True,False
132,179-3,42581.375,"(22, 6)",taxation,6,0.25,False,True,False
132,93-2,29690.0,"(12, 13)",taxation,6,0.25,False,True,False
132,3-2,39314.25,"(16, 10)",taxation,6,0.25,False,True,False
132,143-2,65040.75,"(47, 16)",taxation,6,0.25,False,True,False
132,219-3,56996.75,"(43, 22)",taxation,6,0.25,False,True,False
132,98-3,26515.75,"(6, 41)",taxation,6,0.25,False,True,False
132,138-2,68236.75,"(41, 32)",taxation,6,0.25,False,True,False
132,66-2,71469.75,"(42, 17)",taxation,6,0.25,False,True,False
132,210-2,77906.75,"(21, 4)",taxation,6,0.25,False,True,False
132,150-2,55396.25,"(19, 9)",taxation,6,0.25,False,True,False
132,44-2,42534.0,"(16, 11)",taxation,6,0.25,False,True,False
132,154-3,23251.75,"(12, 45)",taxation,6,0.25,False,True,False
132,126-2,65046.75,"(41, 33)",taxation,6,0.25,False,True,False
132,74-3,57002.0,"(42, 12)",taxation,6,0.25,False,True,False
132,28-3,44947.9375,"(13, 46)",taxation,6,0.25,False,True,False
132,146-3,20041.75,"(39, 23)",taxation,6,0.25,False,True,False
132,176-3,752.25,"(23, 46)",taxation,6,0.25,False,True,False
132,208-3,52186.9375,"(37, 25)",taxation,6,0.25,False,True,False
132,216-2,71462.0,"(44, 23)",taxation,6,0.25,False,True,False
132,187-3,26447.25,"(19, 3)",taxation,6,0.25,False,True,False
132,167-3,51387.3125,"(20, 1)",taxation,6,0.25,False,True,False
132,240-3,16814.75,"(41, 24)",taxation,6,0.25,False,True,False
132,140-3,770.75,"(14, 49)",taxation,6,0.25,False,True,False
132,149-3,44161.75,"(19, 2)",taxation,6,0.25,False,True,False
132,173-3,13640.75,"(43, 31)",taxation,6,0.25,False,True,False
132,246-3,48973.75,"(12, 11)",taxation,6,0.25,False,True,False
132,75-3,46559.75,"(8, 49)",taxation,6,0.25,False,True,False
132,12-2,61820.75,"(20, 4)",taxation,6,0.25,False,True,False
132,1-3,37720.1875,"(38, 22)",taxation,6,0.25,False,True,False
132,17-3,53775.375,"(11, 16)",taxation,6,0.25,False,True,False
132,67-2,48982.75,"(19, 4)",taxation,6,0.25,False,True,False
132,40-3,53814.75,"(44, 36)",taxation,6,0.25,False,True,False
132,23-3,52976.0,"(25, 47)",taxation,6,0.25,False,True,False
132,142-3,32071.8125,"(9, 24)",taxation,6,0.25,False,True,False
132,76-3,48971.562500000015,"(3, 40)",taxation,6,0.25,False,True,False
132,94-3,16829.5,"(4, 41)",taxation,6,0.25,False,True,False
132,241-3,46536.625,"(36, 26)",taxation,6,0.25,False,True,False
132,170-3,44971.3125,"(18, 6)",taxation,6,0.25,False,True,False
132,242-3,22453.9375,"(20, 8)",taxation,6,0.25,False,True,False
132,198-3,46555.625,"(44, 20)",taxation,6,0.25,False,True,False
132,10-3,51367.1875,"(16, 45)",taxation,6,0.25,False,True,False
132,172-3,53756.3125,"(43, 30)",taxation,6,0.25,False,True,False
132,189-3,44155.125,"(48, 18)",taxation,6,0.25,False,True,False
132,206-3,49755.4375,"(43, 36)",taxation,6,0.25,False,True,False
132,182-3,51339.1875,"(9, 42)",taxation,6,0.25,False,True,False
132,42-3,36932.625,"(9, 23)",taxation,6,0.25,False,True,False
132,148-3,39308.9375,"(8, 44)",taxation,6,0.25,False,True,False
132,0-3,34494.4375,"(16, 49)",taxation,6,0.25,False,True,False
132,212-3,51355.8125,"(19, 5)",taxation,6,0.25,False,True,False
132,225-3,51341.5625,"(21, 11)",taxation,6,0.25,False,True,False
132,6-3,56184.5,"(30, 18)",taxation,6,0.25,False,True,False
132,38-3,51367.125,"(44, 34)",taxation,6,0.25,False,True,False
132,54-3,48947.1875,"(8, 40)",taxation,6,0.25,False,True,False
132,63-3,46493.5625,"(16, 47)",taxation,6,0.25,False,True,False
132,144-3,48978.875,"(13, 15)",taxation,6,0.25,False,True,False
132,22-3,56165.75,"(21, 2)",taxation,6,0.25,False,True,False
132,162-3,51331.875,"(11, 49)",taxation,6,0.25,False,True,False
132,249-3,51383.75,"(22, 9)",taxation,6,0.25,False,True,False
132,180-3,48931.6875,"(14, 15)",taxation,6,0.25,False,True,False
132,83-3,53753.5625,"(24, 46)",taxation,6,0.25,False,True,False
132,133-3,44110.25,"(41, 20)",taxation,6,0.25,False,True,False
132,16-3,56181.125,"(12, 43)",taxation,6,0.25,False,True,False
132,51-3,51357.875,"(15, 48)",taxation,6,0.25,False,True,False
132,4-3,36869.6875,"(44, 33)",taxation,6,0.25,False,True,False
132,111-3,53745.6875,"(15, 8)",taxation,6,0.25,False,True,False
132,91-3,53750.0625,"(11, 22)",taxation,6,0.25,False,True,False
132,95-3,56177.875,"(38, 25)",taxation,6,0.25,False,True,False
132,106-3,46520.8125,"(41, 36)",taxation,6,0.25,False,True,False
132,56-3,48928.5625,"(11, 47)",taxation,6,0.25,False,True,False
132,71-3,53741.9375,"(21, 12)",taxation,6,0.25,False,True,False
132,226-3,48917.0625,"(22, 42)",taxation,6,0.25,False,True,False
132,205-3,24825.8125,"(43, 34)",taxation,6,0.25,False,True,False
132,165-3,58556.25,"(0, 40)",taxation,6,0.25,False,True,False
132,231-3,32038.8125,"(21, 9)",taxation,6,0.25,False,True,False
132,25-3,44104.25,"(9, 48)",taxation,6,0.25,False,True,False
132,137-3,44088.375,"(41, 26)",taxation,6,0.25,False,True,False
132,73-3,51332.6875,"(15, 17)",taxation,6,0.25,False,True,False
132,214-3,32015.25,"(23, 47)",taxation,6,0.25,False,True,False
132,21-3,46505.6875,"(6, 39)",taxation,6,0.25,False,True,False
132,201-3,34420.9375,"(18, 4)",taxation,6,0.25,False,True,False
132,169-3,39286.25,"(7, 41)",taxation,6,0.25,False,True,False
132,110-3,56156.75,"(17, 43)",taxation,6,0.25,False,True,False
132,183-3,34448.0625,"(44, 29)",taxation,6,0.25,False,True,False
132,125-3,53716.5,"(12, 49)",taxation,6,0.25,False,True,False
132,168-3,53753.875,"(36, 33)",taxation,6,0.25,False,True,False
132,156-3,36870.625,"(37, 27)",taxation,6,0.25,False,True,False
132,53-3,32022.6875,"(48, 16)",taxation,6,0.25,False,True,False
132,122-3,41674.6875,"(24, 49)",taxation,6,0.25,False,True,False
132,234-3,51292.125,"(12, 48)",taxation,6,0.25,False,True,False
132,134-3,48908.0,"(44, 21)",taxation,6,0.25,False,True,False
132,141-3,39263.375,"(23, 5)",taxation,6,0.25,False,True,False
132,145-3,51314.0,"(14, 9)",taxation,6,0.25,False,True,False
132,209-3,56133.625,"(36, 23)",taxation,6,0.25,False,True,False
132,247-3,44069.75,"(39, 26)",taxation,6,0.25,False,True,False
132,203-3,58539.6875,"(12, 37)",taxation,6,0.25,False,True,False
132,50-3,56141.125,"(16, 42)",taxation,6,0.25,False,True,False
132,45-3,51313.8125,"(11, 18)",taxation,6,0.25,False,True,False
132,78-3,46497.6875,"(41, 34)",taxation,6,0.25,False,True,False
132,147-3,48912.5625,"(46, 19)",taxation,6,0.25,False,True,False
132,193-3,44077.125,"(37, 22)",taxation,6,0.25,False,True,False
132,5-3,22351.625,"(8, 23)",taxation,6,0.25,False,True,False
132,175-3,41659.375,"(9, 38)",taxation,6,0.25,False,True,False
132,196-3,34436.0,"(4, 36)",taxation,6,0.25,False,True,False
132,112-3,53726.625,"(7, 37)",taxation,6,0.25,False,True,False
132,113-3,51295.0625,"(8, 38)",taxation,6,0.25,False,True,False
132,55-3,53697.9375,"(12, 39)",taxation,6,0.25,False,True,False
132,33-3,39236.9375,"(1, 41)",taxation,6,0.25,False,True,False
132,68-3,41679.3125,"(43, 35)",taxation,6,0.25,False,True,False
132,161-3,41662.5,"(11, 42)",taxation,6,0.25,False,True,False
132,100-3,48911.5625,"(47, 19)",taxation,6,0.25,False,True,False
132,155-3,51304.4375,"(14, 13)",taxation,6,0.25,False,True,False
132,41-3,53737.0,"(8, 41)",taxation,6,0.25,False,True,False
132,115-3,53707.3125,"(4, 35)",taxation,6,0.25,False,True,False
132,207-3,39222.8125,"(15, 9)",taxation,6,0.25,False,True,False
132,120-3,56109.5,"(15, 43)",taxation,6,0.25,False,True,False
132,11-3,39215.1875,"(36, 18)",taxation,6,0.25,False,True,False
132,102-3,34424.125,"(48, 19)",taxation,6,0.25,False,True,False
132,130-3,53685.125,"(2, 39)",taxation,6,0.25,False,True,False
132,103-3,48871.875,"(13, 14)",taxation,6,0.25,False,True,False
132,202-3,56110.5,"(19, 0)",taxation,6,0.25,False,True,False
132,164-3,51298.4375,"(21, 0)",taxation,6,0.25,False,True,False
132,2-3,48884.8125,"(20, 5)",taxation,6,0.25,False,True,False
132,186-3,46489.1875,"(20, 6)",taxation,6,0.25,False,True,False
132,85-3,44063.75,"(9, 46)",taxation,6,0.25,False,True,False
132,64-3,48863.0,"(5, 41)",taxation,6,0.25,False,True,False
132,188-3,48877.125,"(13, 18)",taxation,6,0.25,False,True,False
132,32-3,53691.8125,"(9, 45)",taxation,6,0.25,False,True,False
132,57-3,44035.6875,"(20, 10)",taxation,6,0.25,False,True,False
132,132-3,53691.3125,"(12, 15)",taxation,6,0.25,False,True,False
132,163-3,58517.5,"(21, 5)",taxation,6,0.25,False,True,False
132,19-3,51278.0,"(41, 17)",taxation,6,0.25,False,True,False
132,107-3,53671.875,"(11, 46)",taxation,6,0.25,False,True,False
132,221-3,46463.625,"(6, 40)",taxation,6,0.25,False,True,False
132,96-3,56095.375,"(20, 11)",taxation,6,0.25,False,True,False
132,92-3,53673.25,"(0, 37)",taxation,6,0.25,False,True,False
132,116-3,53677.125,"(19, 7)",taxation,6,0.25,False,True,False
132,13-3,46461.6875,"(14, 14)",taxation,6,0.25,False,True,False
132,174-3,53694.125,"(43, 33)",taxation,6,0.25,False,True,False
132,69-3,53653.875,"(12, 32)",taxation,6,0.25,False,True,False
132,184-3,48830.9375,"(12, 10)",taxation,6,0.25,False,True,False
132,237-3,39201.3125,"(8, 32)",taxation,6,0.25,False,True,False
132,90-3,44051.875,"(8, 42)",taxation,6,0.25,False,True,False
132,18-3,56094.3125,"(45, 35)",taxation,6,0.25,False,True,False
132,121-3,48878.0,"(22, 5)",taxation,6,0.25,False,True,False
132,30-3,56080.9375,"(19, 8)",taxation,6,0.25,False,True,False
132,97-3,39166.3125,"(40, 22)",taxation,6,0.25,False,True,False
132,229-3,53706.6875,"(5, 39)",taxation,6,0.25,False,True,False
132,27-3,44028.0625,"(21, 7)",taxation,6,0.25,False,True,False
132,117-3,44016.625,"(42, 29)",taxation,6,0.25,False,True,False
132,80-3,53666.625,"(28, 44)",taxation,6,0.25,False,True,False
132,166-3,46423.4375,"(13, 32)",taxation,6,0.25,False,True,False
132,86-3,48861.5,"(38, 23)",taxation,6,0.25,False,True,False
132,160-3,44025.75,"(5, 40)",taxation,6,0.25,False,True,False
132,233-3,46443.4375,"(23, 45)",taxation,6,0.25,False,True,False
132,235-3,48821.9375,"(12, 38)",taxation,6,0.25,False,True,False
132,48-3,51229.5,"(15, 49)",taxation,6,0.25,False,True,False
132,88-3,48843.0,"(19, 6)",taxation,6,0.25,False,True,False
132,52-3,36777.4375,"(38, 18)",taxation,6,0.25,False,True,False
132,58-3,51225.875,"(47, 21)",taxation,6,0.25,False,True,False
132,248-3,48831.1875,"(38, 20)",taxation,6,0.25,False,True,False
132,108-3,27125.6875,"(1, 40)",taxation,6,0.25,False,True,False
132,82-3,51241.125,"(21, 6)",taxation,6,0.25,False,True,False
132,236-3,48828.9375,"(41, 16)",taxation,6,0.25,False,True,False
132,104-3,46450.125,"(31, 35)",taxation,6,0.25,False,True,False
132,152-3,51246.1875,"(12, 40)",taxation,6,0.25,False,True,False
132,109-3,48841.875,"(14, 16)",taxation,6,0.25,False,True,False
132,72-3,56050.875,"(13, 48)",taxation,6,0.25,False,True,False
132,127-3,51226.5,"(4, 20)",taxation,6,0.25,False,True,False
133,89-2,68326.75,"(35, 29)",taxation,6,0.25,False,True,False
133,37-2,68324.75,"(49, 16)",taxation,6,0.25,False,True,False
133,7-2,49060.5,"(43, 23)",taxation,6,0.25,False,True,False
133,26-2,52245.75,"(6, 38)",taxation,6,0.25,False,True,False
133,59-2,58665.25,"(13, 12)",taxation,6,0.25,False,True,False
133,194-2,58706.5,"(6, 49)",taxation,6,0.25,False,True,False
133,199-2,74726.0,"(49, 28)",taxation,6,0.25,False,True,False
133,43-2,65097.75,"(41, 27)",taxation,6,0.25,False,True,False
133,128-2,71533.0,"(24, 2)",taxation,6,0.25,False,True,False
133,84-2,65102.5,"(3, 49)",taxation,6,0.25,False,True,False
133,114-2,74754.75,"(18, 10)",taxation,6,0.25,False,True,False
133,223-2,45810.0,"(16, 8)",taxation,6,0.25,False,True,False
133,123-2,74764.75,"(18, 0)",taxation,6,0.25,False,True,False
133,215-2,71541.5,"(44, 19)",taxation,6,0.25,False,True,False
133,24-2,52275.5,"(47, 24)",taxation,6,0.25,False,True,False
133,136-2,52233.5,"(16, 17)",taxation,6,0.25,False,True,False
133,14-2,16887.5,"(46, 28)",taxation,6,0.25,False,True,False
133,185-2,65116.5,"(48, 29)",taxation,6,0.25,False,True,False
133,77-2,55448.5,"(16, 43)",taxation,6,0.25,False,True,False
133,36-2,49025.25,"(16, 9)",taxation,6,0.25,False,True,False
133,190-2,65108.75,"(17, 11)",taxation,6,0.25,False,True,False
133,46-2,45802.0,"(0, 42)",taxation,6,0.25,False,True,False
133,218-2,74769.5,"(9, 49)",taxation,6,0.25,False,True,False
133,220-2,71554.0,"(4, 45)",taxation,6,0.25,False,True,False
133,224-2,55437.75,"(43, 21)",taxation,6,0.25,False,True,False
133,129-2,61902.0,"(23, 13)",taxation,6,0.25,False,True,False
133,157-2,61874.25,"(47, 27)",taxation,6,0.25,False,True,False
133,195-2,29711.25,"(10, 46)",taxation,6,0.25,False,True,False
133,8-2,65098.0,"(48, 25)",taxation,6,0.25,False,True,False
133,119-2,65080.0,"(42, 24)",taxation,6,0.25,False,True,False
133,99-2,61870.25,"(17, 8)",taxation,6,0.25,False,True,False
133,135-2,65092.75,"(47, 29)",taxation,6,0.25,False,True,False
133,47-2,45820.75,"(5, 45)",taxation,6,0.25,False,True,False
133,79-2,61883.25,"(9, 25)",taxation,6,0.25,False,True,False
133,87-2,65072.5,"(1, 39)",taxation,6,0.25,False,True,False
133,15-2,58674.75,"(47, 33)",taxation,6,0.25,False,True,False
133,29-2,65088.25,"(5, 48)",taxation,6,0.25,False,True,False
133,178-2,71527.25,"(49, 31)",taxation,6,0.25,False,True,False
133,60-2,68302.25,"(8, 43)",taxation,6,0.25,False,True,False
133,192-2,58639.0,"(14, 21)",taxation,6,0.25,False,True,False
133,49-2,61876.5,"(49, 19)",taxation,6,0.25,False,True,False
133,81-2,61901.25,"(9, 32)",taxation,6,0.25,False,True,False
133,118-2,71502.5,"(3, 48)",taxation,6,0.25,False,True,False
133,34-2,58649.0,"(15, 39)",taxation,6,0.25,False,True,False
133,211-2,42576.75,"(4, 49)",taxation,6,0.25,False,True,False
133,177-2,65096.75,"(43, 19)",taxation,6,0.25,False,True,False
133,39-2,45796.5,"(7, 46)",taxation,6,0.25,False,True,False
133,245-2,71508.75,"(45, 26)",taxation,6,0.25,False,True,False
133,131-2,65072.0,"(45, 32)",taxation,6,0.25,False,True,False
133,213-2,65101.5,"(18, 1)",taxation,6,0.25,False,True,False
133,9-2,55453.25,"(18, 2)",taxation,6,0.25,False,True,False
133,171-2,65097.5,"(5, 46)",taxation,6,0.25,False,True,False
133,230-2,52239.0,"(10, 41)",taxation,6,0.25,False,True,False
133,217-2,39365.5,"(41, 29)",taxation,6,0.25,False,True,False
133,227-2,71511.5,"(20, 12)",taxation,6,0.25,False,True,False
133,244-2,74710.5,"(39, 18)",taxation,6,0.25,False,True,False
133,204-2,71511.5,"(6, 48)",taxation,6,0.25,False,True,False
133,105-2,58629.5,"(46, 17)",taxation,6,0.25,False,True,False
133,239-2,65064.5,"(42, 22)",taxation,6,0.25,False,True,False
133,243-2,61861.5,"(45, 30)",taxation,6,0.25,False,True,False
133,139-3,58647.6875,"(19, 1)",taxation,6,0.25,False,True,False
133,228-3,38539.25,"(10, 42)",taxation,6,0.25,False,True,False
133,197-2,52229.25,"(16, 13)",taxation,6,0.25,False,True,False
133,151-2,52187.25,"(0, 43)",taxation,6,0.25,False,True,False
133,191-2,74703.75,"(47, 35)",taxation,6,0.25,False,True,False
133,153-2,32906.0,"(14, 7)",taxation,6,0.25,False,True,False
133,159-2,52220.5,"(15, 11)",taxation,6,0.25,False,True,False
133,222-2,65089.5,"(13, 10)",taxation,6,0.25,False,True,False
133,200-2,61851.0,"(17, 17)",taxation,6,0.25,False,True,False
133,181-2,65052.250000000015,"(11, 40)",taxation,6,0.25,False,True,False
133,101-2,65090.75,"(46, 31)",taxation,6,0.25,False,True,False
133,35-2,65093.5,"(49, 24)",taxation,6,0.25,False,True,False
133,70-2,68296.0,"(48, 31)",taxation,6,0.25,False,True,False
133,238-2,65085.0,"(46, 24)",taxation,6,0.25,False,True,False
133,158-3,47351.75,"(6, 47)",taxation,6,0.25,False,True,False
133,20-2,61854.0,"(22, 8)",taxation,6,0.25,False,True,False
133,31-3,58603.625,"(1, 38)",taxation,6,0.25,False,True,False
133,179-3,42590.375,"(17, 7)",taxation,6,0.25,False,True,False
133,93-2,29698.0,"(13, 13)",taxation,6,0.25,False,True,False
133,3-2,39322.25,"(15, 10)",taxation,6,0.25,False,True,False
133,143-2,65048.75,"(45, 19)",taxation,6,0.25,False,True,False
133,219-3,57005.75,"(48, 26)",taxation,6,0.25,False,True,False
133,98-3,26523.75,"(1, 46)",taxation,6,0.25,False,True,False
133,138-2,68245.75,"(47, 30)",taxation,6,0.25,False,True,False
133,66-2,71477.75,"(42, 18)",taxation,6,0.25,False,True,False
133,210-2,77915.75,"(16, 0)",taxation,6,0.25,False,True,False
133,150-2,55405.25,"(17, 9)",taxation,6,0.25,False,True,False
133,44-2,42543.0,"(16, 6)",taxation,6,0.25,False,True,False
133,154-3,23258.75,"(7, 45)",taxation,6,0.25,False,True,False
133,126-2,65055.75,"(47, 31)",taxation,6,0.25,False,True,False
133,74-3,57010.0,"(43, 18)",taxation,6,0.25,False,True,False
133,28-3,44954.9375,"(7, 42)",taxation,6,0.25,False,True,False
133,146-3,20049.75,"(40, 24)",taxation,6,0.25,False,True,False
133,176-3,757.25,"(21, 43)",taxation,6,0.25,False,True,False
133,208-3,52194.9375,"(41, 28)",taxation,6,0.25,False,True,False
133,216-2,71471.0,"(49, 26)",taxation,6,0.25,False,True,False
133,187-3,26455.25,"(21, 8)",taxation,6,0.25,False,True,False
133,167-3,51396.3125,"(16, 1)",taxation,6,0.25,False,True,False
133,240-3,16823.75,"(46, 26)",taxation,6,0.25,False,True,False
133,140-3,777.75,"(11, 48)",taxation,6,0.25,False,True,False
133,149-3,44168.75,"(24, 1)",taxation,6,0.25,False,True,False
133,173-3,13649.75,"(48, 30)",taxation,6,0.25,False,True,False
133,246-3,48981.75,"(13, 11)",taxation,6,0.25,False,True,False
133,75-3,46567.75,"(5, 49)",taxation,6,0.25,False,True,False
133,12-2,61828.75,"(18, 3)",taxation,6,0.25,False,True,False
133,1-3,37728.1875,"(38, 24)",taxation,6,0.25,False,True,False
133,17-3,53783.375,"(14, 11)",taxation,6,0.25,False,True,False
133,67-2,48991.75,"(16, 3)",taxation,6,0.25,False,True,False
133,40-3,53823.75,"(48, 35)",taxation,6,0.25,False,True,False
133,23-3,52981.0,"(22, 46)",taxation,6,0.25,False,True,False
133,142-3,32077.8125,"(11, 23)",taxation,6,0.25,False,True,False
133,76-3,48979.562500000015,"(2, 43)",taxation,6,0.25,False,True,False
133,94-3,16837.5,"(1, 43)",taxation,6,0.25,False,True,False
133,241-3,46544.625,"(33, 22)",taxation,6,0.25,False,True,False
133,170-3,44980.3125,"(17, 6)",taxation,6,0.25,False,True,False
133,242-3,22462.9375,"(16, 5)",taxation,6,0.25,False,True,False
133,198-3,46564.625,"(48, 24)",taxation,6,0.25,False,True,False
133,10-3,51374.1875,"(10, 44)",taxation,6,0.25,False,True,False
133,172-3,53765.3125,"(46, 30)",taxation,6,0.25,False,True,False
133,189-3,44164.125,"(48, 23)",taxation,6,0.25,False,True,False
133,206-3,49764.4375,"(49, 34)",taxation,6,0.25,False,True,False
133,182-3,51347.1875,"(4, 46)",taxation,6,0.25,False,True,False
133,42-3,36939.625,"(15, 20)",taxation,6,0.25,False,True,False
133,148-3,39316.9375,"(2, 48)",taxation,6,0.25,False,True,False
133,0-3,34501.4375,"(10, 45)",taxation,6,0.25,False,True,False
133,212-3,51364.8125,"(18, 5)",taxation,6,0.25,False,True,False
133,225-3,51349.5625,"(21, 10)",taxation,6,0.25,False,True,False
133,6-3,56192.5,"(30, 17)",taxation,6,0.25,False,True,False
133,38-3,51376.125,"(47, 34)",taxation,6,0.25,False,True,False
133,54-3,48955.1875,"(2, 46)",taxation,6,0.25,False,True,False
133,63-3,46498.5625,"(14, 42)",taxation,6,0.25,False,True,False
133,144-3,48986.875,"(15, 13)",taxation,6,0.25,False,True,False
133,22-3,56174.75,"(17, 2)",taxation,6,0.25,False,True,False
133,162-3,51338.875,"(5, 47)",taxation,6,0.25,False,True,False
133,249-3,51391.75,"(23, 10)",taxation,6,0.25,False,True,False
133,180-3,48940.6875,"(19, 12)",taxation,6,0.25,False,True,False
133,83-3,53757.5625,"(26, 44)",taxation,6,0.25,False,True,False
133,133-3,44119.25,"(46, 25)",taxation,6,0.25,False,True,False
133,16-3,56187.125,"(11, 39)",taxation,6,0.25,False,True,False
133,51-3,51364.875,"(10, 48)",taxation,6,0.25,False,True,False
133,4-3,36878.6875,"(48, 32)",taxation,6,0.25,False,True,False
133,111-3,53754.6875,"(15, 7)",taxation,6,0.25,False,True,False
133,91-3,53757.0625,"(16, 20)",taxation,6,0.25,False,True,False
133,95-3,56185.875,"(42, 25)",taxation,6,0.25,False,True,False
133,106-3,46529.8125,"(47, 32)",taxation,6,0.25,False,True,False
133,56-3,48934.5625,"(6, 43)",taxation,6,0.25,False,True,False
133,71-3,53749.9375,"(19, 13)",taxation,6,0.25,False,True,False
133,226-3,48922.0625,"(21, 39)",taxation,6,0.25,False,True,False
133,205-3,24834.8125,"(48, 34)",taxation,6,0.25,False,True,False
133,165-3,58564.25,"(0, 46)",taxation,6,0.25,False,True,False
133,231-3,32046.8125,"(24, 12)",taxation,6,0.25,False,True,False
133,25-3,44112.25,"(7, 49)",taxation,6,0.25,False,True,False
133,137-3,44097.375,"(47, 26)",taxation,6,0.25,False,True,False
133,73-3,51340.6875,"(17, 15)",taxation,6,0.25,False,True,False
133,214-3,32020.25,"(21, 42)",taxation,6,0.25,False,True,False
133,21-3,46513.6875,"(2, 44)",taxation,6,0.25,False,True,False
133,201-3,34429.9375,"(17, 4)",taxation,6,0.25,False,True,False
133,169-3,39294.25,"(2, 47)",taxation,6,0.25,False,True,False
133,110-3,56163.75,"(11, 41)",taxation,6,0.25,False,True,False
133,183-3,34457.0625,"(48, 27)",taxation,6,0.25,False,True,False
133,125-3,53723.5,"(7, 43)",taxation,6,0.25,False,True,False
133,168-3,53761.875,"(40, 29)",taxation,6,0.25,False,True,False
133,156-3,36878.625,"(38, 28)",taxation,6,0.25,False,True,False
133,53-3,32030.6875,"(49, 17)",taxation,6,0.25,False,True,False
133,122-3,41679.6875,"(19, 46)",taxation,6,0.25,False,True,False
133,234-3,51298.125,"(8, 47)",taxation,6,0.25,False,True,False
133,134-3,48917.0,"(47, 25)",taxation,6,0.25,False,True,False
133,141-3,39272.375,"(17, 5)",taxation,6,0.25,False,True,False
133,145-3,51323.0,"(15, 6)",taxation,6,0.25,False,True,False
133,209-3,56141.625,"(34, 22)",taxation,6,0.25,False,True,False
133,247-3,44077.75,"(38, 27)",taxation,6,0.25,False,True,False
133,203-3,58546.6875,"(10, 39)",taxation,6,0.25,False,True,False
133,50-3,56148.125,"(10, 40)",taxation,6,0.25,False,True,False
133,45-3,51321.8125,"(15, 15)",taxation,6,0.25,False,True,False
133,78-3,46505.6875,"(45, 34)",taxation,6,0.25,False,True,False
133,147-3,48921.5625,"(49, 22)",taxation,6,0.25,False,True,False
133,193-3,44085.125,"(36, 20)",taxation,6,0.25,False,True,False
133,5-3,22358.625,"(13, 21)",taxation,6,0.25,False,True,False
133,175-3,41667.375,"(5, 44)",taxation,6,0.25,False,True,False
133,196-3,34443.0,"(3, 38)",taxation,6,0.25,False,True,False
133,112-3,53733.625,"(5, 38)",taxation,6,0.25,False,True,False
133,113-3,51302.0625,"(8, 39)",taxation,6,0.25,False,True,False
133,55-3,53703.9375,"(11, 38)",taxation,6,0.25,False,True,False
133,33-3,39244.9375,"(0, 45)",taxation,6,0.25,False,True,False
133,68-3,41688.3125,"(49, 33)",taxation,6,0.25,False,True,False
133,161-3,41668.5,"(9, 39)",taxation,6,0.25,False,True,False
133,100-3,48920.5625,"(49, 23)",taxation,6,0.25,False,True,False
133,155-3,51312.4375,"(14, 12)",taxation,6,0.25,False,True,False
133,41-3,53745.0,"(3, 46)",taxation,6,0.25,False,True,False
133,115-3,53714.3125,"(4, 38)",taxation,6,0.25,False,True,False
133,207-3,39230.8125,"(14, 10)",taxation,6,0.25,False,True,False
133,120-3,56115.5,"(16, 41)",taxation,6,0.25,False,True,False
133,11-3,39223.1875,"(35, 19)",taxation,6,0.25,False,True,False
133,102-3,34433.125,"(49, 25)",taxation,6,0.25,False,True,False
133,130-3,53692.125,"(3, 39)",taxation,6,0.25,False,True,False
133,103-3,48880.875,"(17, 10)",taxation,6,0.25,False,True,False
133,202-3,56119.5,"(17, 0)",taxation,6,0.25,False,True,False
133,164-3,51307.4375,"(17, 1)",taxation,6,0.25,False,True,False
133,2-3,48893.8125,"(16, 2)",taxation,6,0.25,False,True,False
133,186-3,46498.1875,"(16, 4)",taxation,6,0.25,False,True,False
133,85-3,44070.75,"(4, 44)",taxation,6,0.25,False,True,False
133,64-3,48871.0,"(3, 47)",taxation,6,0.25,False,True,False
133,188-3,48885.125,"(16, 15)",taxation,6,0.25,False,True,False
133,32-3,53699.8125,"(4, 48)",taxation,6,0.25,False,True,False
133,57-3,44044.6875,"(19, 11)",taxation,6,0.25,False,True,False
133,132-3,53699.3125,"(15, 12)",taxation,6,0.25,False,True,False
133,163-3,58526.5,"(17, 3)",taxation,6,0.25,False,True,False
133,19-3,51286.0,"(41, 18)",taxation,6,0.25,False,True,False
133,107-3,53678.875,"(7, 44)",taxation,6,0.25,False,True,False
133,221-3,46470.625,"(4, 40)",taxation,6,0.25,False,True,False
133,96-3,56103.375,"(20, 13)",taxation,6,0.25,False,True,False
133,92-3,53680.25,"(0, 38)",taxation,6,0.25,False,True,False
133,116-3,53685.125,"(20, 7)",taxation,6,0.25,False,True,False
133,13-3,46469.6875,"(16, 14)",taxation,6,0.25,False,True,False
133,174-3,53703.125,"(49, 32)",taxation,6,0.25,False,True,False
133,69-3,53660.875,"(7, 38)",taxation,6,0.25,False,True,False
133,184-3,48838.9375,"(13, 9)",taxation,6,0.25,False,True,False
133,237-3,39208.3125,"(6, 37)",taxation,6,0.25,False,True,False
133,90-3,44059.875,"(4, 47)",taxation,6,0.25,False,True,False
133,18-3,56103.3125,"(48, 33)",taxation,6,0.25,False,True,False
133,121-3,48886.0,"(23, 11)",taxation,6,0.25,False,True,False
133,30-3,56089.9375,"(16, 7)",taxation,6,0.25,False,True,False
133,97-3,39175.3125,"(46, 27)",taxation,6,0.25,False,True,False
133,229-3,53714.6875,"(5, 43)",taxation,6,0.25,False,True,False
133,27-3,44037.0625,"(15, 5)",taxation,6,0.25,False,True,False
133,117-3,44024.625,"(45, 29)",taxation,6,0.25,False,True,False
133,80-3,53671.625,"(22, 41)",taxation,6,0.25,False,True,False
133,166-3,46429.4375,"(13, 33)",taxation,6,0.25,False,True,False
133,86-3,48869.5,"(41, 23)",taxation,6,0.25,False,True,False
133,160-3,44032.75,"(4, 42)",taxation,6,0.25,False,True,False
133,233-3,46448.4375,"(20, 41)",taxation,6,0.25,False,True,False
133,235-3,48828.9375,"(6, 42)",taxation,6,0.25,False,True,False
133,48-3,51236.5,"(10, 47)",taxation,6,0.25,False,True,False
133,88-3,48851.0,"(17, 12)",taxation,6,0.25,False,True,False
133,52-3,36785.4375,"(38, 19)",taxation,6,0.25,False,True,False
133,58-3,51234.875,"(47, 23)",taxation,6,0.25,False,True,False
133,248-3,48839.1875,"(39, 20)",taxation,6,0.25,False,True,False
133,108-3,27133.6875,"(1, 45)",taxation,6,0.25,False,True,False
133,82-3,51250.125,"(18, 7)",taxation,6,0.25,False,True,False
133,236-3,48836.9375,"(40, 18)",taxation,6,0.25,False,True,False
133,104-3,46457.125,"(34, 29)",taxation,6,0.25,False,True,False
133,152-3,51254.1875,"(6, 46)",taxation,6,0.25,False,True,False
133,109-3,48850.875,"(18, 11)",taxation,6,0.25,False,True,False
133,72-3,56058.875,"(7, 48)",taxation,6,0.25,False,True,False
133,127-3,51231.5,"(10, 24)",taxation,6,0.25,False,True,False
133,61-3,58482.1875,"(45, 27)",taxation,6,0.25,False,True,False
133,232-3,29536.6875,"(6, 45)",taxation,6,0.25,False,True,False
133,65-3,56049.9375,"(15, 16)",taxation,6,0.25,False,True,False
133,124-3,46428.1875,"(49, 30)",taxation,6,0.25,False,True,False
133,62-3,48829.125,"(42, 26)",taxation,6,0.25,False,True,False
134,37-2,68332.75,"(49, 15)",taxation,6,0.25,False,True,False
134,7-2,49069.5,"(49, 21)",taxation,6,0.25,False,True,False
134,26-2,52253.75,"(1, 42)",taxation,6,0.25,False,True,False
134,194-2,58714.5,"(1, 49)",taxation,6,0.25,False,True,False
134,199-2,74734.0,"(44, 27)",taxation,6,0.25,False,True,False
134,43-2,65106.75,"(45, 25)",taxation,6,0.25,False,True,False
134,128-2,71541.0,"(24, 8)",taxation,6,0.25,False,True,False
134,84-2,65103.5,"(9, 48)",taxation,6,0.25,False,True,False
134,114-2,74763.75,"(18, 13)",taxation,6,0.25,False,True,False
134,223-2,45819.0,"(17, 13)",taxation,6,0.25,False,True,False
134,123-2,74766.75,"(23, 0)",taxation,6,0.25,False,True,False
134,215-2,71550.5,"(46, 20)",taxation,6,0.25,False,True,False
134,24-2,52284.5,"(48, 21)",taxation,6,0.25,False,True,False
134,136-2,52241.5,"(17, 19)",taxation,6,0.25,False,True,False
134,14-2,16895.5,"(44, 24)",taxation,6,0.25,False,True,False
134,185-2,65118.5,"(42, 31)",taxation,6,0.25,False,True,False
134,77-2,55455.5,"(14, 37)",taxation,6,0.25,False,True,False
134,36-2,49034.25,"(21, 15)",taxation,6,0.25,False,True,False
134,190-2,65116.75,"(22, 17)",taxation,6,0.25,False,True,False
134,46-2,45809.0,"(2, 37)",taxation,6,0.25,False,True,False
134,218-2,74772.5,"(14, 43)",taxation,6,0.25,False,True,False
134,220-2,71556.0,"(7, 40)",taxation,6,0.25,False,True,False
134,224-2,55445.75,"(42, 21)",taxation,6,0.25,False,True,False
134,129-2,61910.0,"(24, 15)",taxation,6,0.25,False,True,False
134,157-2,61883.25,"(48, 28)",taxation,6,0.25,False,True,False
134,195-2,29717.25,"(5, 42)",taxation,6,0.25,False,True,False
134,8-2,65107.0,"(49, 20)",taxation,6,0.25,False,True,False
134,119-2,65088.0,"(37, 20)",taxation,6,0.25,False,True,False
134,99-2,61879.25,"(16, 12)",taxation,6,0.25,False,True,False
134,135-2,65098.75,"(43, 25)",taxation,6,0.25,False,True,False
134,47-2,45821.75,"(9, 45)",taxation,6,0.25,False,True,False
134,79-2,61890.25,"(12, 23)",taxation,6,0.25,False,True,False
134,87-2,65079.5,"(2, 34)",taxation,6,0.25,False,True,False
134,15-2,58682.75,"(43, 29)",taxation,6,0.25,False,True,False
134,29-2,65090.25,"(10, 43)",taxation,6,0.25,False,True,False
134,178-2,71528.25,"(45, 31)",taxation,6,0.25,False,True,False
134,60-2,68308.25,"(4, 37)",taxation,6,0.25,False,True,False
134,192-2,58647.0,"(18, 18)",taxation,6,0.25,False,True,False
134,49-2,61884.5,"(47, 17)",taxation,6,0.25,False,True,False
134,81-2,61908.25,"(11, 33)",taxation,6,0.25,False,True,False
134,118-2,71503.5,"(8, 48)",taxation,6,0.25,False,True,False
134,34-2,58656.0,"(13, 34)",taxation,6,0.25,False,True,False
134,211-2,42577.75,"(9, 47)",taxation,6,0.25,False,True,False
134,177-2,65104.75,"(43, 16)",taxation,6,0.25,False,True,False
134,39-2,45799.5,"(13, 40)",taxation,6,0.25,False,True,False
134,245-2,71517.75,"(45, 23)",taxation,6,0.25,False,True,False
134,131-2,65080.0,"(40, 32)",taxation,6,0.25,False,True,False
134,213-2,65103.5,"(21, 3)",taxation,6,0.25,False,True,False
134,9-2,55455.25,"(23, 1)",taxation,6,0.25,False,True,False
134,171-2,65105.5,"(3, 45)",taxation,6,0.25,False,True,False
134,230-2,52246.0,"(7, 39)",taxation,6,0.25,False,True,False
134,217-2,39374.5,"(46, 29)",taxation,6,0.25,False,True,False
134,227-2,71519.5,"(21, 17)",taxation,6,0.25,False,True,False
134,244-2,74718.5,"(39, 17)",taxation,6,0.25,False,True,False
134,204-2,71513.5,"(12, 44)",taxation,6,0.25,False,True,False
134,105-2,58638.5,"(48, 20)",taxation,6,0.25,False,True,False
134,239-2,65072.5,"(38, 21)",taxation,6,0.25,False,True,False
134,243-2,61870.5,"(45, 24)",taxation,6,0.25,False,True,False
134,139-3,58650.6875,"(25, 6)",taxation,6,0.25,False,True,False
134,228-3,38545.25,"(5, 37)",taxation,6,0.25,False,True,False
134,197-2,52237.25,"(16, 18)",taxation,6,0.25,False,True,False
134,151-2,52188.25,"(0, 40)",taxation,6,0.25,False,True,False
134,191-2,74712.75,"(46, 35)",taxation,6,0.25,False,True,False
134,153-2,32908.0,"(10, 13)",taxation,6,0.25,False,True,False
134,159-2,52228.5,"(20, 17)",taxation,6,0.25,False,True,False
134,222-2,65097.5,"(19, 16)",taxation,6,0.25,False,True,False
134,200-2,61860.0,"(17, 14)",taxation,6,0.25,False,True,False
134,181-2,65059.250000000015,"(12, 34)",taxation,6,0.25,False,True,False
134,101-2,65098.75,"(40, 33)",taxation,6,0.25,False,True,False
134,35-2,65102.5,"(47, 22)",taxation,6,0.25,False,True,False
134,70-2,68304.0,"(44, 26)",taxation,6,0.25,False,True,False
134,238-2,65087.0,"(46, 18)",taxation,6,0.25,False,True,False
134,158-3,47353.75,"(12, 47)",taxation,6,0.25,False,True,False
134,20-2,61863.0,"(22, 14)",taxation,6,0.25,False,True,False
134,31-3,58610.625,"(3, 34)",taxation,6,0.25,False,True,False
134,179-3,42592.375,"(23, 8)",taxation,6,0.25,False,True,False
134,93-2,29706.0,"(17, 18)",taxation,6,0.25,False,True,False
134,3-2,39331.25,"(20, 15)",taxation,6,0.25,False,True,False
134,143-2,65056.75,"(45, 16)",taxation,6,0.25,False,True,False
134,219-3,57014.75,"(46, 22)",taxation,6,0.25,False,True,False
134,98-3,26530.75,"(1, 48)",taxation,6,0.25,False,True,False
134,138-2,68247.75,"(42, 32)",taxation,6,0.25,False,True,False
134,66-2,71486.75,"(46, 21)",taxation,6,0.25,False,True,False
134,210-2,77917.75,"(22, 3)",taxation,6,0.25,False,True,False
134,150-2,55407.25,"(21, 13)",taxation,6,0.25,False,True,False
134,44-2,42545.0,"(22, 11)",taxation,6,0.25,False,True,False
134,154-3,23266.75,"(1, 44)",taxation,6,0.25,False,True,False
134,126-2,65065.75,"(49, 27)",taxation,6,0.25,False,True,False
134,74-3,57019.0,"(45, 21)",taxation,6,0.25,False,True,False
134,28-3,44962.9375,"(4, 43)",taxation,6,0.25,False,True,False
134,146-3,20057.75,"(39, 22)",taxation,6,0.25,False,True,False
134,176-3,762.25,"(19, 40)",taxation,6,0.25,False,True,False
134,208-3,52202.9375,"(40, 30)",taxation,6,0.25,False,True,False
134,216-2,71479.0,"(47, 20)",taxation,6,0.25,False,True,False
134,187-3,26463.25,"(26, 9)",taxation,6,0.25,False,True,False
134,167-3,51398.3125,"(22, 1)",taxation,6,0.25,False,True,False
134,240-3,16827.75,"(43, 26)",taxation,6,0.25,False,True,False
134,140-3,780.75,"(15, 42)",taxation,6,0.25,False,True,False
134,149-3,44175.75,"(26, 6)",taxation,6,0.25,False,True,False
134,173-3,13656.75,"(43, 24)",taxation,6,0.25,False,True,False
134,246-3,48989.75,"(16, 16)",taxation,6,0.25,False,True,False
134,75-3,46568.75,"(8, 49)",taxation,6,0.25,False,True,False
134,12-2,61830.75,"(24, 3)",taxation,6,0.25,False,True,False
134,1-3,37736.1875,"(35, 23)",taxation,6,0.25,False,True,False
134,17-3,53791.375,"(18, 15)",taxation,6,0.25,False,True,False
134,67-2,48992.75,"(18, 4)",taxation,6,0.25,False,True,False
134,40-3,53831.75,"(44, 35)",taxation,6,0.25,False,True,False
134,23-3,52987.0,"(16, 40)",taxation,6,0.25,False,True,False
134,142-3,32084.8125,"(11, 20)",taxation,6,0.25,False,True,False
134,76-3,48981.562500000015,"(1, 37)",taxation,6,0.25,False,True,False
134,94-3,16846.5,"(1, 47)",taxation,6,0.25,False,True,False
134,241-3,46552.625,"(33, 23)",taxation,6,0.25,False,True,False
134,170-3,44983.3125,"(23, 12)",taxation,6,0.25,False,True,False
134,242-3,22463.9375,"(18, 6)",taxation,6,0.25,False,True,False
134,198-3,46573.625,"(46, 23)",taxation,6,0.25,False,True,False
134,10-3,51380.1875,"(15, 38)",taxation,6,0.25,False,True,False
134,172-3,53773.3125,"(40, 34)",taxation,6,0.25,False,True,False
134,189-3,44171.125,"(44, 17)",taxation,6,0.25,False,True,False
134,206-3,49766.4375,"(43, 28)",taxation,6,0.25,False,True,False
134,182-3,51355.1875,"(2, 45)",taxation,6,0.25,False,True,False
134,42-3,36947.625,"(17, 20)",taxation,6,0.25,False,True,False
134,148-3,39317.9375,"(7, 47)",taxation,6,0.25,False,True,False
134,0-3,34508.4375,"(4, 39)",taxation,6,0.25,False,True,False
134,212-3,51366.8125,"(23, 6)",taxation,6,0.25,False,True,False
134,225-3,51357.5625,"(26, 10)",taxation,6,0.25,False,True,False
134,6-3,56201.5,"(33, 18)",taxation,6,0.25,False,True,False
134,38-3,51385.125,"(46, 34)",taxation,6,0.25,False,True,False
134,54-3,48962.1875,"(0, 41)",taxation,6,0.25,False,True,False
134,63-3,46504.5625,"(17, 38)",taxation,6,0.25,False,True,False
134,144-3,48994.875,"(19, 18)",taxation,6,0.25,False,True,False
134,22-3,56176.75,"(23, 2)",taxation,6,0.25,False,True,False
134,162-3,51347.875,"(0, 48)",taxation,6,0.25,False,True,False
134,249-3,51400.75,"(23, 14)",taxation,6,0.25,False,True,False
134,180-3,48949.6875,"(23, 15)",taxation,6,0.25,False,True,False
134,83-3,53762.5625,"(26, 43)",taxation,6,0.25,False,True,False
134,133-3,44127.25,"(45, 20)",taxation,6,0.25,False,True,False
134,16-3,56194.125,"(11, 34)",taxation,6,0.25,False,True,False
134,51-3,51367.875,"(15, 44)",taxation,6,0.25,False,True,False
134,4-3,36880.6875,"(42, 35)",taxation,6,0.25,False,True,False
134,111-3,53756.6875,"(11, 13)",taxation,6,0.25,False,True,False
134,91-3,53765.0625,"(18, 19)",taxation,6,0.25,False,True,False
134,95-3,56193.875,"(37, 23)",taxation,6,0.25,False,True,False
134,106-3,46531.8125,"(42, 33)",taxation,6,0.25,False,True,False
134,56-3,48937.5625,"(10, 37)",taxation,6,0.25,False,True,False
134,71-3,53758.9375,"(19, 14)",taxation,6,0.25,False,True,False
134,226-3,48928.0625,"(21, 36)",taxation,6,0.25,False,True,False
134,205-3,24836.8125,"(42, 34)",taxation,6,0.25,False,True,False
134,165-3,58573.25,"(0, 47)",taxation,6,0.25,False,True,False
134,231-3,32055.8125,"(25, 14)",taxation,6,0.25,False,True,False
134,25-3,44114.25,"(13, 49)",taxation,6,0.25,False,True,False
134,137-3,44106.375,"(47, 28)",taxation,6,0.25,False,True,False
134,73-3,51348.6875,"(19, 17)",taxation,6,0.25,False,True,False
134,214-3,32026.25,"(21, 37)",taxation,6,0.25,False,True,False
134,21-3,46515.6875,"(2, 38)",taxation,6,0.25,False,True,False
134,201-3,34431.9375,"(23, 9)",taxation,6,0.25,False,True,False
134,169-3,39295.25,"(6, 44)",taxation,6,0.25,False,True,False
134,110-3,56170.75,"(9, 35)",taxation,6,0.25,False,True,False
134,183-3,34458.0625,"(45, 28)",taxation,6,0.25,False,True,False
134,125-3,53730.5,"(3, 37)",taxation,6,0.25,False,True,False
134,168-3,53769.875,"(37, 28)",taxation,6,0.25,False,True,False
134,156-3,36886.625,"(36, 27)",taxation,6,0.25,False,True,False
134,53-3,32038.6875,"(48, 17)",taxation,6,0.25,False,True,False
134,122-3,41684.6875,"(18, 40)",taxation,6,0.25,False,True,False
134,234-3,51301.125,"(13, 41)",taxation,6,0.25,False,True,False
134,134-3,48919.0,"(41, 19)",taxation,6,0.25,False,True,False
134,141-3,39274.375,"(23, 7)",taxation,6,0.25,False,True,False
134,145-3,51325.0,"(10, 12)",taxation,6,0.25,False,True,False
134,209-3,56150.625,"(39, 19)",taxation,6,0.25,False,True,False
134,247-3,44085.75,"(38, 26)",taxation,6,0.25,False,True,False
134,203-3,58553.6875,"(10, 34)",taxation,6,0.25,False,True,False
134,50-3,56155.125,"(10, 38)",taxation,6,0.25,False,True,False
134,45-3,51329.8125,"(18, 16)",taxation,6,0.25,False,True,False
134,78-3,46514.6875,"(46, 33)",taxation,6,0.25,False,True,False
134,147-3,48929.5625,"(45, 17)",taxation,6,0.25,False,True,False
134,193-3,44094.125,"(35, 20)",taxation,6,0.25,False,True,False
134,5-3,22366.625,"(16, 19)",taxation,6,0.25,False,True,False
134,175-3,41668.375,"(8, 44)",taxation,6,0.25,False,True,False
134,196-3,34451.0,"(2, 42)",taxation,6,0.25,False,True,False
134,112-3,53741.625,"(3, 43)",taxation,6,0.25,False,True,False
134,113-3,51309.0625,"(9, 34)",taxation,6,0.25,False,True,False
134,55-3,53710.9375,"(13, 37)",taxation,6,0.25,False,True,False
134,33-3,39252.9375,"(0, 44)",taxation,6,0.25,False,True,False
134,68-3,41689.3125,"(45, 33)",taxation,6,0.25,False,True,False
134,161-3,41675.5,"(7, 36)",taxation,6,0.25,False,True,False
134,100-3,48929.5625,"(48, 22)",taxation,6,0.25,False,True,False
134,155-3,51321.4375,"(20, 16)",taxation,6,0.25,False,True,False
134,41-3,53747.0,"(9, 41)",taxation,6,0.25,False,True,False
134,115-3,53721.3125,"(4, 34)",taxation,6,0.25,False,True,False
134,207-3,39234.8125,"(10, 15)",taxation,6,0.25,False,True,False
134,120-3,56121.5,"(19, 36)",taxation,6,0.25,False,True,False
134,11-3,39231.1875,"(34, 19)",taxation,6,0.25,False,True,False
134,102-3,34438.125,"(44, 25)",taxation,6,0.25,False,True,False
134,130-3,53699.125,"(8, 33)",taxation,6,0.25,False,True,False
134,103-3,48888.875,"(23, 16)",taxation,6,0.25,False,True,False
134,202-3,56121.5,"(22, 0)",taxation,6,0.25,False,True,False
134,164-3,51309.4375,"(22, 4)",taxation,6,0.25,False,True,False
134,2-3,48895.8125,"(22, 2)",taxation,6,0.25,False,True,False
134,186-3,46500.1875,"(22, 10)",taxation,6,0.25,False,True,False
134,85-3,44077.75,"(2, 41)",taxation,6,0.25,False,True,False
134,64-3,48879.0,"(0, 49)",taxation,6,0.25,False,True,False
134,188-3,48894.125,"(18, 14)",taxation,6,0.25,False,True,False
134,32-3,53700.8125,"(8, 45)",taxation,6,0.25,False,True,False
134,57-3,44053.6875,"(22, 15)",taxation,6,0.25,False,True,False
134,132-3,53707.3125,"(17, 16)",taxation,6,0.25,False,True,False
134,163-3,58527.5,"(19, 3)",taxation,6,0.25,False,True,False
134,19-3,51294.0,"(38, 17)",taxation,6,0.25,False,True,False
134,107-3,53686.875,"(3, 44)",taxation,6,0.25,False,True,False
134,221-3,46476.625,"(5, 35)",taxation,6,0.25,False,True,False
134,96-3,56111.375,"(22, 16)",taxation,6,0.25,False,True,False
134,92-3,53686.25,"(3, 35)",taxation,6,0.25,False,True,False
134,116-3,53693.125,"(26, 12)",taxation,6,0.25,False,True,False
134,13-3,46478.6875,"(20, 14)",taxation,6,0.25,False,True,False
134,174-3,53712.125,"(46, 32)",taxation,6,0.25,False,True,False
134,69-3,53667.875,"(5, 34)",taxation,6,0.25,False,True,False
134,184-3,48841.9375,"(9, 14)",taxation,6,0.25,False,True,False
134,237-3,39215.3125,"(5, 36)",taxation,6,0.25,False,True,False
134,90-3,44060.875,"(8, 46)",taxation,6,0.25,False,True,False
134,18-3,56106.3125,"(43, 27)",taxation,6,0.25,False,True,False
134,121-3,48894.0,"(25, 12)",taxation,6,0.25,False,True,False
134,30-3,56093.9375,"(22, 13)",taxation,6,0.25,False,True,False
134,97-3,39183.3125,"(44, 22)",taxation,6,0.25,False,True,False
134,229-3,53717.6875,"(9, 37)",taxation,6,0.25,False,True,False
134,27-3,44038.0625,"(15, 8)",taxation,6,0.25,False,True,False
134,117-3,44034.625,"(49, 29)",taxation,6,0.25,False,True,False
134,80-3,53678.625,"(16, 35)",taxation,6,0.25,False,True,False
134,166-3,46436.4375,"(14, 33)",taxation,6,0.25,False,True,False
134,86-3,48877.5,"(39, 21)",taxation,6,0.25,False,True,False
134,160-3,44039.75,"(3, 42)",taxation,6,0.25,False,True,False
134,233-3,46455.4375,"(15, 35)",taxation,6,0.25,False,True,False
134,235-3,48833.9375,"(3, 36)",taxation,6,0.25,False,True,False
134,48-3,51239.5,"(14, 41)",taxation,6,0.25,False,True,False
134,88-3,48859.0,"(19, 15)",taxation,6,0.25,False,True,False
134,52-3,36793.4375,"(37, 19)",taxation,6,0.25,False,True,False
134,58-3,51236.875,"(47, 18)",taxation,6,0.25,False,True,False
134,248-3,48847.1875,"(40, 20)",taxation,6,0.25,False,True,False
134,108-3,27134.6875,"(1, 41)",taxation,6,0.25,False,True,False
134,82-3,51254.125,"(24, 13)",taxation,6,0.25,False,True,False
134,236-3,48844.9375,"(39, 16)",taxation,6,0.25,False,True,False
134,104-3,46465.125,"(35, 28)",taxation,6,0.25,False,True,False
134,152-3,51263.1875,"(2, 49)",taxation,6,0.25,False,True,False
134,109-3,48858.875,"(21, 14)",taxation,6,0.25,False,True,False
134,72-3,56060.875,"(11, 45)",taxation,6,0.25,False,True,False
134,127-3,51238.5,"(13, 23)",taxation,6,0.25,False,True,False
134,61-3,58491.1875,"(45, 22)",taxation,6,0.25,False,True,False
134,232-3,29538.6875,"(9, 40)",taxation,6,0.25,False,True,False
134,65-3,56057.9375,"(14, 17)",taxation,6,0.25,False,True,False
134,124-3,46429.1875,"(44, 30)",taxation,6,0.25,False,True,False
134,62-3,48837.125,"(37, 24)",taxation,6,0.25,False,True,False
134,59-3,44004.9375,"(15, 14)",taxation,6,0.25,False,True,False
134,89-3,51251.0625,"(37, 30)",taxation,6,0.25,False,True,False
135,37-2,68341.75,"(49, 14)",taxation,6,0.25,False,True,False
135,7-2,49072.5,"(44, 15)",taxation,6,0.25,False,True,False
135,199-2,74737.0,"(39, 28)",taxation,6,0.25,False,True,False
135,43-2,65109.75,"(40, 26)",taxation,6,0.25,False,True,False
135,128-2,71550.0,"(27, 11)",taxation,6,0.25,False,True,False
135,84-2,65106.5,"(15, 46)",taxation,6,0.25,False,True,False
135,114-2,74772.75,"(23, 18)",taxation,6,0.25,False,True,False
135,223-2,45825.0,"(15, 19)",taxation,6,0.25,False,True,False
135,123-2,74771.75,"(29, 6)",taxation,6,0.25,False,True,False
135,215-2,71553.5,"(46, 14)",taxation,6,0.25,False,True,False
135,24-2,52293.5,"(43, 15)",taxation,6,0.25,False,True,False
135,136-2,52249.5,"(17, 22)",taxation,6,0.25,False,True,False
135,185-2,65123.5,"(36, 25)",taxation,6,0.25,False,True,False
135,77-2,55461.5,"(17, 34)",taxation,6,0.25,False,True,False
135,36-2,49042.25,"(24, 18)",taxation,6,0.25,False,True,False
135,190-2,65125.75,"(23, 17)",taxation,6,0.25,False,True,False
135,46-2,45815.0,"(4, 32)",taxation,6,0.25,False,True,False
135,218-2,74778.5,"(20, 37)",taxation,6,0.25,False,True,False
135,220-2,71561.0,"(13, 35)",taxation,6,0.25,False,True,False
135,224-2,55454.75,"(37, 16)",taxation,6,0.25,False,True,False
135,129-2,61919.0,"(29, 17)",taxation,6,0.25,False,True,False
135,157-2,61885.25,"(44, 31)",taxation,6,0.25,False,True,False
135,195-2,29720.25,"(6, 36)",taxation,6,0.25,False,True,False
135,8-2,65110.0,"(45, 14)",taxation,6,0.25,False,True,False
135,119-2,65097.0,"(35, 18)",taxation,6,0.25,False,True,False
135,99-2,61885.25,"(21, 16)",taxation,6,0.25,False,True,False
135,135-2,65101.75,"(39, 27)",taxation,6,0.25,False,True,False
135,47-2,45826.75,"(14, 40)",taxation,6,0.25,False,True,False
135,79-2,61898.25,"(15, 23)",taxation,6,0.25,False,True,False
135,87-2,65086.5,"(6, 29)",taxation,6,0.25,False,True,False
135,15-2,58690.75,"(38, 30)",taxation,6,0.25,False,True,False
135,29-2,65095.25,"(16, 38)",taxation,6,0.25,False,True,False
135,178-2,71531.25,"(39, 31)",taxation,6,0.25,False,True,False
135,60-2,68315.25,"(6, 34)",taxation,6,0.25,False,True,False
135,192-2,58655.0,"(18, 22)",taxation,6,0.25,False,True,False
135,49-2,61893.5,"(47, 12)",taxation,6,0.25,False,True,False
135,81-2,61915.25,"(12, 30)",taxation,6,0.25,False,True,False
135,118-2,71506.5,"(14, 46)",taxation,6,0.25,False,True,False
135,34-2,58663.0,"(15, 30)",taxation,6,0.25,False,True,False
135,211-2,42580.75,"(14, 45)",taxation,6,0.25,False,True,False
135,177-2,65113.75,"(43, 14)",taxation,6,0.25,False,True,False
135,39-2,45806.5,"(15, 34)",taxation,6,0.25,False,True,False
135,245-2,71520.75,"(40, 21)",taxation,6,0.25,False,True,False
135,131-2,65088.0,"(36, 31)",taxation,6,0.25,False,True,False
135,213-2,65108.5,"(27, 9)",taxation,6,0.25,False,True,False
135,9-2,55460.25,"(29, 5)",taxation,6,0.25,False,True,False
135,171-2,65107.5,"(3, 40)",taxation,6,0.25,False,True,False
135,230-2,52250.0,"(8, 35)",taxation,6,0.25,False,True,False
135,217-2,39377.5,"(40, 31)",taxation,6,0.25,False,True,False
135,227-2,71528.5,"(26, 18)",taxation,6,0.25,False,True,False
135,244-2,74727.5,"(41, 14)",taxation,6,0.25,False,True,False
135,204-2,71518.5,"(15, 40)",taxation,6,0.25,False,True,False
135,105-2,58641.5,"(42, 14)",taxation,6,0.25,False,True,False
135,239-2,65081.5,"(35, 21)",taxation,6,0.25,False,True,False
135,243-2,61873.5,"(40, 27)",taxation,6,0.25,False,True,False
135,139-3,58657.6875,"(29, 10)",taxation,6,0.25,False,True,False
135,228-3,38551.25,"(3, 31)",taxation,6,0.25,False,True,False
135,197-2,52245.25,"(16, 22)",taxation,6,0.25,False,True,False
135,151-2,52191.25,"(0, 35)",taxation,6,0.25,False,True,False
135,191-2,74714.75,"(45, 36)",taxation,6,0.25,False,True,False
135,153-2,32914.0,"(9, 19)",taxation,6,0.25,False,True,False
135,159-2,52237.5,"(22, 18)",taxation,6,0.25,False,True,False
135,222-2,65105.5,"(20, 22)",taxation,6,0.25,False,True,False
135,200-2,61867.0,"(21, 20)",taxation,6,0.25,False,True,False
135,181-2,65066.250000000015,"(12, 33)",taxation,6,0.25,False,True,False
135,101-2,65105.75,"(35, 37)",taxation,6,0.25,False,True,False
135,35-2,65104.5,"(47, 19)",taxation,6,0.25,False,True,False
135,70-2,68307.0,"(38, 29)",taxation,6,0.25,False,True,False
135,238-2,65096.0,"(49, 13)",taxation,6,0.25,False,True,False
135,158-3,47357.75,"(18, 44)",taxation,6,0.25,False,True,False
135,20-2,61872.0,"(26, 17)",taxation,6,0.25,False,True,False
135,31-3,58617.625,"(7, 30)",taxation,6,0.25,False,True,False
135,179-3,42600.375,"(29, 14)",taxation,6,0.25,False,True,False
135,93-2,29715.0,"(19, 19)",taxation,6,0.25,False,True,False
135,3-2,39339.25,"(23, 21)",taxation,6,0.25,False,True,False
135,143-2,65065.75,"(44, 14)",taxation,6,0.25,False,True,False
135,219-3,57017.75,"(42, 16)",taxation,6,0.25,False,True,False
135,98-3,26531.75,"(3, 48)",taxation,6,0.25,False,True,False
135,138-2,68255.75,"(38, 32)",taxation,6,0.25,False,True,False
135,66-2,71489.75,"(45, 15)",taxation,6,0.25,False,True,False
135,210-2,77922.75,"(28, 8)",taxation,6,0.25,False,True,False
135,150-2,55415.25,"(27, 17)",taxation,6,0.25,False,True,False
135,44-2,42553.0,"(28, 13)",taxation,6,0.25,False,True,False
135,154-3,23268.75,"(2, 40)",taxation,6,0.25,False,True,False
135,126-2,65067.75,"(47, 21)",taxation,6,0.25,False,True,False
135,74-3,57028.0,"(39, 15)",taxation,6,0.25,False,True,False
135,28-3,44964.9375,"(5, 41)",taxation,6,0.25,False,True,False
135,146-3,20066.75,"(37, 18)",taxation,6,0.25,False,True,False
135,176-3,769.25,"(19, 35)",taxation,6,0.25,False,True,False
135,208-3,52211.9375,"(34, 26)",taxation,6,0.25,False,True,False
135,216-2,71488.0,"(48, 15)",taxation,6,0.25,False,True,False
135,187-3,26472.25,"(32, 13)",taxation,6,0.25,False,True,False
135,167-3,51403.3125,"(28, 6)",taxation,6,0.25,False,True,False
135,240-3,16830.75,"(39, 29)",taxation,6,0.25,False,True,False
135,140-3,786.75,"(15, 37)",taxation,6,0.25,False,True,False
135,149-3,44183.75,"(30, 12)",taxation,6,0.25,False,True,False
135,173-3,13659.75,"(39, 24)",taxation,6,0.25,False,True,False
135,246-3,48997.75,"(19, 21)",taxation,6,0.25,False,True,False
135,75-3,46571.75,"(14, 47)",taxation,6,0.25,False,True,False
135,12-2,61836.75,"(29, 8)",taxation,6,0.25,False,True,False
135,1-3,37745.1875,"(32, 20)",taxation,6,0.25,False,True,False
135,17-3,53799.375,"(24, 19)",taxation,6,0.25,False,True,False
135,67-2,48995.75,"(24, 4)",taxation,6,0.25,False,True,False
135,40-3,53834.75,"(39, 35)",taxation,6,0.25,False,True,False
135,23-3,52994.0,"(16, 34)",taxation,6,0.25,False,True,False
135,142-3,32092.8125,"(14, 22)",taxation,6,0.25,False,True,False
135,76-3,48987.562500000015,"(3, 32)",taxation,6,0.25,False,True,False
135,94-3,16848.5,"(4, 41)",taxation,6,0.25,False,True,False
135,241-3,46561.625,"(32, 21)",taxation,6,0.25,False,True,False
135,170-3,44992.3125,"(28, 17)",taxation,6,0.25,False,True,False
135,242-3,22466.9375,"(24, 6)",taxation,6,0.25,False,True,False
135,198-3,46576.625,"(45, 18)",taxation,6,0.25,False,True,False
135,10-3,51387.1875,"(19, 34)",taxation,6,0.25,False,True,False
135,172-3,53782.3125,"(39, 33)",taxation,6,0.25,False,True,False
135,189-3,44180.125,"(42, 15)",taxation,6,0.25,False,True,False
135,206-3,49770.4375,"(37, 33)",taxation,6,0.25,False,True,False
135,182-3,51357.1875,"(3, 41)",taxation,6,0.25,False,True,False
135,42-3,36956.625,"(22, 19)",taxation,6,0.25,False,True,False
135,148-3,39320.9375,"(13, 44)",taxation,6,0.25,False,True,False
135,0-3,34513.4375,"(1, 34)",taxation,6,0.25,False,True,False
135,212-3,51374.8125,"(29, 12)",taxation,6,0.25,False,True,False
135,225-3,51366.5625,"(32, 16)",taxation,6,0.25,False,True,False
135,6-3,56210.5,"(33, 16)",taxation,6,0.25,False,True,False
135,38-3,51387.125,"(45, 35)",taxation,6,0.25,False,True,False
135,54-3,48965.1875,"(0, 36)",taxation,6,0.25,False,True,False
135,63-3,46511.5625,"(19, 33)",taxation,6,0.25,False,True,False
135,144-3,49003.875,"(21, 18)",taxation,6,0.25,False,True,False
135,22-3,56181.75,"(29, 7)",taxation,6,0.25,False,True,False
135,162-3,51348.875,"(0, 46)",taxation,6,0.25,False,True,False
135,249-3,51409.75,"(26, 14)",taxation,6,0.25,False,True,False
135,180-3,48958.6875,"(29, 18)",taxation,6,0.25,False,True,False
135,83-3,53768.5625,"(27, 43)",taxation,6,0.25,False,True,False
135,133-3,44135.25,"(39, 14)",taxation,6,0.25,False,True,False
135,16-3,56202.125,"(15, 32)",taxation,6,0.25,False,True,False
135,51-3,51372.875,"(19, 39)",taxation,6,0.25,False,True,False
135,4-3,36888.6875,"(38, 33)",taxation,6,0.25,False,True,False
135,111-3,53762.6875,"(14, 19)",taxation,6,0.25,False,True,False
135,91-3,53774.0625,"(20, 19)",taxation,6,0.25,False,True,False
135,95-3,56202.875,"(33, 20)",taxation,6,0.25,False,True,False
135,106-3,46535.8125,"(37, 34)",taxation,6,0.25,False,True,False
135,56-3,48943.5625,"(16, 33)",taxation,6,0.25,False,True,False
135,71-3,53766.9375,"(25, 19)",taxation,6,0.25,False,True,False
135,226-3,48935.0625,"(23, 36)",taxation,6,0.25,False,True,False
135,205-3,24844.8125,"(36, 29)",taxation,6,0.25,False,True,False
135,165-3,58575.25,"(6, 41)",taxation,6,0.25,False,True,False
135,231-3,32063.8125,"(27, 14)",taxation,6,0.25,False,True,False
135,25-3,44118.25,"(19, 44)",taxation,6,0.25,False,True,False
135,137-3,44108.375,"(44, 28)",taxation,6,0.25,False,True,False
135,73-3,51357.6875,"(23, 19)",taxation,6,0.25,False,True,False
135,214-3,32033.25,"(21, 33)",taxation,6,0.25,False,True,False
135,21-3,46522.6875,"(4, 33)",taxation,6,0.25,False,True,False
135,201-3,34439.9375,"(29, 13)",taxation,6,0.25,False,True,False
135,169-3,39298.25,"(12, 42)",taxation,6,0.25,False,True,False
135,110-3,56177.75,"(11, 29)",taxation,6,0.25,False,True,False
135,183-3,34461.0625,"(40, 28)",taxation,6,0.25,False,True,False
135,125-3,53736.5,"(6, 33)",taxation,6,0.25,False,True,False
135,168-3,53778.875,"(34, 23)",taxation,6,0.25,False,True,False
135,156-3,36894.625,"(33, 27)",taxation,6,0.25,False,True,False
135,53-3,32047.6875,"(48, 14)",taxation,6,0.25,False,True,False
135,122-3,41690.6875,"(20, 36)",taxation,6,0.25,False,True,False
135,234-3,51307.125,"(16, 37)",taxation,6,0.25,False,True,False
135,134-3,48928.0,"(38, 16)",taxation,6,0.25,False,True,False
135,141-3,39282.375,"(27, 12)",taxation,6,0.25,False,True,False
135,145-3,51331.0,"(15, 18)",taxation,6,0.25,False,True,False
135,209-3,56159.625,"(37, 17)",taxation,6,0.25,False,True,False
135,247-3,44094.75,"(32, 23)",taxation,6,0.25,False,True,False
135,203-3,58560.6875,"(10, 33)",taxation,6,0.25,False,True,False
135,50-3,56163.125,"(14, 32)",taxation,6,0.25,False,True,False
135,45-3,51337.8125,"(19, 22)",taxation,6,0.25,False,True,False
135,78-3,46517.6875,"(41, 35)",taxation,6,0.25,False,True,False
135,147-3,48938.5625,"(46, 15)",taxation,6,0.25,False,True,False
135,193-3,44103.125,"(34, 21)",taxation,6,0.25,False,True,False
135,5-3,22375.625,"(21, 19)",taxation,6,0.25,False,True,False
135,175-3,41673.375,"(14, 38)",taxation,6,0.25,False,True,False
135,196-3,34455.0,"(8, 36)",taxation,6,0.25,False,True,False
135,112-3,53744.625,"(8, 37)",taxation,6,0.25,False,True,False
135,113-3,51317.0625,"(14, 30)",taxation,6,0.25,False,True,False
135,55-3,53716.9375,"(17, 35)",taxation,6,0.25,False,True,False
135,33-3,39254.9375,"(1, 40)",taxation,6,0.25,False,True,False
135,68-3,41692.3125,"(40, 35)",taxation,6,0.25,False,True,False
135,161-3,41683.5,"(13, 30)",taxation,6,0.25,False,True,False
135,100-3,48932.5625,"(44, 18)",taxation,6,0.25,False,True,False
135,155-3,51329.4375,"(20, 21)",taxation,6,0.25,False,True,False
135,41-3,53752.0,"(12, 35)",taxation,6,0.25,False,True,False
135,115-3,53728.3125,"(8, 28)",taxation,6,0.25,False,True,False
135,207-3,39240.8125,"(13, 19)",taxation,6,0.25,False,True,False
135,120-3,56129.5,"(16, 32)",taxation,6,0.25,False,True,False
135,11-3,39240.1875,"(34, 20)",taxation,6,0.25,False,True,False
135,102-3,34441.125,"(39, 30)",taxation,6,0.25,False,True,False
135,130-3,53706.125,"(12, 29)",taxation,6,0.25,False,True,False
135,103-3,48896.875,"(25, 18)",taxation,6,0.25,False,True,False
135,202-3,56125.5,"(26, 3)",taxation,6,0.25,False,True,False
135,164-3,51315.4375,"(27, 10)",taxation,6,0.25,False,True,False
135,2-3,48900.8125,"(28, 7)",taxation,6,0.25,False,True,False
135,186-3,46508.1875,"(28, 15)",taxation,6,0.25,False,True,False
135,85-3,44080.75,"(2, 35)",taxation,6,0.25,False,True,False
135,64-3,48880.0,"(2, 47)",taxation,6,0.25,False,True,False
135,188-3,48903.125,"(20, 18)",taxation,6,0.25,False,True,False
135,32-3,53704.8125,"(13, 39)",taxation,6,0.25,False,True,False
135,57-3,44062.6875,"(24, 16)",taxation,6,0.25,False,True,False
135,132-3,53715.3125,"(18, 21)",taxation,6,0.25,False,True,False
135,163-3,58531.5,"(25, 8)",taxation,6,0.25,False,True,False
135,19-3,51303.0,"(37, 14)",taxation,6,0.25,False,True,False
135,107-3,53688.875,"(5, 40)",taxation,6,0.25,False,True,False
135,221-3,46483.625,"(11, 32)",taxation,6,0.25,False,True,False
135,96-3,56119.375,"(25, 17)",taxation,6,0.25,False,True,False
135,92-3,53692.25,"(3, 29)",taxation,6,0.25,False,True,False
135,116-3,53702.125,"(27, 13)",taxation,6,0.25,False,True,False
135,13-3,46486.6875,"(26, 16)",taxation,6,0.25,False,True,False
135,174-3,53715.125,"(40, 36)",taxation,6,0.25,False,True,False
135,69-3,53674.875,"(10, 29)",taxation,6,0.25,False,True,False
135,184-3,48847.9375,"(10, 20)",taxation,6,0.25,False,True,False
135,237-3,39222.3125,"(9, 33)",taxation,6,0.25,False,True,False
135,90-3,44063.875,"(13, 45)",taxation,6,0.25,False,True,False
135,18-3,56115.3125,"(37, 31)",taxation,6,0.25,False,True,False
135,121-3,48903.0,"(27, 16)",taxation,6,0.25,False,True,False
135,30-3,56101.9375,"(24, 17)",taxation,6,0.25,False,True,False
135,97-3,39186.3125,"(40, 19)",taxation,6,0.25,False,True,False
135,229-3,53725.6875,"(15, 31)",taxation,6,0.25,False,True,False
135,27-3,44041.0625,"(11, 14)",taxation,6,0.25,False,True,False
135,117-3,44036.625,"(44, 29)",taxation,6,0.25,False,True,False
135,80-3,53685.625,"(21, 32)",taxation,6,0.25,False,True,False
135,166-3,46443.4375,"(16, 30)",taxation,6,0.25,False,True,False
135,86-3,48886.5,"(38, 15)",taxation,6,0.25,False,True,False
135,160-3,44042.75,"(2, 36)",taxation,6,0.25,False,True,False
135,233-3,46462.4375,"(17, 30)",taxation,6,0.25,False,True,False
135,235-3,48839.9375,"(8, 30)",taxation,6,0.25,False,True,False
135,48-3,51245.5,"(18, 35)",taxation,6,0.25,False,True,False
135,88-3,48867.0,"(21, 21)",taxation,6,0.25,False,True,False
135,52-3,36802.4375,"(35, 17)",taxation,6,0.25,False,True,False
135,58-3,51245.875,"(47, 14)",taxation,6,0.25,False,True,False
135,248-3,48856.1875,"(36, 14)",taxation,6,0.25,False,True,False
135,108-3,27137.6875,"(1, 35)",taxation,6,0.25,False,True,False
135,82-3,51263.125,"(26, 13)",taxation,6,0.25,False,True,False
135,236-3,48853.9375,"(34, 13)",taxation,6,0.25,False,True,False
135,104-3,46474.125,"(34, 25)",taxation,6,0.25,False,True,False
135,152-3,51264.1875,"(2, 48)",taxation,6,0.25,False,True,False
135,109-3,48867.875,"(25, 16)",taxation,6,0.25,False,True,False
135,72-3,56064.875,"(15, 41)",taxation,6,0.25,False,True,False
135,127-3,51246.5,"(14, 24)",taxation,6,0.25,False,True,False
135,61-3,58494.1875,"(43, 17)",taxation,6,0.25,False,True,False
135,232-3,29543.6875,"(10, 36)",taxation,6,0.25,False,True,False
135,65-3,56065.9375,"(11, 19)",taxation,6,0.25,False,True,False
135,124-3,46438.1875,"(39, 32)",taxation,6,0.25,False,True,False
135,62-3,48846.125,"(34, 24)",taxation,6,0.25,False,True,False
135,59-3,44011.9375,"(20, 20)",taxation,6,0.25,False,True,False
135,89-3,51260.0625,"(32, 25)",taxation,6,0.25,False,True,False
135,26-3,39192.5625,"(1, 36)",taxation,6,0.25,False,True,False
135,14-3,12673.875,"(39, 25)",taxation,6,0.25,False,True,False
135,194-3,44036.625,"(3, 49)",taxation,6,0.25,False,True,False
136,7-2,49082.5,"(46, 12)",taxation,6,0.25,False,True,False
136,199-2,74743.0,"(33, 29)",taxation,6,0.25,False,True,False
136,43-2,65115.75,"(36, 24)",taxation,6,0.25,False,True,False
136,128-2,71559.0,"(28, 16)",taxation,6,0.25,False,True,False
136,84-2,65112.5,"(21, 41)",taxation,6,0.25,False,True,False
136,114-2,74781.75,"(29, 20)",taxation,6,0.25,False,True,False
136,223-2,45834.0,"(17, 23)",taxation,6,0.25,False,True,False
136,123-2,74779.75,"(32, 4)",taxation,6,0.25,False,True,False
136,215-2,71562.5,"(46, 9)",taxation,6,0.25,False,True,False
136,24-2,52302.5,"(44, 10)",taxation,6,0.25,False,True,False
136,136-2,52257.5,"(17, 24)",taxation,6,0.25,False,True,False
136,185-2,65131.5,"(32, 26)",taxation,6,0.25,False,True,False
136,77-2,55469.5,"(16, 29)",taxation,6,0.25,False,True,False
136,190-2,65134.75,"(29, 23)",taxation,6,0.25,False,True,False
136,46-2,45822.0,"(8, 29)",taxation,6,0.25,False,True,False
136,218-2,74786.5,"(23, 32)",taxation,6,0.25,False,True,False
136,220-2,71568.0,"(16, 31)",taxation,6,0.25,False,True,False
136,224-2,55463.75,"(37, 10)",taxation,6,0.25,False,True,False
136,129-2,61927.0,"(29, 15)",taxation,6,0.25,False,True,False
136,157-2,61889.25,"(39, 37)",taxation,6,0.25,False,True,False
136,195-2,29727.25,"(9, 30)",taxation,6,0.25,False,True,False
136,8-2,65119.0,"(44, 9)",taxation,6,0.25,False,True,False
136,119-2,65106.0,"(34, 17)",taxation,6,0.25,False,True,False
136,99-2,61894.25,"(25, 21)",taxation,6,0.25,False,True,False
136,135-2,65110.75,"(33, 26)",taxation,6,0.25,False,True,False
136,47-2,45833.75,"(20, 35)",taxation,6,0.25,False,True,False
136,79-2,61906.25,"(14, 23)",taxation,6,0.25,False,True,False
136,87-2,65094.5,"(12, 25)",taxation,6,0.25,False,True,False
136,15-2,58697.75,"(32, 28)",taxation,6,0.25,False,True,False
136,29-2,65102.25,"(22, 37)",taxation,6,0.25,False,True,False
136,178-2,71536.25,"(35, 31)",taxation,6,0.25,False,True,False
136,60-2,68323.25,"(12, 28)",taxation,6,0.25,False,True,False
136,192-2,58664.0,"(18, 23)",taxation,6,0.25,False,True,False
136,49-2,61903.5,"(48, 11)",taxation,6,0.25,False,True,False
136,81-2,61923.25,"(13, 26)",taxation,6,0.25,False,True,False
136,118-2,71512.5,"(20, 40)",taxation,6,0.25,False,True,False
136,34-2,58671.0,"(14, 28)",taxation,6,0.25,False,True,False
136,211-2,42586.75,"(20, 39)",taxation,6,0.25,False,True,False
136,177-2,65123.75,"(47, 11)",taxation,6,0.25,False,True,False
136,39-2,45813.5,"(18, 30)",taxation,6,0.25,False,True,False
136,245-2,71527.75,"(36, 16)",taxation,6,0.25,False,True,False
136,131-2,65097.0,"(30, 27)",taxation,6,0.25,False,True,False
136,213-2,65117.5,"(32, 14)",taxation,6,0.25,False,True,False
136,9-2,55468.25,"(32, 10)",taxation,6,0.25,False,True,False
136,171-2,65112.5,"(8, 34)",taxation,6,0.25,False,True,False
136,230-2,52257.0,"(9, 29)",taxation,6,0.25,False,True,False
136,217-2,39383.5,"(34, 30)",taxation,6,0.25,False,True,False
136,227-2,71537.5,"(26, 20)",taxation,6,0.25,False,True,False
136,244-2,74736.5,"(40, 10)",taxation,6,0.25,False,True,False
136,204-2,71525.5,"(20, 34)",taxation,6,0.25,False,True,False
136,105-2,58650.5,"(41, 11)",taxation,6,0.25,False,True,False
136,239-2,65090.5,"(36, 19)",taxation,6,0.25,False,True,False
136,243-2,61879.5,"(35, 24)",taxation,6,0.25,False,True,False
136,139-3,58665.6875,"(31, 12)",taxation,6,0.25,False,True,False
136,228-3,38558.25,"(4, 28)",taxation,6,0.25,False,True,False
136,197-2,52254.25,"(19, 23)",taxation,6,0.25,False,True,False
136,151-2,52197.25,"(3, 30)",taxation,6,0.25,False,True,False
136,191-2,74718.75,"(39, 36)",taxation,6,0.25,False,True,False
136,153-2,32922.0,"(12, 24)",taxation,6,0.25,False,True,False
136,159-2,52246.5,"(28, 22)",taxation,6,0.25,False,True,False
136,222-2,65113.5,"(21, 24)",taxation,6,0.25,False,True,False
136,200-2,61876.0,"(21, 22)",taxation,6,0.25,False,True,False
136,181-2,65074.250000000015,"(18, 27)",taxation,6,0.25,False,True,False
136,101-2,65113.75,"(29, 32)",taxation,6,0.25,False,True,False
136,35-2,65109.5,"(42, 13)",taxation,6,0.25,False,True,False
136,70-2,68315.0,"(32, 24)",taxation,6,0.25,False,True,False
136,238-2,65106.0,"(49, 12)",taxation,6,0.25,False,True,False
136,158-3,47364.75,"(22, 38)",taxation,6,0.25,False,True,False
136,20-2,61880.0,"(26, 21)",taxation,6,0.25,False,True,False
136,31-3,58625.625,"(11, 25)",taxation,6,0.25,False,True,False
136,179-3,42609.375,"(30, 15)",taxation,6,0.25,False,True,False
136,93-2,29724.0,"(20, 23)",taxation,6,0.25,False,True,False
136,3-2,39348.25,"(25, 22)",taxation,6,0.25,False,True,False
136,143-2,65074.75,"(41, 12)",taxation,6,0.25,False,True,False
136,219-3,57027.75,"(48, 12)",taxation,6,0.25,False,True,False
136,98-3,26534.75,"(9, 46)",taxation,6,0.25,False,True,False
136,138-2,68263.75,"(32, 27)",taxation,6,0.25,False,True,False
136,66-2,71498.75,"(45, 9)",taxation,6,0.25,False,True,False
136,210-2,77930.75,"(31, 11)",taxation,6,0.25,False,True,False
136,150-2,55424.25,"(29, 19)",taxation,6,0.25,False,True,False
136,44-2,42562.0,"(30, 19)",taxation,6,0.25,False,True,False
136,154-3,23272.75,"(0, 34)",taxation,6,0.25,False,True,False
136,126-2,65071.75,"(41, 15)",taxation,6,0.25,False,True,False
136,74-3,57037.0,"(37, 12)",taxation,6,0.25,False,True,False
136,28-3,44968.9375,"(7, 35)",taxation,6,0.25,False,True,False
136,146-3,20074.75,"(35, 14)",taxation,6,0.25,False,True,False
136,176-3,777.25,"(22, 33)",taxation,6,0.25,False,True,False
136,208-3,52220.9375,"(31, 26)",taxation,6,0.25,False,True,False
136,216-2,71497.0,"(46, 11)",taxation,6,0.25,False,True,False
136,187-3,26481.25,"(33, 14)",taxation,6,0.25,False,True,False
136,167-3,51412.3125,"(34, 12)",taxation,6,0.25,False,True,False
136,240-3,16839.75,"(33, 30)",taxation,6,0.25,False,True,False
136,140-3,793.75,"(19, 32)",taxation,6,0.25,False,True,False
136,149-3,44192.75,"(36, 10)",taxation,6,0.25,False,True,False
136,173-3,13667.75,"(33, 25)",taxation,6,0.25,False,True,False
136,246-3,49005.75,"(19, 25)",taxation,6,0.25,False,True,False
136,75-3,46576.75,"(18, 43)",taxation,6,0.25,False,True,False
136,12-2,61844.75,"(31, 10)",taxation,6,0.25,False,True,False
136,1-3,37754.1875,"(30, 22)",taxation,6,0.25,False,True,False
136,17-3,53808.375,"(26, 22)",taxation,6,0.25,False,True,False
136,67-2,49002.75,"(30, 7)",taxation,6,0.25,False,True,False
136,40-3,53840.75,"(33, 35)",taxation,6,0.25,False,True,False
136,23-3,53001.0,"(18, 31)",taxation,6,0.25,False,True,False
136,142-3,32101.8125,"(16, 23)",taxation,6,0.25,False,True,False
136,76-3,48995.562500000015,"(9, 26)",taxation,6,0.25,False,True,False
136,94-3,16852.5,"(6, 35)",taxation,6,0.25,False,True,False
136,241-3,46570.625,"(32, 19)",taxation,6,0.25,False,True,False
136,170-3,45001.3125,"(28, 18)",taxation,6,0.25,False,True,False
136,242-3,22474.9375,"(29, 11)",taxation,6,0.25,False,True,False
136,198-3,46581.625,"(45, 13)",taxation,6,0.25,False,True,False
136,10-3,51395.1875,"(24, 28)",taxation,6,0.25,False,True,False
136,172-3,53788.3125,"(33, 34)",taxation,6,0.25,False,True,False
136,189-3,44189.125,"(39, 10)",taxation,6,0.25,False,True,False
136,206-3,49778.4375,"(31, 33)",taxation,6,0.25,False,True,False
136,182-3,51360.1875,"(2, 39)",taxation,6,0.25,False,True,False
136,42-3,36965.625,"(24, 21)",taxation,6,0.25,False,True,False
136,148-3,39326.9375,"(19, 38)",taxation,6,0.25,False,True,False
136,0-3,34520.4375,"(6, 28)",taxation,6,0.25,False,True,False
136,212-3,51382.8125,"(30, 13)",taxation,6,0.25,False,True,False
136,225-3,51374.5625,"(31, 14)",taxation,6,0.25,False,True,False
136,6-3,56218.5,"(32, 15)",taxation,6,0.25,False,True,False
136,38-3,51391.125,"(39, 34)",taxation,6,0.25,False,True,False
136,54-3,48971.1875,"(5, 31)",taxation,6,0.25,False,True,False
136,63-3,46519.5625,"(21, 31)",taxation,6,0.25,False,True,False
136,144-3,49012.875,"(24, 22)",taxation,6,0.25,False,True,False
136,22-3,56190.75,"(33, 13)",taxation,6,0.25,False,True,False
136,162-3,51351.875,"(6, 40)",taxation,6,0.25,False,True,False
136,249-3,51417.75,"(30, 14)",taxation,6,0.25,False,True,False
136,180-3,48967.6875,"(30, 21)",taxation,6,0.25,False,True,False
136,83-3,53775.5625,"(28, 43)",taxation,6,0.25,False,True,False
136,133-3,44144.25,"(39, 11)",taxation,6,0.25,False,True,False
136,16-3,56210.125,"(16, 26)",taxation,6,0.25,False,True,False
136,51-3,51379.875,"(22, 34)",taxation,6,0.25,False,True,False
136,4-3,36896.6875,"(32, 32)",taxation,6,0.25,False,True,False
136,111-3,53770.6875,"(15, 24)",taxation,6,0.25,False,True,False
136,91-3,53783.0625,"(22, 22)",taxation,6,0.25,False,True,False
136,95-3,56210.875,"(29, 22)",taxation,6,0.25,False,True,False
136,106-3,46543.8125,"(32, 35)",taxation,6,0.25,False,True,False
136,56-3,48951.5625,"(15, 28)",taxation,6,0.25,False,True,False
136,71-3,53775.9375,"(28, 21)",taxation,6,0.25,False,True,False
136,226-3,48943.0625,"(23, 33)",taxation,6,0.25,False,True,False
136,205-3,24853.8125,"(33, 28)",taxation,6,0.25,False,True,False
136,165-3,58580.25,"(11, 35)",taxation,6,0.25,False,True,False
136,231-3,32072.8125,"(31, 15)",taxation,6,0.25,False,True,False
136,25-3,44125.25,"(25, 42)",taxation,6,0.25,False,True,False
136,137-3,44112.375,"(38, 31)",taxation,6,0.25,False,True,False
136,73-3,51366.6875,"(25, 20)",taxation,6,0.25,False,True,False
136,214-3,32041.25,"(23, 27)",taxation,6,0.25,False,True,False
136,21-3,46529.6875,"(7, 28)",taxation,6,0.25,False,True,False
136,201-3,34448.9375,"(31, 13)",taxation,6,0.25,False,True,False
136,169-3,39304.25,"(17, 37)",taxation,6,0.25,False,True,False
136,110-3,56185.75,"(11, 26)",taxation,6,0.25,False,True,False
136,183-3,34467.0625,"(35, 26)",taxation,6,0.25,False,True,False
136,125-3,53743.5,"(6, 27)",taxation,6,0.25,False,True,False
136,168-3,53787.875,"(31, 23)",taxation,6,0.25,False,True,False
136,156-3,36903.625,"(29, 27)",taxation,6,0.25,False,True,False
136,53-3,32057.6875,"(49, 11)",taxation,6,0.25,False,True,False
136,122-3,41697.6875,"(21, 34)",taxation,6,0.25,False,True,False
136,234-3,51314.125,"(20, 32)",taxation,6,0.25,False,True,False
136,134-3,48937.0,"(38, 13)",taxation,6,0.25,False,True,False
136,141-3,39290.375,"(28, 14)",taxation,6,0.25,False,True,False
136,145-3,51340.0,"(21, 23)",taxation,6,0.25,False,True,False
136,209-3,56168.625,"(37, 11)",taxation,6,0.25,False,True,False
136,247-3,44103.75,"(29, 25)",taxation,6,0.25,False,True,False
136,203-3,58567.6875,"(10, 28)",taxation,6,0.25,False,True,False
136,50-3,56171.125,"(15, 27)",taxation,6,0.25,False,True,False
136,45-3,51345.8125,"(20, 25)",taxation,6,0.25,False,True,False
136,78-3,46522.6875,"(36, 35)",taxation,6,0.25,False,True,False
136,147-3,48947.5625,"(48, 10)",taxation,6,0.25,False,True,False
136,193-3,44112.125,"(31, 19)",taxation,6,0.25,False,True,False
136,5-3,22384.625,"(27, 22)",taxation,6,0.25,False,True,False
136,175-3,41680.375,"(17, 33)",taxation,6,0.25,False,True,False
136,196-3,34461.0,"(10, 30)",taxation,6,0.25,False,True,False
136,112-3,53750.625,"(14, 36)",taxation,6,0.25,False,True,False
136,113-3,51325.0625,"(14, 26)",taxation,6,0.25,False,True,False
136,55-3,53723.9375,"(19, 31)",taxation,6,0.25,False,True,False
136,33-3,39258.9375,"(7, 34)",taxation,6,0.25,False,True,False
136,68-3,41698.3125,"(34, 34)",taxation,6,0.25,False,True,False
136,161-3,41691.5,"(14, 27)",taxation,6,0.25,False,True,False
136,100-3,48940.5625,"(38, 14)",taxation,6,0.25,False,True,False
136,155-3,51337.4375,"(22, 21)",taxation,6,0.25,False,True,False
136,41-3,53759.0,"(18, 32)",taxation,6,0.25,False,True,False
136,115-3,53736.3125,"(11, 27)",taxation,6,0.25,False,True,False
136,207-3,39248.8125,"(13, 24)",taxation,6,0.25,False,True,False
136,120-3,56137.5,"(17, 27)",taxation,6,0.25,False,True,False
136,11-3,39249.1875,"(29, 24)",taxation,6,0.25,False,True,False
136,102-3,34447.125,"(33, 32)",taxation,6,0.25,False,True,False
136,130-3,53714.125,"(15, 26)",taxation,6,0.25,False,True,False
136,103-3,48905.875,"(28, 20)",taxation,6,0.25,False,True,False
136,202-3,56132.5,"(30, 8)",taxation,6,0.25,False,True,False
136,164-3,51323.4375,"(32, 11)",taxation,6,0.25,False,True,False
136,2-3,48908.8125,"(30, 11)",taxation,6,0.25,False,True,False
136,186-3,46517.1875,"(29, 16)",taxation,6,0.25,False,True,False
136,85-3,44087.75,"(7, 29)",taxation,6,0.25,False,True,False
136,64-3,48883.0,"(7, 41)",taxation,6,0.25,False,True,False
136,188-3,48911.125,"(23, 22)",taxation,6,0.25,False,True,False
136,32-3,53710.8125,"(15, 36)",taxation,6,0.25,False,True,False
136,57-3,44071.6875,"(27, 18)",taxation,6,0.25,False,True,False
136,132-3,53723.3125,"(18, 24)",taxation,6,0.25,False,True,False
136,163-3,58539.5,"(30, 10)",taxation,6,0.25,False,True,False
136,19-3,51312.0,"(38, 10)",taxation,6,0.25,False,True,False
136,107-3,53692.875,"(9, 36)",taxation,6,0.25,False,True,False
136,221-3,46491.625,"(13, 28)",taxation,6,0.25,False,True,False
136,96-3,56128.375,"(26, 19)",taxation,6,0.25,False,True,False
136,92-3,53699.25,"(5, 27)",taxation,6,0.25,False,True,False
136,116-3,53711.125,"(33, 15)",taxation,6,0.25,False,True,False
136,13-3,46495.6875,"(27, 20)",taxation,6,0.25,False,True,False
136,174-3,53721.125,"(34, 33)",taxation,6,0.25,False,True,False
136,69-3,53682.875,"(10, 27)",taxation,6,0.25,False,True,False
136,184-3,48856.9375,"(15, 22)",taxation,6,0.25,False,True,False
136,237-3,39229.3125,"(9, 28)",taxation,6,0.25,False,True,False
136,90-3,44068.875,"(17, 41)",taxation,6,0.25,False,True,False
136,18-3,56123.3125,"(32, 31)",taxation,6,0.25,False,True,False
136,121-3,48912.0,"(27, 19)",taxation,6,0.25,False,True,False
136,30-3,56110.9375,"(27, 21)",taxation,6,0.25,False,True,False
136,97-3,39195.3125,"(35, 15)",taxation,6,0.25,False,True,False
136,229-3,53733.6875,"(13, 29)",taxation,6,0.25,False,True,False
136,27-3,44048.0625,"(12, 20)",taxation,6,0.25,False,True,False
136,117-3,44040.625,"(38, 35)",taxation,6,0.25,False,True,False
136,80-3,53693.625,"(22, 27)",taxation,6,0.25,False,True,False
136,166-3,46451.4375,"(14, 29)",taxation,6,0.25,False,True,False
136,86-3,48895.5,"(36, 15)",taxation,6,0.25,False,True,False
136,160-3,44048.75,"(6, 32)",taxation,6,0.25,False,True,False
136,233-3,46470.4375,"(15, 29)",taxation,6,0.25,False,True,False
136,235-3,48847.9375,"(12, 26)",taxation,6,0.25,False,True,False
136,48-3,51252.5,"(20, 33)",taxation,6,0.25,False,True,False
136,88-3,48876.0,"(27, 23)",taxation,6,0.25,False,True,False
136,52-3,36810.4375,"(34, 14)",taxation,6,0.25,False,True,False
136,58-3,51254.875,"(47, 10)",taxation,6,0.25,False,True,False
136,248-3,48865.1875,"(37, 13)",taxation,6,0.25,False,True,False
136,108-3,27143.6875,"(2, 30)",taxation,6,0.25,False,True,False
136,82-3,51272.125,"(31, 16)",taxation,6,0.25,False,True,False
136,236-3,48862.9375,"(34, 15)",taxation,6,0.25,False,True,False
136,104-3,46483.125,"(29, 26)",taxation,6,0.25,False,True,False
136,152-3,51267.1875,"(8, 42)",taxation,6,0.25,False,True,False
136,109-3,48876.875,"(28, 19)",taxation,6,0.25,False,True,False
136,72-3,56070.875,"(18, 38)",taxation,6,0.25,False,True,False
136,127-3,51254.5,"(15, 25)",taxation,6,0.25,False,True,False
136,61-3,58501.1875,"(37, 15)",taxation,6,0.25,False,True,False
136,232-3,29549.6875,"(14, 35)",taxation,6,0.25,False,True,False
136,65-3,56073.9375,"(13, 25)",taxation,6,0.25,False,True,False
136,124-3,46444.1875,"(33, 36)",taxation,6,0.25,False,True,False
136,62-3,48855.125,"(31, 24)",taxation,6,0.25,False,True,False
136,59-3,44019.9375,"(23, 23)",taxation,6,0.25,False,True,False
136,89-3,51269.0625,"(28, 25)",taxation,6,0.25,False,True,False
136,26-3,39198.5625,"(2, 31)",taxation,6,0.25,False,True,False
136,14-3,12682.875,"(33, 24)",taxation,6,0.25,False,True,False
136,194-3,44039.625,"(9, 44)",taxation,6,0.25,False,True,False
136,37-3,51263.0625,"(49, 10)",taxation,6,0.25,False,True,False
136,36-3,36788.4375,"(28, 24)",taxation,6,0.25,False,True,False
137,199-2,74751.0,"(30, 30)",taxation,6,0.25,False,True,False
137,43-2,65124.75,"(30, 24)",taxation,6,0.25,False,True,False
137,128-2,71566.0,"(25, 10)",taxation,6,0.25,False,True,False
137,84-2,65120.5,"(25, 40)",taxation,6,0.25,False,True,False
137,114-2,74790.75,"(27, 25)",taxation,6,0.25,False,True,False
137,123-2,74787.75,"(33, 5)",taxation,6,0.25,False,True,False
137,215-2,71571.5,"(47, 5)",taxation,6,0.25,False,True,False
137,24-2,52311.5,"(44, 6)",taxation,6,0.25,False,True,False
137,136-2,52265.5,"(17, 21)",taxation,6,0.25,False,True,False
137,185-2,65140.5,"(30, 26)",taxation,6,0.25,False,True,False
137,77-2,55478.5,"(22, 26)",taxation,6,0.25,False,True,False
137,190-2,65143.75,"(27, 26)",taxation,6,0.25,False,True,False
137,46-2,45830.0,"(10, 26)",taxation,6,0.25,False,True,False
137,218-2,74795.5,"(27, 30)",taxation,6,0.25,False,True,False
137,220-2,71577.0,"(20, 26)",taxation,6,0.25,False,True,False
137,224-2,55472.75,"(39, 5)",taxation,6,0.25,False,True,False
137,129-2,61935.0,"(27, 15)",taxation,6,0.25,False,True,False
137,157-2,61895.25,"(36, 38)",taxation,6,0.25,False,True,False
137,195-2,29734.25,"(7, 27)",taxation,6,0.25,False,True,False
137,8-2,65128.0,"(43, 6)",taxation,6,0.25,False,True,False
137,119-2,65114.0,"(34, 18)",taxation,6,0.25,False,True,False
137,99-2,61901.25,"(30, 23)",taxation,6,0.25,False,True,False
137,135-2,65119.75,"(28, 28)",taxation,6,0.25,False,True,False
137,79-2,61914.25,"(14, 25)",taxation,6,0.25,False,True,False
137,87-2,65101.5,"(10, 22)",taxation,6,0.25,False,True,False
137,15-2,58705.75,"(27, 31)",taxation,6,0.25,False,True,False
137,29-2,65110.25,"(24, 34)",taxation,6,0.25,False,True,False
137,178-2,71544.25,"(29, 35)",taxation,6,0.25,False,True,False
137,60-2,68330.25,"(17, 31)",taxation,6,0.25,False,True,False
137,192-2,58672.0,"(19, 20)",taxation,6,0.25,False,True,False
137,49-2,61913.5,"(47, 7)",taxation,6,0.25,False,True,False
137,81-2,61930.25,"(15, 21)",taxation,6,0.25,False,True,False
137,118-2,71520.5,"(26, 34)",taxation,6,0.25,False,True,False
137,34-2,58680.0,"(17, 25)",taxation,6,0.25,False,True,False
137,211-2,42594.75,"(25, 34)",taxation,6,0.25,False,True,False
137,177-2,65133.75,"(49, 7)",taxation,6,0.25,False,True,False
137,39-2,45821.5,"(22, 29)",taxation,6,0.25,False,True,False
137,245-2,71535.75,"(30, 20)",taxation,6,0.25,False,True,False
137,131-2,65105.0,"(30, 28)",taxation,6,0.25,False,True,False
137,213-2,65124.5,"(38, 8)",taxation,6,0.25,False,True,False
137,9-2,55476.25,"(32, 7)",taxation,6,0.25,False,True,False
137,171-2,65119.5,"(12, 31)",taxation,6,0.25,False,True,False
137,230-2,52264.0,"(11, 28)",taxation,6,0.25,False,True,False
137,217-2,39392.5,"(28, 30)",taxation,6,0.25,False,True,False
137,227-2,71545.5,"(22, 20)",taxation,6,0.25,False,True,False
137,244-2,74745.5,"(41, 7)",taxation,6,0.25,False,True,False
137,204-2,71533.5,"(22, 32)",taxation,6,0.25,False,True,False
137,105-2,58659.5,"(41, 6)",taxation,6,0.25,False,True,False
137,239-2,65097.5,"(35, 16)",taxation,6,0.25,False,True,False
137,243-2,61886.5,"(29, 29)",taxation,6,0.25,False,True,False
137,139-3,58673.6875,"(33, 7)",taxation,6,0.25,False,True,False
137,228-3,38565.25,"(3, 28)",taxation,6,0.25,False,True,False
137,197-2,52263.25,"(22, 25)",taxation,6,0.25,False,True,False
137,151-2,52205.25,"(6, 26)",taxation,6,0.25,False,True,False
137,191-2,74724.75,"(36, 37)",taxation,6,0.25,False,True,False
137,153-2,32929.0,"(10, 18)",taxation,6,0.25,False,True,False
137,159-2,52255.5,"(26, 27)",taxation,6,0.25,False,True,False
137,222-2,65121.5,"(21, 27)",taxation,6,0.25,False,True,False
137,200-2,61885.0,"(23, 24)",taxation,6,0.25,False,True,False
137,181-2,65083.250000000015,"(21, 26)",taxation,6,0.25,False,True,False
137,101-2,65121.75,"(28, 33)",taxation,6,0.25,False,True,False
137,35-2,65117.5,"(40, 7)",taxation,6,0.25,False,True,False
137,70-2,68323.0,"(31, 28)",taxation,6,0.25,False,True,False
137,238-2,65116.0,"(49, 9)",taxation,6,0.25,False,True,False
137,158-3,47372.75,"(24, 33)",taxation,6,0.25,False,True,False
137,20-2,61888.0,"(24, 20)",taxation,6,0.25,False,True,False
137,31-3,58632.625,"(8, 21)",taxation,6,0.25,False,True,False
137,179-3,42616.375,"(30, 16)",taxation,6,0.25,False,True,False
137,93-2,29732.0,"(20, 27)",taxation,6,0.25,False,True,False
137,3-2,39356.25,"(22, 28)",taxation,6,0.25,False,True,False
137,143-2,65084.75,"(43, 8)",taxation,6,0.25,False,True,False
137,219-3,57037.75,"(48, 7)",taxation,6,0.25,False,True,False
137,98-3,26539.75,"(13, 43)",taxation,6,0.25,False,True,False
137,138-2,68271.75,"(31, 29)",taxation,6,0.25,False,True,False
137,66-2,71508.75,"(45, 8)",taxation,6,0.25,False,True,False
137,210-2,77938.75,"(34, 7)",taxation,6,0.25,False,True,False
137,150-2,55433.25,"(27, 24)",taxation,6,0.25,False,True,False
137,44-2,42569.0,"(26, 15)",taxation,6,0.25,False,True,False
137,154-3,23279.75,"(1, 29)",taxation,6,0.25,False,True,False
137,126-2,65080.75,"(41, 10)",taxation,6,0.25,False,True,False
137,74-3,57046.0,"(39, 7)",taxation,6,0.25,False,True,False
137,28-3,44975.9375,"(5, 30)",taxation,6,0.25,False,True,False
137,146-3,20083.75,"(35, 8)",taxation,6,0.25,False,True,False
137,176-3,786.25,"(26, 29)",taxation,6,0.25,False,True,False
137,208-3,52229.9375,"(28, 26)",taxation,6,0.25,False,True,False
137,216-2,71506.0,"(49, 6)",taxation,6,0.25,False,True,False
137,187-3,26489.25,"(33, 9)",taxation,6,0.25,False,True,False
137,167-3,51421.3125,"(35, 9)",taxation,6,0.25,False,True,False
137,240-3,16847.75,"(28, 32)",taxation,6,0.25,False,True,False
137,140-3,801.75,"(21, 30)",taxation,6,0.25,False,True,False
137,149-3,44201.75,"(40, 5)",taxation,6,0.25,False,True,False
137,173-3,13677.75,"(29, 28)",taxation,6,0.25,False,True,False
137,246-3,49014.75,"(23, 26)",taxation,6,0.25,False,True,False
137,75-3,46583.75,"(21, 40)",taxation,6,0.25,False,True,False
137,12-2,61853.75,"(33, 10)",taxation,6,0.25,False,True,False
137,1-3,37763.1875,"(25, 25)",taxation,6,0.25,False,True,False
137,17-3,53817.375,"(25, 24)",taxation,6,0.25,False,True,False
137,67-2,49011.75,"(34, 9)",taxation,6,0.25,False,True,False
137,40-3,53848.75,"(30, 37)",taxation,6,0.25,False,True,False
137,23-3,53009.0,"(19, 29)",taxation,6,0.25,False,True,False
137,142-3,32110.8125,"(16, 24)",taxation,6,0.25,False,True,False
137,76-3,49002.562500000015,"(6, 22)",taxation,6,0.25,False,True,False
137,94-3,16859.5,"(11, 30)",taxation,6,0.25,False,True,False
137,241-3,46577.625,"(31, 22)",taxation,6,0.25,False,True,False
137,170-3,45008.3125,"(24, 14)",taxation,6,0.25,False,True,False
137,242-3,22482.9375,"(32, 6)",taxation,6,0.25,False,True,False
137,198-3,46591.625,"(48, 8)",taxation,6,0.25,False,True,False
137,10-3,51403.1875,"(23, 28)",taxation,6,0.25,False,True,False
137,172-3,53796.3125,"(29, 34)",taxation,6,0.25,False,True,False
137,189-3,44198.125,"(37, 6)",taxation,6,0.25,False,True,False
137,206-3,49787.4375,"(29, 30)",taxation,6,0.25,False,True,False
137,182-3,51366.1875,"(1, 33)",taxation,6,0.25,False,True,False
137,42-3,36972.625,"(19, 24)",taxation,6,0.25,False,True,False
137,148-3,39334.9375,"(25, 39)",taxation,6,0.25,False,True,False
137,0-3,34528.4375,"(7, 26)",taxation,6,0.25,False,True,False
137,212-3,51390.8125,"(32, 8)",taxation,6,0.25,False,True,False
137,225-3,51383.5625,"(36, 9)",taxation,6,0.25,False,True,False
137,6-3,56227.5,"(33, 12)",taxation,6,0.25,False,True,False
137,38-3,51397.125,"(35, 34)",taxation,6,0.25,False,True,False
137,54-3,48978.1875,"(2, 29)",taxation,6,0.25,False,True,False
137,63-3,46528.5625,"(25, 28)",taxation,6,0.25,False,True,False
137,144-3,49020.875,"(27, 27)",taxation,6,0.25,False,True,False
137,22-3,56199.75,"(33, 11)",taxation,6,0.25,False,True,False
137,162-3,51357.875,"(12, 36)",taxation,6,0.25,False,True,False
137,249-3,51426.75,"(32, 12)",taxation,6,0.25,False,True,False
137,180-3,48976.6875,"(26, 24)",taxation,6,0.25,False,True,False
137,83-3,53783.5625,"(28, 41)",taxation,6,0.25,False,True,False
137,133-3,44154.25,"(42, 9)",taxation,6,0.25,False,True,False
137,16-3,56219.125,"(17, 26)",taxation,6,0.25,False,True,False
137,51-3,51387.875,"(24, 32)",taxation,6,0.25,False,True,False
137,4-3,36905.6875,"(29, 31)",taxation,6,0.25,False,True,False
137,111-3,53779.6875,"(18, 25)",taxation,6,0.25,False,True,False
137,91-3,53792.0625,"(22, 24)",taxation,6,0.25,False,True,False
137,95-3,56219.875,"(26, 28)",taxation,6,0.25,False,True,False
137,106-3,46551.8125,"(30, 35)",taxation,6,0.25,False,True,False
137,56-3,48959.5625,"(16, 28)",taxation,6,0.25,False,True,False
137,71-3,53782.9375,"(25, 15)",taxation,6,0.25,False,True,False
137,226-3,48951.0625,"(25, 33)",taxation,6,0.25,False,True,False
137,205-3,24862.8125,"(28, 29)",taxation,6,0.25,False,True,False
137,165-3,58588.25,"(17, 29)",taxation,6,0.25,False,True,False
137,231-3,32081.8125,"(35, 11)",taxation,6,0.25,False,True,False
137,25-3,44133.25,"(26, 41)",taxation,6,0.25,False,True,False
137,137-3,44119.375,"(32, 29)",taxation,6,0.25,False,True,False
137,73-3,51373.6875,"(22, 23)",taxation,6,0.25,False,True,False
137,214-3,32049.25,"(23, 29)",taxation,6,0.25,False,True,False
137,21-3,46537.6875,"(7, 24)",taxation,6,0.25,False,True,False
137,201-3,34456.9375,"(33, 8)",taxation,6,0.25,False,True,False
137,169-3,39312.25,"(20, 31)",taxation,6,0.25,False,True,False
137,110-3,56192.75,"(6, 25)",taxation,6,0.25,False,True,False
137,183-3,34475.0625,"(31, 27)",taxation,6,0.25,False,True,False
137,125-3,53751.5,"(8, 24)",taxation,6,0.25,False,True,False
137,168-3,53793.875,"(32, 22)",taxation,6,0.25,False,True,False
137,156-3,36912.625,"(27, 29)",taxation,6,0.25,False,True,False
137,53-3,32067.6875,"(49, 8)",taxation,6,0.25,False,True,False
137,122-3,41705.6875,"(22, 31)",taxation,6,0.25,False,True,False
137,234-3,51322.125,"(22, 30)",taxation,6,0.25,False,True,False
137,134-3,48945.0,"(38, 7)",taxation,6,0.25,False,True,False
137,141-3,39298.375,"(28, 11)",taxation,6,0.25,False,True,False
137,145-3,51349.0,"(21, 25)",taxation,6,0.25,False,True,False
137,209-3,56177.625,"(38, 5)",taxation,6,0.25,False,True,False
137,247-3,44112.75,"(26, 26)",taxation,6,0.25,False,True,False
137,203-3,58576.6875,"(16, 25)",taxation,6,0.25,False,True,False
137,50-3,56180.125,"(18, 26)",taxation,6,0.25,False,True,False
137,45-3,51353.8125,"(19, 27)",taxation,6,0.25,False,True,False
137,78-3,46530.6875,"(31, 38)",taxation,6,0.25,False,True,False
137,147-3,48957.5625,"(48, 9)",taxation,6,0.25,False,True,False
137,193-3,44120.125,"(29, 21)",taxation,6,0.25,False,True,False
137,5-3,22393.625,"(25, 27)",taxation,6,0.25,False,True,False
137,175-3,41688.375,"(19, 30)",taxation,6,0.25,False,True,False
137,196-3,34469.0,"(9, 27)",taxation,6,0.25,False,True,False
137,112-3,53757.625,"(16, 36)",taxation,6,0.25,False,True,False
137,113-3,51333.0625,"(13, 27)",taxation,6,0.25,False,True,False
137,55-3,53732.9375,"(24, 26)",taxation,6,0.25,False,True,False
137,33-3,39265.9375,"(13, 31)",taxation,6,0.25,False,True,False
137,68-3,41707.3125,"(31, 30)",taxation,6,0.25,False,True,False
137,161-3,41698.5,"(17, 32)",taxation,6,0.25,False,True,False
137,100-3,48948.5625,"(34, 8)",taxation,6,0.25,False,True,False
137,155-3,51346.4375,"(24, 25)",taxation,6,0.25,False,True,False
137,41-3,53768.0,"(19, 26)",taxation,6,0.25,False,True,False
137,115-3,53744.3125,"(12, 27)",taxation,6,0.25,False,True,False
137,207-3,39256.8125,"(14, 20)",taxation,6,0.25,False,True,False
137,120-3,56145.5,"(20, 28)",taxation,6,0.25,False,True,False
137,11-3,39258.1875,"(26, 25)",taxation,6,0.25,False,True,False
137,102-3,34455.125,"(30, 34)",taxation,6,0.25,False,True,False
137,130-3,53722.125,"(21, 29)",taxation,6,0.25,False,True,False
137,103-3,48913.875,"(30, 25)",taxation,6,0.25,False,True,False
137,202-3,56140.5,"(31, 7)",taxation,6,0.25,False,True,False
137,164-3,51332.4375,"(34, 10)",taxation,6,0.25,False,True,False
137,2-3,48916.8125,"(31, 8)",taxation,6,0.25,False,True,False
137,186-3,46525.1875,"(28, 12)",taxation,6,0.25,False,True,False
137,85-3,44094.75,"(3, 26)",taxation,6,0.25,False,True,False
137,64-3,48888.0,"(13, 42)",taxation,6,0.25,False,True,False
137,188-3,48919.125,"(23, 20)",taxation,6,0.25,False,True,False
137,32-3,53718.8125,"(20, 30)",taxation,6,0.25,False,True,False
137,57-3,44080.6875,"(26, 23)",taxation,6,0.25,False,True,False
137,132-3,53732.3125,"(23, 25)",taxation,6,0.25,False,True,False
137,163-3,58548.5,"(35, 7)",taxation,6,0.25,False,True,False
137,19-3,51322.0,"(43, 9)",taxation,6,0.25,False,True,False
137,107-3,53699.875,"(14, 34)",taxation,6,0.25,False,True,False
137,221-3,46498.625,"(14, 31)",taxation,6,0.25,False,True,False
137,96-3,56135.375,"(20, 24)",taxation,6,0.25,False,True,False
137,92-3,53706.25,"(3, 27)",taxation,6,0.25,False,True,False
137,116-3,53719.125,"(32, 9)",taxation,6,0.25,False,True,False
137,13-3,46504.6875,"(25, 26)",taxation,6,0.25,False,True,False
137,174-3,53729.125,"(30, 33)",taxation,6,0.25,False,True,False
137,69-3,53690.875,"(11, 21)",taxation,6,0.25,False,True,False
137,184-3,48864.9375,"(19, 28)",taxation,6,0.25,False,True,False
137,237-3,39237.3125,"(12, 22)",taxation,6,0.25,False,True,False
137,90-3,44075.875,"(18, 37)",taxation,6,0.25,False,True,False
137,18-3,56131.3125,"(30, 32)",taxation,6,0.25,False,True,False
137,121-3,48918.0,"(31, 17)",taxation,6,0.25,False,True,False
137,30-3,56119.9375,"(25, 23)",taxation,6,0.25,False,True,False
137,97-3,39204.3125,"(35, 10)",taxation,6,0.25,False,True,False
137,229-3,53740.6875,"(15, 33)",taxation,6,0.25,False,True,False
137,27-3,44056.0625,"(13, 20)",taxation,6,0.25,False,True,False
137,117-3,44047.625,"(32, 34)",taxation,6,0.25,False,True,False
137,80-3,53701.625,"(21, 28)",taxation,6,0.25,False,True,False
137,166-3,46459.4375,"(20, 29)",taxation,6,0.25,False,True,False
137,86-3,48904.5,"(36, 13)",taxation,6,0.25,False,True,False
137,160-3,44056.75,"(8, 26)",taxation,6,0.25,False,True,False
137,233-3,46478.4375,"(18, 28)",taxation,6,0.25,False,True,False
137,235-3,48855.9375,"(10, 25)",taxation,6,0.25,False,True,False
137,48-3,51261.5,"(24, 27)",taxation,6,0.25,False,True,False
137,88-3,48884.0,"(24, 29)",taxation,6,0.25,False,True,False
137,52-3,36819.4375,"(35, 13)",taxation,6,0.25,False,True,False
137,58-3,51264.875,"(47, 8)",taxation,6,0.25,False,True,False
137,248-3,48874.1875,"(43, 7)",taxation,6,0.25,False,True,False
137,108-3,27151.6875,"(7, 25)",taxation,6,0.25,False,True,False
137,82-3,51280.125,"(33, 19)",taxation,6,0.25,False,True,False
137,236-3,48869.9375,"(40, 11)",taxation,6,0.25,False,True,False
137,104-3,46492.125,"(28, 27)",taxation,6,0.25,False,True,False
137,152-3,51273.1875,"(13, 38)",taxation,6,0.25,False,True,False
137,109-3,48885.875,"(24, 24)",taxation,6,0.25,False,True,False
137,72-3,56078.875,"(24, 35)",taxation,6,0.25,False,True,False
137,127-3,51262.5,"(16, 27)",taxation,6,0.25,False,True,False
137,61-3,58509.1875,"(34, 11)",taxation,6,0.25,False,True,False
137,232-3,29557.6875,"(18, 29)",taxation,6,0.25,False,True,False
137,65-3,56081.9375,"(17, 28)",taxation,6,0.25,False,True,False
137,124-3,46453.1875,"(28, 31)",taxation,6,0.25,False,True,False
137,62-3,48864.125,"(28, 23)",taxation,6,0.25,False,True,False
137,59-3,44028.9375,"(24, 23)",taxation,6,0.25,False,True,False
137,89-3,51277.0625,"(27, 28)",taxation,6,0.25,False,True,False
137,26-3,39206.5625,"(8, 25)",taxation,6,0.25,False,True,False
137,14-3,12690.875,"(31, 25)",taxation,6,0.25,False,True,False
137,194-3,44045.625,"(14, 39)",taxation,6,0.25,False,True,False
137,37-3,51272.0625,"(49, 5)",taxation,6,0.25,False,True,False
137,36-3,36796.4375,"(25, 29)",taxation,6,0.25,False,True,False
137,7-3,36819.375,"(47, 9)",taxation,6,0.25,False,True,False
137,47-3,34381.3125,"(23, 34)",taxation,6,0.25,False,True,False
137,223-3,34381.5,"(16, 21)",taxation,6,0.25,False,True,False
138,199-2,74759.0,"(31, 32)",taxation,6,0.25,False,True,False
138,128-2,71574.0,"(30, 4)",taxation,6,0.25,False,True,False
138,84-2,65129.5,"(28, 46)",taxation,6,0.25,False,True,False
138,114-2,74796.75,"(31, 20)",taxation,6,0.25,False,True,False
138,123-2,74796.75,"(33, 3)",taxation,6,0.25,False,True,False
138,215-2,71580.5,"(45, 3)",taxation,6,0.25,False,True,False
138,24-2,52321.5,"(44, 3)",taxation,6,0.25,False,True,False
138,136-2,52273.5,"(12, 17)",taxation,6,0.25,False,True,False
138,185-2,65147.5,"(35, 25)",taxation,6,0.25,False,True,False
138,190-2,65150.75,"(32, 30)",taxation,6,0.25,False,True,False
138,46-2,45838.0,"(6, 20)",taxation,6,0.25,False,True,False
138,218-2,74803.5,"(25, 35)",taxation,6,0.25,False,True,False
138,220-2,71579.0,"(20, 22)",taxation,6,0.25,False,True,False
138,224-2,55482.75,"(42, 3)",taxation,6,0.25,False,True,False
138,157-2,61903.25,"(32, 36)",taxation,6,0.25,False,True,False
138,195-2,29742.25,"(2, 23)",taxation,6,0.25,False,True,False
138,8-2,65137.0,"(43, 2)",taxation,6,0.25,False,True,False
138,119-2,65121.0,"(34, 16)",taxation,6,0.25,False,True,False
138,99-2,61907.25,"(32, 18)",taxation,6,0.25,False,True,False
138,135-2,65125.75,"(33, 31)",taxation,6,0.25,False,True,False
138,79-2,61920.25,"(9, 22)",taxation,6,0.25,False,True,False
138,87-2,65109.5,"(6, 18)",taxation,6,0.25,False,True,False
138,15-2,58713.75,"(26, 36)",taxation,6,0.25,False,True,False
138,29-2,65118.25,"(25, 36)",taxation,6,0.25,False,True,False
138,178-2,71552.25,"(28, 36)",taxation,6,0.25,False,True,False
138,60-2,68338.25,"(17, 36)",taxation,6,0.25,False,True,False
138,192-2,58679.0,"(14, 18)",taxation,6,0.25,False,True,False
138,49-2,61923.5,"(47, 2)",taxation,6,0.25,False,True,False
138,81-2,61938.25,"(9, 16)",taxation,6,0.25,False,True,False
138,118-2,71528.5,"(26, 37)",taxation,6,0.25,False,True,False
138,34-2,58687.0,"(12, 19)",taxation,6,0.25,False,True,False
138,211-2,42603.75,"(27, 34)",taxation,6,0.25,False,True,False
138,177-2,65143.75,"(49, 4)",taxation,6,0.25,False,True,False
138,39-2,45823.5,"(19, 33)",taxation,6,0.25,False,True,False
138,245-2,71541.75,"(36, 17)",taxation,6,0.25,False,True,False
138,131-2,65112.0,"(34, 28)",taxation,6,0.25,False,True,False
138,213-2,65134.5,"(42, 5)",taxation,6,0.25,False,True,False
138,9-2,55484.25,"(31, 5)",taxation,6,0.25,False,True,False
138,171-2,65126.5,"(6, 31)",taxation,6,0.25,False,True,False
138,230-2,52271.0,"(6, 30)",taxation,6,0.25,False,True,False
138,217-2,39399.5,"(34, 36)",taxation,6,0.25,False,True,False
138,227-2,71549.5,"(17, 15)",taxation,6,0.25,False,True,False
138,244-2,74755.5,"(42, 2)",taxation,6,0.25,False,True,False
138,204-2,71541.5,"(23, 35)",taxation,6,0.25,False,True,False
138,105-2,58669.5,"(46, 2)",taxation,6,0.25,False,True,False
138,239-2,65104.5,"(35, 12)",taxation,6,0.25,False,True,False
138,243-2,61895.5,"(26, 31)",taxation,6,0.25,False,True,False
138,139-3,58682.6875,"(35, 5)",taxation,6,0.25,False,True,False
138,228-3,38573.25,"(2, 28)",taxation,6,0.25,False,True,False
138,197-2,52272.25,"(23, 30)",taxation,6,0.25,False,True,False
138,151-2,52213.25,"(3, 25)",taxation,6,0.25,False,True,False
138,191-2,74732.75,"(32, 41)",taxation,6,0.25,False,True,False
138,153-2,32937.0,"(9, 17)",taxation,6,0.25,False,True,False
138,159-2,52261.5,"(31, 21)",taxation,6,0.25,False,True,False
138,222-2,65123.5,"(18, 22)",taxation,6,0.25,False,True,False
138,200-2,61888.0,"(19, 18)",taxation,6,0.25,False,True,False
138,181-2,65086.250000000015,"(17, 20)",taxation,6,0.25,False,True,False
138,101-2,65129.75,"(27, 38)",taxation,6,0.25,False,True,False
138,35-2,65127.5,"(43, 4)",taxation,6,0.25,False,True,False
138,70-2,68332.0,"(27, 32)",taxation,6,0.25,False,True,False
138,238-2,65125.0,"(45, 4)",taxation,6,0.25,False,True,False
138,158-3,47380.75,"(25, 37)",taxation,6,0.25,False,True,False
138,20-2,61895.0,"(18, 17)",taxation,6,0.25,False,True,False
138,31-3,58640.625,"(7, 20)",taxation,6,0.25,False,True,False
138,179-3,42623.375,"(36, 11)",taxation,6,0.25,False,True,False
138,93-2,29736.0,"(14, 21)",taxation,6,0.25,False,True,False
138,3-2,39358.25,"(21, 33)",taxation,6,0.25,False,True,False
138,143-2,65094.75,"(43, 5)",taxation,6,0.25,False,True,False
138,219-3,57047.75,"(48, 3)",taxation,6,0.25,False,True,False
138,98-3,26546.75,"(18, 41)",taxation,6,0.25,False,True,False
138,138-2,68279.75,"(26, 35)",taxation,6,0.25,False,True,False
138,66-2,71518.75,"(46, 3)",taxation,6,0.25,False,True,False
138,210-2,77947.75,"(40, 3)",taxation,6,0.25,False,True,False
138,150-2,55442.25,"(24, 30)",taxation,6,0.25,False,True,False
138,44-2,42576.0,"(25, 9)",taxation,6,0.25,False,True,False
138,154-3,23287.75,"(1, 24)",taxation,6,0.25,False,True,False
138,126-2,65089.75,"(44, 4)",taxation,6,0.25,False,True,False
138,74-3,57055.0,"(40, 2)",taxation,6,0.25,False,True,False
138,28-3,44983.9375,"(1, 25)",taxation,6,0.25,False,True,False
138,146-3,20093.75,"(41, 5)",taxation,6,0.25,False,True,False
138,176-3,788.25,"(32, 23)",taxation,6,0.25,False,True,False
138,208-3,52236.9375,"(34, 32)",taxation,6,0.25,False,True,False
138,216-2,71516.0,"(49, 2)",taxation,6,0.25,False,True,False
138,187-3,26498.25,"(38, 3)",taxation,6,0.25,False,True,False
138,167-3,51430.3125,"(35, 4)",taxation,6,0.25,False,True,False
138,240-3,16856.75,"(28, 35)",taxation,6,0.25,False,True,False
138,140-3,810.75,"(27, 35)",taxation,6,0.25,False,True,False
138,149-3,44211.75,"(45, 2)",taxation,6,0.25,False,True,False
138,173-3,13684.75,"(35, 33)",taxation,6,0.25,False,True,False
138,246-3,49016.75,"(20, 21)",taxation,6,0.25,False,True,False
138,75-3,46592.75,"(27, 45)",taxation,6,0.25,False,True,False
138,12-2,61862.75,"(36, 4)",taxation,6,0.25,False,True,False
138,1-3,37765.1875,"(21, 21)",taxation,6,0.25,False,True,False
138,17-3,53819.375,"(25, 19)",taxation,6,0.25,False,True,False
138,67-2,49020.75,"(38, 4)",taxation,6,0.25,False,True,False
138,40-3,53856.75,"(28, 39)",taxation,6,0.25,False,True,False
138,23-3,53013.0,"(13, 33)",taxation,6,0.25,False,True,False
138,142-3,32116.8125,"(12, 18)",taxation,6,0.25,False,True,False
138,76-3,49010.562500000015,"(4, 22)",taxation,6,0.25,False,True,False
138,94-3,16866.5,"(7, 32)",taxation,6,0.25,False,True,False
138,241-3,46584.625,"(35, 22)",taxation,6,0.25,False,True,False
138,170-3,45015.3125,"(25, 11)",taxation,6,0.25,False,True,False
138,242-3,22491.9375,"(34, 6)",taxation,6,0.25,False,True,False
138,198-3,46601.625,"(48, 4)",taxation,6,0.25,False,True,False
138,10-3,51405.1875,"(17, 30)",taxation,6,0.25,False,True,False
138,172-3,53804.3125,"(29, 36)",taxation,6,0.25,False,True,False
138,189-3,44207.125,"(39, 1)",taxation,6,0.25,False,True,False
138,206-3,49795.4375,"(32, 33)",taxation,6,0.25,False,True,False
138,182-3,51374.1875,"(2, 27)",taxation,6,0.25,False,True,False
138,42-3,36977.625,"(13, 18)",taxation,6,0.25,False,True,False
138,148-3,39342.9375,"(25, 38)",taxation,6,0.25,False,True,False
138,0-3,34536.4375,"(2, 22)",taxation,6,0.25,False,True,False
138,212-3,51398.8125,"(31, 4)",taxation,6,0.25,False,True,False
138,225-3,51391.5625,"(36, 5)",taxation,6,0.25,False,True,False
138,6-3,56235.5,"(36, 7)",taxation,6,0.25,False,True,False
138,38-3,51405.125,"(29, 39)",taxation,6,0.25,False,True,False
138,54-3,48986.1875,"(2, 25)",taxation,6,0.25,False,True,False
138,63-3,46536.5625,"(28, 34)",taxation,6,0.25,False,True,False
138,144-3,49029.875,"(25, 30)",taxation,6,0.25,False,True,False
138,22-3,56208.75,"(33, 6)",taxation,6,0.25,False,True,False
138,162-3,51364.875,"(18, 39)",taxation,6,0.25,False,True,False
138,249-3,51434.75,"(30, 6)",taxation,6,0.25,False,True,False
138,180-3,48983.6875,"(30, 29)",taxation,6,0.25,False,True,False
138,83-3,53792.5625,"(28, 47)",taxation,6,0.25,False,True,False
138,133-3,44163.25,"(46, 5)",taxation,6,0.25,False,True,False
138,16-3,56224.125,"(11, 22)",taxation,6,0.25,False,True,False
138,51-3,51395.875,"(23, 37)",taxation,6,0.25,False,True,False
138,4-3,36913.6875,"(28, 37)",taxation,6,0.25,False,True,False
138,111-3,53784.6875,"(12, 21)",taxation,6,0.25,False,True,False
138,91-3,53795.0625,"(18, 19)",taxation,6,0.25,False,True,False
138,95-3,56227.875,"(29, 33)",taxation,6,0.25,False,True,False
138,106-3,46559.8125,"(31, 37)",taxation,6,0.25,False,True,False
138,56-3,48965.5625,"(10, 31)",taxation,6,0.25,False,True,False
138,71-3,53789.9375,"(28, 10)",taxation,6,0.25,False,True,False
138,226-3,48960.0625,"(27, 33)",taxation,6,0.25,False,True,False
138,205-3,24871.8125,"(26, 30)",taxation,6,0.25,False,True,False
138,165-3,58597.25,"(23, 31)",taxation,6,0.25,False,True,False
138,231-3,32090.8125,"(35, 6)",taxation,6,0.25,False,True,False
138,25-3,44142.25,"(27, 47)",taxation,6,0.25,False,True,False
138,137-3,44126.375,"(34, 31)",taxation,6,0.25,False,True,False
138,73-3,51377.6875,"(16, 17)",taxation,6,0.25,False,True,False
138,214-3,32051.25,"(19, 34)",taxation,6,0.25,False,True,False
138,21-3,46545.6875,"(4, 21)",taxation,6,0.25,False,True,False
138,201-3,34464.9375,"(36, 6)",taxation,6,0.25,False,True,False
138,169-3,39320.25,"(22, 35)",taxation,6,0.25,False,True,False
138,110-3,56200.75,"(6, 19)",taxation,6,0.25,False,True,False
138,183-3,34482.0625,"(35, 32)",taxation,6,0.25,False,True,False
138,125-3,53759.5,"(4, 23)",taxation,6,0.25,False,True,False
138,168-3,53800.875,"(36, 22)",taxation,6,0.25,False,True,False
138,156-3,36921.625,"(25, 31)",taxation,6,0.25,False,True,False
138,53-3,32077.6875,"(47, 3)",taxation,6,0.25,False,True,False
138,122-3,41713.6875,"(22, 36)",taxation,6,0.25,False,True,False
138,234-3,51329.125,"(24, 36)",taxation,6,0.25,False,True,False
138,134-3,48954.0,"(41, 2)",taxation,6,0.25,False,True,False
138,141-3,39306.375,"(30, 5)",taxation,6,0.25,False,True,False
138,145-3,51353.0,"(16, 20)",taxation,6,0.25,False,True,False
138,209-3,56187.625,"(42, 4)",taxation,6,0.25,False,True,False
138,247-3,44114.75,"(32, 25)",taxation,6,0.25,False,True,False
138,203-3,58582.6875,"(10, 21)",taxation,6,0.25,False,True,False
138,50-3,56185.125,"(13, 22)",taxation,6,0.25,False,True,False
138,45-3,51362.8125,"(24, 31)",taxation,6,0.25,False,True,False
138,78-3,46538.6875,"(29, 38)",taxation,6,0.25,False,True,False
138,147-3,48965.5625,"(48, 6)",taxation,6,0.25,False,True,False
138,193-3,44126.125,"(31, 18)",taxation,6,0.25,False,True,False
138,5-3,22401.625,"(31, 31)",taxation,6,0.25,False,True,False
138,175-3,41694.375,"(13, 36)",taxation,6,0.25,False,True,False
138,196-3,34477.0,"(3, 22)",taxation,6,0.25,False,True,False
138,112-3,53765.625,"(22, 39)",taxation,6,0.25,False,True,False
138,113-3,51340.0625,"(11, 31)",taxation,6,0.25,False,True,False
138,55-3,53734.9375,"(19, 22)",taxation,6,0.25,False,True,False
138,33-3,39271.9375,"(9, 31)",taxation,6,0.25,False,True,False
138,68-3,41714.3125,"(34, 35)",taxation,6,0.25,False,True,False
138,161-3,41706.5,"(18, 34)",taxation,6,0.25,False,True,False
138,100-3,48957.5625,"(39, 2)",taxation,6,0.25,False,True,False
138,155-3,51354.4375,"(30, 31)",taxation,6,0.25,False,True,False
138,41-3,53772.0,"(13, 21)",taxation,6,0.25,False,True,False
138,115-3,53751.3125,"(7, 22)",taxation,6,0.25,False,True,False
138,207-3,39264.8125,"(9, 18)",taxation,6,0.25,False,True,False
138,120-3,56148.5,"(14, 33)",taxation,6,0.25,False,True,False
138,11-3,39260.1875,"(23, 21)",taxation,6,0.25,False,True,False
138,102-3,34463.125,"(30, 36)",taxation,6,0.25,False,True,False
138,130-3,53731.125,"(26, 32)",taxation,6,0.25,False,True,False
138,103-3,48920.875,"(36, 28)",taxation,6,0.25,False,True,False
138,202-3,56149.5,"(34, 5)",taxation,6,0.25,False,True,False
138,164-3,51341.4375,"(38, 6)",taxation,6,0.25,False,True,False
138,2-3,48924.8125,"(31, 3)",taxation,6,0.25,False,True,False
138,186-3,46532.1875,"(29, 9)",taxation,6,0.25,False,True,False
138,85-3,44102.75,"(2, 26)",taxation,6,0.25,False,True,False
138,64-3,48895.0,"(17, 40)",taxation,6,0.25,False,True,False
138,188-3,48923.125,"(17, 17)",taxation,6,0.25,False,True,False
138,32-3,53726.8125,"(21, 35)",taxation,6,0.25,False,True,False
138,57-3,44083.6875,"(22, 17)",taxation,6,0.25,False,True,False
138,132-3,53735.3125,"(17, 19)",taxation,6,0.25,False,True,False
138,163-3,58557.5,"(40, 1)",taxation,6,0.25,False,True,False
138,19-3,51332.0,"(44, 5)",taxation,6,0.25,False,True,False
138,107-3,53706.875,"(16, 39)",taxation,6,0.25,False,True,False
138,221-3,46504.625,"(10, 32)",taxation,6,0.25,False,True,False
138,96-3,56139.375,"(15, 20)",taxation,6,0.25,False,True,False
138,92-3,53714.25,"(2, 24)",taxation,6,0.25,False,True,False
138,116-3,53727.125,"(32, 5)",taxation,6,0.25,False,True,False
138,13-3,46506.6875,"(21, 20)",taxation,6,0.25,False,True,False
138,174-3,53737.125,"(27, 36)",taxation,6,0.25,False,True,False
138,69-3,53698.875,"(7, 18)",taxation,6,0.25,False,True,False
138,184-3,48869.9375,"(13, 32)",taxation,6,0.25,False,True,False
138,237-3,39245.3125,"(7, 19)",taxation,6,0.25,False,True,False
138,90-3,44083.875,"(19, 37)",taxation,6,0.25,False,True,False
138,18-3,56139.3125,"(30, 38)",taxation,6,0.25,False,True,False
138,121-3,48925.0,"(36, 21)",taxation,6,0.25,False,True,False
138,30-3,56123.9375,"(30, 17)",taxation,6,0.25,False,True,False
138,97-3,39213.3125,"(34, 4)",taxation,6,0.25,False,True,False
138,229-3,53748.6875,"(20, 38)",taxation,6,0.25,False,True,False
138,27-3,44064.0625,"(8, 17)",taxation,6,0.25,False,True,False
138,117-3,44055.625,"(31, 34)",taxation,6,0.25,False,True,False
138,80-3,53703.625,"(16, 30)",taxation,6,0.25,False,True,False
138,166-3,46462.4375,"(16, 35)",taxation,6,0.25,False,True,False
138,86-3,48912.5,"(39, 8)",taxation,6,0.25,False,True,False
138,160-3,44063.75,"(5, 25)",taxation,6,0.25,False,True,False
138,233-3,46486.4375,"(18, 33)",taxation,6,0.25,False,True,False
138,235-3,48863.9375,"(5, 20)",taxation,6,0.25,False,True,False
138,48-3,51263.5,"(21, 32)",taxation,6,0.25,False,True,False
138,88-3,48893.0,"(26, 33)",taxation,6,0.25,False,True,False
138,52-3,36827.4375,"(39, 9)",taxation,6,0.25,False,True,False
138,58-3,51273.875,"(43, 3)",taxation,6,0.25,False,True,False
138,248-3,48884.1875,"(48, 2)",taxation,6,0.25,False,True,False
138,108-3,27159.6875,"(3, 23)",taxation,6,0.25,False,True,False
138,82-3,51287.125,"(32, 17)",taxation,6,0.25,False,True,False
138,236-3,48878.9375,"(42, 6)",taxation,6,0.25,False,True,False
138,104-3,46499.125,"(33, 33)",taxation,6,0.25,False,True,False
138,152-3,51280.1875,"(19, 41)",taxation,6,0.25,False,True,False
138,109-3,48888.875,"(18, 18)",taxation,6,0.25,False,True,False
138,72-3,56086.875,"(24, 37)",taxation,6,0.25,False,True,False
138,127-3,51267.5,"(10, 23)",taxation,6,0.25,False,True,False
138,61-3,58517.1875,"(37, 7)",taxation,6,0.25,False,True,False
138,232-3,29562.6875,"(12, 32)",taxation,6,0.25,False,True,False
138,65-3,56086.9375,"(11, 24)",taxation,6,0.25,False,True,False
138,124-3,46461.1875,"(27, 37)",taxation,6,0.25,False,True,False
138,62-3,48870.125,"(33, 17)",taxation,6,0.25,False,True,False
138,59-3,44033.9375,"(30, 18)",taxation,6,0.25,False,True,False
138,89-3,51281.0625,"(33, 22)",taxation,6,0.25,False,True,False
138,26-3,39214.5625,"(3, 24)",taxation,6,0.25,False,True,False
138,14-3,12696.875,"(33, 21)",taxation,6,0.25,False,True,False
138,194-3,44053.625,"(18, 36)",taxation,6,0.25,False,True,False
138,37-3,51282.0625,"(49, 3)",taxation,6,0.25,False,True,False
138,36-3,36801.4375,"(31, 35)",taxation,6,0.25,False,True,False
138,7-3,36828.375,"(46, 4)",taxation,6,0.25,False,True,False
138,47-3,34390.3125,"(25, 32)",taxation,6,0.25,False,True,False
138,223-3,34389.5,"(10, 16)",taxation,6,0.25,False,True,False
138,129-3,46456.5,"(25, 13)",taxation,6,0.25,False,True,False
138,77-3,41614.125,"(18, 20)",taxation,6,0.25,False,True,False
138,43-3,48848.8125,"(34, 27)",taxation,6,0.25,False,True,False
139,84-2,65139.5,"(26, 48)",taxation,6,0.25,False,True,False
139,114-2,74802.75,"(37, 25)",taxation,6,0.25,False,True,False
139,123-2,74805.75,"(33, 2)",taxation,6,0.25,False,True,False
139,215-2,71589.5,"(45, 5)",taxation,6,0.25,False,True,False
139,24-2,52330.5,"(41, 3)",taxation,6,0.25,False,True,False
139,185-2,65154.5,"(37, 21)",taxation,6,0.25,False,True,False
139,190-2,65157.75,"(37, 35)",taxation,6,0.25,False,True,False
139,46-2,45846.0,"(2, 20)",taxation,6,0.25,False,True,False
139,218-2,74811.5,"(26, 40)",taxation,6,0.25,False,True,False
139,220-2,71584.0,"(15, 16)",taxation,6,0.25,False,True,False
139,224-2,55491.75,"(37, 0)",taxation,6,0.25,False,True,False
139,157-2,61911.25,"(32, 38)",taxation,6,0.25,False,True,False
139,195-2,29750.25,"(1, 22)",taxation,6,0.25,False,True,False
139,8-2,65147.0,"(43, 0)",taxation,6,0.25,False,True,False
139,119-2,65129.0,"(39, 13)",taxation,6,0.25,False,True,False
139,135-2,65132.75,"(35, 36)",taxation,6,0.25,False,True,False
139,87-2,65117.5,"(2, 18)",taxation,6,0.25,False,True,False
139,15-2,58721.75,"(29, 41)",taxation,6,0.25,False,True,False
139,29-2,65127.25,"(28, 42)",taxation,6,0.25,False,True,False
139,178-2,71560.25,"(31, 41)",taxation,6,0.25,False,True,False
139,60-2,68346.25,"(23, 41)",taxation,6,0.25,False,True,False
139,192-2,58687.0,"(9, 15)",taxation,6,0.25,False,True,False
139,49-2,61933.5,"(47, 1)",taxation,6,0.25,False,True,False
139,81-2,61946.25,"(8, 16)",taxation,6,0.25,False,True,False
139,118-2,71537.5,"(31, 43)",taxation,6,0.25,False,True,False
139,34-2,58695.0,"(8, 18)",taxation,6,0.25,False,True,False
139,211-2,42611.75,"(30, 39)",taxation,6,0.25,False,True,False
139,177-2,65151.75,"(46, 7)",taxation,6,0.25,False,True,False
139,39-2,45831.5,"(21, 38)",taxation,6,0.25,False,True,False
139,245-2,71549.75,"(40, 13)",taxation,6,0.25,False,True,False
139,131-2,65119.0,"(36, 30)",taxation,6,0.25,False,True,False
139,213-2,65144.5,"(45, 0)",taxation,6,0.25,False,True,False
139,9-2,55493.25,"(31, 2)",taxation,6,0.25,False,True,False
139,171-2,65134.5,"(1, 31)",taxation,6,0.25,False,True,False
139,230-2,52279.0,"(5, 28)",taxation,6,0.25,False,True,False
139,217-2,39408.5,"(30, 41)",taxation,6,0.25,False,True,False
139,227-2,71555.5,"(14, 15)",taxation,6,0.25,False,True,False
139,244-2,74765.5,"(42, 0)",taxation,6,0.25,False,True,False
139,204-2,71550.5,"(26, 38)",taxation,6,0.25,False,True,False
139,105-2,58678.5,"(47, 6)",taxation,6,0.25,False,True,False
139,239-2,65113.5,"(41, 9)",taxation,6,0.25,False,True,False
139,243-2,61899.5,"(21, 37)",taxation,6,0.25,False,True,False
139,139-3,58691.6875,"(37, 3)",taxation,6,0.25,False,True,False
139,228-3,38581.25,"(1, 28)",taxation,6,0.25,False,True,False
139,197-2,52275.25,"(19, 35)",taxation,6,0.25,False,True,False
139,151-2,52221.25,"(0, 26)",taxation,6,0.25,False,True,False
139,191-2,74741.75,"(32, 43)",taxation,6,0.25,False,True,False
139,153-2,32946.0,"(7, 16)",taxation,6,0.25,False,True,False
139,159-2,52267.5,"(36, 23)",taxation,6,0.25,False,True,False
139,222-2,65127.5,"(17, 18)",taxation,6,0.25,False,True,False
139,200-2,61895.0,"(13, 17)",taxation,6,0.25,False,True,False
139,181-2,65093.250000000015,"(11, 15)",taxation,6,0.25,False,True,False
139,101-2,65138.75,"(30, 43)",taxation,6,0.25,False,True,False
139,35-2,65137.5,"(43, 1)",taxation,6,0.25,False,True,False
139,70-2,68335.0,"(33, 27)",taxation,6,0.25,False,True,False
139,238-2,65135.0,"(47, 0)",taxation,6,0.25,False,True,False
139,158-3,47388.75,"(27, 41)",taxation,6,0.25,False,True,False
139,20-2,61902.0,"(24, 11)",taxation,6,0.25,False,True,False
139,31-3,58648.625,"(3, 19)",taxation,6,0.25,False,True,False
139,179-3,42631.375,"(37, 9)",taxation,6,0.25,False,True,False
139,93-2,29743.0,"(8, 20)",taxation,6,0.25,False,True,False
139,3-2,39367.25,"(24, 38)",taxation,6,0.25,False,True,False
139,143-2,65103.75,"(44, 7)",taxation,6,0.25,False,True,False
139,219-3,57056.75,"(48, 5)",taxation,6,0.25,False,True,False
139,98-3,26554.75,"(20, 43)",taxation,6,0.25,False,True,False
139,138-2,68286.75,"(32, 39)",taxation,6,0.25,False,True,False
139,66-2,71527.75,"(46, 6)",taxation,6,0.25,False,True,False
139,210-2,77957.75,"(42, 1)",taxation,6,0.25,False,True,False
139,150-2,55446.25,"(19, 36)",taxation,6,0.25,False,True,False
139,44-2,42584.0,"(27, 8)",taxation,6,0.25,False,True,False
139,154-3,23295.75,"(0, 24)",taxation,6,0.25,False,True,False
139,126-2,65099.75,"(44, 2)",taxation,6,0.25,False,True,False
139,74-3,57064.0,"(36, 0)",taxation,6,0.25,False,True,False
139,28-3,44991.9375,"(0, 25)",taxation,6,0.25,False,True,False
139,146-3,20103.75,"(44, 1)",taxation,6,0.25,False,True,False
139,176-3,795.25,"(37, 29)",taxation,6,0.25,False,True,False
139,208-3,52244.9375,"(35, 38)",taxation,6,0.25,False,True,False
139,216-2,71526.0,"(49, 1)",taxation,6,0.25,False,True,False
139,187-3,26507.25,"(39, 3)",taxation,6,0.25,False,True,False
139,167-3,51439.3125,"(35, 2)",taxation,6,0.25,False,True,False
139,240-3,16864.75,"(27, 40)",taxation,6,0.25,False,True,False
139,140-3,819.75,"(24, 40)",taxation,6,0.25,False,True,False
139,149-3,44220.75,"(45, 6)",taxation,6,0.25,False,True,False
139,173-3,13692.75,"(35, 35)",taxation,6,0.25,False,True,False
139,246-3,49021.75,"(15, 15)",taxation,6,0.25,False,True,False
139,75-3,46602.75,"(27, 48)",taxation,6,0.25,False,True,False
139,12-2,61871.75,"(36, 1)",taxation,6,0.25,False,True,False
139,1-3,37771.1875,"(15, 17)",taxation,6,0.25,False,True,False
139,17-3,53824.375,"(23, 13)",taxation,6,0.25,False,True,False
139,67-2,49029.75,"(37, 2)",taxation,6,0.25,False,True,False
139,40-3,53865.75,"(29, 40)",taxation,6,0.25,False,True,False
139,23-3,53019.0,"(12, 37)",taxation,6,0.25,False,True,False
139,142-3,32124.8125,"(7, 15)",taxation,6,0.25,False,True,False
139,76-3,49019.562500000015,"(6, 17)",taxation,6,0.25,False,True,False
139,94-3,16874.5,"(1, 32)",taxation,6,0.25,False,True,False
139,241-3,46590.625,"(37, 22)",taxation,6,0.25,False,True,False
139,170-3,45023.3125,"(26, 7)",taxation,6,0.25,False,True,False
139,242-3,22501.9375,"(40, 0)",taxation,6,0.25,False,True,False
139,198-3,46610.625,"(45, 10)",taxation,6,0.25,False,True,False
139,10-3,51412.1875,"(11, 36)",taxation,6,0.25,False,True,False
139,172-3,53812.3125,"(31, 39)",taxation,6,0.25,False,True,False
139,189-3,44216.125,"(38, 1)",taxation,6,0.25,False,True,False
139,206-3,49803.4375,"(34, 38)",taxation,6,0.25,False,True,False
139,182-3,51382.1875,"(1, 27)",taxation,6,0.25,False,True,False
139,42-3,36985.625,"(8, 15)",taxation,6,0.25,False,True,False
139,148-3,39351.9375,"(26, 39)",taxation,6,0.25,False,True,False
139,0-3,34544.4375,"(0, 22)",taxation,6,0.25,False,True,False
139,212-3,51407.8125,"(34, 3)",taxation,6,0.25,False,True,False
139,225-3,51400.5625,"(37, 1)",taxation,6,0.25,False,True,False
139,6-3,56244.5,"(39, 6)",taxation,6,0.25,False,True,False
139,38-3,51414.125,"(31, 44)",taxation,6,0.25,False,True,False
139,54-3,48994.1875,"(1, 26)",taxation,6,0.25,False,True,False
139,63-3,46544.5625,"(31, 40)",taxation,6,0.25,False,True,False
139,144-3,49036.875,"(31, 36)",taxation,6,0.25,False,True,False
139,22-3,56217.75,"(33, 0)",taxation,6,0.25,False,True,False
139,162-3,51372.875,"(19, 43)",taxation,6,0.25,False,True,False
139,249-3,51443.75,"(34, 2)",taxation,6,0.25,False,True,False
139,180-3,48990.6875,"(36, 34)",taxation,6,0.25,False,True,False
139,83-3,53802.5625,"(27, 49)",taxation,6,0.25,False,True,False
139,133-3,44173.25,"(46, 1)",taxation,6,0.25,False,True,False
139,16-3,56232.125,"(6, 21)",taxation,6,0.25,False,True,False
139,51-3,51404.875,"(23, 38)",taxation,6,0.25,False,True,False
139,4-3,36921.6875,"(29, 42)",taxation,6,0.25,False,True,False
139,111-3,53792.6875,"(6, 15)",taxation,6,0.25,False,True,False
139,91-3,53802.0625,"(12, 16)",taxation,6,0.25,False,True,False
139,95-3,56235.875,"(33, 37)",taxation,6,0.25,False,True,False
139,106-3,46567.8125,"(33, 39)",taxation,6,0.25,False,True,False
139,56-3,48972.5625,"(5, 33)",taxation,6,0.25,False,True,False
139,71-3,53797.9375,"(30, 9)",taxation,6,0.25,False,True,False
139,226-3,48968.0625,"(29, 37)",taxation,6,0.25,False,True,False
139,205-3,24873.8125,"(24, 28)",taxation,6,0.25,False,True,False
139,165-3,58600.25,"(23, 36)",taxation,6,0.25,False,True,False
139,231-3,32099.8125,"(37, 4)",taxation,6,0.25,False,True,False
139,25-3,44152.25,"(28, 48)",taxation,6,0.25,False,True,False
139,137-3,44134.375,"(34, 37)",taxation,6,0.25,False,True,False
139,73-3,51384.6875,"(10, 17)",taxation,6,0.25,False,True,False
139,214-3,32058.25,"(23, 39)",taxation,6,0.25,False,True,False
139,21-3,46553.6875,"(1, 21)",taxation,6,0.25,False,True,False
139,201-3,34473.9375,"(36, 3)",taxation,6,0.25,False,True,False
139,169-3,39327.25,"(28, 40)",taxation,6,0.25,False,True,False
139,110-3,56208.75,"(5, 17)",taxation,6,0.25,False,True,False
139,183-3,34489.0625,"(37, 32)",taxation,6,0.25,False,True,False
139,125-3,53767.5,"(3, 21)",taxation,6,0.25,False,True,False
139,168-3,53807.875,"(40, 16)",taxation,6,0.25,False,True,False
139,156-3,36925.625,"(21, 36)",taxation,6,0.25,False,True,False
139,53-3,32087.6875,"(45, 1)",taxation,6,0.25,False,True,False
139,122-3,41721.6875,"(23, 42)",taxation,6,0.25,False,True,False
139,234-3,51338.125,"(24, 41)",taxation,6,0.25,False,True,False
139,134-3,48963.0,"(38, 0)",taxation,6,0.25,False,True,False
139,141-3,39315.375,"(31, 1)",taxation,6,0.25,False,True,False
139,145-3,51359.0,"(13, 16)",taxation,6,0.25,False,True,False
139,209-3,56196.625,"(41, 4)",taxation,6,0.25,False,True,False
139,247-3,44120.75,"(36, 26)",taxation,6,0.25,False,True,False
139,203-3,58589.6875,"(8, 19)",taxation,6,0.25,False,True,False
139,50-3,56192.125,"(9, 21)",taxation,6,0.25,False,True,False
139,45-3,51365.8125,"(18, 35)",taxation,6,0.25,False,True,False
139,78-3,46547.6875,"(30, 42)",taxation,6,0.25,False,True,False
139,147-3,48975.5625,"(48, 0)",taxation,6,0.25,False,True,False
139,193-3,44132.125,"(36, 18)",taxation,6,0.25,False,True,False
139,5-3,22408.625,"(36, 36)",taxation,6,0.25,False,True,False
139,175-3,41701.375,"(17, 42)",taxation,6,0.25,False,True,False
139,196-3,34485.0,"(1, 20)",taxation,6,0.25,False,True,False
139,112-3,53774.625,"(26, 45)",taxation,6,0.25,False,True,False
139,113-3,51348.0625,"(5, 32)",taxation,6,0.25,False,True,False
139,55-3,53738.9375,"(16, 19)",taxation,6,0.25,False,True,False
139,33-3,39278.9375,"(7, 31)",taxation,6,0.25,False,True,False
139,68-3,41722.3125,"(35, 39)",taxation,6,0.25,False,True,False
139,161-3,41714.5,"(23, 40)",taxation,6,0.25,False,True,False
139,100-3,48967.5625,"(41, 0)",taxation,6,0.25,False,True,False
139,155-3,51362.4375,"(32, 37)",taxation,6,0.25,False,True,False
139,41-3,53779.0,"(9, 20)",taxation,6,0.25,False,True,False
139,115-3,53759.3125,"(6, 23)",taxation,6,0.25,False,True,False
139,207-3,39272.8125,"(6, 16)",taxation,6,0.25,False,True,False
139,120-3,56155.5,"(8, 27)",taxation,6,0.25,False,True,False
139,11-3,39264.1875,"(21, 17)",taxation,6,0.25,False,True,False
139,102-3,34472.125,"(30, 40)",taxation,6,0.25,False,True,False
139,130-3,53734.125,"(20, 37)",taxation,6,0.25,False,True,False
139,103-3,48927.875,"(36, 32)",taxation,6,0.25,False,True,False
139,202-3,56158.5,"(34, 1)",taxation,6,0.25,False,True,False
139,164-3,51350.4375,"(39, 4)",taxation,6,0.25,False,True,False
139,2-3,48933.8125,"(33, 1)",taxation,6,0.25,False,True,False
139,186-3,46541.1875,"(30, 3)",taxation,6,0.25,False,True,False
139,85-3,44110.75,"(0, 27)",taxation,6,0.25,False,True,False
139,64-3,48903.0,"(21, 44)",taxation,6,0.25,False,True,False
139,188-3,48930.125,"(11, 17)",taxation,6,0.25,False,True,False
139,32-3,53734.8125,"(25, 41)",taxation,6,0.25,False,True,False
139,57-3,44090.6875,"(22, 12)",taxation,6,0.25,False,True,False
139,132-3,53741.3125,"(14, 14)",taxation,6,0.25,False,True,False
139,163-3,58566.5,"(41, 1)",taxation,6,0.25,False,True,False
139,19-3,51341.0,"(39, 0)",taxation,6,0.25,False,True,False
139,107-3,53714.875,"(19, 42)",taxation,6,0.25,False,True,False
139,221-3,46512.625,"(4, 31)",taxation,6,0.25,False,True,False
139,96-3,56146.375,"(10, 19)",taxation,6,0.25,False,True,False
139,92-3,53722.25,"(1, 23)",taxation,6,0.25,False,True,False
139,116-3,53736.125,"(35, 3)",taxation,6,0.25,False,True,False
139,13-3,46511.6875,"(16, 15)",taxation,6,0.25,False,True,False
139,174-3,53745.125,"(27, 42)",taxation,6,0.25,False,True,False
139,69-3,53706.875,"(5, 18)",taxation,6,0.25,False,True,False
139,184-3,48875.9375,"(8, 32)",taxation,6,0.25,False,True,False
139,237-3,39253.3125,"(2, 19)",taxation,6,0.25,False,True,False
139,90-3,44091.875,"(20, 42)",taxation,6,0.25,False,True,False
139,18-3,56148.3125,"(30, 44)",taxation,6,0.25,False,True,False
139,121-3,48932.0,"(40, 15)",taxation,6,0.25,False,True,False
139,30-3,56130.9375,"(26, 11)",taxation,6,0.25,False,True,False
139,97-3,39222.3125,"(35, 1)",taxation,6,0.25,False,True,False
139,229-3,53756.6875,"(22, 43)",taxation,6,0.25,False,True,False
139,27-3,44072.0625,"(3, 18)",taxation,6,0.25,False,True,False
139,117-3,44063.625,"(33, 40)",taxation,6,0.25,False,True,False
139,80-3,53708.625,"(10, 24)",taxation,6,0.25,False,True,False
139,166-3,46468.4375,"(17, 39)",taxation,6,0.25,False,True,False
139,86-3,48921.5,"(45, 7)",taxation,6,0.25,False,True,False
139,160-3,44071.75,"(4, 26)",taxation,6,0.25,False,True,False
139,233-3,46494.4375,"(24, 39)",taxation,6,0.25,False,True,False
139,235-3,48871.9375,"(2, 21)",taxation,6,0.25,False,True,False
139,48-3,51267.5,"(15, 35)",taxation,6,0.25,False,True,False
139,88-3,48901.0,"(28, 38)",taxation,6,0.25,False,True,False
139,52-3,36836.4375,"(40, 6)",taxation,6,0.25,False,True,False
139,58-3,51283.875,"(49, 0)",taxation,6,0.25,False,True,False
139,248-3,48894.1875,"(48, 1)",taxation,6,0.25,False,True,False
139,108-3,27168.6875,"(5, 19)",taxation,6,0.25,False,True,False
139,82-3,51294.125,"(38, 12)",taxation,6,0.25,False,True,False
139,236-3,48888.9375,"(44, 0)",taxation,6,0.25,False,True,False
139,104-3,46507.125,"(34, 39)",taxation,6,0.25,False,True,False
139,152-3,51288.1875,"(20, 44)",taxation,6,0.25,False,True,False
139,109-3,48894.875,"(14, 16)",taxation,6,0.25,False,True,False
139,72-3,56095.875,"(22, 40)",taxation,6,0.25,False,True,False
139,127-3,51275.5,"(4, 18)",taxation,6,0.25,False,True,False
139,61-3,58526.1875,"(36, 2)",taxation,6,0.25,False,True,False
139,232-3,29569.6875,"(10, 35)",taxation,6,0.25,False,True,False
139,65-3,56093.9375,"(8, 22)",taxation,6,0.25,False,True,False
139,124-3,46470.1875,"(27, 39)",taxation,6,0.25,False,True,False
139,62-3,48878.125,"(38, 11)",taxation,6,0.25,False,True,False
139,59-3,44040.9375,"(36, 12)",taxation,6,0.25,False,True,False
139,89-3,51287.0625,"(38, 22)",taxation,6,0.25,False,True,False
139,26-3,39222.5625,"(4, 25)",taxation,6,0.25,False,True,False
139,14-3,12702.875,"(38, 20)",taxation,6,0.25,False,True,False
139,194-3,44061.625,"(24, 42)",taxation,6,0.25,False,True,False
139,37-3,51291.0625,"(47, 4)",taxation,6,0.25,False,True,False
139,36-3,36809.4375,"(34, 40)",taxation,6,0.25,False,True,False
139,7-3,36838.375,"(46, 0)",taxation,6,0.25,False,True,False
139,47-3,34393.3125,"(20, 36)",taxation,6,0.25,False,True,False
139,223-3,34397.5,"(4, 17)",taxation,6,0.25,False,True,False
139,129-3,46464.5,"(26, 8)",taxation,6,0.25,False,True,False
139,77-3,41620.125,"(13, 15)",taxation,6,0.25,False,True,False
139,43-3,48855.8125,"(35, 27)",taxation,6,0.25,False,True,False
139,128-3,53687.25,"(32, 1)",taxation,6,0.25,False,True,False
139,79-3,46446.1875,"(4, 19)",taxation,6,0.25,False,True,False
139,199-3,56075.25,"(33, 38)",taxation,6,0.25,False,True,False
139,136-3,39210.375,"(10, 14)",taxation,6,0.25,False,True,False
139,99-3,46434.9375,"(38, 18)",taxation,6,0.25,False,True,False
140,114-2,74809.75,"(38, 25)",taxation,6,0.25,False,True,False
140,123-2,74814.75,"(29, 3)",taxation,6,0.25,False,True,False
140,215-2,71598.5,"(41, 8)",taxation,6,0.25,False,True,False
140,24-2,52339.5,"(40, 8)",taxation,6,0.25,False,True,False
140,185-2,65161.5,"(38, 23)",taxation,6,0.25,False,True,False
140,190-2,65165.75,"(38, 37)",taxation,6,0.25,False,True,False
140,46-2,45855.0,"(0, 20)",taxation,6,0.25,False,True,False
140,218-2,74821.5,"(30, 46)",taxation,6,0.25,False,True,False
140,220-2,71591.0,"(14, 13)",taxation,6,0.25,False,True,False
140,224-2,55493.75,"(37, 6)",taxation,6,0.25,False,True,False
140,157-2,61915.25,"(35, 37)",taxation,6,0.25,False,True,False
140,195-2,29757.25,"(3, 20)",taxation,6,0.25,False,True,False
140,8-2,65148.0,"(43, 2)",taxation,6,0.25,False,True,False
140,119-2,65138.0,"(43, 11)",taxation,6,0.25,False,True,False
140,135-2,65139.75,"(38, 34)",taxation,6,0.25,False,True,False
140,87-2,65119.5,"(6, 22)",taxation,6,0.25,False,True,False
140,15-2,58729.75,"(27, 46)",taxation,6,0.25,False,True,False
140,29-2,65137.25,"(29, 46)",taxation,6,0.25,False,True,False
140,178-2,71570.25,"(31, 45)",taxation,6,0.25,False,True,False
140,60-2,68356.25,"(29, 47)",taxation,6,0.25,False,True,False
140,192-2,58694.0,"(11, 16)",taxation,6,0.25,False,True,False
140,49-2,61935.5,"(47, 7)",taxation,6,0.25,False,True,False
140,81-2,61953.25,"(11, 11)",taxation,6,0.25,False,True,False
140,118-2,71544.5,"(25, 47)",taxation,6,0.25,False,True,False
140,34-2,58703.0,"(5, 22)",taxation,6,0.25,False,True,False
140,211-2,42616.75,"(26, 43)",taxation,6,0.25,False,True,False
140,177-2,65160.75,"(45, 11)",taxation,6,0.25,False,True,False
140,39-2,45839.5,"(23, 44)",taxation,6,0.25,False,True,False
140,245-2,71558.75,"(43, 12)",taxation,6,0.25,False,True,False
140,131-2,65127.0,"(38, 36)",taxation,6,0.25,False,True,False
140,213-2,65145.5,"(46, 2)",taxation,6,0.25,False,True,False
140,9-2,55502.25,"(32, 2)",taxation,6,0.25,False,True,False
140,171-2,65142.5,"(2, 32)",taxation,6,0.25,False,True,False
140,230-2,52285.0,"(9, 32)",taxation,6,0.25,False,True,False
140,217-2,39417.5,"(25, 46)",taxation,6,0.25,False,True,False
140,227-2,71562.5,"(12, 15)",taxation,6,0.25,False,True,False
140,244-2,74767.5,"(41, 6)",taxation,6,0.25,False,True,False
140,204-2,71556.5,"(21, 42)",taxation,6,0.25,False,True,False
140,105-2,58687.5,"(45, 12)",taxation,6,0.25,False,True,False
140,239-2,65121.5,"(42, 11)",taxation,6,0.25,False,True,False
140,243-2,61906.5,"(22, 42)",taxation,6,0.25,False,True,False
140,139-3,58700.6875,"(33, 4)",taxation,6,0.25,False,True,False
140,228-3,38589.25,"(4, 27)",taxation,6,0.25,False,True,False
140,197-2,52281.25,"(21, 39)",taxation,6,0.25,False,True,False
140,151-2,52230.25,"(0, 29)",taxation,6,0.25,False,True,False
140,191-2,74752.75,"(26, 49)",taxation,6,0.25,False,True,False
140,153-2,32954.0,"(3, 17)",taxation,6,0.25,False,True,False
140,159-2,52274.5,"(40, 23)",taxation,6,0.25,False,True,False
140,222-2,65133.5,"(16, 13)",taxation,6,0.25,False,True,False
140,200-2,61903.0,"(8, 14)",taxation,6,0.25,False,True,False
140,181-2,65100.250000000015,"(12, 13)",taxation,6,0.25,False,True,False
140,101-2,65145.75,"(28, 44)",taxation,6,0.25,False,True,False
140,35-2,65139.5,"(43, 6)",taxation,6,0.25,False,True,False
140,70-2,68341.0,"(34, 29)",taxation,6,0.25,False,True,False
140,238-2,65137.0,"(47, 5)",taxation,6,0.25,False,True,False
140,158-3,47396.75,"(25, 45)",taxation,6,0.25,False,True,False
140,20-2,61911.0,"(27, 7)",taxation,6,0.25,False,True,False
140,31-3,58652.625,"(9, 19)",taxation,6,0.25,False,True,False
140,179-3,42640.375,"(37, 8)",taxation,6,0.25,False,True,False
140,93-2,29748.0,"(11, 20)",taxation,6,0.25,False,True,False
140,3-2,39376.25,"(25, 43)",taxation,6,0.25,False,True,False
140,143-2,65111.75,"(43, 13)",taxation,6,0.25,False,True,False
140,219-3,57065.75,"(44, 11)",taxation,6,0.25,False,True,False
140,98-3,26562.75,"(19, 45)",taxation,6,0.25,False,True,False
140,138-2,68295.75,"(29, 43)",taxation,6,0.25,False,True,False
140,66-2,71536.75,"(44, 8)",taxation,6,0.25,False,True,False
140,210-2,77966.75,"(40, 4)",taxation,6,0.25,False,True,False
140,150-2,55453.25,"(16, 42)",taxation,6,0.25,False,True,False
140,44-2,42593.0,"(28, 4)",taxation,6,0.25,False,True,False
140,154-3,23303.75,"(4, 29)",taxation,6,0.25,False,True,False
140,126-2,65107.75,"(46, 8)",taxation,6,0.25,False,True,False
140,74-3,57066.0,"(32, 6)",taxation,6,0.25,False,True,False
140,28-3,45000.9375,"(0, 30)",taxation,6,0.25,False,True,False
140,146-3,20105.75,"(43, 7)",taxation,6,0.25,False,True,False
140,176-3,802.25,"(37, 27)",taxation,6,0.25,False,True,False
140,208-3,52253.9375,"(36, 39)",taxation,6,0.25,False,True,False
140,216-2,71528.0,"(49, 5)",taxation,6,0.25,False,True,False
140,187-3,26510.25,"(44, 9)",taxation,6,0.25,False,True,False
140,167-3,51448.3125,"(29, 2)",taxation,6,0.25,False,True,False
140,240-3,16871.75,"(23, 45)",taxation,6,0.25,False,True,False
140,140-3,829.75,"(26, 46)",taxation,6,0.25,False,True,False
140,149-3,44229.75,"(42, 10)",taxation,6,0.25,False,True,False
140,173-3,13699.75,"(41, 33)",taxation,6,0.25,False,True,False
140,246-3,49028.75,"(13, 14)",taxation,6,0.25,False,True,False
140,75-3,46612.75,"(28, 49)",taxation,6,0.25,False,True,False
140,12-2,61874.75,"(30, 7)",taxation,6,0.25,False,True,False
140,1-3,37778.1875,"(11, 18)",taxation,6,0.25,False,True,False
140,17-3,53832.375,"(24, 9)",taxation,6,0.25,False,True,False
140,67-2,49038.75,"(32, 3)",taxation,6,0.25,False,True,False
140,40-3,53873.75,"(29, 44)",taxation,6,0.25,False,True,False
140,23-3,53026.0,"(12, 39)",taxation,6,0.25,False,True,False
140,142-3,32132.8125,"(2, 17)",taxation,6,0.25,False,True,False
140,76-3,49028.562500000015,"(0, 21)",taxation,6,0.25,False,True,False
140,94-3,16882.5,"(0, 33)",taxation,6,0.25,False,True,False
140,241-3,46597.625,"(40, 22)",taxation,6,0.25,False,True,False
140,170-3,45032.3125,"(27, 6)",taxation,6,0.25,False,True,False
140,242-3,22502.9375,"(40, 1)",taxation,6,0.25,False,True,False
140,198-3,46619.625,"(44, 12)",taxation,6,0.25,False,True,False
140,10-3,51419.1875,"(11, 37)",taxation,6,0.25,False,True,False
140,172-3,53822.3125,"(29, 45)",taxation,6,0.25,False,True,False
140,189-3,44219.125,"(32, 4)",taxation,6,0.25,False,True,False
140,206-3,49808.4375,"(40, 33)",taxation,6,0.25,False,True,False
140,182-3,51390.1875,"(2, 33)",taxation,6,0.25,False,True,False
140,42-3,36992.625,"(11, 12)",taxation,6,0.25,False,True,False
140,148-3,39360.9375,"(24, 44)",taxation,6,0.25,False,True,False
140,0-3,34547.4375,"(5, 27)",taxation,6,0.25,False,True,False
140,212-3,51416.8125,"(31, 6)",taxation,6,0.25,False,True,False
140,225-3,51402.5625,"(33, 5)",taxation,6,0.25,False,True,False
140,6-3,56253.5,"(37, 5)",taxation,6,0.25,False,True,False
140,38-3,51422.125,"(25, 48)",taxation,6,0.25,False,True,False
140,54-3,49003.1875,"(0, 28)",taxation,6,0.25,False,True,False
140,63-3,46553.5625,"(27, 44)",taxation,6,0.25,False,True,False
140,144-3,49043.875,"(36, 33)",taxation,6,0.25,False,True,False
140,22-3,56227.75,"(35, 0)",taxation,6,0.25,False,True,False
140,162-3,51380.875,"(17, 45)",taxation,6,0.25,False,True,False
140,249-3,51452.75,"(34, 0)",taxation,6,0.25,False,True,False
140,180-3,48998.6875,"(38, 38)",taxation,6,0.25,False,True,False
140,83-3,53810.5625,"(23, 49)",taxation,6,0.25,False,True,False
140,133-3,44175.25,"(48, 7)",taxation,6,0.25,False,True,False
140,16-3,56237.125,"(12, 23)",taxation,6,0.25,False,True,False
140,51-3,51413.875,"(26, 42)",taxation,6,0.25,False,True,False
140,4-3,36928.6875,"(23, 46)",taxation,6,0.25,False,True,False
140,111-3,53801.6875,"(1, 19)",taxation,6,0.25,False,True,False
140,91-3,53810.0625,"(7, 21)",taxation,6,0.25,False,True,False
140,95-3,56244.875,"(35, 40)",taxation,6,0.25,False,True,False
140,106-3,46576.8125,"(34, 41)",taxation,6,0.25,False,True,False
140,56-3,48979.5625,"(7, 33)",taxation,6,0.25,False,True,False
140,71-3,53806.9375,"(28, 5)",taxation,6,0.25,False,True,False
140,226-3,48977.0625,"(31, 42)",taxation,6,0.25,False,True,False
140,205-3,24876.8125,"(23, 27)",taxation,6,0.25,False,True,False
140,165-3,58606.25,"(22, 41)",taxation,6,0.25,False,True,False
140,231-3,32102.8125,"(37, 10)",taxation,6,0.25,False,True,False
140,25-3,44160.25,"(23, 48)",taxation,6,0.25,False,True,False
140,137-3,44142.375,"(37, 37)",taxation,6,0.25,False,True,False
140,73-3,51392.6875,"(7, 17)",taxation,6,0.25,False,True,False
140,214-3,32067.25,"(24, 43)",taxation,6,0.25,False,True,False
140,21-3,46561.6875,"(0, 18)",taxation,6,0.25,False,True,False
140,201-3,34481.9375,"(42, 8)",taxation,6,0.25,False,True,False
140,169-3,39334.25,"(24, 46)",taxation,6,0.25,False,True,False
140,110-3,56214.75,"(11, 23)",taxation,6,0.25,False,True,False
140,183-3,34497.0625,"(37, 36)",taxation,6,0.25,False,True,False
140,125-3,53775.5,"(5, 21)",taxation,6,0.25,False,True,False
140,168-3,53816.875,"(40, 12)",taxation,6,0.25,False,True,False
140,156-3,36931.625,"(20, 41)",taxation,6,0.25,False,True,False
140,53-3,32089.6875,"(44, 6)",taxation,6,0.25,False,True,False
140,122-3,41730.6875,"(21, 46)",taxation,6,0.25,False,True,False
140,234-3,51347.125,"(26, 47)",taxation,6,0.25,False,True,False
140,134-3,48972.0,"(38, 2)",taxation,6,0.25,False,True,False
140,141-3,39324.375,"(31, 0)",taxation,6,0.25,False,True,False
140,145-3,51367.0,"(9, 13)",taxation,6,0.25,False,True,False
140,209-3,56205.625,"(42, 7)",taxation,6,0.25,False,True,False
140,247-3,44127.75,"(37, 26)",taxation,6,0.25,False,True,False
140,203-3,58597.6875,"(5, 24)",taxation,6,0.25,False,True,False
140,50-3,56200.125,"(6, 24)",taxation,6,0.25,False,True,False
140,45-3,51372.8125,"(12, 40)",taxation,6,0.25,False,True,False
140,78-3,46557.6875,"(29, 48)",taxation,6,0.25,False,True,False
140,147-3,48976.5625,"(48, 2)",taxation,6,0.25,False,True,False
140,193-3,44140.125,"(40, 14)",taxation,6,0.25,False,True,False
140,5-3,22415.625,"(41, 36)",taxation,6,0.25,False,True,False
140,175-3,41709.375,"(16, 44)",taxation,6,0.25,False,True,False
140,196-3,34487.0,"(3, 26)",taxation,6,0.25,False,True,False
140,112-3,53782.625,"(24, 45)",taxation,6,0.25,False,True,False
140,113-3,51357.0625,"(0, 32)",taxation,6,0.25,False,True,False
140,55-3,53744.9375,"(16, 14)",taxation,6,0.25,False,True,False
140,33-3,39287.9375,"(1, 30)",taxation,6,0.25,False,True,False
140,68-3,41729.3125,"(41, 34)",taxation,6,0.25,False,True,False
140,161-3,41723.5,"(22, 44)",taxation,6,0.25,False,True,False
140,100-3,48969.5625,"(40, 5)",taxation,6,0.25,False,True,False
140,155-3,51371.4375,"(33, 41)",taxation,6,0.25,False,True,False
140,41-3,53786.0,"(9, 23)",taxation,6,0.25,False,True,False
140,115-3,53767.3125,"(5, 23)",taxation,6,0.25,False,True,False
140,207-3,39279.8125,"(12, 10)",taxation,6,0.25,False,True,False
140,120-3,56163.5,"(5, 26)",taxation,6,0.25,False,True,False
140,11-3,39271.1875,"(21, 12)",taxation,6,0.25,False,True,False
140,102-3,34482.125,"(30, 45)",taxation,6,0.25,False,True,False
140,130-3,53743.125,"(23, 43)",taxation,6,0.25,False,True,False
140,103-3,48934.875,"(35, 30)",taxation,6,0.25,False,True,False
140,202-3,56167.5,"(32, 0)",taxation,6,0.25,False,True,False
140,164-3,51353.4375,"(39, 10)",taxation,6,0.25,False,True,False
140,2-3,48942.8125,"(30, 0)",taxation,6,0.25,False,True,False
140,186-3,46550.1875,"(30, 2)",taxation,6,0.25,False,True,False
140,85-3,44118.75,"(3, 33)",taxation,6,0.25,False,True,False
140,64-3,48911.0,"(21, 47)",taxation,6,0.25,False,True,False
140,188-3,48937.125,"(12, 12)",taxation,6,0.25,False,True,False
140,32-3,53743.8125,"(25, 44)",taxation,6,0.25,False,True,False
140,57-3,44098.6875,"(24, 10)",taxation,6,0.25,False,True,False
140,132-3,53748.3125,"(16, 11)",taxation,6,0.25,False,True,False
140,163-3,58568.5,"(39, 5)",taxation,6,0.25,False,True,False
140,19-3,51343.0,"(38, 5)",taxation,6,0.25,False,True,False
140,107-3,53723.875,"(21, 45)",taxation,6,0.25,False,True,False
140,221-3,46521.625,"(0, 31)",taxation,6,0.25,False,True,False
140,96-3,56154.375,"(7, 23)",taxation,6,0.25,False,True,False
140,92-3,53729.25,"(4, 20)",taxation,6,0.25,False,True,False
140,116-3,53745.125,"(29, 4)",taxation,6,0.25,False,True,False
140,13-3,46518.6875,"(18, 12)",taxation,6,0.25,False,True,False
140,174-3,53753.125,"(22, 47)",taxation,6,0.25,False,True,False
140,69-3,53715.875,"(1, 18)",taxation,6,0.25,False,True,False
140,184-3,48883.9375,"(5, 29)",taxation,6,0.25,False,True,False
140,237-3,39262.3125,"(0, 23)",taxation,6,0.25,False,True,False
140,90-3,44100.875,"(24, 48)",taxation,6,0.25,False,True,False
140,18-3,56158.3125,"(29, 49)",taxation,6,0.25,False,True,False
140,121-3,48940.0,"(46, 13)",taxation,6,0.25,False,True,False
140,30-3,56139.9375,"(31, 9)",taxation,6,0.25,False,True,False
140,97-3,39231.3125,"(29, 1)",taxation,6,0.25,False,True,False
140,229-3,53767.6875,"(25, 49)",taxation,6,0.25,False,True,False
140,27-3,44079.0625,"(8, 23)",taxation,6,0.25,False,True,False
140,117-3,44071.625,"(37, 38)",taxation,6,0.25,False,True,False
140,80-3,53716.625,"(4, 30)",taxation,6,0.25,False,True,False
140,166-3,46477.4375,"(20, 45)",taxation,6,0.25,False,True,False
140,86-3,48929.5,"(44, 13)",taxation,6,0.25,False,True,False
140,160-3,44079.75,"(4, 24)",taxation,6,0.25,False,True,False
140,233-3,46502.4375,"(18, 45)",taxation,6,0.25,False,True,False
140,235-3,48879.9375,"(0, 19)",taxation,6,0.25,False,True,False
140,48-3,51274.5,"(12, 38)",taxation,6,0.25,False,True,False
140,88-3,48907.0,"(26, 44)",taxation,6,0.25,False,True,False
140,52-3,36845.4375,"(36, 8)",taxation,6,0.25,False,True,False
140,58-3,51284.875,"(49, 2)",taxation,6,0.25,False,True,False
140,248-3,48896.1875,"(49, 7)",taxation,6,0.25,False,True,False
140,108-3,27175.6875,"(9, 24)",taxation,6,0.25,False,True,False
140,82-3,51302.125,"(39, 12)",taxation,6,0.25,False,True,False
140,236-3,48889.9375,"(45, 2)",taxation,6,0.25,False,True,False
140,104-3,46515.125,"(32, 40)",taxation,6,0.25,False,True,False
140,152-3,51296.1875,"(20, 46)",taxation,6,0.25,False,True,False
140,109-3,48901.875,"(12, 14)",taxation,6,0.25,False,True,False
140,72-3,56103.875,"(22, 45)",taxation,6,0.25,False,True,False
140,127-3,51280.5,"(10, 13)",taxation,6,0.25,False,True,False
140,61-3,58529.1875,"(30, 8)",taxation,6,0.25,False,True,False
140,232-3,29576.6875,"(9, 38)",taxation,6,0.25,False,True,False
140,65-3,56099.9375,"(9, 25)",taxation,6,0.25,False,True,False
140,124-3,46480.1875,"(28, 45)",taxation,6,0.25,False,True,False
140,62-3,48887.125,"(40, 9)",taxation,6,0.25,False,True,False
140,59-3,44049.9375,"(38, 9)",taxation,6,0.25,False,True,False
140,89-3,51294.0625,"(39, 23)",taxation,6,0.25,False,True,False
140,26-3,39229.5625,"(8, 31)",taxation,6,0.25,False,True,False
140,14-3,12709.875,"(41, 20)",taxation,6,0.25,False,True,False
140,194-3,44070.625,"(24, 47)",taxation,6,0.25,False,True,False
140,37-3,51300.0625,"(43, 10)",taxation,6,0.25,False,True,False
140,36-3,36814.4375,"(40, 34)",taxation,6,0.25,False,True,False
140,7-3,36840.375,"(49, 6)",taxation,6,0.25,False,True,False
140,47-3,34401.3125,"(18, 42)",taxation,6,0.25,False,True,False
140,223-3,34402.5,"(9, 14)",taxation,6,0.25,False,True,False
140,129-3,46473.5,"(26, 5)",taxation,6,0.25,False,True,False
140,77-3,41627.125,"(12, 11)",taxation,6,0.25,False,True,False
140,43-3,48862.8125,"(39, 26)",taxation,6,0.25,False,True,False
140,128-3,53696.25,"(30, 1)",taxation,6,0.25,False,True,False
140,79-3,46451.1875,"(10, 15)",taxation,6,0.25,False,True,False
140,199-3,56084.25,"(32, 42)",taxation,6,0.25,False,True,False
140,136-3,39218.375,"(5, 16)",taxation,6,0.25,False,True,False
140,99-3,46443.9375,"(41, 13)",taxation,6,0.25,False,True,False
140,84-3,48860.625,"(22, 48)",taxation,6,0.25,False,True,False
141,114-2,74817.75,"(40, 25)",taxation,6,0.25,False,True,False
141,215-2,71603.5,"(42, 14)",taxation,6,0.25,False,True,False
141,24-2,52344.5,"(36, 14)",taxation,6,0.25,False,True,False
141,185-2,65169.5,"(41, 22)",taxation,6,0.25,False,True,False
141,190-2,65173.75,"(44, 36)",taxation,6,0.25,False,True,False
141,218-2,74824.5,"(28, 41)",taxation,6,0.25,False,True,False
141,220-2,71599.0,"(20, 11)",taxation,6,0.25,False,True,False
141,224-2,55501.75,"(42, 12)",taxation,6,0.25,False,True,False
141,157-2,61923.25,"(41, 31)",taxation,6,0.25,False,True,False
141,195-2,29760.25,"(8, 25)",taxation,6,0.25,False,True,False
141,8-2,65151.0,"(41, 7)",taxation,6,0.25,False,True,False
141,135-2,65147.75,"(41, 30)",taxation,6,0.25,False,True,False
141,87-2,65123.5,"(11, 25)",taxation,6,0.25,False,True,False
141,15-2,58733.75,"(21, 41)",taxation,6,0.25,False,True,False
141,29-2,65140.25,"(25, 40)",taxation,6,0.25,False,True,False
141,178-2,71574.25,"(25, 42)",taxation,6,0.25,False,True,False
141,60-2,68364.25,"(24, 49)",taxation,6,0.25,False,True,False
141,192-2,58701.0,"(13, 12)",taxation,6,0.25,False,True,False
141,49-2,61943.5,"(46, 10)",taxation,6,0.25,False,True,False
141,81-2,61960.25,"(15, 11)",taxation,6,0.25,False,True,False
141,118-2,71549.5,"(19, 44)",taxation,6,0.25,False,True,False
141,34-2,58707.0,"(6, 27)",taxation,6,0.25,False,True,False
141,211-2,42618.75,"(27, 45)",taxation,6,0.25,False,True,False
141,177-2,65168.75,"(47, 15)",taxation,6,0.25,False,True,False
141,39-2,45845.5,"(17, 38)",taxation,6,0.25,False,True,False
141,245-2,71566.75,"(42, 17)",taxation,6,0.25,False,True,False
141,131-2,65135.0,"(44, 34)",taxation,6,0.25,False,True,False
141,213-2,65148.5,"(47, 8)",taxation,6,0.25,False,True,False
141,9-2,55511.25,"(26, 2)",taxation,6,0.25,False,True,False
141,171-2,65149.5,"(3, 38)",taxation,6,0.25,False,True,False
141,230-2,52292.0,"(6, 37)",taxation,6,0.25,False,True,False
141,217-2,39426.5,"(19, 48)",taxation,6,0.25,False,True,False
141,227-2,71569.5,"(15, 12)",taxation,6,0.25,False,True,False
141,244-2,74771.5,"(39, 11)",taxation,6,0.25,False,True,False
141,204-2,71564.5,"(17, 43)",taxation,6,0.25,False,True,False
141,105-2,58695.5,"(46, 16)",taxation,6,0.25,False,True,False
141,239-2,65127.5,"(43, 16)",taxation,6,0.25,False,True,False
141,243-2,61915.5,"(17, 47)",taxation,6,0.25,False,True,False
141,139-3,58710.6875,"(27, 2)",taxation,6,0.25,False,True,False
141,228-3,38594.25,"(3, 31)",taxation,6,0.25,False,True,False
141,197-2,52288.25,"(16, 41)",taxation,6,0.25,False,True,False
141,151-2,52236.25,"(2, 34)",taxation,6,0.25,False,True,False
141,191-2,74759.75,"(21, 43)",taxation,6,0.25,False,True,False
141,153-2,32956.0,"(6, 18)",taxation,6,0.25,False,True,False
141,159-2,52282.5,"(42, 23)",taxation,6,0.25,False,True,False
141,222-2,65141.5,"(19, 10)",taxation,6,0.25,False,True,False
141,200-2,61910.0,"(13, 11)",taxation,6,0.25,False,True,False
141,181-2,65107.250000000015,"(14, 10)",taxation,6,0.25,False,True,False
141,101-2,65149.75,"(22, 38)",taxation,6,0.25,False,True,False
141,35-2,65143.5,"(47, 10)",taxation,6,0.25,False,True,False
141,70-2,68348.0,"(35, 29)",taxation,6,0.25,False,True,False
141,238-2,65141.0,"(47, 11)",taxation,6,0.25,False,True,False
141,158-3,47402.75,"(19, 40)",taxation,6,0.25,False,True,False
141,20-2,61921.0,"(26, 4)",taxation,6,0.25,False,True,False
141,31-3,58658.625,"(11, 13)",taxation,6,0.25,False,True,False
141,179-3,42645.375,"(37, 14)",taxation,6,0.25,False,True,False
141,93-2,29754.0,"(16, 16)",taxation,6,0.25,False,True,False
141,3-2,39380.25,"(22, 37)",taxation,6,0.25,False,True,False
141,143-2,65119.75,"(42, 19)",taxation,6,0.25,False,True,False
141,219-3,57073.75,"(47, 16)",taxation,6,0.25,False,True,False
141,98-3,26570.75,"(16, 45)",taxation,6,0.25,False,True,False
141,138-2,68298.75,"(30, 37)",taxation,6,0.25,False,True,False
141,66-2,71541.75,"(44, 14)",taxation,6,0.25,False,True,False
141,210-2,77970.75,"(36, 10)",taxation,6,0.25,False,True,False
141,150-2,55461.25,"(12, 43)",taxation,6,0.25,False,True,False
141,44-2,42602.0,"(25, 4)",taxation,6,0.25,False,True,False
141,154-3,23309.75,"(3, 34)",taxation,6,0.25,False,True,False
141,126-2,65112.75,"(47, 12)",taxation,6,0.25,False,True,False
141,74-3,57075.0,"(28, 9)",taxation,6,0.25,False,True,False
141,28-3,45008.9375,"(4, 36)",taxation,6,0.25,False,True,False
141,146-3,20109.75,"(44, 10)",taxation,6,0.25,False,True,False
141,176-3,810.25,"(41, 26)",taxation,6,0.25,False,True,False
141,208-3,52259.9375,"(42, 35)",taxation,6,0.25,False,True,False
141,216-2,71532.0,"(46, 9)",taxation,6,0.25,False,True,False
141,187-3,26516.25,"(49, 15)",taxation,6,0.25,False,True,False
141,167-3,51458.3125,"(28, 1)",taxation,6,0.25,False,True,False
141,240-3,16875.75,"(17, 41)",taxation,6,0.25,False,True,False
141,140-3,833.75,"(20, 40)",taxation,6,0.25,False,True,False
141,149-3,44235.75,"(45, 16)",taxation,6,0.25,False,True,False
141,173-3,13707.75,"(43, 31)",taxation,6,0.25,False,True,False
141,246-3,49036.75,"(14, 9)",taxation,6,0.25,False,True,False
141,75-3,46621.75,"(22, 49)",taxation,6,0.25,False,True,False
141,12-2,61883.75,"(25, 2)",taxation,6,0.25,False,True,False
141,1-3,37785.1875,"(15, 13)",taxation,6,0.25,False,True,False
141,17-3,53841.375,"(25, 3)",taxation,6,0.25,False,True,False
141,67-2,49048.75,"(29, 0)",taxation,6,0.25,False,True,False
141,40-3,53875.75,"(28, 46)",taxation,6,0.25,False,True,False
141,23-3,53034.0,"(11, 42)",taxation,6,0.25,False,True,False
141,142-3,32135.8125,"(8, 21)",taxation,6,0.25,False,True,False
141,76-3,49031.562500000015,"(3, 27)",taxation,6,0.25,False,True,False
141,94-3,16890.5,"(0, 39)",taxation,6,0.25,False,True,False
141,241-3,46605.625,"(41, 21)",taxation,6,0.25,False,True,False
141,170-3,45041.3125,"(25, 5)",taxation,6,0.25,False,True,False
141,242-3,22505.9375,"(40, 7)",taxation,6,0.25,False,True,False
141,198-3,46627.625,"(48, 18)",taxation,6,0.25,False,True,False
141,10-3,51427.1875,"(8, 40)",taxation,6,0.25,False,True,False
141,172-3,53825.3125,"(26, 41)",taxation,6,0.25,False,True,False
141,189-3,44228.125,"(27, 4)",taxation,6,0.25,False,True,False
141,206-3,49816.4375,"(43, 33)",taxation,6,0.25,False,True,False
141,182-3,51398.1875,"(4, 35)",taxation,6,0.25,False,True,False
141,42-3,37000.625,"(15, 9)",taxation,6,0.25,False,True,False
141,148-3,39364.9375,"(18, 43)",taxation,6,0.25,False,True,False
141,0-3,34553.4375,"(8, 33)",taxation,6,0.25,False,True,False
141,212-3,51426.8125,"(27, 3)",taxation,6,0.25,False,True,False
141,225-3,51412.5625,"(28, 2)",taxation,6,0.25,False,True,False
141,6-3,56257.5,"(37, 11)",taxation,6,0.25,False,True,False
141,38-3,51424.125,"(27, 47)",taxation,6,0.25,False,True,False
141,54-3,49009.1875,"(5, 34)",taxation,6,0.25,False,True,False
141,63-3,46562.5625,"(21, 48)",taxation,6,0.25,False,True,False
141,144-3,49051.875,"(41, 32)",taxation,6,0.25,False,True,False
141,22-3,56232.75,"(29, 6)",taxation,6,0.25,False,True,False
141,162-3,51389.875,"(17, 46)",taxation,6,0.25,False,True,False
141,249-3,51457.75,"(29, 5)",taxation,6,0.25,False,True,False
141,180-3,49006.6875,"(43, 36)",taxation,6,0.25,False,True,False
141,83-3,53819.5625,"(18, 49)",taxation,6,0.25,False,True,False
141,133-3,44179.25,"(48, 10)",taxation,6,0.25,False,True,False
141,16-3,56243.125,"(16, 18)",taxation,6,0.25,False,True,False
141,51-3,51422.875,"(20, 48)",taxation,6,0.25,False,True,False
141,4-3,36937.6875,"(19, 47)",taxation,6,0.25,False,True,False
141,111-3,53804.6875,"(7, 25)",taxation,6,0.25,False,True,False
141,91-3,53815.0625,"(11, 19)",taxation,6,0.25,False,True,False
141,95-3,56249.875,"(37, 34)",taxation,6,0.25,False,True,False
141,106-3,46581.8125,"(40, 36)",taxation,6,0.25,False,True,False
141,56-3,48987.5625,"(6, 39)",taxation,6,0.25,False,True,False
141,71-3,53815.9375,"(27, 5)",taxation,6,0.25,False,True,False
141,226-3,48981.0625,"(33, 36)",taxation,6,0.25,False,True,False
141,205-3,24881.8125,"(19, 21)",taxation,6,0.25,False,True,False
141,165-3,58614.25,"(17, 44)",taxation,6,0.25,False,True,False
141,231-3,32108.8125,"(39, 16)",taxation,6,0.25,False,True,False
141,25-3,44169.25,"(18, 48)",taxation,6,0.25,False,True,False
141,137-3,44150.375,"(43, 34)",taxation,6,0.25,False,True,False
141,73-3,51399.6875,"(13, 13)",taxation,6,0.25,False,True,False
141,214-3,32071.25,"(19, 38)",taxation,6,0.25,False,True,False
141,21-3,46563.6875,"(2, 22)",taxation,6,0.25,False,True,False
141,201-3,34486.9375,"(43, 14)",taxation,6,0.25,False,True,False
141,169-3,39340.25,"(18, 40)",taxation,6,0.25,False,True,False
141,110-3,56220.75,"(14, 17)",taxation,6,0.25,False,True,False
141,183-3,34505.0625,"(42, 30)",taxation,6,0.25,False,True,False
141,125-3,53779.5,"(9, 26)",taxation,6,0.25,False,True,False
141,168-3,53823.875,"(40, 18)",taxation,6,0.25,False,True,False
141,156-3,36939.625,"(15, 47)",taxation,6,0.25,False,True,False
141,53-3,32093.6875,"(45, 9)",taxation,6,0.25,False,True,False
141,122-3,41739.6875,"(20, 47)",taxation,6,0.25,False,True,False
141,234-3,51354.125,"(22, 46)",taxation,6,0.25,False,True,False
141,134-3,48975.0,"(38, 7)",taxation,6,0.25,False,True,False
141,141-3,39333.375,"(28, 3)",taxation,6,0.25,False,True,False
141,145-3,51375.0,"(14, 8)",taxation,6,0.25,False,True,False
141,209-3,56214.625,"(47, 13)",taxation,6,0.25,False,True,False
141,247-3,44135.75,"(41, 25)",taxation,6,0.25,False,True,False
141,203-3,58602.6875,"(6, 29)",taxation,6,0.25,False,True,False
141,50-3,56205.125,"(8, 30)",taxation,6,0.25,False,True,False
141,45-3,51381.8125,"(14, 44)",taxation,6,0.25,False,True,False
141,78-3,46565.6875,"(23, 47)",taxation,6,0.25,False,True,False
141,147-3,48979.5625,"(48, 8)",taxation,6,0.25,False,True,False
141,193-3,44148.125,"(41, 16)",taxation,6,0.25,False,True,False
141,5-3,22423.625,"(43, 35)",taxation,6,0.25,False,True,False
141,175-3,41717.375,"(15, 43)",taxation,6,0.25,False,True,False
141,196-3,34492.0,"(3, 32)",taxation,6,0.25,False,True,False
141,112-3,53787.625,"(18, 44)",taxation,6,0.25,False,True,False
141,113-3,51364.0625,"(0, 38)",taxation,6,0.25,False,True,False
141,55-3,53752.9375,"(16, 10)",taxation,6,0.25,False,True,False
141,33-3,39293.9375,"(3, 35)",taxation,6,0.25,False,True,False
141,68-3,41737.3125,"(44, 33)",taxation,6,0.25,False,True,False
141,161-3,41731.5,"(16, 46)",taxation,6,0.25,False,True,False
141,100-3,48973.5625,"(41, 11)",taxation,6,0.25,False,True,False
141,155-3,51376.4375,"(39, 35)",taxation,6,0.25,False,True,False
141,41-3,53791.0,"(10, 20)",taxation,6,0.25,False,True,False
141,115-3,53772.3125,"(11, 29)",taxation,6,0.25,False,True,False
141,207-3,39286.8125,"(15, 10)",taxation,6,0.25,False,True,False
141,120-3,56168.5,"(3, 29)",taxation,6,0.25,False,True,False
141,11-3,39280.1875,"(24, 7)",taxation,6,0.25,False,True,False
141,102-3,34486.125,"(28, 43)",taxation,6,0.25,False,True,False
141,130-3,53748.125,"(19, 39)",taxation,6,0.25,False,True,False
141,103-3,48941.875,"(38, 28)",taxation,6,0.25,False,True,False
141,202-3,56176.5,"(27, 0)",taxation,6,0.25,False,True,False
141,164-3,51361.4375,"(44, 16)",taxation,6,0.25,False,True,False
141,2-3,48951.8125,"(25, 0)",taxation,6,0.25,False,True,False
141,186-3,46559.1875,"(26, 0)",taxation,6,0.25,False,True,False
141,85-3,44126.75,"(5, 39)",taxation,6,0.25,False,True,False
141,64-3,48919.0,"(16, 47)",taxation,6,0.25,False,True,False
141,188-3,48945.125,"(18, 8)",taxation,6,0.25,False,True,False
141,32-3,53747.8125,"(20, 39)",taxation,6,0.25,False,True,False
141,57-3,44107.6875,"(25, 7)",taxation,6,0.25,False,True,False
141,132-3,53756.3125,"(19, 9)",taxation,6,0.25,False,True,False
141,163-3,58572.5,"(38, 10)",taxation,6,0.25,False,True,False
141,19-3,51347.0,"(40, 10)",taxation,6,0.25,False,True,False
141,107-3,53731.875,"(16, 49)",taxation,6,0.25,False,True,False
141,221-3,46529.625,"(0, 37)",taxation,6,0.25,False,True,False
141,96-3,56160.375,"(13, 23)",taxation,6,0.25,False,True,False
141,92-3,53732.25,"(8, 24)",taxation,6,0.25,False,True,False
141,116-3,53755.125,"(28, 0)",taxation,6,0.25,False,True,False
141,13-3,46526.6875,"(20, 10)",taxation,6,0.25,False,True,False
141,174-3,53762.125,"(17, 49)",taxation,6,0.25,False,True,False
141,69-3,53718.875,"(7, 24)",taxation,6,0.25,False,True,False
141,184-3,48889.9375,"(5, 35)",taxation,6,0.25,False,True,False
141,237-3,39266.3125,"(4, 28)",taxation,6,0.25,False,True,False
141,90-3,44107.875,"(19, 46)",taxation,6,0.25,False,True,False
141,18-3,56160.3125,"(28, 47)",taxation,6,0.25,False,True,False
141,121-3,48948.0,"(48, 16)",taxation,6,0.25,False,True,False
141,30-3,56145.9375,"(26, 9)",taxation,6,0.25,False,True,False
141,97-3,39240.3125,"(26, 1)",taxation,6,0.25,False,True,False
141,229-3,53776.6875,"(21, 49)",taxation,6,0.25,False,True,False
141,27-3,44084.0625,"(14, 24)",taxation,6,0.25,False,True,False
141,117-3,44079.625,"(42, 36)",taxation,6,0.25,False,True,False
141,80-3,53722.625,"(4, 34)",taxation,6,0.25,False,True,False
141,166-3,46486.4375,"(18, 46)",taxation,6,0.25,False,True,False
141,86-3,48937.5,"(46, 19)",taxation,6,0.25,False,True,False
141,160-3,44084.75,"(7, 30)",taxation,6,0.25,False,True,False
141,233-3,46510.4375,"(16, 48)",taxation,6,0.25,False,True,False
141,235-3,48882.9375,"(6, 25)",taxation,6,0.25,False,True,False
141,48-3,51282.5,"(12, 41)",taxation,6,0.25,False,True,False
141,88-3,48910.0,"(21, 40)",taxation,6,0.25,False,True,False
141,52-3,36850.4375,"(34, 13)",taxation,6,0.25,False,True,False
141,58-3,51287.875,"(49, 8)",taxation,6,0.25,False,True,False
141,248-3,48901.1875,"(49, 13)",taxation,6,0.25,False,True,False
141,108-3,27180.6875,"(8, 28)",taxation,6,0.25,False,True,False
141,82-3,51310.125,"(40, 17)",taxation,6,0.25,False,True,False
141,236-3,48892.9375,"(45, 8)",taxation,6,0.25,False,True,False
141,104-3,46520.125,"(27, 43)",taxation,6,0.25,False,True,False
141,152-3,51305.1875,"(18, 47)",taxation,6,0.25,False,True,False
141,109-3,48908.875,"(14, 11)",taxation,6,0.25,False,True,False
141,72-3,56112.875,"(17, 48)",taxation,6,0.25,False,True,False
141,127-3,51287.5,"(13, 9)",taxation,6,0.25,False,True,False
141,61-3,58536.1875,"(24, 12)",taxation,6,0.25,False,True,False
141,232-3,29584.6875,"(8, 38)",taxation,6,0.25,False,True,False
141,65-3,56104.9375,"(10, 29)",taxation,6,0.25,False,True,False
141,124-3,46483.1875,"(25, 39)",taxation,6,0.25,False,True,False
141,62-3,48892.125,"(41, 14)",taxation,6,0.25,False,True,False
141,59-3,44054.9375,"(39, 14)",taxation,6,0.25,False,True,False
141,89-3,51302.0625,"(41, 24)",taxation,6,0.25,False,True,False
141,26-3,39237.5625,"(7, 37)",taxation,6,0.25,False,True,False
141,14-3,12717.875,"(42, 20)",taxation,6,0.25,False,True,False
141,194-3,44079.625,"(19, 49)",taxation,6,0.25,False,True,False
141,37-3,51309.0625,"(48, 13)",taxation,6,0.25,False,True,False
141,36-3,36822.4375,"(43, 32)",taxation,6,0.25,False,True,False
141,7-3,36844.375,"(49, 10)",taxation,6,0.25,False,True,False
141,47-3,34410.3125,"(15, 45)",taxation,6,0.25,False,True,False
141,223-3,34409.5,"(13, 10)",taxation,6,0.25,False,True,False
141,129-3,46482.5,"(24, 5)",taxation,6,0.25,False,True,False
141,77-3,41635.125,"(18, 9)",taxation,6,0.25,False,True,False
141,43-3,48870.8125,"(42, 27)",taxation,6,0.25,False,True,False
141,128-3,53705.25,"(25, 1)",taxation,6,0.25,False,True,False
141,79-3,46458.1875,"(14, 12)",taxation,6,0.25,False,True,False
141,199-3,56087.25,"(31, 38)",taxation,6,0.25,False,True,False
141,136-3,39224.375,"(10, 12)",taxation,6,0.25,False,True,False
141,99-3,46451.9375,"(41, 17)",taxation,6,0.25,False,True,False
141,84-3,48869.625,"(20, 49)",taxation,6,0.25,False,True,False
141,123-3,56118.5625,"(27, 1)",taxation,6,0.25,False,True,False
141,119-3,48858.75,"(46, 17)",taxation,6,0.25,False,True,False
141,46-3,34393.5,"(6, 26)",taxation,6,0.25,False,True,False
142,114-2,74825.75,"(40, 24)",taxation,6,0.25,False,True,False
142,24-2,52351.5,"(33, 18)",taxation,6,0.25,False,True,False
142,185-2,65178.5,"(43, 22)",taxation,6,0.25,False,True,False
142,218-2,74829.5,"(32, 35)",taxation,6,0.25,False,True,False
142,224-2,55509.75,"(42, 18)",taxation,6,0.25,False,True,False
142,157-2,61931.25,"(40, 29)",taxation,6,0.25,False,True,False
142,195-2,29766.25,"(12, 30)",taxation,6,0.25,False,True,False
142,8-2,65156.0,"(41, 12)",taxation,6,0.25,False,True,False
142,135-2,65155.75,"(41, 29)",taxation,6,0.25,False,True,False
142,87-2,65129.5,"(16, 22)",taxation,6,0.25,False,True,False
142,15-2,58740.75,"(16, 40)",taxation,6,0.25,False,True,False
142,29-2,65145.25,"(22, 34)",taxation,6,0.25,False,True,False
142,178-2,71577.25,"(25, 38)",taxation,6,0.25,False,True,False
142,60-2,68366.25,"(26, 48)",taxation,6,0.25,False,True,False
142,192-2,58709.0,"(17, 9)",taxation,6,0.25,False,True,False
142,49-2,61949.5,"(45, 15)",taxation,6,0.25,False,True,False
142,81-2,61969.25,"(20, 8)",taxation,6,0.25,False,True,False
142,118-2,71556.5,"(13, 41)",taxation,6,0.25,False,True,False
142,34-2,58713.0,"(6, 33)",taxation,6,0.25,False,True,False
142,211-2,42621.75,"(29, 39)",taxation,6,0.25,False,True,False
142,177-2,65175.75,"(47, 17)",taxation,6,0.25,False,True,False
142,39-2,45853.5,"(11, 39)",taxation,6,0.25,False,True,False
142,245-2,71574.75,"(36, 20)",taxation,6,0.25,False,True,False
142,131-2,65143.0,"(48, 34)",taxation,6,0.25,False,True,False
142,213-2,65153.5,"(48, 11)",taxation,6,0.25,False,True,False
142,9-2,55521.25,"(24, 0)",taxation,6,0.25,False,True,False
142,171-2,65157.5,"(4, 42)",taxation,6,0.25,False,True,False
142,230-2,52300.0,"(10, 40)",taxation,6,0.25,False,True,False
142,217-2,39435.5,"(14, 48)",taxation,6,0.25,False,True,False
142,227-2,71577.5,"(17, 10)",taxation,6,0.25,False,True,False
142,244-2,74778.5,"(39, 17)",taxation,6,0.25,False,True,False
142,204-2,71571.5,"(12, 44)",taxation,6,0.25,False,True,False
142,105-2,58703.5,"(44, 19)",taxation,6,0.25,False,True,False
142,239-2,65134.5,"(44, 17)",taxation,6,0.25,False,True,False
142,243-2,61924.5,"(13, 48)",taxation,6,0.25,False,True,False
142,139-3,58719.6875,"(21, 2)",taxation,6,0.25,False,True,False
142,228-3,38601.25,"(3, 36)",taxation,6,0.25,False,True,False
142,197-2,52296.25,"(10, 41)",taxation,6,0.25,False,True,False
142,151-2,52244.25,"(1, 38)",taxation,6,0.25,False,True,False
142,191-2,74766.75,"(15, 42)",taxation,6,0.25,False,True,False
142,153-2,32962.0,"(11, 14)",taxation,6,0.25,False,True,False
142,159-2,52290.5,"(43, 23)",taxation,6,0.25,False,True,False
142,222-2,65150.5,"(19, 4)",taxation,6,0.25,False,True,False
142,200-2,61918.0,"(15, 7)",taxation,6,0.25,False,True,False
142,181-2,65116.250000000015,"(19, 5)",taxation,6,0.25,False,True,False
142,101-2,65155.75,"(17, 35)",taxation,6,0.25,False,True,False
142,35-2,65151.5,"(49, 16)",taxation,6,0.25,False,True,False
142,70-2,68356.0,"(38, 27)",taxation,6,0.25,False,True,False
142,238-2,65149.0,"(49, 17)",taxation,6,0.25,False,True,False
142,158-3,47409.75,"(13, 40)",taxation,6,0.25,False,True,False
142,20-2,61930.0,"(21, 1)",taxation,6,0.25,False,True,False
142,31-3,58666.625,"(16, 9)",taxation,6,0.25,False,True,False
142,179-3,42653.375,"(39, 18)",taxation,6,0.25,False,True,False
142,93-2,29762.0,"(20, 13)",taxation,6,0.25,False,True,False
142,3-2,39388.25,"(16, 43)",taxation,6,0.25,False,True,False
142,143-2,65127.75,"(42, 25)",taxation,6,0.25,False,True,False
142,219-3,57080.75,"(47, 20)",taxation,6,0.25,False,True,False
142,98-3,26579.75,"(11, 47)",taxation,6,0.25,False,True,False
142,138-2,68304.75,"(36, 31)",taxation,6,0.25,False,True,False
142,66-2,71550.75,"(44, 20)",taxation,6,0.25,False,True,False
142,210-2,77976.75,"(39, 15)",taxation,6,0.25,False,True,False
142,150-2,55469.25,"(10, 44)",taxation,6,0.25,False,True,False
142,44-2,42611.0,"(21, 4)",taxation,6,0.25,False,True,False
142,154-3,23317.75,"(3, 39)",taxation,6,0.25,False,True,False
142,126-2,65121.75,"(49, 18)",taxation,6,0.25,False,True,False
142,74-3,57084.0,"(22, 9)",taxation,6,0.25,False,True,False
142,28-3,45016.9375,"(6, 38)",taxation,6,0.25,False,True,False
142,146-3,20115.75,"(46, 14)",taxation,6,0.25,False,True,False
142,176-3,818.25,"(42, 26)",taxation,6,0.25,False,True,False
142,208-3,52267.9375,"(47, 32)",taxation,6,0.25,False,True,False
142,216-2,71538.0,"(46, 15)",taxation,6,0.25,False,True,False
142,187-3,26524.25,"(43, 21)",taxation,6,0.25,False,True,False
142,167-3,51466.3125,"(24, 1)",taxation,6,0.25,False,True,False
142,240-3,16883.75,"(11, 41)",taxation,6,0.25,False,True,False
142,140-3,841.75,"(15, 39)",taxation,6,0.25,False,True,False
142,149-3,44244.75,"(44, 21)",taxation,6,0.25,False,True,False
142,173-3,13715.75,"(45, 30)",taxation,6,0.25,False,True,False
142,246-3,49045.75,"(19, 6)",taxation,6,0.25,False,True,False
142,75-3,46623.75,"(27, 49)",taxation,6,0.25,False,True,False
142,12-2,61892.75,"(19, 0)",taxation,6,0.25,False,True,False
142,1-3,37794.1875,"(21, 11)",taxation,6,0.25,False,True,False
142,17-3,53850.375,"(23, 4)",taxation,6,0.25,False,True,False
142,67-2,49055.75,"(23, 2)",taxation,6,0.25,False,True,False
142,40-3,53877.75,"(28, 48)",taxation,6,0.25,False,True,False
142,23-3,53043.0,"(11, 43)",taxation,6,0.25,False,True,False
142,142-3,32141.8125,"(13, 19)",taxation,6,0.25,False,True,False
142,76-3,49037.562500000015,"(4, 33)",taxation,6,0.25,False,True,False
142,94-3,16898.5,"(0, 42)",taxation,6,0.25,False,True,False
142,241-3,46613.625,"(42, 22)",taxation,6,0.25,False,True,False
142,170-3,45050.3125,"(21, 6)",taxation,6,0.25,False,True,False
142,242-3,22510.9375,"(37, 12)",taxation,6,0.25,False,True,False
142,198-3,46636.625,"(48, 19)",taxation,6,0.25,False,True,False
142,10-3,51436.1875,"(9, 42)",taxation,6,0.25,False,True,False
142,172-3,53830.3125,"(20, 35)",taxation,6,0.25,False,True,False
142,189-3,44237.125,"(21, 5)",taxation,6,0.25,False,True,False
142,206-3,49824.4375,"(45, 32)",taxation,6,0.25,False,True,False
142,182-3,51406.1875,"(4, 40)",taxation,6,0.25,False,True,False
142,42-3,37009.625,"(20, 4)",taxation,6,0.25,False,True,False
142,148-3,39371.9375,"(14, 43)",taxation,6,0.25,False,True,False
142,0-3,34561.4375,"(11, 38)",taxation,6,0.25,False,True,False
142,212-3,51435.8125,"(22, 5)",taxation,6,0.25,False,True,False
142,225-3,51420.5625,"(24, 2)",taxation,6,0.25,False,True,False
142,6-3,56264.5,"(38, 17)",taxation,6,0.25,False,True,False
142,38-3,51426.125,"(27, 48)",taxation,6,0.25,False,True,False
142,54-3,49017.1875,"(7, 38)",taxation,6,0.25,False,True,False
142,63-3,46568.5625,"(15, 46)",taxation,6,0.25,False,True,False
142,144-3,49059.875,"(46, 30)",taxation,6,0.25,False,True,False
142,22-3,56240.75,"(23, 11)",taxation,6,0.25,False,True,False
142,162-3,51398.875,"(11, 46)",taxation,6,0.25,False,True,False
142,249-3,51466.75,"(23, 5)",taxation,6,0.25,False,True,False
142,180-3,49014.6875,"(47, 35)",taxation,6,0.25,False,True,False
142,83-3,53825.5625,"(13, 45)",taxation,6,0.25,False,True,False
142,133-3,44185.25,"(48, 15)",taxation,6,0.25,False,True,False
142,16-3,56251.125,"(19, 13)",taxation,6,0.25,False,True,False
142,51-3,51428.875,"(14, 46)",taxation,6,0.25,False,True,False
142,4-3,36943.6875,"(14, 45)",taxation,6,0.25,False,True,False
142,111-3,53810.6875,"(12, 29)",taxation,6,0.25,False,True,False
142,91-3,53822.0625,"(15, 14)",taxation,6,0.25,False,True,False
142,95-3,56258.875,"(42, 29)",taxation,6,0.25,False,True,False
142,106-3,46589.8125,"(46, 31)",taxation,6,0.25,False,True,False
142,56-3,48995.5625,"(8, 39)",taxation,6,0.25,False,True,False
142,71-3,53824.9375,"(22, 7)",taxation,6,0.25,False,True,False
142,226-3,48988.0625,"(37, 30)",taxation,6,0.25,False,True,False
142,205-3,24888.8125,"(20, 17)",taxation,6,0.25,False,True,False
142,165-3,58622.25,"(11, 40)",taxation,6,0.25,False,True,False
142,231-3,32116.8125,"(35, 19)",taxation,6,0.25,False,True,False
142,25-3,44176.25,"(12, 47)",taxation,6,0.25,False,True,False
142,137-3,44158.375,"(47, 34)",taxation,6,0.25,False,True,False
142,73-3,51407.6875,"(17, 11)",taxation,6,0.25,False,True,False
142,214-3,32078.25,"(14, 37)",taxation,6,0.25,False,True,False
142,21-3,46568.6875,"(6, 28)",taxation,6,0.25,False,True,False
142,201-3,34494.9375,"(43, 18)",taxation,6,0.25,False,True,False
142,169-3,39349.25,"(12, 45)",taxation,6,0.25,False,True,False
142,110-3,56228.75,"(17, 12)",taxation,6,0.25,False,True,False
142,183-3,34513.0625,"(41, 28)",taxation,6,0.25,False,True,False
142,125-3,53785.5,"(13, 30)",taxation,6,0.25,False,True,False
142,168-3,53832.875,"(44, 23)",taxation,6,0.25,False,True,False
142,156-3,36948.625,"(13, 47)",taxation,6,0.25,False,True,False
142,53-3,32099.6875,"(45, 14)",taxation,6,0.25,False,True,False
142,122-3,41748.6875,"(15, 49)",taxation,6,0.25,False,True,False
142,234-3,51357.125,"(18, 41)",taxation,6,0.25,False,True,False
142,134-3,48981.0,"(32, 13)",taxation,6,0.25,False,True,False
142,141-3,39341.375,"(22, 8)",taxation,6,0.25,False,True,False
142,145-3,51384.0,"(20, 2)",taxation,6,0.25,False,True,False
142,209-3,56221.625,"(47, 18)",taxation,6,0.25,False,True,False
142,247-3,44144.75,"(42, 28)",taxation,6,0.25,False,True,False
142,203-3,58609.6875,"(9, 34)",taxation,6,0.25,False,True,False
142,50-3,56212.125,"(10, 34)",taxation,6,0.25,False,True,False
142,45-3,51390.8125,"(13, 46)",taxation,6,0.25,False,True,False
142,78-3,46568.6875,"(19, 41)",taxation,6,0.25,False,True,False
142,147-3,48985.5625,"(47, 14)",taxation,6,0.25,False,True,False
142,193-3,44156.125,"(38, 19)",taxation,6,0.25,False,True,False
142,5-3,22431.625,"(47, 33)",taxation,6,0.25,False,True,False
142,175-3,41726.375,"(11, 49)",taxation,6,0.25,False,True,False
142,196-3,34500.0,"(4, 38)",taxation,6,0.25,False,True,False
142,112-3,53796.625,"(15, 48)",taxation,6,0.25,False,True,False
142,113-3,51372.0625,"(1, 39)",taxation,6,0.25,False,True,False
142,55-3,53761.9375,"(20, 6)",taxation,6,0.25,False,True,False
142,33-3,39301.9375,"(9, 39)",taxation,6,0.25,False,True,False
142,68-3,41745.3125,"(47, 31)",taxation,6,0.25,False,True,False
142,161-3,41740.5,"(12, 46)",taxation,6,0.25,False,True,False
142,100-3,48979.5625,"(42, 15)",taxation,6,0.25,False,True,False
142,155-3,51384.4375,"(45, 34)",taxation,6,0.25,False,True,False
142,41-3,53797.0,"(14, 19)",taxation,6,0.25,False,True,False
142,115-3,53779.3125,"(11, 34)",taxation,6,0.25,False,True,False
142,207-3,39295.8125,"(19, 7)",taxation,6,0.25,False,True,False
142,120-3,56174.5,"(1, 34)",taxation,6,0.25,False,True,False
142,11-3,39289.1875,"(20, 3)",taxation,6,0.25,False,True,False
142,102-3,34489.125,"(27, 38)",taxation,6,0.25,False,True,False
142,130-3,53756.125,"(14, 42)",taxation,6,0.25,False,True,False
142,103-3,48949.875,"(41, 27)",taxation,6,0.25,False,True,False
142,202-3,56183.5,"(23, 0)",taxation,6,0.25,False,True,False
142,164-3,51368.4375,"(46, 18)",taxation,6,0.25,False,True,False
142,2-3,48960.8125,"(21, 0)",taxation,6,0.25,False,True,False
142,186-3,46568.1875,"(20, 0)",taxation,6,0.25,False,True,False
142,85-3,44134.75,"(6, 42)",taxation,6,0.25,False,True,False
142,64-3,48928.0,"(10, 49)",taxation,6,0.25,False,True,False
142,188-3,48954.125,"(19, 2)",taxation,6,0.25,False,True,False
142,32-3,53753.8125,"(16, 38)",taxation,6,0.25,False,True,False
142,57-3,44116.6875,"(20, 5)",taxation,6,0.25,False,True,False
142,132-3,53765.3125,"(21, 7)",taxation,6,0.25,False,True,False
142,163-3,58578.5,"(38, 15)",taxation,6,0.25,False,True,False
142,19-3,51353.0,"(43, 15)",taxation,6,0.25,False,True,False
142,107-3,53739.875,"(11, 48)",taxation,6,0.25,False,True,False
142,221-3,46537.625,"(0, 43)",taxation,6,0.25,False,True,False
142,96-3,56167.375,"(19, 17)",taxation,6,0.25,False,True,False
142,92-3,53738.25,"(14, 22)",taxation,6,0.25,False,True,False
142,116-3,53762.125,"(24, 3)",taxation,6,0.25,False,True,False
142,13-3,46535.6875,"(21, 9)",taxation,6,0.25,False,True,False
142,174-3,53771.125,"(12, 49)",taxation,6,0.25,False,True,False
142,69-3,53723.875,"(7, 28)",taxation,6,0.25,False,True,False
142,184-3,48898.9375,"(8, 41)",taxation,6,0.25,False,True,False
142,237-3,39272.3125,"(6, 34)",taxation,6,0.25,False,True,False
142,90-3,44114.875,"(14, 41)",taxation,6,0.25,False,True,False
142,18-3,56163.3125,"(32, 41)",taxation,6,0.25,False,True,False
142,121-3,48956.0,"(49, 22)",taxation,6,0.25,False,True,False
142,30-3,56153.9375,"(23, 10)",taxation,6,0.25,False,True,False
142,97-3,39249.3125,"(20, 1)",taxation,6,0.25,False,True,False
142,229-3,53778.6875,"(21, 44)",taxation,6,0.25,False,True,False
142,27-3,44090.0625,"(15, 23)",taxation,6,0.25,False,True,False
142,117-3,44088.625,"(44, 32)",taxation,6,0.25,False,True,False
142,80-3,53730.625,"(5, 38)",taxation,6,0.25,False,True,False
142,166-3,46493.4375,"(15, 44)",taxation,6,0.25,False,True,False
142,86-3,48945.5,"(45, 19)",taxation,6,0.25,False,True,False
142,160-3,44091.75,"(9, 35)",taxation,6,0.25,False,True,False
142,233-3,46518.4375,"(10, 48)",taxation,6,0.25,False,True,False
142,235-3,48887.9375,"(7, 29)",taxation,6,0.25,False,True,False
142,48-3,51291.5,"(11, 44)",taxation,6,0.25,False,True,False
142,88-3,48917.0,"(15, 38)",taxation,6,0.25,False,True,False
142,52-3,36857.4375,"(34, 19)",taxation,6,0.25,False,True,False
142,58-3,51293.875,"(49, 14)",taxation,6,0.25,False,True,False
142,248-3,48908.1875,"(48, 17)",taxation,6,0.25,False,True,False
142,108-3,27187.6875,"(11, 33)",taxation,6,0.25,False,True,False
142,82-3,51318.125,"(41, 18)",taxation,6,0.25,False,True,False
142,236-3,48897.9375,"(46, 11)",taxation,6,0.25,False,True,False
142,104-3,46523.125,"(28, 39)",taxation,6,0.25,False,True,False
142,152-3,51312.1875,"(13, 49)",taxation,6,0.25,False,True,False
142,109-3,48916.875,"(16, 8)",taxation,6,0.25,False,True,False
142,72-3,56121.875,"(12, 48)",taxation,6,0.25,False,True,False
142,127-3,51295.5,"(14, 7)",taxation,6,0.25,False,True,False
142,61-3,58544.1875,"(21, 10)",taxation,6,0.25,False,True,False
142,232-3,29592.6875,"(10, 39)",taxation,6,0.25,False,True,False
142,65-3,56111.9375,"(12, 34)",taxation,6,0.25,False,True,False
142,124-3,46488.1875,"(23, 33)",taxation,6,0.25,False,True,False
142,62-3,48901.125,"(43, 20)",taxation,6,0.25,False,True,False
142,59-3,44061.9375,"(39, 19)",taxation,6,0.25,False,True,False
142,89-3,51310.0625,"(42, 24)",taxation,6,0.25,False,True,False
142,26-3,39246.5625,"(9, 43)",taxation,6,0.25,False,True,False
142,14-3,12725.875,"(41, 23)",taxation,6,0.25,False,True,False
142,194-3,44085.625,"(14, 47)",taxation,6,0.25,False,True,False
142,37-3,51316.0625,"(45, 17)",taxation,6,0.25,False,True,False
142,36-3,36830.4375,"(45, 29)",taxation,6,0.25,False,True,False
142,7-3,36850.375,"(48, 14)",taxation,6,0.25,False,True,False
142,47-3,34418.3125,"(10, 45)",taxation,6,0.25,False,True,False
142,223-3,34418.5,"(19, 8)",taxation,6,0.25,False,True,False
142,129-3,46491.5,"(22, 6)",taxation,6,0.25,False,True,False
142,77-3,41643.125,"(18, 10)",taxation,6,0.25,False,True,False
142,43-3,48878.8125,"(45, 27)",taxation,6,0.25,False,True,False
142,128-3,53714.25,"(23, 3)",taxation,6,0.25,False,True,False
142,79-3,46467.1875,"(20, 9)",taxation,6,0.25,False,True,False
142,199-3,56093.25,"(37, 33)",taxation,6,0.25,False,True,False
142,136-3,39232.375,"(16, 7)",taxation,6,0.25,False,True,False
142,99-3,46459.9375,"(39, 20)",taxation,6,0.25,False,True,False
142,84-3,48878.625,"(14, 49)",taxation,6,0.25,False,True,False
142,123-3,56125.5625,"(23, 1)",taxation,6,0.25,False,True,False
142,119-3,48866.75,"(49, 19)",taxation,6,0.25,False,True,False
142,46-3,34399.5,"(4, 32)",taxation,6,0.25,False,True,False
142,190-3,48887.0625,"(43, 30)",taxation,6,0.25,False,True,False
142,215-3,53708.625,"(43, 19)",taxation,6,0.25,False,True,False
142,220-3,53705.25,"(20, 12)",taxation,6,0.25,False,True,False
143,114-2,74834.75,"(46, 26)",taxation,6,0.25,False,True,False
143,24-2,52359.5,"(33, 23)",taxation,6,0.25,False,True,False
143,185-2,65187.5,"(46, 25)",taxation,6,0.25,False,True,False
143,218-2,74836.5,"(38, 33)",taxation,6,0.25,False,True,False
143,224-2,55517.75,"(39, 22)",taxation,6,0.25,False,True,False
143,8-2,65163.0,"(38, 16)",taxation,6,0.25,False,True,False
143,135-2,65164.75,"(47, 27)",taxation,6,0.25,False,True,False
143,87-2,65137.5,"(17, 16)",taxation,6,0.25,False,True,False
143,15-2,58747.75,"(15, 40)",taxation,6,0.25,False,True,False
143,29-2,65152.25,"(16, 34)",taxation,6,0.25,False,True,False
143,178-2,71583.25,"(21, 34)",taxation,6,0.25,False,True,False
143,60-2,68369.25,"(30, 44)",taxation,6,0.25,False,True,False
143,192-2,58718.0,"(17, 8)",taxation,6,0.25,False,True,False
143,49-2,61957.5,"(42, 21)",taxation,6,0.25,False,True,False
143,81-2,61977.25,"(18, 6)",taxation,6,0.25,False,True,False
143,118-2,71564.5,"(8, 45)",taxation,6,0.25,False,True,False
143,34-2,58721.0,"(2, 37)",taxation,6,0.25,False,True,False
143,211-2,42627.75,"(33, 35)",taxation,6,0.25,False,True,False
143,177-2,65183.75,"(46, 21)",taxation,6,0.25,False,True,False
143,39-2,45861.5,"(6, 44)",taxation,6,0.25,False,True,False
143,131-2,65152.0,"(49, 33)",taxation,6,0.25,False,True,False
143,213-2,65160.5,"(43, 17)",taxation,6,0.25,False,True,False
143,9-2,55529.25,"(22, 0)",taxation,6,0.25,False,True,False
143,171-2,65166.5,"(3, 46)",taxation,6,0.25,False,True,False
143,230-2,52309.0,"(6, 43)",taxation,6,0.25,False,True,False
143,217-2,39443.5,"(11, 45)",taxation,6,0.25,False,True,False
143,227-2,71586.5,"(16, 5)",taxation,6,0.25,False,True,False
143,244-2,74787.5,"(34, 22)",taxation,6,0.25,False,True,False
143,204-2,71580.5,"(6, 48)",taxation,6,0.25,False,True,False
143,105-2,58711.5,"(44, 22)",taxation,6,0.25,False,True,False
143,239-2,65142.5,"(45, 21)",taxation,6,0.25,False,True,False
143,243-2,61932.5,"(9, 47)",taxation,6,0.25,False,True,False
143,139-3,58728.6875,"(16, 2)",taxation,6,0.25,False,True,False
143,228-3,38609.25,"(0, 40)",taxation,6,0.25,False,True,False
143,197-2,52305.25,"(5, 47)",taxation,6,0.25,False,True,False
143,151-2,52253.25,"(2, 44)",taxation,6,0.25,False,True,False
143,191-2,74773.75,"(14, 40)",taxation,6,0.25,False,True,False
143,153-2,32970.0,"(16, 12)",taxation,6,0.25,False,True,False
143,159-2,52299.5,"(47, 24)",taxation,6,0.25,False,True,False
143,222-2,65159.5,"(17, 3)",taxation,6,0.25,False,True,False
143,200-2,61926.0,"(18, 4)",taxation,6,0.25,False,True,False
143,181-2,65125.250000000015,"(17, 5)",taxation,6,0.25,False,True,False
143,101-2,65162.75,"(15, 34)",taxation,6,0.25,False,True,False
143,35-2,65159.5,"(48, 20)",taxation,6,0.25,False,True,False
143,70-2,68364.0,"(38, 26)",taxation,6,0.25,False,True,False
143,238-2,65157.0,"(49, 21)",taxation,6,0.25,False,True,False
143,158-3,47417.75,"(10, 38)",taxation,6,0.25,False,True,False
143,20-2,61939.0,"(18, 0)",taxation,6,0.25,False,True,False
143,31-3,58675.625,"(18, 7)",taxation,6,0.25,False,True,False
143,179-3,42661.375,"(37, 19)",taxation,6,0.25,False,True,False
143,93-2,29770.0,"(21, 13)",taxation,6,0.25,False,True,False
143,3-2,39395.25,"(12, 42)",taxation,6,0.25,False,True,False
143,143-2,65136.75,"(47, 26)",taxation,6,0.25,False,True,False
143,219-3,57088.75,"(46, 23)",taxation,6,0.25,False,True,False
143,98-3,26588.75,"(5, 48)",taxation,6,0.25,False,True,False
143,138-2,68312.75,"(35, 28)",taxation,6,0.25,False,True,False
143,66-2,71558.75,"(44, 24)",taxation,6,0.25,False,True,False
143,210-2,77983.75,"(37, 16)",taxation,6,0.25,False,True,False
143,150-2,55478.25,"(4, 46)",taxation,6,0.25,False,True,False
143,44-2,42620.0,"(18, 2)",taxation,6,0.25,False,True,False
143,154-3,23326.75,"(1, 45)",taxation,6,0.25,False,True,False
143,126-2,65129.75,"(48, 21)",taxation,6,0.25,False,True,False
143,74-3,57093.0,"(17, 6)",taxation,6,0.25,False,True,False
143,28-3,45024.9375,"(7, 40)",taxation,6,0.25,False,True,False
143,146-3,20123.75,"(45, 20)",taxation,6,0.25,False,True,False
143,176-3,827.25,"(48, 27)",taxation,6,0.25,False,True,False
143,208-3,52276.9375,"(48, 32)",taxation,6,0.25,False,True,False
143,216-2,71546.0,"(46, 20)",taxation,6,0.25,False,True,False
143,187-3,26533.25,"(48, 24)",taxation,6,0.25,False,True,False
143,167-3,51474.3125,"(26, 6)",taxation,6,0.25,False,True,False
143,240-3,16891.75,"(7, 47)",taxation,6,0.25,False,True,False
143,140-3,848.75,"(14, 38)",taxation,6,0.25,False,True,False
143,149-3,44253.75,"(49, 25)",taxation,6,0.25,False,True,False
143,173-3,13724.75,"(47, 30)",taxation,6,0.25,False,True,False
143,246-3,49054.75,"(16, 3)",taxation,6,0.25,False,True,False
143,75-3,46626.75,"(26, 45)",taxation,6,0.25,False,True,False
143,12-2,61901.75,"(16, 0)",taxation,6,0.25,False,True,False
143,1-3,37803.1875,"(16, 6)",taxation,6,0.25,False,True,False
143,17-3,53858.375,"(21, 3)",taxation,6,0.25,False,True,False
143,67-2,49063.75,"(22, 1)",taxation,6,0.25,False,True,False
143,40-3,53880.75,"(30, 43)",taxation,6,0.25,False,True,False
143,23-3,53052.0,"(6, 46)",taxation,6,0.25,False,True,False
143,142-3,32149.8125,"(18, 15)",taxation,6,0.25,False,True,False
143,76-3,49045.562500000015,"(4, 37)",taxation,6,0.25,False,True,False
143,94-3,16907.5,"(2, 43)",taxation,6,0.25,False,True,False
143,241-3,46622.625,"(48, 26)",taxation,6,0.25,False,True,False
143,170-3,45059.3125,"(16, 4)",taxation,6,0.25,False,True,False
143,242-3,22517.9375,"(35, 17)",taxation,6,0.25,False,True,False
143,198-3,46644.625,"(45, 23)",taxation,6,0.25,False,True,False
143,10-3,51445.1875,"(7, 42)",taxation,6,0.25,False,True,False
143,172-3,53837.3125,"(16, 33)",taxation,6,0.25,False,True,False
143,189-3,44246.125,"(21, 8)",taxation,6,0.25,False,True,False
143,206-3,49833.4375,"(49, 32)",taxation,6,0.25,False,True,False
143,182-3,51415.1875,"(2, 46)",taxation,6,0.25,False,True,False
143,42-3,37018.625,"(17, 4)",taxation,6,0.25,False,True,False
143,148-3,39379.9375,"(9, 45)",taxation,6,0.25,False,True,False
143,0-3,34570.4375,"(5, 43)",taxation,6,0.25,False,True,False
143,212-3,51444.8125,"(20, 7)",taxation,6,0.25,False,True,False
143,225-3,51428.5625,"(22, 2)",taxation,6,0.25,False,True,False
143,6-3,56272.5,"(38, 21)",taxation,6,0.25,False,True,False
143,38-3,51429.125,"(31, 44)",taxation,6,0.25,False,True,False
143,54-3,49025.1875,"(2, 38)",taxation,6,0.25,False,True,False
143,63-3,46574.5625,"(9, 44)",taxation,6,0.25,False,True,False
143,144-3,49068.875,"(47, 29)",taxation,6,0.25,False,True,False
143,22-3,56248.75,"(25, 12)",taxation,6,0.25,False,True,False
143,162-3,51407.875,"(5, 49)",taxation,6,0.25,False,True,False
143,249-3,51474.75,"(23, 6)",taxation,6,0.25,False,True,False
143,180-3,49023.6875,"(49, 34)",taxation,6,0.25,False,True,False
143,83-3,53834.5625,"(10, 46)",taxation,6,0.25,False,True,False
143,133-3,44192.25,"(44, 18)",taxation,6,0.25,False,True,False
143,16-3,56259.125,"(18, 13)",taxation,6,0.25,False,True,False
143,51-3,51436.875,"(8, 46)",taxation,6,0.25,False,True,False
143,4-3,36951.6875,"(8, 49)",taxation,6,0.25,False,True,False
143,111-3,53817.6875,"(14, 30)",taxation,6,0.25,False,True,False
143,91-3,53831.0625,"(18, 11)",taxation,6,0.25,False,True,False
143,95-3,56267.875,"(48, 29)",taxation,6,0.25,False,True,False
143,106-3,46597.8125,"(45, 31)",taxation,6,0.25,False,True,False
143,56-3,49003.5625,"(5, 42)",taxation,6,0.25,False,True,False
143,71-3,53832.9375,"(23, 7)",taxation,6,0.25,False,True,False
143,226-3,48996.0625,"(37, 28)",taxation,6,0.25,False,True,False
143,205-3,24896.8125,"(20, 16)",taxation,6,0.25,False,True,False
143,165-3,58631.25,"(6, 45)",taxation,6,0.25,False,True,False
143,231-3,32124.8125,"(35, 23)",taxation,6,0.25,False,True,False
143,25-3,44185.25,"(7, 46)",taxation,6,0.25,False,True,False
143,137-3,44167.375,"(48, 35)",taxation,6,0.25,False,True,False
143,73-3,51416.6875,"(15, 5)",taxation,6,0.25,False,True,False
143,214-3,32086.25,"(9, 40)",taxation,6,0.25,False,True,False
143,21-3,46575.6875,"(10, 33)",taxation,6,0.25,False,True,False
143,201-3,34503.9375,"(47, 23)",taxation,6,0.25,False,True,False
143,169-3,39358.25,"(6, 47)",taxation,6,0.25,False,True,False
143,110-3,56236.75,"(17, 13)",taxation,6,0.25,False,True,False
143,183-3,34521.0625,"(43, 28)",taxation,6,0.25,False,True,False
143,125-3,53792.5,"(15, 30)",taxation,6,0.25,False,True,False
143,168-3,53841.875,"(49, 26)",taxation,6,0.25,False,True,False
143,156-3,36957.625,"(10, 42)",taxation,6,0.25,False,True,False
143,53-3,32106.6875,"(42, 16)",taxation,6,0.25,False,True,False
143,122-3,41754.6875,"(9, 46)",taxation,6,0.25,False,True,False
143,234-3,51364.125,"(15, 37)",taxation,6,0.25,False,True,False
143,134-3,48989.0,"(26, 12)",taxation,6,0.25,False,True,False
143,141-3,39349.375,"(23, 8)",taxation,6,0.25,False,True,False
143,145-3,51393.0,"(17, 2)",taxation,6,0.25,False,True,False
143,209-3,56229.625,"(47, 22)",taxation,6,0.25,False,True,False
143,247-3,44153.75,"(46, 27)",taxation,6,0.25,False,True,False
143,203-3,58617.6875,"(7, 36)",taxation,6,0.25,False,True,False
143,50-3,56220.125,"(4, 39)",taxation,6,0.25,False,True,False
143,45-3,51398.8125,"(8, 48)",taxation,6,0.25,False,True,False
143,78-3,46576.6875,"(13, 37)",taxation,6,0.25,False,True,False
143,147-3,48992.5625,"(47, 19)",taxation,6,0.25,False,True,False
143,193-3,44164.125,"(37, 23)",taxation,6,0.25,False,True,False
143,5-3,22440.625,"(48, 33)",taxation,6,0.25,False,True,False
143,175-3,41735.375,"(6, 49)",taxation,6,0.25,False,True,False
143,196-3,34508.0,"(3, 37)",taxation,6,0.25,False,True,False
143,112-3,53803.625,"(13, 44)",taxation,6,0.25,False,True,False
143,113-3,51381.0625,"(1, 43)",taxation,6,0.25,False,True,False
143,55-3,53770.9375,"(18, 5)",taxation,6,0.25,False,True,False
143,33-3,39310.9375,"(4, 44)",taxation,6,0.25,False,True,False
143,68-3,41754.3125,"(48, 31)",taxation,6,0.25,False,True,False
143,161-3,41749.5,"(7, 44)",taxation,6,0.25,False,True,False
143,100-3,48987.5625,"(41, 19)",taxation,6,0.25,False,True,False
143,155-3,51393.4375,"(49, 31)",taxation,6,0.25,False,True,False
143,41-3,53805.0,"(17, 14)",taxation,6,0.25,False,True,False
143,115-3,53787.3125,"(10, 37)",taxation,6,0.25,False,True,False
143,207-3,39303.8125,"(19, 3)",taxation,6,0.25,False,True,False
143,120-3,56182.5,"(1, 37)",taxation,6,0.25,False,True,False
143,11-3,39298.1875,"(18, 3)",taxation,6,0.25,False,True,False
143,102-3,34495.125,"(29, 32)",taxation,6,0.25,False,True,False
143,130-3,53764.125,"(8, 44)",taxation,6,0.25,False,True,False
143,103-3,48957.875,"(43, 27)",taxation,6,0.25,False,True,False
143,202-3,56190.5,"(24, 4)",taxation,6,0.25,False,True,False
143,164-3,51377.4375,"(48, 23)",taxation,6,0.25,False,True,False
143,2-3,48969.8125,"(17, 0)",taxation,6,0.25,False,True,False
143,186-3,46576.1875,"(25, 6)",taxation,6,0.25,False,True,False
143,85-3,44143.75,"(4, 47)",taxation,6,0.25,False,True,False
143,64-3,48937.0,"(9, 49)",taxation,6,0.25,False,True,False
143,188-3,48963.125,"(17, 1)",taxation,6,0.25,False,True,False
143,32-3,53760.8125,"(16, 37)",taxation,6,0.25,False,True,False
143,57-3,44124.6875,"(22, 4)",taxation,6,0.25,False,True,False
143,132-3,53774.3125,"(16, 1)",taxation,6,0.25,False,True,False
143,163-3,58585.5,"(37, 17)",taxation,6,0.25,False,True,False
143,19-3,51360.0,"(40, 19)",taxation,6,0.25,False,True,False
143,107-3,53748.875,"(7, 48)",taxation,6,0.25,False,True,False
143,221-3,46546.625,"(0, 45)",taxation,6,0.25,False,True,False
143,96-3,56175.375,"(19, 16)",taxation,6,0.25,False,True,False
143,92-3,53746.25,"(18, 16)",taxation,6,0.25,False,True,False
143,116-3,53770.125,"(22, 3)",taxation,6,0.25,False,True,False
143,13-3,46543.6875,"(23, 9)",taxation,6,0.25,False,True,False
143,174-3,53780.125,"(8, 47)",taxation,6,0.25,False,True,False
143,69-3,53731.875,"(13, 34)",taxation,6,0.25,False,True,False
143,184-3,48907.9375,"(7, 43)",taxation,6,0.25,False,True,False
143,237-3,39280.3125,"(5, 37)",taxation,6,0.25,False,True,False
143,90-3,44122.875,"(10, 43)",taxation,6,0.25,False,True,False
143,18-3,56169.3125,"(36, 35)",taxation,6,0.25,False,True,False
143,121-3,48965.0,"(49, 24)",taxation,6,0.25,False,True,False
143,30-3,56161.9375,"(22, 10)",taxation,6,0.25,False,True,False
143,97-3,39256.3125,"(26, 3)",taxation,6,0.25,False,True,False
143,229-3,53785.6875,"(15, 41)",taxation,6,0.25,False,True,False
143,27-3,44097.0625,"(17, 22)",taxation,6,0.25,False,True,False
143,117-3,44097.625,"(48, 30)",taxation,6,0.25,False,True,False
143,80-3,53739.625,"(5, 44)",taxation,6,0.25,False,True,False
143,166-3,46500.4375,"(13, 39)",taxation,6,0.25,False,True,False
143,86-3,48954.5,"(48, 25)",taxation,6,0.25,False,True,False
143,160-3,44099.75,"(9, 37)",taxation,6,0.25,False,True,False
143,233-3,46527.4375,"(4, 48)",taxation,6,0.25,False,True,False
143,235-3,48894.9375,"(9, 33)",taxation,6,0.25,False,True,False
143,48-3,51300.5,"(5, 45)",taxation,6,0.25,False,True,False
143,88-3,48925.0,"(9, 41)",taxation,6,0.25,False,True,False
143,52-3,36865.4375,"(35, 20)",taxation,6,0.25,False,True,False
143,58-3,51301.875,"(49, 20)",taxation,6,0.25,False,True,False
143,248-3,48917.1875,"(49, 23)",taxation,6,0.25,False,True,False
143,108-3,27195.6875,"(7, 39)",taxation,6,0.25,False,True,False
143,82-3,51326.125,"(43, 24)",taxation,6,0.25,False,True,False
143,236-3,48904.9375,"(44, 15)",taxation,6,0.25,False,True,False
143,104-3,46529.125,"(31, 33)",taxation,6,0.25,False,True,False
143,152-3,51321.1875,"(7, 45)",taxation,6,0.25,False,True,False
143,109-3,48924.875,"(15, 8)",taxation,6,0.25,False,True,False
143,72-3,56130.875,"(7, 49)",taxation,6,0.25,False,True,False
143,127-3,51304.5,"(15, 6)",taxation,6,0.25,False,True,False
143,61-3,58552.1875,"(23, 12)",taxation,6,0.25,False,True,False
143,232-3,29601.6875,"(4, 45)",taxation,6,0.25,False,True,False
143,65-3,56118.9375,"(12, 35)",taxation,6,0.25,False,True,False
143,124-3,46495.1875,"(17, 34)",taxation,6,0.25,False,True,False
143,62-3,48910.125,"(47, 25)",taxation,6,0.25,False,True,False
143,59-3,44069.9375,"(40, 20)",taxation,6,0.25,False,True,False
143,89-3,51319.0625,"(45, 26)",taxation,6,0.25,False,True,False
143,26-3,39255.5625,"(8, 43)",taxation,6,0.25,False,True,False
143,14-3,12734.875,"(46, 24)",taxation,6,0.25,False,True,False
143,194-3,44094.625,"(10, 47)",taxation,6,0.25,False,True,False
143,37-3,51324.0625,"(45, 22)",taxation,6,0.25,False,True,False
143,36-3,36839.4375,"(46, 28)",taxation,6,0.25,False,True,False
143,7-3,36857.375,"(45, 18)",taxation,6,0.25,False,True,False
143,47-3,34427.3125,"(5, 46)",taxation,6,0.25,False,True,False
143,223-3,34426.5,"(24, 8)",taxation,6,0.25,False,True,False
143,129-3,46499.5,"(26, 10)",taxation,6,0.25,False,True,False
143,77-3,41652.125,"(19, 11)",taxation,6,0.25,False,True,False
143,43-3,48887.8125,"(49, 28)",taxation,6,0.25,False,True,False
143,128-3,53723.25,"(19, 1)",taxation,6,0.25,False,True,False
143,79-3,46475.1875,"(22, 11)",taxation,6,0.25,False,True,False
143,199-3,56101.25,"(40, 32)",taxation,6,0.25,False,True,False
143,136-3,39241.375,"(17, 7)",taxation,6,0.25,False,True,False
143,99-3,46467.9375,"(39, 21)",taxation,6,0.25,False,True,False
143,84-3,48886.625,"(9, 48)",taxation,6,0.25,False,True,False
143,123-3,56134.5625,"(18, 1)",taxation,6,0.25,False,True,False
143,119-3,48874.75,"(48, 22)",taxation,6,0.25,False,True,False
143,46-3,34407.5,"(5, 36)",taxation,6,0.25,False,True,False
143,190-3,48896.0625,"(49, 30)",taxation,6,0.25,False,True,False
143,215-3,53716.625,"(46, 22)",taxation,6,0.25,False,True,False
143,220-3,53714.25,"(19, 12)",taxation,6,0.25,False,True,False
143,157-3,46455.1875,"(38, 24)",taxation,6,0.25,False,True,False
143,245-3,53687.0625,"(37, 20)",taxation,6,0.25,False,True,False
143,195-3,22329.9375,"(11, 32)",taxation,6,0.25,False,True,False
144,114-2,74837.75,"(40, 23)",taxation,6,0.25,False,True,False
144,24-2,52367.5,"(34, 23)",taxation,6,0.25,False,True,False
144,185-2,65196.5,"(44, 27)",taxation,6,0.25,False,True,False
144,218-2,74844.5,"(39, 33)",taxation,6,0.25,False,True,False
144,8-2,65171.0,"(33, 16)",taxation,6,0.25,False,True,False
144,135-2,65167.75,"(41, 33)",taxation,6,0.25,False,True,False
144,87-2,65146.5,"(18, 14)",taxation,6,0.25,False,True,False
144,29-2,65159.25,"(17, 33)",taxation,6,0.25,False,True,False
144,178-2,71591.25,"(15, 31)",taxation,6,0.25,False,True,False
144,60-2,68374.25,"(30, 38)",taxation,6,0.25,False,True,False
144,192-2,58722.0,"(14, 14)",taxation,6,0.25,False,True,False
144,49-2,61966.5,"(43, 25)",taxation,6,0.25,False,True,False
144,81-2,61981.25,"(22, 12)",taxation,6,0.25,False,True,False
144,118-2,71572.5,"(5, 40)",taxation,6,0.25,False,True,False
144,34-2,58728.0,"(0, 34)",taxation,6,0.25,False,True,False
144,211-2,42635.75,"(38, 32)",taxation,6,0.25,False,True,False
144,177-2,65187.75,"(40, 15)",taxation,6,0.25,False,True,False
144,39-2,45864.5,"(12, 39)",taxation,6,0.25,False,True,False
144,131-2,65154.0,"(44, 36)",taxation,6,0.25,False,True,False
144,213-2,65168.5,"(47, 21)",taxation,6,0.25,False,True,False
144,9-2,55537.25,"(28, 6)",taxation,6,0.25,False,True,False
144,171-2,65167.5,"(0, 43)",taxation,6,0.25,False,True,False
144,230-2,52318.0,"(0, 44)",taxation,6,0.25,False,True,False
144,217-2,39451.5,"(6, 41)",taxation,6,0.25,False,True,False
144,227-2,71589.5,"(11, 11)",taxation,6,0.25,False,True,False
144,244-2,74795.5,"(32, 21)",taxation,6,0.25,False,True,False
144,204-2,71582.5,"(12, 43)",taxation,6,0.25,False,True,False
144,105-2,58719.5,"(39, 27)",taxation,6,0.25,False,True,False
144,239-2,65146.5,"(40, 16)",taxation,6,0.25,False,True,False
144,243-2,61941.5,"(3, 45)",taxation,6,0.25,False,True,False
144,139-3,58730.6875,"(18, 8)",taxation,6,0.25,False,True,False
144,228-3,38618.25,"(0, 41)",taxation,6,0.25,False,True,False
144,197-2,52313.25,"(2, 48)",taxation,6,0.25,False,True,False
144,151-2,52262.25,"(1, 44)",taxation,6,0.25,False,True,False
144,191-2,74780.75,"(15, 36)",taxation,6,0.25,False,True,False
144,153-2,32978.0,"(15, 18)",taxation,6,0.25,False,True,False
144,159-2,52307.5,"(44, 29)",taxation,6,0.25,False,True,False
144,222-2,65161.5,"(18, 9)",taxation,6,0.25,False,True,False
144,200-2,61929.0,"(24, 9)",taxation,6,0.25,False,True,False
144,181-2,65127.250000000015,"(19, 9)",taxation,6,0.25,False,True,False
144,101-2,65170.75,"(12, 33)",taxation,6,0.25,False,True,False
144,35-2,65168.5,"(44, 25)",taxation,6,0.25,False,True,False
144,70-2,68373.0,"(36, 27)",taxation,6,0.25,False,True,False
144,238-2,65159.0,"(46, 17)",taxation,6,0.25,False,True,False
144,158-3,47424.75,"(7, 35)",taxation,6,0.25,False,True,False
144,20-2,61941.0,"(24, 5)",taxation,6,0.25,False,True,False
144,31-3,58679.625,"(24, 11)",taxation,6,0.25,False,True,False
144,179-3,42669.375,"(34, 21)",taxation,6,0.25,False,True,False
144,93-2,29779.0,"(22, 14)",taxation,6,0.25,False,True,False
144,3-2,39402.25,"(6, 40)",taxation,6,0.25,False,True,False
144,143-2,65145.75,"(42, 31)",taxation,6,0.25,False,True,False
144,219-3,57097.75,"(45, 25)",taxation,6,0.25,False,True,False
144,98-3,26589.75,"(10, 48)",taxation,6,0.25,False,True,False
144,138-2,68321.75,"(40, 30)",taxation,6,0.25,False,True,False
144,66-2,71567.75,"(45, 24)",taxation,6,0.25,False,True,False
144,210-2,77991.75,"(37, 18)",taxation,6,0.25,False,True,False
144,150-2,55480.25,"(8, 40)",taxation,6,0.25,False,True,False
144,44-2,42628.0,"(24, 6)",taxation,6,0.25,False,True,False
144,154-3,23334.75,"(0, 46)",taxation,6,0.25,False,True,False
144,126-2,65131.75,"(46, 19)",taxation,6,0.25,False,True,False
144,74-3,57096.0,"(18, 12)",taxation,6,0.25,False,True,False
144,28-3,45033.9375,"(4, 43)",taxation,6,0.25,False,True,False
144,146-3,20131.75,"(39, 24)",taxation,6,0.25,False,True,False
144,176-3,836.25,"(45, 28)",taxation,6,0.25,False,True,False
144,208-3,52285.9375,"(45, 33)",taxation,6,0.25,False,True,False
144,216-2,71549.0,"(40, 22)",taxation,6,0.25,False,True,False
144,187-3,26542.25,"(43, 29)",taxation,6,0.25,False,True,False
144,167-3,51482.3125,"(29, 10)",taxation,6,0.25,False,True,False
144,240-3,16900.75,"(3, 44)",taxation,6,0.25,False,True,False
144,140-3,855.75,"(8, 34)",taxation,6,0.25,False,True,False
144,149-3,44261.75,"(44, 31)",taxation,6,0.25,False,True,False
144,173-3,13733.75,"(42, 33)",taxation,6,0.25,False,True,False
144,246-3,49056.75,"(14, 8)",taxation,6,0.25,False,True,False
144,75-3,46631.75,"(22, 39)",taxation,6,0.25,False,True,False
144,12-2,61902.75,"(20, 1)",taxation,6,0.25,False,True,False
144,1-3,37806.1875,"(12, 12)",taxation,6,0.25,False,True,False
144,17-3,53866.375,"(25, 8)",taxation,6,0.25,False,True,False
144,67-2,49067.75,"(26, 7)",taxation,6,0.25,False,True,False
144,40-3,53886.75,"(36, 37)",taxation,6,0.25,False,True,False
144,23-3,53061.0,"(1, 47)",taxation,6,0.25,False,True,False
144,142-3,32158.8125,"(19, 15)",taxation,6,0.25,False,True,False
144,76-3,49053.562500000015,"(6, 36)",taxation,6,0.25,False,True,False
144,94-3,16915.5,"(1, 40)",taxation,6,0.25,False,True,False
144,241-3,46624.625,"(42, 30)",taxation,6,0.25,False,True,False
144,170-3,45061.3125,"(15, 9)",taxation,6,0.25,False,True,False
144,242-3,22525.9375,"(35, 18)",taxation,6,0.25,False,True,False
144,198-3,46652.625,"(39, 25)",taxation,6,0.25,False,True,False
144,10-3,51453.1875,"(2, 36)",taxation,6,0.25,False,True,False
144,172-3,53844.3125,"(16, 31)",taxation,6,0.25,False,True,False
144,189-3,44254.125,"(27, 11)",taxation,6,0.25,False,True,False
144,206-3,49842.4375,"(46, 33)",taxation,6,0.25,False,True,False
144,182-3,51424.1875,"(0, 49)",taxation,6,0.25,False,True,False
144,42-3,37021.625,"(12, 10)",taxation,6,0.25,False,True,False
144,148-3,39385.9375,"(14, 39)",taxation,6,0.25,False,True,False
144,0-3,34573.4375,"(9, 38)",taxation,6,0.25,False,True,False
144,212-3,51453.8125,"(22, 13)",taxation,6,0.25,False,True,False
144,225-3,51432.5625,"(26, 8)",taxation,6,0.25,False,True,False
144,6-3,56281.5,"(37, 24)",taxation,6,0.25,False,True,False
144,38-3,51435.125,"(36, 38)",taxation,6,0.25,False,True,False
144,54-3,49034.1875,"(1, 41)",taxation,6,0.25,False,True,False
144,63-3,46582.5625,"(3, 40)",taxation,6,0.25,False,True,False
144,144-3,49077.875,"(46, 29)",taxation,6,0.25,False,True,False
144,22-3,56257.75,"(24, 13)",taxation,6,0.25,False,True,False
144,162-3,51416.875,"(2, 49)",taxation,6,0.25,False,True,False
144,249-3,51482.75,"(29, 8)",taxation,6,0.25,False,True,False
144,180-3,49032.6875,"(46, 34)",taxation,6,0.25,False,True,False
144,83-3,53837.5625,"(16, 44)",taxation,6,0.25,False,True,False
144,133-3,44199.25,"(41, 15)",taxation,6,0.25,False,True,False
144,16-3,56268.125,"(21, 15)",taxation,6,0.25,False,True,False
144,51-3,51445.875,"(2, 42)",taxation,6,0.25,False,True,False
144,4-3,36959.6875,"(3, 49)",taxation,6,0.25,False,True,False
144,111-3,53824.6875,"(14, 29)",taxation,6,0.25,False,True,False
144,91-3,53839.0625,"(24, 16)",taxation,6,0.25,False,True,False
144,95-3,56269.875,"(44, 33)",taxation,6,0.25,False,True,False
144,106-3,46606.8125,"(46, 32)",taxation,6,0.25,False,True,False
144,56-3,49011.5625,"(0, 36)",taxation,6,0.25,False,True,False
144,71-3,53840.9375,"(27, 9)",taxation,6,0.25,False,True,False
144,226-3,49004.0625,"(38, 29)",taxation,6,0.25,False,True,False
144,205-3,24904.8125,"(21, 16)",taxation,6,0.25,False,True,False
144,165-3,58634.25,"(12, 40)",taxation,6,0.25,False,True,False
144,231-3,32132.8125,"(34, 24)",taxation,6,0.25,False,True,False
144,25-3,44193.25,"(2, 47)",taxation,6,0.25,False,True,False
144,137-3,44176.375,"(46, 35)",taxation,6,0.25,False,True,False
144,73-3,51419.6875,"(16, 11)",taxation,6,0.25,False,True,False
144,214-3,32094.25,"(8, 37)",taxation,6,0.25,False,True,False
144,21-3,46582.6875,"(7, 34)",taxation,6,0.25,False,True,False
144,201-3,34505.9375,"(42, 23)",taxation,6,0.25,False,True,False
144,169-3,39360.25,"(11, 42)",taxation,6,0.25,False,True,False
144,110-3,56245.75,"(20, 14)",taxation,6,0.25,False,True,False
144,183-3,34529.0625,"(39, 28)",taxation,6,0.25,False,True,False
144,125-3,53800.5,"(14, 32)",taxation,6,0.25,False,True,False
144,168-3,53843.875,"(43, 31)",taxation,6,0.25,False,True,False
144,156-3,36965.625,"(5, 41)",taxation,6,0.25,False,True,False
144,53-3,32114.6875,"(40, 21)",taxation,6,0.25,False,True,False
144,122-3,41763.6875,"(3, 43)",taxation,6,0.25,False,True,False
144,234-3,51372.125,"(13, 35)",taxation,6,0.25,False,True,False
144,134-3,48998.0,"(23, 16)",taxation,6,0.25,False,True,False
144,141-3,39357.375,"(27, 10)",taxation,6,0.25,False,True,False
144,145-3,51394.0,"(19, 4)",taxation,6,0.25,False,True,False
144,209-3,56232.625,"(41, 20)",taxation,6,0.25,False,True,False
144,247-3,44161.75,"(40, 31)",taxation,6,0.25,False,True,False
144,203-3,58625.6875,"(2, 35)",taxation,6,0.25,False,True,False
144,50-3,56229.125,"(2, 41)",taxation,6,0.25,False,True,False
144,45-3,51400.8125,"(14, 44)",taxation,6,0.25,False,True,False
144,78-3,46584.6875,"(10, 36)",taxation,6,0.25,False,True,False
144,147-3,48995.5625,"(46, 13)",taxation,6,0.25,False,True,False
144,193-3,44172.125,"(36, 25)",taxation,6,0.25,False,True,False
144,5-3,22448.625,"(45, 35)",taxation,6,0.25,False,True,False
144,175-3,41745.375,"(4, 49)",taxation,6,0.25,False,True,False
144,196-3,34516.0,"(0, 35)",taxation,6,0.25,False,True,False
144,112-3,53810.625,"(8, 42)",taxation,6,0.25,False,True,False
144,113-3,51391.0625,"(1, 46)",taxation,6,0.25,False,True,False
144,55-3,53773.9375,"(24, 10)",taxation,6,0.25,False,True,False
144,33-3,39312.9375,"(5, 39)",taxation,6,0.25,False,True,False
144,68-3,41756.3125,"(44, 34)",taxation,6,0.25,False,True,False
144,161-3,41757.5,"(3, 41)",taxation,6,0.25,False,True,False
144,100-3,48994.5625,"(36, 19)",taxation,6,0.25,False,True,False
144,155-3,51401.4375,"(45, 36)",taxation,6,0.25,False,True,False
144,41-3,53814.0,"(22, 16)",taxation,6,0.25,False,True,False
144,115-3,53795.3125,"(8, 36)",taxation,6,0.25,False,True,False
144,207-3,39308.8125,"(25, 9)",taxation,6,0.25,False,True,False
144,120-3,56190.5,"(1, 36)",taxation,6,0.25,False,True,False
144,11-3,39300.1875,"(14, 9)",taxation,6,0.25,False,True,False
144,102-3,34503.125,"(34, 26)",taxation,6,0.25,False,True,False
144,130-3,53771.125,"(2, 39)",taxation,6,0.25,False,True,False
144,103-3,48966.875,"(43, 26)",taxation,6,0.25,False,True,False
144,202-3,56198.5,"(28, 8)",taxation,6,0.25,False,True,False
144,164-3,51385.4375,"(44, 28)",taxation,6,0.25,False,True,False
144,2-3,48970.8125,"(20, 0)",taxation,6,0.25,False,True,False
144,186-3,46584.1875,"(29, 7)",taxation,6,0.25,False,True,False
144,85-3,44144.75,"(6, 42)",taxation,6,0.25,False,True,False
144,64-3,48945.0,"(3, 48)",taxation,6,0.25,False,True,False
144,188-3,48964.125,"(19, 2)",taxation,6,0.25,False,True,False
144,32-3,53768.8125,"(15, 32)",taxation,6,0.25,False,True,False
144,57-3,44130.6875,"(25, 10)",taxation,6,0.25,False,True,False
144,132-3,53775.3125,"(19, 0)",taxation,6,0.25,False,True,False
144,163-3,58593.5,"(32, 16)",taxation,6,0.25,False,True,False
144,19-3,51367.0,"(37, 15)",taxation,6,0.25,False,True,False
144,107-3,53749.875,"(10, 49)",taxation,6,0.25,False,True,False
144,221-3,46555.625,"(0, 47)",taxation,6,0.25,False,True,False
144,96-3,56184.375,"(20, 15)",taxation,6,0.25,False,True,False
144,92-3,53754.25,"(20, 18)",taxation,6,0.25,False,True,False
144,116-3,53774.125,"(27, 8)",taxation,6,0.25,False,True,False
144,13-3,46552.6875,"(23, 14)",taxation,6,0.25,False,True,False
144,174-3,53787.125,"(7, 41)",taxation,6,0.25,False,True,False
144,69-3,53738.875,"(14, 35)",taxation,6,0.25,False,True,False
144,184-3,48916.9375,"(1, 42)",taxation,6,0.25,False,True,False
144,237-3,39288.3125,"(1, 35)",taxation,6,0.25,False,True,False
144,90-3,44128.875,"(13, 42)",taxation,6,0.25,False,True,False
144,18-3,56178.3125,"(42, 34)",taxation,6,0.25,False,True,False
144,121-3,48974.0,"(47, 28)",taxation,6,0.25,False,True,False
144,30-3,56169.9375,"(26, 13)",taxation,6,0.25,False,True,False
144,97-3,39264.3125,"(28, 7)",taxation,6,0.25,False,True,False
144,229-3,53792.6875,"(18, 38)",taxation,6,0.25,False,True,False
144,27-3,44105.0625,"(18, 21)",taxation,6,0.25,False,True,False
144,117-3,44106.625,"(49, 29)",taxation,6,0.25,False,True,False
144,80-3,53747.625,"(2, 40)",taxation,6,0.25,False,True,False
144,166-3,46507.4375,"(14, 36)",taxation,6,0.25,False,True,False
144,86-3,48963.5,"(49, 27)",taxation,6,0.25,False,True,False
144,160-3,44106.75,"(9, 36)",taxation,6,0.25,False,True,False
144,233-3,46528.4375,"(4, 42)",taxation,6,0.25,False,True,False
144,235-3,48902.9375,"(8, 35)",taxation,6,0.25,False,True,False
144,48-3,51309.5,"(2, 45)",taxation,6,0.25,False,True,False
144,88-3,48932.0,"(6, 35)",taxation,6,0.25,False,True,False
144,52-3,36873.4375,"(33, 20)",taxation,6,0.25,False,True,False
144,58-3,51303.875,"(48, 16)",taxation,6,0.25,False,True,False
144,248-3,48919.1875,"(48, 18)",taxation,6,0.25,False,True,False
144,108-3,27201.6875,"(12, 36)",taxation,6,0.25,False,True,False
144,82-3,51334.125,"(39, 30)",taxation,6,0.25,False,True,False
144,236-3,48911.9375,"(45, 13)",taxation,6,0.25,False,True,False
144,104-3,46537.125,"(37, 31)",taxation,6,0.25,False,True,False
144,152-3,51330.1875,"(1, 49)",taxation,6,0.25,False,True,False
144,109-3,48933.875,"(21, 14)",taxation,6,0.25,False,True,False
144,72-3,56136.875,"(13, 43)",taxation,6,0.25,False,True,False
144,127-3,51307.5,"(12, 11)",taxation,6,0.25,False,True,False
144,61-3,58561.1875,"(23, 15)",taxation,6,0.25,False,True,False
144,232-3,29610.6875,"(0, 48)",taxation,6,0.25,False,True,False
144,65-3,56125.9375,"(11, 35)",taxation,6,0.25,False,True,False
144,124-3,46503.1875,"(16, 32)",taxation,6,0.25,False,True,False
144,62-3,48912.125,"(42, 27)",taxation,6,0.25,False,True,False
144,59-3,44077.9375,"(34, 20)",taxation,6,0.25,False,True,False
144,89-3,51327.0625,"(40, 27)",taxation,6,0.25,False,True,False
144,26-3,39261.5625,"(13, 38)",taxation,6,0.25,False,True,False
144,14-3,12742.875,"(40, 28)",taxation,6,0.25,False,True,False
144,194-3,44102.625,"(4, 41)",taxation,6,0.25,False,True,False
144,37-3,51332.0625,"(40, 26)",taxation,6,0.25,False,True,False
144,36-3,36848.4375,"(44, 30)",taxation,6,0.25,False,True,False
144,7-3,36864.375,"(42, 13)",taxation,6,0.25,False,True,False
144,47-3,34436.3125,"(1, 48)",taxation,6,0.25,False,True,False
144,223-3,34435.5,"(25, 14)",taxation,6,0.25,False,True,False
144,129-3,46508.5,"(24, 15)",taxation,6,0.25,False,True,False
144,77-3,41661.125,"(19, 14)",taxation,6,0.25,False,True,False
144,43-3,48896.8125,"(48, 28)",taxation,6,0.25,False,True,False
144,128-3,53725.25,"(25, 1)",taxation,6,0.25,False,True,False
144,79-3,46484.1875,"(22, 15)",taxation,6,0.25,False,True,False
144,199-3,56110.25,"(42, 32)",taxation,6,0.25,False,True,False
144,136-3,39245.375,"(23, 13)",taxation,6,0.25,False,True,False
144,99-3,46475.9375,"(34, 25)",taxation,6,0.25,False,True,False
144,84-3,48896.625,"(3, 47)",taxation,6,0.25,False,True,False
144,123-3,56136.5625,"(24, 7)",taxation,6,0.25,False,True,False
144,119-3,48876.75,"(47, 16)",taxation,6,0.25,False,True,False
144,46-3,34416.5,"(3, 42)",taxation,6,0.25,False,True,False
144,190-3,48905.0625,"(44, 35)",taxation,6,0.25,False,True,False
144,215-3,53725.625,"(44, 26)",taxation,6,0.25,False,True,False
144,220-3,53722.25,"(21, 18)",taxation,6,0.25,False,True,False
144,157-3,46463.1875,"(39, 29)",taxation,6,0.25,False,True,False
144,245-3,53695.0625,"(32, 20)",taxation,6,0.25,False,True,False
144,195-3,22336.9375,"(10, 30)",taxation,6,0.25,False,True,False
144,15-3,44066.0625,"(17, 37)",taxation,6,0.25,False,True,False
144,224-3,41644.3125,"(35, 21)",taxation,6,0.25,False,True,False
145,114-2,74845.75,"(36, 24)",taxation,6,0.25,False,True,False
145,24-2,52376.5,"(28, 17)",taxation,6,0.25,False,True,False
145,185-2,65199.5,"(41, 26)",taxation,6,0.25,False,True,False
145,218-2,74850.5,"(35, 33)",taxation,6,0.25,False,True,False
145,8-2,65179.0,"(32, 15)",taxation,6,0.25,False,True,False
145,135-2,65175.75,"(39, 34)",taxation,6,0.25,False,True,False
145,29-2,65167.25,"(18, 31)",taxation,6,0.25,False,True,False
145,178-2,71599.25,"(15, 29)",taxation,6,0.25,False,True,False
145,60-2,68382.25,"(33, 34)",taxation,6,0.25,False,True,False
145,192-2,58731.0,"(19, 19)",taxation,6,0.25,False,True,False
145,49-2,61971.5,"(37, 22)",taxation,6,0.25,False,True,False
145,81-2,61990.25,"(26, 14)",taxation,6,0.25,False,True,False
145,118-2,71577.5,"(10, 35)",taxation,6,0.25,False,True,False
145,34-2,58735.0,"(2, 29)",taxation,6,0.25,False,True,False
145,211-2,42643.75,"(34, 33)",taxation,6,0.25,False,True,False
145,177-2,65195.75,"(35, 15)",taxation,6,0.25,False,True,False
145,39-2,45871.5,"(16, 36)",taxation,6,0.25,False,True,False
145,131-2,65158.0,"(38, 36)",taxation,6,0.25,False,True,False
145,213-2,65171.5,"(42, 20)",taxation,6,0.25,False,True,False
145,9-2,55545.25,"(32, 10)",taxation,6,0.25,False,True,False
145,171-2,65169.5,"(4, 38)",taxation,6,0.25,False,True,False
145,230-2,52321.0,"(0, 39)",taxation,6,0.25,False,True,False
145,217-2,39455.5,"(12, 38)",taxation,6,0.25,False,True,False
145,227-2,71595.5,"(12, 17)",taxation,6,0.25,False,True,False
145,244-2,74804.5,"(27, 17)",taxation,6,0.25,False,True,False
145,204-2,71587.5,"(17, 42)",taxation,6,0.25,False,True,False
145,105-2,58725.5,"(34, 27)",taxation,6,0.25,False,True,False
145,239-2,65154.5,"(38, 14)",taxation,6,0.25,False,True,False
145,243-2,61943.5,"(8, 39)",taxation,6,0.25,False,True,False
145,139-3,58737.6875,"(24, 14)",taxation,6,0.25,False,True,False
145,228-3,38621.25,"(0, 38)",taxation,6,0.25,False,True,False
145,197-2,52314.25,"(4, 48)",taxation,6,0.25,False,True,False
145,151-2,52264.25,"(1, 38)",taxation,6,0.25,False,True,False
145,191-2,74788.75,"(18, 32)",taxation,6,0.25,False,True,False
145,153-2,32987.0,"(15, 19)",taxation,6,0.25,False,True,False
145,159-2,52311.5,"(38, 23)",taxation,6,0.25,False,True,False
145,222-2,65166.5,"(16, 15)",taxation,6,0.25,False,True,False
145,200-2,61938.0,"(27, 13)",taxation,6,0.25,False,True,False
145,181-2,65134.250000000015,"(25, 15)",taxation,6,0.25,False,True,False
145,101-2,65178.75,"(12, 28)",taxation,6,0.25,False,True,False
145,35-2,65173.5,"(38, 20)",taxation,6,0.25,False,True,False
145,70-2,68381.0,"(33, 28)",taxation,6,0.25,False,True,False
145,238-2,65167.0,"(49, 12)",taxation,6,0.25,False,True,False
145,158-3,47432.75,"(8, 29)",taxation,6,0.25,False,True,False
145,20-2,61947.0,"(30, 5)",taxation,6,0.25,False,True,False
145,31-3,58687.625,"(30, 13)",taxation,6,0.25,False,True,False
145,179-3,42677.375,"(30, 21)",taxation,6,0.25,False,True,False
145,93-2,29788.0,"(24, 19)",taxation,6,0.25,False,True,False
145,3-2,39407.25,"(11, 36)",taxation,6,0.25,False,True,False
145,143-2,65150.75,"(37, 32)",taxation,6,0.25,False,True,False
145,219-3,57100.75,"(41, 24)",taxation,6,0.25,False,True,False
145,98-3,26593.75,"(16, 42)",taxation,6,0.25,False,True,False
145,138-2,68327.75,"(35, 32)",taxation,6,0.25,False,True,False
145,66-2,71571.75,"(39, 23)",taxation,6,0.25,False,True,False
145,210-2,77999.75,"(34, 15)",taxation,6,0.25,False,True,False
145,150-2,55483.25,"(12, 41)",taxation,6,0.25,False,True,False
145,44-2,42635.0,"(28, 11)",taxation,6,0.25,False,True,False
145,154-3,23336.75,"(0, 42)",taxation,6,0.25,False,True,False
145,126-2,65136.75,"(40, 13)",taxation,6,0.25,False,True,False
145,74-3,57102.0,"(18, 17)",taxation,6,0.25,False,True,False
145,28-3,45036.9375,"(8, 38)",taxation,6,0.25,False,True,False
145,146-3,20139.75,"(33, 26)",taxation,6,0.25,False,True,False
145,176-3,840.25,"(39, 26)",taxation,6,0.25,False,True,False
145,208-3,52289.9375,"(40, 34)",taxation,6,0.25,False,True,False
145,216-2,71557.0,"(34, 17)",taxation,6,0.25,False,True,False
145,187-3,26547.25,"(37, 29)",taxation,6,0.25,False,True,False
145,167-3,51490.3125,"(31, 11)",taxation,6,0.25,False,True,False
145,240-3,16902.75,"(3, 39)",taxation,6,0.25,False,True,False
145,140-3,863.75,"(9, 29)",taxation,6,0.25,False,True,False
145,149-3,44265.75,"(38, 25)",taxation,6,0.25,False,True,False
145,173-3,13741.75,"(39, 36)",taxation,6,0.25,False,True,False
145,246-3,49061.75,"(10, 14)",taxation,6,0.25,False,True,False
145,75-3,46639.75,"(22, 33)",taxation,6,0.25,False,True,False
145,12-2,61906.75,"(26, 5)",taxation,6,0.25,False,True,False
145,1-3,37813.1875,"(10, 18)",taxation,6,0.25,False,True,False
145,17-3,53875.375,"(29, 14)",taxation,6,0.25,False,True,False
145,67-2,49075.75,"(31, 10)",taxation,6,0.25,False,True,False
145,40-3,53894.75,"(33, 32)",taxation,6,0.25,False,True,False
145,23-3,53062.0,"(1, 45)",taxation,6,0.25,False,True,False
145,142-3,32167.8125,"(23, 19)",taxation,6,0.25,False,True,False
145,76-3,49060.562500000015,"(11, 30)",taxation,6,0.25,False,True,False
145,94-3,16918.5,"(3, 35)",taxation,6,0.25,False,True,False
145,241-3,46632.625,"(38, 35)",taxation,6,0.25,False,True,False
145,170-3,45066.3125,"(15, 15)",taxation,6,0.25,False,True,False
145,242-3,22533.9375,"(33, 15)",taxation,6,0.25,False,True,False
145,198-3,46660.625,"(35, 24)",taxation,6,0.25,False,True,False
145,10-3,51461.1875,"(2, 31)",taxation,6,0.25,False,True,False
145,172-3,53852.3125,"(16, 29)",taxation,6,0.25,False,True,False
145,189-3,44263.125,"(28, 13)",taxation,6,0.25,False,True,False
145,206-3,49846.4375,"(41, 34)",taxation,6,0.25,False,True,False
145,182-3,51425.1875,"(4, 46)",taxation,6,0.25,False,True,False
145,42-3,37027.625,"(9, 16)",taxation,6,0.25,False,True,False
145,148-3,39391.9375,"(17, 36)",taxation,6,0.25,False,True,False
145,0-3,34579.4375,"(10, 32)",taxation,6,0.25,False,True,False
145,212-3,51462.8125,"(25, 18)",taxation,6,0.25,False,True,False
145,225-3,51440.5625,"(30, 11)",taxation,6,0.25,False,True,False
145,6-3,56289.5,"(33, 24)",taxation,6,0.25,False,True,False
145,38-3,51443.125,"(34, 34)",taxation,6,0.25,False,True,False
145,54-3,49037.1875,"(4, 35)",taxation,6,0.25,False,True,False
145,63-3,46585.5625,"(3, 34)",taxation,6,0.25,False,True,False
145,144-3,49080.875,"(41, 30)",taxation,6,0.25,False,True,False
145,22-3,56266.75,"(25, 16)",taxation,6,0.25,False,True,False
145,162-3,51417.875,"(4, 47)",taxation,6,0.25,False,True,False
145,249-3,51490.75,"(30, 10)",taxation,6,0.25,False,True,False
145,180-3,49036.6875,"(41, 36)",taxation,6,0.25,False,True,False
145,83-3,53843.5625,"(20, 38)",taxation,6,0.25,False,True,False
145,133-3,44207.25,"(37, 13)",taxation,6,0.25,False,True,False
145,16-3,56276.125,"(22, 21)",taxation,6,0.25,False,True,False
145,51-3,51448.875,"(7, 37)",taxation,6,0.25,False,True,False
145,4-3,36961.6875,"(9, 43)",taxation,6,0.25,False,True,False
145,111-3,53832.6875,"(13, 29)",taxation,6,0.25,False,True,False
145,91-3,53847.0625,"(26, 19)",taxation,6,0.25,False,True,False
145,95-3,56273.875,"(38, 38)",taxation,6,0.25,False,True,False
145,106-3,46610.8125,"(40, 33)",taxation,6,0.25,False,True,False
145,56-3,49019.5625,"(5, 31)",taxation,6,0.25,False,True,False
145,71-3,53849.9375,"(28, 15)",taxation,6,0.25,False,True,False
145,226-3,49012.0625,"(33, 29)",taxation,6,0.25,False,True,False
145,205-3,24912.8125,"(25, 20)",taxation,6,0.25,False,True,False
145,165-3,58640.25,"(16, 35)",taxation,6,0.25,False,True,False
145,231-3,32140.8125,"(32, 24)",taxation,6,0.25,False,True,False
145,25-3,44195.25,"(8, 41)",taxation,6,0.25,False,True,False
145,137-3,44185.375,"(40, 35)",taxation,6,0.25,False,True,False
145,73-3,51425.6875,"(16, 17)",taxation,6,0.25,False,True,False
145,214-3,32100.25,"(9, 31)",taxation,6,0.25,False,True,False
145,21-3,46590.6875,"(9, 28)",taxation,6,0.25,False,True,False
145,201-3,34511.9375,"(36, 22)",taxation,6,0.25,False,True,False
145,169-3,39366.25,"(16, 39)",taxation,6,0.25,False,True,False
145,110-3,56254.75,"(23, 18)",taxation,6,0.25,False,True,False
145,183-3,34537.0625,"(34, 30)",taxation,6,0.25,False,True,False
145,125-3,53808.5,"(14, 28)",taxation,6,0.25,False,True,False
145,168-3,53848.875,"(37, 35)",taxation,6,0.25,False,True,False
145,156-3,36969.625,"(11, 37)",taxation,6,0.25,False,True,False
145,53-3,32122.6875,"(36, 15)",taxation,6,0.25,False,True,False
145,122-3,41765.6875,"(1, 39)",taxation,6,0.25,False,True,False
145,234-3,51380.125,"(19, 31)",taxation,6,0.25,False,True,False
145,134-3,49006.0,"(27, 18)",taxation,6,0.25,False,True,False
145,141-3,39366.375,"(27, 12)",taxation,6,0.25,False,True,False
145,145-3,51397.0,"(19, 10)",taxation,6,0.25,False,True,False
145,209-3,56240.625,"(36, 16)",taxation,6,0.25,False,True,False
145,247-3,44168.75,"(35, 34)",taxation,6,0.25,False,True,False
145,203-3,58632.6875,"(5, 30)",taxation,6,0.25,False,True,False
145,50-3,56232.125,"(4, 36)",taxation,6,0.25,False,True,False
145,45-3,51406.8125,"(17, 40)",taxation,6,0.25,False,True,False
145,78-3,46591.6875,"(14, 34)",taxation,6,0.25,False,True,False
145,147-3,49002.5625,"(47, 9)",taxation,6,0.25,False,True,False
145,193-3,44181.125,"(36, 29)",taxation,6,0.25,False,True,False
145,5-3,22457.625,"(39, 32)",taxation,6,0.25,False,True,False
145,175-3,41747.375,"(10, 45)",taxation,6,0.25,False,True,False
145,196-3,34524.0,"(2, 30)",taxation,6,0.25,False,True,False
145,112-3,53816.625,"(13, 36)",taxation,6,0.25,False,True,False
145,113-3,51393.0625,"(4, 40)",taxation,6,0.25,False,True,False
145,55-3,53781.9375,"(29, 11)",taxation,6,0.25,False,True,False
145,33-3,39317.9375,"(5, 33)",taxation,6,0.25,False,True,False
145,68-3,41760.3125,"(38, 37)",taxation,6,0.25,False,True,False
145,161-3,41760.5,"(6, 39)",taxation,6,0.25,False,True,False
145,100-3,49002.5625,"(32, 19)",taxation,6,0.25,False,True,False
145,155-3,51410.4375,"(41, 35)",taxation,6,0.25,False,True,False
145,41-3,53823.0,"(23, 17)",taxation,6,0.25,False,True,False
145,115-3,53802.3125,"(13, 31)",taxation,6,0.25,False,True,False
145,207-3,39316.8125,"(31, 12)",taxation,6,0.25,False,True,False
145,120-3,56198.5,"(3, 30)",taxation,6,0.25,False,True,False
145,11-3,39306.1875,"(17, 15)",taxation,6,0.25,False,True,False
145,102-3,34511.125,"(32, 26)",taxation,6,0.25,False,True,False
145,130-3,53778.125,"(1, 33)",taxation,6,0.25,False,True,False
145,103-3,48971.875,"(37, 25)",taxation,6,0.25,False,True,False
145,202-3,56206.5,"(31, 13)",taxation,6,0.25,False,True,False
145,164-3,51388.4375,"(41, 25)",taxation,6,0.25,False,True,False
145,2-3,48973.8125,"(25, 0)",taxation,6,0.25,False,True,False
145,186-3,46592.1875,"(32, 11)",taxation,6,0.25,False,True,False
145,85-3,44149.75,"(12, 37)",taxation,6,0.25,False,True,False
145,64-3,48946.0,"(5, 48)",taxation,6,0.25,False,True,False
145,188-3,48967.125,"(25, 2)",taxation,6,0.25,False,True,False
145,32-3,53776.8125,"(15, 28)",taxation,6,0.25,False,True,False
145,57-3,44138.6875,"(28, 14)",taxation,6,0.25,False,True,False
145,132-3,53778.3125,"(25, 3)",taxation,6,0.25,False,True,False
145,163-3,58601.5,"(31, 16)",taxation,6,0.25,False,True,False
145,19-3,51375.0,"(35, 14)",taxation,6,0.25,False,True,False
145,107-3,53752.875,"(15, 47)",taxation,6,0.25,False,True,False
145,221-3,46556.625,"(0, 45)",taxation,6,0.25,False,True,False
145,96-3,56193.375,"(22, 18)",taxation,6,0.25,False,True,False
145,92-3,53762.25,"(21, 22)",taxation,6,0.25,False,True,False
145,116-3,53783.125,"(30, 12)",taxation,6,0.25,False,True,False
145,13-3,46561.6875,"(26, 18)",taxation,6,0.25,False,True,False
145,174-3,53789.125,"(9, 39)",taxation,6,0.25,False,True,False
145,69-3,53746.875,"(20, 32)",taxation,6,0.25,False,True,False
145,184-3,48919.9375,"(0, 37)",taxation,6,0.25,False,True,False
145,237-3,39295.3125,"(1, 29)",taxation,6,0.25,False,True,False
145,90-3,44135.875,"(18, 37)",taxation,6,0.25,False,True,False
145,18-3,56186.3125,"(39, 37)",taxation,6,0.25,False,True,False
145,121-3,48977.0,"(41, 31)",taxation,6,0.25,False,True,False
145,30-3,56178.9375,"(27, 14)",taxation,6,0.25,False,True,False
145,97-3,39273.3125,"(29, 12)",taxation,6,0.25,False,True,False
145,229-3,53800.6875,"(20, 34)",taxation,6,0.25,False,True,False
145,27-3,44114.0625,"(22, 19)",taxation,6,0.25,False,True,False
145,117-3,44109.625,"(43, 32)",taxation,6,0.25,False,True,False
145,80-3,53750.625,"(5, 35)",taxation,6,0.25,False,True,False
145,166-3,46515.4375,"(19, 32)",taxation,6,0.25,False,True,False
145,86-3,48965.5,"(45, 27)",taxation,6,0.25,False,True,False
145,160-3,44113.75,"(12, 31)",taxation,6,0.25,False,True,False
145,233-3,46531.4375,"(6, 37)",taxation,6,0.25,False,True,False
145,235-3,48910.9375,"(6, 32)",taxation,6,0.25,False,True,False
145,48-3,51310.5,"(2, 44)",taxation,6,0.25,False,True,False
145,88-3,48938.0,"(7, 32)",taxation,6,0.25,False,True,False
145,52-3,36881.4375,"(31, 19)",taxation,6,0.25,False,True,False
145,58-3,51311.875,"(49, 11)",taxation,6,0.25,False,True,False
145,248-3,48923.1875,"(44, 13)",taxation,6,0.25,False,True,False
145,108-3,27208.6875,"(14, 31)",taxation,6,0.25,False,True,False
145,82-3,51342.125,"(33, 30)",taxation,6,0.25,False,True,False
145,236-3,48919.9375,"(46, 12)",taxation,6,0.25,False,True,False
145,104-3,46545.125,"(35, 31)",taxation,6,0.25,False,True,False
145,152-3,51331.1875,"(5, 49)",taxation,6,0.25,False,True,False
145,109-3,48942.875,"(24, 17)",taxation,6,0.25,False,True,False
145,72-3,56142.875,"(18, 39)",taxation,6,0.25,False,True,False
145,127-3,51313.5,"(10, 16)",taxation,6,0.25,False,True,False
145,61-3,58570.1875,"(25, 17)",taxation,6,0.25,False,True,False
145,232-3,29611.6875,"(2, 46)",taxation,6,0.25,False,True,False
145,65-3,56133.9375,"(9, 30)",taxation,6,0.25,False,True,False
145,124-3,46511.1875,"(18, 30)",taxation,6,0.25,False,True,False
145,62-3,48920.125,"(38, 31)",taxation,6,0.25,False,True,False
145,59-3,44086.9375,"(29, 17)",taxation,6,0.25,False,True,False
145,89-3,51333.0625,"(35, 25)",taxation,6,0.25,False,True,False
145,26-3,39268.5625,"(15, 33)",taxation,6,0.25,False,True,False
145,14-3,12748.875,"(34, 28)",taxation,6,0.25,False,True,False
145,194-3,44104.625,"(5, 38)",taxation,6,0.25,False,True,False
145,37-3,51341.0625,"(38, 30)",taxation,6,0.25,False,True,False
145,36-3,36857.4375,"(39, 31)",taxation,6,0.25,False,True,False
145,7-3,36872.375,"(38, 13)",taxation,6,0.25,False,True,False
145,47-3,34437.3125,"(3, 46)",taxation,6,0.25,False,True,False
145,223-3,34444.5,"(27, 16)",taxation,6,0.25,False,True,False
145,129-3,46517.5,"(26, 16)",taxation,6,0.25,False,True,False
145,77-3,41670.125,"(20, 19)",taxation,6,0.25,False,True,False
145,43-3,48899.8125,"(43, 33)",taxation,6,0.25,False,True,False
145,128-3,53732.25,"(31, 7)",taxation,6,0.25,False,True,False
145,79-3,46493.1875,"(24, 18)",taxation,6,0.25,False,True,False
145,199-3,56116.25,"(36, 28)",taxation,6,0.25,False,True,False
145,136-3,39254.375,"(26, 17)",taxation,6,0.25,False,True,False
145,99-3,46483.9375,"(33, 25)",taxation,6,0.25,False,True,False
145,84-3,48898.625,"(9, 42)",taxation,6,0.25,False,True,False
145,123-3,56145.5625,"(29, 13)",taxation,6,0.25,False,True,False
145,119-3,48884.75,"(48, 12)",taxation,6,0.25,False,True,False
145,46-3,34419.5,"(3, 38)",taxation,6,0.25,False,True,False
145,190-3,48909.0625,"(38, 34)",taxation,6,0.25,False,True,False
145,215-3,53730.625,"(38, 22)",taxation,6,0.25,False,True,False
145,220-3,53731.25,"(21, 19)",taxation,6,0.25,False,True,False
145,157-3,46471.1875,"(35, 26)",taxation,6,0.25,False,True,False
145,245-3,53704.0625,"(29, 18)",taxation,6,0.25,False,True,False
145,195-3,22344.9375,"(10, 28)",taxation,6,0.25,False,True,False
145,15-3,44074.0625,"(20, 33)",taxation,6,0.25,False,True,False
145,224-3,41652.3125,"(31, 23)",taxation,6,0.25,False,True,False
145,87-3,48866.625,"(20, 20)",taxation,6,0.25,False,True,False
146,114-2,74853.75,"(31, 25)",taxation,6,0.25,False,True,False
146,24-2,52385.5,"(28, 22)",taxation,6,0.25,False,True,False
146,185-2,65206.5,"(35, 22)",taxation,6,0.25,False,True,False
146,218-2,74858.5,"(30, 33)",taxation,6,0.25,False,True,False
146,29-2,65176.25,"(18, 27)",taxation,6,0.25,False,True,False
146,178-2,71608.25,"(15, 27)",taxation,6,0.25,False,True,False
146,60-2,68391.25,"(32, 32)",taxation,6,0.25,False,True,False
146,192-2,58740.0,"(19, 23)",taxation,6,0.25,False,True,False
146,49-2,61979.5,"(33, 19)",taxation,6,0.25,False,True,False
146,81-2,61998.25,"(23, 20)",taxation,6,0.25,False,True,False
146,118-2,71584.5,"(12, 32)",taxation,6,0.25,False,True,False
146,34-2,58742.0,"(2, 28)",taxation,6,0.25,False,True,False
146,211-2,42651.75,"(30, 35)",taxation,6,0.25,False,True,False
146,177-2,65204.75,"(32, 14)",taxation,6,0.25,False,True,False
146,39-2,45879.5,"(20, 30)",taxation,6,0.25,False,True,False
146,131-2,65165.0,"(33, 33)",taxation,6,0.25,False,True,False
146,213-2,65178.5,"(36, 21)",taxation,6,0.25,False,True,False
146,9-2,55553.25,"(33, 8)",taxation,6,0.25,False,True,False
146,171-2,65174.5,"(2, 33)",taxation,6,0.25,False,True,False
146,230-2,52325.0,"(2, 34)",taxation,6,0.25,False,True,False
146,217-2,39462.5,"(13, 32)",taxation,6,0.25,False,True,False
146,244-2,74812.5,"(30, 16)",taxation,6,0.25,False,True,False
146,204-2,71594.5,"(23, 37)",taxation,6,0.25,False,True,False
146,105-2,58734.5,"(30, 27)",taxation,6,0.25,False,True,False
146,239-2,65163.5,"(34, 14)",taxation,6,0.25,False,True,False
146,243-2,61950.5,"(13, 33)",taxation,6,0.25,False,True,False
146,139-3,58746.6875,"(26, 20)",taxation,6,0.25,False,True,False
146,228-3,38626.25,"(0, 32)",taxation,6,0.25,False,True,False
146,197-2,52316.25,"(5, 47)",taxation,6,0.25,False,True,False
146,151-2,52270.25,"(1, 32)",taxation,6,0.25,False,True,False
146,191-2,74796.75,"(19, 30)",taxation,6,0.25,False,True,False
146,153-2,32996.0,"(14, 23)",taxation,6,0.25,False,True,False
146,159-2,52320.5,"(32, 27)",taxation,6,0.25,False,True,False
146,222-2,65174.5,"(14, 20)",taxation,6,0.25,False,True,False
146,200-2,61947.0,"(28, 19)",taxation,6,0.25,False,True,False
146,181-2,65143.250000000015,"(30, 15)",taxation,6,0.25,False,True,False
146,101-2,65187.75,"(12, 24)",taxation,6,0.25,False,True,False
146,35-2,65182.5,"(33, 14)",taxation,6,0.25,False,True,False
146,70-2,68390.0,"(32, 28)",taxation,6,0.25,False,True,False
146,238-2,65175.0,"(49, 9)",taxation,6,0.25,False,True,False
146,158-3,47440.75,"(11, 28)",taxation,6,0.25,False,True,False
146,20-2,61955.0,"(32, 7)",taxation,6,0.25,False,True,False
146,31-3,58695.625,"(28, 12)",taxation,6,0.25,False,True,False
146,179-3,42686.375,"(30, 22)",taxation,6,0.25,False,True,False
146,93-2,29797.0,"(24, 22)",taxation,6,0.25,False,True,False
146,3-2,39415.25,"(17, 31)",taxation,6,0.25,False,True,False
146,143-2,65158.75,"(31, 30)",taxation,6,0.25,False,True,False
146,219-3,57106.75,"(37, 21)",taxation,6,0.25,False,True,False
146,98-3,26600.75,"(22, 36)",taxation,6,0.25,False,True,False
146,138-2,68335.75,"(30, 32)",taxation,6,0.25,False,True,False
146,66-2,71579.75,"(34, 18)",taxation,6,0.25,False,True,False
146,210-2,78007.75,"(35, 13)",taxation,6,0.25,False,True,False
146,150-2,55490.25,"(18, 36)",taxation,6,0.25,False,True,False
146,44-2,42643.0,"(33, 7)",taxation,6,0.25,False,True,False
146,154-3,23339.75,"(3, 36)",taxation,6,0.25,False,True,False
146,126-2,65145.75,"(34, 12)",taxation,6,0.25,False,True,False
146,74-3,57111.0,"(18, 23)",taxation,6,0.25,False,True,False
146,28-3,45041.9375,"(9, 32)",taxation,6,0.25,False,True,False
146,146-3,20148.75,"(29, 23)",taxation,6,0.25,False,True,False
146,176-3,847.25,"(33, 21)",taxation,6,0.25,False,True,False
146,208-3,52296.9375,"(34, 35)",taxation,6,0.25,False,True,False
146,216-2,71566.0,"(29, 19)",taxation,6,0.25,False,True,False
146,187-3,26555.25,"(31, 28)",taxation,6,0.25,False,True,False
146,167-3,51498.3125,"(33, 9)",taxation,6,0.25,False,True,False
146,240-3,16907.75,"(3, 33)",taxation,6,0.25,False,True,False
146,140-3,872.75,"(12, 26)",taxation,6,0.25,False,True,False
146,149-3,44272.75,"(33, 22)",taxation,6,0.25,False,True,False
146,173-3,13747.75,"(35, 36)",taxation,6,0.25,False,True,False
146,246-3,49069.75,"(13, 20)",taxation,6,0.25,False,True,False
146,75-3,46647.75,"(22, 32)",taxation,6,0.25,False,True,False
146,12-2,61914.75,"(31, 8)",taxation,6,0.25,False,True,False
146,1-3,37822.1875,"(13, 24)",taxation,6,0.25,False,True,False
146,17-3,53883.375,"(34, 11)",taxation,6,0.25,False,True,False
146,67-2,49083.75,"(33, 10)",taxation,6,0.25,False,True,False
146,40-3,53903.75,"(29, 27)",taxation,6,0.25,False,True,False
146,23-3,53064.0,"(1, 43)",taxation,6,0.25,False,True,False
146,142-3,32176.8125,"(24, 21)",taxation,6,0.25,False,True,False
146,76-3,49069.562500000015,"(13, 28)",taxation,6,0.25,False,True,False
146,94-3,16924.5,"(7, 31)",taxation,6,0.25,False,True,False
146,241-3,46640.625,"(32, 34)",taxation,6,0.25,False,True,False
146,170-3,45074.3125,"(15, 21)",taxation,6,0.25,False,True,False
146,242-3,22542.9375,"(29, 20)",taxation,6,0.25,False,True,False
146,198-3,46668.625,"(30, 25)",taxation,6,0.25,False,True,False
146,10-3,51469.1875,"(3, 28)",taxation,6,0.25,False,True,False
146,172-3,53861.3125,"(19, 25)",taxation,6,0.25,False,True,False
146,189-3,44271.125,"(27, 15)",taxation,6,0.25,False,True,False
146,206-3,49852.4375,"(36, 34)",taxation,6,0.25,False,True,False
146,182-3,51428.1875,"(10, 44)",taxation,6,0.25,False,True,False
146,42-3,37035.625,"(11, 21)",taxation,6,0.25,False,True,False
146,148-3,39399.9375,"(20, 31)",taxation,6,0.25,False,True,False
146,0-3,34588.4375,"(13, 26)",taxation,6,0.25,False,True,False
146,212-3,51470.8125,"(22, 20)",taxation,6,0.25,False,True,False
146,225-3,51448.5625,"(32, 9)",taxation,6,0.25,False,True,False
146,6-3,56297.5,"(30, 23)",taxation,6,0.25,False,True,False
146,38-3,51451.125,"(30, 34)",taxation,6,0.25,False,True,False
146,54-3,49044.1875,"(10, 31)",taxation,6,0.25,False,True,False
146,63-3,46592.5625,"(6, 30)",taxation,6,0.25,False,True,False
146,144-3,49086.875,"(36, 30)",taxation,6,0.25,False,True,False
146,22-3,56274.75,"(24, 20)",taxation,6,0.25,False,True,False
146,162-3,51419.875,"(6, 47)",taxation,6,0.25,False,True,False
146,249-3,51498.75,"(34, 9)",taxation,6,0.25,False,True,False
146,180-3,49042.6875,"(36, 36)",taxation,6,0.25,False,True,False
146,83-3,53851.5625,"(24, 35)",taxation,6,0.25,False,True,False
146,133-3,44215.25,"(36, 13)",taxation,6,0.25,False,True,False
146,16-3,56285.125,"(23, 23)",taxation,6,0.25,False,True,False
146,51-3,51455.875,"(6, 31)",taxation,6,0.25,False,True,False
146,4-3,36965.6875,"(15, 45)",taxation,6,0.25,False,True,False
146,111-3,53841.6875,"(15, 24)",taxation,6,0.25,False,True,False
146,91-3,53856.0625,"(27, 21)",taxation,6,0.25,False,True,False
146,95-3,56280.875,"(34, 36)",taxation,6,0.25,False,True,False
146,106-3,46616.8125,"(35, 35)",taxation,6,0.25,False,True,False
146,56-3,49028.5625,"(10, 27)",taxation,6,0.25,False,True,False
146,71-3,53858.9375,"(28, 20)",taxation,6,0.25,False,True,False
146,226-3,49021.0625,"(29, 26)",taxation,6,0.25,False,True,False
146,205-3,24921.8125,"(25, 22)",taxation,6,0.25,False,True,False
146,165-3,58648.25,"(18, 29)",taxation,6,0.25,False,True,False
146,231-3,32148.8125,"(30, 24)",taxation,6,0.25,False,True,False
146,25-3,44198.25,"(10, 41)",taxation,6,0.25,False,True,False
146,137-3,44191.375,"(35, 38)",taxation,6,0.25,False,True,False
146,73-3,51434.6875,"(15, 22)",taxation,6,0.25,False,True,False
146,214-3,32108.25,"(13, 27)",taxation,6,0.25,False,True,False
146,21-3,46599.6875,"(12, 25)",taxation,6,0.25,False,True,False
146,201-3,34519.9375,"(31, 22)",taxation,6,0.25,False,True,False
146,169-3,39373.25,"(19, 37)",taxation,6,0.25,False,True,False
146,110-3,56263.75,"(25, 21)",taxation,6,0.25,False,True,False
146,183-3,34546.0625,"(28, 24)",taxation,6,0.25,False,True,False
146,125-3,53817.5,"(17, 24)",taxation,6,0.25,False,True,False
146,168-3,53857.875,"(32, 31)",taxation,6,0.25,False,True,False
146,156-3,36976.625,"(14, 33)",taxation,6,0.25,False,True,False
146,53-3,32130.6875,"(35, 11)",taxation,6,0.25,False,True,False
146,122-3,41770.6875,"(0, 33)",taxation,6,0.25,False,True,False
146,234-3,51389.125,"(21, 31)",taxation,6,0.25,False,True,False
146,134-3,49015.0,"(27, 20)",taxation,6,0.25,False,True,False
146,141-3,39374.375,"(26, 15)",taxation,6,0.25,False,True,False
146,145-3,51404.0,"(25, 11)",taxation,6,0.25,False,True,False
146,209-3,56248.625,"(33, 12)",taxation,6,0.25,False,True,False
146,247-3,44176.75,"(29, 34)",taxation,6,0.25,False,True,False
146,203-3,58640.6875,"(10, 26)",taxation,6,0.25,False,True,False
146,50-3,56238.125,"(4, 31)",taxation,6,0.25,False,True,False
146,45-3,51413.8125,"(19, 34)",taxation,6,0.25,False,True,False
146,78-3,46599.6875,"(17, 29)",taxation,6,0.25,False,True,False
146,147-3,49010.5625,"(43, 8)",taxation,6,0.25,False,True,False
146,193-3,44189.125,"(31, 29)",taxation,6,0.25,False,True,False
146,5-3,22464.625,"(34, 31)",taxation,6,0.25,False,True,False
146,175-3,41751.375,"(16, 45)",taxation,6,0.25,False,True,False
146,196-3,34532.0,"(8, 26)",taxation,6,0.25,False,True,False
146,112-3,53824.625,"(17, 32)",taxation,6,0.25,False,True,False
146,113-3,51397.0625,"(4, 34)",taxation,6,0.25,False,True,False
146,55-3,53789.9375,"(33, 11)",taxation,6,0.25,False,True,False
146,33-3,39325.9375,"(9, 27)",taxation,6,0.25,False,True,False
146,68-3,41767.3125,"(32, 36)",taxation,6,0.25,False,True,False
146,161-3,41765.5,"(7, 33)",taxation,6,0.25,False,True,False
146,100-3,49011.5625,"(30, 19)",taxation,6,0.25,False,True,False
146,155-3,51416.4375,"(36, 32)",taxation,6,0.25,False,True,False
146,41-3,53832.0,"(26, 21)",taxation,6,0.25,False,True,False
146,115-3,53811.3125,"(15, 26)",taxation,6,0.25,False,True,False
146,207-3,39324.8125,"(32, 12)",taxation,6,0.25,False,True,False
146,120-3,56206.5,"(7, 26)",taxation,6,0.25,False,True,False
146,11-3,39314.1875,"(19, 20)",taxation,6,0.25,False,True,False
146,102-3,34520.125,"(29, 24)",taxation,6,0.25,False,True,False
146,130-3,53786.125,"(7, 27)",taxation,6,0.25,False,True,False
146,103-3,48979.875,"(32, 22)",taxation,6,0.25,False,True,False
146,202-3,56214.5,"(34, 10)",taxation,6,0.25,False,True,False
146,164-3,51394.4375,"(36, 23)",taxation,6,0.25,False,True,False
146,2-3,48980.8125,"(30, 4)",taxation,6,0.25,False,True,False
146,186-3,46601.1875,"(31, 15)",taxation,6,0.25,False,True,False
146,85-3,44156.75,"(18, 34)",taxation,6,0.25,False,True,False
146,64-3,48949.0,"(11, 48)",taxation,6,0.25,False,True,False
146,188-3,48974.125,"(31, 3)",taxation,6,0.25,False,True,False
146,32-3,53785.8125,"(15, 25)",taxation,6,0.25,False,True,False
146,57-3,44146.6875,"(30, 20)",taxation,6,0.25,False,True,False
146,132-3,53785.3125,"(30, 6)",taxation,6,0.25,False,True,False
146,163-3,58610.5,"(28, 21)",taxation,6,0.25,False,True,False
146,19-3,51383.0,"(35, 10)",taxation,6,0.25,False,True,False
146,107-3,53758.875,"(19, 43)",taxation,6,0.25,False,True,False
146,221-3,46558.625,"(2, 43)",taxation,6,0.25,False,True,False
146,96-3,56202.375,"(23, 22)",taxation,6,0.25,False,True,False
146,92-3,53771.25,"(21, 23)",taxation,6,0.25,False,True,False
146,116-3,53792.125,"(31, 14)",taxation,6,0.25,False,True,False
146,13-3,46570.6875,"(21, 24)",taxation,6,0.25,False,True,False
146,174-3,53795.125,"(15, 35)",taxation,6,0.25,False,True,False
146,69-3,53755.875,"(22, 27)",taxation,6,0.25,False,True,False
146,184-3,48925.9375,"(1, 31)",taxation,6,0.25,False,True,False
146,237-3,39302.3125,"(2, 27)",taxation,6,0.25,False,True,False
146,90-3,44143.875,"(24, 34)",taxation,6,0.25,False,True,False
146,18-3,56192.3125,"(35, 39)",taxation,6,0.25,False,True,False
146,121-3,48983.0,"(36, 26)",taxation,6,0.25,False,True,False
146,30-3,56187.9375,"(29, 16)",taxation,6,0.25,False,True,False
146,97-3,39282.3125,"(30, 14)",taxation,6,0.25,False,True,False
146,229-3,53809.6875,"(23, 32)",taxation,6,0.25,False,True,False
146,27-3,44123.0625,"(20, 25)",taxation,6,0.25,False,True,False
146,117-3,44114.625,"(37, 36)",taxation,6,0.25,False,True,False
146,80-3,53756.625,"(5, 32)",taxation,6,0.25,False,True,False
146,166-3,46524.4375,"(16, 26)",taxation,6,0.25,False,True,False
146,86-3,48969.5,"(40, 25)",taxation,6,0.25,False,True,False
146,160-3,44122.75,"(14, 26)",taxation,6,0.25,False,True,False
146,233-3,46538.4375,"(11, 31)",taxation,6,0.25,False,True,False
146,235-3,48919.9375,"(11, 27)",taxation,6,0.25,False,True,False
146,48-3,51313.5,"(6, 38)",taxation,6,0.25,False,True,False
146,88-3,48946.0,"(12, 27)",taxation,6,0.25,False,True,False
146,52-3,36889.4375,"(29, 21)",taxation,6,0.25,False,True,False
146,58-3,51319.875,"(48, 9)",taxation,6,0.25,False,True,False
146,248-3,48931.1875,"(43, 9)",taxation,6,0.25,False,True,False
146,108-3,27217.6875,"(14, 27)",taxation,6,0.25,False,True,False
146,82-3,51350.125,"(29, 30)",taxation,6,0.25,False,True,False
146,236-3,48927.9375,"(42, 9)",taxation,6,0.25,False,True,False
146,104-3,46553.125,"(30, 30)",taxation,6,0.25,False,True,False
146,152-3,51334.1875,"(11, 49)",taxation,6,0.25,False,True,False
146,109-3,48951.875,"(26, 22)",taxation,6,0.25,False,True,False
146,72-3,56150.875,"(23, 34)",taxation,6,0.25,False,True,False
146,127-3,51322.5,"(12, 20)",taxation,6,0.25,False,True,False
146,61-3,58579.1875,"(27, 19)",taxation,6,0.25,False,True,False
146,232-3,29613.6875,"(4, 45)",taxation,6,0.25,False,True,False
146,65-3,56142.9375,"(11, 26)",taxation,6,0.25,False,True,False
146,124-3,46519.1875,"(19, 29)",taxation,6,0.25,False,True,False
146,62-3,48927.125,"(32, 30)",taxation,6,0.25,False,True,False
146,59-3,44095.9375,"(27, 23)",taxation,6,0.25,False,True,False
146,89-3,51342.0625,"(29, 25)",taxation,6,0.25,False,True,False
146,26-3,39277.5625,"(17, 27)",taxation,6,0.25,False,True,False
146,14-3,12757.875,"(28, 25)",taxation,6,0.25,False,True,False
146,194-3,44110.625,"(8, 32)",taxation,6,0.25,False,True,False
146,37-3,51349.0625,"(32, 29)",taxation,6,0.25,False,True,False
146,36-3,36863.4375,"(35, 27)",taxation,6,0.25,False,True,False
146,7-3,36881.375,"(33, 13)",taxation,6,0.25,False,True,False
146,47-3,34439.3125,"(5, 46)",taxation,6,0.25,False,True,False
146,223-3,34453.5,"(27, 22)",taxation,6,0.25,False,True,False
146,129-3,46526.5,"(28, 18)",taxation,6,0.25,False,True,False
146,77-3,41679.125,"(22, 22)",taxation,6,0.25,False,True,False
146,43-3,48904.8125,"(37, 37)",taxation,6,0.25,False,True,False
146,128-3,53740.25,"(32, 8)",taxation,6,0.25,False,True,False
146,79-3,46502.1875,"(18, 24)",taxation,6,0.25,False,True,False
146,199-3,56124.25,"(30, 28)",taxation,6,0.25,False,True,False
146,136-3,39263.375,"(28, 16)",taxation,6,0.25,False,True,False
146,99-3,46492.9375,"(31, 26)",taxation,6,0.25,False,True,False
146,84-3,48902.625,"(15, 43)",taxation,6,0.25,False,True,False
146,123-3,56154.5625,"(29, 15)",taxation,6,0.25,False,True,False
146,119-3,48891.75,"(48, 6)",taxation,6,0.25,False,True,False
146,46-3,34424.5,"(2, 32)",taxation,6,0.25,False,True,False
146,190-3,48916.0625,"(34, 32)",taxation,6,0.25,False,True,False
146,215-3,53738.625,"(35, 16)",taxation,6,0.25,False,True,False
146,220-3,53740.25,"(20, 23)",taxation,6,0.25,False,True,False
146,157-3,46479.1875,"(31, 27)",taxation,6,0.25,False,True,False
146,245-3,53713.0625,"(29, 22)",taxation,6,0.25,False,True,False
146,195-3,22353.9375,"(13, 25)",taxation,6,0.25,False,True,False
146,15-3,44082.0625,"(22, 31)",taxation,6,0.25,False,True,False
146,224-3,41661.3125,"(31, 24)",taxation,6,0.25,False,True,False
146,87-3,48875.625,"(17, 23)",taxation,6,0.25,False,True,False
146,135-3,48887.0625,"(33, 31)",taxation,6,0.25,False,True,False
146,8-3,48890.25,"(31, 17)",taxation,6,0.25,False,True,False
146,227-3,53703.375,"(16, 23)",taxation,6,0.25,False,True,False
147,114-2,74861.75,"(25, 31)",taxation,6,0.25,False,True,False
147,24-2,52394.5,"(26, 27)",taxation,6,0.25,False,True,False
147,185-2,65213.5,"(36, 18)",taxation,6,0.25,False,True,False
147,218-2,74867.5,"(28, 33)",taxation,6,0.25,False,True,False
147,29-2,65184.25,"(19, 22)",taxation,6,0.25,False,True,False
147,178-2,71617.25,"(16, 27)",taxation,6,0.25,False,True,False
147,60-2,68399.25,"(28, 34)",taxation,6,0.25,False,True,False
147,192-2,58749.0,"(19, 24)",taxation,6,0.25,False,True,False
147,49-2,61988.5,"(27, 25)",taxation,6,0.25,False,True,False
147,81-2,62007.25,"(24, 23)",taxation,6,0.25,False,True,False
147,118-2,71593.5,"(16, 28)",taxation,6,0.25,False,True,False
147,34-2,58750.0,"(2, 24)",taxation,6,0.25,False,True,False
147,211-2,42659.75,"(28, 35)",taxation,6,0.25,False,True,False
147,177-2,65211.75,"(30, 9)",taxation,6,0.25,False,True,False
147,39-2,45888.5,"(20, 29)",taxation,6,0.25,False,True,False
147,131-2,65174.0,"(28, 30)",taxation,6,0.25,False,True,False
147,213-2,65185.5,"(38, 18)",taxation,6,0.25,False,True,False
147,9-2,55561.25,"(36, 6)",taxation,6,0.25,False,True,False
147,171-2,65181.5,"(1, 28)",taxation,6,0.25,False,True,False
147,230-2,52331.0,"(1, 30)",taxation,6,0.25,False,True,False
147,217-2,39471.5,"(19, 27)",taxation,6,0.25,False,True,False
147,244-2,74819.5,"(26, 11)",taxation,6,0.25,False,True,False
147,204-2,71603.5,"(25, 34)",taxation,6,0.25,False,True,False
147,105-2,58742.5,"(30, 29)",taxation,6,0.25,False,True,False
147,239-2,65171.5,"(29, 9)",taxation,6,0.25,False,True,False
147,243-2,61957.5,"(18, 35)",taxation,6,0.25,False,True,False
147,139-3,58754.6875,"(21, 20)",taxation,6,0.25,False,True,False
147,228-3,38633.25,"(0, 27)",taxation,6,0.25,False,True,False
147,197-2,52320.25,"(11, 47)",taxation,6,0.25,False,True,False
147,151-2,52277.25,"(1, 27)",taxation,6,0.25,False,True,False
147,191-2,74805.75,"(21, 29)",taxation,6,0.25,False,True,False
147,153-2,33004.0,"(16, 20)",taxation,6,0.25,False,True,False
147,159-2,52329.5,"(27, 29)",taxation,6,0.25,False,True,False
147,222-2,65182.5,"(14, 18)",taxation,6,0.25,False,True,False
147,200-2,61956.0,"(27, 24)",taxation,6,0.25,False,True,False
147,181-2,65152.250000000015,"(36, 9)",taxation,6,0.25,False,True,False
147,101-2,65195.75,"(13, 22)",taxation,6,0.25,False,True,False
147,35-2,65190.5,"(34, 16)",taxation,6,0.25,False,True,False
147,70-2,68399.0,"(26, 29)",taxation,6,0.25,False,True,False
147,238-2,65183.0,"(49, 4)",taxation,6,0.25,False,True,False
147,158-3,47448.75,"(16, 30)",taxation,6,0.25,False,True,False
147,20-2,61963.0,"(35, 5)",taxation,6,0.25,False,True,False
147,31-3,58704.625,"(34, 8)",taxation,6,0.25,False,True,False
147,179-3,42695.375,"(26, 25)",taxation,6,0.25,False,True,False
147,93-2,29806.0,"(22, 24)",taxation,6,0.25,False,True,False
147,3-2,39424.25,"(19, 28)",taxation,6,0.25,False,True,False
147,143-2,65167.75,"(27, 30)",taxation,6,0.25,False,True,False
147,219-3,57114.75,"(36, 17)",taxation,6,0.25,False,True,False
147,98-3,26609.75,"(24, 33)",taxation,6,0.25,False,True,False
147,138-2,68344.75,"(27, 31)",taxation,6,0.25,False,True,False
147,66-2,71587.75,"(33, 17)",taxation,6,0.25,False,True,False
147,210-2,78015.75,"(39, 9)",taxation,6,0.25,False,True,False
147,150-2,55498.25,"(21, 35)",taxation,6,0.25,False,True,False
147,44-2,42651.0,"(35, 6)",taxation,6,0.25,False,True,False
147,154-3,23345.75,"(0, 31)",taxation,6,0.25,False,True,False
147,126-2,65154.75,"(38, 8)",taxation,6,0.25,False,True,False
147,74-3,57119.0,"(18, 22)",taxation,6,0.25,False,True,False
147,28-3,45048.9375,"(8, 27)",taxation,6,0.25,False,True,False
147,146-3,20157.75,"(26, 24)",taxation,6,0.25,False,True,False
147,176-3,856.25,"(28, 27)",taxation,6,0.25,False,True,False
147,208-3,52305.9375,"(28, 31)",taxation,6,0.25,False,True,False
147,216-2,71574.0,"(23, 21)",taxation,6,0.25,False,True,False
147,187-3,26564.25,"(25, 29)",taxation,6,0.25,False,True,False
147,167-3,51506.3125,"(33, 6)",taxation,6,0.25,False,True,False
147,240-3,16913.75,"(4, 29)",taxation,6,0.25,False,True,False
147,140-3,881.75,"(14, 25)",taxation,6,0.25,False,True,False
147,149-3,44280.75,"(31, 21)",taxation,6,0.25,False,True,False
147,173-3,13755.75,"(31, 35)",taxation,6,0.25,False,True,False
147,246-3,49078.75,"(16, 21)",taxation,6,0.25,False,True,False
147,75-3,46656.75,"(22, 30)",taxation,6,0.25,False,True,False
147,12-2,61922.75,"(34, 5)",taxation,6,0.25,False,True,False
147,1-3,37831.1875,"(10, 22)",taxation,6,0.25,False,True,False
147,17-3,53892.375,"(39, 7)",taxation,6,0.25,False,True,False
147,67-2,49092.75,"(35, 7)",taxation,6,0.25,False,True,False
147,40-3,53912.75,"(27, 28)",taxation,6,0.25,False,True,False
147,23-3,53067.0,"(0, 40)",taxation,6,0.25,False,True,False
147,142-3,32185.8125,"(23, 26)",taxation,6,0.25,False,True,False
147,76-3,49075.562500000015,"(9, 25)",taxation,6,0.25,False,True,False
147,94-3,16932.5,"(2, 25)",taxation,6,0.25,False,True,False
147,241-3,46649.625,"(29, 35)",taxation,6,0.25,False,True,False
147,170-3,45082.3125,"(17, 19)",taxation,6,0.25,False,True,False
147,242-3,22551.9375,"(25, 24)",taxation,6,0.25,False,True,False
147,198-3,46677.625,"(28, 26)",taxation,6,0.25,False,True,False
147,10-3,51477.1875,"(3, 25)",taxation,6,0.25,False,True,False
147,172-3,53870.3125,"(18, 25)",taxation,6,0.25,False,True,False
147,189-3,44279.125,"(25, 19)",taxation,6,0.25,False,True,False
147,206-3,49860.4375,"(31, 34)",taxation,6,0.25,False,True,False
147,182-3,51433.1875,"(16, 46)",taxation,6,0.25,False,True,False
147,42-3,37043.625,"(10, 21)",taxation,6,0.25,False,True,False
147,148-3,39408.9375,"(21, 30)",taxation,6,0.25,False,True,False
147,0-3,34596.4375,"(17, 20)",taxation,6,0.25,False,True,False
147,212-3,51479.8125,"(22, 26)",taxation,6,0.25,False,True,False
147,225-3,51457.5625,"(35, 8)",taxation,6,0.25,False,True,False
147,6-3,56306.5,"(24, 29)",taxation,6,0.25,False,True,False
147,38-3,51459.125,"(27, 34)",taxation,6,0.25,False,True,False
147,54-3,49051.1875,"(4, 25)",taxation,6,0.25,False,True,False
147,63-3,46600.5625,"(1, 24)",taxation,6,0.25,False,True,False
147,144-3,49095.875,"(30, 26)",taxation,6,0.25,False,True,False
147,22-3,56283.75,"(23, 24)",taxation,6,0.25,False,True,False
147,162-3,51423.875,"(11, 46)",taxation,6,0.25,False,True,False
147,249-3,51506.75,"(36, 7)",taxation,6,0.25,False,True,False
147,180-3,49049.6875,"(34, 37)",taxation,6,0.25,False,True,False
147,83-3,53860.5625,"(26, 34)",taxation,6,0.25,False,True,False
147,133-3,44224.25,"(40, 11)",taxation,6,0.25,False,True,False
147,16-3,56294.125,"(23, 28)",taxation,6,0.25,False,True,False
147,51-3,51464.875,"(10, 25)",taxation,6,0.25,False,True,False
147,4-3,36972.6875,"(19, 42)",taxation,6,0.25,False,True,False
147,111-3,53849.6875,"(14, 21)",taxation,6,0.25,False,True,False
147,91-3,53865.0625,"(24, 25)",taxation,6,0.25,False,True,False
147,95-3,56288.875,"(29, 36)",taxation,6,0.25,False,True,False
147,106-3,46624.8125,"(29, 33)",taxation,6,0.25,False,True,False
147,56-3,49036.5625,"(10, 23)",taxation,6,0.25,False,True,False
147,71-3,53867.9375,"(26, 26)",taxation,6,0.25,False,True,False
147,226-3,49029.0625,"(25, 30)",taxation,6,0.25,False,True,False
147,205-3,24930.8125,"(25, 23)",taxation,6,0.25,False,True,False
147,165-3,58657.25,"(18, 28)",taxation,6,0.25,False,True,False
147,231-3,32154.8125,"(34, 29)",taxation,6,0.25,False,True,False
147,25-3,44203.25,"(16, 41)",taxation,6,0.25,False,True,False
147,137-3,44199.375,"(30, 36)",taxation,6,0.25,False,True,False
147,73-3,51442.6875,"(15, 20)",taxation,6,0.25,False,True,False
147,214-3,32115.25,"(8, 22)",taxation,6,0.25,False,True,False
147,21-3,46608.6875,"(12, 22)",taxation,6,0.25,False,True,False
147,201-3,34528.9375,"(25, 28)",taxation,6,0.25,False,True,False
147,169-3,39382.25,"(25, 33)",taxation,6,0.25,False,True,False
147,110-3,56272.75,"(26, 23)",taxation,6,0.25,False,True,False
147,183-3,34554.0625,"(24, 30)",taxation,6,0.25,False,True,False
147,125-3,53826.5,"(21, 27)",taxation,6,0.25,False,True,False
147,168-3,53866.875,"(29, 31)",taxation,6,0.25,False,True,False
147,156-3,36985.625,"(20, 27)",taxation,6,0.25,False,True,False
147,53-3,32138.6875,"(35, 12)",taxation,6,0.25,False,True,False
147,122-3,41776.6875,"(0, 30)",taxation,6,0.25,False,True,False
147,234-3,51398.125,"(22, 29)",taxation,6,0.25,False,True,False
147,134-3,49022.0,"(21, 17)",taxation,6,0.25,False,True,False
147,141-3,39382.375,"(22, 17)",taxation,6,0.25,False,True,False
147,145-3,51412.0,"(25, 13)",taxation,6,0.25,False,True,False
147,209-3,56256.625,"(37, 7)",taxation,6,0.25,False,True,False
147,247-3,44185.75,"(28, 32)",taxation,6,0.25,False,True,False
147,203-3,58648.6875,"(11, 24)",taxation,6,0.25,False,True,False
147,50-3,56246.125,"(2, 26)",taxation,6,0.25,False,True,False
147,45-3,51421.8125,"(21, 33)",taxation,6,0.25,False,True,False
147,78-3,46608.6875,"(17, 28)",taxation,6,0.25,False,True,False
147,147-3,49018.5625,"(42, 6)",taxation,6,0.25,False,True,False
147,193-3,44198.125,"(28, 28)",taxation,6,0.25,False,True,False
147,5-3,22472.625,"(31, 31)",taxation,6,0.25,False,True,False
147,175-3,41758.375,"(20, 44)",taxation,6,0.25,False,True,False
147,196-3,34540.0,"(9, 22)",taxation,6,0.25,False,True,False
147,112-3,53832.625,"(21, 32)",taxation,6,0.25,False,True,False
147,113-3,51403.0625,"(4, 30)",taxation,6,0.25,False,True,False
147,55-3,53798.9375,"(35, 9)",taxation,6,0.25,False,True,False
147,33-3,39333.9375,"(4, 23)",taxation,6,0.25,False,True,False
147,68-3,41775.3125,"(28, 36)",taxation,6,0.25,False,True,False
147,161-3,41772.5,"(5, 28)",taxation,6,0.25,False,True,False
147,100-3,49020.5625,"(25, 25)",taxation,6,0.25,False,True,False
147,155-3,51424.4375,"(32, 33)",taxation,6,0.25,False,True,False
147,41-3,53841.0,"(23, 25)",taxation,6,0.25,False,True,False
147,115-3,53820.3125,"(18, 26)",taxation,6,0.25,False,True,False
147,207-3,39332.8125,"(28, 10)",taxation,6,0.25,False,True,False
147,120-3,56214.5,"(7, 22)",taxation,6,0.25,False,True,False
147,11-3,39322.1875,"(18, 20)",taxation,6,0.25,False,True,False
147,102-3,34528.125,"(23, 30)",taxation,6,0.25,False,True,False
147,130-3,53794.125,"(5, 25)",taxation,6,0.25,False,True,False
147,103-3,48986.875,"(33, 27)",taxation,6,0.25,False,True,False
147,202-3,56222.5,"(34, 6)",taxation,6,0.25,False,True,False
147,164-3,51402.4375,"(32, 23)",taxation,6,0.25,False,True,False
147,2-3,48988.8125,"(31, 4)",taxation,6,0.25,False,True,False
147,186-3,46608.1875,"(36, 12)",taxation,6,0.25,False,True,False
147,85-3,44164.75,"(19, 33)",taxation,6,0.25,False,True,False
147,64-3,48955.0,"(17, 45)",taxation,6,0.25,False,True,False
147,188-3,48983.125,"(34, 7)",taxation,6,0.25,False,True,False
147,32-3,53794.8125,"(19, 26)",taxation,6,0.25,False,True,False
147,57-3,44151.6875,"(36, 14)",taxation,6,0.25,False,True,False
147,132-3,53793.3125,"(31, 5)",taxation,6,0.25,False,True,False
147,163-3,58619.5,"(24, 26)",taxation,6,0.25,False,True,False
147,19-3,51391.0,"(36, 11)",taxation,6,0.25,False,True,False
147,107-3,53766.875,"(24, 37)",taxation,6,0.25,False,True,False
147,221-3,46562.625,"(7, 38)",taxation,6,0.25,False,True,False
147,96-3,56211.375,"(22, 23)",taxation,6,0.25,False,True,False
147,92-3,53780.25,"(24, 27)",taxation,6,0.25,False,True,False
147,116-3,53800.125,"(32, 18)",taxation,6,0.25,False,True,False
147,13-3,46579.6875,"(21, 26)",taxation,6,0.25,False,True,False
147,174-3,53803.125,"(18, 33)",taxation,6,0.25,False,True,False
147,69-3,53763.875,"(23, 31)",taxation,6,0.25,False,True,False
147,184-3,48933.9375,"(1, 25)",taxation,6,0.25,False,True,False
147,237-3,39310.3125,"(3, 24)",taxation,6,0.25,False,True,False
147,90-3,44152.875,"(22, 28)",taxation,6,0.25,False,True,False
147,18-3,56200.3125,"(29, 38)",taxation,6,0.25,False,True,False
147,121-3,48991.0,"(32, 25)",taxation,6,0.25,False,True,False
147,30-3,56195.9375,"(30, 18)",taxation,6,0.25,False,True,False
147,97-3,39288.3125,"(31, 9)",taxation,6,0.25,False,True,False
147,229-3,53818.6875,"(24, 32)",taxation,6,0.25,False,True,False
147,27-3,44132.0625,"(21, 25)",taxation,6,0.25,False,True,False
147,117-3,44121.625,"(34, 38)",taxation,6,0.25,False,True,False
147,80-3,53763.625,"(4, 26)",taxation,6,0.25,False,True,False
147,166-3,46533.4375,"(21, 28)",taxation,6,0.25,False,True,False
147,86-3,48975.5,"(37, 26)",taxation,6,0.25,False,True,False
147,160-3,44130.75,"(17, 30)",taxation,6,0.25,False,True,False
147,233-3,46547.4375,"(17, 26)",taxation,6,0.25,False,True,False
147,235-3,48926.9375,"(10, 24)",taxation,6,0.25,False,True,False
147,48-3,51318.5,"(5, 34)",taxation,6,0.25,False,True,False
147,88-3,48955.0,"(17, 21)",taxation,6,0.25,False,True,False
147,52-3,36898.4375,"(28, 23)",taxation,6,0.25,False,True,False
147,58-3,51327.875,"(46, 5)",taxation,6,0.25,False,True,False
147,248-3,48939.1875,"(43, 5)",taxation,6,0.25,False,True,False
147,108-3,27225.6875,"(13, 21)",taxation,6,0.25,False,True,False
147,82-3,51358.125,"(27, 32)",taxation,6,0.25,False,True,False
147,236-3,48936.9375,"(41, 10)",taxation,6,0.25,False,True,False
147,104-3,46562.125,"(29, 29)",taxation,6,0.25,False,True,False
147,152-3,51339.1875,"(16, 49)",taxation,6,0.25,False,True,False
147,109-3,48960.875,"(25, 26)",taxation,6,0.25,False,True,False
147,72-3,56159.875,"(23, 29)",taxation,6,0.25,False,True,False
147,127-3,51330.5,"(12, 21)",taxation,6,0.25,False,True,False
147,61-3,58588.1875,"(24, 24)",taxation,6,0.25,False,True,False
147,232-3,29617.6875,"(10, 40)",taxation,6,0.25,False,True,False
147,65-3,56150.9375,"(11, 22)",taxation,6,0.25,False,True,False
147,124-3,46528.1875,"(20, 28)",taxation,6,0.25,False,True,False
147,62-3,48935.125,"(27, 33)",taxation,6,0.25,False,True,False
147,59-3,44103.9375,"(21, 21)",taxation,6,0.25,False,True,False
147,89-3,51351.0625,"(27, 26)",taxation,6,0.25,False,True,False
147,26-3,39285.5625,"(20, 22)",taxation,6,0.25,False,True,False
147,14-3,12766.875,"(25, 27)",taxation,6,0.25,False,True,False
147,194-3,44116.625,"(8, 31)",taxation,6,0.25,False,True,False
147,37-3,51358.0625,"(28, 29)",taxation,6,0.25,False,True,False
147,36-3,36872.4375,"(29, 28)",taxation,6,0.25,False,True,False
147,7-3,36889.375,"(39, 8)",taxation,6,0.25,False,True,False
147,47-3,34443.3125,"(11, 44)",taxation,6,0.25,False,True,False
147,223-3,34462.5,"(27, 27)",taxation,6,0.25,False,True,False
147,129-3,46531.5,"(24, 12)",taxation,6,0.25,False,True,False
147,77-3,41688.125,"(22, 25)",taxation,6,0.25,False,True,False
147,43-3,48912.8125,"(31, 37)",taxation,6,0.25,False,True,False
147,128-3,53748.25,"(32, 5)",taxation,6,0.25,False,True,False
147,79-3,46511.1875,"(20, 26)",taxation,6,0.25,False,True,False
147,199-3,56133.25,"(26, 28)",taxation,6,0.25,False,True,False
147,136-3,39271.375,"(30, 17)",taxation,6,0.25,False,True,False
147,99-3,46500.9375,"(26, 32)",taxation,6,0.25,False,True,False
147,84-3,48909.625,"(17, 39)",taxation,6,0.25,False,True,False
147,123-3,56162.5625,"(32, 17)",taxation,6,0.25,False,True,False
147,119-3,48899.75,"(48, 4)",taxation,6,0.25,False,True,False
147,46-3,34431.5,"(1, 26)",taxation,6,0.25,False,True,False
147,190-3,48924.0625,"(31, 32)",taxation,6,0.25,False,True,False
147,215-3,53746.625,"(31, 20)",taxation,6,0.25,False,True,False
147,220-3,53749.25,"(20, 24)",taxation,6,0.25,False,True,False
147,157-3,46487.1875,"(26, 31)",taxation,6,0.25,False,True,False
147,245-3,53720.0625,"(24, 28)",taxation,6,0.25,False,True,False
147,195-3,22362.9375,"(16, 25)",taxation,6,0.25,False,True,False
147,15-3,44090.0625,"(24, 31)",taxation,6,0.25,False,True,False
147,224-3,41669.3125,"(26, 30)",taxation,6,0.25,False,True,False
147,87-3,48884.625,"(17, 25)",taxation,6,0.25,False,True,False
147,135-3,48895.0625,"(30, 31)",taxation,6,0.25,False,True,False
147,8-3,48898.25,"(31, 18)",taxation,6,0.25,False,True,False
147,227-3,53712.375,"(16, 24)",taxation,6,0.25,False,True,False
148,24-2,52396.5,"(32, 26)",taxation,6,0.25,False,True,False
148,185-2,65220.5,"(40, 14)",taxation,6,0.25,False,True,False
148,29-2,65192.25,"(13, 17)",taxation,6,0.25,False,True,False
148,192-2,58754.0,"(14, 19)",taxation,6,0.25,False,True,False
148,81-2,62012.25,"(19, 17)",taxation,6,0.25,False,True,False
148,211-2,42667.75,"(27, 39)",taxation,6,0.25,False,True,False
148,177-2,65219.75,"(35, 3)",taxation,6,0.25,False,True,False
148,39-2,45893.5,"(17, 35)",taxation,6,0.25,False,True,False
148,131-2,65180.0,"(33, 36)",taxation,6,0.25,False,True,False
148,213-2,65193.5,"(39, 13)",taxation,6,0.25,False,True,False
148,9-2,55570.25,"(36, 4)",taxation,6,0.25,False,True,False
148,171-2,65188.5,"(5, 26)",taxation,6,0.25,False,True,False
148,230-2,52339.0,"(0, 26)",taxation,6,0.25,False,True,False
148,217-2,39474.5,"(14, 29)",taxation,6,0.25,False,True,False
148,204-2,71611.5,"(23, 39)",taxation,6,0.25,False,True,False
148,105-2,58747.5,"(36, 31)",taxation,6,0.25,False,True,False
148,239-2,65179.5,"(30, 3)",taxation,6,0.25,False,True,False
148,243-2,61965.5,"(23, 40)",taxation,6,0.25,False,True,False
148,139-3,58761.6875,"(16, 14)",taxation,6,0.25,False,True,False
148,228-3,38641.25,"(0, 24)",taxation,6,0.25,False,True,False
148,197-2,52326.25,"(17, 47)",taxation,6,0.25,False,True,False
148,151-2,52285.25,"(1, 21)",taxation,6,0.25,False,True,False
148,191-2,74809.75,"(16, 33)",taxation,6,0.25,False,True,False
148,153-2,33013.0,"(12, 18)",taxation,6,0.25,False,True,False
148,159-2,52338.5,"(25, 35)",taxation,6,0.25,False,True,False
148,222-2,65190.5,"(12, 16)",taxation,6,0.25,False,True,False
148,200-2,61959.0,"(32, 20)",taxation,6,0.25,False,True,False
148,181-2,65161.250000000015,"(40, 3)",taxation,6,0.25,False,True,False
148,101-2,65204.75,"(8, 17)",taxation,6,0.25,False,True,False
148,35-2,65198.5,"(38, 11)",taxation,6,0.25,False,True,False
148,70-2,68401.0,"(22, 33)",taxation,6,0.25,False,True,False
148,238-2,65192.0,"(49, 3)",taxation,6,0.25,False,True,False
148,158-3,47456.75,"(19, 36)",taxation,6,0.25,False,True,False
148,20-2,61972.0,"(39, 1)",taxation,6,0.25,False,True,False
148,31-3,58713.625,"(34, 4)",taxation,6,0.25,False,True,False
148,179-3,42697.375,"(32, 24)",taxation,6,0.25,False,True,False
148,93-2,29812.0,"(16, 18)",taxation,6,0.25,False,True,False
148,3-2,39429.25,"(13, 30)",taxation,6,0.25,False,True,False
148,143-2,65169.75,"(33, 30)",taxation,6,0.25,False,True,False
148,219-3,57121.75,"(41, 13)",taxation,6,0.25,False,True,False
148,98-3,26617.75,"(24, 39)",taxation,6,0.25,False,True,False
148,138-2,68348.75,"(33, 35)",taxation,6,0.25,False,True,False
148,66-2,71594.75,"(39, 12)",taxation,6,0.25,False,True,False
148,210-2,78024.75,"(42, 5)",taxation,6,0.25,False,True,False
148,150-2,55506.25,"(20, 36)",taxation,6,0.25,False,True,False
148,44-2,42659.0,"(37, 4)",taxation,6,0.25,False,True,False
148,154-3,23352.75,"(0, 29)",taxation,6,0.25,False,True,False
148,126-2,65163.75,"(40, 2)",taxation,6,0.25,False,True,False
148,74-3,57127.0,"(13, 16)",taxation,6,0.25,False,True,False
148,28-3,45056.9375,"(6, 23)",taxation,6,0.25,False,True,False
148,146-3,20159.75,"(30, 21)",taxation,6,0.25,False,True,False
148,176-3,861.25,"(23, 33)",taxation,6,0.25,False,True,False
148,208-3,52311.9375,"(30, 37)",taxation,6,0.25,False,True,False
148,216-2,71578.0,"(20, 16)",taxation,6,0.25,False,True,False
148,187-3,26566.25,"(20, 32)",taxation,6,0.25,False,True,False
148,167-3,51514.3125,"(34, 3)",taxation,6,0.25,False,True,False
148,240-3,16921.75,"(0, 25)",taxation,6,0.25,False,True,False
148,140-3,889.75,"(9, 20)",taxation,6,0.25,False,True,False
148,149-3,44284.75,"(35, 20)",taxation,6,0.25,False,True,False
148,173-3,13763.75,"(33, 39)",taxation,6,0.25,False,True,False
148,246-3,49087.75,"(18, 18)",taxation,6,0.25,False,True,False
148,75-3,46660.75,"(17, 34)",taxation,6,0.25,False,True,False
148,12-2,61930.75,"(36, 3)",taxation,6,0.25,False,True,False
148,1-3,37840.1875,"(7, 18)",taxation,6,0.25,False,True,False
148,17-3,53901.375,"(38, 4)",taxation,6,0.25,False,True,False
148,67-2,49101.75,"(35, 4)",taxation,6,0.25,False,True,False
148,40-3,53921.75,"(25, 32)",taxation,6,0.25,False,True,False
148,23-3,53072.0,"(1, 34)",taxation,6,0.25,False,True,False
148,142-3,32187.8125,"(18, 30)",taxation,6,0.25,False,True,False
148,76-3,49083.562500000015,"(6, 21)",taxation,6,0.25,False,True,False
148,94-3,16940.5,"(2, 20)",taxation,6,0.25,False,True,False
148,241-3,46658.625,"(27, 37)",taxation,6,0.25,False,True,False
148,170-3,45090.3125,"(15, 16)",taxation,6,0.25,False,True,False
148,242-3,22553.9375,"(25, 20)",taxation,6,0.25,False,True,False
148,198-3,46681.625,"(34, 22)",taxation,6,0.25,False,True,False
148,10-3,51486.1875,"(4, 22)",taxation,6,0.25,False,True,False
148,172-3,53875.3125,"(12, 29)",taxation,6,0.25,False,True,False
148,189-3,44284.125,"(20, 13)",taxation,6,0.25,False,True,False
148,206-3,49869.4375,"(28, 37)",taxation,6,0.25,False,True,False
148,182-3,51440.1875,"(18, 45)",taxation,6,0.25,False,True,False
148,42-3,37051.625,"(10, 19)",taxation,6,0.25,False,True,False
148,148-3,39412.9375,"(16, 34)",taxation,6,0.25,False,True,False
148,0-3,34604.4375,"(17, 18)",taxation,6,0.25,False,True,False
148,212-3,51484.8125,"(16, 22)",taxation,6,0.25,False,True,False
148,225-3,51466.5625,"(38, 3)",taxation,6,0.25,False,True,False
148,6-3,56308.5,"(19, 31)",taxation,6,0.25,False,True,False
148,38-3,51468.125,"(26, 36)",taxation,6,0.25,False,True,False
148,54-3,49059.1875,"(2, 21)",taxation,6,0.25,False,True,False
148,63-3,46609.5625,"(2, 23)",taxation,6,0.25,False,True,False
148,144-3,49102.875,"(35, 30)",taxation,6,0.25,False,True,False
148,22-3,56285.75,"(20, 20)",taxation,6,0.25,False,True,False
148,162-3,51429.875,"(16, 48)",taxation,6,0.25,False,True,False
148,249-3,51515.75,"(41, 2)",taxation,6,0.25,False,True,False
148,180-3,49057.6875,"(34, 39)",taxation,6,0.25,False,True,False
148,83-3,53868.5625,"(26, 38)",taxation,6,0.25,False,True,False
148,133-3,44233.25,"(41, 5)",taxation,6,0.25,False,True,False
148,16-3,56297.125,"(17, 33)",taxation,6,0.25,False,True,False
148,51-3,51472.875,"(9, 21)",taxation,6,0.25,False,True,False
148,4-3,36980.6875,"(22, 40)",taxation,6,0.25,False,True,False
148,111-3,53857.6875,"(11, 17)",taxation,6,0.25,False,True,False
148,91-3,53871.0625,"(19, 21)",taxation,6,0.25,False,True,False
148,95-3,56296.875,"(29, 40)",taxation,6,0.25,False,True,False
148,106-3,46633.8125,"(27, 35)",taxation,6,0.25,False,True,False
148,56-3,49045.5625,"(6, 19)",taxation,6,0.25,False,True,False
148,71-3,53870.9375,"(32, 21)",taxation,6,0.25,False,True,False
148,226-3,49031.0625,"(20, 33)",taxation,6,0.25,False,True,False
148,205-3,24935.8125,"(20, 17)",taxation,6,0.25,False,True,False
148,165-3,58664.25,"(23, 27)",taxation,6,0.25,False,True,False
148,231-3,32160.8125,"(37, 34)",taxation,6,0.25,False,True,False
148,25-3,44211.25,"(20, 37)",taxation,6,0.25,False,True,False
148,137-3,44207.375,"(32, 38)",taxation,6,0.25,False,True,False
148,73-3,51451.6875,"(9, 17)",taxation,6,0.25,False,True,False
148,214-3,32124.25,"(6, 20)",taxation,6,0.25,False,True,False
148,21-3,46617.6875,"(7, 19)",taxation,6,0.25,False,True,False
148,201-3,34532.9375,"(21, 34)",taxation,6,0.25,False,True,False
148,169-3,39391.25,"(25, 37)",taxation,6,0.25,False,True,False
148,110-3,56274.75,"(24, 19)",taxation,6,0.25,False,True,False
148,183-3,34562.0625,"(21, 36)",taxation,6,0.25,False,True,False
148,125-3,53829.5,"(16, 32)",taxation,6,0.25,False,True,False
148,168-3,53873.875,"(35, 37)",taxation,6,0.25,False,True,False
148,156-3,36990.625,"(15, 23)",taxation,6,0.25,False,True,False
148,53-3,32146.6875,"(38, 12)",taxation,6,0.25,False,True,False
148,122-3,41783.6875,"(3, 26)",taxation,6,0.25,False,True,False
148,234-3,51400.125,"(18, 31)",taxation,6,0.25,False,True,False
148,134-3,49029.0,"(16, 13)",taxation,6,0.25,False,True,False
148,141-3,39391.375,"(19, 18)",taxation,6,0.25,False,True,False
148,145-3,51419.0,"(21, 12)",taxation,6,0.25,False,True,False
148,209-3,56265.625,"(42, 3)",taxation,6,0.25,False,True,False
148,247-3,44193.75,"(23, 38)",taxation,6,0.25,False,True,False
148,203-3,58657.6875,"(12, 19)",taxation,6,0.25,False,True,False
148,50-3,56255.125,"(3, 22)",taxation,6,0.25,False,True,False
148,45-3,51430.8125,"(25, 36)",taxation,6,0.25,False,True,False
148,78-3,46614.6875,"(11, 25)",taxation,6,0.25,False,True,False
148,147-3,49027.5625,"(42, 4)",taxation,6,0.25,False,True,False
148,193-3,44203.125,"(22, 34)",taxation,6,0.25,False,True,False
148,5-3,22480.625,"(31, 36)",taxation,6,0.25,False,True,False
148,175-3,41766.375,"(20, 42)",taxation,6,0.25,False,True,False
148,196-3,34548.0,"(8, 20)",taxation,6,0.25,False,True,False
148,112-3,53841.625,"(26, 37)",taxation,6,0.25,False,True,False
148,113-3,51410.0625,"(4, 27)",taxation,6,0.25,False,True,False
148,55-3,53807.9375,"(36, 5)",taxation,6,0.25,False,True,False
148,33-3,39341.9375,"(3, 21)",taxation,6,0.25,False,True,False
148,68-3,41783.3125,"(30, 39)",taxation,6,0.25,False,True,False
148,161-3,41779.5,"(5, 27)",taxation,6,0.25,False,True,False
148,100-3,49022.5625,"(26, 19)",taxation,6,0.25,False,True,False
148,155-3,51432.4375,"(32, 37)",taxation,6,0.25,False,True,False
148,41-3,53845.0,"(17, 22)",taxation,6,0.25,False,True,False
148,115-3,53826.3125,"(13, 23)",taxation,6,0.25,False,True,False
148,207-3,39339.8125,"(30, 8)",taxation,6,0.25,False,True,False
148,120-3,56223.5,"(5, 20)",taxation,6,0.25,False,True,False
148,11-3,39331.1875,"(17, 17)",taxation,6,0.25,False,True,False
148,102-3,34530.125,"(20, 34)",taxation,6,0.25,False,True,False
148,130-3,53803.125,"(3, 23)",taxation,6,0.25,False,True,False
148,103-3,48993.875,"(36, 33)",taxation,6,0.25,False,True,False
148,202-3,56231.5,"(39, 2)",taxation,6,0.25,False,True,False
148,164-3,51407.4375,"(36, 20)",taxation,6,0.25,False,True,False
148,2-3,48996.8125,"(31, 2)",taxation,6,0.25,False,True,False
148,186-3,46616.1875,"(41, 9)",taxation,6,0.25,False,True,False
148,85-3,44173.75,"(24, 36)",taxation,6,0.25,False,True,False
148,64-3,48963.0,"(22, 43)",taxation,6,0.25,False,True,False
148,188-3,48991.125,"(37, 3)",taxation,6,0.25,False,True,False
148,32-3,53799.8125,"(14, 22)",taxation,6,0.25,False,True,False
148,57-3,44158.6875,"(37, 10)",taxation,6,0.25,False,True,False
148,132-3,53801.3125,"(33, 2)",taxation,6,0.25,False,True,False
148,163-3,58620.5,"(22, 27)",taxation,6,0.25,False,True,False
148,19-3,51399.0,"(39, 6)",taxation,6,0.25,False,True,False
148,107-3,53774.875,"(24, 38)",taxation,6,0.25,False,True,False
148,221-3,46568.625,"(8, 33)",taxation,6,0.25,False,True,False
148,96-3,56214.375,"(20, 18)",taxation,6,0.25,False,True,False
148,92-3,53783.25,"(18, 21)",taxation,6,0.25,False,True,False
148,116-3,53806.125,"(37, 14)",taxation,6,0.25,False,True,False
148,13-3,46582.6875,"(15, 31)",taxation,6,0.25,False,True,False
148,174-3,53811.125,"(21, 38)",taxation,6,0.25,False,True,False
148,69-3,53769.875,"(22, 37)",taxation,6,0.25,False,True,False
148,184-3,48941.9375,"(1, 22)",taxation,6,0.25,False,True,False
148,237-3,39319.3125,"(4, 21)",taxation,6,0.25,False,True,False
148,90-3,44154.875,"(18, 32)",taxation,6,0.25,False,True,False
148,18-3,56208.3125,"(28, 38)",taxation,6,0.25,False,True,False
148,121-3,48998.0,"(37, 27)",taxation,6,0.25,False,True,False
148,30-3,56200.9375,"(33, 18)",taxation,6,0.25,False,True,False
148,97-3,39296.3125,"(37, 9)",taxation,6,0.25,False,True,False
148,229-3,53827.6875,"(23, 35)",taxation,6,0.25,False,True,False
148,27-3,44135.0625,"(16, 31)",taxation,6,0.25,False,True,False
148,117-3,44129.625,"(33, 38)",taxation,6,0.25,False,True,False
148,80-3,53771.625,"(1, 23)",taxation,6,0.25,False,True,False
148,166-3,46537.4375,"(15, 34)",taxation,6,0.25,False,True,False
148,86-3,48981.5,"(38, 28)",taxation,6,0.25,False,True,False
148,160-3,44138.75,"(19, 35)",taxation,6,0.25,False,True,False
148,233-3,46554.4375,"(11, 23)",taxation,6,0.25,False,True,False
148,235-3,48934.9375,"(8, 19)",taxation,6,0.25,False,True,False
148,48-3,51325.5,"(0, 28)",taxation,6,0.25,False,True,False
148,88-3,48963.0,"(14, 16)",taxation,6,0.25,False,True,False
148,52-3,36901.4375,"(33, 20)",taxation,6,0.25,False,True,False
148,58-3,51336.875,"(46, 4)",taxation,6,0.25,False,True,False
148,248-3,48948.1875,"(43, 4)",taxation,6,0.25,False,True,False
148,108-3,27234.6875,"(13, 18)",taxation,6,0.25,False,True,False
148,82-3,51367.125,"(26, 33)",taxation,6,0.25,False,True,False
148,236-3,48945.9375,"(44, 5)",taxation,6,0.25,False,True,False
148,104-3,46568.125,"(35, 29)",taxation,6,0.25,False,True,False
148,152-3,51347.1875,"(20, 43)",taxation,6,0.25,False,True,False
148,109-3,48962.875,"(21, 22)",taxation,6,0.25,False,True,False
148,72-3,56164.875,"(20, 35)",taxation,6,0.25,False,True,False
148,127-3,51339.5,"(9, 18)",taxation,6,0.25,False,True,False
148,61-3,58591.1875,"(21, 18)",taxation,6,0.25,False,True,False
148,232-3,29622.6875,"(11, 40)",taxation,6,0.25,False,True,False
148,65-3,56159.9375,"(7, 20)",taxation,6,0.25,False,True,False
148,124-3,46532.1875,"(14, 30)",taxation,6,0.25,False,True,False
148,62-3,48943.125,"(32, 39)",taxation,6,0.25,False,True,False
148,59-3,44112.9375,"(20, 21)",taxation,6,0.25,False,True,False
148,89-3,51355.0625,"(33, 23)",taxation,6,0.25,False,True,False
148,26-3,39293.5625,"(15, 17)",taxation,6,0.25,False,True,False
148,14-3,12768.875,"(31, 23)",taxation,6,0.25,False,True,False
148,194-3,44123.625,"(5, 29)",taxation,6,0.25,False,True,False
148,37-3,51363.0625,"(32, 35)",taxation,6,0.25,False,True,False
148,36-3,36876.4375,"(35, 28)",taxation,6,0.25,False,True,False
148,7-3,36898.375,"(38, 6)",taxation,6,0.25,False,True,False
148,47-3,34449.3125,"(16, 47)",taxation,6,0.25,False,True,False
148,223-3,34466.5,"(29, 32)",taxation,6,0.25,False,True,False
148,129-3,46538.5,"(27, 7)",taxation,6,0.25,False,True,False
148,77-3,41690.125,"(22, 21)",taxation,6,0.25,False,True,False
148,43-3,48920.8125,"(31, 39)",taxation,6,0.25,False,True,False
148,128-3,53757.25,"(33, 3)",taxation,6,0.25,False,True,False
148,79-3,46515.1875,"(15, 30)",taxation,6,0.25,False,True,False
148,199-3,56137.25,"(31, 33)",taxation,6,0.25,False,True,False
148,136-3,39277.375,"(34, 13)",taxation,6,0.25,False,True,False
148,99-3,46508.9375,"(29, 37)",taxation,6,0.25,False,True,False
148,84-3,48918.625,"(22, 35)",taxation,6,0.25,False,True,False
148,123-3,56168.5625,"(37, 11)",taxation,6,0.25,False,True,False
148,119-3,48908.75,"(48, 3)",taxation,6,0.25,False,True,False
148,46-3,34439.5,"(1, 20)",taxation,6,0.25,False,True,False
148,190-3,48932.0625,"(33, 37)",taxation,6,0.25,False,True,False
148,215-3,53751.625,"(35, 19)",taxation,6,0.25,False,True,False
148,220-3,53755.25,"(14, 24)",taxation,6,0.25,False,True,False
148,157-3,46495.1875,"(21, 37)",taxation,6,0.25,False,True,False
148,245-3,53722.0625,"(19, 32)",taxation,6,0.25,False,True,False
148,195-3,22370.9375,"(16, 19)",taxation,6,0.25,False,True,False
148,15-3,44092.0625,"(18, 37)",taxation,6,0.25,False,True,False
148,224-3,41678.3125,"(26, 35)",taxation,6,0.25,False,True,False
148,87-3,48891.625,"(11, 20)",taxation,6,0.25,False,True,False
148,135-3,48904.0625,"(27, 36)",taxation,6,0.25,False,True,False
148,8-3,48903.25,"(34, 19)",taxation,6,0.25,False,True,False
148,227-3,53721.375,"(18, 19)",taxation,6,0.25,False,True,False
148,178-3,53718.1875,"(12, 23)",taxation,6,0.25,False,True,False
148,114-3,56152.3125,"(23, 36)",taxation,6,0.25,False,True,False
148,118-3,53699.625,"(11, 29)",taxation,6,0.25,False,True,False
148,244-3,56119.875,"(27, 6)",taxation,6,0.25,False,True,False
148,34-3,44068.5,"(0, 22)",taxation,6,0.25,False,True,False
148,60-3,51305.4375,"(26, 39)",taxation,6,0.25,False,True,False
148,218-3,56155.125,"(31, 38)",taxation,6,0.25,False,True,False
148,49-3,46492.875,"(33, 25)",taxation,6,0.25,False,True,False
149,29-2,65201.25,"(7, 15)",taxation,6,0.25,False,True,False
149,192-2,58762.0,"(9, 14)",taxation,6,0.25,False,True,False
149,81-2,62019.25,"(15, 12)",taxation,6,0.25,False,True,False
149,211-2,42675.75,"(27, 44)",taxation,6,0.25,False,True,False
149,177-2,65228.75,"(35, 1)",taxation,6,0.25,False,True,False
149,39-2,45901.5,"(20, 41)",taxation,6,0.25,False,True,False
149,131-2,65188.0,"(36, 39)",taxation,6,0.25,False,True,False
149,213-2,65202.5,"(44, 7)",taxation,6,0.25,False,True,False
149,9-2,55579.25,"(36, 1)",taxation,6,0.25,False,True,False
149,171-2,65196.5,"(5, 21)",taxation,6,0.25,False,True,False
149,230-2,52347.0,"(0, 21)",taxation,6,0.25,False,True,False
149,217-2,39481.5,"(8, 25)",taxation,6,0.25,False,True,False
149,204-2,71620.5,"(23, 41)",taxation,6,0.25,False,True,False
149,105-2,58754.5,"(40, 36)",taxation,6,0.25,False,True,False
149,239-2,65188.5,"(31, 1)",taxation,6,0.25,False,True,False
149,243-2,61973.5,"(22, 42)",taxation,6,0.25,False,True,False
149,139-3,58770.6875,"(11, 15)",taxation,6,0.25,False,True,False
149,197-2,52334.25,"(20, 46)",taxation,6,0.25,False,True,False
149,151-2,52294.25,"(3, 19)",taxation,6,0.25,False,True,False
149,191-2,74815.75,"(15, 39)",taxation,6,0.25,False,True,False
149,153-2,33022.0,"(8, 15)",taxation,6,0.25,False,True,False
149,159-2,52345.5,"(25, 40)",taxation,6,0.25,False,True,False
149,222-2,65197.5,"(13, 12)",taxation,6,0.25,False,True,False
149,200-2,61965.0,"(38, 15)",taxation,6,0.25,False,True,False
149,181-2,65170.250000000015,"(41, 1)",taxation,6,0.25,False,True,False
149,101-2,65213.75,"(7, 16)",taxation,6,0.25,False,True,False
149,35-2,65206.5,"(38, 9)",taxation,6,0.25,False,True,False
149,70-2,68408.0,"(20, 39)",taxation,6,0.25,False,True,False
149,238-2,65201.0,"(49, 1)",taxation,6,0.25,False,True,False
149,158-3,47463.75,"(21, 41)",taxation,6,0.25,False,True,False
149,20-2,61982.0,"(45, 3)",taxation,6,0.25,False,True,False
149,31-3,58722.625,"(36, 2)",taxation,6,0.25,False,True,False
149,179-3,42702.375,"(38, 24)",taxation,6,0.25,False,True,False
149,93-2,29819.0,"(11, 19)",taxation,6,0.25,False,True,False
149,3-2,39436.25,"(8, 28)",taxation,6,0.25,False,True,False
149,143-2,65175.75,"(37, 33)",taxation,6,0.25,False,True,False
149,219-3,57130.75,"(46, 7)",taxation,6,0.25,False,True,False
149,98-3,26626.75,"(28, 42)",taxation,6,0.25,False,True,False
149,138-2,68355.75,"(28, 41)",taxation,6,0.25,False,True,False
149,66-2,71603.75,"(45, 7)",taxation,6,0.25,False,True,False
149,210-2,78034.75,"(43, 3)",taxation,6,0.25,False,True,False
149,150-2,55514.25,"(21, 42)",taxation,6,0.25,False,True,False
149,44-2,42668.0,"(37, 0)",taxation,6,0.25,False,True,False
149,154-3,23359.75,"(3, 29)",taxation,6,0.25,False,True,False
149,126-2,65173.75,"(42, 2)",taxation,6,0.25,False,True,False
149,74-3,57135.0,"(10, 13)",taxation,6,0.25,False,True,False
149,28-3,45064.9375,"(6, 22)",taxation,6,0.25,False,True,False
149,146-3,20164.75,"(35, 23)",taxation,6,0.25,False,True,False
149,176-3,867.25,"(28, 39)",taxation,6,0.25,False,True,False
149,208-3,52320.9375,"(31, 43)",taxation,6,0.25,False,True,False
149,216-2,71585.0,"(15, 11)",taxation,6,0.25,False,True,False
149,187-3,26573.25,"(22, 38)",taxation,6,0.25,False,True,False
149,167-3,51523.3125,"(34, 2)",taxation,6,0.25,False,True,False
149,240-3,16929.75,"(0, 23)",taxation,6,0.25,False,True,False
149,140-3,897.75,"(4, 20)",taxation,6,0.25,False,True,False
149,149-3,44291.75,"(40, 18)",taxation,6,0.25,False,True,False
149,173-3,13772.75,"(33, 40)",taxation,6,0.25,False,True,False
149,246-3,49095.75,"(12, 13)",taxation,6,0.25,False,True,False
149,75-3,46667.75,"(19, 38)",taxation,6,0.25,False,True,False
149,12-2,61939.75,"(37, 2)",taxation,6,0.25,False,True,False
149,1-3,37849.1875,"(8, 18)",taxation,6,0.25,False,True,False
149,17-3,53910.375,"(37, 1)",taxation,6,0.25,False,True,False
149,67-2,49110.75,"(35, 2)",taxation,6,0.25,False,True,False
149,40-3,53927.75,"(25, 38)",taxation,6,0.25,False,True,False
149,23-3,53079.0,"(3, 32)",taxation,6,0.25,False,True,False
149,142-3,32192.8125,"(13, 34)",taxation,6,0.25,False,True,False
149,76-3,49091.562500000015,"(3, 17)",taxation,6,0.25,False,True,False
149,94-3,16948.5,"(3, 20)",taxation,6,0.25,False,True,False
149,241-3,46666.625,"(26, 43)",taxation,6,0.25,False,True,False
149,170-3,45099.3125,"(9, 15)",taxation,6,0.25,False,True,False
149,242-3,22557.9375,"(24, 16)",taxation,6,0.25,False,True,False
149,198-3,46688.625,"(40, 17)",taxation,6,0.25,False,True,False
149,10-3,51495.1875,"(5, 18)",taxation,6,0.25,False,True,False
149,172-3,53883.3125,"(9, 23)",taxation,6,0.25,False,True,False
149,189-3,44291.125,"(20, 10)",taxation,6,0.25,False,True,False
149,206-3,49877.4375,"(29, 43)",taxation,6,0.25,False,True,False
149,182-3,51448.1875,"(21, 46)",taxation,6,0.25,False,True,False
149,42-3,37060.625,"(6, 15)",taxation,6,0.25,False,True,False
149,148-3,39419.9375,"(17, 38)",taxation,6,0.25,False,True,False
149,0-3,34611.4375,"(13, 13)",taxation,6,0.25,False,True,False
149,212-3,51492.8125,"(11, 18)",taxation,6,0.25,False,True,False
149,225-3,51475.5625,"(38, 1)",taxation,6,0.25,False,True,False
149,6-3,56314.5,"(14, 37)",taxation,6,0.25,False,True,False
149,38-3,51476.125,"(26, 42)",taxation,6,0.25,False,True,False
149,54-3,49068.1875,"(4, 19)",taxation,6,0.25,False,True,False
149,63-3,46617.5625,"(0, 18)",taxation,6,0.25,False,True,False
149,144-3,49108.875,"(37, 30)",taxation,6,0.25,False,True,False
149,22-3,56291.75,"(15, 14)",taxation,6,0.25,False,True,False
149,162-3,51437.875,"(19, 45)",taxation,6,0.25,False,True,False
149,249-3,51524.75,"(41, 3)",taxation,6,0.25,False,True,False
149,180-3,49066.6875,"(34, 40)",taxation,6,0.25,False,True,False
149,83-3,53876.5625,"(26, 44)",taxation,6,0.25,False,True,False
149,133-3,44243.25,"(44, 4)",taxation,6,0.25,False,True,False
149,16-3,56303.125,"(11, 34)",taxation,6,0.25,False,True,False
149,51-3,51480.875,"(7, 17)",taxation,6,0.25,False,True,False
149,4-3,36988.6875,"(22, 45)",taxation,6,0.25,False,True,False
149,111-3,53864.6875,"(11, 13)",taxation,6,0.25,False,True,False
149,91-3,53878.0625,"(16, 16)",taxation,6,0.25,False,True,False
149,95-3,56304.875,"(31, 42)",taxation,6,0.25,False,True,False
149,106-3,46642.8125,"(31, 41)",taxation,6,0.25,False,True,False
149,56-3,49054.5625,"(5, 17)",taxation,6,0.25,False,True,False
149,71-3,53876.9375,"(38, 19)",taxation,6,0.25,False,True,False
149,226-3,49037.0625,"(16, 38)",taxation,6,0.25,False,True,False
149,205-3,24942.8125,"(14, 17)",taxation,6,0.25,False,True,False
149,165-3,58666.25,"(20, 25)",taxation,6,0.25,False,True,False
149,231-3,32168.8125,"(37, 38)",taxation,6,0.25,False,True,False
149,25-3,44220.25,"(23, 42)",taxation,6,0.25,False,True,False
149,137-3,44215.375,"(32, 40)",taxation,6,0.25,False,True,False
149,73-3,51459.6875,"(9, 13)",taxation,6,0.25,False,True,False
149,214-3,32133.25,"(6, 16)",taxation,6,0.25,False,True,False
149,21-3,46625.6875,"(7, 21)",taxation,6,0.25,False,True,False
149,201-3,34540.9375,"(21, 39)",taxation,6,0.25,False,True,False
149,169-3,39398.25,"(26, 41)",taxation,6,0.25,False,True,False
149,110-3,56280.75,"(19, 13)",taxation,6,0.25,False,True,False
149,183-3,34571.0625,"(24, 41)",taxation,6,0.25,False,True,False
149,125-3,53835.5,"(10, 34)",taxation,6,0.25,False,True,False
149,168-3,53881.875,"(34, 41)",taxation,6,0.25,False,True,False
149,156-3,36996.625,"(13, 19)",taxation,6,0.25,False,True,False
149,53-3,32154.6875,"(39, 10)",taxation,6,0.25,False,True,False
149,122-3,41791.6875,"(4, 24)",taxation,6,0.25,False,True,False
149,234-3,51405.125,"(16, 37)",taxation,6,0.25,False,True,False
149,134-3,49038.0,"(13, 15)",taxation,6,0.25,False,True,False
149,141-3,39399.375,"(14, 13)",taxation,6,0.25,False,True,False
149,145-3,51426.0,"(20, 11)",taxation,6,0.25,False,True,False
149,209-3,56274.625,"(42, 1)",taxation,6,0.25,False,True,False
149,247-3,44201.75,"(24, 44)",taxation,6,0.25,False,True,False
149,203-3,58666.6875,"(6, 17)",taxation,6,0.25,False,True,False
149,50-3,56264.125,"(3, 18)",taxation,6,0.25,False,True,False
149,45-3,51439.8125,"(25, 41)",taxation,6,0.25,False,True,False
149,78-3,46622.6875,"(8, 23)",taxation,6,0.25,False,True,False
149,147-3,49036.5625,"(44, 2)",taxation,6,0.25,False,True,False
149,193-3,44210.125,"(19, 40)",taxation,6,0.25,False,True,False
149,5-3,22489.625,"(29, 42)",taxation,6,0.25,False,True,False
149,175-3,41774.375,"(21, 45)",taxation,6,0.25,False,True,False
149,196-3,34556.0,"(2, 17)",taxation,6,0.25,False,True,False
149,112-3,53850.625,"(27, 41)",taxation,6,0.25,False,True,False
149,113-3,51418.0625,"(6, 24)",taxation,6,0.25,False,True,False
149,55-3,53816.9375,"(36, 0)",taxation,6,0.25,False,True,False
149,33-3,39350.9375,"(4, 17)",taxation,6,0.25,False,True,False
149,68-3,41792.3125,"(30, 41)",taxation,6,0.25,False,True,False
149,161-3,41787.5,"(7, 23)",taxation,6,0.25,False,True,False
149,100-3,49028.5625,"(32, 13)",taxation,6,0.25,False,True,False
149,155-3,51441.4375,"(32, 43)",taxation,6,0.25,False,True,False
149,41-3,53853.0,"(11, 16)",taxation,6,0.25,False,True,False
149,115-3,53833.3125,"(7, 24)",taxation,6,0.25,False,True,False
149,207-3,39347.8125,"(30, 7)",taxation,6,0.25,False,True,False
149,120-3,56231.5,"(1, 19)",taxation,6,0.25,False,True,False
149,11-3,39340.1875,"(14, 15)",taxation,6,0.25,False,True,False
149,102-3,34537.125,"(20, 40)",taxation,6,0.25,False,True,False
149,130-3,53811.125,"(5, 22)",taxation,6,0.25,False,True,False
149,103-3,49000.875,"(42, 35)",taxation,6,0.25,False,True,False
149,202-3,56240.5,"(39, 3)",taxation,6,0.25,False,True,False
149,164-3,51414.4375,"(41, 21)",taxation,6,0.25,False,True,False
149,2-3,49005.8125,"(33, 0)",taxation,6,0.25,False,True,False
149,186-3,46626.1875,"(45, 4)",taxation,6,0.25,False,True,False
149,85-3,44182.75,"(24, 42)",taxation,6,0.25,False,True,False
149,64-3,48971.0,"(22, 44)",taxation,6,0.25,False,True,False
149,188-3,49000.125,"(38, 0)",taxation,6,0.25,False,True,False
149,32-3,53807.8125,"(9, 19)",taxation,6,0.25,False,True,False
149,57-3,44167.6875,"(40, 6)",taxation,6,0.25,False,True,False
149,132-3,53810.3125,"(34, 1)",taxation,6,0.25,False,True,False
149,163-3,58623.5,"(16, 29)",taxation,6,0.25,False,True,False
149,19-3,51408.0,"(41, 4)",taxation,6,0.25,False,True,False
149,107-3,53782.875,"(24, 43)",taxation,6,0.25,False,True,False
149,221-3,46575.625,"(8, 30)",taxation,6,0.25,False,True,False
149,96-3,56221.375,"(14, 12)",taxation,6,0.25,False,True,False
149,92-3,53791.25,"(12, 15)",taxation,6,0.25,False,True,False
149,116-3,53814.125,"(40, 12)",taxation,6,0.25,False,True,False
149,13-3,46588.6875,"(12, 34)",taxation,6,0.25,False,True,False
149,174-3,53819.125,"(23, 44)",taxation,6,0.25,False,True,False
149,69-3,53777.875,"(23, 43)",taxation,6,0.25,False,True,False
149,184-3,48949.9375,"(1, 18)",taxation,6,0.25,False,True,False
149,237-3,39328.3125,"(4, 18)",taxation,6,0.25,False,True,False
149,90-3,44160.875,"(12, 30)",taxation,6,0.25,False,True,False
149,18-3,56216.3125,"(28, 44)",taxation,6,0.25,False,True,False
149,121-3,49004.0,"(40, 29)",taxation,6,0.25,False,True,False
149,30-3,56207.9375,"(39, 14)",taxation,6,0.25,False,True,False
149,97-3,39304.3125,"(37, 6)",taxation,6,0.25,False,True,False
149,229-3,53836.6875,"(29, 41)",taxation,6,0.25,False,True,False
149,27-3,44142.0625,"(10, 29)",taxation,6,0.25,False,True,False
149,117-3,44137.625,"(35, 40)",taxation,6,0.25,False,True,False
149,80-3,53780.625,"(2, 18)",taxation,6,0.25,False,True,False
149,166-3,46544.4375,"(19, 39)",taxation,6,0.25,False,True,False
149,86-3,48988.5,"(41, 32)",taxation,6,0.25,False,True,False
149,160-3,44145.75,"(18, 40)",taxation,6,0.25,False,True,False
149,233-3,46561.4375,"(8, 24)",taxation,6,0.25,False,True,False
149,235-3,48942.9375,"(5, 16)",taxation,6,0.25,False,True,False
149,48-3,51333.5,"(5, 23)",taxation,6,0.25,False,True,False
149,88-3,48971.0,"(11, 12)",taxation,6,0.25,False,True,False
149,52-3,36908.4375,"(39, 16)",taxation,6,0.25,False,True,False
149,58-3,51346.875,"(46, 3)",taxation,6,0.25,False,True,False
149,248-3,48958.1875,"(47, 2)",taxation,6,0.25,False,True,False
149,108-3,27242.6875,"(10, 15)",taxation,6,0.25,False,True,False
149,82-3,51374.125,"(25, 39)",taxation,6,0.25,False,True,False
149,236-3,48955.9375,"(44, 3)",taxation,6,0.25,False,True,False
149,104-3,46575.125,"(39, 35)",taxation,6,0.25,False,True,False
149,152-3,51355.1875,"(20, 45)",taxation,6,0.25,False,True,False
149,109-3,48967.875,"(17, 16)",taxation,6,0.25,False,True,False
149,72-3,56173.875,"(24, 40)",taxation,6,0.25,False,True,False
149,127-3,51348.5,"(8, 16)",taxation,6,0.25,False,True,False
149,61-3,58598.1875,"(15, 13)",taxation,6,0.25,False,True,False
149,232-3,29629.6875,"(17, 41)",taxation,6,0.25,False,True,False
149,65-3,56168.9375,"(5, 19)",taxation,6,0.25,False,True,False
149,124-3,46538.1875,"(11, 33)",taxation,6,0.25,False,True,False
149,62-3,48952.125,"(30, 42)",taxation,6,0.25,False,True,False
149,59-3,44117.9375,"(18, 16)",taxation,6,0.25,False,True,False
149,89-3,51361.0625,"(39, 20)",taxation,6,0.25,False,True,False
149,26-3,39301.5625,"(13, 14)",taxation,6,0.25,False,True,False
149,14-3,12773.875,"(37, 23)",taxation,6,0.25,False,True,False
149,194-3,44131.625,"(5, 24)",taxation,6,0.25,False,True,False
149,37-3,51372.0625,"(30, 40)",taxation,6,0.25,False,True,False
149,36-3,36883.4375,"(41, 22)",taxation,6,0.25,False,True,False
149,7-3,36907.375,"(39, 4)",taxation,6,0.25,False,True,False
149,47-3,34457.3125,"(21, 47)",taxation,6,0.25,False,True,False
149,223-3,34472.5,"(27, 38)",taxation,6,0.25,False,True,False
149,129-3,46546.5,"(28, 5)",taxation,6,0.25,False,True,False
149,77-3,41695.125,"(19, 16)",taxation,6,0.25,False,True,False
149,43-3,48929.8125,"(31, 40)",taxation,6,0.25,False,True,False
149,128-3,53766.25,"(33, 1)",taxation,6,0.25,False,True,False
149,79-3,46522.1875,"(9, 26)",taxation,6,0.25,False,True,False
149,199-3,56143.25,"(29, 39)",taxation,6,0.25,False,True,False
149,136-3,39285.375,"(36, 8)",taxation,6,0.25,False,True,False
149,99-3,46517.9375,"(28, 40)",taxation,6,0.25,False,True,False
149,84-3,48925.625,"(21, 40)",taxation,6,0.25,False,True,False
149,123-3,56176.5625,"(37, 8)",taxation,6,0.25,False,True,False
149,119-3,48918.75,"(47, 3)",taxation,6,0.25,False,True,False
149,46-3,34448.5,"(2, 19)",taxation,6,0.25,False,True,False
149,190-3,48940.0625,"(32, 42)",taxation,6,0.25,False,True,False
149,215-3,53758.625,"(41, 17)",taxation,6,0.25,False,True,False
149,220-3,53762.25,"(8, 21)",taxation,6,0.25,False,True,False
149,157-3,46504.1875,"(27, 42)",taxation,6,0.25,False,True,False
149,245-3,53728.0625,"(15, 38)",taxation,6,0.25,False,True,False
149,195-3,22379.9375,"(10, 17)",taxation,6,0.25,False,True,False
149,15-3,44100.0625,"(18, 42)",taxation,6,0.25,False,True,False
149,224-3,41686.3125,"(22, 41)",taxation,6,0.25,False,True,False
149,87-3,48899.625,"(8, 14)",taxation,6,0.25,False,True,False
149,135-3,48913.0625,"(27, 40)",taxation,6,0.25,False,True,False
149,8-3,48909.25,"(38, 17)",taxation,6,0.25,False,True,False
149,227-3,53729.375,"(12, 14)",taxation,6,0.25,False,True,False
149,178-3,53725.1875,"(10, 20)",taxation,6,0.25,False,True,False
149,114-3,56161.3125,"(26, 40)",taxation,6,0.25,False,True,False
149,118-3,53707.625,"(9, 24)",taxation,6,0.25,False,True,False
149,244-3,56128.875,"(32, 1)",taxation,6,0.25,False,True,False
149,34-3,44076.5,"(0, 19)",taxation,6,0.25,False,True,False
149,60-3,51313.4375,"(25, 43)",taxation,6,0.25,False,True,False
149,218-3,56163.125,"(33, 41)",taxation,6,0.25,False,True,False
149,49-3,46498.875,"(38, 27)",taxation,6,0.25,False,True,False
149,185-3,48922.125,"(45, 10)",taxation,6,0.25,False,True,False
149,228-4,28986.9375,"(0, 20)",taxation,6,0.25,False,True,False
149,24-3,39301.125,"(37, 28)",taxation,6,0.25,False,True,False
150,29-2,65206.25,"(12, 12)",taxation,6,0.25,False,True,False
150,192-2,58770.0,"(13, 10)",taxation,6,0.25,False,True,False
150,81-2,62026.25,"(17, 10)",taxation,6,0.25,False,True,False
150,211-2,42684.75,"(28, 49)",taxation,6,0.25,False,True,False
150,177-2,65237.75,"(33, 4)",taxation,6,0.25,False,True,False
150,39-2,45910.5,"(23, 45)",taxation,6,0.25,False,True,False
150,131-2,65194.0,"(38, 33)",taxation,6,0.25,False,True,False
150,213-2,65211.5,"(44, 8)",taxation,6,0.25,False,True,False
150,171-2,65204.5,"(6, 26)",taxation,6,0.25,False,True,False
150,230-2,52355.0,"(3, 27)",taxation,6,0.25,False,True,False
150,217-2,39485.5,"(8, 29)",taxation,6,0.25,False,True,False
150,204-2,71628.5,"(20, 47)",taxation,6,0.25,False,True,False
150,105-2,58762.5,"(43, 36)",taxation,6,0.25,False,True,False
150,239-2,65197.5,"(30, 1)",taxation,6,0.25,False,True,False
150,243-2,61981.5,"(19, 47)",taxation,6,0.25,False,True,False
150,139-3,58775.6875,"(15, 18)",taxation,6,0.25,False,True,False
150,197-2,52343.25,"(25, 49)",taxation,6,0.25,False,True,False
150,151-2,52296.25,"(4, 23)",taxation,6,0.25,False,True,False
150,191-2,74822.75,"(16, 40)",taxation,6,0.25,False,True,False
150,153-2,33029.0,"(11, 14)",taxation,6,0.25,False,True,False
150,159-2,52349.5,"(20, 38)",taxation,6,0.25,False,True,False
150,222-2,65204.5,"(16, 7)",taxation,6,0.25,False,True,False
150,200-2,61974.0,"(43, 13)",taxation,6,0.25,False,True,False
150,181-2,65180.250000000015,"(47, 1)",taxation,6,0.25,False,True,False
150,101-2,65221.75,"(13, 11)",taxation,6,0.25,False,True,False
150,35-2,65215.5,"(40, 8)",taxation,6,0.25,False,True,False
150,70-2,68416.0,"(21, 43)",taxation,6,0.25,False,True,False
150,238-2,65211.0,"(49, 0)",taxation,6,0.25,False,True,False
150,158-3,47470.75,"(15, 42)",taxation,6,0.25,False,True,False
150,20-2,61992.0,"(46, 1)",taxation,6,0.25,False,True,False
150,31-3,58731.625,"(38, 2)",taxation,6,0.25,False,True,False
150,179-3,42710.375,"(42, 19)",taxation,6,0.25,False,True,False
150,93-2,29825.0,"(17, 14)",taxation,6,0.25,False,True,False
150,3-2,39444.25,"(3, 31)",taxation,6,0.25,False,True,False
150,143-2,65182.75,"(42, 29)",taxation,6,0.25,False,True,False
150,219-3,57140.75,"(46, 6)",taxation,6,0.25,False,True,False
150,98-3,26635.75,"(28, 45)",taxation,6,0.25,False,True,False
150,138-2,68360.75,"(30, 38)",taxation,6,0.25,False,True,False
150,66-2,71613.75,"(47, 6)",taxation,6,0.25,False,True,False
150,210-2,78044.75,"(44, 1)",taxation,6,0.25,False,True,False
150,150-2,55522.25,"(19, 46)",taxation,6,0.25,False,True,False
150,44-2,42677.0,"(35, 0)",taxation,6,0.25,False,True,False
150,154-3,23367.75,"(4, 28)",taxation,6,0.25,False,True,False
150,126-2,65183.75,"(43, 0)",taxation,6,0.25,False,True,False
150,74-3,57142.0,"(14, 7)",taxation,6,0.25,False,True,False
150,28-3,45068.9375,"(12, 28)",taxation,6,0.25,False,True,False
150,146-3,20171.75,"(40, 24)",taxation,6,0.25,False,True,False
150,176-3,872.25,"(22, 39)",taxation,6,0.25,False,True,False
150,208-3,52327.9375,"(27, 48)",taxation,6,0.25,False,True,False
150,216-2,71592.0,"(16, 9)",taxation,6,0.25,False,True,False
150,187-3,26580.25,"(18, 41)",taxation,6,0.25,False,True,False
150,167-3,51532.3125,"(32, 2)",taxation,6,0.25,False,True,False
150,240-3,16937.75,"(6, 29)",taxation,6,0.25,False,True,False
150,140-3,901.75,"(10, 18)",taxation,6,0.25,False,True,False
150,149-3,44300.75,"(43, 12)",taxation,6,0.25,False,True,False
150,173-3,13778.75,"(36, 35)",taxation,6,0.25,False,True,False
150,246-3,49102.75,"(15, 7)",taxation,6,0.25,False,True,False
150,75-3,46675.75,"(19, 44)",taxation,6,0.25,False,True,False
150,12-2,61948.75,"(37, 5)",taxation,6,0.25,False,True,False
150,1-3,37853.1875,"(10, 16)",taxation,6,0.25,False,True,False
150,17-3,53919.375,"(40, 4)",taxation,6,0.25,False,True,False
150,67-2,49119.75,"(34, 0)",taxation,6,0.25,False,True,False
150,40-3,53933.75,"(31, 44)",taxation,6,0.25,False,True,False
150,23-3,53086.0,"(4, 33)",taxation,6,0.25,False,True,False
150,142-3,32199.8125,"(9, 35)",taxation,6,0.25,False,True,False
150,76-3,49093.562500000015,"(8, 22)",taxation,6,0.25,False,True,False
150,94-3,16951.5,"(8, 26)",taxation,6,0.25,False,True,False
150,241-3,46675.625,"(25, 45)",taxation,6,0.25,False,True,False
150,170-3,45104.3125,"(15, 9)",taxation,6,0.25,False,True,False
150,242-3,22564.9375,"(23, 11)",taxation,6,0.25,False,True,False
150,198-3,46697.625,"(43, 11)",taxation,6,0.25,False,True,False
150,10-3,51497.1875,"(9, 22)",taxation,6,0.25,False,True,False
150,172-3,53887.3125,"(10, 28)",taxation,6,0.25,False,True,False
150,189-3,44299.125,"(25, 7)",taxation,6,0.25,False,True,False
150,206-3,49884.4375,"(27, 49)",taxation,6,0.25,False,True,False
150,182-3,51457.1875,"(22, 47)",taxation,6,0.25,False,True,False
150,42-3,37065.625,"(12, 10)",taxation,6,0.25,False,True,False
150,148-3,39427.9375,"(18, 44)",taxation,6,0.25,False,True,False
150,0-3,34619.4375,"(15, 10)",taxation,6,0.25,False,True,False
150,212-3,51496.8125,"(12, 17)",taxation,6,0.25,False,True,False
150,225-3,51484.5625,"(40, 1)",taxation,6,0.25,False,True,False
150,6-3,56321.5,"(13, 40)",taxation,6,0.25,False,True,False
150,38-3,51485.125,"(25, 44)",taxation,6,0.25,False,True,False
150,54-3,49072.1875,"(10, 14)",taxation,6,0.25,False,True,False
150,63-3,46625.5625,"(2, 22)",taxation,6,0.25,False,True,False
150,144-3,49115.875,"(41, 29)",taxation,6,0.25,False,True,False
150,22-3,56298.75,"(18, 10)",taxation,6,0.25,False,True,False
150,162-3,51446.875,"(22, 48)",taxation,6,0.25,False,True,False
150,249-3,51534.75,"(45, 1)",taxation,6,0.25,False,True,False
150,180-3,49071.6875,"(36, 37)",taxation,6,0.25,False,True,False
150,83-3,53884.5625,"(24, 49)",taxation,6,0.25,False,True,False
150,133-3,44253.25,"(47, 4)",taxation,6,0.25,False,True,False
150,16-3,56311.125,"(7, 30)",taxation,6,0.25,False,True,False
150,51-3,51483.875,"(13, 20)",taxation,6,0.25,False,True,False
150,4-3,36997.6875,"(23, 49)",taxation,6,0.25,False,True,False
150,111-3,53872.6875,"(13, 9)",taxation,6,0.25,False,True,False
150,91-3,53884.0625,"(19, 12)",taxation,6,0.25,False,True,False
150,95-3,56311.875,"(28, 48)",taxation,6,0.25,False,True,False
150,106-3,46651.8125,"(30, 46)",taxation,6,0.25,False,True,False
150,56-3,49059.5625,"(11, 11)",taxation,6,0.25,False,True,False
150,71-3,53884.9375,"(41, 16)",taxation,6,0.25,False,True,False
150,226-3,49045.0625,"(17, 44)",taxation,6,0.25,False,True,False
150,205-3,24948.8125,"(18, 13)",taxation,6,0.25,False,True,False
150,165-3,58670.25,"(15, 28)",taxation,6,0.25,False,True,False
150,231-3,32174.8125,"(40, 32)",taxation,6,0.25,False,True,False
150,25-3,44229.25,"(25, 47)",taxation,6,0.25,False,True,False
150,137-3,44220.375,"(36, 38)",taxation,6,0.25,False,True,False
150,73-3,51467.6875,"(10, 12)",taxation,6,0.25,False,True,False
150,214-3,32136.25,"(12, 20)",taxation,6,0.25,False,True,False
150,21-3,46633.6875,"(6, 27)",taxation,6,0.25,False,True,False
150,201-3,34548.9375,"(27, 45)",taxation,6,0.25,False,True,False
150,169-3,39407.25,"(26, 46)",taxation,6,0.25,False,True,False
150,110-3,56287.75,"(21, 11)",taxation,6,0.25,False,True,False
150,183-3,34579.0625,"(23, 47)",taxation,6,0.25,False,True,False
150,125-3,53842.5,"(9, 34)",taxation,6,0.25,False,True,False
150,168-3,53890.875,"(30, 45)",taxation,6,0.25,False,True,False
150,156-3,37004.625,"(7, 25)",taxation,6,0.25,False,True,False
150,53-3,32163.6875,"(40, 9)",taxation,6,0.25,False,True,False
150,122-3,41798.6875,"(6, 28)",taxation,6,0.25,False,True,False
150,234-3,51413.125,"(18, 43)",taxation,6,0.25,False,True,False
150,134-3,49044.0,"(18, 15)",taxation,6,0.25,False,True,False
150,141-3,39406.375,"(17, 12)",taxation,6,0.25,False,True,False
150,145-3,51434.0,"(26, 9)",taxation,6,0.25,False,True,False
150,209-3,56284.625,"(43, 1)",taxation,6,0.25,False,True,False
150,247-3,44210.75,"(29, 49)",taxation,6,0.25,False,True,False
150,203-3,58671.6875,"(12, 11)",taxation,6,0.25,False,True,False
150,50-3,56266.125,"(3, 24)",taxation,6,0.25,False,True,False
150,45-3,51448.8125,"(26, 47)",taxation,6,0.25,False,True,False
150,78-3,46626.6875,"(13, 29)",taxation,6,0.25,False,True,False
150,147-3,49046.5625,"(47, 0)",taxation,6,0.25,False,True,False
150,193-3,44217.125,"(16, 43)",taxation,6,0.25,False,True,False
150,5-3,22497.625,"(28, 47)",taxation,6,0.25,False,True,False
150,175-3,41783.375,"(24, 48)",taxation,6,0.25,False,True,False
150,196-3,34558.0,"(7, 22)",taxation,6,0.25,False,True,False
150,112-3,53858.625,"(27, 47)",taxation,6,0.25,False,True,False
150,113-3,51422.0625,"(9, 28)",taxation,6,0.25,False,True,False
150,55-3,53826.9375,"(41, 0)",taxation,6,0.25,False,True,False
150,33-3,39352.9375,"(10, 22)",taxation,6,0.25,False,True,False
150,68-3,41801.3125,"(27, 46)",taxation,6,0.25,False,True,False
150,161-3,41794.5,"(7, 29)",taxation,6,0.25,False,True,False
150,100-3,49036.5625,"(36, 10)",taxation,6,0.25,False,True,False
150,155-3,51450.4375,"(29, 48)",taxation,6,0.25,False,True,False
150,41-3,53859.0,"(17, 13)",taxation,6,0.25,False,True,False
150,115-3,53840.3125,"(7, 28)",taxation,6,0.25,False,True,False
150,207-3,39356.8125,"(31, 6)",taxation,6,0.25,False,True,False
150,120-3,56233.5,"(1, 25)",taxation,6,0.25,False,True,False
150,11-3,39347.1875,"(20, 9)",taxation,6,0.25,False,True,False
150,102-3,34544.125,"(21, 44)",taxation,6,0.25,False,True,False
150,130-3,53814.125,"(7, 26)",taxation,6,0.25,False,True,False
150,103-3,49008.875,"(43, 35)",taxation,6,0.25,False,True,False
150,202-3,56250.5,"(45, 0)",taxation,6,0.25,False,True,False
150,164-3,51422.4375,"(42, 17)",taxation,6,0.25,False,True,False
150,2-3,49014.8125,"(30, 0)",taxation,6,0.25,False,True,False
150,186-3,46636.1875,"(48, 5)",taxation,6,0.25,False,True,False
150,85-3,44191.75,"(24, 45)",taxation,6,0.25,False,True,False
150,64-3,48980.0,"(23, 48)",taxation,6,0.25,False,True,False
150,188-3,49010.125,"(44, 0)",taxation,6,0.25,False,True,False
150,32-3,53815.8125,"(6, 18)",taxation,6,0.25,False,True,False
150,57-3,44177.6875,"(45, 5)",taxation,6,0.25,False,True,False
150,132-3,53819.3125,"(32, 3)",taxation,6,0.25,False,True,False
150,163-3,58629.5,"(11, 32)",taxation,6,0.25,False,True,False
150,19-3,51418.0,"(46, 0)",taxation,6,0.25,False,True,False
150,107-3,53791.875,"(26, 49)",taxation,6,0.25,False,True,False
150,221-3,46581.625,"(9, 33)",taxation,6,0.25,False,True,False
150,96-3,56228.375,"(17, 11)",taxation,6,0.25,False,True,False
150,92-3,53797.25,"(16, 12)",taxation,6,0.25,False,True,False
150,116-3,53824.125,"(45, 6)",taxation,6,0.25,False,True,False
150,13-3,46595.6875,"(11, 39)",taxation,6,0.25,False,True,False
150,174-3,53828.125,"(24, 47)",taxation,6,0.25,False,True,False
150,69-3,53786.875,"(25, 48)",taxation,6,0.25,False,True,False
150,184-3,48950.9375,"(1, 20)",taxation,6,0.25,False,True,False
150,237-3,39332.3125,"(9, 16)",taxation,6,0.25,False,True,False
150,90-3,44167.875,"(6, 34)",taxation,6,0.25,False,True,False
150,18-3,56225.3125,"(29, 44)",taxation,6,0.25,False,True,False
150,121-3,49011.0,"(42, 28)",taxation,6,0.25,False,True,False
150,30-3,56216.9375,"(42, 11)",taxation,6,0.25,False,True,False
150,97-3,39314.3125,"(40, 0)",taxation,6,0.25,False,True,False
150,229-3,53842.6875,"(26, 45)",taxation,6,0.25,False,True,False
150,27-3,44149.0625,"(6, 33)",taxation,6,0.25,False,True,False
150,117-3,44141.625,"(38, 38)",taxation,6,0.25,False,True,False
150,80-3,53782.625,"(2, 24)",taxation,6,0.25,False,True,False
150,166-3,46551.4375,"(19, 41)",taxation,6,0.25,False,True,False
150,86-3,48996.5,"(43, 34)",taxation,6,0.25,False,True,False
150,160-3,44154.75,"(24, 46)",taxation,6,0.25,False,True,False
150,233-3,46566.4375,"(10, 30)",taxation,6,0.25,False,True,False
150,235-3,48944.9375,"(10, 21)",taxation,6,0.25,False,True,False
150,48-3,51337.5,"(2, 29)",taxation,6,0.25,False,True,False
150,88-3,48979.0,"(14, 11)",taxation,6,0.25,False,True,False
150,52-3,36917.4375,"(42, 10)",taxation,6,0.25,False,True,False
150,58-3,51356.875,"(48, 1)",taxation,6,0.25,False,True,False
150,248-3,48967.1875,"(46, 2)",taxation,6,0.25,False,True,False
150,108-3,27247.6875,"(14, 14)",taxation,6,0.25,False,True,False
150,82-3,51382.125,"(25, 42)",taxation,6,0.25,False,True,False
150,236-3,48964.9375,"(45, 2)",taxation,6,0.25,False,True,False
150,104-3,46583.125,"(42, 36)",taxation,6,0.25,False,True,False
150,152-3,51364.1875,"(23, 46)",taxation,6,0.25,False,True,False
150,109-3,48974.875,"(21, 10)",taxation,6,0.25,False,True,False
150,72-3,56181.875,"(22, 46)",taxation,6,0.25,False,True,False
150,127-3,51351.5,"(14, 20)",taxation,6,0.25,False,True,False
150,61-3,58605.1875,"(17, 9)",taxation,6,0.25,False,True,False
150,232-3,29637.6875,"(17, 46)",taxation,6,0.25,False,True,False
150,65-3,56171.9375,"(11, 21)",taxation,6,0.25,False,True,False
150,124-3,46545.1875,"(11, 38)",taxation,6,0.25,False,True,False
150,62-3,48961.125,"(29, 46)",taxation,6,0.25,False,True,False
150,59-3,44124.9375,"(20, 12)",taxation,6,0.25,False,True,False
150,89-3,51369.0625,"(41, 14)",taxation,6,0.25,False,True,False
150,26-3,39308.5625,"(16, 8)",taxation,6,0.25,False,True,False
150,14-3,12780.875,"(41, 23)",taxation,6,0.25,False,True,False
150,194-3,44139.625,"(6, 25)",taxation,6,0.25,False,True,False
150,37-3,51378.0625,"(30, 43)",taxation,6,0.25,False,True,False
150,36-3,36891.4375,"(43, 16)",taxation,6,0.25,False,True,False
150,7-3,36917.375,"(42, 0)",taxation,6,0.25,False,True,False
150,47-3,34465.3125,"(21, 48)",taxation,6,0.25,False,True,False
150,223-3,34479.5,"(32, 41)",taxation,6,0.25,False,True,False
150,129-3,46555.5,"(28, 4)",taxation,6,0.25,False,True,False
150,77-3,41703.125,"(16, 10)",taxation,6,0.25,False,True,False
150,43-3,48937.8125,"(28, 43)",taxation,6,0.25,False,True,False
150,128-3,53775.25,"(31, 0)",taxation,6,0.25,False,True,False
150,79-3,46529.1875,"(4, 32)",taxation,6,0.25,False,True,False
150,199-3,56149.25,"(30, 44)",taxation,6,0.25,False,True,False
150,136-3,39294.375,"(38, 5)",taxation,6,0.25,False,True,False
150,99-3,46525.9375,"(28, 46)",taxation,6,0.25,False,True,False
150,84-3,48934.625,"(25, 46)",taxation,6,0.25,False,True,False
150,123-3,56185.5625,"(39, 5)",taxation,6,0.25,False,True,False
150,119-3,48928.75,"(48, 0)",taxation,6,0.25,False,True,False
150,46-3,34450.5,"(1, 24)",taxation,6,0.25,False,True,False
150,190-3,48947.0625,"(26, 48)",taxation,6,0.25,False,True,False
150,215-3,53767.625,"(44, 12)",taxation,6,0.25,False,True,False
150,220-3,53765.25,"(12, 24)",taxation,6,0.25,False,True,False
150,157-3,46513.1875,"(29, 45)",taxation,6,0.25,False,True,False
150,245-3,53736.0625,"(17, 43)",taxation,6,0.25,False,True,False
150,195-3,22384.9375,"(16, 11)",taxation,6,0.25,False,True,False
150,15-3,44108.0625,"(18, 46)",taxation,6,0.25,False,True,False
150,224-3,41694.3125,"(18, 47)",taxation,6,0.25,False,True,False
150,87-3,48904.625,"(14, 9)",taxation,6,0.25,False,True,False
150,135-3,48917.0625,"(33, 34)",taxation,6,0.25,False,True,False
150,8-3,48918.25,"(44, 11)",taxation,6,0.25,False,True,False
150,227-3,53737.375,"(14, 10)",taxation,6,0.25,False,True,False
150,178-3,53729.1875,"(15, 19)",taxation,6,0.25,False,True,False
150,114-3,56169.3125,"(27, 43)",taxation,6,0.25,False,True,False
150,118-3,53711.625,"(9, 29)",taxation,6,0.25,False,True,False
150,244-3,56137.875,"(32, 0)",taxation,6,0.25,False,True,False
150,34-3,44078.5,"(3, 25)",taxation,6,0.25,False,True,False
150,60-3,51322.4375,"(29, 47)",taxation,6,0.25,False,True,False
150,218-3,56172.125,"(31, 45)",taxation,6,0.25,False,True,False
150,49-3,46505.875,"(41, 27)",taxation,6,0.25,False,True,False
150,185-3,48931.125,"(45, 11)",taxation,6,0.25,False,True,False
150,228-4,28988.9375,"(2, 25)",taxation,6,0.25,False,True,False
150,24-3,39308.125,"(41, 28)",taxation,6,0.25,False,True,False
150,9-3,41691.9375,"(39, 0)",taxation,6,0.25,False,True,False
151,192-2,58777.0,"(18, 7)",taxation,6,0.25,False,True,False
151,211-2,42685.75,"(26, 44)",taxation,6,0.25,False,True,False
151,177-2,65247.75,"(32, 4)",taxation,6,0.25,False,True,False
151,213-2,65221.5,"(47, 7)",taxation,6,0.25,False,True,False
151,171-2,65209.5,"(9, 30)",taxation,6,0.25,False,True,False
151,217-2,39491.5,"(8, 35)",taxation,6,0.25,False,True,False
151,204-2,71637.5,"(17, 48)",taxation,6,0.25,False,True,False
151,105-2,58770.5,"(47, 35)",taxation,6,0.25,False,True,False
151,239-2,65206.5,"(28, 1)",taxation,6,0.25,False,True,False
151,243-2,61989.5,"(14, 49)",taxation,6,0.25,False,True,False
151,139-3,58782.6875,"(21, 13)",taxation,6,0.25,False,True,False
151,197-2,52344.25,"(22, 45)",taxation,6,0.25,False,True,False
151,191-2,74830.75,"(14, 42)",taxation,6,0.25,False,True,False
151,153-2,33036.0,"(17, 8)",taxation,6,0.25,False,True,False
151,159-2,52357.5,"(14, 43)",taxation,6,0.25,False,True,False
151,222-2,65212.5,"(19, 7)",taxation,6,0.25,False,True,False
151,200-2,61984.0,"(48, 7)",taxation,6,0.25,False,True,False
151,181-2,65183.250000000015,"(48, 4)",taxation,6,0.25,False,True,False
151,101-2,65229.75,"(19, 8)",taxation,6,0.25,False,True,False
151,35-2,65225.5,"(41, 8)",taxation,6,0.25,False,True,False
151,70-2,68424.0,"(15, 44)",taxation,6,0.25,False,True,False
151,238-2,65221.0,"(49, 5)",taxation,6,0.25,False,True,False
151,158-3,47478.75,"(12, 44)",taxation,6,0.25,False,True,False
151,20-2,61995.0,"(49, 4)",taxation,6,0.25,False,True,False
151,31-3,58741.625,"(32, 6)",taxation,6,0.25,False,True,False
151,179-3,42719.375,"(46, 16)",taxation,6,0.25,False,True,False
151,93-2,29832.0,"(19, 11)",taxation,6,0.25,False,True,False
151,3-2,39451.25,"(5, 36)",taxation,6,0.25,False,True,False
151,143-2,65190.75,"(45, 29)",taxation,6,0.25,False,True,False
151,219-3,57150.75,"(49, 7)",taxation,6,0.25,False,True,False
151,98-3,26637.75,"(29, 40)",taxation,6,0.25,False,True,False
151,138-2,68365.75,"(34, 34)",taxation,6,0.25,False,True,False
151,66-2,71622.75,"(47, 8)",taxation,6,0.25,False,True,False
151,210-2,78054.75,"(43, 7)",taxation,6,0.25,False,True,False
151,150-2,55530.25,"(15, 49)",taxation,6,0.25,False,True,False
151,44-2,42686.0,"(29, 5)",taxation,6,0.25,False,True,False
151,154-3,23373.75,"(7, 34)",taxation,6,0.25,False,True,False
151,126-2,65193.75,"(43, 6)",taxation,6,0.25,False,True,False
151,74-3,57150.0,"(20, 2)",taxation,6,0.25,False,True,False
151,28-3,45073.9375,"(13, 31)",taxation,6,0.25,False,True,False
151,146-3,20179.75,"(42, 24)",taxation,6,0.25,False,True,False
151,176-3,878.25,"(18, 38)",taxation,6,0.25,False,True,False
151,208-3,52328.9375,"(27, 44)",taxation,6,0.25,False,True,False
151,216-2,71600.0,"(20, 5)",taxation,6,0.25,False,True,False
151,187-3,26588.25,"(14, 41)",taxation,6,0.25,False,True,False
151,167-3,51541.3125,"(28, 2)",taxation,6,0.25,False,True,False
151,240-3,16943.75,"(6, 35)",taxation,6,0.25,False,True,False
151,140-3,906.75,"(16, 17)",taxation,6,0.25,False,True,False
151,149-3,44310.75,"(44, 9)",taxation,6,0.25,False,True,False
151,173-3,13784.75,"(38, 32)",taxation,6,0.25,False,True,False
151,246-3,49110.75,"(20, 3)",taxation,6,0.25,False,True,False
151,75-3,46683.75,"(13, 46)",taxation,6,0.25,False,True,False
151,12-2,61958.75,"(33, 5)",taxation,6,0.25,False,True,False
151,1-3,37858.1875,"(15, 15)",taxation,6,0.25,False,True,False
151,17-3,53928.375,"(40, 7)",taxation,6,0.25,False,True,False
151,67-2,49129.75,"(29, 1)",taxation,6,0.25,False,True,False
151,40-3,53937.75,"(35, 38)",taxation,6,0.25,False,True,False
151,23-3,53093.0,"(3, 37)",taxation,6,0.25,False,True,False
151,142-3,32207.8125,"(11, 41)",taxation,6,0.25,False,True,False
151,76-3,49097.562500000015,"(11, 26)",taxation,6,0.25,False,True,False
151,94-3,16957.5,"(14, 32)",taxation,6,0.25,False,True,False
151,241-3,46677.625,"(20, 42)",taxation,6,0.25,False,True,False
151,170-3,45112.3125,"(19, 5)",taxation,6,0.25,False,True,False
151,242-3,22573.9375,"(28, 9)",taxation,6,0.25,False,True,False
151,198-3,46707.625,"(43, 10)",taxation,6,0.25,False,True,False
151,10-3,51501.1875,"(12, 25)",taxation,6,0.25,False,True,False
151,172-3,53893.3125,"(12, 33)",taxation,6,0.25,False,True,False
151,189-3,44309.125,"(29, 2)",taxation,6,0.25,False,True,False
151,206-3,49885.4375,"(24, 44)",taxation,6,0.25,False,True,False
151,182-3,51462.1875,"(16, 42)",taxation,6,0.25,False,True,False
151,42-3,37072.625,"(15, 5)",taxation,6,0.25,False,True,False
151,148-3,39435.9375,"(14, 47)",taxation,6,0.25,False,True,False
151,0-3,34627.4375,"(20, 8)",taxation,6,0.25,False,True,False
151,212-3,51501.8125,"(17, 15)",taxation,6,0.25,False,True,False
151,225-3,51494.5625,"(42, 7)",taxation,6,0.25,False,True,False
151,6-3,56329.5,"(13, 45)",taxation,6,0.25,False,True,False
151,38-3,51494.125,"(19, 49)",taxation,6,0.25,False,True,False
151,54-3,49078.1875,"(14, 8)",taxation,6,0.25,False,True,False
151,63-3,46629.5625,"(2, 27)",taxation,6,0.25,False,True,False
151,144-3,49123.875,"(43, 30)",taxation,6,0.25,False,True,False
151,22-3,56306.75,"(21, 6)",taxation,6,0.25,False,True,False
151,162-3,51450.875,"(16, 45)",taxation,6,0.25,False,True,False
151,249-3,51543.75,"(41, 7)",taxation,6,0.25,False,True,False
151,180-3,49077.6875,"(39, 33)",taxation,6,0.25,False,True,False
151,83-3,53886.5625,"(18, 45)",taxation,6,0.25,False,True,False
151,133-3,44263.25,"(47, 5)",taxation,6,0.25,False,True,False
151,16-3,56318.125,"(7, 36)",taxation,6,0.25,False,True,False
151,51-3,51489.875,"(19, 14)",taxation,6,0.25,False,True,False
151,4-3,37006.6875,"(18, 49)",taxation,6,0.25,False,True,False
151,111-3,53879.6875,"(16, 6)",taxation,6,0.25,False,True,False
151,91-3,53891.0625,"(22, 11)",taxation,6,0.25,False,True,False
151,95-3,56312.875,"(28, 42)",taxation,6,0.25,False,True,False
151,106-3,46652.8125,"(31, 43)",taxation,6,0.25,False,True,False
151,56-3,49066.5625,"(15, 6)",taxation,6,0.25,False,True,False
151,71-3,53893.9375,"(42, 14)",taxation,6,0.25,False,True,False
151,226-3,49053.0625,"(13, 47)",taxation,6,0.25,False,True,False
151,205-3,24956.8125,"(22, 8)",taxation,6,0.25,False,True,False
151,165-3,58676.25,"(15, 32)",taxation,6,0.25,False,True,False
151,231-3,32182.8125,"(46, 31)",taxation,6,0.25,False,True,False
151,25-3,44233.25,"(19, 43)",taxation,6,0.25,False,True,False
151,137-3,44226.375,"(41, 33)",taxation,6,0.25,False,True,False
151,73-3,51474.6875,"(15, 8)",taxation,6,0.25,False,True,False
151,214-3,32141.25,"(18, 17)",taxation,6,0.25,False,True,False
151,21-3,46640.6875,"(10, 33)",taxation,6,0.25,False,True,False
151,201-3,34550.9375,"(27, 39)",taxation,6,0.25,False,True,False
151,169-3,39409.25,"(22, 40)",taxation,6,0.25,False,True,False
151,110-3,56296.75,"(27, 5)",taxation,6,0.25,False,True,False
151,183-3,34584.0625,"(17, 42)",taxation,6,0.25,False,True,False
151,125-3,53849.5,"(9, 37)",taxation,6,0.25,False,True,False
151,168-3,53892.875,"(30, 39)",taxation,6,0.25,False,True,False
151,156-3,37009.625,"(5, 30)",taxation,6,0.25,False,True,False
151,53-3,32173.6875,"(46, 8)",taxation,6,0.25,False,True,False
151,122-3,41803.6875,"(6, 32)",taxation,6,0.25,False,True,False
151,234-3,51421.125,"(14, 48)",taxation,6,0.25,False,True,False
151,134-3,49052.0,"(23, 10)",taxation,6,0.25,False,True,False
151,141-3,39414.375,"(21, 9)",taxation,6,0.25,False,True,False
151,145-3,51444.0,"(29, 4)",taxation,6,0.25,False,True,False
151,209-3,56293.625,"(38, 7)",taxation,6,0.25,False,True,False
151,247-3,44211.75,"(32, 43)",taxation,6,0.25,False,True,False
151,203-3,58678.6875,"(18, 11)",taxation,6,0.25,False,True,False
151,50-3,56271.125,"(1, 29)",taxation,6,0.25,False,True,False
151,45-3,51449.8125,"(23, 44)",taxation,6,0.25,False,True,False
151,78-3,46632.6875,"(13, 35)",taxation,6,0.25,False,True,False
151,147-3,49048.5625,"(48, 3)",taxation,6,0.25,False,True,False
151,193-3,44225.125,"(12, 45)",taxation,6,0.25,False,True,False
151,5-3,22498.625,"(28, 44)",taxation,6,0.25,False,True,False
151,175-3,41786.375,"(20, 44)",taxation,6,0.25,False,True,False
151,196-3,34562.0,"(10, 26)",taxation,6,0.25,False,True,False
151,112-3,53860.625,"(22, 43)",taxation,6,0.25,False,True,False
151,113-3,51427.0625,"(11, 30)",taxation,6,0.25,False,True,False
151,55-3,53836.9375,"(41, 6)",taxation,6,0.25,False,True,False
151,33-3,39357.9375,"(14, 28)",taxation,6,0.25,False,True,False
151,68-3,41802.3125,"(25, 43)",taxation,6,0.25,False,True,False
151,161-3,41800.5,"(7, 35)",taxation,6,0.25,False,True,False
151,100-3,49045.5625,"(38, 10)",taxation,6,0.25,False,True,False
151,155-3,51451.4375,"(29, 43)",taxation,6,0.25,False,True,False
151,41-3,53866.0,"(22, 10)",taxation,6,0.25,False,True,False
151,115-3,53845.3125,"(5, 31)",taxation,6,0.25,False,True,False
151,207-3,39365.8125,"(29, 6)",taxation,6,0.25,False,True,False
151,120-3,56238.5,"(2, 31)",taxation,6,0.25,False,True,False
151,11-3,39356.1875,"(25, 4)",taxation,6,0.25,False,True,False
151,102-3,34553.125,"(20, 48)",taxation,6,0.25,False,True,False
151,130-3,53819.125,"(9, 31)",taxation,6,0.25,False,True,False
151,103-3,49016.875,"(45, 32)",taxation,6,0.25,False,True,False
151,202-3,56260.5,"(49, 6)",taxation,6,0.25,False,True,False
151,164-3,51431.4375,"(44, 16)",taxation,6,0.25,False,True,False
151,2-3,49023.8125,"(29, 0)",taxation,6,0.25,False,True,False
151,186-3,46645.1875,"(48, 8)",taxation,6,0.25,False,True,False
151,85-3,44196.75,"(18, 39)",taxation,6,0.25,False,True,False
151,64-3,48989.0,"(20, 49)",taxation,6,0.25,False,True,False
151,188-3,49013.125,"(46, 5)",taxation,6,0.25,False,True,False
151,32-3,53818.8125,"(10, 23)",taxation,6,0.25,False,True,False
151,57-3,44186.6875,"(45, 8)",taxation,6,0.25,False,True,False
151,132-3,53828.3125,"(28, 3)",taxation,6,0.25,False,True,False
151,163-3,58636.5,"(10, 37)",taxation,6,0.25,False,True,False
151,19-3,51421.0,"(42, 6)",taxation,6,0.25,False,True,False
151,107-3,53792.875,"(21, 47)",taxation,6,0.25,False,True,False
151,221-3,46589.625,"(10, 39)",taxation,6,0.25,False,True,False
151,96-3,56236.375,"(22, 6)",taxation,6,0.25,False,True,False
151,92-3,53805.25,"(22, 9)",taxation,6,0.25,False,True,False
151,116-3,53834.125,"(44, 6)",taxation,6,0.25,False,True,False
151,13-3,46603.6875,"(13, 41)",taxation,6,0.25,False,True,False
151,174-3,53829.125,"(21, 46)",taxation,6,0.25,False,True,False
151,69-3,53789.875,"(19, 42)",taxation,6,0.25,False,True,False
151,184-3,48953.9375,"(4, 25)",taxation,6,0.25,False,True,False
151,237-3,39336.3125,"(15, 21)",taxation,6,0.25,False,True,False
151,90-3,44174.875,"(2, 37)",taxation,6,0.25,False,True,False
151,18-3,56228.3125,"(34, 38)",taxation,6,0.25,False,True,False
151,121-3,49019.0,"(45, 30)",taxation,6,0.25,False,True,False
151,30-3,56225.9375,"(42, 12)",taxation,6,0.25,False,True,False
151,97-3,39324.3125,"(43, 2)",taxation,6,0.25,False,True,False
151,229-3,53851.6875,"(21, 49)",taxation,6,0.25,False,True,False
151,27-3,44156.0625,"(5, 37)",taxation,6,0.25,False,True,False
151,117-3,44147.625,"(42, 34)",taxation,6,0.25,False,True,False
151,80-3,53786.625,"(2, 28)",taxation,6,0.25,False,True,False
151,166-3,46559.4375,"(14, 45)",taxation,6,0.25,False,True,False
151,86-3,49004.5,"(45, 34)",taxation,6,0.25,False,True,False
151,160-3,44155.75,"(22, 44)",taxation,6,0.25,False,True,False
151,233-3,46573.4375,"(12, 35)",taxation,6,0.25,False,True,False
151,235-3,48949.9375,"(16, 15)",taxation,6,0.25,False,True,False
151,48-3,51343.5,"(0, 34)",taxation,6,0.25,False,True,False
151,88-3,48986.0,"(16, 5)",taxation,6,0.25,False,True,False
151,52-3,36927.4375,"(42, 8)",taxation,6,0.25,False,True,False
151,58-3,51366.875,"(48, 2)",taxation,6,0.25,False,True,False
151,248-3,48977.1875,"(49, 2)",taxation,6,0.25,False,True,False
151,108-3,27253.6875,"(18, 12)",taxation,6,0.25,False,True,False
151,82-3,51386.125,"(22, 36)",taxation,6,0.25,False,True,False
151,236-3,48973.9375,"(49, 8)",taxation,6,0.25,False,True,False
151,104-3,46591.125,"(44, 32)",taxation,6,0.25,False,True,False
151,152-3,51369.1875,"(17, 40)",taxation,6,0.25,False,True,False
151,109-3,48983.875,"(25, 5)",taxation,6,0.25,False,True,False
151,72-3,56187.875,"(16, 44)",taxation,6,0.25,False,True,False
151,127-3,51357.5,"(19, 15)",taxation,6,0.25,False,True,False
151,61-3,58613.1875,"(21, 5)",taxation,6,0.25,False,True,False
151,232-3,29645.6875,"(14, 46)",taxation,6,0.25,False,True,False
151,65-3,56175.9375,"(14, 23)",taxation,6,0.25,False,True,False
151,124-3,46553.1875,"(11, 43)",taxation,6,0.25,False,True,False
151,62-3,48962.125,"(30, 42)",taxation,6,0.25,False,True,False
151,59-3,44132.9375,"(22, 7)",taxation,6,0.25,False,True,False
151,89-3,51378.0625,"(43, 14)",taxation,6,0.25,False,True,False
151,26-3,39316.5625,"(19, 6)",taxation,6,0.25,False,True,False
151,14-3,12788.875,"(42, 22)",taxation,6,0.25,False,True,False
151,194-3,44144.625,"(12, 31)",taxation,6,0.25,False,True,False
151,37-3,51381.0625,"(31, 37)",taxation,6,0.25,False,True,False
151,36-3,36900.4375,"(45, 16)",taxation,6,0.25,False,True,False
151,7-3,36920.375,"(43, 5)",taxation,6,0.25,False,True,False
151,47-3,34474.3125,"(18, 48)",taxation,6,0.25,False,True,False
151,223-3,34484.5,"(38, 37)",taxation,6,0.25,False,True,False
151,129-3,46565.5,"(29, 3)",taxation,6,0.25,False,True,False
151,77-3,41711.125,"(20, 6)",taxation,6,0.25,False,True,False
151,43-3,48946.8125,"(22, 49)",taxation,6,0.25,False,True,False
151,128-3,53785.25,"(30, 2)",taxation,6,0.25,False,True,False
151,79-3,46536.1875,"(4, 37)",taxation,6,0.25,False,True,False
151,199-3,56152.25,"(29, 38)",taxation,6,0.25,False,True,False
151,136-3,39304.375,"(40, 5)",taxation,6,0.25,False,True,False
151,99-3,46526.9375,"(26, 43)",taxation,6,0.25,False,True,False
151,84-3,48936.625,"(23, 40)",taxation,6,0.25,False,True,False
151,123-3,56194.5625,"(40, 10)",taxation,6,0.25,False,True,False
151,119-3,48932.75,"(48, 6)",taxation,6,0.25,False,True,False
151,46-3,34454.5,"(3, 28)",taxation,6,0.25,False,True,False
151,190-3,48949.0625,"(20, 43)",taxation,6,0.25,False,True,False
151,215-3,53777.625,"(45, 12)",taxation,6,0.25,False,True,False
151,220-3,53770.25,"(15, 29)",taxation,6,0.25,False,True,False
151,157-3,46517.1875,"(35, 39)",taxation,6,0.25,False,True,False
151,245-3,53744.0625,"(15, 46)",taxation,6,0.25,False,True,False
151,195-3,22392.9375,"(21, 7)",taxation,6,0.25,False,True,False
151,15-3,44117.0625,"(17, 49)",taxation,6,0.25,False,True,False
151,224-3,41702.3125,"(15, 48)",taxation,6,0.25,False,True,False
151,87-3,48912.625,"(20, 4)",taxation,6,0.25,False,True,False
151,135-3,48923.0625,"(37, 31)",taxation,6,0.25,False,True,False
151,8-3,48927.25,"(44, 10)",taxation,6,0.25,False,True,False
151,227-3,53744.375,"(17, 6)",taxation,6,0.25,False,True,False
151,178-3,53735.1875,"(18, 14)",taxation,6,0.25,False,True,False
151,114-3,56173.3125,"(23, 37)",taxation,6,0.25,False,True,False
151,118-3,53717.625,"(8, 34)",taxation,6,0.25,False,True,False
151,244-3,56146.875,"(28, 0)",taxation,6,0.25,False,True,False
151,34-3,44082.5,"(6, 30)",taxation,6,0.25,False,True,False
151,60-3,51323.4375,"(29, 42)",taxation,6,0.25,False,True,False
151,218-3,56174.125,"(31, 39)",taxation,6,0.25,False,True,False
151,49-3,46513.875,"(42, 25)",taxation,6,0.25,False,True,False
151,185-3,48940.125,"(46, 10)",taxation,6,0.25,False,True,False
151,228-4,28993.9375,"(2, 30)",taxation,6,0.25,False,True,False
151,24-3,39316.125,"(42, 26)",taxation,6,0.25,False,True,False
151,9-3,41694.9375,"(35, 5)",taxation,6,0.25,False,True,False
151,39-3,34439.625,"(19, 48)",taxation,6,0.25,False,True,False
151,151-3,39225.1875,"(7, 27)",taxation,6,0.25,False,True,False
151,29-3,48909.9375,"(17, 7)",taxation,6,0.25,False,True,False
151,230-3,39270.0,"(3, 30)",taxation,6,0.25,False,True,False
151,131-3,48900.75,"(43, 28)",taxation,6,0.25,False,True,False
151,81-3,46525.6875,"(22, 5)",taxation,6,0.25,False,True,False
152,192-2,58786.0,"(23, 5)",taxation,6,0.25,False,True,False
152,211-2,42688.75,"(26, 39)",taxation,6,0.25,False,True,False
152,177-2,65255.75,"(26, 3)",taxation,6,0.25,False,True,False
152,213-2,65231.5,"(47, 13)",taxation,6,0.25,False,True,False
152,217-2,39499.5,"(10, 38)",taxation,6,0.25,False,True,False
152,204-2,71645.5,"(11, 45)",taxation,6,0.25,False,True,False
152,105-2,58778.5,"(48, 35)",taxation,6,0.25,False,True,False
152,239-2,65214.5,"(22, 1)",taxation,6,0.25,False,True,False
152,243-2,61998.5,"(13, 48)",taxation,6,0.25,False,True,False
152,139-3,58790.6875,"(26, 12)",taxation,6,0.25,False,True,False
152,197-2,52348.25,"(17, 39)",taxation,6,0.25,False,True,False
152,191-2,74838.75,"(9, 44)",taxation,6,0.25,False,True,False
152,153-2,33044.0,"(17, 3)",taxation,6,0.25,False,True,False
152,159-2,52365.5,"(8, 44)",taxation,6,0.25,False,True,False
152,181-2,65193.250000000015,"(47, 10)",taxation,6,0.25,False,True,False
152,101-2,65237.75,"(18, 5)",taxation,6,0.25,False,True,False
152,35-2,65231.5,"(44, 13)",taxation,6,0.25,False,True,False
152,70-2,68433.0,"(12, 47)",taxation,6,0.25,False,True,False
152,238-2,65230.0,"(48, 11)",taxation,6,0.25,False,True,False
152,158-3,47487.75,"(12, 46)",taxation,6,0.25,False,True,False
152,20-2,62001.0,"(47, 9)",taxation,6,0.25,False,True,False
152,31-3,58749.625,"(26, 10)",taxation,6,0.25,False,True,False
152,179-3,42729.375,"(47, 15)",taxation,6,0.25,False,True,False
152,93-2,29840.0,"(21, 8)",taxation,6,0.25,False,True,False
152,3-2,39459.25,"(5, 42)",taxation,6,0.25,False,True,False
152,143-2,65198.75,"(46, 28)",taxation,6,0.25,False,True,False
152,219-3,57157.75,"(46, 13)",taxation,6,0.25,False,True,False
152,98-3,26642.75,"(30, 35)",taxation,6,0.25,False,True,False
152,138-2,68372.75,"(39, 30)",taxation,6,0.25,False,True,False
152,66-2,71632.75,"(46, 9)",taxation,6,0.25,False,True,False
152,210-2,78061.75,"(42, 13)",taxation,6,0.25,False,True,False
152,150-2,55539.25,"(13, 49)",taxation,6,0.25,False,True,False
152,44-2,42695.0,"(24, 2)",taxation,6,0.25,False,True,False
152,154-3,23380.75,"(6, 36)",taxation,6,0.25,False,True,False
152,126-2,65203.75,"(45, 9)",taxation,6,0.25,False,True,False
152,74-3,57158.0,"(19, 3)",taxation,6,0.25,False,True,False
152,28-3,45081.9375,"(13, 37)",taxation,6,0.25,False,True,False
152,146-3,20188.75,"(43, 23)",taxation,6,0.25,False,True,False
152,176-3,885.25,"(15, 36)",taxation,6,0.25,False,True,False
152,208-3,52331.9375,"(26, 38)",taxation,6,0.25,False,True,False
152,216-2,71608.0,"(18, 4)",taxation,6,0.25,False,True,False
152,187-3,26596.25,"(9, 41)",taxation,6,0.25,False,True,False
152,167-3,51549.3125,"(22, 2)",taxation,6,0.25,False,True,False
152,240-3,16951.75,"(7, 39)",taxation,6,0.25,False,True,False
152,140-3,913.75,"(20, 14)",taxation,6,0.25,False,True,False
152,149-3,44319.75,"(47, 14)",taxation,6,0.25,False,True,False
152,173-3,13792.75,"(38, 26)",taxation,6,0.25,False,True,False
152,246-3,49120.75,"(26, 1)",taxation,6,0.25,False,True,False
152,75-3,46692.75,"(12, 49)",taxation,6,0.25,False,True,False
152,12-2,61968.75,"(27, 0)",taxation,6,0.25,False,True,False
152,1-3,37865.1875,"(20, 15)",taxation,6,0.25,False,True,False
152,17-3,53935.375,"(45, 13)",taxation,6,0.25,False,True,False
152,67-2,49136.75,"(25, 1)",taxation,6,0.25,False,True,False
152,40-3,53943.75,"(39, 37)",taxation,6,0.25,False,True,False
152,23-3,53101.0,"(7, 40)",taxation,6,0.25,False,True,False
152,142-3,32215.8125,"(12, 42)",taxation,6,0.25,False,True,False
152,76-3,49103.562500000015,"(14, 31)",taxation,6,0.25,False,True,False
152,94-3,16964.5,"(14, 35)",taxation,6,0.25,False,True,False
152,241-3,46685.625,"(15, 40)",taxation,6,0.25,False,True,False
152,170-3,45121.3125,"(21, 2)",taxation,6,0.25,False,True,False
152,242-3,22580.9375,"(27, 9)",taxation,6,0.25,False,True,False
152,198-3,46716.625,"(43, 15)",taxation,6,0.25,False,True,False
152,10-3,51506.1875,"(12, 26)",taxation,6,0.25,False,True,False
152,172-3,53900.3125,"(12, 39)",taxation,6,0.25,False,True,False
152,189-3,44319.125,"(26, 0)",taxation,6,0.25,False,True,False
152,206-3,49888.4375,"(24, 39)",taxation,6,0.25,False,True,False
152,182-3,51469.1875,"(12, 40)",taxation,6,0.25,False,True,False
152,42-3,37080.625,"(16, 4)",taxation,6,0.25,False,True,False
152,148-3,39443.9375,"(9, 46)",taxation,6,0.25,False,True,False
152,0-3,34636.4375,"(24, 3)",taxation,6,0.25,False,True,False
152,212-3,51509.8125,"(23, 9)",taxation,6,0.25,False,True,False
152,225-3,51500.5625,"(40, 13)",taxation,6,0.25,False,True,False
152,6-3,56337.5,"(9, 45)",taxation,6,0.25,False,True,False
152,38-3,51499.125,"(15, 45)",taxation,6,0.25,False,True,False
152,54-3,49086.1875,"(17, 5)",taxation,6,0.25,False,True,False
152,63-3,46634.5625,"(1, 31)",taxation,6,0.25,False,True,False
152,144-3,49132.875,"(47, 31)",taxation,6,0.25,False,True,False
152,22-3,56314.75,"(20, 7)",taxation,6,0.25,False,True,False
152,162-3,51458.875,"(10, 42)",taxation,6,0.25,False,True,False
152,249-3,51552.75,"(41, 12)",taxation,6,0.25,False,True,False
152,180-3,49085.6875,"(45, 31)",taxation,6,0.25,False,True,False
152,83-3,53893.5625,"(13, 43)",taxation,6,0.25,False,True,False
152,133-3,44268.25,"(49, 9)",taxation,6,0.25,False,True,False
152,16-3,56325.125,"(8, 37)",taxation,6,0.25,False,True,False
152,51-3,51497.875,"(23, 12)",taxation,6,0.25,False,True,False
152,4-3,37013.6875,"(14, 44)",taxation,6,0.25,False,True,False
152,111-3,53887.6875,"(18, 3)",taxation,6,0.25,False,True,False
152,91-3,53899.0625,"(23, 8)",taxation,6,0.25,False,True,False
152,95-3,56316.875,"(28, 36)",taxation,6,0.25,False,True,False
152,106-3,46657.8125,"(37, 37)",taxation,6,0.25,False,True,False
152,56-3,49074.5625,"(16, 3)",taxation,6,0.25,False,True,False
152,71-3,53903.9375,"(44, 14)",taxation,6,0.25,False,True,False
152,226-3,49061.0625,"(9, 47)",taxation,6,0.25,False,True,False
152,205-3,24965.8125,"(23, 3)",taxation,6,0.25,False,True,False
152,165-3,58683.25,"(10, 36)",taxation,6,0.25,False,True,False
152,231-3,32191.8125,"(47, 33)",taxation,6,0.25,False,True,False
152,25-3,44240.25,"(13, 38)",taxation,6,0.25,False,True,False
152,137-3,44234.375,"(47, 30)",taxation,6,0.25,False,True,False
152,73-3,51482.6875,"(17, 4)",taxation,6,0.25,False,True,False
152,214-3,32148.25,"(21, 16)",taxation,6,0.25,False,True,False
152,21-3,46646.6875,"(11, 36)",taxation,6,0.25,False,True,False
152,201-3,34555.9375,"(24, 35)",taxation,6,0.25,False,True,False
152,169-3,39415.25,"(16, 39)",taxation,6,0.25,False,True,False
152,110-3,56304.75,"(23, 6)",taxation,6,0.25,False,True,False
152,183-3,34592.0625,"(14, 38)",taxation,6,0.25,False,True,False
152,125-3,53857.5,"(7, 42)",taxation,6,0.25,False,True,False
152,168-3,53898.875,"(35, 33)",taxation,6,0.25,False,True,False
152,156-3,37016.625,"(2, 36)",taxation,6,0.25,False,True,False
152,53-3,32182.6875,"(46, 14)",taxation,6,0.25,False,True,False
152,122-3,41810.6875,"(9, 38)",taxation,6,0.25,False,True,False
152,234-3,51429.125,"(10, 47)",taxation,6,0.25,False,True,False
152,134-3,49061.0,"(23, 4)",taxation,6,0.25,False,True,False
152,141-3,39422.375,"(21, 3)",taxation,6,0.25,False,True,False
152,145-3,51454.0,"(27, 3)",taxation,6,0.25,False,True,False
152,209-3,56303.625,"(39, 11)",taxation,6,0.25,False,True,False
152,247-3,44214.75,"(32, 39)",taxation,6,0.25,False,True,False
152,203-3,58685.6875,"(18, 9)",taxation,6,0.25,False,True,False
152,50-3,56278.125,"(0, 35)",taxation,6,0.25,False,True,False
152,45-3,51453.8125,"(17, 45)",taxation,6,0.25,False,True,False
152,78-3,46639.6875,"(8, 40)",taxation,6,0.25,False,True,False
152,147-3,49053.5625,"(48, 9)",taxation,6,0.25,False,True,False
152,193-3,44234.125,"(12, 48)",taxation,6,0.25,False,True,False
152,5-3,22501.625,"(28, 38)",taxation,6,0.25,False,True,False
152,175-3,41793.375,"(14, 39)",taxation,6,0.25,False,True,False
152,196-3,34568.0,"(10, 32)",taxation,6,0.25,False,True,False
152,112-3,53863.625,"(21, 38)",taxation,6,0.25,False,True,False
152,113-3,51433.0625,"(10, 35)",taxation,6,0.25,False,True,False
152,55-3,53842.9375,"(46, 12)",taxation,6,0.25,False,True,False
152,33-3,39363.9375,"(14, 34)",taxation,6,0.25,False,True,False
152,68-3,41807.3125,"(19, 37)",taxation,6,0.25,False,True,False
152,161-3,41807.5,"(5, 39)",taxation,6,0.25,False,True,False
152,100-3,49054.5625,"(39, 15)",taxation,6,0.25,False,True,False
152,155-3,51455.4375,"(34, 37)",taxation,6,0.25,False,True,False
152,41-3,53876.0,"(27, 4)",taxation,6,0.25,False,True,False
152,115-3,53852.3125,"(2, 35)",taxation,6,0.25,False,True,False
152,207-3,39372.8125,"(28, 6)",taxation,6,0.25,False,True,False
152,120-3,56246.5,"(1, 37)",taxation,6,0.25,False,True,False
152,11-3,39364.1875,"(24, 4)",taxation,6,0.25,False,True,False
152,102-3,34556.125,"(16, 48)",taxation,6,0.25,False,True,False
152,130-3,53825.125,"(7, 32)",taxation,6,0.25,False,True,False
152,103-3,49025.875,"(47, 32)",taxation,6,0.25,False,True,False
152,202-3,56266.5,"(49, 11)",taxation,6,0.25,False,True,False
152,164-3,51440.4375,"(44, 17)",taxation,6,0.25,False,True,False
152,2-3,49031.8125,"(25, 6)",taxation,6,0.25,False,True,False
152,186-3,46655.1875,"(48, 10)",taxation,6,0.25,False,True,False
152,85-3,44203.75,"(14, 36)",taxation,6,0.25,False,True,False
152,64-3,48992.0,"(17, 47)",taxation,6,0.25,False,True,False
152,188-3,49022.125,"(46, 11)",taxation,6,0.25,False,True,False
152,32-3,53823.8125,"(13, 24)",taxation,6,0.25,False,True,False
152,57-3,44196.6875,"(48, 13)",taxation,6,0.25,False,True,False
152,132-3,53838.3125,"(27, 1)",taxation,6,0.25,False,True,False
152,163-3,58644.5,"(8, 43)",taxation,6,0.25,False,True,False
152,19-3,51430.0,"(37, 12)",taxation,6,0.25,False,True,False
152,107-3,53797.875,"(15, 43)",taxation,6,0.25,False,True,False
152,221-3,46597.625,"(9, 40)",taxation,6,0.25,False,True,False
152,96-3,56246.375,"(27, 2)",taxation,6,0.25,False,True,False
152,92-3,53813.25,"(22, 4)",taxation,6,0.25,False,True,False
152,116-3,53844.125,"(49, 10)",taxation,6,0.25,False,True,False
152,13-3,46611.6875,"(14, 40)",taxation,6,0.25,False,True,False
152,174-3,53837.125,"(15, 41)",taxation,6,0.25,False,True,False
152,69-3,53796.875,"(13, 42)",taxation,6,0.25,False,True,False
152,184-3,48958.9375,"(9, 27)",taxation,6,0.25,False,True,False
152,237-3,39343.3125,"(21, 15)",taxation,6,0.25,False,True,False
152,90-3,44182.875,"(2, 38)",taxation,6,0.25,False,True,False
152,18-3,56234.3125,"(37, 35)",taxation,6,0.25,False,True,False
152,121-3,49027.0,"(47, 29)",taxation,6,0.25,False,True,False
152,30-3,56235.9375,"(41, 11)",taxation,6,0.25,False,True,False
152,97-3,39328.3125,"(39, 7)",taxation,6,0.25,False,True,False
152,229-3,53857.6875,"(15, 47)",taxation,6,0.25,False,True,False
152,27-3,44164.0625,"(4, 39)",taxation,6,0.25,False,True,False
152,117-3,44156.625,"(47, 34)",taxation,6,0.25,False,True,False
152,80-3,53792.625,"(1, 33)",taxation,6,0.25,False,True,False
152,166-3,46567.4375,"(13, 44)",taxation,6,0.25,False,True,False
152,86-3,49013.5,"(48, 34)",taxation,6,0.25,False,True,False
152,160-3,44159.75,"(16, 41)",taxation,6,0.25,False,True,False
152,233-3,46581.4375,"(15, 37)",taxation,6,0.25,False,True,False
152,235-3,48956.9375,"(21, 14)",taxation,6,0.25,False,True,False
152,48-3,51350.5,"(0, 36)",taxation,6,0.25,False,True,False
152,88-3,48995.0,"(21, 0)",taxation,6,0.25,False,True,False
152,52-3,36936.4375,"(45, 14)",taxation,6,0.25,False,True,False
152,58-3,51371.875,"(43, 8)",taxation,6,0.25,False,True,False
152,248-3,48980.1875,"(49, 3)",taxation,6,0.25,False,True,False
152,108-3,27261.6875,"(23, 7)",taxation,6,0.25,False,True,False
152,82-3,51393.125,"(17, 37)",taxation,6,0.25,False,True,False
152,236-3,48983.9375,"(49, 13)",taxation,6,0.25,False,True,False
152,104-3,46600.125,"(46, 30)",taxation,6,0.25,False,True,False
152,152-3,51377.1875,"(13, 39)",taxation,6,0.25,False,True,False
152,109-3,48993.875,"(26, 4)",taxation,6,0.25,False,True,False
152,72-3,56194.875,"(11, 42)",taxation,6,0.25,False,True,False
152,127-3,51365.5,"(25, 12)",taxation,6,0.25,False,True,False
152,61-3,58622.1875,"(24, 1)",taxation,6,0.25,False,True,False
152,232-3,29653.6875,"(10, 46)",taxation,6,0.25,False,True,False
152,65-3,56181.9375,"(19, 19)",taxation,6,0.25,False,True,False
152,124-3,46561.1875,"(10, 43)",taxation,6,0.25,False,True,False
152,62-3,48967.125,"(32, 36)",taxation,6,0.25,False,True,False
152,59-3,44142.9375,"(26, 2)",taxation,6,0.25,False,True,False
152,89-3,51387.0625,"(42, 15)",taxation,6,0.25,False,True,False
152,26-3,39325.5625,"(23, 2)",taxation,6,0.25,False,True,False
152,14-3,12797.875,"(43, 20)",taxation,6,0.25,False,True,False
152,194-3,44151.625,"(12, 36)",taxation,6,0.25,False,True,False
152,37-3,51387.0625,"(35, 34)",taxation,6,0.25,False,True,False
152,36-3,36909.4375,"(45, 15)",taxation,6,0.25,False,True,False
152,7-3,36925.375,"(43, 9)",taxation,6,0.25,False,True,False
152,47-3,34478.3125,"(16, 46)",taxation,6,0.25,False,True,False
152,223-3,34491.5,"(42, 33)",taxation,6,0.25,False,True,False
152,129-3,46572.5,"(28, 7)",taxation,6,0.25,False,True,False
152,77-3,41719.125,"(18, 6)",taxation,6,0.25,False,True,False
152,43-3,48950.8125,"(16, 49)",taxation,6,0.25,False,True,False
152,128-3,53793.25,"(26, 6)",taxation,6,0.25,False,True,False
152,79-3,46544.1875,"(5, 43)",taxation,6,0.25,False,True,False
152,199-3,56158.25,"(33, 32)",taxation,6,0.25,False,True,False
152,136-3,39309.375,"(42, 9)",taxation,6,0.25,False,True,False
152,99-3,46530.9375,"(24, 37)",taxation,6,0.25,False,True,False
152,84-3,48941.625,"(23, 34)",taxation,6,0.25,False,True,False
152,123-3,56203.5625,"(46, 15)",taxation,6,0.25,False,True,False
152,119-3,48938.75,"(49, 12)",taxation,6,0.25,False,True,False
152,46-3,34460.5,"(5, 33)",taxation,6,0.25,False,True,False
152,190-3,48952.0625,"(23, 39)",taxation,6,0.25,False,True,False
152,215-3,53787.625,"(47, 12)",taxation,6,0.25,False,True,False
152,220-3,53776.25,"(15, 33)",taxation,6,0.25,False,True,False
152,157-3,46523.1875,"(38, 36)",taxation,6,0.25,False,True,False
152,245-3,53752.0625,"(9, 49)",taxation,6,0.25,False,True,False
152,195-3,22401.9375,"(23, 1)",taxation,6,0.25,False,True,False
152,15-3,44124.0625,"(12, 43)",taxation,6,0.25,False,True,False
152,224-3,41710.3125,"(9, 48)",taxation,6,0.25,False,True,False
152,87-3,48920.625,"(18, 2)",taxation,6,0.25,False,True,False
152,135-3,48931.0625,"(43, 27)",taxation,6,0.25,False,True,False
152,8-3,48937.25,"(47, 11)",taxation,6,0.25,False,True,False
152,227-3,53753.375,"(23, 0)",taxation,6,0.25,False,True,False
152,178-3,53743.1875,"(24, 8)",taxation,6,0.25,False,True,False
152,114-3,56179.3125,"(17, 36)",taxation,6,0.25,False,True,False
152,118-3,53724.625,"(8, 36)",taxation,6,0.25,False,True,False
152,244-3,56155.875,"(24, 0)",taxation,6,0.25,False,True,False
152,34-3,44089.5,"(9, 36)",taxation,6,0.25,False,True,False
152,60-3,51328.4375,"(34, 36)",taxation,6,0.25,False,True,False
152,218-3,56180.125,"(34, 33)",taxation,6,0.25,False,True,False
152,49-3,46522.875,"(44, 23)",taxation,6,0.25,False,True,False
152,185-3,48950.125,"(49, 15)",taxation,6,0.25,False,True,False
152,228-4,29000.9375,"(1, 36)",taxation,6,0.25,False,True,False
152,24-3,39325.125,"(43, 21)",taxation,6,0.25,False,True,False
152,9-3,41701.9375,"(29, 7)",taxation,6,0.25,False,True,False
152,39-3,34442.625,"(16, 47)",taxation,6,0.25,False,True,False
152,151-3,39230.1875,"(10, 27)",taxation,6,0.25,False,True,False
152,29-3,48918.9375,"(21, 1)",taxation,6,0.25,False,True,False
152,230-3,39277.0,"(1, 35)",taxation,6,0.25,False,True,False
152,131-3,48909.75,"(43, 22)",taxation,6,0.25,False,True,False
152,81-3,46533.6875,"(22, 3)",taxation,6,0.25,False,True,False
152,222-3,48916.125,"(21, 4)",taxation,6,0.25,False,True,False
152,171-3,48912.375,"(11, 35)",taxation,6,0.25,False,True,False
152,200-3,46492.5,"(48, 12)",taxation,6,0.25,False,True,False
153,192-2,58795.0,"(17, 1)",taxation,6,0.25,False,True,False
153,211-2,42694.75,"(30, 34)",taxation,6,0.25,False,True,False
153,177-2,65261.75,"(30, 4)",taxation,6,0.25,False,True,False
153,213-2,65240.5,"(45, 18)",taxation,6,0.25,False,True,False
153,217-2,39508.5,"(5, 44)",taxation,6,0.25,False,True,False
153,204-2,71654.5,"(8, 47)",taxation,6,0.25,False,True,False
153,105-2,58787.5,"(49, 33)",taxation,6,0.25,False,True,False
153,239-2,65221.5,"(25, 2)",taxation,6,0.25,False,True,False
153,243-2,62007.5,"(8, 48)",taxation,6,0.25,False,True,False
153,139-3,58798.6875,"(26, 13)",taxation,6,0.25,False,True,False
153,197-2,52353.25,"(18, 33)",taxation,6,0.25,False,True,False
153,191-2,74846.75,"(3, 44)",taxation,6,0.25,False,True,False
153,153-2,33053.0,"(17, 2)",taxation,6,0.25,False,True,False
153,159-2,52373.5,"(3, 45)",taxation,6,0.25,False,True,False
153,181-2,65197.250000000015,"(41, 9)",taxation,6,0.25,False,True,False
153,101-2,65240.75,"(20, 10)",taxation,6,0.25,False,True,False
153,35-2,65241.5,"(45, 17)",taxation,6,0.25,False,True,False
153,70-2,68442.0,"(7, 49)",taxation,6,0.25,False,True,False
153,238-2,65240.0,"(48, 17)",taxation,6,0.25,False,True,False
153,158-3,47492.75,"(11, 46)",taxation,6,0.25,False,True,False
153,20-2,62006.0,"(41, 10)",taxation,6,0.25,False,True,False
153,31-3,58757.625,"(25, 10)",taxation,6,0.25,False,True,False
153,179-3,42739.375,"(49, 19)",taxation,6,0.25,False,True,False
153,93-2,29848.0,"(22, 12)",taxation,6,0.25,False,True,False
153,3-2,39467.25,"(2, 45)",taxation,6,0.25,False,True,False
153,143-2,65208.75,"(49, 22)",taxation,6,0.25,False,True,False
153,219-3,57166.75,"(40, 19)",taxation,6,0.25,False,True,False
153,98-3,26649.75,"(35, 31)",taxation,6,0.25,False,True,False
153,138-2,68381.75,"(45, 26)",taxation,6,0.25,False,True,False
153,66-2,71642.75,"(48, 14)",taxation,6,0.25,False,True,False
153,210-2,78071.75,"(39, 19)",taxation,6,0.25,False,True,False
153,150-2,55548.25,"(8, 49)",taxation,6,0.25,False,True,False
153,44-2,42704.0,"(18, 0)",taxation,6,0.25,False,True,False
153,154-3,23387.75,"(4, 36)",taxation,6,0.25,False,True,False
153,126-2,65211.75,"(40, 15)",taxation,6,0.25,False,True,False
153,74-3,57160.0,"(16, 7)",taxation,6,0.25,False,True,False
153,28-3,45088.9375,"(12, 37)",taxation,6,0.25,False,True,False
153,146-3,20198.75,"(44, 20)",taxation,6,0.25,False,True,False
153,176-3,891.25,"(13, 33)",taxation,6,0.25,False,True,False
153,208-3,52337.9375,"(29, 34)",taxation,6,0.25,False,True,False
153,216-2,71616.0,"(24, 10)",taxation,6,0.25,False,True,False
153,187-3,26605.25,"(5, 45)",taxation,6,0.25,False,True,False
153,167-3,51557.3125,"(20, 0)",taxation,6,0.25,False,True,False
153,240-3,16959.75,"(3, 43)",taxation,6,0.25,False,True,False
153,140-3,921.75,"(23, 14)",taxation,6,0.25,False,True,False
153,149-3,44329.75,"(47, 20)",taxation,6,0.25,False,True,False
153,173-3,13801.75,"(39, 22)",taxation,6,0.25,False,True,False
153,246-3,49127.75,"(30, 5)",taxation,6,0.25,False,True,False
153,75-3,46698.75,"(6, 47)",taxation,6,0.25,False,True,False
153,12-2,61975.75,"(25, 0)",taxation,6,0.25,False,True,False
153,1-3,37873.1875,"(22, 15)",taxation,6,0.25,False,True,False
153,17-3,53945.375,"(46, 18)",taxation,6,0.25,False,True,False
153,67-2,49143.75,"(25, 3)",taxation,6,0.25,False,True,False
153,40-3,53951.75,"(44, 36)",taxation,6,0.25,False,True,False
153,23-3,53109.0,"(4, 42)",taxation,6,0.25,False,True,False
153,142-3,32224.8125,"(7, 45)",taxation,6,0.25,False,True,False
153,76-3,49109.562500000015,"(13, 32)",taxation,6,0.25,False,True,False
153,94-3,16971.5,"(16, 36)",taxation,6,0.25,False,True,False
153,241-3,46690.625,"(18, 35)",taxation,6,0.25,False,True,False
153,170-3,45129.3125,"(24, 7)",taxation,6,0.25,False,True,False
153,242-3,22588.9375,"(27, 10)",taxation,6,0.25,False,True,False
153,198-3,46726.625,"(42, 18)",taxation,6,0.25,False,True,False
153,10-3,51512.1875,"(13, 26)",taxation,6,0.25,False,True,False
153,172-3,53909.3125,"(6, 45)",taxation,6,0.25,False,True,False
153,189-3,44327.125,"(24, 5)",taxation,6,0.25,False,True,False
153,206-3,49894.4375,"(18, 36)",taxation,6,0.25,False,True,False
153,182-3,51478.1875,"(8, 45)",taxation,6,0.25,False,True,False
153,42-3,37082.625,"(14, 7)",taxation,6,0.25,False,True,False
153,148-3,39452.9375,"(7, 47)",taxation,6,0.25,False,True,False
153,0-3,34645.4375,"(18, 1)",taxation,6,0.25,False,True,False
153,212-3,51517.8125,"(24, 9)",taxation,6,0.25,False,True,False
153,225-3,51510.5625,"(41, 18)",taxation,6,0.25,False,True,False
153,6-3,56346.5,"(6, 46)",taxation,6,0.25,False,True,False
153,38-3,51504.125,"(11, 47)",taxation,6,0.25,False,True,False
153,54-3,49094.1875,"(19, 4)",taxation,6,0.25,False,True,False
153,63-3,46641.5625,"(3, 34)",taxation,6,0.25,False,True,False
153,144-3,49141.875,"(49, 31)",taxation,6,0.25,False,True,False
153,22-3,56323.75,"(16, 2)",taxation,6,0.25,False,True,False
153,162-3,51467.875,"(6, 44)",taxation,6,0.25,False,True,False
153,249-3,51561.75,"(37, 16)",taxation,6,0.25,False,True,False
153,180-3,49094.6875,"(48, 32)",taxation,6,0.25,False,True,False
153,83-3,53900.5625,"(8, 41)",taxation,6,0.25,False,True,False
153,133-3,44272.25,"(43, 4)",taxation,6,0.25,False,True,False
153,16-3,56333.125,"(5, 40)",taxation,6,0.25,False,True,False
153,51-3,51505.875,"(25, 14)",taxation,6,0.25,False,True,False
153,4-3,37018.6875,"(10, 40)",taxation,6,0.25,False,True,False
153,111-3,53889.6875,"(15, 7)",taxation,6,0.25,False,True,False
153,91-3,53907.0625,"(23, 13)",taxation,6,0.25,False,True,False
153,95-3,56323.875,"(34, 30)",taxation,6,0.25,False,True,False
153,106-3,46665.8125,"(42, 32)",taxation,6,0.25,False,True,False
153,56-3,49082.5625,"(19, 0)",taxation,6,0.25,False,True,False
153,71-3,53912.9375,"(41, 19)",taxation,6,0.25,False,True,False
153,226-3,49069.0625,"(3, 47)",taxation,6,0.25,False,True,False
153,205-3,24973.8125,"(26, 8)",taxation,6,0.25,False,True,False
153,165-3,58691.25,"(5, 41)",taxation,6,0.25,False,True,False
153,231-3,32200.8125,"(49, 30)",taxation,6,0.25,False,True,False
153,25-3,44247.25,"(7, 37)",taxation,6,0.25,False,True,False
153,137-3,44243.375,"(48, 30)",taxation,6,0.25,False,True,False
153,73-3,51484.6875,"(16, 8)",taxation,6,0.25,False,True,False
153,214-3,32156.25,"(23, 15)",taxation,6,0.25,False,True,False
153,21-3,46654.6875,"(7, 41)",taxation,6,0.25,False,True,False
153,201-3,34561.9375,"(24, 34)",taxation,6,0.25,False,True,False
153,169-3,39422.25,"(12, 38)",taxation,6,0.25,False,True,False
153,110-3,56312.75,"(24, 11)",taxation,6,0.25,False,True,False
153,183-3,34599.0625,"(11, 37)",taxation,6,0.25,False,True,False
153,125-3,53865.5,"(4, 43)",taxation,6,0.25,False,True,False
153,168-3,53906.875,"(39, 29)",taxation,6,0.25,False,True,False
153,156-3,37024.625,"(3, 40)",taxation,6,0.25,False,True,False
153,53-3,32192.6875,"(48, 15)",taxation,6,0.25,False,True,False
153,122-3,41818.6875,"(3, 42)",taxation,6,0.25,False,True,False
153,234-3,51437.125,"(4, 49)",taxation,6,0.25,False,True,False
153,134-3,49069.0,"(28, 8)",taxation,6,0.25,False,True,False
153,141-3,39431.375,"(19, 1)",taxation,6,0.25,False,True,False
153,145-3,51462.0,"(27, 8)",taxation,6,0.25,False,True,False
153,209-3,56312.625,"(38, 16)",taxation,6,0.25,False,True,False
153,247-3,44221.75,"(38, 34)",taxation,6,0.25,False,True,False
153,203-3,58693.6875,"(19, 9)",taxation,6,0.25,False,True,False
153,50-3,56286.125,"(0, 41)",taxation,6,0.25,False,True,False
153,45-3,51460.8125,"(12, 41)",taxation,6,0.25,False,True,False
153,78-3,46647.6875,"(3, 41)",taxation,6,0.25,False,True,False
153,147-3,49057.5625,"(44, 5)",taxation,6,0.25,False,True,False
153,193-3,44243.125,"(7, 48)",taxation,6,0.25,False,True,False
153,5-3,22507.625,"(30, 33)",taxation,6,0.25,False,True,False
153,175-3,41800.375,"(9, 39)",taxation,6,0.25,False,True,False
153,196-3,34575.0,"(13, 36)",taxation,6,0.25,False,True,False
153,112-3,53869.625,"(19, 34)",taxation,6,0.25,False,True,False
153,113-3,51441.0625,"(6, 40)",taxation,6,0.25,False,True,False
153,55-3,53852.9375,"(49, 17)",taxation,6,0.25,False,True,False
153,33-3,39369.9375,"(12, 32)",taxation,6,0.25,False,True,False
153,68-3,41813.3125,"(18, 34)",taxation,6,0.25,False,True,False
153,161-3,41815.5,"(4, 41)",taxation,6,0.25,False,True,False
153,100-3,49064.5625,"(39, 17)",taxation,6,0.25,False,True,False
153,155-3,51462.4375,"(38, 35)",taxation,6,0.25,False,True,False
153,41-3,53884.0,"(29, 10)",taxation,6,0.25,False,True,False
153,115-3,53860.3125,"(2, 40)",taxation,6,0.25,False,True,False
153,207-3,39379.8125,"(30, 10)",taxation,6,0.25,False,True,False
153,120-3,56254.5,"(1, 41)",taxation,6,0.25,False,True,False
153,11-3,39372.1875,"(25, 8)",taxation,6,0.25,False,True,False
153,102-3,34564.125,"(10, 49)",taxation,6,0.25,False,True,False
153,130-3,53832.125,"(4, 35)",taxation,6,0.25,False,True,False
153,103-3,49034.875,"(49, 28)",taxation,6,0.25,False,True,False
153,202-3,56275.5,"(44, 15)",taxation,6,0.25,False,True,False
153,164-3,51450.4375,"(43, 18)",taxation,6,0.25,False,True,False
153,2-3,49039.8125,"(25, 9)",taxation,6,0.25,False,True,False
153,186-3,46663.1875,"(47, 16)",taxation,6,0.25,False,True,False
153,85-3,44209.75,"(11, 31)",taxation,6,0.25,False,True,False
153,64-3,48998.0,"(11, 48)",taxation,6,0.25,False,True,False
153,188-3,49031.125,"(42, 16)",taxation,6,0.25,False,True,False
153,32-3,53829.8125,"(13, 25)",taxation,6,0.25,False,True,False
153,57-3,44206.6875,"(48, 19)",taxation,6,0.25,False,True,False
153,132-3,53844.3125,"(31, 3)",taxation,6,0.25,False,True,False
153,163-3,58653.5,"(7, 43)",taxation,6,0.25,False,True,False
153,19-3,51440.0,"(39, 18)",taxation,6,0.25,False,True,False
153,107-3,53803.875,"(10, 44)",taxation,6,0.25,False,True,False
153,221-3,46606.625,"(7, 44)",taxation,6,0.25,False,True,False
153,96-3,56254.375,"(26, 7)",taxation,6,0.25,False,True,False
153,92-3,53820.25,"(19, 10)",taxation,6,0.25,False,True,False
153,116-3,53852.125,"(48, 16)",taxation,6,0.25,False,True,False
153,13-3,46619.6875,"(8, 42)",taxation,6,0.25,False,True,False
153,174-3,53844.125,"(9, 42)",taxation,6,0.25,False,True,False
153,69-3,53801.875,"(11, 44)",taxation,6,0.25,False,True,False
153,184-3,48964.9375,"(11, 28)",taxation,6,0.25,False,True,False
153,237-3,39351.3125,"(22, 16)",taxation,6,0.25,False,True,False
153,90-3,44190.875,"(2, 42)",taxation,6,0.25,False,True,False
153,18-3,56242.3125,"(42, 31)",taxation,6,0.25,False,True,False
153,121-3,49036.0,"(48, 29)",taxation,6,0.25,False,True,False
153,30-3,56244.9375,"(37, 17)",taxation,6,0.25,False,True,False
153,97-3,39335.3125,"(38, 13)",taxation,6,0.25,False,True,False
153,229-3,53860.6875,"(19, 45)",taxation,6,0.25,False,True,False
153,27-3,44173.0625,"(4, 44)",taxation,6,0.25,False,True,False
153,117-3,44165.625,"(49, 32)",taxation,6,0.25,False,True,False
153,80-3,53800.625,"(2, 39)",taxation,6,0.25,False,True,False
153,166-3,46574.4375,"(9, 43)",taxation,6,0.25,False,True,False
153,86-3,49022.5,"(49, 34)",taxation,6,0.25,False,True,False
153,160-3,44165.75,"(10, 41)",taxation,6,0.25,False,True,False
153,233-3,46587.4375,"(14, 33)",taxation,6,0.25,False,True,False
153,235-3,48964.9375,"(22, 14)",taxation,6,0.25,False,True,False
153,48-3,51358.5,"(2, 41)",taxation,6,0.25,False,True,False
153,88-3,49004.0,"(16, 0)",taxation,6,0.25,False,True,False
153,52-3,36945.4375,"(47, 19)",taxation,6,0.25,False,True,False
153,58-3,51378.875,"(37, 13)",taxation,6,0.25,False,True,False
153,248-3,48984.1875,"(46, 4)",taxation,6,0.25,False,True,False
153,108-3,27269.6875,"(24, 13)",taxation,6,0.25,False,True,False
153,82-3,51399.125,"(17, 32)",taxation,6,0.25,False,True,False
153,236-3,48993.9375,"(49, 16)",taxation,6,0.25,False,True,False
153,104-3,46609.125,"(48, 31)",taxation,6,0.25,False,True,False
153,152-3,51383.1875,"(15, 35)",taxation,6,0.25,False,True,False
153,109-3,49001.875,"(24, 6)",taxation,6,0.25,False,True,False
153,72-3,56201.875,"(8, 38)",taxation,6,0.25,False,True,False
153,127-3,51373.5,"(24, 15)",taxation,6,0.25,False,True,False
153,61-3,58631.1875,"(22, 0)",taxation,6,0.25,False,True,False
153,232-3,29662.6875,"(8, 46)",taxation,6,0.25,False,True,False
153,65-3,56189.9375,"(23, 16)",taxation,6,0.25,False,True,False
153,124-3,46570.1875,"(7, 46)",taxation,6,0.25,False,True,False
153,62-3,48974.125,"(35, 32)",taxation,6,0.25,False,True,False
153,59-3,44148.9375,"(30, 6)",taxation,6,0.25,False,True,False
153,89-3,51396.0625,"(44, 18)",taxation,6,0.25,False,True,False
153,26-3,39333.5625,"(20, 1)",taxation,6,0.25,False,True,False
153,14-3,12807.875,"(44, 19)",taxation,6,0.25,False,True,False
153,194-3,44159.625,"(6, 42)",taxation,6,0.25,False,True,False
153,37-3,51395.0625,"(40, 30)",taxation,6,0.25,False,True,False
153,36-3,36919.4375,"(47, 17)",taxation,6,0.25,False,True,False
153,7-3,36933.375,"(41, 15)",taxation,6,0.25,False,True,False
153,47-3,34486.3125,"(10, 48)",taxation,6,0.25,False,True,False
153,223-3,34500.5,"(48, 33)",taxation,6,0.25,False,True,False
153,129-3,46580.5,"(22, 13)",taxation,6,0.25,False,True,False
153,77-3,41724.125,"(24, 12)",taxation,6,0.25,False,True,False
153,43-3,48957.8125,"(10, 45)",taxation,6,0.25,False,True,False
153,128-3,53800.25,"(31, 7)",taxation,6,0.25,False,True,False
153,79-3,46553.1875,"(6, 43)",taxation,6,0.25,False,True,False
153,199-3,56166.25,"(38, 29)",taxation,6,0.25,False,True,False
153,136-3,39317.375,"(37, 15)",taxation,6,0.25,False,True,False
153,99-3,46536.9375,"(23, 32)",taxation,6,0.25,False,True,False
153,84-3,48947.625,"(22, 32)",taxation,6,0.25,False,True,False
153,123-3,56212.5625,"(46, 20)",taxation,6,0.25,False,True,False
153,119-3,48946.75,"(46, 17)",taxation,6,0.25,False,True,False
153,46-3,34467.5,"(5, 35)",taxation,6,0.25,False,True,False
153,190-3,48957.0625,"(21, 35)",taxation,6,0.25,False,True,False
153,215-3,53797.625,"(47, 18)",taxation,6,0.25,False,True,False
153,220-3,53783.25,"(16, 35)",taxation,6,0.25,False,True,False
153,157-3,46531.1875,"(44, 35)",taxation,6,0.25,False,True,False
153,245-3,53761.0625,"(6, 49)",taxation,6,0.25,False,True,False
153,195-3,22405.9375,"(27, 7)",taxation,6,0.25,False,True,False
153,15-3,44131.0625,"(8, 39)",taxation,6,0.25,False,True,False
153,224-3,41719.3125,"(6, 48)",taxation,6,0.25,False,True,False
153,87-3,48929.625,"(16, 1)",taxation,6,0.25,False,True,False
153,135-3,48941.0625,"(44, 21)",taxation,6,0.25,False,True,False
153,8-3,48946.25,"(43, 17)",taxation,6,0.25,False,True,False
153,227-3,53762.375,"(17, 0)",taxation,6,0.25,False,True,False
153,178-3,53751.1875,"(27, 11)",taxation,6,0.25,False,True,False
153,114-3,56185.3125,"(17, 31)",taxation,6,0.25,False,True,False
153,118-3,53731.625,"(5, 38)",taxation,6,0.25,False,True,False
153,244-3,56162.875,"(26, 5)",taxation,6,0.25,False,True,False
153,34-3,44097.5,"(6, 41)",taxation,6,0.25,False,True,False
153,60-3,51336.4375,"(40, 31)",taxation,6,0.25,False,True,False
153,218-3,56188.125,"(36, 27)",taxation,6,0.25,False,True,False
153,49-3,46531.875,"(44, 24)",taxation,6,0.25,False,True,False
153,185-3,48960.125,"(49, 18)",taxation,6,0.25,False,True,False
153,228-4,29008.9375,"(1, 42)",taxation,6,0.25,False,True,False
153,24-3,39335.125,"(45, 19)",taxation,6,0.25,False,True,False
153,9-3,41709.9375,"(29, 8)",taxation,6,0.25,False,True,False
153,39-3,34448.625,"(11, 49)",taxation,6,0.25,False,True,False
153,151-3,39236.1875,"(11, 27)",taxation,6,0.25,False,True,False
153,29-3,48922.9375,"(27, 6)",taxation,6,0.25,False,True,False
153,230-3,39285.0,"(1, 40)",taxation,6,0.25,False,True,False
153,131-3,48919.75,"(43, 19)",taxation,6,0.25,False,True,False
153,81-3,46541.6875,"(19, 2)",taxation,6,0.25,False,True,False
153,222-3,48924.125,"(18, 8)",taxation,6,0.25,False,True,False
153,171-3,48919.375,"(6, 37)",taxation,6,0.25,False,True,False
153,200-3,46502.5,"(49, 14)",taxation,6,0.25,False,True,False
154,192-2,58797.0,"(20, 4)",taxation,6,0.25,False,True,False
154,211-2,42702.75,"(34, 28)",taxation,6,0.25,False,True,False
154,177-2,65269.75,"(31, 10)",taxation,6,0.25,False,True,False
154,213-2,65250.5,"(45, 21)",taxation,6,0.25,False,True,False
154,217-2,39511.5,"(11, 38)",taxation,6,0.25,False,True,False
154,204-2,71663.5,"(2, 48)",taxation,6,0.25,False,True,False
154,105-2,58796.5,"(46, 32)",taxation,6,0.25,False,True,False
154,239-2,65227.5,"(31, 4)",taxation,6,0.25,False,True,False
154,243-2,62009.5,"(13, 46)",taxation,6,0.25,False,True,False
154,139-3,58806.6875,"(28, 14)",taxation,6,0.25,False,True,False
154,191-2,74847.75,"(5, 42)",taxation,6,0.25,False,True,False
154,159-2,52381.5,"(1, 45)",taxation,6,0.25,False,True,False
154,181-2,65205.250000000015,"(35, 14)",taxation,6,0.25,False,True,False
154,101-2,65248.75,"(26, 16)",taxation,6,0.25,False,True,False
154,35-2,65250.5,"(47, 21)",taxation,6,0.25,False,True,False
154,70-2,68450.0,"(4, 48)",taxation,6,0.25,False,True,False
154,158-3,47497.75,"(11, 40)",taxation,6,0.25,False,True,False
154,20-2,62014.0,"(38, 14)",taxation,6,0.25,False,True,False
154,31-3,58765.625,"(29, 14)",taxation,6,0.25,False,True,False
154,179-3,42749.375,"(48, 22)",taxation,6,0.25,False,True,False
154,93-2,29856.0,"(27, 14)",taxation,6,0.25,False,True,False
154,3-2,39476.25,"(1, 46)",taxation,6,0.25,False,True,False
154,143-2,65217.75,"(45, 24)",taxation,6,0.25,False,True,False
154,219-3,57176.75,"(38, 21)",taxation,6,0.25,False,True,False
154,98-3,26658.75,"(34, 26)",taxation,6,0.25,False,True,False
154,138-2,68391.75,"(46, 25)",taxation,6,0.25,False,True,False
154,66-2,71650.75,"(42, 20)",taxation,6,0.25,False,True,False
154,210-2,78080.75,"(40, 21)",taxation,6,0.25,False,True,False
154,150-2,55556.25,"(4, 47)",taxation,6,0.25,False,True,False
154,44-2,42706.0,"(19, 6)",taxation,6,0.25,False,True,False
154,154-3,23395.75,"(4, 38)",taxation,6,0.25,False,True,False
154,126-2,65221.75,"(37, 19)",taxation,6,0.25,False,True,False
154,74-3,57164.0,"(15, 11)",taxation,6,0.25,False,True,False
154,28-3,45095.9375,"(9, 32)",taxation,6,0.25,False,True,False
154,146-3,20208.75,"(46, 23)",taxation,6,0.25,False,True,False
154,176-3,898.25,"(14, 27)",taxation,6,0.25,False,True,False
154,208-3,52345.9375,"(33, 29)",taxation,6,0.25,False,True,False
154,216-2,71623.0,"(26, 15)",taxation,6,0.25,False,True,False
154,187-3,26614.25,"(0, 49)",taxation,6,0.25,False,True,False
154,167-3,51559.3125,"(20, 2)",taxation,6,0.25,False,True,False
154,240-3,16968.75,"(0, 48)",taxation,6,0.25,False,True,False
154,140-3,929.75,"(23, 17)",taxation,6,0.25,False,True,False
154,149-3,44339.75,"(48, 24)",taxation,6,0.25,False,True,False
154,173-3,13811.75,"(39, 21)",taxation,6,0.25,False,True,False
154,246-3,49134.75,"(33, 7)",taxation,6,0.25,False,True,False
154,75-3,46705.75,"(4, 45)",taxation,6,0.25,False,True,False
154,12-2,61981.75,"(31, 5)",taxation,6,0.25,False,True,False
154,1-3,37881.1875,"(22, 18)",taxation,6,0.25,False,True,False
154,17-3,53955.375,"(45, 20)",taxation,6,0.25,False,True,False
154,67-2,49150.75,"(31, 8)",taxation,6,0.25,False,True,False
154,40-3,53960.75,"(45, 36)",taxation,6,0.25,False,True,False
154,23-3,53117.0,"(2, 44)",taxation,6,0.25,False,True,False
154,142-3,32233.8125,"(1, 49)",taxation,6,0.25,False,True,False
154,76-3,49116.562500000015,"(15, 27)",taxation,6,0.25,False,True,False
154,94-3,16978.5,"(20, 31)",taxation,6,0.25,False,True,False
154,241-3,46696.625,"(21, 33)",taxation,6,0.25,False,True,False
154,170-3,45137.3125,"(30, 12)",taxation,6,0.25,False,True,False
154,242-3,22597.9375,"(33, 16)",taxation,6,0.25,False,True,False
154,198-3,46736.625,"(47, 24)",taxation,6,0.25,False,True,False
154,10-3,51519.1875,"(13, 27)",taxation,6,0.25,False,True,False
154,172-3,53915.3125,"(0, 40)",taxation,6,0.25,False,True,False
154,189-3,44334.125,"(25, 11)",taxation,6,0.25,False,True,False
154,206-3,49900.4375,"(19, 33)",taxation,6,0.25,False,True,False
154,182-3,51487.1875,"(2, 49)",taxation,6,0.25,False,True,False
154,42-3,37087.625,"(16, 13)",taxation,6,0.25,False,True,False
154,148-3,39459.9375,"(2, 43)",taxation,6,0.25,False,True,False
154,0-3,34647.4375,"(20, 5)",taxation,6,0.25,False,True,False
154,212-3,51525.8125,"(28, 15)",taxation,6,0.25,False,True,False
154,225-3,51520.5625,"(46, 24)",taxation,6,0.25,False,True,False
154,6-3,56353.5,"(1, 43)",taxation,6,0.25,False,True,False
154,38-3,51512.125,"(5, 48)",taxation,6,0.25,False,True,False
154,54-3,49097.1875,"(20, 9)",taxation,6,0.25,False,True,False
154,63-3,46649.5625,"(3, 35)",taxation,6,0.25,False,True,False
154,144-3,49151.875,"(47, 26)",taxation,6,0.25,False,True,False
154,22-3,56325.75,"(16, 5)",taxation,6,0.25,False,True,False
154,162-3,51469.875,"(11, 43)",taxation,6,0.25,False,True,False
154,249-3,51571.75,"(35, 17)",taxation,6,0.25,False,True,False
154,180-3,49104.6875,"(48, 27)",taxation,6,0.25,False,True,False
154,83-3,53906.5625,"(7, 38)",taxation,6,0.25,False,True,False
154,133-3,44278.25,"(39, 8)",taxation,6,0.25,False,True,False
154,16-3,56339.125,"(5, 34)",taxation,6,0.25,False,True,False
154,51-3,51513.875,"(26, 14)",taxation,6,0.25,False,True,False
154,4-3,37026.6875,"(4, 46)",taxation,6,0.25,False,True,False
154,111-3,53894.6875,"(20, 13)",taxation,6,0.25,False,True,False
154,91-3,53915.0625,"(25, 15)",taxation,6,0.25,False,True,False
154,95-3,56332.875,"(34, 25)",taxation,6,0.25,False,True,False
154,106-3,46674.8125,"(43, 31)",taxation,6,0.25,False,True,False
154,56-3,49084.5625,"(19, 5)",taxation,6,0.25,False,True,False
154,71-3,53922.9375,"(40, 20)",taxation,6,0.25,False,True,False
154,226-3,49070.0625,"(5, 43)",taxation,6,0.25,False,True,False
154,205-3,24981.8125,"(29, 13)",taxation,6,0.25,False,True,False
154,165-3,58700.25,"(1, 47)",taxation,6,0.25,False,True,False
154,231-3,32209.8125,"(49, 29)",taxation,6,0.25,False,True,False
154,25-3,44254.25,"(6, 31)",taxation,6,0.25,False,True,False
154,137-3,44253.375,"(47, 27)",taxation,6,0.25,False,True,False
154,73-3,51489.6875,"(16, 14)",taxation,6,0.25,False,True,False
154,214-3,32164.25,"(24, 18)",taxation,6,0.25,False,True,False
154,21-3,46657.6875,"(9, 35)",taxation,6,0.25,False,True,False
154,201-3,34568.9375,"(22, 31)",taxation,6,0.25,False,True,False
154,169-3,39429.25,"(6, 38)",taxation,6,0.25,False,True,False
154,110-3,56320.75,"(27, 16)",taxation,6,0.25,False,True,False
154,183-3,34606.0625,"(7, 31)",taxation,6,0.25,False,True,False
154,125-3,53867.5,"(4, 37)",taxation,6,0.25,False,True,False
154,168-3,53915.875,"(40, 28)",taxation,6,0.25,False,True,False
154,156-3,37033.625,"(0, 44)",taxation,6,0.25,False,True,False
154,53-3,32195.6875,"(45, 11)",taxation,6,0.25,False,True,False
154,122-3,41826.6875,"(0, 39)",taxation,6,0.25,False,True,False
154,234-3,51446.125,"(3, 49)",taxation,6,0.25,False,True,False
154,134-3,49077.0,"(29, 12)",taxation,6,0.25,False,True,False
154,141-3,39434.375,"(25, 7)",taxation,6,0.25,False,True,False
154,145-3,51470.0,"(30, 13)",taxation,6,0.25,False,True,False
154,209-3,56322.625,"(37, 20)",taxation,6,0.25,False,True,False
154,247-3,44230.75,"(42, 30)",taxation,6,0.25,False,True,False
154,203-3,58697.6875,"(20, 11)",taxation,6,0.25,False,True,False
154,50-3,56294.125,"(0, 38)",taxation,6,0.25,False,True,False
154,45-3,51465.8125,"(18, 37)",taxation,6,0.25,False,True,False
154,78-3,46655.6875,"(1, 39)",taxation,6,0.25,False,True,False
154,147-3,49063.5625,"(39, 9)",taxation,6,0.25,False,True,False
154,193-3,44245.125,"(13, 47)",taxation,6,0.25,False,True,False
154,5-3,22515.625,"(33, 28)",taxation,6,0.25,False,True,False
154,175-3,41807.375,"(4, 34)",taxation,6,0.25,False,True,False
154,196-3,34581.0,"(8, 31)",taxation,6,0.25,False,True,False
154,112-3,53876.625,"(20, 30)",taxation,6,0.25,False,True,False
154,113-3,51449.0625,"(4, 40)",taxation,6,0.25,False,True,False
154,55-3,53862.9375,"(49, 20)",taxation,6,0.25,False,True,False
154,33-3,39376.9375,"(8, 32)",taxation,6,0.25,False,True,False
154,68-3,41820.3125,"(13, 28)",taxation,6,0.25,False,True,False
154,161-3,41824.5,"(1, 44)",taxation,6,0.25,False,True,False
154,100-3,49074.5625,"(42, 21)",taxation,6,0.25,False,True,False
154,155-3,51471.4375,"(44, 34)",taxation,6,0.25,False,True,False
154,41-3,53892.0,"(31, 13)",taxation,6,0.25,False,True,False
154,115-3,53868.3125,"(3, 39)",taxation,6,0.25,False,True,False
154,207-3,39387.8125,"(31, 12)",taxation,6,0.25,False,True,False
154,120-3,56262.5,"(0, 42)",taxation,6,0.25,False,True,False
154,11-3,39380.1875,"(28, 11)",taxation,6,0.25,False,True,False
154,102-3,34567.125,"(16, 43)",taxation,6,0.25,False,True,False
154,130-3,53839.125,"(2, 33)",taxation,6,0.25,False,True,False
154,103-3,49043.875,"(48, 28)",taxation,6,0.25,False,True,False
154,202-3,56284.5,"(46, 19)",taxation,6,0.25,False,True,False
154,164-3,51460.4375,"(46, 22)",taxation,6,0.25,False,True,False
154,2-3,49047.8125,"(27, 12)",taxation,6,0.25,False,True,False
154,186-3,46672.1875,"(48, 18)",taxation,6,0.25,False,True,False
154,85-3,44216.75,"(10, 31)",taxation,6,0.25,False,True,False
154,64-3,49005.0,"(5, 47)",taxation,6,0.25,False,True,False
154,188-3,49041.125,"(47, 22)",taxation,6,0.25,False,True,False
154,32-3,53836.8125,"(14, 26)",taxation,6,0.25,False,True,False
154,57-3,44216.6875,"(49, 25)",taxation,6,0.25,False,True,False
154,132-3,53851.3125,"(32, 7)",taxation,6,0.25,False,True,False
154,163-3,58662.5,"(2, 47)",taxation,6,0.25,False,True,False
154,19-3,51450.0,"(44, 22)",taxation,6,0.25,False,True,False
154,107-3,53807.875,"(15, 38)",taxation,6,0.25,False,True,False
154,221-3,46609.625,"(13, 40)",taxation,6,0.25,False,True,False
154,96-3,56262.375,"(28, 13)",taxation,6,0.25,False,True,False
154,92-3,53826.25,"(25, 13)",taxation,6,0.25,False,True,False
154,116-3,53862.125,"(48, 21)",taxation,6,0.25,False,True,False
154,13-3,46628.6875,"(3, 48)",taxation,6,0.25,False,True,False
154,174-3,53851.125,"(3, 36)",taxation,6,0.25,False,True,False
154,69-3,53808.875,"(5, 46)",taxation,6,0.25,False,True,False
154,184-3,48971.9375,"(15, 26)",taxation,6,0.25,False,True,False
154,237-3,39359.3125,"(22, 19)",taxation,6,0.25,False,True,False
154,90-3,44199.875,"(0, 46)",taxation,6,0.25,False,True,False
154,18-3,56252.3125,"(46, 26)",taxation,6,0.25,False,True,False
154,121-3,49046.0,"(48, 25)",taxation,6,0.25,False,True,False
154,30-3,56253.9375,"(35, 18)",taxation,6,0.25,False,True,False
154,97-3,39344.3125,"(40, 16)",taxation,6,0.25,False,True,False
154,229-3,53864.6875,"(20, 45)",taxation,6,0.25,False,True,False
154,27-3,44182.0625,"(1, 48)",taxation,6,0.25,False,True,False
154,117-3,44175.625,"(49, 26)",taxation,6,0.25,False,True,False
154,80-3,53807.625,"(2, 34)",taxation,6,0.25,False,True,False
154,166-3,46582.4375,"(3, 46)",taxation,6,0.25,False,True,False
154,86-3,49031.5,"(46, 34)",taxation,6,0.25,False,True,False
154,160-3,44169.75,"(14, 37)",taxation,6,0.25,False,True,False
154,233-3,46593.4375,"(17, 30)",taxation,6,0.25,False,True,False
154,235-3,48972.9375,"(23, 18)",taxation,6,0.25,False,True,False
154,48-3,51360.5,"(2, 37)",taxation,6,0.25,False,True,False
154,88-3,49006.0,"(16, 6)",taxation,6,0.25,False,True,False
154,52-3,36955.4375,"(48, 20)",taxation,6,0.25,False,True,False
154,58-3,51387.875,"(36, 19)",taxation,6,0.25,False,True,False
154,248-3,48989.1875,"(42, 4)",taxation,6,0.25,False,True,False
154,108-3,27277.6875,"(27, 13)",taxation,6,0.25,False,True,False
154,82-3,51406.125,"(17, 29)",taxation,6,0.25,False,True,False
154,236-3,48996.9375,"(43, 16)",taxation,6,0.25,False,True,False
154,104-3,46619.125,"(48, 26)",taxation,6,0.25,False,True,False
154,152-3,51389.1875,"(16, 30)",taxation,6,0.25,False,True,False
154,109-3,49008.875,"(28, 12)",taxation,6,0.25,False,True,False
154,72-3,56208.875,"(7, 33)",taxation,6,0.25,False,True,False
154,127-3,51381.5,"(25, 16)",taxation,6,0.25,False,True,False
154,61-3,58635.1875,"(28, 5)",taxation,6,0.25,False,True,False
154,232-3,29664.6875,"(12, 44)",taxation,6,0.25,False,True,False
154,65-3,56197.9375,"(25, 17)",taxation,6,0.25,False,True,False
154,124-3,46578.1875,"(2, 46)",taxation,6,0.25,False,True,False
154,62-3,48983.125,"(39, 27)",taxation,6,0.25,False,True,False
154,59-3,44156.9375,"(32, 10)",taxation,6,0.25,False,True,False
154,89-3,51406.0625,"(45, 23)",taxation,6,0.25,False,True,False
154,26-3,39335.5625,"(22, 5)",taxation,6,0.25,False,True,False
154,14-3,12816.875,"(40, 22)",taxation,6,0.25,False,True,False
154,194-3,44162.625,"(11, 39)",taxation,6,0.25,False,True,False
154,37-3,51405.0625,"(46, 27)",taxation,6,0.25,False,True,False
154,36-3,36929.4375,"(47, 23)",taxation,6,0.25,False,True,False
154,7-3,36942.375,"(41, 20)",taxation,6,0.25,False,True,False
154,47-3,34494.3125,"(5, 49)",taxation,6,0.25,False,True,False
154,223-3,34509.5,"(46, 33)",taxation,6,0.25,False,True,False
154,129-3,46588.5,"(24, 17)",taxation,6,0.25,False,True,False
154,77-3,41732.125,"(24, 14)",taxation,6,0.25,False,True,False
154,43-3,48961.8125,"(15, 39)",taxation,6,0.25,False,True,False
154,128-3,53808.25,"(32, 11)",taxation,6,0.25,False,True,False
154,79-3,46561.1875,"(1, 38)",taxation,6,0.25,False,True,False
154,199-3,56175.25,"(39, 28)",taxation,6,0.25,False,True,False
154,136-3,39326.375,"(37, 18)",taxation,6,0.25,False,True,False
154,99-3,46543.9375,"(19, 29)",taxation,6,0.25,False,True,False
154,84-3,48954.625,"(17, 27)",taxation,6,0.25,False,True,False
154,123-3,56222.5625,"(49, 24)",taxation,6,0.25,False,True,False
154,119-3,48956.75,"(46, 21)",taxation,6,0.25,False,True,False
154,46-3,34474.5,"(5, 32)",taxation,6,0.25,False,True,False
154,190-3,48964.0625,"(21, 31)",taxation,6,0.25,False,True,False
154,215-3,53807.625,"(49, 21)",taxation,6,0.25,False,True,False
154,220-3,53790.25,"(19, 30)",taxation,6,0.25,False,True,False
154,157-3,46540.1875,"(45, 35)",taxation,6,0.25,False,True,False
154,245-3,53769.0625,"(0, 45)",taxation,6,0.25,False,True,False
154,195-3,22413.9375,"(29, 11)",taxation,6,0.25,False,True,False
154,15-3,44139.0625,"(6, 39)",taxation,6,0.25,False,True,False
154,224-3,41721.3125,"(12, 45)",taxation,6,0.25,False,True,False
154,87-3,48931.625,"(15, 5)",taxation,6,0.25,False,True,False
154,135-3,48950.0625,"(42, 23)",taxation,6,0.25,False,True,False
154,8-3,48956.25,"(49, 23)",taxation,6,0.25,False,True,False
154,227-3,53764.375,"(20, 3)",taxation,6,0.25,False,True,False
154,178-3,53760.1875,"(32, 16)",taxation,6,0.25,False,True,False
154,114-3,56192.3125,"(18, 29)",taxation,6,0.25,False,True,False
154,118-3,53740.625,"(0, 43)",taxation,6,0.25,False,True,False
154,244-3,56169.875,"(32, 8)",taxation,6,0.25,False,True,False
154,34-3,44105.5,"(3, 38)",taxation,6,0.25,False,True,False
154,60-3,51345.4375,"(43, 29)",taxation,6,0.25,False,True,False
154,218-3,56197.125,"(36, 25)",taxation,6,0.25,False,True,False
154,49-3,46541.875,"(43, 24)",taxation,6,0.25,False,True,False
154,185-3,48963.125,"(44, 12)",taxation,6,0.25,False,True,False
154,228-4,29017.9375,"(0, 47)",taxation,6,0.25,False,True,False
154,24-3,39345.125,"(45, 22)",taxation,6,0.25,False,True,False
154,9-3,41717.9375,"(30, 11)",taxation,6,0.25,False,True,False
154,39-3,34451.625,"(17, 46)",taxation,6,0.25,False,True,False
154,151-3,39243.1875,"(12, 27)",taxation,6,0.25,False,True,False
154,29-3,48930.9375,"(31, 11)",taxation,6,0.25,False,True,False
154,230-3,39293.0,"(0, 37)",taxation,6,0.25,False,True,False
154,131-3,48929.75,"(47, 25)",taxation,6,0.25,False,True,False
154,81-3,46543.6875,"(21, 5)",taxation,6,0.25,False,True,False
154,222-3,48929.125,"(21, 12)",taxation,6,0.25,False,True,False
154,171-3,48926.375,"(3, 33)",taxation,6,0.25,False,True,False
154,200-3,46506.5,"(45, 10)",taxation,6,0.25,False,True,False
154,238-3,48937.5,"(48, 23)",taxation,6,0.25,False,True,False
154,153-3,24791.25,"(17, 6)",taxation,6,0.25,False,True,False
154,197-3,39270.1875,"(18, 27)",taxation,6,0.25,False,True,False
155,192-2,58801.0,"(17, 9)",taxation,6,0.25,False,True,False
155,177-2,65277.75,"(32, 9)",taxation,6,0.25,False,True,False
155,217-2,39517.5,"(16, 34)",taxation,6,0.25,False,True,False
155,105-2,58806.5,"(45, 33)",taxation,6,0.25,False,True,False
155,239-2,65235.5,"(35, 10)",taxation,6,0.25,False,True,False
155,243-2,62014.5,"(18, 42)",taxation,6,0.25,False,True,False
155,191-2,74850.75,"(5, 37)",taxation,6,0.25,False,True,False
155,159-2,52383.5,"(5, 39)",taxation,6,0.25,False,True,False
155,181-2,65215.250000000015,"(34, 20)",taxation,6,0.25,False,True,False
155,35-2,65255.5,"(41, 21)",taxation,6,0.25,False,True,False
155,70-2,68452.0,"(9, 49)",taxation,6,0.25,False,True,False
155,158-3,47503.75,"(17, 34)",taxation,6,0.25,False,True,False
155,20-2,62022.0,"(36, 13)",taxation,6,0.25,False,True,False
155,31-3,58774.625,"(29, 18)",taxation,6,0.25,False,True,False
155,179-3,42759.375,"(44, 27)",taxation,6,0.25,False,True,False
155,3-2,39478.25,"(7, 42)",taxation,6,0.25,False,True,False
155,143-2,65222.75,"(41, 22)",taxation,6,0.25,False,True,False
155,219-3,57186.75,"(39, 25)",taxation,6,0.25,False,True,False
155,98-3,26667.75,"(35, 26)",taxation,6,0.25,False,True,False
155,138-2,68395.75,"(41, 27)",taxation,6,0.25,False,True,False
155,66-2,71659.75,"(38, 23)",taxation,6,0.25,False,True,False
155,210-2,78089.75,"(37, 25)",taxation,6,0.25,False,True,False
155,150-2,55558.25,"(9, 45)",taxation,6,0.25,False,True,False
155,44-2,42711.0,"(14, 12)",taxation,6,0.25,False,True,False
155,154-3,23403.75,"(0, 32)",taxation,6,0.25,False,True,False
155,126-2,65230.75,"(37, 22)",taxation,6,0.25,False,True,False
155,74-3,57170.0,"(15, 16)",taxation,6,0.25,False,True,False
155,28-3,45101.9375,"(11, 29)",taxation,6,0.25,False,True,False
155,146-3,20218.75,"(45, 25)",taxation,6,0.25,False,True,False
155,176-3,906.25,"(17, 23)",taxation,6,0.25,False,True,False
155,208-3,52354.9375,"(36, 29)",taxation,6,0.25,False,True,False
155,216-2,71632.0,"(26, 18)",taxation,6,0.25,False,True,False
155,187-3,26615.25,"(3, 44)",taxation,6,0.25,False,True,False
155,167-3,51562.3125,"(20, 6)",taxation,6,0.25,False,True,False
155,240-3,16969.75,"(4, 49)",taxation,6,0.25,False,True,False
155,140-3,938.75,"(23, 19)",taxation,6,0.25,False,True,False
155,149-3,44349.75,"(45, 28)",taxation,6,0.25,False,True,False
155,173-3,13821.75,"(37, 24)",taxation,6,0.25,False,True,False
155,246-3,49142.75,"(33, 9)",taxation,6,0.25,False,True,False
155,75-3,46708.75,"(10, 39)",taxation,6,0.25,False,True,False
155,12-2,61989.75,"(34, 9)",taxation,6,0.25,False,True,False
155,1-3,37889.1875,"(22, 20)",taxation,6,0.25,False,True,False
155,17-3,53965.375,"(40, 26)",taxation,6,0.25,False,True,False
155,67-2,49158.75,"(33, 10)",taxation,6,0.25,False,True,False
155,40-3,53970.75,"(46, 35)",taxation,6,0.25,False,True,False
155,23-3,53119.0,"(4, 39)",taxation,6,0.25,False,True,False
155,142-3,32234.8125,"(3, 47)",taxation,6,0.25,False,True,False
155,76-3,49124.562500000015,"(16, 23)",taxation,6,0.25,False,True,False
155,94-3,16985.5,"(20, 29)",taxation,6,0.25,False,True,False
155,241-3,46703.625,"(23, 31)",taxation,6,0.25,False,True,False
155,170-3,45145.3125,"(32, 12)",taxation,6,0.25,False,True,False
155,242-3,22606.9375,"(36, 16)",taxation,6,0.25,False,True,False
155,198-3,46740.625,"(41, 23)",taxation,6,0.25,False,True,False
155,10-3,51527.1875,"(15, 22)",taxation,6,0.25,False,True,False
155,172-3,53918.3125,"(0, 34)",taxation,6,0.25,False,True,False
155,189-3,44342.125,"(31, 15)",taxation,6,0.25,False,True,False
155,206-3,49907.4375,"(21, 30)",taxation,6,0.25,False,True,False
155,182-3,51488.1875,"(6, 49)",taxation,6,0.25,False,True,False
155,42-3,37094.625,"(14, 18)",taxation,6,0.25,False,True,False
155,148-3,39461.9375,"(1, 37)",taxation,6,0.25,False,True,False
155,0-3,34651.4375,"(21, 10)",taxation,6,0.25,False,True,False
155,212-3,51533.8125,"(30, 16)",taxation,6,0.25,False,True,False
155,225-3,51525.5625,"(40, 29)",taxation,6,0.25,False,True,False
155,6-3,56355.5,"(2, 38)",taxation,6,0.25,False,True,False
155,38-3,51514.125,"(9, 48)",taxation,6,0.25,False,True,False
155,54-3,49102.1875,"(19, 13)",taxation,6,0.25,False,True,False
155,63-3,46655.5625,"(5, 29)",taxation,6,0.25,False,True,False
155,144-3,49160.875,"(41, 30)",taxation,6,0.25,False,True,False
155,22-3,56329.75,"(16, 9)",taxation,6,0.25,False,True,False
155,162-3,51474.875,"(16, 38)",taxation,6,0.25,False,True,False
155,249-3,51581.75,"(34, 23)",taxation,6,0.25,False,True,False
155,180-3,49107.6875,"(46, 31)",taxation,6,0.25,False,True,False
155,83-3,53911.5625,"(10, 34)",taxation,6,0.25,False,True,False
155,133-3,44286.25,"(35, 11)",taxation,6,0.25,False,True,False
155,16-3,56346.125,"(1, 30)",taxation,6,0.25,False,True,False
155,51-3,51522.875,"(31, 19)",taxation,6,0.25,False,True,False
155,4-3,37028.6875,"(10, 46)",taxation,6,0.25,False,True,False
155,111-3,53903.6875,"(20, 19)",taxation,6,0.25,False,True,False
155,91-3,53924.0625,"(26, 17)",taxation,6,0.25,False,True,False
155,95-3,56341.875,"(35, 25)",taxation,6,0.25,False,True,False
155,106-3,46684.8125,"(44, 31)",taxation,6,0.25,False,True,False
155,56-3,49088.5625,"(18, 10)",taxation,6,0.25,False,True,False
155,71-3,53932.9375,"(40, 23)",taxation,6,0.25,False,True,False
155,226-3,49073.0625,"(11, 41)",taxation,6,0.25,False,True,False
155,205-3,24989.8125,"(31, 14)",taxation,6,0.25,False,True,False
155,165-3,58701.25,"(3, 43)",taxation,6,0.25,False,True,False
155,231-3,32219.8125,"(44, 33)",taxation,6,0.25,False,True,False
155,25-3,44261.25,"(5, 25)",taxation,6,0.25,False,True,False
155,137-3,44263.375,"(46, 29)",taxation,6,0.25,False,True,False
155,73-3,51498.6875,"(21, 19)",taxation,6,0.25,False,True,False
155,214-3,32172.25,"(26, 20)",taxation,6,0.25,False,True,False
155,21-3,46664.6875,"(4, 30)",taxation,6,0.25,False,True,False
155,201-3,34576.9375,"(28, 25)",taxation,6,0.25,False,True,False
155,169-3,39437.25,"(0, 33)",taxation,6,0.25,False,True,False
155,110-3,56328.75,"(28, 16)",taxation,6,0.25,False,True,False
155,183-3,34613.0625,"(5, 28)",taxation,6,0.25,False,True,False
155,125-3,53875.5,"(2, 32)",taxation,6,0.25,False,True,False
155,168-3,53924.875,"(39, 26)",taxation,6,0.25,False,True,False
155,156-3,37034.625,"(1, 42)",taxation,6,0.25,False,True,False
155,53-3,32201.6875,"(41, 13)",taxation,6,0.25,False,True,False
155,122-3,41830.6875,"(6, 33)",taxation,6,0.25,False,True,False
155,234-3,51448.125,"(9, 44)",taxation,6,0.25,False,True,False
155,134-3,49086.0,"(27, 18)",taxation,6,0.25,False,True,False
155,141-3,39441.375,"(29, 9)",taxation,6,0.25,False,True,False
155,145-3,51479.0,"(29, 17)",taxation,6,0.25,False,True,False
155,209-3,56331.625,"(33, 24)",taxation,6,0.25,False,True,False
155,247-3,44240.75,"(44, 30)",taxation,6,0.25,False,True,False
155,203-3,58704.6875,"(21, 17)",taxation,6,0.25,False,True,False
155,50-3,56297.125,"(6, 35)",taxation,6,0.25,False,True,False
155,45-3,51472.8125,"(24, 33)",taxation,6,0.25,False,True,False
155,78-3,46659.6875,"(6, 34)",taxation,6,0.25,False,True,False
155,147-3,49072.5625,"(36, 15)",taxation,6,0.25,False,True,False
155,193-3,44249.125,"(18, 47)",taxation,6,0.25,False,True,False
155,5-3,22524.625,"(34, 27)",taxation,6,0.25,False,True,False
155,175-3,41814.375,"(1, 28)",taxation,6,0.25,False,True,False
155,196-3,34589.0,"(4, 31)",taxation,6,0.25,False,True,False
155,112-3,53884.625,"(19, 25)",taxation,6,0.25,False,True,False
155,113-3,51455.0625,"(1, 34)",taxation,6,0.25,False,True,False
155,55-3,53872.9375,"(43, 26)",taxation,6,0.25,False,True,False
155,33-3,39383.9375,"(4, 26)",taxation,6,0.25,False,True,False
155,68-3,41827.3125,"(16, 28)",taxation,6,0.25,False,True,False
155,161-3,41826.5,"(7, 40)",taxation,6,0.25,False,True,False
155,100-3,49083.5625,"(39, 23)",taxation,6,0.25,False,True,False
155,155-3,51480.4375,"(41, 34)",taxation,6,0.25,False,True,False
155,41-3,53901.0,"(34, 15)",taxation,6,0.25,False,True,False
155,115-3,53872.3125,"(9, 34)",taxation,6,0.25,False,True,False
155,207-3,39396.8125,"(33, 15)",taxation,6,0.25,False,True,False
155,120-3,56265.5,"(5, 36)",taxation,6,0.25,False,True,False
155,11-3,39388.1875,"(29, 15)",taxation,6,0.25,False,True,False
155,102-3,34573.125,"(20, 37)",taxation,6,0.25,False,True,False
155,130-3,53847.125,"(1, 32)",taxation,6,0.25,False,True,False
155,103-3,49047.875,"(43, 34)",taxation,6,0.25,False,True,False
155,202-3,56293.5,"(41, 24)",taxation,6,0.25,False,True,False
155,164-3,51470.4375,"(43, 25)",taxation,6,0.25,False,True,False
155,2-3,49055.8125,"(27, 15)",taxation,6,0.25,False,True,False
155,186-3,46676.1875,"(42, 19)",taxation,6,0.25,False,True,False
155,85-3,44223.75,"(10, 25)",taxation,6,0.25,False,True,False
155,64-3,49007.0,"(9, 46)",taxation,6,0.25,False,True,False
155,188-3,49050.125,"(41, 26)",taxation,6,0.25,False,True,False
155,32-3,53844.8125,"(15, 24)",taxation,6,0.25,False,True,False
155,57-3,44219.6875,"(45, 29)",taxation,6,0.25,False,True,False
155,132-3,53859.3125,"(33, 8)",taxation,6,0.25,False,True,False
155,163-3,58663.5,"(3, 45)",taxation,6,0.25,False,True,False
155,19-3,51459.0,"(41, 25)",taxation,6,0.25,False,True,False
155,107-3,53814.875,"(21, 32)",taxation,6,0.25,False,True,False
155,221-3,46615.625,"(17, 35)",taxation,6,0.25,False,True,False
155,96-3,56271.375,"(28, 17)",taxation,6,0.25,False,True,False
155,92-3,53835.25,"(27, 17)",taxation,6,0.25,False,True,False
155,116-3,53865.125,"(46, 16)",taxation,6,0.25,False,True,False
155,13-3,46630.6875,"(9, 47)",taxation,6,0.25,False,True,False
155,174-3,53858.125,"(0, 31)",taxation,6,0.25,False,True,False
155,69-3,53810.875,"(10, 43)",taxation,6,0.25,False,True,False
155,184-3,48979.9375,"(21, 23)",taxation,6,0.25,False,True,False
155,237-3,39367.3125,"(24, 21)",taxation,6,0.25,False,True,False
155,90-3,44200.875,"(2, 45)",taxation,6,0.25,False,True,False
155,18-3,56261.3125,"(43, 32)",taxation,6,0.25,False,True,False
155,121-3,49050.0,"(42, 29)",taxation,6,0.25,False,True,False
155,30-3,56262.9375,"(35, 24)",taxation,6,0.25,False,True,False
155,97-3,39354.3125,"(35, 21)",taxation,6,0.25,False,True,False
155,229-3,53869.6875,"(21, 45)",taxation,6,0.25,False,True,False
155,27-3,44183.0625,"(5, 45)",taxation,6,0.25,False,True,False
155,117-3,44185.625,"(49, 27)",taxation,6,0.25,False,True,False
155,80-3,53814.625,"(0, 30)",taxation,6,0.25,False,True,False
155,166-3,46584.4375,"(8, 43)",taxation,6,0.25,False,True,False
155,86-3,49040.5,"(41, 35)",taxation,6,0.25,False,True,False
155,160-3,44175.75,"(15, 34)",taxation,6,0.25,False,True,False
155,233-3,46601.4375,"(17, 24)",taxation,6,0.25,False,True,False
155,235-3,48980.9375,"(23, 20)",taxation,6,0.25,False,True,False
155,48-3,51364.5,"(4, 33)",taxation,6,0.25,False,True,False
155,88-3,49011.0,"(13, 12)",taxation,6,0.25,False,True,False
155,52-3,36959.4375,"(42, 17)",taxation,6,0.25,False,True,False
155,58-3,51396.875,"(36, 22)",taxation,6,0.25,False,True,False
155,248-3,48996.1875,"(38, 8)",taxation,6,0.25,False,True,False
155,108-3,27285.6875,"(32, 14)",taxation,6,0.25,False,True,False
155,82-3,51414.125,"(16, 26)",taxation,6,0.25,False,True,False
155,236-3,49005.9375,"(38, 20)",taxation,6,0.25,False,True,False
155,104-3,46623.125,"(42, 28)",taxation,6,0.25,False,True,False
155,152-3,51397.1875,"(18, 24)",taxation,6,0.25,False,True,False
155,109-3,49017.875,"(31, 16)",taxation,6,0.25,False,True,False
155,72-3,56215.875,"(8, 27)",taxation,6,0.25,False,True,False
155,127-3,51390.5,"(25, 18)",taxation,6,0.25,False,True,False
155,61-3,58643.1875,"(34, 11)",taxation,6,0.25,False,True,False
155,232-3,29669.6875,"(17, 41)",taxation,6,0.25,False,True,False
155,65-3,56205.9375,"(27, 19)",taxation,6,0.25,False,True,False
155,124-3,46580.1875,"(8, 44)",taxation,6,0.25,False,True,False
155,62-3,48993.125,"(40, 27)",taxation,6,0.25,False,True,False
155,59-3,44165.9375,"(35, 15)",taxation,6,0.25,False,True,False
155,89-3,51416.0625,"(44, 28)",taxation,6,0.25,False,True,False
155,26-3,39342.5625,"(28, 10)",taxation,6,0.25,False,True,False
155,14-3,12825.875,"(38, 22)",taxation,6,0.25,False,True,False
155,194-3,44168.625,"(16, 33)",taxation,6,0.25,False,True,False
155,37-3,51415.0625,"(47, 28)",taxation,6,0.25,False,True,False
155,36-3,36939.4375,"(44, 26)",taxation,6,0.25,False,True,False
155,7-3,36952.375,"(39, 24)",taxation,6,0.25,False,True,False
155,47-3,34496.3125,"(10, 47)",taxation,6,0.25,False,True,False
155,223-3,34518.5,"(41, 31)",taxation,6,0.25,False,True,False
155,129-3,46596.5,"(24, 20)",taxation,6,0.25,False,True,False
155,77-3,41740.125,"(30, 15)",taxation,6,0.25,False,True,False
155,43-3,48967.8125,"(19, 36)",taxation,6,0.25,False,True,False
155,128-3,53817.25,"(34, 17)",taxation,6,0.25,False,True,False
155,79-3,46565.1875,"(4, 32)",taxation,6,0.25,False,True,False
155,199-3,56184.25,"(37, 29)",taxation,6,0.25,False,True,False
155,136-3,39336.375,"(34, 24)",taxation,6,0.25,False,True,False
155,99-3,46551.9375,"(21, 24)",taxation,6,0.25,False,True,False
155,84-3,48962.625,"(20, 23)",taxation,6,0.25,False,True,False
155,123-3,56225.5625,"(45, 30)",taxation,6,0.25,False,True,False
155,119-3,48964.75,"(40, 25)",taxation,6,0.25,False,True,False
155,46-3,34481.5,"(4, 29)",taxation,6,0.25,False,True,False
155,190-3,48971.0625,"(22, 30)",taxation,6,0.25,False,True,False
155,215-3,53810.625,"(45, 16)",taxation,6,0.25,False,True,False
155,220-3,53797.25,"(19, 28)",taxation,6,0.25,False,True,False
155,157-3,46549.1875,"(43, 33)",taxation,6,0.25,False,True,False
155,245-3,53770.0625,"(2, 42)",taxation,6,0.25,False,True,False
155,195-3,22421.9375,"(30, 14)",taxation,6,0.25,False,True,False
155,15-3,44145.0625,"(8, 33)",taxation,6,0.25,False,True,False
155,224-3,41726.3125,"(18, 40)",taxation,6,0.25,False,True,False
155,87-3,48935.625,"(15, 9)",taxation,6,0.25,False,True,False
155,135-3,48959.0625,"(38, 25)",taxation,6,0.25,False,True,False
155,8-3,48959.25,"(43, 28)",taxation,6,0.25,False,True,False
155,227-3,53768.375,"(26, 9)",taxation,6,0.25,False,True,False
155,178-3,53770.1875,"(34, 21)",taxation,6,0.25,False,True,False
155,114-3,56200.3125,"(18, 23)",taxation,6,0.25,False,True,False
155,118-3,53743.625,"(3, 37)",taxation,6,0.25,False,True,False
155,244-3,56177.875,"(34, 10)",taxation,6,0.25,False,True,False
155,34-3,44109.5,"(9, 33)",taxation,6,0.25,False,True,False
155,60-3,51355.4375,"(44, 29)",taxation,6,0.25,False,True,False
155,218-3,56206.125,"(36, 24)",taxation,6,0.25,False,True,False
155,49-3,46551.875,"(42, 27)",taxation,6,0.25,False,True,False
155,185-3,48970.125,"(40, 11)",taxation,6,0.25,False,True,False
155,228-4,29018.9375,"(4, 44)",taxation,6,0.25,False,True,False
155,24-3,39355.125,"(44, 25)",taxation,6,0.25,False,True,False
155,9-3,41726.9375,"(32, 15)",taxation,6,0.25,False,True,False
155,39-3,34456.625,"(20, 46)",taxation,6,0.25,False,True,False
155,151-3,39251.1875,"(15, 25)",taxation,6,0.25,False,True,False
155,29-3,48938.9375,"(33, 11)",taxation,6,0.25,False,True,False
155,230-3,39298.0,"(3, 32)",taxation,6,0.25,False,True,False
155,131-3,48938.75,"(45, 27)",taxation,6,0.25,False,True,False
155,81-3,46550.6875,"(26, 11)",taxation,6,0.25,False,True,False
155,222-3,48936.125,"(22, 17)",taxation,6,0.25,False,True,False
155,171-3,48933.375,"(1, 27)",taxation,6,0.25,False,True,False
155,200-3,46512.5,"(42, 5)",taxation,6,0.25,False,True,False
155,238-3,48940.5,"(42, 24)",taxation,6,0.25,False,True,False
155,153-3,24796.25,"(15, 12)",taxation,6,0.25,False,True,False
155,197-3,39278.1875,"(19, 23)",taxation,6,0.25,False,True,False
155,139-4,44111.765625,"(32, 19)",taxation,6,0.25,False,True,False
155,204-3,53748.375,"(6, 48)",taxation,6,0.25,False,True,False
155,211-3,32033.8125,"(36, 28)",taxation,6,0.25,False,True,False
155,93-3,22398.0,"(29, 16)",taxation,6,0.25,False,True,False
155,101-3,48942.5625,"(28, 18)",taxation,6,0.25,False,True,False
155,213-3,48941.625,"(41, 17)",taxation,6,0.25,False,True,False
156,177-2,65286.75,"(34, 12)",taxation,6,0.25,False,True,False
156,217-2,39525.5,"(22, 29)",taxation,6,0.25,False,True,False
156,105-2,58812.5,"(40, 36)",taxation,6,0.25,False,True,False
156,191-2,74855.75,"(11, 32)",taxation,6,0.25,False,True,False
156,159-2,52389.5,"(11, 33)",taxation,6,0.25,False,True,False
156,181-2,65224.250000000015,"(31, 22)",taxation,6,0.25,False,True,False
156,158-3,47511.75,"(17, 28)",taxation,6,0.25,False,True,False
156,20-2,62031.0,"(34, 14)",taxation,6,0.25,False,True,False
156,31-3,58783.625,"(29, 22)",taxation,6,0.25,False,True,False
156,179-3,42766.375,"(38, 28)",taxation,6,0.25,False,True,False
156,3-2,39482.25,"(10, 37)",taxation,6,0.25,False,True,False
156,219-3,57195.75,"(34, 31)",taxation,6,0.25,False,True,False
156,98-3,26676.75,"(32, 27)",taxation,6,0.25,False,True,False
156,138-2,68402.75,"(35, 28)",taxation,6,0.25,False,True,False
156,66-2,71667.75,"(32, 23)",taxation,6,0.25,False,True,False
156,210-2,78098.75,"(32, 28)",taxation,6,0.25,False,True,False
156,150-2,55562.25,"(14, 45)",taxation,6,0.25,False,True,False
156,44-2,42718.0,"(13, 16)",taxation,6,0.25,False,True,False
156,154-3,23410.75,"(0, 26)",taxation,6,0.25,False,True,False
156,126-2,65239.75,"(33, 19)",taxation,6,0.25,False,True,False
156,74-3,57178.0,"(17, 19)",taxation,6,0.25,False,True,False
156,28-3,45109.9375,"(14, 25)",taxation,6,0.25,False,True,False
156,146-3,20224.75,"(39, 20)",taxation,6,0.25,False,True,False
156,176-3,914.25,"(16, 24)",taxation,6,0.25,False,True,False
156,208-3,52363.9375,"(33, 31)",taxation,6,0.25,False,True,False
156,216-2,71641.0,"(27, 20)",taxation,6,0.25,False,True,False
156,187-3,26618.25,"(9, 40)",taxation,6,0.25,False,True,False
156,167-3,51567.3125,"(17, 10)",taxation,6,0.25,False,True,False
156,240-3,16971.75,"(7, 49)",taxation,6,0.25,False,True,False
156,140-3,947.75,"(29, 24)",taxation,6,0.25,False,True,False
156,149-3,44354.75,"(41, 29)",taxation,6,0.25,False,True,False
156,173-3,13831.75,"(33, 26)",taxation,6,0.25,False,True,False
156,246-3,49151.75,"(33, 12)",taxation,6,0.25,False,True,False
156,75-3,46714.75,"(13, 34)",taxation,6,0.25,False,True,False
156,12-2,61997.75,"(34, 8)",taxation,6,0.25,False,True,False
156,1-3,37898.1875,"(26, 21)",taxation,6,0.25,False,True,False
156,17-3,53975.375,"(38, 30)",taxation,6,0.25,False,True,False
156,67-2,49166.75,"(35, 7)",taxation,6,0.25,False,True,False
156,40-3,53975.75,"(43, 35)",taxation,6,0.25,False,True,False
156,23-3,53123.0,"(7, 36)",taxation,6,0.25,False,True,False
156,142-3,32236.8125,"(6, 47)",taxation,6,0.25,False,True,False
156,76-3,49132.562500000015,"(17, 21)",taxation,6,0.25,False,True,False
156,94-3,16993.5,"(20, 28)",taxation,6,0.25,False,True,False
156,241-3,46712.625,"(29, 27)",taxation,6,0.25,False,True,False
156,170-3,45153.3125,"(36, 11)",taxation,6,0.25,False,True,False
156,242-3,22615.9375,"(35, 16)",taxation,6,0.25,False,True,False
156,198-3,46747.625,"(35, 20)",taxation,6,0.25,False,True,False
156,10-3,51535.1875,"(16, 21)",taxation,6,0.25,False,True,False
156,172-3,53925.3125,"(0, 29)",taxation,6,0.25,False,True,False
156,189-3,44351.125,"(30, 20)",taxation,6,0.25,False,True,False
156,206-3,49915.4375,"(21, 29)",taxation,6,0.25,False,True,False
156,182-3,51491.1875,"(12, 49)",taxation,6,0.25,False,True,False
156,42-3,37102.625,"(15, 20)",taxation,6,0.25,False,True,False
156,148-3,39466.9375,"(3, 31)",taxation,6,0.25,False,True,False
156,0-3,34657.4375,"(19, 16)",taxation,6,0.25,False,True,False
156,212-3,51542.8125,"(33, 14)",taxation,6,0.25,False,True,False
156,225-3,51534.5625,"(35, 35)",taxation,6,0.25,False,True,False
156,6-3,56359.5,"(7, 35)",taxation,6,0.25,False,True,False
156,38-3,51518.125,"(14, 48)",taxation,6,0.25,False,True,False
156,54-3,49110.1875,"(25, 19)",taxation,6,0.25,False,True,False
156,63-3,46662.5625,"(5, 26)",taxation,6,0.25,False,True,False
156,144-3,49169.875,"(35, 36)",taxation,6,0.25,False,True,False
156,22-3,56335.75,"(15, 13)",taxation,6,0.25,False,True,False
156,162-3,51481.875,"(19, 35)",taxation,6,0.25,False,True,False
156,249-3,51590.75,"(32, 22)",taxation,6,0.25,False,True,False
156,180-3,49113.6875,"(42, 35)",taxation,6,0.25,False,True,False
156,83-3,53918.5625,"(16, 32)",taxation,6,0.25,False,True,False
156,133-3,44294.25,"(35, 6)",taxation,6,0.25,False,True,False
156,16-3,56352.125,"(5, 24)",taxation,6,0.25,False,True,False
156,51-3,51531.875,"(30, 19)",taxation,6,0.25,False,True,False
156,4-3,37032.6875,"(15, 46)",taxation,6,0.25,False,True,False
156,111-3,53911.6875,"(21, 20)",taxation,6,0.25,False,True,False
156,91-3,53932.0625,"(23, 21)",taxation,6,0.25,False,True,False
156,95-3,56350.875,"(31, 25)",taxation,6,0.25,False,True,False
156,106-3,46694.8125,"(40, 34)",taxation,6,0.25,False,True,False
156,56-3,49095.5625,"(20, 16)",taxation,6,0.25,False,True,False
156,71-3,53940.9375,"(34, 29)",taxation,6,0.25,False,True,False
156,226-3,49079.0625,"(16, 37)",taxation,6,0.25,False,True,False
156,205-3,24997.8125,"(32, 17)",taxation,6,0.25,False,True,False
156,165-3,58705.25,"(9, 37)",taxation,6,0.25,False,True,False
156,231-3,32229.8125,"(41, 36)",taxation,6,0.25,False,True,False
156,25-3,44269.25,"(9, 25)",taxation,6,0.25,False,True,False
156,137-3,44273.375,"(40, 33)",taxation,6,0.25,False,True,False
156,73-3,51507.6875,"(25, 22)",taxation,6,0.25,False,True,False
156,214-3,32181.25,"(27, 21)",taxation,6,0.25,False,True,False
156,21-3,46671.6875,"(0, 24)",taxation,6,0.25,False,True,False
156,201-3,34585.9375,"(29, 25)",taxation,6,0.25,False,True,False
156,169-3,39445.25,"(0, 27)",taxation,6,0.25,False,True,False
156,110-3,56337.75,"(28, 22)",taxation,6,0.25,False,True,False
156,183-3,34621.0625,"(11, 22)",taxation,6,0.25,False,True,False
156,125-3,53882.5,"(0, 28)",taxation,6,0.25,False,True,False
156,168-3,53933.875,"(34, 32)",taxation,6,0.25,False,True,False
156,156-3,37037.625,"(1, 36)",taxation,6,0.25,False,True,False
156,53-3,32209.6875,"(36, 12)",taxation,6,0.25,False,True,False
156,122-3,41837.6875,"(5, 27)",taxation,6,0.25,False,True,False
156,234-3,51452.125,"(13, 45)",taxation,6,0.25,False,True,False
156,134-3,49095.0,"(29, 21)",taxation,6,0.25,False,True,False
156,141-3,39449.375,"(32, 5)",taxation,6,0.25,False,True,False
156,145-3,51487.0,"(31, 18)",taxation,6,0.25,False,True,False
156,209-3,56340.625,"(33, 22)",taxation,6,0.25,False,True,False
156,247-3,44250.75,"(39, 32)",taxation,6,0.25,False,True,False
156,203-3,58713.6875,"(26, 22)",taxation,6,0.25,False,True,False
156,50-3,56303.125,"(11, 34)",taxation,6,0.25,False,True,False
156,45-3,51481.8125,"(29, 30)",taxation,6,0.25,False,True,False
156,78-3,46666.6875,"(12, 29)",taxation,6,0.25,False,True,False
156,147-3,49080.5625,"(32, 18)",taxation,6,0.25,False,True,False
156,193-3,44255.125,"(21, 42)",taxation,6,0.25,False,True,False
156,5-3,22533.625,"(31, 27)",taxation,6,0.25,False,True,False
156,175-3,41821.375,"(1, 23)",taxation,6,0.25,False,True,False
156,196-3,34597.0,"(2, 26)",taxation,6,0.25,False,True,False
156,112-3,53892.625,"(19, 26)",taxation,6,0.25,False,True,False
156,113-3,51461.0625,"(3, 29)",taxation,6,0.25,False,True,False
156,55-3,53878.9375,"(37, 28)",taxation,6,0.25,False,True,False
156,33-3,39390.9375,"(2, 23)",taxation,6,0.25,False,True,False
156,68-3,41835.3125,"(16, 27)",taxation,6,0.25,False,True,False
156,161-3,41832.5,"(12, 34)",taxation,6,0.25,False,True,False
156,100-3,49091.5625,"(33, 27)",taxation,6,0.25,False,True,False
156,155-3,51490.4375,"(40, 35)",taxation,6,0.25,False,True,False
156,41-3,53910.0,"(34, 18)",taxation,6,0.25,False,True,False
156,115-3,53879.3125,"(15, 31)",taxation,6,0.25,False,True,False
156,207-3,39403.8125,"(34, 13)",taxation,6,0.25,False,True,False
156,120-3,56271.5,"(8, 30)",taxation,6,0.25,False,True,False
156,11-3,39396.1875,"(30, 18)",taxation,6,0.25,False,True,False
156,102-3,34581.125,"(25, 34)",taxation,6,0.25,False,True,False
156,130-3,53854.125,"(4, 27)",taxation,6,0.25,False,True,False
156,103-3,49056.875,"(37, 36)",taxation,6,0.25,False,True,False
156,202-3,56301.5,"(36, 18)",taxation,6,0.25,False,True,False
156,164-3,51479.4375,"(37, 21)",taxation,6,0.25,False,True,False
156,2-3,49064.8125,"(28, 19)",taxation,6,0.25,False,True,False
156,186-3,46684.1875,"(36, 17)",taxation,6,0.25,False,True,False
156,85-3,44231.75,"(11, 24)",taxation,6,0.25,False,True,False
156,64-3,49012.0,"(15, 42)",taxation,6,0.25,False,True,False
156,188-3,49057.125,"(37, 27)",taxation,6,0.25,False,True,False
156,32-3,53852.8125,"(17, 25)",taxation,6,0.25,False,True,False
156,57-3,44224.6875,"(40, 32)",taxation,6,0.25,False,True,False
156,132-3,53867.3125,"(34, 7)",taxation,6,0.25,False,True,False
156,163-3,58666.5,"(8, 40)",taxation,6,0.25,False,True,False
156,19-3,51467.0,"(37, 26)",taxation,6,0.25,False,True,False
156,107-3,53822.875,"(24, 32)",taxation,6,0.25,False,True,False
156,221-3,46623.625,"(23, 30)",taxation,6,0.25,False,True,False
156,96-3,56280.375,"(29, 23)",taxation,6,0.25,False,True,False
156,92-3,53843.25,"(31, 20)",taxation,6,0.25,False,True,False
156,116-3,53871.125,"(40, 17)",taxation,6,0.25,False,True,False
156,13-3,46634.6875,"(14, 47)",taxation,6,0.25,False,True,False
156,174-3,53865.125,"(3, 26)",taxation,6,0.25,False,True,False
156,69-3,53815.875,"(16, 40)",taxation,6,0.25,False,True,False
156,184-3,48988.9375,"(22, 22)",taxation,6,0.25,False,True,False
156,237-3,39376.3125,"(28, 21)",taxation,6,0.25,False,True,False
156,90-3,44203.875,"(7, 39)",taxation,6,0.25,False,True,False
156,18-3,56268.3125,"(37, 34)",taxation,6,0.25,False,True,False
156,121-3,49057.0,"(36, 31)",taxation,6,0.25,False,True,False
156,30-3,56271.9375,"(35, 22)",taxation,6,0.25,False,True,False
156,97-3,39363.3125,"(30, 23)",taxation,6,0.25,False,True,False
156,229-3,53875.6875,"(23, 43)",taxation,6,0.25,False,True,False
156,27-3,44186.0625,"(9, 41)",taxation,6,0.25,False,True,False
156,117-3,44189.625,"(45, 32)",taxation,6,0.25,False,True,False
156,80-3,53820.625,"(4, 24)",taxation,6,0.25,False,True,False
156,166-3,46588.4375,"(14, 43)",taxation,6,0.25,False,True,False
156,86-3,49049.5,"(36, 36)",taxation,6,0.25,False,True,False
156,160-3,44183.75,"(21, 28)",taxation,6,0.25,False,True,False
156,233-3,46610.4375,"(23, 23)",taxation,6,0.25,False,True,False
156,235-3,48989.9375,"(25, 21)",taxation,6,0.25,False,True,False
156,48-3,51370.5,"(8, 28)",taxation,6,0.25,False,True,False
156,88-3,49018.0,"(12, 16)",taxation,6,0.25,False,True,False
156,52-3,36967.4375,"(36, 14)",taxation,6,0.25,False,True,False
156,58-3,51405.875,"(30, 24)",taxation,6,0.25,False,True,False
156,248-3,49004.1875,"(36, 7)",taxation,6,0.25,False,True,False
156,108-3,27293.6875,"(36, 9)",taxation,6,0.25,False,True,False
156,82-3,51422.125,"(16, 25)",taxation,6,0.25,False,True,False
156,236-3,49013.9375,"(34, 16)",taxation,6,0.25,False,True,False
156,104-3,46632.125,"(36, 34)",taxation,6,0.25,False,True,False
156,152-3,51405.1875,"(18, 25)",taxation,6,0.25,False,True,False
156,109-3,49026.875,"(31, 17)",taxation,6,0.25,False,True,False
156,72-3,56223.875,"(10, 24)",taxation,6,0.25,False,True,False
156,127-3,51399.5,"(28, 20)",taxation,6,0.25,False,True,False
156,61-3,58651.1875,"(35, 12)",taxation,6,0.25,False,True,False
156,232-3,29676.6875,"(21, 37)",taxation,6,0.25,False,True,False
156,65-3,56214.9375,"(30, 25)",taxation,6,0.25,False,True,False
156,124-3,46584.1875,"(13, 41)",taxation,6,0.25,False,True,False
156,62-3,49002.125,"(36, 32)",taxation,6,0.25,False,True,False
156,59-3,44172.9375,"(37, 14)",taxation,6,0.25,False,True,False
156,89-3,51421.0625,"(41, 28)",taxation,6,0.25,False,True,False
156,26-3,39350.5625,"(33, 6)",taxation,6,0.25,False,True,False
156,14-3,12834.875,"(36, 21)",taxation,6,0.25,False,True,False
156,194-3,44176.625,"(18, 28)",taxation,6,0.25,False,True,False
156,37-3,51421.0625,"(41, 32)",taxation,6,0.25,False,True,False
156,36-3,36945.4375,"(38, 27)",taxation,6,0.25,False,True,False
156,7-3,36961.375,"(36, 23)",taxation,6,0.25,False,True,False
156,47-3,34500.3125,"(14, 46)",taxation,6,0.25,False,True,False
156,223-3,34528.5,"(38, 31)",taxation,6,0.25,False,True,False
156,129-3,46605.5,"(27, 22)",taxation,6,0.25,False,True,False
156,77-3,41748.125,"(31, 21)",taxation,6,0.25,False,True,False
156,43-3,48975.8125,"(25, 33)",taxation,6,0.25,False,True,False
156,128-3,53825.25,"(28, 23)",taxation,6,0.25,False,True,False
156,79-3,46571.1875,"(10, 29)",taxation,6,0.25,False,True,False
156,199-3,56193.25,"(32, 29)",taxation,6,0.25,False,True,False
156,136-3,39345.375,"(31, 24)",taxation,6,0.25,False,True,False
156,99-3,46560.9375,"(27, 23)",taxation,6,0.25,False,True,False
156,84-3,48970.625,"(20, 22)",taxation,6,0.25,False,True,False
156,123-3,56231.5625,"(39, 35)",taxation,6,0.25,False,True,False
156,119-3,48971.75,"(35, 29)",taxation,6,0.25,False,True,False
156,46-3,34488.5,"(3, 23)",taxation,6,0.25,False,True,False
156,190-3,48980.0625,"(28, 24)",taxation,6,0.25,False,True,False
156,215-3,53817.625,"(40, 14)",taxation,6,0.25,False,True,False
156,220-3,53806.25,"(23, 22)",taxation,6,0.25,False,True,False
156,157-3,46559.1875,"(39, 36)",taxation,6,0.25,False,True,False
156,245-3,53773.0625,"(2, 36)",taxation,6,0.25,False,True,False
156,195-3,22429.9375,"(30, 17)",taxation,6,0.25,False,True,False
156,15-3,44152.0625,"(13, 30)",taxation,6,0.25,False,True,False
156,224-3,41733.3125,"(22, 37)",taxation,6,0.25,False,True,False
156,87-3,48941.625,"(13, 13)",taxation,6,0.25,False,True,False
156,135-3,48968.0625,"(36, 26)",taxation,6,0.25,False,True,False
156,8-3,48969.25,"(37, 32)",taxation,6,0.25,False,True,False
156,227-3,53776.375,"(30, 9)",taxation,6,0.25,False,True,False
156,178-3,53779.1875,"(33, 21)",taxation,6,0.25,False,True,False
156,114-3,56208.3125,"(18, 22)",taxation,6,0.25,False,True,False
156,118-3,53747.625,"(7, 34)",taxation,6,0.25,False,True,False
156,244-3,56186.875,"(35, 13)",taxation,6,0.25,False,True,False
156,34-3,44116.5,"(14, 30)",taxation,6,0.25,False,True,False
156,60-3,51365.4375,"(39, 34)",taxation,6,0.25,False,True,False
156,218-3,56215.125,"(31, 26)",taxation,6,0.25,False,True,False
156,49-3,46560.875,"(36, 30)",taxation,6,0.25,False,True,False
156,185-3,48978.125,"(35, 8)",taxation,6,0.25,False,True,False
156,228-4,29021.9375,"(10, 42)",taxation,6,0.25,False,True,False
156,24-3,39361.125,"(38, 24)",taxation,6,0.25,False,True,False
156,9-3,41734.9375,"(33, 17)",taxation,6,0.25,False,True,False
156,39-3,34462.625,"(22, 42)",taxation,6,0.25,False,True,False
156,151-3,39260.1875,"(19, 20)",taxation,6,0.25,False,True,False
156,29-3,48947.9375,"(33, 13)",taxation,6,0.25,False,True,False
156,230-3,39306.0,"(1, 26)",taxation,6,0.25,False,True,False
156,131-3,48948.75,"(39, 31)",taxation,6,0.25,False,True,False
156,81-3,46558.6875,"(31, 9)",taxation,6,0.25,False,True,False
156,222-3,48945.125,"(24, 22)",taxation,6,0.25,False,True,False
156,171-3,48940.375,"(0, 25)",taxation,6,0.25,False,True,False
156,200-3,46520.5,"(37, 7)",taxation,6,0.25,False,True,False
156,238-3,48946.5,"(37, 23)",taxation,6,0.25,False,True,False
156,153-3,24803.25,"(14, 16)",taxation,6,0.25,False,True,False
156,197-3,39286.1875,"(19, 22)",taxation,6,0.25,False,True,False
156,139-4,44120.765625,"(30, 22)",taxation,6,0.25,False,True,False
156,204-3,53751.375,"(11, 45)",taxation,6,0.25,False,True,False
156,211-3,32042.8125,"(35, 27)",taxation,6,0.25,False,True,False
156,93-3,22407.0,"(29, 20)",taxation,6,0.25,False,True,False
156,101-3,48951.5625,"(29, 19)",taxation,6,0.25,False,True,False
156,213-3,48949.625,"(38, 18)",taxation,6,0.25,False,True,False
156,70-3,51342.0,"(14, 49)",taxation,6,0.25,False,True,False
156,239-3,48932.625,"(35, 9)",taxation,6,0.25,False,True,False
156,243-3,46516.125,"(20, 36)",taxation,6,0.25,False,True,False
156,192-3,44105.25,"(14, 13)",taxation,6,0.25,False,True,False
156,143-3,48922.3125,"(36, 20)",taxation,6,0.25,False,True,False
156,35-3,48946.875,"(35, 19)",taxation,6,0.25,False,True,False
157,217-2,39534.5,"(23, 29)",taxation,6,0.25,False,True,False
157,191-2,74862.75,"(16, 29)",taxation,6,0.25,False,True,False
157,159-2,52397.5,"(14, 29)",taxation,6,0.25,False,True,False
157,158-3,47520.75,"(19, 27)",taxation,6,0.25,False,True,False
157,20-2,62038.0,"(40, 12)",taxation,6,0.25,False,True,False
157,31-3,58792.625,"(25, 27)",taxation,6,0.25,False,True,False
157,179-3,42776.375,"(32, 31)",taxation,6,0.25,False,True,False
157,219-3,57204.75,"(32, 33)",taxation,6,0.25,False,True,False
157,98-3,26685.75,"(27, 29)",taxation,6,0.25,False,True,False
157,138-2,68411.75,"(29, 33)",taxation,6,0.25,False,True,False
157,66-2,71676.75,"(27, 28)",taxation,6,0.25,False,True,False
157,210-2,78107.75,"(29, 28)",taxation,6,0.25,False,True,False
157,150-2,55569.25,"(19, 39)",taxation,6,0.25,False,True,False
157,44-2,42726.0,"(13, 18)",taxation,6,0.25,False,True,False
157,154-3,23418.75,"(0, 22)",taxation,6,0.25,False,True,False
157,126-2,65246.75,"(39, 16)",taxation,6,0.25,False,True,False
157,74-3,57187.0,"(13, 21)",taxation,6,0.25,False,True,False
157,28-3,45118.9375,"(13, 22)",taxation,6,0.25,False,True,False
157,146-3,20232.75,"(33, 20)",taxation,6,0.25,False,True,False
157,176-3,922.25,"(16, 22)",taxation,6,0.25,False,True,False
157,208-3,52372.9375,"(31, 34)",taxation,6,0.25,False,True,False
157,216-2,71650.0,"(22, 26)",taxation,6,0.25,False,True,False
157,187-3,26623.25,"(14, 41)",taxation,6,0.25,False,True,False
157,240-3,16975.75,"(12, 48)",taxation,6,0.25,False,True,False
157,140-3,956.75,"(27, 26)",taxation,6,0.25,False,True,False
157,149-3,44360.75,"(38, 33)",taxation,6,0.25,False,True,False
157,173-3,13840.75,"(28, 29)",taxation,6,0.25,False,True,False
157,246-3,49158.75,"(37, 8)",taxation,6,0.25,False,True,False
157,75-3,46722.75,"(18, 32)",taxation,6,0.25,False,True,False
157,12-2,62006.75,"(36, 6)",taxation,6,0.25,False,True,False
157,1-3,37907.1875,"(22, 24)",taxation,6,0.25,False,True,False
157,17-3,53983.375,"(33, 35)",taxation,6,0.25,False,True,False
157,67-2,49174.75,"(37, 4)",taxation,6,0.25,False,True,False
157,40-3,53982.75,"(37, 38)",taxation,6,0.25,False,True,False
157,23-3,53129.0,"(10, 30)",taxation,6,0.25,False,True,False
157,142-3,32240.8125,"(12, 47)",taxation,6,0.25,False,True,False
157,76-3,49140.562500000015,"(17, 22)",taxation,6,0.25,False,True,False
157,94-3,17002.5,"(20, 27)",taxation,6,0.25,False,True,False
157,241-3,46721.625,"(29, 29)",taxation,6,0.25,False,True,False
157,170-3,45161.3125,"(37, 9)",taxation,6,0.25,False,True,False
157,242-3,22622.9375,"(38, 17)",taxation,6,0.25,False,True,False
157,198-3,46755.625,"(34, 19)",taxation,6,0.25,False,True,False
157,10-3,51544.1875,"(16, 20)",taxation,6,0.25,False,True,False
157,172-3,53932.3125,"(5, 23)",taxation,6,0.25,False,True,False
157,189-3,44359.125,"(26, 19)",taxation,6,0.25,False,True,False
157,206-3,49924.4375,"(22, 28)",taxation,6,0.25,False,True,False
157,182-3,51497.1875,"(18, 44)",taxation,6,0.25,False,True,False
157,42-3,37111.625,"(14, 21)",taxation,6,0.25,False,True,False
157,148-3,39473.9375,"(8, 25)",taxation,6,0.25,False,True,False
157,0-3,34666.4375,"(17, 20)",taxation,6,0.25,False,True,False
157,212-3,51550.8125,"(37, 10)",taxation,6,0.25,False,True,False
157,225-3,51543.5625,"(31, 35)",taxation,6,0.25,False,True,False
157,6-3,56366.5,"(12, 30)",taxation,6,0.25,False,True,False
157,38-3,51524.125,"(19, 47)",taxation,6,0.25,False,True,False
157,54-3,49118.1875,"(25, 20)",taxation,6,0.25,False,True,False
157,63-3,46670.5625,"(4, 21)",taxation,6,0.25,False,True,False
157,144-3,49178.875,"(29, 36)",taxation,6,0.25,False,True,False
157,22-3,56343.75,"(17, 17)",taxation,6,0.25,False,True,False
157,162-3,51490.875,"(25, 31)",taxation,6,0.25,False,True,False
157,249-3,51599.75,"(26, 25)",taxation,6,0.25,False,True,False
157,180-3,49121.6875,"(36, 33)",taxation,6,0.25,False,True,False
157,83-3,53927.5625,"(20, 26)",taxation,6,0.25,False,True,False
157,133-3,44302.25,"(36, 4)",taxation,6,0.25,False,True,False
157,16-3,56360.125,"(3, 22)",taxation,6,0.25,False,True,False
157,51-3,51540.875,"(27, 25)",taxation,6,0.25,False,True,False
157,4-3,37039.6875,"(20, 41)",taxation,6,0.25,False,True,False
157,111-3,53920.6875,"(20, 24)",taxation,6,0.25,False,True,False
157,91-3,53941.0625,"(22, 23)",taxation,6,0.25,False,True,False
157,95-3,56360.875,"(30, 28)",taxation,6,0.25,False,True,False
157,106-3,46701.8125,"(35, 40)",taxation,6,0.25,False,True,False
157,56-3,49103.5625,"(20, 17)",taxation,6,0.25,False,True,False
157,71-3,53949.9375,"(28, 31)",taxation,6,0.25,False,True,False
157,226-3,49087.0625,"(17, 33)",taxation,6,0.25,False,True,False
157,205-3,25006.8125,"(26, 23)",taxation,6,0.25,False,True,False
157,165-3,58710.25,"(8, 35)",taxation,6,0.25,False,True,False
157,231-3,32236.8125,"(36, 39)",taxation,6,0.25,False,True,False
157,25-3,44278.25,"(12, 22)",taxation,6,0.25,False,True,False
157,137-3,44279.375,"(42, 36)",taxation,6,0.25,False,True,False
157,73-3,51516.6875,"(24, 26)",taxation,6,0.25,False,True,False
157,214-3,32189.25,"(24, 19)",taxation,6,0.25,False,True,False
157,21-3,46678.6875,"(0, 21)",taxation,6,0.25,False,True,False
157,201-3,34594.9375,"(28, 27)",taxation,6,0.25,False,True,False
157,169-3,39453.25,"(1, 21)",taxation,6,0.25,False,True,False
157,110-3,56346.75,"(25, 26)",taxation,6,0.25,False,True,False
157,183-3,34630.0625,"(12, 21)",taxation,6,0.25,False,True,False
157,125-3,53889.5,"(0, 23)",taxation,6,0.25,False,True,False
157,168-3,53943.875,"(33, 33)",taxation,6,0.25,False,True,False
157,156-3,37042.625,"(2, 31)",taxation,6,0.25,False,True,False
157,53-3,32217.6875,"(37, 11)",taxation,6,0.25,False,True,False
157,122-3,41845.6875,"(6, 21)",taxation,6,0.25,False,True,False
157,234-3,51459.125,"(19, 40)",taxation,6,0.25,False,True,False
157,134-3,49104.0,"(27, 24)",taxation,6,0.25,False,True,False
157,141-3,39457.375,"(34, 4)",taxation,6,0.25,False,True,False
157,145-3,51496.0,"(25, 24)",taxation,6,0.25,False,True,False
157,209-3,56349.625,"(27, 27)",taxation,6,0.25,False,True,False
157,247-3,44258.75,"(33, 38)",taxation,6,0.25,False,True,False
157,203-3,58722.6875,"(24, 25)",taxation,6,0.25,False,True,False
157,50-3,56311.125,"(15, 30)",taxation,6,0.25,False,True,False
157,45-3,51490.8125,"(28, 30)",taxation,6,0.25,False,True,False
157,78-3,46674.6875,"(12, 23)",taxation,6,0.25,False,True,False
157,147-3,49088.5625,"(31, 23)",taxation,6,0.25,False,True,False
157,193-3,44263.125,"(24, 38)",taxation,6,0.25,False,True,False
157,5-3,22543.625,"(30, 32)",taxation,6,0.25,False,True,False
157,175-3,41829.375,"(6, 19)",taxation,6,0.25,False,True,False
157,196-3,34605.0,"(3, 21)",taxation,6,0.25,False,True,False
157,112-3,53901.625,"(24, 29)",taxation,6,0.25,False,True,False
157,113-3,51468.0625,"(6, 24)",taxation,6,0.25,False,True,False
157,55-3,53888.9375,"(32, 30)",taxation,6,0.25,False,True,False
157,33-3,39398.9375,"(2, 20)",taxation,6,0.25,False,True,False
157,68-3,41843.3125,"(15, 23)",taxation,6,0.25,False,True,False
157,161-3,41840.5,"(18, 31)",taxation,6,0.25,False,True,False
157,100-3,49100.5625,"(30, 31)",taxation,6,0.25,False,True,False
157,155-3,51498.4375,"(34, 39)",taxation,6,0.25,False,True,False
157,41-3,53918.0,"(32, 21)",taxation,6,0.25,False,True,False
157,115-3,53888.3125,"(17, 26)",taxation,6,0.25,False,True,False
157,207-3,39411.8125,"(38, 11)",taxation,6,0.25,False,True,False
157,120-3,56279.5,"(14, 24)",taxation,6,0.25,False,True,False
157,11-3,39405.1875,"(25, 23)",taxation,6,0.25,False,True,False
157,102-3,34590.125,"(27, 32)",taxation,6,0.25,False,True,False
157,130-3,53862.125,"(9, 21)",taxation,6,0.25,False,True,False
157,103-3,49064.875,"(33, 37)",taxation,6,0.25,False,True,False
157,202-3,56309.5,"(30, 21)",taxation,6,0.25,False,True,False
157,164-3,51485.4375,"(41, 16)",taxation,6,0.25,False,True,False
157,2-3,49073.8125,"(22, 25)",taxation,6,0.25,False,True,False
157,186-3,46692.1875,"(33, 18)",taxation,6,0.25,False,True,False
157,85-3,44239.75,"(11, 23)",taxation,6,0.25,False,True,False
157,64-3,49020.0,"(21, 36)",taxation,6,0.25,False,True,False
157,188-3,49066.125,"(31, 31)",taxation,6,0.25,False,True,False
157,32-3,53861.8125,"(21, 25)",taxation,6,0.25,False,True,False
157,57-3,44231.6875,"(37, 33)",taxation,6,0.25,False,True,False
157,132-3,53875.3125,"(36, 5)",taxation,6,0.25,False,True,False
157,163-3,58671.5,"(8, 34)",taxation,6,0.25,False,True,False
157,19-3,51474.0,"(35, 23)",taxation,6,0.25,False,True,False
157,107-3,53831.875,"(26, 32)",taxation,6,0.25,False,True,False
157,221-3,46632.625,"(24, 30)",taxation,6,0.25,False,True,False
157,96-3,56289.375,"(26, 29)",taxation,6,0.25,False,True,False
157,92-3,53852.25,"(30, 26)",taxation,6,0.25,False,True,False
157,116-3,53879.125,"(39, 13)",taxation,6,0.25,False,True,False
157,13-3,46640.6875,"(17, 43)",taxation,6,0.25,False,True,False
157,174-3,53873.125,"(6, 20)",taxation,6,0.25,False,True,False
157,69-3,53823.875,"(20, 35)",taxation,6,0.25,False,True,False
157,184-3,48997.9375,"(24, 27)",taxation,6,0.25,False,True,False
157,237-3,39385.3125,"(26, 27)",taxation,6,0.25,False,True,False
157,90-3,44208.875,"(12, 35)",taxation,6,0.25,False,True,False
157,18-3,56276.3125,"(32, 37)",taxation,6,0.25,False,True,False
157,121-3,49065.0,"(31, 33)",taxation,6,0.25,False,True,False
157,30-3,56278.9375,"(40, 18)",taxation,6,0.25,False,True,False
157,97-3,39372.3125,"(28, 26)",taxation,6,0.25,False,True,False
157,229-3,53883.6875,"(25, 37)",taxation,6,0.25,False,True,False
157,27-3,44191.0625,"(15, 44)",taxation,6,0.25,False,True,False
157,117-3,44195.625,"(43, 36)",taxation,6,0.25,False,True,False
157,80-3,53828.625,"(4, 22)",taxation,6,0.25,False,True,False
157,166-3,46595.4375,"(19, 38)",taxation,6,0.25,False,True,False
157,86-3,49057.5,"(32, 35)",taxation,6,0.25,False,True,False
157,160-3,44192.75,"(21, 27)",taxation,6,0.25,False,True,False
157,233-3,46619.4375,"(23, 28)",taxation,6,0.25,False,True,False
157,235-3,48998.9375,"(23, 24)",taxation,6,0.25,False,True,False
157,48-3,51378.5,"(6, 23)",taxation,6,0.25,False,True,False
157,88-3,49026.0,"(11, 17)",taxation,6,0.25,False,True,False
157,52-3,36974.4375,"(38, 15)",taxation,6,0.25,False,True,False
157,58-3,51415.875,"(30, 27)",taxation,6,0.25,False,True,False
157,248-3,49013.1875,"(34, 5)",taxation,6,0.25,False,True,False
157,108-3,27301.6875,"(38, 6)",taxation,6,0.25,False,True,False
157,82-3,51431.125,"(21, 26)",taxation,6,0.25,False,True,False
157,236-3,49020.9375,"(32, 13)",taxation,6,0.25,False,True,False
157,104-3,46641.125,"(30, 36)",taxation,6,0.25,False,True,False
157,152-3,51414.1875,"(18, 26)",taxation,6,0.25,False,True,False
157,109-3,49030.875,"(26, 12)",taxation,6,0.25,False,True,False
157,72-3,56231.875,"(13, 23)",taxation,6,0.25,False,True,False
157,127-3,51407.5,"(22, 21)",taxation,6,0.25,False,True,False
157,61-3,58658.1875,"(38, 9)",taxation,6,0.25,False,True,False
157,232-3,29685.6875,"(24, 31)",taxation,6,0.25,False,True,False
157,65-3,56224.9375,"(31, 29)",taxation,6,0.25,False,True,False
157,124-3,46591.1875,"(17, 38)",taxation,6,0.25,False,True,False
157,62-3,49012.125,"(32, 34)",taxation,6,0.25,False,True,False
157,59-3,44179.9375,"(39, 14)",taxation,6,0.25,False,True,False
157,89-3,51429.0625,"(35, 30)",taxation,6,0.25,False,True,False
157,26-3,39358.5625,"(35, 4)",taxation,6,0.25,False,True,False
157,14-3,12840.875,"(40, 24)",taxation,6,0.25,False,True,False
157,194-3,44185.625,"(24, 28)",taxation,6,0.25,False,True,False
157,37-3,51428.0625,"(37, 30)",taxation,6,0.25,False,True,False
157,36-3,36955.4375,"(32, 32)",taxation,6,0.25,False,True,False
157,7-3,36971.375,"(31, 28)",taxation,6,0.25,False,True,False
157,47-3,34507.3125,"(20, 40)",taxation,6,0.25,False,True,False
157,223-3,34538.5,"(34, 35)",taxation,6,0.25,False,True,False
157,129-3,46614.5,"(23, 26)",taxation,6,0.25,False,True,False
157,77-3,41757.125,"(32, 25)",taxation,6,0.25,False,True,False
157,43-3,48984.8125,"(27, 33)",taxation,6,0.25,False,True,False
157,128-3,53834.25,"(26, 24)",taxation,6,0.25,False,True,False
157,79-3,46579.1875,"(11, 25)",taxation,6,0.25,False,True,False
157,199-3,56202.25,"(29, 31)",taxation,6,0.25,False,True,False
157,136-3,39354.375,"(28, 28)",taxation,6,0.25,False,True,False
157,99-3,46570.9375,"(29, 26)",taxation,6,0.25,False,True,False
157,84-3,48979.625,"(21, 21)",taxation,6,0.25,False,True,False
157,123-3,56239.5625,"(35, 37)",taxation,6,0.25,False,True,False
157,119-3,48981.75,"(31, 30)",taxation,6,0.25,False,True,False
157,46-3,34496.5,"(5, 20)",taxation,6,0.25,False,True,False
157,190-3,48989.0625,"(26, 28)",taxation,6,0.25,False,True,False
157,215-3,53825.625,"(39, 12)",taxation,6,0.25,False,True,False
157,220-3,53815.25,"(25, 28)",taxation,6,0.25,False,True,False
157,157-3,46567.1875,"(33, 39)",taxation,6,0.25,False,True,False
157,245-3,53779.0625,"(7, 30)",taxation,6,0.25,False,True,False
157,195-3,22437.9375,"(32, 20)",taxation,6,0.25,False,True,False
157,15-3,44161.0625,"(19, 24)",taxation,6,0.25,False,True,False
157,224-3,41742.3125,"(27, 34)",taxation,6,0.25,False,True,False
157,87-3,48949.625,"(12, 18)",taxation,6,0.25,False,True,False
157,135-3,48977.0625,"(30, 29)",taxation,6,0.25,False,True,False
157,8-3,48978.25,"(31, 32)",taxation,6,0.25,False,True,False
157,227-3,53784.375,"(30, 8)",taxation,6,0.25,False,True,False
157,178-3,53786.1875,"(38, 19)",taxation,6,0.25,False,True,False
157,114-3,56216.3125,"(18, 21)",taxation,6,0.25,False,True,False
157,118-3,53753.625,"(7, 29)",taxation,6,0.25,False,True,False
157,244-3,56194.875,"(38, 12)",taxation,6,0.25,False,True,False
157,34-3,44124.5,"(18, 30)",taxation,6,0.25,False,True,False
157,60-3,51373.4375,"(33, 36)",taxation,6,0.25,False,True,False
157,218-3,56224.125,"(27, 30)",taxation,6,0.25,False,True,False
157,49-3,46568.875,"(31, 36)",taxation,6,0.25,False,True,False
157,185-3,48987.125,"(34, 6)",taxation,6,0.25,False,True,False
157,228-4,29026.9375,"(14, 42)",taxation,6,0.25,False,True,False
157,24-3,39369.125,"(33, 25)",taxation,6,0.25,False,True,False
157,9-3,41738.9375,"(39, 15)",taxation,6,0.25,False,True,False
157,39-3,34470.625,"(23, 38)",taxation,6,0.25,False,True,False
157,151-3,39269.1875,"(18, 20)",taxation,6,0.25,False,True,False
157,29-3,48954.9375,"(36, 8)",taxation,6,0.25,False,True,False
157,230-3,39314.0,"(1, 22)",taxation,6,0.25,False,True,False
157,131-3,48956.75,"(33, 30)",taxation,6,0.25,False,True,False
157,81-3,46566.6875,"(30, 3)",taxation,6,0.25,False,True,False
157,222-3,48954.125,"(24, 24)",taxation,6,0.25,False,True,False
157,171-3,48948.375,"(2, 21)",taxation,6,0.25,False,True,False
157,200-3,46528.5,"(38, 4)",taxation,6,0.25,False,True,False
157,238-3,48954.5,"(32, 26)",taxation,6,0.25,False,True,False
157,153-3,24811.25,"(15, 17)",taxation,6,0.25,False,True,False
157,197-3,39294.1875,"(19, 21)",taxation,6,0.25,False,True,False
157,139-4,44129.765625,"(26, 26)",taxation,6,0.25,False,True,False
157,204-3,53757.375,"(17, 44)",taxation,6,0.25,False,True,False
157,211-3,32052.8125,"(30, 30)",taxation,6,0.25,False,True,False
157,93-3,22416.0,"(23, 25)",taxation,6,0.25,False,True,False
157,101-3,48960.5625,"(24, 23)",taxation,6,0.25,False,True,False
157,213-3,48957.625,"(32, 24)",taxation,6,0.25,False,True,False
157,70-3,51348.0,"(18, 46)",taxation,6,0.25,False,True,False
157,239-3,48940.625,"(39, 6)",taxation,6,0.25,False,True,False
157,243-3,46525.125,"(26, 34)",taxation,6,0.25,False,True,False
157,192-3,44113.25,"(13, 17)",taxation,6,0.25,False,True,False
157,143-3,48930.3125,"(34, 22)",taxation,6,0.25,False,True,False
157,35-3,48954.875,"(33, 23)",taxation,6,0.25,False,True,False
157,3-3,29617.6875,"(16, 31)",taxation,6,0.25,False,True,False
157,181-3,48924.937500000015,"(25, 25)",taxation,6,0.25,False,True,False
157,105-3,44114.625,"(34, 40)",taxation,6,0.25,False,True,False
157,177-3,48970.3125,"(39, 10)",taxation,6,0.25,False,True,False
157,167-4,38680.734375,"(15, 14)",taxation,6,0.25,False,True,False
158,217-2,39538.5,"(21, 35)",taxation,6,0.25,False,True,False
158,191-2,74871.75,"(19, 31)",taxation,6,0.25,False,True,False
158,159-2,52405.5,"(9, 23)",taxation,6,0.25,False,True,False
158,158-3,47526.75,"(14, 28)",taxation,6,0.25,False,True,False
158,20-2,62046.0,"(45, 7)",taxation,6,0.25,False,True,False
158,31-3,58800.625,"(20, 25)",taxation,6,0.25,False,True,False
158,179-3,42785.375,"(26, 33)",taxation,6,0.25,False,True,False
158,219-3,57211.75,"(30, 38)",taxation,6,0.25,False,True,False
158,98-3,26688.75,"(33, 29)",taxation,6,0.25,False,True,False
158,138-2,68420.75,"(26, 36)",taxation,6,0.25,False,True,False
158,66-2,71679.75,"(33, 28)",taxation,6,0.25,False,True,False
158,210-2,78112.75,"(35, 33)",taxation,6,0.25,False,True,False
158,150-2,55577.25,"(24, 41)",taxation,6,0.25,False,True,False
158,44-2,42735.0,"(12, 19)",taxation,6,0.25,False,True,False
158,154-3,23426.75,"(0, 18)",taxation,6,0.25,False,True,False
158,126-2,65253.75,"(43, 11)",taxation,6,0.25,False,True,False
158,74-3,57195.0,"(11, 18)",taxation,6,0.25,False,True,False
158,28-3,45126.9375,"(13, 19)",taxation,6,0.25,False,True,False
158,146-3,20236.75,"(37, 16)",taxation,6,0.25,False,True,False
158,176-3,931.25,"(14, 22)",taxation,6,0.25,False,True,False
158,208-3,52380.9375,"(29, 39)",taxation,6,0.25,False,True,False
158,216-2,71659.0,"(20, 20)",taxation,6,0.25,False,True,False
158,187-3,26630.25,"(19, 41)",taxation,6,0.25,False,True,False
158,240-3,16981.75,"(15, 48)",taxation,6,0.25,False,True,False
158,140-3,960.75,"(23, 32)",taxation,6,0.25,False,True,False
158,149-3,44366.75,"(39, 33)",taxation,6,0.25,False,True,False
158,173-3,13844.75,"(29, 34)",taxation,6,0.25,False,True,False
158,246-3,49167.75,"(37, 3)",taxation,6,0.25,False,True,False
158,75-3,46728.75,"(14, 32)",taxation,6,0.25,False,True,False
158,12-2,62015.75,"(33, 2)",taxation,6,0.25,False,True,False
158,1-3,37916.1875,"(21, 22)",taxation,6,0.25,False,True,False
158,17-3,53992.375,"(29, 37)",taxation,6,0.25,False,True,False
158,67-2,49183.75,"(39, 2)",taxation,6,0.25,False,True,False
158,40-3,53990.75,"(31, 40)",taxation,6,0.25,False,True,False
158,23-3,53137.0,"(9, 24)",taxation,6,0.25,False,True,False
158,142-3,32247.8125,"(18, 43)",taxation,6,0.25,False,True,False
158,76-3,49149.562500000015,"(18, 19)",taxation,6,0.25,False,True,False
158,94-3,17009.5,"(15, 28)",taxation,6,0.25,False,True,False
158,241-3,46730.625,"(23, 35)",taxation,6,0.25,False,True,False
158,170-3,45169.3125,"(39, 4)",taxation,6,0.25,False,True,False
158,242-3,22629.9375,"(42, 11)",taxation,6,0.25,False,True,False
158,198-3,46760.625,"(40, 13)",taxation,6,0.25,False,True,False
158,10-3,51552.1875,"(12, 15)",taxation,6,0.25,False,True,False
158,172-3,53941.3125,"(7, 20)",taxation,6,0.25,False,True,False
158,189-3,44367.125,"(24, 16)",taxation,6,0.25,False,True,False
158,206-3,49928.4375,"(17, 31)",taxation,6,0.25,False,True,False
158,182-3,51505.1875,"(22, 41)",taxation,6,0.25,False,True,False
158,42-3,37119.625,"(9, 19)",taxation,6,0.25,False,True,False
158,148-3,39482.9375,"(8, 20)",taxation,6,0.25,False,True,False
158,0-3,34674.4375,"(17, 16)",taxation,6,0.25,False,True,False
158,212-3,51558.8125,"(37, 6)",taxation,6,0.25,False,True,False
158,225-3,51553.5625,"(29, 35)",taxation,6,0.25,False,True,False
158,6-3,56374.5,"(8, 24)",taxation,6,0.25,False,True,False
158,38-3,51532.125,"(24, 43)",taxation,6,0.25,False,True,False
158,54-3,49124.1875,"(19, 15)",taxation,6,0.25,False,True,False
158,63-3,46679.5625,"(8, 17)",taxation,6,0.25,False,True,False
158,144-3,49187.875,"(24, 36)",taxation,6,0.25,False,True,False
158,22-3,56351.75,"(16, 16)",taxation,6,0.25,False,True,False
158,162-3,51496.875,"(23, 37)",taxation,6,0.25,False,True,False
158,249-3,51602.75,"(22, 31)",taxation,6,0.25,False,True,False
158,180-3,49128.6875,"(36, 38)",taxation,6,0.25,False,True,False
158,83-3,53934.5625,"(14, 20)",taxation,6,0.25,False,True,False
158,133-3,44311.25,"(39, 1)",taxation,6,0.25,False,True,False
158,16-3,56368.125,"(5, 22)",taxation,6,0.25,False,True,False
158,51-3,51542.875,"(28, 25)",taxation,6,0.25,False,True,False
158,4-3,37047.6875,"(23, 41)",taxation,6,0.25,False,True,False
158,111-3,53930.6875,"(25, 29)",taxation,6,0.25,False,True,False
158,91-3,53947.0625,"(16, 17)",taxation,6,0.25,False,True,False
158,95-3,56367.875,"(33, 34)",taxation,6,0.25,False,True,False
158,106-3,46709.8125,"(33, 41)",taxation,6,0.25,False,True,False
158,56-3,49112.5625,"(19, 17)",taxation,6,0.25,False,True,False
158,71-3,53955.9375,"(22, 36)",taxation,6,0.25,False,True,False
158,226-3,49095.0625,"(22, 38)",taxation,6,0.25,False,True,False
158,205-3,25009.8125,"(23, 18)",taxation,6,0.25,False,True,False
158,165-3,58717.25,"(8, 29)",taxation,6,0.25,False,True,False
158,231-3,32245.8125,"(31, 38)",taxation,6,0.25,False,True,False
158,25-3,44286.25,"(10, 20)",taxation,6,0.25,False,True,False
158,137-3,44286.375,"(38, 38)",taxation,6,0.25,False,True,False
158,73-3,51519.6875,"(20, 30)",taxation,6,0.25,False,True,False
158,214-3,32196.25,"(18, 15)",taxation,6,0.25,False,True,False
158,21-3,46686.6875,"(0, 20)",taxation,6,0.25,False,True,False
158,201-3,34598.9375,"(30, 33)",taxation,6,0.25,False,True,False
158,169-3,39461.25,"(1, 19)",taxation,6,0.25,False,True,False
158,110-3,56349.75,"(21, 31)",taxation,6,0.25,False,True,False
158,183-3,34639.0625,"(14, 19)",taxation,6,0.25,False,True,False
158,125-3,53897.5,"(0, 19)",taxation,6,0.25,False,True,False
158,168-3,53952.875,"(29, 32)",taxation,6,0.25,False,True,False
158,156-3,37049.625,"(2, 29)",taxation,6,0.25,False,True,False
158,53-3,32224.6875,"(40, 9)",taxation,6,0.25,False,True,False
158,122-3,41854.6875,"(7, 19)",taxation,6,0.25,False,True,False
158,234-3,51468.125,"(22, 35)",taxation,6,0.25,False,True,False
158,134-3,49107.0,"(24, 18)",taxation,6,0.25,False,True,False
158,141-3,39466.375,"(35, 3)",taxation,6,0.25,False,True,False
158,145-3,51499.0,"(22, 19)",taxation,6,0.25,False,True,False
158,209-3,56358.625,"(22, 33)",taxation,6,0.25,False,True,False
158,247-3,44267.75,"(27, 37)",taxation,6,0.25,False,True,False
158,203-3,58725.6875,"(18, 27)",taxation,6,0.25,False,True,False
158,50-3,56318.125,"(10, 28)",taxation,6,0.25,False,True,False
158,45-3,51499.8125,"(26, 35)",taxation,6,0.25,False,True,False
158,78-3,46683.6875,"(17, 18)",taxation,6,0.25,False,True,False
158,147-3,49092.5625,"(37, 17)",taxation,6,0.25,False,True,False
158,193-3,44271.125,"(25, 39)",taxation,6,0.25,False,True,False
158,5-3,22553.625,"(28, 32)",taxation,6,0.25,False,True,False
158,175-3,41837.375,"(5, 19)",taxation,6,0.25,False,True,False
158,196-3,34613.0,"(3, 20)",taxation,6,0.25,False,True,False
158,112-3,53910.625,"(22, 34)",taxation,6,0.25,False,True,False
158,113-3,51476.0625,"(7, 23)",taxation,6,0.25,False,True,False
158,55-3,53893.9375,"(32, 36)",taxation,6,0.25,False,True,False
158,33-3,39406.9375,"(4, 20)",taxation,6,0.25,False,True,False
158,68-3,41851.3125,"(11, 19)",taxation,6,0.25,False,True,False
158,161-3,41849.5,"(19, 32)",taxation,6,0.25,False,True,False
158,100-3,49105.5625,"(34, 36)",taxation,6,0.25,False,True,False
158,155-3,51506.4375,"(33, 40)",taxation,6,0.25,False,True,False
158,41-3,53923.0,"(38, 26)",taxation,6,0.25,False,True,False
158,115-3,53895.3125,"(12, 24)",taxation,6,0.25,False,True,False
158,207-3,39420.8125,"(41, 5)",taxation,6,0.25,False,True,False
158,120-3,56288.5,"(16, 19)",taxation,6,0.25,False,True,False
158,11-3,39408.1875,"(22, 18)",taxation,6,0.25,False,True,False
158,102-3,34599.125,"(27, 35)",taxation,6,0.25,False,True,False
158,130-3,53870.125,"(8, 21)",taxation,6,0.25,False,True,False
158,103-3,49072.875,"(30, 40)",taxation,6,0.25,False,True,False
158,202-3,56313.5,"(24, 15)",taxation,6,0.25,False,True,False
158,164-3,51492.4375,"(43, 12)",taxation,6,0.25,False,True,False
158,2-3,49076.8125,"(17, 27)",taxation,6,0.25,False,True,False
158,186-3,46697.1875,"(37, 12)",taxation,6,0.25,False,True,False
158,85-3,44248.75,"(10, 19)",taxation,6,0.25,False,True,False
158,64-3,49028.0,"(25, 40)",taxation,6,0.25,False,True,False
158,188-3,49071.125,"(30, 35)",taxation,6,0.25,False,True,False
158,32-3,53871.8125,"(25, 30)",taxation,6,0.25,False,True,False
158,57-3,44238.6875,"(36, 37)",taxation,6,0.25,False,True,False
158,132-3,53883.3125,"(36, 2)",taxation,6,0.25,False,True,False
158,163-3,58678.5,"(9, 29)",taxation,6,0.25,False,True,False
158,19-3,51478.0,"(39, 22)",taxation,6,0.25,False,True,False
158,107-3,53840.875,"(25, 32)",taxation,6,0.25,False,True,False
158,221-3,46641.625,"(20, 32)",taxation,6,0.25,False,True,False
158,96-3,56294.375,"(23, 34)",taxation,6,0.25,False,True,False
158,92-3,53856.25,"(34, 30)",taxation,6,0.25,False,True,False
158,116-3,53887.125,"(44, 7)",taxation,6,0.25,False,True,False
158,13-3,46648.6875,"(20, 39)",taxation,6,0.25,False,True,False
158,174-3,53882.125,"(8, 19)",taxation,6,0.25,False,True,False
158,69-3,53831.875,"(24, 40)",taxation,6,0.25,False,True,False
158,184-3,49001.9375,"(22, 32)",taxation,6,0.25,False,True,False
158,237-3,39394.3125,"(20, 33)",taxation,6,0.25,False,True,False
158,90-3,44215.875,"(13, 29)",taxation,6,0.25,False,True,False
158,18-3,56286.3125,"(27, 31)",taxation,6,0.25,False,True,False
158,121-3,49074.0,"(25, 36)",taxation,6,0.25,False,True,False
158,30-3,56285.9375,"(41, 14)",taxation,6,0.25,False,True,False
158,97-3,39382.3125,"(26, 31)",taxation,6,0.25,False,True,False
158,229-3,53892.6875,"(26, 37)",taxation,6,0.25,False,True,False
158,27-3,44199.0625,"(21, 40)",taxation,6,0.25,False,True,False
158,117-3,44201.625,"(42, 34)",taxation,6,0.25,False,True,False
158,80-3,53837.625,"(9, 18)",taxation,6,0.25,False,True,False
158,166-3,46604.4375,"(20, 34)",taxation,6,0.25,False,True,False
158,86-3,49065.5,"(32, 40)",taxation,6,0.25,False,True,False
158,160-3,44198.75,"(15, 32)",taxation,6,0.25,False,True,False
158,233-3,46623.4375,"(24, 34)",taxation,6,0.25,False,True,False
158,235-3,49007.9375,"(18, 18)",taxation,6,0.25,False,True,False
158,48-3,51387.5,"(9, 20)",taxation,6,0.25,False,True,False
158,88-3,49035.0,"(9, 17)",taxation,6,0.25,False,True,False
158,52-3,36981.4375,"(42, 10)",taxation,6,0.25,False,True,False
158,58-3,51420.875,"(34, 33)",taxation,6,0.25,False,True,False
158,248-3,49022.1875,"(34, 3)",taxation,6,0.25,False,True,False
158,108-3,27310.6875,"(38, 3)",taxation,6,0.25,False,True,False
158,82-3,51437.125,"(15, 21)",taxation,6,0.25,False,True,False
158,236-3,49028.9375,"(30, 7)",taxation,6,0.25,False,True,False
158,104-3,46651.125,"(28, 33)",taxation,6,0.25,False,True,False
158,152-3,51423.1875,"(22, 27)",taxation,6,0.25,False,True,False
158,109-3,49039.875,"(21, 18)",taxation,6,0.25,False,True,False
158,72-3,56240.875,"(11, 20)",taxation,6,0.25,False,True,False
158,127-3,51413.5,"(17, 15)",taxation,6,0.25,False,True,False
158,61-3,58667.1875,"(40, 3)",taxation,6,0.25,False,True,False
158,232-3,29694.6875,"(21, 34)",taxation,6,0.25,False,True,False
158,65-3,56229.9375,"(37, 35)",taxation,6,0.25,False,True,False
158,124-3,46598.1875,"(20, 38)",taxation,6,0.25,False,True,False
158,62-3,49022.125,"(28, 34)",taxation,6,0.25,False,True,False
158,59-3,44186.9375,"(43, 13)",taxation,6,0.25,False,True,False
158,89-3,51435.0625,"(38, 32)",taxation,6,0.25,False,True,False
158,26-3,39367.5625,"(36, 3)",taxation,6,0.25,False,True,False
158,14-3,12846.875,"(42, 25)",taxation,6,0.25,False,True,False
158,194-3,44189.625,"(18, 33)",taxation,6,0.25,False,True,False
158,37-3,51435.0625,"(36, 35)",taxation,6,0.25,False,True,False
158,36-3,36963.4375,"(27, 38)",taxation,6,0.25,False,True,False
158,7-3,36977.375,"(34, 34)",taxation,6,0.25,False,True,False
158,47-3,34515.3125,"(21, 39)",taxation,6,0.25,False,True,False
158,223-3,34548.5,"(28, 35)",taxation,6,0.25,False,True,False
158,129-3,46618.5,"(17, 32)",taxation,6,0.25,False,True,False
158,77-3,41761.125,"(35, 31)",taxation,6,0.25,False,True,False
158,43-3,48993.8125,"(25, 35)",taxation,6,0.25,False,True,False
158,128-3,53843.25,"(20, 18)",taxation,6,0.25,False,True,False
158,79-3,46587.1875,"(8, 23)",taxation,6,0.25,False,True,False
158,199-3,56208.25,"(31, 37)",taxation,6,0.25,False,True,False
158,136-3,39363.375,"(23, 33)",taxation,6,0.25,False,True,False
158,99-3,46575.9375,"(33, 32)",taxation,6,0.25,False,True,False
158,84-3,48986.625,"(15, 19)",taxation,6,0.25,False,True,False
158,123-3,56247.5625,"(34, 41)",taxation,6,0.25,False,True,False
158,119-3,48985.75,"(35, 32)",taxation,6,0.25,False,True,False
158,46-3,34505.5,"(7, 18)",taxation,6,0.25,False,True,False
158,190-3,48998.0625,"(23, 27)",taxation,6,0.25,False,True,False
158,215-3,53832.625,"(40, 8)",taxation,6,0.25,False,True,False
158,220-3,53819.25,"(30, 34)",taxation,6,0.25,False,True,False
158,157-3,46576.1875,"(32, 38)",taxation,6,0.25,False,True,False
158,245-3,53787.0625,"(9, 26)",taxation,6,0.25,False,True,False
158,195-3,22441.9375,"(37, 15)",taxation,6,0.25,False,True,False
158,15-3,44168.0625,"(15, 18)",taxation,6,0.25,False,True,False
158,224-3,41750.3125,"(28, 39)",taxation,6,0.25,False,True,False
158,87-3,48958.625,"(16, 18)",taxation,6,0.25,False,True,False
158,135-3,48982.0625,"(24, 35)",taxation,6,0.25,False,True,False
158,8-3,48987.25,"(30, 37)",taxation,6,0.25,False,True,False
158,227-3,53793.375,"(33, 3)",taxation,6,0.25,False,True,False
158,178-3,53792.1875,"(42, 22)",taxation,6,0.25,False,True,False
158,114-3,56225.3125,"(20, 21)",taxation,6,0.25,False,True,False
158,118-3,53761.625,"(7, 24)",taxation,6,0.25,False,True,False
158,244-3,56201.875,"(36, 10)",taxation,6,0.25,False,True,False
158,34-3,44130.5,"(15, 29)",taxation,6,0.25,False,True,False
158,60-3,51382.4375,"(28, 37)",taxation,6,0.25,False,True,False
158,218-3,56233.125,"(27, 36)",taxation,6,0.25,False,True,False
158,49-3,46576.875,"(28, 40)",taxation,6,0.25,False,True,False
158,185-3,48996.125,"(31, 2)",taxation,6,0.25,False,True,False
158,228-4,29033.9375,"(18, 41)",taxation,6,0.25,False,True,False
158,24-3,39374.125,"(39, 30)",taxation,6,0.25,False,True,False
158,9-3,41745.9375,"(44, 11)",taxation,6,0.25,False,True,False
158,39-3,34479.625,"(23, 36)",taxation,6,0.25,False,True,False
158,151-3,39277.1875,"(18, 16)",taxation,6,0.25,False,True,False
158,29-3,48963.9375,"(41, 2)",taxation,6,0.25,False,True,False
158,230-3,39322.0,"(3, 19)",taxation,6,0.25,False,True,False
158,131-3,48961.75,"(35, 34)",taxation,6,0.25,False,True,False
158,81-3,46574.6875,"(31, 1)",taxation,6,0.25,False,True,False
158,222-3,48957.125,"(19, 30)",taxation,6,0.25,False,True,False
158,171-3,48956.375,"(2, 19)",taxation,6,0.25,False,True,False
158,200-3,46537.5,"(40, 2)",taxation,6,0.25,False,True,False
158,238-3,48960.5,"(37, 31)",taxation,6,0.25,False,True,False
158,153-3,24819.25,"(14, 17)",taxation,6,0.25,False,True,False
158,197-3,39303.1875,"(19, 18)",taxation,6,0.25,False,True,False
158,139-4,44139.765625,"(26, 30)",taxation,6,0.25,False,True,False
158,204-3,53765.375,"(21, 41)",taxation,6,0.25,False,True,False
158,211-3,32057.8125,"(28, 36)",taxation,6,0.25,False,True,False
158,93-3,22419.0,"(19, 29)",taxation,6,0.25,False,True,False
158,101-3,48966.5625,"(18, 17)",taxation,6,0.25,False,True,False
158,213-3,48961.625,"(38, 29)",taxation,6,0.25,False,True,False
158,70-3,51356.0,"(23, 42)",taxation,6,0.25,False,True,False
158,239-3,48949.625,"(42, 3)",taxation,6,0.25,False,True,False
158,243-3,46533.125,"(25, 38)",taxation,6,0.25,False,True,False
158,192-3,44121.25,"(13, 15)",taxation,6,0.25,False,True,False
158,143-3,48934.3125,"(39, 19)",taxation,6,0.25,False,True,False
158,35-3,48958.875,"(36, 27)",taxation,6,0.25,False,True,False
158,3-3,29624.6875,"(12, 28)",taxation,6,0.25,False,True,False
158,181-3,48929.937500000015,"(19, 19)",taxation,6,0.25,False,True,False
158,105-3,44122.625,"(32, 42)",taxation,6,0.25,False,True,False
158,177-3,48978.3125,"(40, 6)",taxation,6,0.25,False,True,False
158,167-4,38688.734375,"(14, 15)",taxation,6,0.25,False,True,False
159,191-2,74877.75,"(17, 36)",taxation,6,0.25,False,True,False
159,159-2,52414.5,"(7, 21)",taxation,6,0.25,False,True,False
159,158-3,47534.75,"(8, 26)",taxation,6,0.25,False,True,False
159,20-2,62055.0,"(45, 4)",taxation,6,0.25,False,True,False
159,31-3,58806.625,"(14, 31)",taxation,6,0.25,False,True,False
159,179-3,42791.375,"(26, 39)",taxation,6,0.25,False,True,False
159,219-3,57219.75,"(30, 43)",taxation,6,0.25,False,True,False
159,98-3,26692.75,"(34, 26)",taxation,6,0.25,False,True,False
159,66-2,71684.75,"(39, 29)",taxation,6,0.25,False,True,False
159,210-2,78116.75,"(39, 28)",taxation,6,0.25,False,True,False
159,150-2,55585.25,"(24, 45)",taxation,6,0.25,False,True,False
159,154-3,23434.75,"(1, 24)",taxation,6,0.25,False,True,False
159,126-2,65261.75,"(45, 6)",taxation,6,0.25,False,True,False
159,74-3,57204.0,"(9, 14)",taxation,6,0.25,False,True,False
159,28-3,45134.9375,"(10, 18)",taxation,6,0.25,False,True,False
159,146-3,20243.75,"(38, 10)",taxation,6,0.25,False,True,False
159,176-3,939.25,"(10, 21)",taxation,6,0.25,False,True,False
159,208-3,52388.9375,"(27, 43)",taxation,6,0.25,False,True,False
159,187-3,26638.25,"(23, 46)",taxation,6,0.25,False,True,False
159,240-3,16989.75,"(19, 46)",taxation,6,0.25,False,True,False
159,140-3,966.75,"(21, 38)",taxation,6,0.25,False,True,False
159,149-3,44373.75,"(41, 33)",taxation,6,0.25,False,True,False
159,246-3,49176.75,"(37, 1)",taxation,6,0.25,False,True,False
159,75-3,46735.75,"(12, 33)",taxation,6,0.25,False,True,False
159,12-2,62024.75,"(33, 1)",taxation,6,0.25,False,True,False
159,1-3,37922.1875,"(21, 16)",taxation,6,0.25,False,True,False
159,17-3,53999.375,"(29, 42)",taxation,6,0.25,False,True,False
159,67-2,49192.75,"(38, 0)",taxation,6,0.25,False,True,False
159,40-3,53998.75,"(30, 45)",taxation,6,0.25,False,True,False
159,23-3,53146.0,"(4, 18)",taxation,6,0.25,False,True,False
159,142-3,32255.8125,"(20, 47)",taxation,6,0.25,False,True,False
159,76-3,49156.562500000015,"(16, 15)",taxation,6,0.25,False,True,False
159,94-3,17016.5,"(10, 26)",taxation,6,0.25,False,True,False
159,241-3,46739.625,"(27, 41)",taxation,6,0.25,False,True,False
159,170-3,45178.3125,"(42, 1)",taxation,6,0.25,False,True,False
159,242-3,22637.9375,"(46, 6)",taxation,6,0.25,False,True,False
159,198-3,46767.625,"(43, 10)",taxation,6,0.25,False,True,False
159,10-3,51561.1875,"(12, 13)",taxation,6,0.25,False,True,False
159,172-3,53950.3125,"(5, 16)",taxation,6,0.25,False,True,False
159,189-3,44375.125,"(21, 11)",taxation,6,0.25,False,True,False
159,206-3,49935.4375,"(12, 31)",taxation,6,0.25,False,True,False
159,182-3,51513.1875,"(26, 45)",taxation,6,0.25,False,True,False
159,42-3,37128.625,"(6, 17)",taxation,6,0.25,False,True,False
159,148-3,39491.9375,"(5, 21)",taxation,6,0.25,False,True,False
159,0-3,34683.4375,"(11, 12)",taxation,6,0.25,False,True,False
159,212-3,51567.8125,"(37, 2)",taxation,6,0.25,False,True,False
159,225-3,51562.5625,"(29, 41)",taxation,6,0.25,False,True,False
159,6-3,56382.5,"(8, 22)",taxation,6,0.25,False,True,False
159,38-3,51540.125,"(25, 44)",taxation,6,0.25,False,True,False
159,54-3,49132.1875,"(15, 10)",taxation,6,0.25,False,True,False
159,63-3,46688.5625,"(7, 15)",taxation,6,0.25,False,True,False
159,144-3,49194.875,"(28, 42)",taxation,6,0.25,False,True,False
159,22-3,56359.75,"(16, 12)",taxation,6,0.25,False,True,False
159,162-3,51504.875,"(25, 42)",taxation,6,0.25,False,True,False
159,249-3,51608.75,"(24, 37)",taxation,6,0.25,False,True,False
159,180-3,49137.6875,"(31, 42)",taxation,6,0.25,False,True,False
159,83-3,53943.5625,"(8, 14)",taxation,6,0.25,False,True,False
159,133-3,44320.25,"(38, 1)",taxation,6,0.25,False,True,False
159,16-3,56376.125,"(4, 23)",taxation,6,0.25,False,True,False
159,51-3,51546.875,"(34, 25)",taxation,6,0.25,False,True,False
159,4-3,37056.6875,"(24, 42)",taxation,6,0.25,False,True,False
159,111-3,53934.6875,"(20, 31)",taxation,6,0.25,False,True,False
159,91-3,53956.0625,"(11, 13)",taxation,6,0.25,False,True,False
159,95-3,56374.875,"(35, 39)",taxation,6,0.25,False,True,False
159,106-3,46717.8125,"(31, 44)",taxation,6,0.25,False,True,False
159,56-3,49120.5625,"(18, 13)",taxation,6,0.25,False,True,False
159,71-3,53964.9375,"(26, 42)",taxation,6,0.25,False,True,False
159,226-3,49103.0625,"(21, 43)",taxation,6,0.25,False,True,False
159,205-3,25017.8125,"(20, 12)",taxation,6,0.25,False,True,False
159,165-3,58725.25,"(6, 29)",taxation,6,0.25,False,True,False
159,231-3,32254.8125,"(30, 41)",taxation,6,0.25,False,True,False
159,25-3,44295.25,"(6, 16)",taxation,6,0.25,False,True,False
159,137-3,44293.375,"(32, 43)",taxation,6,0.25,False,True,False
159,73-3,51525.6875,"(15, 33)",taxation,6,0.25,False,True,False
159,214-3,32204.25,"(17, 11)",taxation,6,0.25,False,True,False
159,21-3,46695.6875,"(2, 18)",taxation,6,0.25,False,True,False
159,201-3,34602.9375,"(34, 28)",taxation,6,0.25,False,True,False
159,169-3,39470.25,"(1, 18)",taxation,6,0.25,False,True,False
159,110-3,56355.75,"(19, 37)",taxation,6,0.25,False,True,False
159,183-3,34648.0625,"(11, 16)",taxation,6,0.25,False,True,False
159,125-3,53905.5,"(1, 20)",taxation,6,0.25,False,True,False
159,168-3,53959.875,"(29, 38)",taxation,6,0.25,False,True,False
159,156-3,37057.625,"(3, 27)",taxation,6,0.25,False,True,False
159,53-3,32233.6875,"(44, 3)",taxation,6,0.25,False,True,False
159,122-3,41863.6875,"(7, 17)",taxation,6,0.25,False,True,False
159,234-3,51475.125,"(22, 40)",taxation,6,0.25,False,True,False
159,134-3,49114.0,"(21, 13)",taxation,6,0.25,False,True,False
159,141-3,39475.375,"(35, 1)",taxation,6,0.25,False,True,False
159,145-3,51507.0,"(17, 14)",taxation,6,0.25,False,True,False
159,209-3,56364.625,"(17, 39)",taxation,6,0.25,False,True,False
159,247-3,44276.75,"(27, 40)",taxation,6,0.25,False,True,False
159,203-3,58732.6875,"(12, 25)",taxation,6,0.25,False,True,False
159,50-3,56326.125,"(7, 26)",taxation,6,0.25,False,True,False
159,45-3,51505.8125,"(28, 38)",taxation,6,0.25,False,True,False
159,78-3,46691.6875,"(11, 14)",taxation,6,0.25,False,True,False
159,147-3,49099.5625,"(43, 14)",taxation,6,0.25,False,True,False
159,193-3,44279.125,"(25, 45)",taxation,6,0.25,False,True,False
159,5-3,22560.625,"(34, 38)",taxation,6,0.25,False,True,False
159,175-3,41846.375,"(4, 17)",taxation,6,0.25,False,True,False
159,196-3,34621.0,"(2, 22)",taxation,6,0.25,False,True,False
159,112-3,53916.625,"(16, 39)",taxation,6,0.25,False,True,False
159,113-3,51485.0625,"(5, 18)",taxation,6,0.25,False,True,False
159,55-3,53902.9375,"(31, 41)",taxation,6,0.25,False,True,False
159,33-3,39414.9375,"(6, 18)",taxation,6,0.25,False,True,False
159,68-3,41860.3125,"(10, 17)",taxation,6,0.25,False,True,False
159,161-3,41855.5,"(15, 36)",taxation,6,0.25,False,True,False
159,100-3,49113.5625,"(32, 41)",taxation,6,0.25,False,True,False
159,155-3,51514.4375,"(29, 45)",taxation,6,0.25,False,True,False
159,41-3,53930.0,"(44, 32)",taxation,6,0.25,False,True,False
159,115-3,53903.3125,"(10, 22)",taxation,6,0.25,False,True,False
159,207-3,39429.8125,"(41, 4)",taxation,6,0.25,False,True,False
159,120-3,56297.5,"(10, 15)",taxation,6,0.25,False,True,False
159,11-3,39415.1875,"(18, 12)",taxation,6,0.25,False,True,False
159,102-3,34602.125,"(21, 32)",taxation,6,0.25,False,True,False
159,130-3,53879.125,"(2, 17)",taxation,6,0.25,False,True,False
159,103-3,49080.875,"(30, 44)",taxation,6,0.25,False,True,False
159,202-3,56321.5,"(23, 11)",taxation,6,0.25,False,True,False
159,164-3,51499.4375,"(45, 12)",taxation,6,0.25,False,True,False
159,2-3,49084.8125,"(11, 21)",taxation,6,0.25,False,True,False
159,186-3,46705.1875,"(31, 6)",taxation,6,0.25,False,True,False
159,85-3,44257.75,"(8, 18)",taxation,6,0.25,False,True,False
159,64-3,49037.0,"(25, 41)",taxation,6,0.25,False,True,False
159,188-3,49074.125,"(24, 33)",taxation,6,0.25,False,True,False
159,32-3,53876.8125,"(19, 34)",taxation,6,0.25,False,True,False
159,57-3,44245.6875,"(31, 43)",taxation,6,0.25,False,True,False
159,132-3,53892.3125,"(36, 1)",taxation,6,0.25,False,True,False
159,163-3,58686.5,"(6, 28)",taxation,6,0.25,False,True,False
159,19-3,51485.0,"(42, 26)",taxation,6,0.25,False,True,False
159,107-3,53846.875,"(26, 38)",taxation,6,0.25,False,True,False
159,221-3,46648.625,"(18, 38)",taxation,6,0.25,False,True,False
159,96-3,56301.375,"(17, 40)",taxation,6,0.25,False,True,False
159,92-3,53862.25,"(38, 36)",taxation,6,0.25,False,True,False
159,116-3,53896.125,"(44, 4)",taxation,6,0.25,False,True,False
159,13-3,46655.6875,"(19, 42)",taxation,6,0.25,False,True,False
159,174-3,53891.125,"(7, 16)",taxation,6,0.25,False,True,False
159,69-3,53840.875,"(27, 42)",taxation,6,0.25,False,True,False
159,184-3,49007.9375,"(17, 37)",taxation,6,0.25,False,True,False
159,237-3,39402.3125,"(22, 39)",taxation,6,0.25,False,True,False
159,90-3,44222.875,"(11, 26)",taxation,6,0.25,False,True,False
159,18-3,56290.3125,"(21, 33)",taxation,6,0.25,False,True,False
159,121-3,49081.0,"(23, 40)",taxation,6,0.25,False,True,False
159,30-3,56293.9375,"(44, 8)",taxation,6,0.25,False,True,False
159,97-3,39385.3125,"(22, 30)",taxation,6,0.25,False,True,False
159,229-3,53899.6875,"(26, 43)",taxation,6,0.25,False,True,False
159,27-3,44207.0625,"(24, 46)",taxation,6,0.25,False,True,False
159,117-3,44208.625,"(45, 34)",taxation,6,0.25,False,True,False
159,80-3,53846.625,"(9, 15)",taxation,6,0.25,False,True,False
159,166-3,46611.4375,"(18, 39)",taxation,6,0.25,False,True,False
159,86-3,49073.5,"(29, 46)",taxation,6,0.25,False,True,False
159,160-3,44206.75,"(9, 28)",taxation,6,0.25,False,True,False
159,233-3,46628.4375,"(18, 35)",taxation,6,0.25,False,True,False
159,235-3,49015.9375,"(14, 14)",taxation,6,0.25,False,True,False
159,48-3,51395.5,"(9, 22)",taxation,6,0.25,False,True,False
159,88-3,49044.0,"(8, 16)",taxation,6,0.25,False,True,False
159,52-3,36990.4375,"(46, 7)",taxation,6,0.25,False,True,False
159,58-3,51426.875,"(34, 37)",taxation,6,0.25,False,True,False
159,248-3,49031.1875,"(35, 2)",taxation,6,0.25,False,True,False
159,108-3,27319.6875,"(39, 3)",taxation,6,0.25,False,True,False
159,82-3,51445.125,"(12, 20)",taxation,6,0.25,False,True,False
159,236-3,49037.9375,"(34, 1)",taxation,6,0.25,False,True,False
159,104-3,46657.125,"(32, 39)",taxation,6,0.25,False,True,False
159,152-3,51427.1875,"(17, 29)",taxation,6,0.25,False,True,False
159,109-3,49046.875,"(18, 14)",taxation,6,0.25,False,True,False
159,72-3,56249.875,"(6, 15)",taxation,6,0.25,False,True,False
159,127-3,51421.5,"(16, 11)",taxation,6,0.25,False,True,False
159,61-3,58676.1875,"(42, 2)",taxation,6,0.25,False,True,False
159,232-3,29700.6875,"(15, 40)",taxation,6,0.25,False,True,False
159,65-3,56235.9375,"(39, 37)",taxation,6,0.25,False,True,False
159,124-3,46606.1875,"(19, 44)",taxation,6,0.25,False,True,False
159,62-3,49029.125,"(31, 39)",taxation,6,0.25,False,True,False
159,59-3,44193.9375,"(42, 12)",taxation,6,0.25,False,True,False
159,89-3,51442.0625,"(38, 37)",taxation,6,0.25,False,True,False
159,26-3,39376.5625,"(36, 0)",taxation,6,0.25,False,True,False
159,14-3,12853.875,"(43, 30)",taxation,6,0.25,False,True,False
159,194-3,44196.625,"(13, 35)",taxation,6,0.25,False,True,False
159,37-3,51441.0625,"(37, 37)",taxation,6,0.25,False,True,False
159,36-3,36970.4375,"(25, 43)",taxation,6,0.25,False,True,False
159,7-3,36982.375,"(38, 35)",taxation,6,0.25,False,True,False
159,47-3,34523.3125,"(23, 45)",taxation,6,0.25,False,True,False
159,223-3,34555.5,"(27, 39)",taxation,6,0.25,False,True,False
159,129-3,46625.5,"(13, 31)",taxation,6,0.25,False,True,False
159,77-3,41766.125,"(40, 31)",taxation,6,0.25,False,True,False
159,43-3,48999.8125,"(24, 39)",taxation,6,0.25,False,True,False
159,128-3,53851.25,"(19, 12)",taxation,6,0.25,False,True,False
159,79-3,46596.1875,"(3, 17)",taxation,6,0.25,False,True,False
159,199-3,56215.25,"(29, 40)",taxation,6,0.25,False,True,False
159,136-3,39368.375,"(18, 34)",taxation,6,0.25,False,True,False
159,99-3,46582.9375,"(35, 38)",taxation,6,0.25,False,True,False
159,84-3,48995.625,"(12, 14)",taxation,6,0.25,False,True,False
159,123-3,56255.5625,"(30, 46)",taxation,6,0.25,False,True,False
159,119-3,48990.75,"(40, 30)",taxation,6,0.25,False,True,False
159,46-3,34514.5,"(5, 17)",taxation,6,0.25,False,True,False
159,190-3,49002.0625,"(18, 29)",taxation,6,0.25,False,True,False
159,215-3,53841.625,"(41, 3)",taxation,6,0.25,False,True,False
159,220-3,53822.25,"(36, 29)",taxation,6,0.25,False,True,False
159,157-3,46584.1875,"(29, 44)",taxation,6,0.25,False,True,False
159,245-3,53795.0625,"(7, 25)",taxation,6,0.25,False,True,False
159,195-3,22448.9375,"(40, 10)",taxation,6,0.25,False,True,False
159,15-3,44177.0625,"(11, 15)",taxation,6,0.25,False,True,False
159,224-3,41758.3125,"(28, 43)",taxation,6,0.25,False,True,False
159,87-3,48967.625,"(13, 14)",taxation,6,0.25,False,True,False
159,135-3,48988.0625,"(23, 39)",taxation,6,0.25,False,True,False
159,8-3,48994.25,"(30, 42)",taxation,6,0.25,False,True,False
159,227-3,53802.375,"(34, 2)",taxation,6,0.25,False,True,False
159,178-3,53799.1875,"(44, 16)",taxation,6,0.25,False,True,False
159,114-3,56232.3125,"(14, 23)",taxation,6,0.25,False,True,False
159,118-3,53770.625,"(6, 22)",taxation,6,0.25,False,True,False
159,244-3,56209.875,"(37, 5)",taxation,6,0.25,False,True,False
159,34-3,44137.5,"(11, 30)",taxation,6,0.25,False,True,False
159,60-3,51389.4375,"(29, 43)",taxation,6,0.25,False,True,False
159,218-3,56236.125,"(21, 30)",taxation,6,0.25,False,True,False
159,49-3,46584.875,"(28, 45)",taxation,6,0.25,False,True,False
159,185-3,49005.125,"(32, 1)",taxation,6,0.25,False,True,False
159,228-4,29041.9375,"(22, 46)",taxation,6,0.25,False,True,False
159,24-3,39380.125,"(45, 31)",taxation,6,0.25,False,True,False
159,9-3,41753.9375,"(47, 6)",taxation,6,0.25,False,True,False
159,39-3,34488.625,"(26, 40)",taxation,6,0.25,False,True,False
159,151-3,39285.1875,"(16, 10)",taxation,6,0.25,False,True,False
159,29-3,48972.9375,"(41, 1)",taxation,6,0.25,False,True,False
159,230-3,39331.0,"(4, 19)",taxation,6,0.25,False,True,False
159,131-3,48966.75,"(38, 34)",taxation,6,0.25,False,True,False
159,81-3,46583.6875,"(33, 0)",taxation,6,0.25,False,True,False
159,222-3,48963.125,"(14, 34)",taxation,6,0.25,False,True,False
159,171-3,48965.375,"(3, 18)",taxation,6,0.25,False,True,False
159,200-3,46546.5,"(37, 0)",taxation,6,0.25,False,True,False
159,238-3,48965.5,"(42, 31)",taxation,6,0.25,False,True,False
159,153-3,24828.25,"(9, 13)",taxation,6,0.25,False,True,False
159,197-3,39311.1875,"(17, 13)",taxation,6,0.25,False,True,False
159,139-4,44142.765625,"(23, 31)",taxation,6,0.25,False,True,False
159,204-3,53773.375,"(22, 47)",taxation,6,0.25,False,True,False
159,211-3,32066.8125,"(28, 41)",taxation,6,0.25,False,True,False
159,93-3,22425.0,"(13, 24)",taxation,6,0.25,False,True,False
159,101-3,48974.5625,"(17, 12)",taxation,6,0.25,False,True,False
159,213-3,48967.625,"(43, 27)",taxation,6,0.25,False,True,False
159,70-3,51364.0,"(21, 44)",taxation,6,0.25,False,True,False
159,239-3,48958.625,"(44, 2)",taxation,6,0.25,False,True,False
159,243-3,46542.125,"(26, 41)",taxation,6,0.25,False,True,False
159,192-3,44130.25,"(10, 13)",taxation,6,0.25,False,True,False
159,143-3,48941.3125,"(42, 14)",taxation,6,0.25,False,True,False
159,35-3,48964.875,"(42, 33)",taxation,6,0.25,False,True,False
159,3-3,29632.6875,"(7, 28)",taxation,6,0.25,False,True,False
159,181-3,48937.937500000015,"(13, 20)",taxation,6,0.25,False,True,False
159,105-3,44130.625,"(31, 45)",taxation,6,0.25,False,True,False
159,177-3,48987.3125,"(43, 3)",taxation,6,0.25,False,True,False
159,167-4,38696.734375,"(12, 17)",taxation,6,0.25,False,True,False
159,173-4,10388.8125,"(30, 39)",taxation,6,0.25,False,True,False
159,44-3,32058.0,"(8, 15)",taxation,6,0.25,False,True,False
159,216-3,53749.5,"(19, 14)",taxation,6,0.25,False,True,False
159,217-3,29658.375,"(15, 37)",taxation,6,0.25,False,True,False
159,138-3,51320.8125,"(20, 42)",taxation,6,0.25,False,True,False
160,191-2,74884.75,"(14, 39)",taxation,6,0.25,False,True,False
160,159-2,52422.5,"(2, 27)",taxation,6,0.25,False,True,False
160,158-3,47542.75,"(5, 31)",taxation,6,0.25,False,True,False
160,20-2,62064.0,"(45, 1)",taxation,6,0.25,False,True,False
160,31-3,58814.625,"(10, 33)",taxation,6,0.25,False,True,False
160,179-3,42799.375,"(26, 44)",taxation,6,0.25,False,True,False
160,219-3,57228.75,"(27, 49)",taxation,6,0.25,False,True,False
160,98-3,26697.75,"(36, 25)",taxation,6,0.25,False,True,False
160,66-2,71690.75,"(44, 24)",taxation,6,0.25,False,True,False
160,210-2,78123.75,"(43, 23)",taxation,6,0.25,False,True,False
160,150-2,55594.25,"(24, 48)",taxation,6,0.25,False,True,False
160,154-3,23442.75,"(4, 25)",taxation,6,0.25,False,True,False
160,126-2,65270.75,"(47, 4)",taxation,6,0.25,False,True,False
160,74-3,57213.0,"(10, 12)",taxation,6,0.25,False,True,False
160,28-3,45139.9375,"(16, 13)",taxation,6,0.25,False,True,False
160,146-3,20251.75,"(38, 7)",taxation,6,0.25,False,True,False
160,176-3,946.25,"(9, 27)",taxation,6,0.25,False,True,False
160,208-3,52397.9375,"(27, 47)",taxation,6,0.25,False,True,False
160,187-3,26647.25,"(23, 48)",taxation,6,0.25,False,True,False
160,240-3,16997.75,"(19, 48)",taxation,6,0.25,False,True,False
160,140-3,973.75,"(15, 43)",taxation,6,0.25,False,True,False
160,149-3,44380.75,"(47, 34)",taxation,6,0.25,False,True,False
160,246-3,49185.75,"(43, 0)",taxation,6,0.25,False,True,False
160,12-2,62033.75,"(32, 2)",taxation,6,0.25,False,True,False
160,1-3,37930.1875,"(23, 10)",taxation,6,0.25,False,True,False
160,17-3,54001.375,"(33, 39)",taxation,6,0.25,False,True,False
160,67-2,49201.75,"(41, 0)",taxation,6,0.25,False,True,False
160,40-3,54007.75,"(24, 49)",taxation,6,0.25,False,True,False
160,23-3,53149.0,"(2, 23)",taxation,6,0.25,False,True,False
160,142-3,32263.8125,"(21, 47)",taxation,6,0.25,False,True,False
160,76-3,49163.562500000015,"(20, 15)",taxation,6,0.25,False,True,False
160,94-3,17024.5,"(7, 27)",taxation,6,0.25,False,True,False
160,241-3,46743.625,"(21, 45)",taxation,6,0.25,False,True,False
160,170-3,45188.3125,"(45, 3)",taxation,6,0.25,False,True,False
160,242-3,22646.9375,"(46, 1)",taxation,6,0.25,False,True,False
160,198-3,46776.625,"(48, 5)",taxation,6,0.25,False,True,False
160,10-3,51570.1875,"(13, 11)",taxation,6,0.25,False,True,False
160,172-3,53953.3125,"(11, 22)",taxation,6,0.25,False,True,False
160,189-3,44383.125,"(22, 8)",taxation,6,0.25,False,True,False
160,206-3,49943.4375,"(6, 32)",taxation,6,0.25,False,True,False
160,182-3,51522.1875,"(26, 48)",taxation,6,0.25,False,True,False
160,42-3,37137.625,"(9, 16)",taxation,6,0.25,False,True,False
160,148-3,39495.9375,"(4, 26)",taxation,6,0.25,False,True,False
160,0-3,34691.4375,"(15, 6)",taxation,6,0.25,False,True,False
160,212-3,51576.8125,"(39, 0)",taxation,6,0.25,False,True,False
160,225-3,51565.5625,"(23, 43)",taxation,6,0.25,False,True,False
160,6-3,56391.5,"(6, 25)",taxation,6,0.25,False,True,False
160,38-3,51548.125,"(22, 49)",taxation,6,0.25,False,True,False
160,54-3,49140.1875,"(15, 8)",taxation,6,0.25,False,True,False
160,63-3,46691.5625,"(13, 16)",taxation,6,0.25,False,True,False
160,144-3,49203.875,"(28, 47)",taxation,6,0.25,False,True,False
160,22-3,56368.75,"(14, 9)",taxation,6,0.25,False,True,False
160,162-3,51513.875,"(25, 47)",taxation,6,0.25,False,True,False
160,249-3,51612.75,"(19, 36)",taxation,6,0.25,False,True,False
160,180-3,49140.6875,"(37, 36)",taxation,6,0.25,False,True,False
160,83-3,53946.5625,"(13, 13)",taxation,6,0.25,False,True,False
160,133-3,44329.25,"(44, 1)",taxation,6,0.25,False,True,False
160,16-3,56384.125,"(2, 28)",taxation,6,0.25,False,True,False
160,51-3,51552.875,"(40, 19)",taxation,6,0.25,False,True,False
160,4-3,37065.6875,"(26, 46)",taxation,6,0.25,False,True,False
160,111-3,53940.6875,"(14, 33)",taxation,6,0.25,False,True,False
160,91-3,53964.0625,"(17, 7)",taxation,6,0.25,False,True,False
160,95-3,56378.875,"(41, 35)",taxation,6,0.25,False,True,False
160,106-3,46719.8125,"(35, 40)",taxation,6,0.25,False,True,False
160,56-3,49128.5625,"(22, 10)",taxation,6,0.25,False,True,False
160,71-3,53973.9375,"(25, 48)",taxation,6,0.25,False,True,False
160,226-3,49112.0625,"(23, 47)",taxation,6,0.25,False,True,False
160,205-3,25025.8125,"(22, 9)",taxation,6,0.25,False,True,False
160,165-3,58733.25,"(6, 30)",taxation,6,0.25,False,True,False
160,231-3,32256.8125,"(33, 38)",taxation,6,0.25,False,True,False
160,25-3,44304.25,"(11, 11)",taxation,6,0.25,False,True,False
160,137-3,44302.375,"(28, 46)",taxation,6,0.25,False,True,False
160,73-3,51532.6875,"(12, 36)",taxation,6,0.25,False,True,False
160,214-3,32212.25,"(19, 11)",taxation,6,0.25,False,True,False
160,21-3,46698.6875,"(1, 23)",taxation,6,0.25,False,True,False
160,201-3,34607.9375,"(39, 27)",taxation,6,0.25,False,True,False
160,169-3,39473.25,"(0, 24)",taxation,6,0.25,False,True,False
160,110-3,56362.75,"(14, 40)",taxation,6,0.25,False,True,False
160,183-3,34653.0625,"(16, 14)",taxation,6,0.25,False,True,False
160,125-3,53914.5,"(1, 25)",taxation,6,0.25,False,True,False
160,168-3,53967.875,"(23, 44)",taxation,6,0.25,False,True,False
160,156-3,37065.625,"(1, 29)",taxation,6,0.25,False,True,False
160,53-3,32243.6875,"(47, 3)",taxation,6,0.25,False,True,False
160,122-3,41867.6875,"(13, 12)",taxation,6,0.25,False,True,False
160,234-3,51483.125,"(20, 43)",taxation,6,0.25,False,True,False
160,134-3,49122.0,"(21, 7)",taxation,6,0.25,False,True,False
160,141-3,39484.375,"(31, 0)",taxation,6,0.25,False,True,False
160,145-3,51515.0,"(19, 8)",taxation,6,0.25,False,True,False
160,209-3,56372.625,"(17, 42)",taxation,6,0.25,False,True,False
160,247-3,44285.75,"(27, 45)",taxation,6,0.25,False,True,False
160,203-3,58738.6875,"(11, 31)",taxation,6,0.25,False,True,False
160,50-3,56335.125,"(4, 28)",taxation,6,0.25,False,True,False
160,45-3,51513.8125,"(28, 44)",taxation,6,0.25,False,True,False
160,78-3,46697.6875,"(16, 8)",taxation,6,0.25,False,True,False
160,147-3,49107.5625,"(46, 10)",taxation,6,0.25,False,True,False
160,193-3,44287.125,"(20, 49)",taxation,6,0.25,False,True,False
160,5-3,22563.625,"(37, 34)",taxation,6,0.25,False,True,False
160,175-3,41848.375,"(6, 19)",taxation,6,0.25,False,True,False
160,196-3,34625.0,"(5, 25)",taxation,6,0.25,False,True,False
160,112-3,53924.625,"(16, 45)",taxation,6,0.25,False,True,False
160,113-3,51488.0625,"(4, 24)",taxation,6,0.25,False,True,False
160,55-3,53911.9375,"(29, 47)",taxation,6,0.25,False,True,False
160,33-3,39417.9375,"(5, 24)",taxation,6,0.25,False,True,False
160,68-3,41864.3125,"(15, 16)",taxation,6,0.25,False,True,False
160,161-3,41862.5,"(13, 38)",taxation,6,0.25,False,True,False
160,100-3,49116.5625,"(35, 35)",taxation,6,0.25,False,True,False
160,155-3,51516.4375,"(34, 39)",taxation,6,0.25,False,True,False
160,41-3,53937.0,"(47, 32)",taxation,6,0.25,False,True,False
160,115-3,53909.3125,"(11, 27)",taxation,6,0.25,False,True,False
160,207-3,39438.8125,"(39, 5)",taxation,6,0.25,False,True,False
160,120-3,56306.5,"(10, 14)",taxation,6,0.25,False,True,False
160,11-3,39423.1875,"(21, 9)",taxation,6,0.25,False,True,False
160,102-3,34608.125,"(16, 36)",taxation,6,0.25,False,True,False
160,130-3,53881.125,"(2, 20)",taxation,6,0.25,False,True,False
160,103-3,49089.875,"(25, 49)",taxation,6,0.25,False,True,False
160,202-3,56329.5,"(22, 11)",taxation,6,0.25,False,True,False
160,164-3,51507.4375,"(45, 8)",taxation,6,0.25,False,True,False
160,2-3,49092.8125,"(10, 23)",taxation,6,0.25,False,True,False
160,186-3,46714.1875,"(33, 4)",taxation,6,0.25,False,True,False
160,85-3,44266.75,"(2, 24)",taxation,6,0.25,False,True,False
160,64-3,49046.0,"(27, 46)",taxation,6,0.25,False,True,False
160,188-3,49079.125,"(18, 37)",taxation,6,0.25,False,True,False
160,32-3,53883.8125,"(14, 36)",taxation,6,0.25,False,True,False
160,57-3,44254.6875,"(29, 49)",taxation,6,0.25,False,True,False
160,132-3,53901.3125,"(40, 0)",taxation,6,0.25,False,True,False
160,163-3,58695.5,"(2, 25)",taxation,6,0.25,False,True,False
160,19-3,51492.0,"(43, 22)",taxation,6,0.25,False,True,False
160,107-3,53850.875,"(20, 37)",taxation,6,0.25,False,True,False
160,221-3,46656.625,"(20, 44)",taxation,6,0.25,False,True,False
160,96-3,56309.375,"(16, 44)",taxation,6,0.25,False,True,False
160,92-3,53866.25,"(43, 34)",taxation,6,0.25,False,True,False
160,116-3,53906.125,"(46, 3)",taxation,6,0.25,False,True,False
160,13-3,46663.6875,"(18, 48)",taxation,6,0.25,False,True,False
160,174-3,53894.125,"(12, 16)",taxation,6,0.25,False,True,False
160,69-3,53843.875,"(21, 42)",taxation,6,0.25,False,True,False
160,184-3,49015.9375,"(19, 43)",taxation,6,0.25,False,True,False
160,237-3,39409.3125,"(16, 41)",taxation,6,0.25,False,True,False
160,90-3,44230.875,"(5, 30)",taxation,6,0.25,False,True,False
160,18-3,56296.3125,"(16, 35)",taxation,6,0.25,False,True,False
160,121-3,49088.0,"(17, 45)",taxation,6,0.25,False,True,False
160,30-3,56302.9375,"(45, 5)",taxation,6,0.25,False,True,False
160,97-3,39391.3125,"(18, 36)",taxation,6,0.25,False,True,False
160,229-3,53908.6875,"(26, 47)",taxation,6,0.25,False,True,False
160,27-3,44216.0625,"(24, 47)",taxation,6,0.25,False,True,False
160,117-3,44216.625,"(47, 35)",taxation,6,0.25,False,True,False
160,80-3,53851.625,"(15, 11)",taxation,6,0.25,False,True,False
160,166-3,46619.4375,"(16, 42)",taxation,6,0.25,False,True,False
160,86-3,49082.5,"(26, 49)",taxation,6,0.25,False,True,False
160,160-3,44214.75,"(9, 30)",taxation,6,0.25,False,True,False
160,233-3,46635.4375,"(14, 38)",taxation,6,0.25,False,True,False
160,235-3,49023.9375,"(20, 8)",taxation,6,0.25,False,True,False
160,48-3,51403.5,"(3, 28)",taxation,6,0.25,False,True,False
160,88-3,49048.0,"(14, 18)",taxation,6,0.25,False,True,False
160,52-3,37000.4375,"(49, 1)",taxation,6,0.25,False,True,False
160,58-3,51429.875,"(36, 34)",taxation,6,0.25,False,True,False
160,248-3,49040.1875,"(38, 2)",taxation,6,0.25,False,True,False
160,108-3,27328.6875,"(40, 4)",taxation,6,0.25,False,True,False
160,82-3,51451.125,"(13, 25)",taxation,6,0.25,False,True,False
160,236-3,49046.9375,"(30, 1)",taxation,6,0.25,False,True,False
160,104-3,46660.125,"(36, 36)",taxation,6,0.25,False,True,False
160,152-3,51434.1875,"(12, 26)",taxation,6,0.25,False,True,False
160,109-3,49055.875,"(14, 10)",taxation,6,0.25,False,True,False
160,72-3,56258.875,"(12, 10)",taxation,6,0.25,False,True,False
160,127-3,51429.5,"(14, 8)",taxation,6,0.25,False,True,False
160,61-3,58685.1875,"(42, 0)",taxation,6,0.25,False,True,False
160,232-3,29707.6875,"(15, 41)",taxation,6,0.25,False,True,False
160,65-3,56241.9375,"(44, 35)",taxation,6,0.25,False,True,False
160,124-3,46615.1875,"(23, 49)",taxation,6,0.25,False,True,False
160,62-3,49032.125,"(25, 33)",taxation,6,0.25,False,True,False
160,59-3,44201.9375,"(44, 9)",taxation,6,0.25,False,True,False
160,89-3,51448.0625,"(44, 36)",taxation,6,0.25,False,True,False
160,26-3,39385.5625,"(35, 0)",taxation,6,0.25,False,True,False
160,14-3,12860.875,"(46, 28)",taxation,6,0.25,False,True,False
160,194-3,44203.625,"(11, 36)",taxation,6,0.25,False,True,False
160,37-3,51446.0625,"(43, 31)",taxation,6,0.25,False,True,False
160,36-3,36979.4375,"(25, 46)",taxation,6,0.25,False,True,False
160,7-3,36987.375,"(44, 34)",taxation,6,0.25,False,True,False
160,47-3,34531.3125,"(20, 48)",taxation,6,0.25,False,True,False
160,223-3,34563.5,"(27, 44)",taxation,6,0.25,False,True,False
160,129-3,46633.5,"(9, 31)",taxation,6,0.25,False,True,False
160,77-3,41772.125,"(45, 26)",taxation,6,0.25,False,True,False
160,43-3,49007.8125,"(22, 45)",taxation,6,0.25,False,True,False
160,128-3,53859.25,"(19, 7)",taxation,6,0.25,False,True,False
160,79-3,46599.1875,"(3, 23)",taxation,6,0.25,False,True,False
160,199-3,56223.25,"(24, 44)",taxation,6,0.25,False,True,False
160,136-3,39375.375,"(14, 35)",taxation,6,0.25,False,True,False
160,99-3,46586.9375,"(41, 34)",taxation,6,0.25,False,True,False
160,84-3,49004.625,"(12, 11)",taxation,6,0.25,False,True,False
160,123-3,56264.5625,"(29, 48)",taxation,6,0.25,False,True,False
160,119-3,48997.75,"(46, 30)",taxation,6,0.25,False,True,False
160,46-3,34523.5,"(10, 16)",taxation,6,0.25,False,True,False
160,190-3,49008.0625,"(13, 32)",taxation,6,0.25,False,True,False
160,215-3,53850.625,"(40, 1)",taxation,6,0.25,False,True,False
160,220-3,53828.25,"(42, 32)",taxation,6,0.25,False,True,False
160,157-3,46586.1875,"(34, 40)",taxation,6,0.25,False,True,False
160,245-3,53804.0625,"(3, 25)",taxation,6,0.25,False,True,False
160,195-3,22457.9375,"(38, 5)",taxation,6,0.25,False,True,False
160,15-3,44181.0625,"(15, 12)",taxation,6,0.25,False,True,False
160,224-3,41767.3125,"(27, 48)",taxation,6,0.25,False,True,False
160,87-3,48976.625,"(12, 12)",taxation,6,0.25,False,True,False
160,135-3,48996.0625,"(22, 44)",taxation,6,0.25,False,True,False
160,8-3,48997.25,"(35, 36)",taxation,6,0.25,False,True,False
160,227-3,53811.375,"(34, 0)",taxation,6,0.25,False,True,False
160,178-3,53806.1875,"(44, 17)",taxation,6,0.25,False,True,False
160,114-3,56238.3125,"(13, 26)",taxation,6,0.25,False,True,False
160,118-3,53776.625,"(11, 28)",taxation,6,0.25,False,True,False
160,244-3,56218.875,"(32, 3)",taxation,6,0.25,False,True,False
160,34-3,44146.5,"(6, 26)",taxation,6,0.25,False,True,False
160,60-3,51398.4375,"(28, 49)",taxation,6,0.25,False,True,False
160,218-3,56242.125,"(15, 35)",taxation,6,0.25,False,True,False
160,49-3,46585.875,"(24, 43)",taxation,6,0.25,False,True,False
160,185-3,49014.125,"(32, 0)",taxation,6,0.25,False,True,False
160,228-4,29050.9375,"(22, 48)",taxation,6,0.25,False,True,False
160,24-3,39387.125,"(47, 31)",taxation,6,0.25,False,True,False
160,9-3,41762.9375,"(46, 2)",taxation,6,0.25,False,True,False
160,39-3,34496.625,"(21, 46)",taxation,6,0.25,False,True,False
160,151-3,39293.1875,"(18, 7)",taxation,6,0.25,False,True,False
160,29-3,48982.9375,"(47, 2)",taxation,6,0.25,False,True,False
160,230-3,39340.0,"(7, 22)",taxation,6,0.25,False,True,False
160,131-3,48971.75,"(42, 30)",taxation,6,0.25,False,True,False
160,81-3,46592.6875,"(30, 0)",taxation,6,0.25,False,True,False
160,222-3,48970.125,"(11, 35)",taxation,6,0.25,False,True,False
160,171-3,48974.375,"(3, 24)",taxation,6,0.25,False,True,False
160,200-3,46554.5,"(35, 5)",taxation,6,0.25,False,True,False
160,238-3,48972.5,"(47, 30)",taxation,6,0.25,False,True,False
160,153-3,24837.25,"(13, 10)",taxation,6,0.25,False,True,False
160,197-3,39319.1875,"(17, 8)",taxation,6,0.25,False,True,False
160,139-4,44147.765625,"(19, 33)",taxation,6,0.25,False,True,False
160,204-3,53781.375,"(21, 49)",taxation,6,0.25,False,True,False
160,211-3,32069.8125,"(22, 42)",taxation,6,0.25,False,True,False
160,93-3,22432.0,"(10, 27)",taxation,6,0.25,False,True,False
160,101-3,48982.5625,"(18, 11)",taxation,6,0.25,False,True,False
160,213-3,48974.625,"(44, 23)",taxation,6,0.25,False,True,False
160,70-3,51372.0,"(18, 45)",taxation,6,0.25,False,True,False
160,239-3,48967.625,"(45, 2)",taxation,6,0.25,False,True,False
160,243-3,46550.125,"(22, 43)",taxation,6,0.25,False,True,False
160,192-3,44139.25,"(13, 9)",taxation,6,0.25,False,True,False
160,143-3,48949.3125,"(44, 10)",taxation,6,0.25,False,True,False
160,35-3,48971.875,"(47, 33)",taxation,6,0.25,False,True,False
160,3-3,29641.6875,"(6, 27)",taxation,6,0.25,False,True,False
160,181-3,48942.937500000015,"(14, 26)",taxation,6,0.25,False,True,False
160,105-3,44139.625,"(28, 48)",taxation,6,0.25,False,True,False
160,177-3,48996.3125,"(43, 1)",taxation,6,0.25,False,True,False
160,167-4,38704.734375,"(15, 15)",taxation,6,0.25,False,True,False
160,173-4,10391.8125,"(25, 34)",taxation,6,0.25,False,True,False
160,44-3,32062.0,"(14, 12)",taxation,6,0.25,False,True,False
160,216-3,53758.5,"(14, 11)",taxation,6,0.25,False,True,False
160,217-3,29665.375,"(13, 37)",taxation,6,0.25,False,True,False
160,138-3,51329.8125,"(21, 48)",taxation,6,0.25,False,True,False
160,75-4,35057.0625,"(10, 32)",taxation,6,0.25,False,True,False
161,158-3,47550.75,"(0, 35)",taxation,6,0.25,False,True,False
161,31-3,58822.625,"(9, 36)",taxation,6,0.25,False,True,False
161,179-3,42802.375,"(24, 38)",taxation,6,0.25,False,True,False
161,219-3,57229.75,"(26, 45)",taxation,6,0.25,False,True,False
161,98-3,26704.75,"(41, 19)",taxation,6,0.25,False,True,False
161,66-2,71698.75,"(43, 21)",taxation,6,0.25,False,True,False
161,210-2,78130.75,"(43, 19)",taxation,6,0.25,False,True,False
161,150-2,55596.25,"(18, 43)",taxation,6,0.25,False,True,False
161,154-3,23447.75,"(4, 31)",taxation,6,0.25,False,True,False
161,126-2,65279.75,"(48, 4)",taxation,6,0.25,False,True,False
161,28-3,45146.9375,"(19, 10)",taxation,6,0.25,False,True,False
161,146-3,20260.75,"(40, 7)",taxation,6,0.25,False,True,False
161,176-3,954.25,"(5, 33)",taxation,6,0.25,False,True,False
161,208-3,52399.9375,"(23, 41)",taxation,6,0.25,False,True,False
161,187-3,26654.25,"(19, 45)",taxation,6,0.25,False,True,False
161,140-3,982.75,"(15, 49)",taxation,6,0.25,False,True,False
161,149-3,44387.75,"(49, 28)",taxation,6,0.25,False,True,False
161,246-3,49195.75,"(44, 0)",taxation,6,0.25,False,True,False
161,12-2,62043.75,"(28, 4)",taxation,6,0.25,False,True,False
161,1-3,37939.1875,"(22, 7)",taxation,6,0.25,False,True,False
161,17-3,54005.375,"(39, 35)",taxation,6,0.25,False,True,False
161,67-2,49210.75,"(43, 5)",taxation,6,0.25,False,True,False
161,40-3,54008.75,"(22, 47)",taxation,6,0.25,False,True,False
161,23-3,53154.0,"(1, 27)",taxation,6,0.25,False,True,False
161,142-3,32272.8125,"(17, 49)",taxation,6,0.25,False,True,False
161,76-3,49171.562500000015,"(21, 14)",taxation,6,0.25,False,True,False
161,94-3,17031.5,"(13, 33)",taxation,6,0.25,False,True,False
161,241-3,46747.625,"(16, 40)",taxation,6,0.25,False,True,False
161,170-3,45198.3125,"(47, 1)",taxation,6,0.25,False,True,False
161,242-3,22656.9375,"(46, 0)",taxation,6,0.25,False,True,False
161,198-3,46786.625,"(48, 0)",taxation,6,0.25,False,True,False
161,10-3,51578.1875,"(18, 6)",taxation,6,0.25,False,True,False
161,172-3,53959.3125,"(12, 27)",taxation,6,0.25,False,True,False
161,189-3,44392.125,"(25, 5)",taxation,6,0.25,False,True,False
161,206-3,49951.4375,"(2, 35)",taxation,6,0.25,False,True,False
161,182-3,51523.1875,"(25, 45)",taxation,6,0.25,False,True,False
161,42-3,37142.625,"(15, 22)",taxation,6,0.25,False,True,False
161,148-3,39501.9375,"(9, 32)",taxation,6,0.25,False,True,False
161,0-3,34699.4375,"(19, 3)",taxation,6,0.25,False,True,False
161,212-3,51586.8125,"(45, 0)",taxation,6,0.25,False,True,False
161,225-3,51574.5625,"(17, 48)",taxation,6,0.25,False,True,False
161,6-3,56397.5,"(10, 31)",taxation,6,0.25,False,True,False
161,38-3,51551.125,"(18, 46)",taxation,6,0.25,False,True,False
161,54-3,49148.1875,"(16, 3)",taxation,6,0.25,False,True,False
161,63-3,46696.5625,"(19, 13)",taxation,6,0.25,False,True,False
161,144-3,49205.875,"(33, 41)",taxation,6,0.25,False,True,False
161,22-3,56376.75,"(18, 9)",taxation,6,0.25,False,True,False
161,162-3,51515.875,"(21, 41)",taxation,6,0.25,False,True,False
161,249-3,51618.75,"(15, 39)",taxation,6,0.25,False,True,False
161,180-3,49145.6875,"(41, 31)",taxation,6,0.25,False,True,False
161,83-3,53951.5625,"(16, 9)",taxation,6,0.25,False,True,False
161,133-3,44338.25,"(47, 5)",taxation,6,0.25,False,True,False
161,16-3,56392.125,"(1, 31)",taxation,6,0.25,False,True,False
161,51-3,51560.875,"(42, 15)",taxation,6,0.25,False,True,False
161,4-3,37071.6875,"(20, 45)",taxation,6,0.25,False,True,False
161,111-3,53947.6875,"(11, 37)",taxation,6,0.25,False,True,False
161,91-3,53972.0625,"(17, 3)",taxation,6,0.25,False,True,False
161,95-3,56384.875,"(45, 35)",taxation,6,0.25,False,True,False
161,106-3,46723.8125,"(40, 35)",taxation,6,0.25,False,True,False
161,56-3,49137.5625,"(28, 9)",taxation,6,0.25,False,True,False
161,71-3,53976.9375,"(19, 47)",taxation,6,0.25,False,True,False
161,226-3,49117.0625,"(17, 41)",taxation,6,0.25,False,True,False
161,205-3,25034.8125,"(25, 4)",taxation,6,0.25,False,True,False
161,165-3,58741.25,"(6, 36)",taxation,6,0.25,False,True,False
161,231-3,32260.8125,"(34, 32)",taxation,6,0.25,False,True,False
161,25-3,44311.25,"(15, 7)",taxation,6,0.25,False,True,False
161,137-3,44304.375,"(28, 40)",taxation,6,0.25,False,True,False
161,73-3,51539.6875,"(12, 37)",taxation,6,0.25,False,True,False
161,214-3,32220.25,"(23, 12)",taxation,6,0.25,False,True,False
161,21-3,46703.6875,"(1, 28)",taxation,6,0.25,False,True,False
161,201-3,34614.9375,"(44, 21)",taxation,6,0.25,False,True,False
161,169-3,39478.25,"(0, 30)",taxation,6,0.25,False,True,False
161,110-3,56370.75,"(12, 40)",taxation,6,0.25,False,True,False
161,183-3,34660.0625,"(22, 14)",taxation,6,0.25,False,True,False
161,125-3,53919.5,"(4, 30)",taxation,6,0.25,False,True,False
161,168-3,53970.875,"(20, 40)",taxation,6,0.25,False,True,False
161,156-3,37073.625,"(1, 35)",taxation,6,0.25,False,True,False
161,53-3,32253.6875,"(47, 0)",taxation,6,0.25,False,True,False
161,122-3,41874.6875,"(16, 7)",taxation,6,0.25,False,True,False
161,234-3,51489.125,"(14, 37)",taxation,6,0.25,False,True,False
161,134-3,49131.0,"(27, 5)",taxation,6,0.25,False,True,False
161,141-3,39493.375,"(29, 2)",taxation,6,0.25,False,True,False
161,145-3,51523.0,"(23, 8)",taxation,6,0.25,False,True,False
161,209-3,56380.625,"(14, 44)",taxation,6,0.25,False,True,False
161,247-3,44287.75,"(24, 41)",taxation,6,0.25,False,True,False
161,203-3,58746.6875,"(10, 36)",taxation,6,0.25,False,True,False
161,50-3,56342.125,"(3, 34)",taxation,6,0.25,False,True,False
161,45-3,51516.8125,"(23, 38)",taxation,6,0.25,False,True,False
161,78-3,46705.6875,"(18, 4)",taxation,6,0.25,False,True,False
161,147-3,49116.5625,"(46, 8)",taxation,6,0.25,False,True,False
161,193-3,44296.125,"(18, 49)",taxation,6,0.25,False,True,False
161,5-3,22569.625,"(43, 29)",taxation,6,0.25,False,True,False
161,175-3,41853.375,"(10, 25)",taxation,6,0.25,False,True,False
161,196-3,34631.0,"(8, 31)",taxation,6,0.25,False,True,False
161,112-3,53932.625,"(12, 46)",taxation,6,0.25,False,True,False
161,113-3,51493.0625,"(5, 28)",taxation,6,0.25,False,True,False
161,55-3,53913.9375,"(32, 42)",taxation,6,0.25,False,True,False
161,33-3,39422.9375,"(8, 27)",taxation,6,0.25,False,True,False
161,68-3,41872.3125,"(20, 14)",taxation,6,0.25,False,True,False
161,161-3,41870.5,"(8, 37)",taxation,6,0.25,False,True,False
161,100-3,49121.5625,"(37, 29)",taxation,6,0.25,False,True,False
161,155-3,51520.4375,"(40, 36)",taxation,6,0.25,False,True,False
161,41-3,53944.0,"(49, 32)",taxation,6,0.25,False,True,False
161,115-3,53917.3125,"(7, 32)",taxation,6,0.25,False,True,False
161,207-3,39447.8125,"(42, 7)",taxation,6,0.25,False,True,False
161,120-3,56311.5,"(15, 9)",taxation,6,0.25,False,True,False
161,11-3,39432.1875,"(21, 6)",taxation,6,0.25,False,True,False
161,102-3,34615.125,"(12, 41)",taxation,6,0.25,False,True,False
161,130-3,53885.125,"(0, 25)",taxation,6,0.25,False,True,False
161,103-3,49090.875,"(23, 46)",taxation,6,0.25,False,True,False
161,202-3,56337.5,"(23, 9)",taxation,6,0.25,False,True,False
161,164-3,51516.4375,"(47, 8)",taxation,6,0.25,False,True,False
161,2-3,49097.8125,"(15, 24)",taxation,6,0.25,False,True,False
161,186-3,46723.1875,"(32, 4)",taxation,6,0.25,False,True,False
161,85-3,44271.75,"(5, 29)",taxation,6,0.25,False,True,False
161,64-3,49048.0,"(25, 40)",taxation,6,0.25,False,True,False
161,188-3,49087.125,"(12, 43)",taxation,6,0.25,False,True,False
161,32-3,53891.8125,"(13, 39)",taxation,6,0.25,False,True,False
161,57-3,44255.6875,"(29, 45)",taxation,6,0.25,False,True,False
161,132-3,53910.3125,"(42, 6)",taxation,6,0.25,False,True,False
161,163-3,58700.5,"(1, 30)",taxation,6,0.25,False,True,False
161,19-3,51499.0,"(44, 20)",taxation,6,0.25,False,True,False
161,107-3,53856.875,"(15, 38)",taxation,6,0.25,False,True,False
161,221-3,46661.625,"(16, 38)",taxation,6,0.25,False,True,False
161,96-3,56317.375,"(15, 45)",taxation,6,0.25,False,True,False
161,92-3,53873.25,"(49, 33)",taxation,6,0.25,False,True,False
161,116-3,53916.125,"(48, 1)",taxation,6,0.25,False,True,False
161,13-3,46671.6875,"(13, 48)",taxation,6,0.25,False,True,False
161,174-3,53899.125,"(18, 10)",taxation,6,0.25,False,True,False
161,69-3,53851.875,"(16, 46)",taxation,6,0.25,False,True,False
161,184-3,49023.9375,"(13, 43)",taxation,6,0.25,False,True,False
161,237-3,39417.3125,"(11, 42)",taxation,6,0.25,False,True,False
161,90-3,44238.875,"(1, 33)",taxation,6,0.25,False,True,False
161,18-3,56303.3125,"(13, 36)",taxation,6,0.25,False,True,False
161,121-3,49096.0,"(16, 47)",taxation,6,0.25,False,True,False
161,30-3,56311.9375,"(46, 5)",taxation,6,0.25,False,True,False
161,97-3,39399.3125,"(12, 42)",taxation,6,0.25,False,True,False
161,229-3,53911.6875,"(20, 41)",taxation,6,0.25,False,True,False
161,27-3,44218.0625,"(22, 41)",taxation,6,0.25,False,True,False
161,117-3,44223.625,"(48, 33)",taxation,6,0.25,False,True,False
161,80-3,53858.625,"(20, 10)",taxation,6,0.25,False,True,False
161,166-3,46627.4375,"(13, 44)",taxation,6,0.25,False,True,False
161,86-3,49083.5,"(24, 46)",taxation,6,0.25,False,True,False
161,160-3,44221.75,"(5, 35)",taxation,6,0.25,False,True,False
161,233-3,46642.4375,"(12, 38)",taxation,6,0.25,False,True,False
161,235-3,49031.9375,"(21, 8)",taxation,6,0.25,False,True,False
161,48-3,51412.5,"(2, 30)",taxation,6,0.25,False,True,False
161,88-3,49054.0,"(20, 13)",taxation,6,0.25,False,True,False
161,52-3,37010.4375,"(49, 0)",taxation,6,0.25,False,True,False
161,58-3,51435.875,"(40, 28)",taxation,6,0.25,False,True,False
161,248-3,49049.1875,"(41, 6)",taxation,6,0.25,False,True,False
161,108-3,27337.6875,"(41, 7)",taxation,6,0.25,False,True,False
161,82-3,51457.125,"(15, 26)",taxation,6,0.25,False,True,False
161,236-3,49055.9375,"(30, 2)",taxation,6,0.25,False,True,False
161,104-3,46664.125,"(39, 34)",taxation,6,0.25,False,True,False
161,152-3,51440.1875,"(16, 30)",taxation,6,0.25,False,True,False
161,109-3,49063.875,"(16, 4)",taxation,6,0.25,False,True,False
161,72-3,56264.875,"(16, 6)",taxation,6,0.25,False,True,False
161,127-3,51437.5,"(17, 5)",taxation,6,0.25,False,True,False
161,61-3,58694.1875,"(43, 2)",taxation,6,0.25,False,True,False
161,232-3,29715.6875,"(13, 42)",taxation,6,0.25,False,True,False
161,65-3,56248.9375,"(49, 30)",taxation,6,0.25,False,True,False
161,124-3,46621.1875,"(17, 46)",taxation,6,0.25,False,True,False
161,62-3,49037.125,"(19, 28)",taxation,6,0.25,False,True,False
161,59-3,44210.9375,"(42, 8)",taxation,6,0.25,False,True,False
161,89-3,51455.0625,"(49, 34)",taxation,6,0.25,False,True,False
161,26-3,39394.5625,"(29, 4)",taxation,6,0.25,False,True,False
161,14-3,12867.875,"(48, 29)",taxation,6,0.25,False,True,False
161,194-3,44211.625,"(9, 38)",taxation,6,0.25,False,True,False
161,37-3,51453.0625,"(48, 32)",taxation,6,0.25,False,True,False
161,36-3,36984.4375,"(20, 46)",taxation,6,0.25,False,True,False
161,7-3,36995.375,"(48, 35)",taxation,6,0.25,False,True,False
161,47-3,34539.3125,"(16, 49)",taxation,6,0.25,False,True,False
161,223-3,34565.5,"(24, 40)",taxation,6,0.25,False,True,False
161,129-3,46642.5,"(3, 30)",taxation,6,0.25,False,True,False
161,77-3,41779.125,"(49, 22)",taxation,6,0.25,False,True,False
161,43-3,49016.8125,"(19, 49)",taxation,6,0.25,False,True,False
161,128-3,53867.25,"(23, 7)",taxation,6,0.25,False,True,False
161,79-3,46603.1875,"(3, 26)",taxation,6,0.25,False,True,False
161,199-3,56228.25,"(18, 42)",taxation,6,0.25,False,True,False
161,136-3,39382.375,"(9, 39)",taxation,6,0.25,False,True,False
161,99-3,46592.9375,"(45, 36)",taxation,6,0.25,False,True,False
161,84-3,49012.625,"(18, 5)",taxation,6,0.25,False,True,False
161,123-3,56265.5625,"(28, 45)",taxation,6,0.25,False,True,False
161,119-3,49004.75,"(48, 30)",taxation,6,0.25,False,True,False
161,46-3,34527.5,"(14, 16)",taxation,6,0.25,False,True,False
161,190-3,49015.0625,"(8, 38)",taxation,6,0.25,False,True,False
161,215-3,53859.625,"(43, 6)",taxation,6,0.25,False,True,False
161,220-3,53836.25,"(47, 29)",taxation,6,0.25,False,True,False
161,157-3,46590.1875,"(39, 36)",taxation,6,0.25,False,True,False
161,245-3,53810.0625,"(7, 31)",taxation,6,0.25,False,True,False
161,195-3,22466.9375,"(40, 5)",taxation,6,0.25,False,True,False
161,15-3,44188.0625,"(19, 9)",taxation,6,0.25,False,True,False
161,224-3,41769.3125,"(23, 42)",taxation,6,0.25,False,True,False
161,87-3,48983.625,"(18, 8)",taxation,6,0.25,False,True,False
161,135-3,49002.0625,"(16, 43)",taxation,6,0.25,False,True,False
161,8-3,49002.25,"(41, 30)",taxation,6,0.25,False,True,False
161,227-3,53820.375,"(29, 3)",taxation,6,0.25,False,True,False
161,178-3,53814.1875,"(45, 15)",taxation,6,0.25,False,True,False
161,114-3,56244.3125,"(14, 27)",taxation,6,0.25,False,True,False
161,118-3,53783.625,"(12, 32)",taxation,6,0.25,False,True,False
161,244-3,56227.875,"(32, 6)",taxation,6,0.25,False,True,False
161,34-3,44152.5,"(6, 31)",taxation,6,0.25,False,True,False
161,60-3,51399.4375,"(30, 46)",taxation,6,0.25,False,True,False
161,218-3,56250.125,"(10, 38)",taxation,6,0.25,False,True,False
161,49-3,46589.875,"(22, 37)",taxation,6,0.25,False,True,False
161,185-3,49023.125,"(29, 1)",taxation,6,0.25,False,True,False
161,228-4,29053.9375,"(18, 44)",taxation,6,0.25,False,True,False
161,24-3,39394.125,"(49, 31)",taxation,6,0.25,False,True,False
161,9-3,41771.9375,"(48, 2)",taxation,6,0.25,False,True,False
161,39-3,34500.625,"(15, 42)",taxation,6,0.25,False,True,False
161,151-3,39301.1875,"(21, 4)",taxation,6,0.25,False,True,False
161,29-3,48991.9375,"(49, 2)",taxation,6,0.25,False,True,False
161,230-3,39346.0,"(13, 27)",taxation,6,0.25,False,True,False
161,131-3,48978.75,"(48, 31)",taxation,6,0.25,False,True,False
161,81-3,46601.6875,"(29, 0)",taxation,6,0.25,False,True,False
161,222-3,48978.125,"(8, 36)",taxation,6,0.25,False,True,False
161,171-3,48979.375,"(4, 29)",taxation,6,0.25,False,True,False
161,200-3,46563.5,"(33, 5)",taxation,6,0.25,False,True,False
161,238-3,48978.5,"(49, 29)",taxation,6,0.25,False,True,False
161,153-3,24845.25,"(17, 4)",taxation,6,0.25,False,True,False
161,197-3,39327.1875,"(18, 3)",taxation,6,0.25,False,True,False
161,139-4,44153.765625,"(17, 30)",taxation,6,0.25,False,True,False
161,204-3,53786.375,"(18, 47)",taxation,6,0.25,False,True,False
161,211-3,32077.8125,"(17, 47)",taxation,6,0.25,False,True,False
161,93-3,22438.0,"(13, 28)",taxation,6,0.25,False,True,False
161,101-3,48991.5625,"(22, 6)",taxation,6,0.25,False,True,False
161,213-3,48982.625,"(43, 20)",taxation,6,0.25,False,True,False
161,70-3,51380.0,"(15, 47)",taxation,6,0.25,False,True,False
161,239-3,48976.625,"(49, 4)",taxation,6,0.25,False,True,False
161,243-3,46555.125,"(18, 40)",taxation,6,0.25,False,True,False
161,192-3,44146.25,"(19, 4)",taxation,6,0.25,False,True,False
161,143-3,48958.3125,"(43, 7)",taxation,6,0.25,False,True,False
161,35-3,48979.875,"(48, 34)",taxation,6,0.25,False,True,False
161,3-3,29647.6875,"(8, 32)",taxation,6,0.25,False,True,False
161,181-3,48948.937500000015,"(15, 27)",taxation,6,0.25,False,True,False
161,105-3,44140.625,"(29, 46)",taxation,6,0.25,False,True,False
161,177-3,49005.3125,"(44, 6)",taxation,6,0.25,False,True,False
161,167-4,38712.734375,"(21, 15)",taxation,6,0.25,False,True,False
161,173-4,10396.8125,"(20, 29)",taxation,6,0.25,False,True,False
161,44-3,32070.0,"(20, 7)",taxation,6,0.25,False,True,False
161,216-3,53764.5,"(17, 6)",taxation,6,0.25,False,True,False
161,217-3,29672.375,"(10, 40)",taxation,6,0.25,False,True,False
161,138-3,51333.8125,"(15, 46)",taxation,6,0.25,False,True,False
161,75-4,35065.0625,"(10, 35)",taxation,6,0.25,False,True,False
161,74-4,42915.0,"(14, 7)",taxation,6,0.25,False,True,False
161,191-3,56169.5625,"(12, 39)",taxation,6,0.25,False,True,False
161,240-4,12754.3125,"(16, 48)",taxation,6,0.25,False,True,False
161,20-3,46554.75,"(48, 3)",taxation,6,0.25,False,True,False
161,159-3,39321.375,"(5, 32)",taxation,6,0.25,False,True,False
162,31-3,58830.625,"(6, 37)",taxation,6,0.25,False,True,False
162,179-3,42807.375,"(20, 36)",taxation,6,0.25,False,True,False
162,219-3,57232.75,"(25, 39)",taxation,6,0.25,False,True,False
162,98-3,26713.75,"(43, 15)",taxation,6,0.25,False,True,False
162,210-2,78139.75,"(44, 14)",taxation,6,0.25,False,True,False
162,150-2,55603.25,"(13, 40)",taxation,6,0.25,False,True,False
162,154-3,23454.75,"(0, 37)",taxation,6,0.25,False,True,False
162,126-2,65289.75,"(49, 7)",taxation,6,0.25,False,True,False
162,28-3,45155.9375,"(24, 8)",taxation,6,0.25,False,True,False
162,176-3,963.25,"(0, 36)",taxation,6,0.25,False,True,False
162,208-3,52403.9375,"(25, 37)",taxation,6,0.25,False,True,False
162,187-3,26658.25,"(17, 43)",taxation,6,0.25,False,True,False
162,140-3,990.75,"(10, 48)",taxation,6,0.25,False,True,False
162,149-3,44394.75,"(49, 25)",taxation,6,0.25,False,True,False
162,246-3,49203.75,"(44, 5)",taxation,6,0.25,False,True,False
162,12-2,62053.75,"(28, 1)",taxation,6,0.25,False,True,False
162,1-3,37948.1875,"(24, 2)",taxation,6,0.25,False,True,False
162,17-3,54011.375,"(43, 33)",taxation,6,0.25,False,True,False
162,67-2,49220.75,"(48, 7)",taxation,6,0.25,False,True,False
162,40-3,54011.75,"(19, 41)",taxation,6,0.25,False,True,False
162,23-3,53160.0,"(1, 32)",taxation,6,0.25,False,True,False
162,142-3,32280.8125,"(11, 49)",taxation,6,0.25,False,True,False
162,76-3,49179.562500000015,"(23, 14)",taxation,6,0.25,False,True,False
162,94-3,17037.5,"(15, 34)",taxation,6,0.25,False,True,False
162,241-3,46752.625,"(10, 42)",taxation,6,0.25,False,True,False
162,242-3,22664.9375,"(43, 4)",taxation,6,0.25,False,True,False
162,198-3,46795.625,"(49, 3)",taxation,6,0.25,False,True,False
162,10-3,51587.1875,"(24, 4)",taxation,6,0.25,False,True,False
162,172-3,53965.3125,"(9, 33)",taxation,6,0.25,False,True,False
162,189-3,44402.125,"(28, 3)",taxation,6,0.25,False,True,False
162,206-3,49959.4375,"(2, 40)",taxation,6,0.25,False,True,False
162,182-3,51526.1875,"(21, 40)",taxation,6,0.25,False,True,False
162,42-3,37148.625,"(16, 23)",taxation,6,0.25,False,True,False
162,148-3,39508.9375,"(7, 38)",taxation,6,0.25,False,True,False
162,0-3,34708.4375,"(22, 2)",taxation,6,0.25,False,True,False
162,212-3,51592.8125,"(42, 5)",taxation,6,0.25,False,True,False
162,225-3,51579.5625,"(14, 48)",taxation,6,0.25,False,True,False
162,6-3,56404.5,"(4, 37)",taxation,6,0.25,False,True,False
162,38-3,51555.125,"(15, 44)",taxation,6,0.25,False,True,False
162,54-3,49157.1875,"(21, 3)",taxation,6,0.25,False,True,False
162,63-3,46704.5625,"(23, 13)",taxation,6,0.25,False,True,False
162,144-3,49209.875,"(36, 39)",taxation,6,0.25,False,True,False
162,22-3,56384.75,"(24, 9)",taxation,6,0.25,False,True,False
162,162-3,51520.875,"(16, 37)",taxation,6,0.25,False,True,False
162,249-3,51625.75,"(11, 39)",taxation,6,0.25,False,True,False
162,180-3,49152.6875,"(46, 32)",taxation,6,0.25,False,True,False
162,83-3,53959.5625,"(22, 12)",taxation,6,0.25,False,True,False
162,133-3,44347.25,"(47, 9)",taxation,6,0.25,False,True,False
162,16-3,56399.125,"(3, 36)",taxation,6,0.25,False,True,False
162,51-3,51569.875,"(42, 13)",taxation,6,0.25,False,True,False
162,4-3,37076.6875,"(14, 45)",taxation,6,0.25,False,True,False
162,111-3,53954.6875,"(6, 39)",taxation,6,0.25,False,True,False
162,91-3,53981.0625,"(21, 0)",taxation,6,0.25,False,True,False
162,95-3,56391.875,"(46, 33)",taxation,6,0.25,False,True,False
162,106-3,46729.8125,"(44, 33)",taxation,6,0.25,False,True,False
162,56-3,49146.5625,"(28, 7)",taxation,6,0.25,False,True,False
162,71-3,53981.9375,"(13, 45)",taxation,6,0.25,False,True,False
162,226-3,49124.0625,"(12, 44)",taxation,6,0.25,False,True,False
162,205-3,25044.8125,"(28, 2)",taxation,6,0.25,False,True,False
162,165-3,58749.25,"(5, 40)",taxation,6,0.25,False,True,False
162,231-3,32266.8125,"(36, 28)",taxation,6,0.25,False,True,False
162,25-3,44320.25,"(18, 2)",taxation,6,0.25,False,True,False
162,137-3,44308.375,"(29, 36)",taxation,6,0.25,False,True,False
162,73-3,51547.6875,"(6, 43)",taxation,6,0.25,False,True,False
162,214-3,32229.25,"(25, 12)",taxation,6,0.25,False,True,False
162,21-3,46710.6875,"(5, 34)",taxation,6,0.25,False,True,False
162,201-3,34623.9375,"(49, 15)",taxation,6,0.25,False,True,False
162,169-3,39486.25,"(4, 36)",taxation,6,0.25,False,True,False
162,110-3,56378.75,"(9, 42)",taxation,6,0.25,False,True,False
162,183-3,34669.0625,"(27, 9)",taxation,6,0.25,False,True,False
162,125-3,53926.5,"(4, 34)",taxation,6,0.25,False,True,False
162,168-3,53976.875,"(17, 34)",taxation,6,0.25,False,True,False
162,156-3,37081.625,"(1, 40)",taxation,6,0.25,False,True,False
162,53-3,32263.6875,"(49, 5)",taxation,6,0.25,False,True,False
162,122-3,41882.6875,"(19, 2)",taxation,6,0.25,False,True,False
162,234-3,51496.125,"(11, 38)",taxation,6,0.25,False,True,False
162,134-3,49140.0,"(26, 3)",taxation,6,0.25,False,True,False
162,141-3,39502.375,"(27, 2)",taxation,6,0.25,False,True,False
162,145-3,51532.0,"(26, 4)",taxation,6,0.25,False,True,False
162,209-3,56388.625,"(11, 46)",taxation,6,0.25,False,True,False
162,247-3,44291.75,"(19, 39)",taxation,6,0.25,False,True,False
162,203-3,58754.6875,"(8, 39)",taxation,6,0.25,False,True,False
162,50-3,56350.125,"(3, 40)",taxation,6,0.25,False,True,False
162,45-3,51522.8125,"(17, 35)",taxation,6,0.25,False,True,False
162,78-3,46714.6875,"(21, 1)",taxation,6,0.25,False,True,False
162,147-3,49126.5625,"(48, 8)",taxation,6,0.25,False,True,False
162,193-3,44303.125,"(13, 47)",taxation,6,0.25,False,True,False
162,5-3,22576.625,"(46, 27)",taxation,6,0.25,False,True,False
162,175-3,41859.375,"(11, 29)",taxation,6,0.25,False,True,False
162,196-3,34638.0,"(2, 37)",taxation,6,0.25,False,True,False
162,112-3,53940.625,"(8, 48)",taxation,6,0.25,False,True,False
162,113-3,51499.0625,"(4, 33)",taxation,6,0.25,False,True,False
162,55-3,53917.9375,"(32, 37)",taxation,6,0.25,False,True,False
162,33-3,39428.9375,"(8, 33)",taxation,6,0.25,False,True,False
162,68-3,41880.3125,"(22, 16)",taxation,6,0.25,False,True,False
162,161-3,41878.5,"(7, 41)",taxation,6,0.25,False,True,False
162,100-3,49128.5625,"(42, 23)",taxation,6,0.25,False,True,False
162,155-3,51527.4375,"(46, 34)",taxation,6,0.25,False,True,False
162,41-3,53950.0,"(46, 29)",taxation,6,0.25,False,True,False
162,115-3,53924.3125,"(7, 33)",taxation,6,0.25,False,True,False
162,207-3,39456.8125,"(41, 11)",taxation,6,0.25,False,True,False
162,120-3,56318.5,"(15, 5)",taxation,6,0.25,False,True,False
162,11-3,39441.1875,"(23, 6)",taxation,6,0.25,False,True,False
162,102-3,34623.125,"(7, 43)",taxation,6,0.25,False,True,False
162,130-3,53891.125,"(0, 31)",taxation,6,0.25,False,True,False
162,103-3,49094.875,"(17, 44)",taxation,6,0.25,False,True,False
162,202-3,56346.5,"(26, 10)",taxation,6,0.25,False,True,False
162,164-3,51526.4375,"(49, 8)",taxation,6,0.25,False,True,False
162,2-3,49103.8125,"(17, 24)",taxation,6,0.25,False,True,False
162,186-3,46733.1875,"(29, 5)",taxation,6,0.25,False,True,False
162,85-3,44277.75,"(4, 32)",taxation,6,0.25,False,True,False
162,64-3,49053.0,"(19, 35)",taxation,6,0.25,False,True,False
162,188-3,49095.125,"(10, 45)",taxation,6,0.25,False,True,False
162,32-3,53899.8125,"(7, 45)",taxation,6,0.25,False,True,False
162,57-3,44258.6875,"(32, 40)",taxation,6,0.25,False,True,False
162,132-3,53919.3125,"(45, 9)",taxation,6,0.25,False,True,False
162,163-3,58707.5,"(2, 33)",taxation,6,0.25,False,True,False
162,19-3,51508.0,"(47, 15)",taxation,6,0.25,False,True,False
162,107-3,53864.875,"(10, 41)",taxation,6,0.25,False,True,False
162,221-3,46667.625,"(10, 43)",taxation,6,0.25,False,True,False
162,96-3,56323.375,"(10, 46)",taxation,6,0.25,False,True,False
162,92-3,53879.25,"(45, 30)",taxation,6,0.25,False,True,False
162,116-3,53926.125,"(48, 6)",taxation,6,0.25,False,True,False
162,13-3,46679.6875,"(11, 48)",taxation,6,0.25,False,True,False
162,174-3,53908.125,"(23, 5)",taxation,6,0.25,False,True,False
162,69-3,53858.875,"(11, 40)",taxation,6,0.25,False,True,False
162,184-3,49031.9375,"(11, 44)",taxation,6,0.25,False,True,False
162,237-3,39425.3125,"(8, 46)",taxation,6,0.25,False,True,False
162,90-3,44246.875,"(2, 39)",taxation,6,0.25,False,True,False
162,18-3,56309.3125,"(10, 39)",taxation,6,0.25,False,True,False
162,121-3,49103.0,"(11, 43)",taxation,6,0.25,False,True,False
162,30-3,56321.9375,"(47, 7)",taxation,6,0.25,False,True,False
162,97-3,39407.3125,"(7, 44)",taxation,6,0.25,False,True,False
162,229-3,53916.6875,"(14, 43)",taxation,6,0.25,False,True,False
162,27-3,44222.0625,"(19, 38)",taxation,6,0.25,False,True,False
162,117-3,44230.625,"(48, 27)",taxation,6,0.25,False,True,False
162,80-3,53867.625,"(25, 6)",taxation,6,0.25,False,True,False
162,166-3,46635.4375,"(8, 47)",taxation,6,0.25,False,True,False
162,86-3,49087.5,"(19, 40)",taxation,6,0.25,False,True,False
162,160-3,44229.75,"(5, 38)",taxation,6,0.25,False,True,False
162,233-3,46650.4375,"(6, 42)",taxation,6,0.25,False,True,False
162,235-3,49040.9375,"(26, 6)",taxation,6,0.25,False,True,False
162,48-3,51419.5,"(2, 34)",taxation,6,0.25,False,True,False
162,88-3,49062.0,"(22, 13)",taxation,6,0.25,False,True,False
162,52-3,37012.4375,"(44, 2)",taxation,6,0.25,False,True,False
162,58-3,51442.875,"(40, 22)",taxation,6,0.25,False,True,False
162,248-3,49058.1875,"(42, 9)",taxation,6,0.25,False,True,False
162,108-3,27346.6875,"(39, 7)",taxation,6,0.25,False,True,False
162,82-3,51463.125,"(15, 25)",taxation,6,0.25,False,True,False
162,236-3,49064.9375,"(27, 1)",taxation,6,0.25,False,True,False
162,104-3,46670.125,"(43, 32)",taxation,6,0.25,False,True,False
162,152-3,51446.1875,"(10, 34)",taxation,6,0.25,False,True,False
162,109-3,49071.875,"(16, 1)",taxation,6,0.25,False,True,False
162,72-3,56272.875,"(17, 2)",taxation,6,0.25,False,True,False
162,127-3,51446.5,"(22, 1)",taxation,6,0.25,False,True,False
162,61-3,58701.1875,"(42, 4)",taxation,6,0.25,False,True,False
162,232-3,29723.6875,"(8, 45)",taxation,6,0.25,False,True,False
162,65-3,56255.9375,"(47, 25)",taxation,6,0.25,False,True,False
162,124-3,46628.1875,"(12, 45)",taxation,6,0.25,False,True,False
162,62-3,49043.125,"(19, 25)",taxation,6,0.25,False,True,False
162,59-3,44219.9375,"(41, 12)",taxation,6,0.25,False,True,False
162,89-3,51461.0625,"(46, 35)",taxation,6,0.25,False,True,False
162,26-3,39403.5625,"(27, 4)",taxation,6,0.25,False,True,False
162,14-3,12874.875,"(48, 28)",taxation,6,0.25,False,True,False
162,194-3,44219.625,"(6, 40)",taxation,6,0.25,False,True,False
162,37-3,51460.0625,"(48, 26)",taxation,6,0.25,False,True,False
162,36-3,36989.4375,"(14, 46)",taxation,6,0.25,False,True,False
162,7-3,37001.375,"(44, 31)",taxation,6,0.25,False,True,False
162,47-3,34547.3125,"(10, 49)",taxation,6,0.25,False,True,False
162,223-3,34569.5,"(21, 36)",taxation,6,0.25,False,True,False
162,129-3,46648.5,"(2, 32)",taxation,6,0.25,False,True,False
162,77-3,41787.125,"(47, 20)",taxation,6,0.25,False,True,False
162,43-3,49023.8125,"(13, 46)",taxation,6,0.25,False,True,False
162,128-3,53877.25,"(29, 6)",taxation,6,0.25,False,True,False
162,79-3,46609.1875,"(3, 32)",taxation,6,0.25,False,True,False
162,199-3,56233.25,"(13, 41)",taxation,6,0.25,False,True,False
162,136-3,39390.375,"(8, 41)",taxation,6,0.25,False,True,False
162,99-3,46598.9375,"(45, 33)",taxation,6,0.25,False,True,False
162,84-3,49021.625,"(22, 4)",taxation,6,0.25,False,True,False
162,123-3,56268.5625,"(30, 40)",taxation,6,0.25,False,True,False
162,119-3,49011.75,"(49, 26)",taxation,6,0.25,False,True,False
162,46-3,34534.5,"(20, 11)",taxation,6,0.25,False,True,False
162,190-3,49023.0625,"(4, 41)",taxation,6,0.25,False,True,False
162,215-3,53868.625,"(46, 9)",taxation,6,0.25,False,True,False
162,220-3,53843.25,"(46, 26)",taxation,6,0.25,False,True,False
162,157-3,46596.1875,"(44, 30)",taxation,6,0.25,False,True,False
162,245-3,53817.0625,"(3, 35)",taxation,6,0.25,False,True,False
162,195-3,22475.9375,"(43, 9)",taxation,6,0.25,False,True,False
162,15-3,44196.0625,"(24, 10)",taxation,6,0.25,False,True,False
162,224-3,41774.3125,"(21, 37)",taxation,6,0.25,False,True,False
162,87-3,48992.625,"(23, 2)",taxation,6,0.25,False,True,False
162,135-3,49010.0625,"(10, 44)",taxation,6,0.25,False,True,False
162,8-3,49009.25,"(43, 24)",taxation,6,0.25,False,True,False
162,227-3,53829.375,"(27, 3)",taxation,6,0.25,False,True,False
162,178-3,53823.1875,"(45, 14)",taxation,6,0.25,False,True,False
162,114-3,56250.3125,"(16, 26)",taxation,6,0.25,False,True,False
162,118-3,53790.625,"(9, 35)",taxation,6,0.25,False,True,False
162,244-3,56236.875,"(28, 6)",taxation,6,0.25,False,True,False
162,34-3,44158.5,"(6, 33)",taxation,6,0.25,False,True,False
162,60-3,51402.4375,"(31, 40)",taxation,6,0.25,False,True,False
162,218-3,56258.125,"(8, 42)",taxation,6,0.25,False,True,False
162,49-3,46594.875,"(24, 32)",taxation,6,0.25,False,True,False
162,185-3,49032.125,"(26, 1)",taxation,6,0.25,False,True,False
162,228-4,29058.9375,"(14, 47)",taxation,6,0.25,False,True,False
162,24-3,39401.125,"(47, 26)",taxation,6,0.25,False,True,False
162,9-3,41781.9375,"(49, 6)",taxation,6,0.25,False,True,False
162,39-3,34506.625,"(11, 41)",taxation,6,0.25,False,True,False
162,151-3,39310.1875,"(22, 3)",taxation,6,0.25,False,True,False
162,29-3,49000.9375,"(43, 8)",taxation,6,0.25,False,True,False
162,230-3,39352.0,"(17, 23)",taxation,6,0.25,False,True,False
162,131-3,48985.75,"(47, 27)",taxation,6,0.25,False,True,False
162,81-3,46610.6875,"(27, 0)",taxation,6,0.25,False,True,False
162,222-3,48986.125,"(7, 37)",taxation,6,0.25,False,True,False
162,171-3,48986.375,"(3, 33)",taxation,6,0.25,False,True,False
162,200-3,46572.5,"(29, 7)",taxation,6,0.25,False,True,False
162,238-3,48985.5,"(48, 25)",taxation,6,0.25,False,True,False
162,153-3,24854.25,"(21, 2)",taxation,6,0.25,False,True,False
162,197-3,39336.1875,"(23, 1)",taxation,6,0.25,False,True,False
162,139-4,44159.765625,"(16, 28)",taxation,6,0.25,False,True,False
162,204-3,53791.375,"(14, 49)",taxation,6,0.25,False,True,False
162,211-3,32082.8125,"(12, 49)",taxation,6,0.25,False,True,False
162,93-3,22444.0,"(16, 33)",taxation,6,0.25,False,True,False
162,101-3,49001.5625,"(28, 0)",taxation,6,0.25,False,True,False
162,213-3,48991.625,"(46, 14)",taxation,6,0.25,False,True,False
162,70-3,51388.0,"(11, 47)",taxation,6,0.25,False,True,False
162,239-3,48985.625,"(49, 9)",taxation,6,0.25,False,True,False
162,243-3,46561.125,"(16, 34)",taxation,6,0.25,False,True,False
162,192-3,44155.25,"(24, 3)",taxation,6,0.25,False,True,False
162,143-3,48968.3125,"(41, 8)",taxation,6,0.25,False,True,False
162,35-3,48985.875,"(46, 31)",taxation,6,0.25,False,True,False
162,3-3,29654.6875,"(6, 38)",taxation,6,0.25,False,True,False
162,181-3,48954.937500000015,"(18, 24)",taxation,6,0.25,False,True,False
162,105-3,44143.625,"(34, 41)",taxation,6,0.25,False,True,False
162,177-3,49014.3125,"(47, 10)",taxation,6,0.25,False,True,False
162,167-4,38720.734375,"(22, 15)",taxation,6,0.25,False,True,False
162,173-4,10402.8125,"(21, 24)",taxation,6,0.25,False,True,False
162,44-3,32079.0,"(23, 4)",taxation,6,0.25,False,True,False
162,216-3,53773.5,"(23, 3)",taxation,6,0.25,False,True,False
162,217-3,29680.375,"(6, 41)",taxation,6,0.25,False,True,False
162,138-3,51342.8125,"(13, 49)",taxation,6,0.25,False,True,False
162,75-4,35073.0625,"(5, 41)",taxation,6,0.25,False,True,False
162,74-4,42923.0,"(16, 2)",taxation,6,0.25,False,True,False
162,191-3,56177.5625,"(9, 43)",taxation,6,0.25,False,True,False
162,240-4,12760.3125,"(10, 47)",taxation,6,0.25,False,True,False
162,20-3,46563.75,"(48, 9)",taxation,6,0.25,False,True,False
162,159-3,39328.375,"(4, 38)",taxation,6,0.25,False,True,False
162,158-4,35669.0625,"(4, 35)",taxation,6,0.25,False,True,False
162,66-3,53780.8125,"(46, 15)",taxation,6,0.25,False,True,False
162,170-4,33904.734375,"(46, 4)",taxation,6,0.25,False,True,False
162,146-4,15202.3125,"(39, 11)",taxation,6,0.25,False,True,False
163,31-3,58838.625,"(4, 40)",taxation,6,0.25,False,True,False
163,179-3,42812.375,"(17, 33)",taxation,6,0.25,False,True,False
163,98-3,26723.75,"(45, 13)",taxation,6,0.25,False,True,False
163,150-2,55610.25,"(9, 44)",taxation,6,0.25,False,True,False
163,154-3,23463.75,"(0, 41)",taxation,6,0.25,False,True,False
163,126-2,65297.75,"(44, 12)",taxation,6,0.25,False,True,False
163,28-3,45164.9375,"(25, 8)",taxation,6,0.25,False,True,False
163,176-3,970.25,"(0, 34)",taxation,6,0.25,False,True,False
163,187-3,26664.25,"(11, 45)",taxation,6,0.25,False,True,False
163,149-3,44403.75,"(46, 20)",taxation,6,0.25,False,True,False
163,246-3,49211.75,"(45, 11)",taxation,6,0.25,False,True,False
163,12-2,62062.75,"(30, 4)",taxation,6,0.25,False,True,False
163,1-3,37956.1875,"(22, 5)",taxation,6,0.25,False,True,False
163,17-3,54018.375,"(43, 28)",taxation,6,0.25,False,True,False
163,67-2,49230.75,"(48, 10)",taxation,6,0.25,False,True,False
163,40-3,54015.75,"(18, 41)",taxation,6,0.25,False,True,False
163,23-3,53167.0,"(0, 32)",taxation,6,0.25,False,True,False
163,142-3,32287.8125,"(9, 49)",taxation,6,0.25,False,True,False
163,76-3,49188.562500000015,"(26, 13)",taxation,6,0.25,False,True,False
163,94-3,17043.5,"(11, 34)",taxation,6,0.25,False,True,False
163,241-3,46761.625,"(6, 46)",taxation,6,0.25,False,True,False
163,242-3,22672.9375,"(39, 9)",taxation,6,0.25,False,True,False
163,10-3,51596.1875,"(27, 8)",taxation,6,0.25,False,True,False
163,172-3,53972.3125,"(4, 39)",taxation,6,0.25,False,True,False
163,189-3,44411.125,"(30, 5)",taxation,6,0.25,False,True,False
163,206-3,49968.4375,"(2, 41)",taxation,6,0.25,False,True,False
163,182-3,51531.1875,"(17, 38)",taxation,6,0.25,False,True,False
163,42-3,37155.625,"(21, 19)",taxation,6,0.25,False,True,False
163,148-3,39516.9375,"(2, 43)",taxation,6,0.25,False,True,False
163,0-3,34717.4375,"(18, 0)",taxation,6,0.25,False,True,False
163,212-3,51602.8125,"(46, 11)",taxation,6,0.25,False,True,False
163,225-3,51583.5625,"(15, 48)",taxation,6,0.25,False,True,False
163,6-3,56411.5,"(1, 42)",taxation,6,0.25,False,True,False
163,38-3,51562.125,"(9, 47)",taxation,6,0.25,False,True,False
163,54-3,49167.1875,"(23, 0)",taxation,6,0.25,False,True,False
163,63-3,46713.5625,"(24, 13)",taxation,6,0.25,False,True,False
163,144-3,49215.875,"(41, 36)",taxation,6,0.25,False,True,False
163,22-3,56393.75,"(25, 9)",taxation,6,0.25,False,True,False
163,162-3,51526.875,"(13, 34)",taxation,6,0.25,False,True,False
163,249-3,51634.75,"(6, 44)",taxation,6,0.25,False,True,False
163,180-3,49159.6875,"(47, 28)",taxation,6,0.25,False,True,False
163,83-3,53968.5625,"(25, 14)",taxation,6,0.25,False,True,False
163,133-3,44357.25,"(48, 11)",taxation,6,0.25,False,True,False
163,16-3,56407.125,"(3, 39)",taxation,6,0.25,False,True,False
163,51-3,51578.875,"(41, 15)",taxation,6,0.25,False,True,False
163,4-3,37081.6875,"(12, 47)",taxation,6,0.25,False,True,False
163,111-3,53962.6875,"(0, 45)",taxation,6,0.25,False,True,False
163,91-3,53990.0625,"(20, 0)",taxation,6,0.25,False,True,False
163,95-3,56398.875,"(45, 28)",taxation,6,0.25,False,True,False
163,106-3,46736.8125,"(44, 29)",taxation,6,0.25,False,True,False
163,56-3,49155.5625,"(30, 10)",taxation,6,0.25,False,True,False
163,71-3,53990.9375,"(7, 47)",taxation,6,0.25,False,True,False
163,226-3,49131.0625,"(8, 44)",taxation,6,0.25,False,True,False
163,205-3,25053.8125,"(31, 7)",taxation,6,0.25,False,True,False
163,165-3,58757.25,"(2, 44)",taxation,6,0.25,False,True,False
163,231-3,32273.8125,"(35, 26)",taxation,6,0.25,False,True,False
163,25-3,44329.25,"(18, 1)",taxation,6,0.25,False,True,False
163,137-3,44314.375,"(29, 30)",taxation,6,0.25,False,True,False
163,73-3,51555.6875,"(1, 46)",taxation,6,0.25,False,True,False
163,214-3,32238.25,"(24, 12)",taxation,6,0.25,False,True,False
163,21-3,46717.6875,"(5, 36)",taxation,6,0.25,False,True,False
163,201-3,34632.9375,"(49, 16)",taxation,6,0.25,False,True,False
163,169-3,39493.25,"(2, 42)",taxation,6,0.25,False,True,False
163,110-3,56386.75,"(5, 42)",taxation,6,0.25,False,True,False
163,183-3,34678.0625,"(27, 10)",taxation,6,0.25,False,True,False
163,125-3,53933.5,"(3, 37)",taxation,6,0.25,False,True,False
163,168-3,53982.875,"(12, 34)",taxation,6,0.25,False,True,False
163,156-3,37089.625,"(0, 43)",taxation,6,0.25,False,True,False
163,53-3,32271.6875,"(45, 10)",taxation,6,0.25,False,True,False
163,122-3,41891.6875,"(19, 1)",taxation,6,0.25,False,True,False
163,234-3,51502.125,"(10, 37)",taxation,6,0.25,False,True,False
163,134-3,49150.0,"(26, 0)",taxation,6,0.25,False,True,False
163,141-3,39511.375,"(26, 7)",taxation,6,0.25,False,True,False
163,145-3,51541.0,"(25, 3)",taxation,6,0.25,False,True,False
163,209-3,56397.625,"(7, 46)",taxation,6,0.25,False,True,False
163,247-3,44295.75,"(20, 39)",taxation,6,0.25,False,True,False
163,203-3,58761.6875,"(5, 39)",taxation,6,0.25,False,True,False
163,50-3,56358.125,"(1, 44)",taxation,6,0.25,False,True,False
163,45-3,51528.8125,"(15, 31)",taxation,6,0.25,False,True,False
163,78-3,46724.6875,"(24, 0)",taxation,6,0.25,False,True,False
163,147-3,49130.5625,"(44, 11)",taxation,6,0.25,False,True,False
163,193-3,44309.125,"(7, 49)",taxation,6,0.25,False,True,False
163,5-3,22584.625,"(47, 24)",taxation,6,0.25,False,True,False
163,175-3,41865.375,"(12, 29)",taxation,6,0.25,False,True,False
163,196-3,34646.0,"(0, 40)",taxation,6,0.25,False,True,False
163,112-3,53948.625,"(2, 48)",taxation,6,0.25,False,True,False
163,113-3,51505.0625,"(3, 31)",taxation,6,0.25,False,True,False
163,55-3,53923.9375,"(33, 31)",taxation,6,0.25,False,True,False
163,33-3,39435.9375,"(5, 37)",taxation,6,0.25,False,True,False
163,68-3,41889.3125,"(23, 16)",taxation,6,0.25,False,True,False
163,161-3,41886.5,"(1, 45)",taxation,6,0.25,False,True,False
163,100-3,49137.5625,"(44, 19)",taxation,6,0.25,False,True,False
163,155-3,51534.4375,"(42, 28)",taxation,6,0.25,False,True,False
163,41-3,53958.0,"(46, 24)",taxation,6,0.25,False,True,False
163,115-3,53931.3125,"(2, 38)",taxation,6,0.25,False,True,False
163,207-3,39466.8125,"(46, 13)",taxation,6,0.25,False,True,False
163,120-3,56326.5,"(16, 5)",taxation,6,0.25,False,True,False
163,11-3,39451.1875,"(26, 2)",taxation,6,0.25,False,True,False
163,102-3,34631.125,"(2, 46)",taxation,6,0.25,False,True,False
163,130-3,53898.125,"(0, 33)",taxation,6,0.25,False,True,False
163,103-3,49099.875,"(14, 42)",taxation,6,0.25,False,True,False
163,202-3,56355.5,"(25, 10)",taxation,6,0.25,False,True,False
163,164-3,51536.4375,"(49, 12)",taxation,6,0.25,False,True,False
163,2-3,49110.8125,"(23, 20)",taxation,6,0.25,False,True,False
163,186-3,46742.1875,"(29, 10)",taxation,6,0.25,False,True,False
163,85-3,44284.75,"(6, 35)",taxation,6,0.25,False,True,False
163,64-3,49059.0,"(21, 29)",taxation,6,0.25,False,True,False
163,188-3,49103.125,"(4, 46)",taxation,6,0.25,False,True,False
163,32-3,53907.8125,"(2, 47)",taxation,6,0.25,False,True,False
163,57-3,44263.6875,"(33, 37)",taxation,6,0.25,False,True,False
163,132-3,53929.3125,"(46, 12)",taxation,6,0.25,False,True,False
163,163-3,58715.5,"(0, 38)",taxation,6,0.25,False,True,False
163,19-3,51518.0,"(47, 13)",taxation,6,0.25,False,True,False
163,107-3,53870.875,"(8, 40)",taxation,6,0.25,False,True,False
163,221-3,46674.625,"(4, 44)",taxation,6,0.25,False,True,False
163,96-3,56330.375,"(6, 48)",taxation,6,0.25,False,True,False
163,92-3,53886.25,"(45, 27)",taxation,6,0.25,False,True,False
163,116-3,53936.125,"(49, 10)",taxation,6,0.25,False,True,False
163,13-3,46687.6875,"(5, 46)",taxation,6,0.25,False,True,False
163,174-3,53917.125,"(24, 5)",taxation,6,0.25,False,True,False
163,69-3,53864.875,"(9, 37)",taxation,6,0.25,False,True,False
163,184-3,49038.9375,"(5, 45)",taxation,6,0.25,False,True,False
163,237-3,39434.3125,"(3, 42)",taxation,6,0.25,False,True,False
163,90-3,44254.875,"(0, 44)",taxation,6,0.25,False,True,False
163,18-3,56316.3125,"(7, 40)",taxation,6,0.25,False,True,False
163,121-3,49110.0,"(6, 49)",taxation,6,0.25,False,True,False
163,30-3,56330.9375,"(41, 10)",taxation,6,0.25,False,True,False
163,97-3,39416.3125,"(6, 45)",taxation,6,0.25,False,True,False
163,229-3,53922.6875,"(9, 41)",taxation,6,0.25,False,True,False
163,27-3,44227.0625,"(14, 41)",taxation,6,0.25,False,True,False
163,117-3,44238.625,"(47, 23)",taxation,6,0.25,False,True,False
163,80-3,53876.625,"(26, 8)",taxation,6,0.25,False,True,False
163,166-3,46643.4375,"(3, 49)",taxation,6,0.25,False,True,False
163,86-3,49092.5,"(20, 35)",taxation,6,0.25,False,True,False
163,160-3,44237.75,"(0, 39)",taxation,6,0.25,False,True,False
163,233-3,46658.4375,"(4, 45)",taxation,6,0.25,False,True,False
163,235-3,49050.9375,"(25, 1)",taxation,6,0.25,False,True,False
163,48-3,51427.5,"(1, 39)",taxation,6,0.25,False,True,False
163,88-3,49071.0,"(27, 11)",taxation,6,0.25,False,True,False
163,52-3,37019.4375,"(38, 8)",taxation,6,0.25,False,True,False
163,58-3,51451.875,"(41, 18)",taxation,6,0.25,False,True,False
163,248-3,49067.1875,"(41, 9)",taxation,6,0.25,False,True,False
163,108-3,27356.6875,"(44, 13)",taxation,6,0.25,False,True,False
163,82-3,51470.125,"(18, 23)",taxation,6,0.25,False,True,False
163,236-3,49073.9375,"(25, 0)",taxation,6,0.25,False,True,False
163,104-3,46677.125,"(42, 27)",taxation,6,0.25,False,True,False
163,152-3,51453.1875,"(9, 34)",taxation,6,0.25,False,True,False
163,109-3,49080.875,"(16, 0)",taxation,6,0.25,False,True,False
163,72-3,56281.875,"(17, 1)",taxation,6,0.25,False,True,False
163,127-3,51455.5,"(19, 0)",taxation,6,0.25,False,True,False
163,61-3,58709.1875,"(39, 8)",taxation,6,0.25,False,True,False
163,232-3,29731.6875,"(3, 48)",taxation,6,0.25,False,True,False
163,65-3,56264.9375,"(49, 19)",taxation,6,0.25,False,True,False
163,124-3,46635.1875,"(9, 45)",taxation,6,0.25,False,True,False
163,62-3,49050.125,"(19, 23)",taxation,6,0.25,False,True,False
163,59-3,44229.9375,"(47, 12)",taxation,6,0.25,False,True,False
163,89-3,51468.0625,"(40, 29)",taxation,6,0.25,False,True,False
163,26-3,39412.5625,"(26, 5)",taxation,6,0.25,False,True,False
163,14-3,12882.875,"(49, 24)",taxation,6,0.25,False,True,False
163,194-3,44228.625,"(1, 41)",taxation,6,0.25,False,True,False
163,37-3,51468.0625,"(48, 23)",taxation,6,0.25,False,True,False
163,36-3,36995.4375,"(9, 40)",taxation,6,0.25,False,True,False
163,7-3,37008.375,"(42, 29)",taxation,6,0.25,False,True,False
163,47-3,34555.3125,"(5, 49)",taxation,6,0.25,False,True,False
163,223-3,34575.5,"(23, 30)",taxation,6,0.25,False,True,False
163,129-3,46656.5,"(1, 38)",taxation,6,0.25,False,True,False
163,77-3,41796.125,"(47, 19)",taxation,6,0.25,False,True,False
163,43-3,49030.8125,"(9, 46)",taxation,6,0.25,False,True,False
163,128-3,53886.25,"(30, 6)",taxation,6,0.25,False,True,False
163,79-3,46616.1875,"(1, 34)",taxation,6,0.25,False,True,False
163,199-3,56240.25,"(7, 42)",taxation,6,0.25,False,True,False
163,136-3,39398.375,"(5, 43)",taxation,6,0.25,False,True,False
163,99-3,46605.9375,"(44, 28)",taxation,6,0.25,False,True,False
163,84-3,49030.625,"(24, 6)",taxation,6,0.25,False,True,False
163,123-3,56273.5625,"(30, 36)",taxation,6,0.25,False,True,False
163,119-3,49019.75,"(49, 23)",taxation,6,0.25,False,True,False
163,46-3,34543.5,"(24, 7)",taxation,6,0.25,False,True,False
163,190-3,49031.0625,"(1, 43)",taxation,6,0.25,False,True,False
163,215-3,53877.625,"(49, 14)",taxation,6,0.25,False,True,False
163,220-3,53851.25,"(46, 23)",taxation,6,0.25,False,True,False
163,157-3,46604.1875,"(46, 25)",taxation,6,0.25,False,True,False
163,245-3,53824.0625,"(1, 37)",taxation,6,0.25,False,True,False
163,195-3,22484.9375,"(40, 15)",taxation,6,0.25,False,True,False
163,15-3,44205.0625,"(24, 11)",taxation,6,0.25,False,True,False
163,224-3,41779.3125,"(18, 32)",taxation,6,0.25,False,True,False
163,87-3,49001.625,"(25, 2)",taxation,6,0.25,False,True,False
163,135-3,49018.0625,"(4, 48)",taxation,6,0.25,False,True,False
163,8-3,49018.25,"(45, 19)",taxation,6,0.25,False,True,False
163,227-3,53838.375,"(27, 7)",taxation,6,0.25,False,True,False
163,178-3,53833.1875,"(48, 13)",taxation,6,0.25,False,True,False
163,114-3,56257.3125,"(22, 20)",taxation,6,0.25,False,True,False
163,118-3,53799.625,"(3, 41)",taxation,6,0.25,False,True,False
163,244-3,56245.875,"(27, 6)",taxation,6,0.25,False,True,False
163,34-3,44165.5,"(6, 34)",taxation,6,0.25,False,True,False
163,60-3,51407.4375,"(31, 36)",taxation,6,0.25,False,True,False
163,218-3,56267.125,"(5, 44)",taxation,6,0.25,False,True,False
163,49-3,46600.875,"(22, 29)",taxation,6,0.25,False,True,False
163,185-3,49041.125,"(31, 3)",taxation,6,0.25,False,True,False
163,228-4,29067.9375,"(8, 49)",taxation,6,0.25,False,True,False
163,24-3,39409.125,"(48, 24)",taxation,6,0.25,False,True,False
163,9-3,41791.9375,"(49, 11)",taxation,6,0.25,False,True,False
163,39-3,34513.625,"(8, 43)",taxation,6,0.25,False,True,False
163,151-3,39319.1875,"(28, 8)",taxation,6,0.25,False,True,False
163,29-3,49010.9375,"(47, 11)",taxation,6,0.25,False,True,False
163,230-3,39360.0,"(23, 17)",taxation,6,0.25,False,True,False
163,131-3,48993.75,"(45, 24)",taxation,6,0.25,False,True,False
163,81-3,46618.6875,"(28, 5)",taxation,6,0.25,False,True,False
163,222-3,48993.125,"(3, 43)",taxation,6,0.25,False,True,False
163,171-3,48994.375,"(3, 38)",taxation,6,0.25,False,True,False
163,200-3,46581.5,"(29, 8)",taxation,6,0.25,False,True,False
163,238-3,48994.5,"(48, 19)",taxation,6,0.25,False,True,False
163,153-3,24862.25,"(20, 2)",taxation,6,0.25,False,True,False
163,197-3,39345.1875,"(22, 0)",taxation,6,0.25,False,True,False
163,139-4,44166.765625,"(20, 23)",taxation,6,0.25,False,True,False
163,204-3,53796.375,"(12, 48)",taxation,6,0.25,False,True,False
163,211-3,32091.8125,"(7, 48)",taxation,6,0.25,False,True,False
163,93-3,22450.0,"(14, 30)",taxation,6,0.25,False,True,False
163,101-3,49009.5625,"(31, 4)",taxation,6,0.25,False,True,False
163,213-3,49000.625,"(48, 15)",taxation,6,0.25,False,True,False
163,70-3,51395.0,"(9, 48)",taxation,6,0.25,False,True,False
163,239-3,48995.625,"(49, 13)",taxation,6,0.25,False,True,False
163,243-3,46567.125,"(16, 32)",taxation,6,0.25,False,True,False
163,192-3,44163.25,"(21, 5)",taxation,6,0.25,False,True,False
163,143-3,48977.3125,"(38, 13)",taxation,6,0.25,False,True,False
163,35-3,48992.875,"(45, 29)",taxation,6,0.25,False,True,False
163,3-3,29663.6875,"(4, 42)",taxation,6,0.25,False,True,False
163,181-3,48961.937500000015,"(20, 19)",taxation,6,0.25,False,True,False
163,105-3,44148.625,"(35, 37)",taxation,6,0.25,False,True,False
163,177-3,49023.3125,"(48, 14)",taxation,6,0.25,False,True,False
163,167-4,38729.734375,"(23, 15)",taxation,6,0.25,False,True,False
163,173-4,10409.8125,"(21, 23)",taxation,6,0.25,False,True,False
163,44-3,32088.0,"(20, 1)",taxation,6,0.25,False,True,False
163,216-3,53783.5,"(24, 1)",taxation,6,0.25,False,True,False
163,217-3,29688.375,"(3, 46)",taxation,6,0.25,False,True,False
163,138-3,51345.8125,"(19, 46)",taxation,6,0.25,False,True,False
163,75-4,35082.0625,"(4, 43)",taxation,6,0.25,False,True,False
163,74-4,42932.0,"(17, 0)",taxation,6,0.25,False,True,False
163,191-3,56185.5625,"(4, 47)",taxation,6,0.25,False,True,False
163,240-4,12768.3125,"(5, 47)",taxation,6,0.25,False,True,False
163,20-3,46573.75,"(48, 12)",taxation,6,0.25,False,True,False
163,159-3,39336.375,"(0, 42)",taxation,6,0.25,False,True,False
163,158-4,35675.0625,"(2, 36)",taxation,6,0.25,False,True,False
163,66-3,53790.8125,"(47, 14)",taxation,6,0.25,False,True,False
163,170-4,33908.734375,"(44, 7)",taxation,6,0.25,False,True,False
163,146-4,15211.3125,"(37, 13)",taxation,6,0.25,False,True,False
163,208-4,39306.703125,"(26, 34)",taxation,6,0.25,False,True,False
163,219-4,42928.3125,"(27, 34)",taxation,6,0.25,False,True,False
163,140-4,749.0625,"(5, 48)",taxation,6,0.25,False,True,False
163,210-3,58611.5625,"(44, 15)",taxation,6,0.25,False,True,False
163,198-4,35099.71875,"(45, 7)",taxation,6,0.25,False,True,False
164,98-3,26733.75,"(45, 18)",taxation,6,0.25,False,True,False
164,150-2,55613.25,"(14, 39)",taxation,6,0.25,False,True,False
164,154-3,23471.75,"(2, 45)",taxation,6,0.25,False,True,False
164,126-2,65305.75,"(42, 17)",taxation,6,0.25,False,True,False
164,28-3,45173.9375,"(27, 13)",taxation,6,0.25,False,True,False
164,176-3,977.25,"(3, 29)",taxation,6,0.25,False,True,False
164,149-3,44412.75,"(45, 20)",taxation,6,0.25,False,True,False
164,12-2,62070.75,"(33, 8)",taxation,6,0.25,False,True,False
164,1-3,37964.1875,"(21, 10)",taxation,6,0.25,False,True,False
164,17-3,54027.375,"(45, 22)",taxation,6,0.25,False,True,False
164,67-2,49239.75,"(43, 16)",taxation,6,0.25,False,True,False
164,40-3,54021.75,"(12, 35)",taxation,6,0.25,False,True,False
164,142-3,32289.8125,"(13, 48)",taxation,6,0.25,False,True,False
164,76-3,49197.562500000015,"(26, 14)",taxation,6,0.25,False,True,False
164,94-3,17050.5,"(8, 28)",taxation,6,0.25,False,True,False
164,241-3,46769.625,"(3, 47)",taxation,6,0.25,False,True,False
164,242-3,22680.9375,"(40, 11)",taxation,6,0.25,False,True,False
164,10-3,51605.1875,"(25, 7)",taxation,6,0.25,False,True,False
164,172-3,53980.3125,"(3, 44)",taxation,6,0.25,False,True,False
164,189-3,44420.125,"(31, 5)",taxation,6,0.25,False,True,False
164,206-3,49970.4375,"(5, 35)",taxation,6,0.25,False,True,False
164,182-3,51536.1875,"(20, 38)",taxation,6,0.25,False,True,False
164,42-3,37164.625,"(24, 17)",taxation,6,0.25,False,True,False
164,148-3,39518.9375,"(8, 37)",taxation,6,0.25,False,True,False
164,0-3,34726.4375,"(20, 3)",taxation,6,0.25,False,True,False
164,212-3,51612.8125,"(48, 16)",taxation,6,0.25,False,True,False
164,225-3,51587.5625,"(19, 44)",taxation,6,0.25,False,True,False
164,6-3,56412.5,"(5, 40)",taxation,6,0.25,False,True,False
164,38-3,51564.125,"(14, 44)",taxation,6,0.25,False,True,False
164,54-3,49169.1875,"(21, 4)",taxation,6,0.25,False,True,False
164,63-3,46722.5625,"(24, 14)",taxation,6,0.25,False,True,False
164,144-3,49222.875,"(42, 35)",taxation,6,0.25,False,True,False
164,22-3,56402.75,"(28, 13)",taxation,6,0.25,False,True,False
164,162-3,51532.875,"(12, 30)",taxation,6,0.25,False,True,False
164,249-3,51636.75,"(12, 42)",taxation,6,0.25,False,True,False
164,180-3,49168.6875,"(47, 22)",taxation,6,0.25,False,True,False
164,83-3,53977.5625,"(25, 15)",taxation,6,0.25,False,True,False
164,133-3,44367.25,"(48, 17)",taxation,6,0.25,False,True,False
164,16-3,56413.125,"(8, 34)",taxation,6,0.25,False,True,False
164,51-3,51588.875,"(39, 17)",taxation,6,0.25,False,True,False
164,4-3,37084.6875,"(16, 45)",taxation,6,0.25,False,True,False
164,111-3,53963.6875,"(2, 39)",taxation,6,0.25,False,True,False
164,91-3,53998.0625,"(20, 6)",taxation,6,0.25,False,True,False
164,95-3,56407.875,"(45, 23)",taxation,6,0.25,False,True,False
164,106-3,46744.8125,"(44, 26)",taxation,6,0.25,False,True,False
164,56-3,49164.5625,"(30, 13)",taxation,6,0.25,False,True,False
164,71-3,53992.9375,"(13, 42)",taxation,6,0.25,False,True,False
164,226-3,49134.0625,"(14, 40)",taxation,6,0.25,False,True,False
164,205-3,25062.8125,"(32, 8)",taxation,6,0.25,False,True,False
164,165-3,58758.25,"(2, 40)",taxation,6,0.25,False,True,False
164,231-3,32282.8125,"(38, 21)",taxation,6,0.25,False,True,False
164,25-3,44332.25,"(18, 7)",taxation,6,0.25,False,True,False
164,137-3,44322.375,"(34, 27)",taxation,6,0.25,False,True,False
164,73-3,51564.6875,"(1, 47)",taxation,6,0.25,False,True,False
164,214-3,32247.25,"(25, 13)",taxation,6,0.25,False,True,False
164,21-3,46724.6875,"(8, 30)",taxation,6,0.25,False,True,False
164,201-3,34641.9375,"(46, 21)",taxation,6,0.25,False,True,False
164,169-3,39495.25,"(8, 36)",taxation,6,0.25,False,True,False
164,110-3,56389.75,"(11, 36)",taxation,6,0.25,False,True,False
164,183-3,34687.0625,"(29, 11)",taxation,6,0.25,False,True,False
164,125-3,53940.5,"(7, 39)",taxation,6,0.25,False,True,False
164,168-3,53989.875,"(11, 33)",taxation,6,0.25,False,True,False
164,156-3,37090.625,"(5, 41)",taxation,6,0.25,False,True,False
164,53-3,32278.6875,"(40, 14)",taxation,6,0.25,False,True,False
164,122-3,41894.6875,"(19, 7)",taxation,6,0.25,False,True,False
164,234-3,51508.125,"(8, 35)",taxation,6,0.25,False,True,False
164,134-3,49157.0,"(32, 5)",taxation,6,0.25,False,True,False
164,141-3,39520.375,"(28, 11)",taxation,6,0.25,False,True,False
164,145-3,51549.0,"(26, 9)",taxation,6,0.25,False,True,False
164,209-3,56399.625,"(12, 41)",taxation,6,0.25,False,True,False
164,247-3,44300.75,"(21, 39)",taxation,6,0.25,False,True,False
164,203-3,58764.6875,"(11, 35)",taxation,6,0.25,False,True,False
164,50-3,56359.125,"(3, 40)",taxation,6,0.25,False,True,False
164,45-3,51535.8125,"(16, 25)",taxation,6,0.25,False,True,False
164,78-3,46733.6875,"(20, 5)",taxation,6,0.25,False,True,False
164,147-3,49140.5625,"(43, 17)",taxation,6,0.25,False,True,False
164,193-3,44311.125,"(12, 46)",taxation,6,0.25,False,True,False
164,5-3,22593.625,"(41, 20)",taxation,6,0.25,False,True,False
164,175-3,41872.375,"(14, 25)",taxation,6,0.25,False,True,False
164,196-3,34648.0,"(3, 34)",taxation,6,0.25,False,True,False
164,112-3,53957.625,"(1, 48)",taxation,6,0.25,False,True,False
164,113-3,51512.0625,"(4, 27)",taxation,6,0.25,False,True,False
164,55-3,53931.9375,"(35, 25)",taxation,6,0.25,False,True,False
164,33-3,39442.9375,"(11, 32)",taxation,6,0.25,False,True,False
164,68-3,41898.3125,"(26, 15)",taxation,6,0.25,False,True,False
164,161-3,41887.5,"(4, 41)",taxation,6,0.25,False,True,False
164,100-3,49146.5625,"(42, 20)",taxation,6,0.25,False,True,False
164,155-3,51542.4375,"(40, 27)",taxation,6,0.25,False,True,False
164,41-3,53967.0,"(48, 22)",taxation,6,0.25,False,True,False
164,115-3,53938.3125,"(7, 34)",taxation,6,0.25,False,True,False
164,207-3,39476.8125,"(46, 18)",taxation,6,0.25,False,True,False
164,120-3,56334.5,"(17, 9)",taxation,6,0.25,False,True,False
164,11-3,39457.1875,"(30, 3)",taxation,6,0.25,False,True,False
164,102-3,34632.125,"(7, 43)",taxation,6,0.25,False,True,False
164,130-3,53905.125,"(0, 29)",taxation,6,0.25,False,True,False
164,103-3,49103.875,"(17, 40)",taxation,6,0.25,False,True,False
164,202-3,56364.5,"(25, 11)",taxation,6,0.25,False,True,False
164,164-3,51541.4375,"(43, 12)",taxation,6,0.25,False,True,False
164,2-3,49119.8125,"(25, 17)",taxation,6,0.25,False,True,False
164,186-3,46751.1875,"(31, 12)",taxation,6,0.25,False,True,False
164,85-3,44290.75,"(7, 29)",taxation,6,0.25,False,True,False
164,64-3,49066.0,"(19, 26)",taxation,6,0.25,False,True,False
164,188-3,49104.125,"(7, 44)",taxation,6,0.25,False,True,False
164,32-3,53915.8125,"(4, 49)",taxation,6,0.25,False,True,False
164,57-3,44270.6875,"(36, 32)",taxation,6,0.25,False,True,False
164,132-3,53939.3125,"(46, 17)",taxation,6,0.25,False,True,False
164,163-3,58718.5,"(6, 32)",taxation,6,0.25,False,True,False
164,19-3,51526.0,"(46, 16)",taxation,6,0.25,False,True,False
164,107-3,53874.875,"(14, 34)",taxation,6,0.25,False,True,False
164,221-3,46675.625,"(6, 43)",taxation,6,0.25,False,True,False
164,96-3,56331.375,"(8, 45)",taxation,6,0.25,False,True,False
164,92-3,53895.25,"(46, 22)",taxation,6,0.25,False,True,False
164,116-3,53941.125,"(43, 11)",taxation,6,0.25,False,True,False
164,13-3,46688.6875,"(7, 45)",taxation,6,0.25,False,True,False
164,174-3,53926.125,"(30, 11)",taxation,6,0.25,False,True,False
164,69-3,53871.875,"(7, 36)",taxation,6,0.25,False,True,False
164,184-3,49040.9375,"(10, 40)",taxation,6,0.25,False,True,False
164,237-3,39443.3125,"(0, 47)",taxation,6,0.25,False,True,False
164,90-3,44263.875,"(0, 46)",taxation,6,0.25,False,True,False
164,18-3,56319.3125,"(12, 36)",taxation,6,0.25,False,True,False
164,121-3,49119.0,"(0, 49)",taxation,6,0.25,False,True,False
164,30-3,56338.9375,"(36, 13)",taxation,6,0.25,False,True,False
164,97-3,39418.3125,"(12, 40)",taxation,6,0.25,False,True,False
164,229-3,53930.6875,"(3, 45)",taxation,6,0.25,False,True,False
164,27-3,44231.0625,"(16, 39)",taxation,6,0.25,False,True,False
164,117-3,44247.625,"(47, 21)",taxation,6,0.25,False,True,False
164,80-3,53885.625,"(29, 12)",taxation,6,0.25,False,True,False
164,166-3,46644.4375,"(8, 47)",taxation,6,0.25,False,True,False
164,86-3,49098.5,"(18, 31)",taxation,6,0.25,False,True,False
164,160-3,44239.75,"(0, 35)",taxation,6,0.25,False,True,False
164,233-3,46659.4375,"(6, 42)",taxation,6,0.25,False,True,False
164,235-3,49059.9375,"(19, 5)",taxation,6,0.25,False,True,False
164,48-3,51429.5,"(2, 35)",taxation,6,0.25,False,True,False
164,88-3,49080.0,"(28, 12)",taxation,6,0.25,False,True,False
164,52-3,37028.4375,"(32, 10)",taxation,6,0.25,False,True,False
164,58-3,51461.875,"(42, 18)",taxation,6,0.25,False,True,False
164,248-3,49076.1875,"(35, 14)",taxation,6,0.25,False,True,False
164,108-3,27366.6875,"(42, 16)",taxation,6,0.25,False,True,False
164,82-3,51478.125,"(21, 17)",taxation,6,0.25,False,True,False
164,236-3,49078.9375,"(31, 1)",taxation,6,0.25,False,True,False
164,104-3,46686.125,"(44, 22)",taxation,6,0.25,False,True,False
164,152-3,51460.1875,"(10, 29)",taxation,6,0.25,False,True,False
164,109-3,49082.875,"(16, 3)",taxation,6,0.25,False,True,False
164,72-3,56284.875,"(17, 7)",taxation,6,0.25,False,True,False
164,127-3,51458.5,"(15, 6)",taxation,6,0.25,False,True,False
164,61-3,58718.1875,"(38, 14)",taxation,6,0.25,False,True,False
164,232-3,29740.6875,"(1, 49)",taxation,6,0.25,False,True,False
164,65-3,56273.9375,"(48, 20)",taxation,6,0.25,False,True,False
164,124-3,46638.1875,"(15, 41)",taxation,6,0.25,False,True,False
164,62-3,49058.125,"(24, 20)",taxation,6,0.25,False,True,False
164,59-3,44237.9375,"(45, 16)",taxation,6,0.25,False,True,False
164,89-3,51476.0625,"(40, 26)",taxation,6,0.25,False,True,False
164,26-3,39421.5625,"(31, 8)",taxation,6,0.25,False,True,False
164,14-3,12890.875,"(49, 27)",taxation,6,0.25,False,True,False
164,194-3,44230.625,"(1, 35)",taxation,6,0.25,False,True,False
164,37-3,51477.0625,"(49, 21)",taxation,6,0.25,False,True,False
164,36-3,36999.4375,"(13, 35)",taxation,6,0.25,False,True,False
164,7-3,37016.375,"(41, 27)",taxation,6,0.25,False,True,False
164,47-3,34556.3125,"(10, 49)",taxation,6,0.25,False,True,False
164,223-3,34582.5,"(29, 27)",taxation,6,0.25,False,True,False
164,129-3,46658.5,"(1, 33)",taxation,6,0.25,False,True,False
164,77-3,41806.125,"(43, 18)",taxation,6,0.25,False,True,False
164,43-3,49032.8125,"(12, 43)",taxation,6,0.25,False,True,False
164,128-3,53895.25,"(31, 10)",taxation,6,0.25,False,True,False
164,79-3,46623.1875,"(0, 28)",taxation,6,0.25,False,True,False
164,199-3,56243.25,"(13, 38)",taxation,6,0.25,False,True,False
164,136-3,39400.375,"(10, 38)",taxation,6,0.25,False,True,False
164,99-3,46613.9375,"(43, 26)",taxation,6,0.25,False,True,False
164,84-3,49039.625,"(20, 9)",taxation,6,0.25,False,True,False
164,123-3,56280.5625,"(34, 31)",taxation,6,0.25,False,True,False
164,119-3,49029.75,"(49, 18)",taxation,6,0.25,False,True,False
164,46-3,34552.5,"(27, 12)",taxation,6,0.25,False,True,False
164,190-3,49032.0625,"(1, 40)",taxation,6,0.25,False,True,False
164,215-3,53886.625,"(49, 20)",taxation,6,0.25,False,True,False
164,220-3,53860.25,"(42, 21)",taxation,6,0.25,False,True,False
164,157-3,46613.1875,"(40, 21)",taxation,6,0.25,False,True,False
164,245-3,53831.0625,"(7, 35)",taxation,6,0.25,False,True,False
164,195-3,22493.9375,"(40, 16)",taxation,6,0.25,False,True,False
164,15-3,44214.0625,"(27, 14)",taxation,6,0.25,False,True,False
164,224-3,41786.3125,"(16, 27)",taxation,6,0.25,False,True,False
164,87-3,49007.625,"(30, 8)",taxation,6,0.25,False,True,False
164,135-3,49027.0625,"(2, 49)",taxation,6,0.25,False,True,False
164,8-3,49028.25,"(39, 18)",taxation,6,0.25,False,True,False
164,227-3,53847.375,"(29, 13)",taxation,6,0.25,False,True,False
164,178-3,53841.1875,"(42, 19)",taxation,6,0.25,False,True,False
164,114-3,56266.3125,"(26, 16)",taxation,6,0.25,False,True,False
164,118-3,53806.625,"(6, 47)",taxation,6,0.25,False,True,False
164,244-3,56254.875,"(32, 11)",taxation,6,0.25,False,True,False
164,34-3,44171.5,"(7, 30)",taxation,6,0.25,False,True,False
164,60-3,51414.4375,"(36, 31)",taxation,6,0.25,False,True,False
164,218-3,56269.125,"(9, 38)",taxation,6,0.25,False,True,False
164,49-3,46607.875,"(20, 28)",taxation,6,0.25,False,True,False
164,185-3,49050.125,"(33, 7)",taxation,6,0.25,False,True,False
164,228-4,29069.9375,"(13, 44)",taxation,6,0.25,False,True,False
164,24-3,39418.125,"(48, 21)",taxation,6,0.25,False,True,False
164,9-3,41801.9375,"(49, 17)",taxation,6,0.25,False,True,False
164,39-3,34516.625,"(14, 38)",taxation,6,0.25,False,True,False
164,151-3,39328.1875,"(30, 12)",taxation,6,0.25,False,True,False
164,29-3,49020.9375,"(47, 16)",taxation,6,0.25,False,True,False
164,230-3,39369.0,"(27, 16)",taxation,6,0.25,False,True,False
164,131-3,49002.75,"(45, 21)",taxation,6,0.25,False,True,False
164,81-3,46627.6875,"(32, 7)",taxation,6,0.25,False,True,False
164,222-3,48995.125,"(8, 38)",taxation,6,0.25,False,True,False
164,171-3,49001.375,"(1, 36)",taxation,6,0.25,False,True,False
164,200-3,46590.5,"(31, 11)",taxation,6,0.25,False,True,False
164,238-3,49004.5,"(47, 18)",taxation,6,0.25,False,True,False
164,153-3,24865.25,"(21, 7)",taxation,6,0.25,False,True,False
164,197-3,39354.1875,"(19, 6)",taxation,6,0.25,False,True,False
164,139-4,44174.765625,"(23, 19)",taxation,6,0.25,False,True,False
164,204-3,53799.375,"(16, 44)",taxation,6,0.25,False,True,False
164,211-3,32093.8125,"(13, 43)",taxation,6,0.25,False,True,False
164,93-3,22457.0,"(13, 30)",taxation,6,0.25,False,True,False
164,101-3,49017.5625,"(32, 9)",taxation,6,0.25,False,True,False
164,213-3,49009.625,"(46, 19)",taxation,6,0.25,False,True,False
164,70-3,51398.0,"(15, 43)",taxation,6,0.25,False,True,False
164,239-3,49004.625,"(48, 18)",taxation,6,0.25,False,True,False
164,243-3,46574.125,"(18, 28)",taxation,6,0.25,False,True,False
164,192-3,44171.25,"(26, 11)",taxation,6,0.25,False,True,False
164,143-3,48986.3125,"(35, 17)",taxation,6,0.25,False,True,False
164,35-3,49000.875,"(44, 27)",taxation,6,0.25,False,True,False
164,3-3,29665.6875,"(6, 36)",taxation,6,0.25,False,True,False
164,181-3,48970.937500000015,"(25, 16)",taxation,6,0.25,False,True,False
164,105-3,44155.625,"(37, 32)",taxation,6,0.25,False,True,False
164,177-3,49033.3125,"(47, 17)",taxation,6,0.25,False,True,False
164,167-4,38738.734375,"(21, 12)",taxation,6,0.25,False,True,False
164,173-4,10417.8125,"(24, 21)",taxation,6,0.25,False,True,False
164,44-3,32097.0,"(20, 4)",taxation,6,0.25,False,True,False
164,216-3,53788.5,"(30, 7)",taxation,6,0.25,False,True,False
164,217-3,29697.375,"(0, 48)",taxation,6,0.25,False,True,False
164,138-3,51349.8125,"(20, 47)",taxation,6,0.25,False,True,False
164,75-4,35084.0625,"(9, 39)",taxation,6,0.25,False,True,False
164,74-4,42934.0,"(17, 3)",taxation,6,0.25,False,True,False
164,191-3,56186.5625,"(8, 46)",taxation,6,0.25,False,True,False
164,240-4,12770.3125,"(11, 42)",taxation,6,0.25,False,True,False
164,20-3,46583.75,"(44, 18)",taxation,6,0.25,False,True,False
164,159-3,39337.375,"(0, 37)",taxation,6,0.25,False,True,False
164,158-4,35681.0625,"(2, 31)",taxation,6,0.25,False,True,False
164,66-3,53798.8125,"(41, 17)",taxation,6,0.25,False,True,False
164,170-4,33914.734375,"(39, 6)",taxation,6,0.25,False,True,False
164,146-4,15221.3125,"(38, 16)",taxation,6,0.25,False,True,False
164,208-4,39313.703125,"(21, 28)",taxation,6,0.25,False,True,False
164,219-4,42935.3125,"(32, 29)",taxation,6,0.25,False,True,False
164,140-4,750.0625,"(8, 48)",taxation,6,0.25,False,True,False
164,210-3,58620.5625,"(40, 20)",taxation,6,0.25,False,True,False
164,198-4,35107.71875,"(41, 13)",taxation,6,0.25,False,True,False
164,246-4,36916.3125,"(45, 17)",taxation,6,0.25,False,True,False
164,187-4,20001.1875,"(15, 40)",taxation,6,0.25,False,True,False
164,179-4,32114.53125,"(17, 28)",taxation,6,0.25,False,True,False
164,23-4,39880.5,"(0, 27)",taxation,6,0.25,False,True,False
164,31-4,44130.46875,"(9, 36)",taxation,6,0.25,False,True,False
165,154-3,23473.75,"(6, 40)",taxation,6,0.25,False,True,False
165,28-3,45182.9375,"(29, 15)",taxation,6,0.25,False,True,False
165,176-3,984.25,"(5, 23)",taxation,6,0.25,False,True,False
165,149-3,44421.75,"(41, 23)",taxation,6,0.25,False,True,False
165,1-3,37972.1875,"(19, 16)",taxation,6,0.25,False,True,False
165,17-3,54036.375,"(44, 25)",taxation,6,0.25,False,True,False
165,67-2,49248.75,"(37, 22)",taxation,6,0.25,False,True,False
165,40-3,54028.75,"(18, 30)",taxation,6,0.25,False,True,False
165,142-3,32293.8125,"(18, 48)",taxation,6,0.25,False,True,False
165,76-3,49207.562500000015,"(28, 15)",taxation,6,0.25,False,True,False
165,94-3,17058.5,"(10, 24)",taxation,6,0.25,False,True,False
165,241-3,46771.625,"(6, 41)",taxation,6,0.25,False,True,False
165,242-3,22688.9375,"(36, 11)",taxation,6,0.25,False,True,False
165,10-3,51614.1875,"(28, 10)",taxation,6,0.25,False,True,False
165,172-3,53982.3125,"(8, 42)",taxation,6,0.25,False,True,False
165,189-3,44429.125,"(35, 11)",taxation,6,0.25,False,True,False
165,206-3,49976.4375,"(9, 29)",taxation,6,0.25,False,True,False
165,182-3,51543.1875,"(26, 32)",taxation,6,0.25,False,True,False
165,42-3,37173.625,"(27, 18)",taxation,6,0.25,False,True,False
165,148-3,39523.9375,"(14, 31)",taxation,6,0.25,False,True,False
165,0-3,34730.4375,"(20, 8)",taxation,6,0.25,False,True,False
165,212-3,51618.8125,"(42, 10)",taxation,6,0.25,False,True,False
165,225-3,51593.5625,"(22, 38)",taxation,6,0.25,False,True,False
165,6-3,56415.5,"(10, 36)",taxation,6,0.25,False,True,False
165,38-3,51569.125,"(18, 38)",taxation,6,0.25,False,True,False
165,54-3,49173.1875,"(22, 8)",taxation,6,0.25,False,True,False
165,63-3,46731.5625,"(26, 17)",taxation,6,0.25,False,True,False
165,144-3,49230.875,"(43, 35)",taxation,6,0.25,False,True,False
165,22-3,56411.75,"(30, 15)",taxation,6,0.25,False,True,False
165,162-3,51540.875,"(9, 25)",taxation,6,0.25,False,True,False
165,249-3,51640.75,"(16, 41)",taxation,6,0.25,False,True,False
165,180-3,49176.6875,"(41, 28)",taxation,6,0.25,False,True,False
165,83-3,53986.5625,"(27, 15)",taxation,6,0.25,False,True,False
165,133-3,44373.25,"(42, 11)",taxation,6,0.25,False,True,False
165,16-3,56420.125,"(14, 29)",taxation,6,0.25,False,True,False
165,51-3,51598.875,"(36, 19)",taxation,6,0.25,False,True,False
165,4-3,37089.6875,"(21, 44)",taxation,6,0.25,False,True,False
165,111-3,53966.6875,"(5, 33)",taxation,6,0.25,False,True,False
165,91-3,54003.0625,"(21, 11)",taxation,6,0.25,False,True,False
165,95-3,56416.875,"(39, 24)",taxation,6,0.25,False,True,False
165,106-3,46753.8125,"(41, 25)",taxation,6,0.25,False,True,False
165,56-3,49173.5625,"(32, 14)",taxation,6,0.25,False,True,False
165,71-3,53997.9375,"(17, 39)",taxation,6,0.25,False,True,False
165,226-3,49140.0625,"(20, 34)",taxation,6,0.25,False,True,False
165,205-3,25071.8125,"(34, 9)",taxation,6,0.25,False,True,False
165,165-3,58760.25,"(4, 38)",taxation,6,0.25,False,True,False
165,231-3,32291.8125,"(38, 23)",taxation,6,0.25,False,True,False
165,25-3,44340.25,"(17, 10)",taxation,6,0.25,False,True,False
165,137-3,44331.375,"(36, 24)",taxation,6,0.25,False,True,False
165,73-3,51566.6875,"(7, 41)",taxation,6,0.25,False,True,False
165,214-3,32256.25,"(29, 16)",taxation,6,0.25,False,True,False
165,21-3,46732.6875,"(5, 27)",taxation,6,0.25,False,True,False
165,201-3,34650.9375,"(45, 25)",taxation,6,0.25,False,True,False
165,169-3,39500.25,"(12, 31)",taxation,6,0.25,False,True,False
165,110-3,56396.75,"(16, 31)",taxation,6,0.25,False,True,False
165,183-3,34696.0625,"(33, 11)",taxation,6,0.25,False,True,False
165,125-3,53944.5,"(13, 37)",taxation,6,0.25,False,True,False
165,168-3,53996.875,"(15, 30)",taxation,6,0.25,False,True,False
165,156-3,37093.625,"(11, 37)",taxation,6,0.25,False,True,False
165,53-3,32287.6875,"(36, 15)",taxation,6,0.25,False,True,False
165,122-3,41899.6875,"(19, 12)",taxation,6,0.25,False,True,False
165,234-3,51513.125,"(11, 30)",taxation,6,0.25,False,True,False
165,134-3,49165.0,"(35, 6)",taxation,6,0.25,False,True,False
165,141-3,39528.375,"(31, 9)",taxation,6,0.25,False,True,False
165,145-3,51558.0,"(30, 14)",taxation,6,0.25,False,True,False
165,209-3,56404.625,"(18, 39)",taxation,6,0.25,False,True,False
165,247-3,44307.75,"(27, 33)",taxation,6,0.25,False,True,False
165,203-3,58771.6875,"(16, 29)",taxation,6,0.25,False,True,False
165,50-3,56361.125,"(5, 38)",taxation,6,0.25,False,True,False
165,45-3,51543.8125,"(18, 22)",taxation,6,0.25,False,True,False
165,78-3,46738.6875,"(17, 11)",taxation,6,0.25,False,True,False
165,147-3,49149.5625,"(38, 20)",taxation,6,0.25,False,True,False
165,193-3,44315.125,"(17, 45)",taxation,6,0.25,False,True,False
165,5-3,22602.625,"(37, 24)",taxation,6,0.25,False,True,False
165,175-3,41880.375,"(16, 21)",taxation,6,0.25,False,True,False
165,196-3,34654.0,"(2, 29)",taxation,6,0.25,False,True,False
165,112-3,53958.625,"(3, 48)",taxation,6,0.25,False,True,False
165,113-3,51520.0625,"(2, 26)",taxation,6,0.25,False,True,False
165,55-3,53940.9375,"(35, 24)",taxation,6,0.25,False,True,False
165,33-3,39449.9375,"(17, 26)",taxation,6,0.25,False,True,False
165,68-3,41907.3125,"(28, 16)",taxation,6,0.25,False,True,False
165,161-3,41890.5,"(10, 35)",taxation,6,0.25,False,True,False
165,100-3,49155.5625,"(38, 25)",taxation,6,0.25,False,True,False
165,155-3,51551.4375,"(39, 25)",taxation,6,0.25,False,True,False
165,41-3,53973.0,"(42, 22)",taxation,6,0.25,False,True,False
165,115-3,53944.3125,"(10, 28)",taxation,6,0.25,False,True,False
165,207-3,39483.8125,"(40, 12)",taxation,6,0.25,False,True,False
165,120-3,56342.5,"(14, 13)",taxation,6,0.25,False,True,False
165,11-3,39465.1875,"(34, 7)",taxation,6,0.25,False,True,False
165,102-3,34634.125,"(9, 43)",taxation,6,0.25,False,True,False
165,130-3,53913.125,"(0, 26)",taxation,6,0.25,False,True,False
165,103-3,49109.875,"(23, 37)",taxation,6,0.25,False,True,False
165,202-3,56373.5,"(30, 16)",taxation,6,0.25,False,True,False
165,164-3,51549.4375,"(40, 17)",taxation,6,0.25,False,True,False
165,2-3,49128.8125,"(26, 18)",taxation,6,0.25,False,True,False
165,186-3,46759.1875,"(33, 13)",taxation,6,0.25,False,True,False
165,85-3,44297.75,"(6, 23)",taxation,6,0.25,False,True,False
165,64-3,49074.0,"(16, 24)",taxation,6,0.25,False,True,False
165,188-3,49106.125,"(9, 42)",taxation,6,0.25,False,True,False
165,32-3,53917.8125,"(10, 48)",taxation,6,0.25,False,True,False
165,57-3,44278.6875,"(36, 30)",taxation,6,0.25,False,True,False
165,132-3,53948.3125,"(41, 21)",taxation,6,0.25,False,True,False
165,163-3,58726.5,"(5, 26)",taxation,6,0.25,False,True,False
165,19-3,51533.0,"(41, 16)",taxation,6,0.25,False,True,False
165,107-3,53880.875,"(17, 31)",taxation,6,0.25,False,True,False
165,221-3,46678.625,"(12, 38)",taxation,6,0.25,False,True,False
165,96-3,56334.375,"(13, 39)",taxation,6,0.25,False,True,False
165,92-3,53902.25,"(40, 24)",taxation,6,0.25,False,True,False
165,116-3,53949.125,"(37, 14)",taxation,6,0.25,False,True,False
165,13-3,46691.6875,"(12, 39)",taxation,6,0.25,False,True,False
165,174-3,53935.125,"(31, 16)",taxation,6,0.25,False,True,False
165,69-3,53875.875,"(10, 32)",taxation,6,0.25,False,True,False
165,184-3,49044.9375,"(14, 36)",taxation,6,0.25,False,True,False
165,237-3,39444.3125,"(1, 46)",taxation,6,0.25,False,True,False
165,90-3,44264.875,"(0, 45)",taxation,6,0.25,False,True,False
165,18-3,56326.3125,"(10, 30)",taxation,6,0.25,False,True,False
165,121-3,49120.0,"(2, 46)",taxation,6,0.25,False,True,False
165,30-3,56347.9375,"(35, 15)",taxation,6,0.25,False,True,False
165,97-3,39423.3125,"(17, 36)",taxation,6,0.25,False,True,False
165,229-3,53932.6875,"(8, 41)",taxation,6,0.25,False,True,False
165,27-3,44237.0625,"(22, 36)",taxation,6,0.25,False,True,False
165,117-3,44252.625,"(42, 26)",taxation,6,0.25,False,True,False
165,80-3,53894.625,"(29, 18)",taxation,6,0.25,False,True,False
165,166-3,46646.4375,"(10, 47)",taxation,6,0.25,False,True,False
165,86-3,49105.5,"(19, 27)",taxation,6,0.25,False,True,False
165,160-3,44244.75,"(6, 29)",taxation,6,0.25,False,True,False
165,233-3,46662.4375,"(12, 37)",taxation,6,0.25,False,True,False
165,235-3,49064.9375,"(23, 11)",taxation,6,0.25,False,True,False
165,48-3,51435.5,"(8, 29)",taxation,6,0.25,False,True,False
165,88-3,49089.0,"(31, 14)",taxation,6,0.25,False,True,False
165,52-3,37037.4375,"(34, 11)",taxation,6,0.25,False,True,False
165,58-3,51470.875,"(38, 22)",taxation,6,0.25,False,True,False
165,248-3,49086.1875,"(33, 16)",taxation,6,0.25,False,True,False
165,108-3,27375.6875,"(36, 22)",taxation,6,0.25,False,True,False
165,82-3,51487.125,"(25, 18)",taxation,6,0.25,False,True,False
165,236-3,49086.9375,"(33, 6)",taxation,6,0.25,False,True,False
165,104-3,46695.125,"(41, 24)",taxation,6,0.25,False,True,False
165,152-3,51468.1875,"(11, 24)",taxation,6,0.25,False,True,False
165,109-3,49086.875,"(16, 8)",taxation,6,0.25,False,True,False
165,72-3,56292.875,"(15, 13)",taxation,6,0.25,False,True,False
165,127-3,51463.5,"(15, 10)",taxation,6,0.25,False,True,False
165,61-3,58728.1875,"(37, 18)",taxation,6,0.25,False,True,False
165,232-3,29741.6875,"(3, 49)",taxation,6,0.25,False,True,False
165,65-3,56282.9375,"(43, 25)",taxation,6,0.25,False,True,False
165,124-3,46644.1875,"(21, 35)",taxation,6,0.25,False,True,False
165,62-3,49067.125,"(26, 20)",taxation,6,0.25,False,True,False
165,59-3,44245.9375,"(39, 20)",taxation,6,0.25,False,True,False
165,89-3,51485.0625,"(40, 25)",taxation,6,0.25,False,True,False
165,26-3,39431.5625,"(29, 14)",taxation,6,0.25,False,True,False
165,14-3,12898.875,"(45, 32)",taxation,6,0.25,False,True,False
165,194-3,44234.625,"(5, 31)",taxation,6,0.25,False,True,False
165,37-3,51482.0625,"(43, 27)",taxation,6,0.25,False,True,False
165,36-3,37005.4375,"(17, 32)",taxation,6,0.25,False,True,False
165,7-3,37026.375,"(39, 21)",taxation,6,0.25,False,True,False
165,47-3,34559.3125,"(15, 49)",taxation,6,0.25,False,True,False
165,223-3,34591.5,"(34, 24)",taxation,6,0.25,False,True,False
165,129-3,46663.5,"(3, 27)",taxation,6,0.25,False,True,False
165,77-3,41814.125,"(38, 18)",taxation,6,0.25,False,True,False
165,43-3,49036.8125,"(16, 42)",taxation,6,0.25,False,True,False
165,128-3,53904.25,"(32, 12)",taxation,6,0.25,False,True,False
165,79-3,46630.1875,"(0, 23)",taxation,6,0.25,False,True,False
165,199-3,56249.25,"(14, 32)",taxation,6,0.25,False,True,False
165,136-3,39405.375,"(15, 33)",taxation,6,0.25,False,True,False
165,99-3,46621.9375,"(41, 29)",taxation,6,0.25,False,True,False
165,84-3,49046.625,"(15, 14)",taxation,6,0.25,False,True,False
165,123-3,56289.5625,"(37, 25)",taxation,6,0.25,False,True,False
165,119-3,49034.75,"(44, 16)",taxation,6,0.25,False,True,False
165,46-3,34562.5,"(28, 14)",taxation,6,0.25,False,True,False
165,190-3,49034.0625,"(2, 37)",taxation,6,0.25,False,True,False
165,215-3,53891.625,"(43, 14)",taxation,6,0.25,False,True,False
165,220-3,53870.25,"(37, 19)",taxation,6,0.25,False,True,False
165,157-3,46623.1875,"(37, 20)",taxation,6,0.25,False,True,False
165,245-3,53837.0625,"(13, 29)",taxation,6,0.25,False,True,False
165,195-3,22502.9375,"(34, 15)",taxation,6,0.25,False,True,False
165,15-3,44223.0625,"(29, 17)",taxation,6,0.25,False,True,False
165,224-3,41794.3125,"(19, 22)",taxation,6,0.25,False,True,False
165,87-3,49015.625,"(30, 9)",taxation,6,0.25,False,True,False
165,135-3,49028.0625,"(2, 48)",taxation,6,0.25,False,True,False
165,8-3,49037.25,"(35, 21)",taxation,6,0.25,False,True,False
165,227-3,53857.375,"(32, 16)",taxation,6,0.25,False,True,False
165,178-3,53850.1875,"(39, 23)",taxation,6,0.25,False,True,False
165,114-3,56275.3125,"(28, 17)",taxation,6,0.25,False,True,False
165,118-3,53808.625,"(10, 45)",taxation,6,0.25,False,True,False
165,244-3,56262.875,"(33, 12)",taxation,6,0.25,False,True,False
165,34-3,44178.5,"(6, 24)",taxation,6,0.25,False,True,False
165,60-3,51422.4375,"(38, 31)",taxation,6,0.25,False,True,False
165,218-3,56274.125,"(15, 36)",taxation,6,0.25,False,True,False
165,49-3,46615.875,"(23, 23)",taxation,6,0.25,False,True,False
165,185-3,49059.125,"(33, 10)",taxation,6,0.25,False,True,False
165,228-4,29074.9375,"(19, 42)",taxation,6,0.25,False,True,False
165,24-3,39424.125,"(42, 25)",taxation,6,0.25,False,True,False
165,9-3,41807.9375,"(43, 13)",taxation,6,0.25,False,True,False
165,39-3,34522.625,"(15, 32)",taxation,6,0.25,False,True,False
165,151-3,39337.1875,"(32, 15)",taxation,6,0.25,False,True,False
165,29-3,49025.9375,"(42, 14)",taxation,6,0.25,False,True,False
165,230-3,39378.0,"(27, 17)",taxation,6,0.25,False,True,False
165,131-3,49009.75,"(39, 16)",taxation,6,0.25,False,True,False
165,81-3,46637.6875,"(31, 13)",taxation,6,0.25,False,True,False
165,222-3,48999.125,"(10, 33)",taxation,6,0.25,False,True,False
165,171-3,49005.375,"(5, 30)",taxation,6,0.25,False,True,False
165,200-3,46599.5,"(33, 15)",taxation,6,0.25,False,True,False
165,238-3,49010.5,"(41, 14)",taxation,6,0.25,False,True,False
165,153-3,24872.25,"(26, 12)",taxation,6,0.25,False,True,False
165,197-3,39359.1875,"(16, 11)",taxation,6,0.25,False,True,False
165,139-4,44183.765625,"(22, 17)",taxation,6,0.25,False,True,False
165,204-3,53804.375,"(20, 42)",taxation,6,0.25,False,True,False
165,211-3,32098.8125,"(19, 37)",taxation,6,0.25,False,True,False
165,93-3,22464.0,"(11, 25)",taxation,6,0.25,False,True,False
165,101-3,49026.5625,"(34, 10)",taxation,6,0.25,False,True,False
165,213-3,49016.625,"(40, 18)",taxation,6,0.25,False,True,False
165,70-3,51403.0,"(21, 43)",taxation,6,0.25,False,True,False
165,239-3,49013.625,"(42, 24)",taxation,6,0.25,False,True,False
165,243-3,46582.125,"(18, 25)",taxation,6,0.25,False,True,False
165,192-3,44180.25,"(31, 15)",taxation,6,0.25,False,True,False
165,143-3,48995.3125,"(32, 19)",taxation,6,0.25,False,True,False
165,35-3,49009.875,"(41, 26)",taxation,6,0.25,False,True,False
165,3-3,29670.6875,"(12, 33)",taxation,6,0.25,False,True,False
165,181-3,48979.937500000015,"(28, 18)",taxation,6,0.25,False,True,False
165,105-3,44164.625,"(39, 26)",taxation,6,0.25,False,True,False
165,177-3,49038.3125,"(45, 12)",taxation,6,0.25,False,True,False
165,167-4,38746.734375,"(20, 16)",taxation,6,0.25,False,True,False
165,173-4,10426.8125,"(27, 19)",taxation,6,0.25,False,True,False
165,44-3,32102.0,"(16, 10)",taxation,6,0.25,False,True,False
165,216-3,53797.5,"(29, 9)",taxation,6,0.25,False,True,False
165,217-3,29698.375,"(2, 47)",taxation,6,0.25,False,True,False
165,138-3,51354.8125,"(22, 46)",taxation,6,0.25,False,True,False
165,75-4,35089.0625,"(15, 37)",taxation,6,0.25,False,True,False
165,74-4,42938.0,"(17, 8)",taxation,6,0.25,False,True,False
165,191-3,56188.5625,"(10, 44)",taxation,6,0.25,False,True,False
165,240-4,12775.3125,"(17, 37)",taxation,6,0.25,False,True,False
165,20-3,46591.75,"(38, 24)",taxation,6,0.25,False,True,False
165,159-3,39340.375,"(1, 31)",taxation,6,0.25,False,True,False
165,158-4,35688.0625,"(8, 25)",taxation,6,0.25,False,True,False
165,66-3,53808.8125,"(35, 18)",taxation,6,0.25,False,True,False
165,170-4,33923.734375,"(35, 10)",taxation,6,0.25,False,True,False
165,146-4,15230.3125,"(34, 17)",taxation,6,0.25,False,True,False
165,208-4,39321.703125,"(22, 22)",taxation,6,0.25,False,True,False
165,219-4,42944.3125,"(33, 24)",taxation,6,0.25,False,True,False
165,140-4,752.0625,"(10, 46)",taxation,6,0.25,False,True,False
165,210-3,58629.5625,"(34, 20)",taxation,6,0.25,False,True,False
165,198-4,35115.71875,"(36, 14)",taxation,6,0.25,False,True,False
165,246-4,36925.3125,"(41, 22)",taxation,6,0.25,False,True,False
165,187-4,20007.1875,"(21, 34)",taxation,6,0.25,False,True,False
165,179-4,32122.53125,"(17, 25)",taxation,6,0.25,False,True,False
165,23-4,39888.5,"(1, 26)",taxation,6,0.25,False,True,False
165,31-4,44135.46875,"(13, 31)",taxation,6,0.25,False,True,False
165,150-3,41714.4375,"(18, 33)",taxation,6,0.25,False,True,False
165,12-3,46559.8125,"(33, 9)",taxation,6,0.25,False,True,False
165,98-4,20057.0625,"(40, 23)",taxation,6,0.25,False,True,False
165,126-3,48986.0625,"(36, 16)",taxation,6,0.25,False,True,False
166,154-3,23476.75,"(6, 38)",taxation,6,0.25,False,True,False
166,149-3,44430.75,"(36, 23)",taxation,6,0.25,False,True,False
166,1-3,37980.1875,"(18, 20)",taxation,6,0.25,False,True,False
166,17-3,54043.375,"(39, 30)",taxation,6,0.25,False,True,False
166,67-2,49257.75,"(36, 21)",taxation,6,0.25,False,True,False
166,40-3,54036.75,"(21, 27)",taxation,6,0.25,False,True,False
166,142-3,32299.8125,"(24, 45)",taxation,6,0.25,False,True,False
166,76-3,49216.562500000015,"(29, 20)",taxation,6,0.25,False,True,False
166,94-3,17067.5,"(15, 20)",taxation,6,0.25,False,True,False
166,241-3,46774.625,"(6, 39)",taxation,6,0.25,False,True,False
166,242-3,22697.9375,"(35, 13)",taxation,6,0.25,False,True,False
166,10-3,51622.1875,"(34, 5)",taxation,6,0.25,False,True,False
166,172-3,53986.3125,"(14, 37)",taxation,6,0.25,False,True,False
166,189-3,44437.125,"(37, 11)",taxation,6,0.25,False,True,False
166,206-3,49984.4375,"(12, 23)",taxation,6,0.25,False,True,False
166,182-3,51552.1875,"(31, 27)",taxation,6,0.25,False,True,False
166,42-3,37182.625,"(28, 19)",taxation,6,0.25,False,True,False
166,148-3,39531.9375,"(18, 26)",taxation,6,0.25,False,True,False
166,0-3,34736.4375,"(18, 12)",taxation,6,0.25,False,True,False
166,212-3,51627.8125,"(37, 7)",taxation,6,0.25,False,True,False
166,225-3,51600.5625,"(24, 36)",taxation,6,0.25,False,True,False
166,6-3,56420.5,"(13, 32)",taxation,6,0.25,False,True,False
166,38-3,51576.125,"(22, 34)",taxation,6,0.25,False,True,False
166,54-3,49179.1875,"(20, 12)",taxation,6,0.25,False,True,False
166,63-3,46740.5625,"(25, 19)",taxation,6,0.25,False,True,False
166,144-3,49239.875,"(40, 34)",taxation,6,0.25,False,True,False
166,22-3,56420.75,"(29, 21)",taxation,6,0.25,False,True,False
166,162-3,51548.875,"(12, 21)",taxation,6,0.25,False,True,False
166,249-3,51646.75,"(21, 38)",taxation,6,0.25,False,True,False
166,180-3,49185.6875,"(40, 32)",taxation,6,0.25,False,True,False
166,83-3,53994.5625,"(24, 19)",taxation,6,0.25,False,True,False
166,133-3,44382.25,"(36, 9)",taxation,6,0.25,False,True,False
166,16-3,56427.125,"(18, 27)",taxation,6,0.25,False,True,False
166,51-3,51607.875,"(32, 22)",taxation,6,0.25,False,True,False
166,4-3,37096.6875,"(25, 38)",taxation,6,0.25,False,True,False
166,111-3,53972.6875,"(6, 28)",taxation,6,0.25,False,True,False
166,91-3,54011.0625,"(17, 17)",taxation,6,0.25,False,True,False
166,95-3,56425.875,"(37, 23)",taxation,6,0.25,False,True,False
166,106-3,46762.8125,"(38, 28)",taxation,6,0.25,False,True,False
166,56-3,49182.5625,"(33, 14)",taxation,6,0.25,False,True,False
166,71-3,54004.9375,"(23, 36)",taxation,6,0.25,False,True,False
166,226-3,49148.0625,"(23, 29)",taxation,6,0.25,False,True,False
166,205-3,25080.8125,"(35, 9)",taxation,6,0.25,False,True,False
166,165-3,58764.25,"(5, 32)",taxation,6,0.25,False,True,False
166,231-3,32300.8125,"(36, 26)",taxation,6,0.25,False,True,False
166,25-3,44347.25,"(18, 15)",taxation,6,0.25,False,True,False
166,137-3,44340.375,"(31, 24)",taxation,6,0.25,False,True,False
166,73-3,51569.6875,"(8, 39)",taxation,6,0.25,False,True,False
166,214-3,32265.25,"(30, 19)",taxation,6,0.25,False,True,False
166,21-3,46740.6875,"(2, 21)",taxation,6,0.25,False,True,False
166,201-3,34657.9375,"(39, 22)",taxation,6,0.25,False,True,False
166,169-3,39507.25,"(12, 28)",taxation,6,0.25,False,True,False
166,110-3,56404.75,"(20, 27)",taxation,6,0.25,False,True,False
166,183-3,34705.0625,"(34, 12)",taxation,6,0.25,False,True,False
166,125-3,53951.5,"(19, 32)",taxation,6,0.25,False,True,False
166,168-3,54004.875,"(19, 24)",taxation,6,0.25,False,True,False
166,156-3,37098.625,"(14, 35)",taxation,6,0.25,False,True,False
166,53-3,32296.6875,"(33, 19)",taxation,6,0.25,False,True,False
166,122-3,41907.6875,"(13, 18)",taxation,6,0.25,False,True,False
166,234-3,51520.125,"(12, 24)",taxation,6,0.25,False,True,False
166,134-3,49174.0,"(35, 7)",taxation,6,0.25,False,True,False
166,141-3,39536.375,"(32, 13)",taxation,6,0.25,False,True,False
166,145-3,51566.0,"(33, 18)",taxation,6,0.25,False,True,False
166,209-3,56411.625,"(22, 35)",taxation,6,0.25,False,True,False
166,247-3,44315.75,"(29, 33)",taxation,6,0.25,False,True,False
166,203-3,58779.6875,"(21, 26)",taxation,6,0.25,False,True,False
166,50-3,56365.125,"(7, 32)",taxation,6,0.25,False,True,False
166,45-3,51552.8125,"(19, 20)",taxation,6,0.25,False,True,False
166,78-3,46745.6875,"(19, 15)",taxation,6,0.25,False,True,False
166,147-3,49158.5625,"(37, 21)",taxation,6,0.25,False,True,False
166,193-3,44321.125,"(22, 40)",taxation,6,0.25,False,True,False
166,5-3,22611.625,"(35, 27)",taxation,6,0.25,False,True,False
166,175-3,41888.375,"(16, 22)",taxation,6,0.25,False,True,False
166,196-3,34661.0,"(7, 24)",taxation,6,0.25,False,True,False
166,112-3,53960.625,"(5, 48)",taxation,6,0.25,False,True,False
166,113-3,51528.0625,"(1, 21)",taxation,6,0.25,False,True,False
166,55-3,53949.9375,"(33, 22)",taxation,6,0.25,False,True,False
166,33-3,39458.9375,"(20, 22)",taxation,6,0.25,False,True,False
166,68-3,41916.3125,"(30, 18)",taxation,6,0.25,False,True,False
166,161-3,41895.5,"(9, 31)",taxation,6,0.25,False,True,False
166,100-3,49164.5625,"(32, 28)",taxation,6,0.25,False,True,False
166,155-3,51560.4375,"(38, 27)",taxation,6,0.25,False,True,False
166,41-3,53980.0,"(37, 17)",taxation,6,0.25,False,True,False
166,115-3,53952.3125,"(11, 23)",taxation,6,0.25,False,True,False
166,207-3,39492.8125,"(36, 12)",taxation,6,0.25,False,True,False
166,120-3,56350.5,"(15, 17)",taxation,6,0.25,False,True,False
166,11-3,39473.1875,"(34, 6)",taxation,6,0.25,False,True,False
166,102-3,34638.125,"(15, 38)",taxation,6,0.25,False,True,False
166,130-3,53921.125,"(0, 21)",taxation,6,0.25,False,True,False
166,103-3,49117.875,"(25, 31)",taxation,6,0.25,False,True,False
166,202-3,56382.5,"(29, 22)",taxation,6,0.25,False,True,False
166,164-3,51558.4375,"(36, 18)",taxation,6,0.25,False,True,False
166,2-3,49137.8125,"(26, 21)",taxation,6,0.25,False,True,False
166,186-3,46767.1875,"(38, 11)",taxation,6,0.25,False,True,False
166,85-3,44305.75,"(6, 21)",taxation,6,0.25,False,True,False
166,64-3,49082.0,"(15, 23)",taxation,6,0.25,False,True,False
166,188-3,49110.125,"(15, 39)",taxation,6,0.25,False,True,False
166,32-3,53921.8125,"(15, 47)",taxation,6,0.25,False,True,False
166,57-3,44287.6875,"(31, 26)",taxation,6,0.25,False,True,False
166,132-3,53955.3125,"(39, 19)",taxation,6,0.25,False,True,False
166,163-3,58734.5,"(3, 22)",taxation,6,0.25,False,True,False
166,19-3,51542.0,"(36, 20)",taxation,6,0.25,False,True,False
166,107-3,53888.875,"(22, 26)",taxation,6,0.25,False,True,False
166,221-3,46683.625,"(15, 35)",taxation,6,0.25,False,True,False
166,96-3,56340.375,"(19, 34)",taxation,6,0.25,False,True,False
166,92-3,53911.25,"(37, 26)",taxation,6,0.25,False,True,False
166,116-3,53958.125,"(35, 16)",taxation,6,0.25,False,True,False
166,13-3,46697.6875,"(18, 34)",taxation,6,0.25,False,True,False
166,174-3,53944.125,"(30, 22)",taxation,6,0.25,False,True,False
166,69-3,53881.875,"(9, 28)",taxation,6,0.25,False,True,False
166,184-3,49051.9375,"(19, 30)",taxation,6,0.25,False,True,False
166,237-3,39446.3125,"(1, 44)",taxation,6,0.25,False,True,False
166,90-3,44266.875,"(1, 45)",taxation,6,0.25,False,True,False
166,18-3,56334.3125,"(14, 24)",taxation,6,0.25,False,True,False
166,121-3,49122.0,"(3, 46)",taxation,6,0.25,False,True,False
166,30-3,56356.9375,"(34, 14)",taxation,6,0.25,False,True,False
166,97-3,39430.3125,"(20, 33)",taxation,6,0.25,False,True,False
166,229-3,53936.6875,"(13, 36)",taxation,6,0.25,False,True,False
166,27-3,44245.0625,"(28, 31)",taxation,6,0.25,False,True,False
166,117-3,44261.625,"(37, 28)",taxation,6,0.25,False,True,False
166,80-3,53903.625,"(27, 22)",taxation,6,0.25,False,True,False
166,166-3,46650.4375,"(15, 46)",taxation,6,0.25,False,True,False
166,86-3,49114.5,"(24, 22)",taxation,6,0.25,False,True,False
166,160-3,44251.75,"(7, 23)",taxation,6,0.25,False,True,False
166,233-3,46668.4375,"(18, 35)",taxation,6,0.25,False,True,False
166,235-3,49072.9375,"(20, 17)",taxation,6,0.25,False,True,False
166,48-3,51442.5,"(8, 24)",taxation,6,0.25,False,True,False
166,88-3,49097.0,"(32, 20)",taxation,6,0.25,False,True,False
166,52-3,37046.4375,"(35, 12)",taxation,6,0.25,False,True,False
166,58-3,51479.875,"(33, 26)",taxation,6,0.25,False,True,False
166,248-3,49095.1875,"(33, 17)",taxation,6,0.25,False,True,False
166,108-3,27384.6875,"(31, 22)",taxation,6,0.25,False,True,False
166,82-3,51496.125,"(25, 21)",taxation,6,0.25,False,True,False
166,236-3,49095.9375,"(34, 8)",taxation,6,0.25,False,True,False
166,104-3,46704.125,"(35, 29)",taxation,6,0.25,False,True,False
166,152-3,51477.1875,"(17, 19)",taxation,6,0.25,False,True,False
166,109-3,49092.875,"(16, 12)",taxation,6,0.25,False,True,False
166,72-3,56300.875,"(13, 17)",taxation,6,0.25,False,True,False
166,127-3,51470.5,"(14, 15)",taxation,6,0.25,False,True,False
166,61-3,58737.1875,"(35, 19)",taxation,6,0.25,False,True,False
166,232-3,29743.6875,"(4, 48)",taxation,6,0.25,False,True,False
166,65-3,56289.9375,"(38, 26)",taxation,6,0.25,False,True,False
166,124-3,46652.1875,"(27, 32)",taxation,6,0.25,False,True,False
166,62-3,49076.125,"(27, 20)",taxation,6,0.25,False,True,False
166,59-3,44253.9375,"(38, 17)",taxation,6,0.25,False,True,False
166,89-3,51493.0625,"(35, 23)",taxation,6,0.25,False,True,False
166,26-3,39439.5625,"(26, 19)",taxation,6,0.25,False,True,False
166,14-3,12907.875,"(41, 32)",taxation,6,0.25,False,True,False
166,194-3,44241.625,"(9, 26)",taxation,6,0.25,False,True,False
166,37-3,51491.0625,"(40, 33)",taxation,6,0.25,False,True,False
166,36-3,37013.4375,"(22, 28)",taxation,6,0.25,False,True,False
166,7-3,37035.375,"(35, 20)",taxation,6,0.25,False,True,False
166,47-3,34564.3125,"(19, 48)",taxation,6,0.25,False,True,False
166,223-3,34601.5,"(34, 23)",taxation,6,0.25,False,True,False
166,129-3,46671.5,"(3, 21)",taxation,6,0.25,False,True,False
166,77-3,41822.125,"(34, 19)",taxation,6,0.25,False,True,False
166,43-3,49042.8125,"(22, 39)",taxation,6,0.25,False,True,False
166,128-3,53913.25,"(34, 13)",taxation,6,0.25,False,True,False
166,79-3,46638.1875,"(0, 22)",taxation,6,0.25,False,True,False
166,199-3,56257.25,"(20, 26)",taxation,6,0.25,False,True,False
166,136-3,39412.375,"(15, 29)",taxation,6,0.25,False,True,False
166,99-3,46630.9375,"(38, 30)",taxation,6,0.25,False,True,False
166,84-3,49054.625,"(12, 18)",taxation,6,0.25,False,True,False
166,123-3,56298.5625,"(32, 27)",taxation,6,0.25,False,True,False
166,119-3,49042.75,"(39, 15)",taxation,6,0.25,False,True,False
166,46-3,34571.5,"(30, 17)",taxation,6,0.25,False,True,False
166,190-3,49038.0625,"(4, 31)",taxation,6,0.25,False,True,False
166,215-3,53899.625,"(39, 14)",taxation,6,0.25,False,True,False
166,220-3,53880.25,"(34, 21)",taxation,6,0.25,False,True,False
166,157-3,46632.1875,"(33, 21)",taxation,6,0.25,False,True,False
166,245-3,53845.0625,"(13, 23)",taxation,6,0.25,False,True,False
166,195-3,22511.9375,"(34, 16)",taxation,6,0.25,False,True,False
166,15-3,44232.0625,"(28, 21)",taxation,6,0.25,False,True,False
166,224-3,41802.3125,"(19, 21)",taxation,6,0.25,False,True,False
166,87-3,49024.625,"(36, 7)",taxation,6,0.25,False,True,False
166,135-3,49030.0625,"(4, 47)",taxation,6,0.25,False,True,False
166,8-3,49046.25,"(35, 22)",taxation,6,0.25,False,True,False
166,227-3,53866.375,"(32, 17)",taxation,6,0.25,False,True,False
166,178-3,53859.1875,"(33, 27)",taxation,6,0.25,False,True,False
166,114-3,56284.3125,"(27, 21)",taxation,6,0.25,False,True,False
166,118-3,53812.625,"(15, 42)",taxation,6,0.25,False,True,False
166,244-3,56271.875,"(32, 18)",taxation,6,0.25,False,True,False
166,34-3,44186.5,"(4, 21)",taxation,6,0.25,False,True,False
166,60-3,51431.4375,"(39, 31)",taxation,6,0.25,False,True,False
166,218-3,56281.125,"(19, 31)",taxation,6,0.25,False,True,False
166,49-3,46624.875,"(23, 22)",taxation,6,0.25,False,True,False
166,185-3,49067.125,"(37, 8)",taxation,6,0.25,False,True,False
166,228-4,29081.9375,"(25, 36)",taxation,6,0.25,False,True,False
166,24-3,39432.125,"(37, 30)",taxation,6,0.25,False,True,False
166,9-3,41815.9375,"(39, 10)",taxation,6,0.25,False,True,False
166,39-3,34529.625,"(19, 29)",taxation,6,0.25,False,True,False
166,151-3,39346.1875,"(30, 20)",taxation,6,0.25,False,True,False
166,29-3,49033.9375,"(38, 15)",taxation,6,0.25,False,True,False
166,230-3,39387.0,"(29, 19)",taxation,6,0.25,False,True,False
166,131-3,49018.75,"(36, 17)",taxation,6,0.25,False,True,False
166,81-3,46646.6875,"(31, 17)",taxation,6,0.25,False,True,False
166,222-3,49006.125,"(15, 28)",taxation,6,0.25,False,True,False
166,171-3,49012.375,"(9, 24)",taxation,6,0.25,False,True,False
166,200-3,46609.5,"(31, 19)",taxation,6,0.25,False,True,False
166,238-3,49018.5,"(39, 13)",taxation,6,0.25,False,True,False
166,153-3,24879.25,"(24, 15)",taxation,6,0.25,False,True,False
166,197-3,39367.1875,"(11, 17)",taxation,6,0.25,False,True,False
166,139-4,44192.765625,"(23, 21)",taxation,6,0.25,False,True,False
166,204-3,53811.375,"(26, 37)",taxation,6,0.25,False,True,False
166,211-3,32106.8125,"(24, 31)",taxation,6,0.25,False,True,False
166,93-3,22472.0,"(12, 22)",taxation,6,0.25,False,True,False
166,101-3,49034.5625,"(36, 8)",taxation,6,0.25,False,True,False
166,213-3,49024.625,"(38, 19)",taxation,6,0.25,False,True,False
166,70-3,51410.0,"(27, 38)",taxation,6,0.25,False,True,False
166,239-3,49020.625,"(38, 29)",taxation,6,0.25,False,True,False
166,243-3,46590.125,"(20, 24)",taxation,6,0.25,False,True,False
166,192-3,44189.25,"(31, 18)",taxation,6,0.25,False,True,False
166,143-3,49004.3125,"(31, 21)",taxation,6,0.25,False,True,False
166,35-3,49017.875,"(35, 30)",taxation,6,0.25,False,True,False
166,3-3,29677.6875,"(17, 27)",taxation,6,0.25,False,True,False
166,181-3,48988.937500000015,"(28, 22)",taxation,6,0.25,False,True,False
166,105-3,44173.625,"(39, 32)",taxation,6,0.25,False,True,False
166,177-3,49046.3125,"(39, 12)",taxation,6,0.25,False,True,False
166,167-4,38755.734375,"(21, 20)",taxation,6,0.25,False,True,False
166,173-4,10435.8125,"(28, 20)",taxation,6,0.25,False,True,False
166,44-3,32109.0,"(17, 15)",taxation,6,0.25,False,True,False
166,216-3,53806.5,"(35, 8)",taxation,6,0.25,False,True,False
166,217-3,29700.375,"(4, 46)",taxation,6,0.25,False,True,False
166,138-3,51360.8125,"(23, 45)",taxation,6,0.25,False,True,False
166,75-4,35096.0625,"(20, 32)",taxation,6,0.25,False,True,False
166,74-4,42944.0,"(17, 12)",taxation,6,0.25,False,True,False
166,191-3,56192.5625,"(15, 45)",taxation,6,0.25,False,True,False
166,240-4,12782.3125,"(23, 35)",taxation,6,0.25,False,True,False
166,20-3,46600.75,"(35, 28)",taxation,6,0.25,False,True,False
166,159-3,39346.375,"(7, 28)",taxation,6,0.25,False,True,False
166,158-4,35696.0625,"(9, 21)",taxation,6,0.25,False,True,False
166,66-3,53817.8125,"(31, 20)",taxation,6,0.25,False,True,False
166,170-4,33931.734375,"(37, 10)",taxation,6,0.25,False,True,False
166,146-4,15239.3125,"(34, 18)",taxation,6,0.25,False,True,False
166,208-4,39330.703125,"(25, 22)",taxation,6,0.25,False,True,False
166,219-4,42953.3125,"(32, 23)",taxation,6,0.25,False,True,False
166,140-4,756.0625,"(16, 46)",taxation,6,0.25,False,True,False
166,210-3,58638.5625,"(30, 23)",taxation,6,0.25,False,True,False
166,198-4,35123.71875,"(38, 9)",taxation,6,0.25,False,True,False
166,246-4,36934.3125,"(37, 27)",taxation,6,0.25,False,True,False
166,187-4,20015.1875,"(24, 30)",taxation,6,0.25,False,True,False
166,179-4,32131.53125,"(17, 21)",taxation,6,0.25,False,True,False
166,23-4,39896.5,"(1, 22)",taxation,6,0.25,False,True,False
166,31-4,44142.46875,"(14, 28)",taxation,6,0.25,False,True,False
166,150-3,41722.4375,"(23, 28)",taxation,6,0.25,False,True,False
166,12-3,46567.8125,"(37, 9)",taxation,6,0.25,False,True,False
166,98-4,20066.0625,"(34, 29)",taxation,6,0.25,False,True,False
166,126-3,48994.0625,"(38, 12)",taxation,6,0.25,False,True,False
166,176-4,744.1875,"(4, 22)",taxation,6,0.25,False,True,False
166,28-4,33893.203125,"(30, 21)",taxation,6,0.25,False,True,False
167,149-3,44439.75,"(34, 22)",taxation,6,0.25,False,True,False
167,17-3,54052.375,"(42, 36)",taxation,6,0.25,False,True,False
167,67-2,49266.75,"(33, 23)",taxation,6,0.25,False,True,False
167,142-3,32307.8125,"(28, 39)",taxation,6,0.25,False,True,False
167,76-3,49226.562500000015,"(29, 23)",taxation,6,0.25,False,True,False
167,94-3,17075.5,"(15, 19)",taxation,6,0.25,False,True,False
167,241-3,46778.625,"(6, 37)",taxation,6,0.25,False,True,False
167,242-3,22704.9375,"(40, 10)",taxation,6,0.25,False,True,False
167,10-3,51631.1875,"(38, 4)",taxation,6,0.25,False,True,False
167,172-3,53993.3125,"(20, 31)",taxation,6,0.25,False,True,False
167,189-3,44445.125,"(41, 5)",taxation,6,0.25,False,True,False
167,206-3,49992.4375,"(10, 20)",taxation,6,0.25,False,True,False
167,182-3,51561.1875,"(30, 29)",taxation,6,0.25,False,True,False
167,42-3,37190.625,"(22, 19)",taxation,6,0.25,False,True,False
167,148-3,39539.9375,"(20, 20)",taxation,6,0.25,False,True,False
167,0-3,34744.4375,"(18, 16)",taxation,6,0.25,False,True,False
167,212-3,51636.8125,"(38, 6)",taxation,6,0.25,False,True,False
167,225-3,51609.5625,"(30, 30)",taxation,6,0.25,False,True,False
167,6-3,56427.5,"(18, 29)",taxation,6,0.25,False,True,False
167,38-3,51584.125,"(23, 33)",taxation,6,0.25,False,True,False
167,54-3,49187.1875,"(19, 17)",taxation,6,0.25,False,True,False
167,63-3,46749.5625,"(25, 23)",taxation,6,0.25,False,True,False
167,144-3,49248.875,"(37, 38)",taxation,6,0.25,False,True,False
167,22-3,56428.75,"(23, 27)",taxation,6,0.25,False,True,False
167,162-3,51556.875,"(11, 20)",taxation,6,0.25,False,True,False
167,249-3,51654.75,"(24, 35)",taxation,6,0.25,False,True,False
167,180-3,49194.6875,"(34, 35)",taxation,6,0.25,False,True,False
167,83-3,54002.5625,"(22, 18)",taxation,6,0.25,False,True,False
167,133-3,44391.25,"(35, 4)",taxation,6,0.25,False,True,False
167,16-3,56436.125,"(23, 25)",taxation,6,0.25,False,True,False
167,51-3,51616.875,"(29, 26)",taxation,6,0.25,False,True,False
167,4-3,37105.6875,"(31, 35)",taxation,6,0.25,False,True,False
167,111-3,53979.6875,"(10, 26)",taxation,6,0.25,False,True,False
167,91-3,54020.0625,"(17, 20)",taxation,6,0.25,False,True,False
167,95-3,56433.875,"(33, 29)",taxation,6,0.25,False,True,False
167,106-3,46771.8125,"(32, 34)",taxation,6,0.25,False,True,False
167,56-3,49187.5625,"(28, 9)",taxation,6,0.25,False,True,False
167,71-3,54013.9375,"(29, 31)",taxation,6,0.25,False,True,False
167,226-3,49157.0625,"(24, 27)",taxation,6,0.25,False,True,False
167,205-3,25088.8125,"(36, 3)",taxation,6,0.25,False,True,False
167,165-3,58771.25,"(8, 26)",taxation,6,0.25,False,True,False
167,231-3,32309.8125,"(32, 26)",taxation,6,0.25,False,True,False
167,25-3,44355.25,"(17, 16)",taxation,6,0.25,False,True,False
167,137-3,44349.375,"(31, 30)",taxation,6,0.25,False,True,False
167,73-3,51575.6875,"(14, 33)",taxation,6,0.25,False,True,False
167,214-3,32268.25,"(24, 13)",taxation,6,0.25,False,True,False
167,21-3,46748.6875,"(3, 19)",taxation,6,0.25,False,True,False
167,201-3,34664.9375,"(39, 28)",taxation,6,0.25,False,True,False
167,169-3,39515.25,"(14, 22)",taxation,6,0.25,False,True,False
167,110-3,56413.75,"(22, 25)",taxation,6,0.25,False,True,False
167,183-3,34713.0625,"(36, 10)",taxation,6,0.25,False,True,False
167,125-3,53960.5,"(25, 27)",taxation,6,0.25,False,True,False
167,168-3,54012.875,"(20, 25)",taxation,6,0.25,False,True,False
167,156-3,37105.625,"(17, 29)",taxation,6,0.25,False,True,False
167,53-3,32302.6875,"(36, 25)",taxation,6,0.25,False,True,False
167,122-3,41915.6875,"(13, 19)",taxation,6,0.25,False,True,False
167,234-3,51529.125,"(13, 22)",taxation,6,0.25,False,True,False
167,134-3,49183.0,"(36, 5)",taxation,6,0.25,False,True,False
167,141-3,39543.375,"(38, 10)",taxation,6,0.25,False,True,False
167,145-3,51569.0,"(37, 13)",taxation,6,0.25,False,True,False
167,209-3,56420.625,"(24, 29)",taxation,6,0.25,False,True,False
167,247-3,44324.75,"(30, 32)",taxation,6,0.25,False,True,False
167,203-3,58788.6875,"(21, 25)",taxation,6,0.25,False,True,False
167,50-3,56372.125,"(7, 26)",taxation,6,0.25,False,True,False
167,45-3,51560.8125,"(19, 19)",taxation,6,0.25,False,True,False
167,78-3,46753.6875,"(19, 18)",taxation,6,0.25,False,True,False
167,147-3,49166.5625,"(36, 27)",taxation,6,0.25,False,True,False
167,193-3,44329.125,"(26, 36)",taxation,6,0.25,False,True,False
167,5-3,22620.625,"(31, 29)",taxation,6,0.25,False,True,False
167,175-3,41896.375,"(15, 21)",taxation,6,0.25,False,True,False
167,196-3,34669.0,"(8, 21)",taxation,6,0.25,False,True,False
167,112-3,53964.625,"(11, 48)",taxation,6,0.25,False,True,False
167,113-3,51536.0625,"(1, 19)",taxation,6,0.25,False,True,False
167,55-3,53958.9375,"(28, 28)",taxation,6,0.25,False,True,False
167,33-3,39466.9375,"(20, 21)",taxation,6,0.25,False,True,False
167,68-3,41924.3125,"(24, 18)",taxation,6,0.25,False,True,False
167,161-3,41902.5,"(11, 26)",taxation,6,0.25,False,True,False
167,100-3,49173.5625,"(31, 28)",taxation,6,0.25,False,True,False
167,155-3,51569.4375,"(32, 32)",taxation,6,0.25,False,True,False
167,41-3,53986.0,"(43, 22)",taxation,6,0.25,False,True,False
167,115-3,53960.3125,"(9, 20)",taxation,6,0.25,False,True,False
167,207-3,39500.8125,"(40, 13)",taxation,6,0.25,False,True,False
167,120-3,56358.5,"(15, 18)",taxation,6,0.25,False,True,False
167,11-3,39482.1875,"(34, 4)",taxation,6,0.25,False,True,False
167,102-3,34645.125,"(21, 32)",taxation,6,0.25,False,True,False
167,130-3,53929.125,"(0, 19)",taxation,6,0.25,False,True,False
167,103-3,49126.875,"(27, 29)",taxation,6,0.25,False,True,False
167,202-3,56391.5,"(27, 25)",taxation,6,0.25,False,True,False
167,164-3,51564.4375,"(40, 19)",taxation,6,0.25,False,True,False
167,2-3,49145.8125,"(23, 18)",taxation,6,0.25,False,True,False
167,186-3,46774.1875,"(37, 5)",taxation,6,0.25,False,True,False
167,85-3,44313.75,"(8, 20)",taxation,6,0.25,False,True,False
167,64-3,49090.0,"(14, 19)",taxation,6,0.25,False,True,False
167,188-3,49116.125,"(18, 37)",taxation,6,0.25,False,True,False
167,32-3,53927.8125,"(20, 48)",taxation,6,0.25,False,True,False
167,57-3,44296.6875,"(30, 27)",taxation,6,0.25,False,True,False
167,132-3,53961.3125,"(43, 23)",taxation,6,0.25,False,True,False
167,163-3,58742.5,"(3, 20)",taxation,6,0.25,False,True,False
167,19-3,51552.0,"(30, 25)",taxation,6,0.25,False,True,False
167,107-3,53896.875,"(22, 27)",taxation,6,0.25,False,True,False
167,221-3,46690.625,"(21, 33)",taxation,6,0.25,False,True,False
167,96-3,56348.375,"(22, 32)",taxation,6,0.25,False,True,False
167,92-3,53920.25,"(33, 25)",taxation,6,0.25,False,True,False
167,116-3,53966.125,"(37, 16)",taxation,6,0.25,False,True,False
167,13-3,46705.6875,"(22, 33)",taxation,6,0.25,False,True,False
167,174-3,53952.125,"(33, 28)",taxation,6,0.25,False,True,False
167,69-3,53889.875,"(9, 23)",taxation,6,0.25,False,True,False
167,184-3,49059.9375,"(22, 31)",taxation,6,0.25,False,True,False
167,237-3,39450.3125,"(7, 38)",taxation,6,0.25,False,True,False
167,90-3,44269.875,"(2, 44)",taxation,6,0.25,False,True,False
167,18-3,56343.3125,"(14, 21)",taxation,6,0.25,False,True,False
167,121-3,49125.0,"(4, 45)",taxation,6,0.25,False,True,False
167,30-3,56364.9375,"(40, 9)",taxation,6,0.25,False,True,False
167,97-3,39439.3125,"(24, 28)",taxation,6,0.25,False,True,False
167,229-3,53942.6875,"(16, 36)",taxation,6,0.25,False,True,False
167,27-3,44254.0625,"(30, 31)",taxation,6,0.25,False,True,False
167,117-3,44270.625,"(32, 31)",taxation,6,0.25,False,True,False
167,80-3,53913.625,"(27, 23)",taxation,6,0.25,False,True,False
167,166-3,46656.4375,"(17, 42)",taxation,6,0.25,False,True,False
167,86-3,49123.5,"(26, 27)",taxation,6,0.25,False,True,False
167,160-3,44259.75,"(7, 20)",taxation,6,0.25,False,True,False
167,233-3,46676.4375,"(23, 34)",taxation,6,0.25,False,True,False
167,235-3,49081.9375,"(21, 21)",taxation,6,0.25,False,True,False
167,48-3,51451.5,"(5, 20)",taxation,6,0.25,False,True,False
167,88-3,49104.0,"(34, 26)",taxation,6,0.25,False,True,False
167,52-3,37053.4375,"(31, 6)",taxation,6,0.25,False,True,False
167,58-3,51489.875,"(31, 25)",taxation,6,0.25,False,True,False
167,248-3,49099.1875,"(39, 11)",taxation,6,0.25,False,True,False
167,108-3,27391.6875,"(34, 28)",taxation,6,0.25,False,True,False
167,82-3,51505.125,"(25, 24)",taxation,6,0.25,False,True,False
167,236-3,49103.9375,"(34, 3)",taxation,6,0.25,False,True,False
167,104-3,46714.125,"(29, 25)",taxation,6,0.25,False,True,False
167,152-3,51486.1875,"(22, 23)",taxation,6,0.25,False,True,False
167,109-3,49100.875,"(16, 16)",taxation,6,0.25,False,True,False
167,72-3,56308.875,"(14, 17)",taxation,6,0.25,False,True,False
167,127-3,51478.5,"(13, 15)",taxation,6,0.25,False,True,False
167,61-3,58744.1875,"(34, 25)",taxation,6,0.25,False,True,False
167,232-3,29747.6875,"(10, 43)",taxation,6,0.25,False,True,False
167,65-3,56297.9375,"(37, 31)",taxation,6,0.25,False,True,False
167,124-3,46661.1875,"(28, 30)",taxation,6,0.25,False,True,False
167,62-3,49085.125,"(24, 24)",taxation,6,0.25,False,True,False
167,59-3,44259.9375,"(44, 23)",taxation,6,0.25,False,True,False
167,89-3,51502.0625,"(30, 26)",taxation,6,0.25,False,True,False
167,26-3,39448.5625,"(25, 25)",taxation,6,0.25,False,True,False
167,14-3,12916.875,"(38, 33)",taxation,6,0.25,False,True,False
167,194-3,44250.625,"(13, 21)",taxation,6,0.25,False,True,False
167,37-3,51500.0625,"(43, 36)",taxation,6,0.25,False,True,False
167,36-3,37022.4375,"(23, 26)",taxation,6,0.25,False,True,False
167,7-3,37045.375,"(30, 24)",taxation,6,0.25,False,True,False
167,47-3,34571.3125,"(25, 44)",taxation,6,0.25,False,True,False
167,223-3,34610.5,"(30, 28)",taxation,6,0.25,False,True,False
167,129-3,46679.5,"(4, 20)",taxation,6,0.25,False,True,False
167,77-3,41830.125,"(28, 25)",taxation,6,0.25,False,True,False
167,43-3,49050.8125,"(25, 35)",taxation,6,0.25,False,True,False
167,128-3,53921.25,"(37, 12)",taxation,6,0.25,False,True,False
167,79-3,46646.1875,"(2, 19)",taxation,6,0.25,False,True,False
167,199-3,56266.25,"(25, 26)",taxation,6,0.25,False,True,False
167,136-3,39420.375,"(21, 31)",taxation,6,0.25,False,True,False
167,99-3,46639.9375,"(33, 35)",taxation,6,0.25,False,True,False
167,84-3,49062.625,"(12, 19)",taxation,6,0.25,False,True,False
167,123-3,56308.5625,"(29, 24)",taxation,6,0.25,False,True,False
167,119-3,49050.75,"(37, 15)",taxation,6,0.25,False,True,False
167,46-3,34574.5,"(26, 13)",taxation,6,0.25,False,True,False
167,190-3,49045.0625,"(7, 25)",taxation,6,0.25,False,True,False
167,215-3,53907.625,"(40, 8)",taxation,6,0.25,False,True,False
167,220-3,53889.25,"(28, 26)",taxation,6,0.25,False,True,False
167,157-3,46641.1875,"(27, 26)",taxation,6,0.25,False,True,False
167,245-3,53854.0625,"(16, 20)",taxation,6,0.25,False,True,False
167,195-3,22520.9375,"(33, 20)",taxation,6,0.25,False,True,False
167,15-3,44241.0625,"(26, 23)",taxation,6,0.25,False,True,False
167,224-3,41811.3125,"(22, 24)",taxation,6,0.25,False,True,False
167,87-3,49033.625,"(36, 6)",taxation,6,0.25,False,True,False
167,135-3,49034.0625,"(10, 41)",taxation,6,0.25,False,True,False
167,8-3,49055.25,"(29, 28)",taxation,6,0.25,False,True,False
167,227-3,53869.375,"(38, 13)",taxation,6,0.25,False,True,False
167,178-3,53868.1875,"(32, 25)",taxation,6,0.25,False,True,False
167,114-3,56293.3125,"(27, 27)",taxation,6,0.25,False,True,False
167,118-3,53818.625,"(20, 43)",taxation,6,0.25,False,True,False
167,244-3,56280.875,"(26, 24)",taxation,6,0.25,False,True,False
167,34-3,44194.5,"(5, 19)",taxation,6,0.25,False,True,False
167,60-3,51440.4375,"(33, 33)",taxation,6,0.25,False,True,False
167,218-3,56290.125,"(24, 26)",taxation,6,0.25,False,True,False
167,49-3,46633.875,"(24, 23)",taxation,6,0.25,False,True,False
167,185-3,49075.125,"(37, 6)",taxation,6,0.25,False,True,False
167,228-4,29090.9375,"(27, 30)",taxation,6,0.25,False,True,False
167,24-3,39441.125,"(37, 33)",taxation,6,0.25,False,True,False
167,9-3,41823.9375,"(40, 6)",taxation,6,0.25,False,True,False
167,39-3,34537.625,"(23, 32)",taxation,6,0.25,False,True,False
167,151-3,39349.1875,"(25, 14)",taxation,6,0.25,False,True,False
167,29-3,49039.9375,"(44, 17)",taxation,6,0.25,False,True,False
167,230-3,39396.0,"(24, 25)",taxation,6,0.25,False,True,False
167,131-3,49025.75,"(42, 12)",taxation,6,0.25,False,True,False
167,81-3,46650.6875,"(25, 12)",taxation,6,0.25,False,True,False
167,222-3,49015.125,"(17, 22)",taxation,6,0.25,False,True,False
167,171-3,49020.375,"(9, 19)",taxation,6,0.25,False,True,False
167,200-3,46618.5,"(32, 21)",taxation,6,0.25,False,True,False
167,238-3,49024.5,"(44, 10)",taxation,6,0.25,False,True,False
167,153-3,24887.25,"(24, 16)",taxation,6,0.25,False,True,False
167,197-3,39375.1875,"(11, 18)",taxation,6,0.25,False,True,False
167,139-4,44201.765625,"(25, 20)",taxation,6,0.25,False,True,False
167,204-3,53820.375,"(32, 35)",taxation,6,0.25,False,True,False
167,211-3,32115.8125,"(26, 28)",taxation,6,0.25,False,True,False
167,93-3,22480.0,"(14, 20)",taxation,6,0.25,False,True,False
167,101-3,49043.5625,"(36, 4)",taxation,6,0.25,False,True,False
167,213-3,49030.625,"(44, 24)",taxation,6,0.25,False,True,False
167,70-3,51419.0,"(31, 34)",taxation,6,0.25,False,True,False
167,239-3,49029.625,"(32, 33)",taxation,6,0.25,False,True,False
167,243-3,46598.125,"(21, 22)",taxation,6,0.25,False,True,False
167,192-3,44199.25,"(28, 23)",taxation,6,0.25,False,True,False
167,143-3,49013.3125,"(31, 23)",taxation,6,0.25,False,True,False
167,35-3,49026.875,"(32, 30)",taxation,6,0.25,False,True,False
167,3-3,29684.6875,"(13, 24)",taxation,6,0.25,False,True,False
167,181-3,48997.937500000015,"(27, 24)",taxation,6,0.25,False,True,False
167,105-3,44182.625,"(36, 33)",taxation,6,0.25,False,True,False
167,177-3,49053.3125,"(44, 8)",taxation,6,0.25,False,True,False
167,167-4,38764.734375,"(22, 21)",taxation,6,0.25,False,True,False
167,173-4,10444.8125,"(26, 26)",taxation,6,0.25,False,True,False
167,44-3,32117.0,"(18, 17)",taxation,6,0.25,False,True,False
167,216-3,53814.5,"(35, 3)",taxation,6,0.25,False,True,False
167,217-3,29704.375,"(10, 42)",taxation,6,0.25,False,True,False
167,138-3,51368.8125,"(29, 39)",taxation,6,0.25,False,True,False
167,75-4,35105.0625,"(25, 28)",taxation,6,0.25,False,True,False
167,74-4,42952.0,"(16, 17)",taxation,6,0.25,False,True,False
167,191-3,56198.5625,"(19, 43)",taxation,6,0.25,False,True,False
167,240-4,12791.3125,"(28, 29)",taxation,6,0.25,False,True,False
167,20-3,46609.75,"(33, 30)",taxation,6,0.25,False,True,False
167,159-3,39354.375,"(8, 23)",taxation,6,0.25,False,True,False
167,158-4,35705.0625,"(6, 20)",taxation,6,0.25,False,True,False
167,66-3,53820.8125,"(35, 26)",taxation,6,0.25,False,True,False
167,170-4,33940.734375,"(37, 4)",taxation,6,0.25,False,True,False
167,146-4,15248.3125,"(32, 24)",taxation,6,0.25,False,True,False
167,208-4,39339.703125,"(23, 24)",taxation,6,0.25,False,True,False
167,219-4,42962.3125,"(28, 27)",taxation,6,0.25,False,True,False
167,140-4,762.0625,"(18, 45)",taxation,6,0.25,False,True,False
167,210-3,58647.5625,"(29, 29)",taxation,6,0.25,False,True,False
167,198-4,35131.71875,"(38, 3)",taxation,6,0.25,False,True,False
167,246-4,36943.3125,"(31, 31)",taxation,6,0.25,False,True,False
167,187-4,20024.1875,"(26, 29)",taxation,6,0.25,False,True,False
167,179-4,32140.53125,"(18, 21)",taxation,6,0.25,False,True,False
167,23-4,39904.5,"(0, 20)",taxation,6,0.25,False,True,False
167,31-4,44150.46875,"(20, 30)",taxation,6,0.25,False,True,False
167,150-3,41732.4375,"(26, 22)",taxation,6,0.25,False,True,False
167,12-3,46575.8125,"(39, 4)",taxation,6,0.25,False,True,False
167,98-4,20076.0625,"(28, 24)",taxation,6,0.25,False,True,False
167,126-3,49001.0625,"(43, 10)",taxation,6,0.25,False,True,False
167,176-4,752.1875,"(5, 22)",taxation,6,0.25,False,True,False
167,28-4,33902.203125,"(26, 25)",taxation,6,0.25,False,True,False
167,154-4,17611.3125,"(8, 32)",taxation,6,0.25,False,True,False
167,40-4,40534.3125,"(27, 28)",taxation,6,0.25,False,True,False
167,1-4,28491.140625,"(18, 19)",taxation,6,0.25,False,True,False
168,149-3,44446.75,"(39, 27)",taxation,6,0.25,False,True,False
168,17-3,54061.375,"(39, 33)",taxation,6,0.25,False,True,False
168,142-3,32316.8125,"(31, 38)",taxation,6,0.25,False,True,False
168,94-3,17084.5,"(12, 15)",taxation,6,0.25,False,True,False
168,241-3,46785.625,"(11, 31)",taxation,6,0.25,False,True,False
168,242-3,22712.9375,"(45, 4)",taxation,6,0.25,False,True,False
168,10-3,51639.1875,"(39, 3)",taxation,6,0.25,False,True,False
168,172-3,54002.3125,"(25, 30)",taxation,6,0.25,False,True,False
168,189-3,44454.125,"(41, 2)",taxation,6,0.25,False,True,False
168,206-3,50001.4375,"(8, 19)",taxation,6,0.25,False,True,False
168,182-3,51570.1875,"(30, 34)",taxation,6,0.25,False,True,False
168,42-3,37198.625,"(18, 13)",taxation,6,0.25,False,True,False
168,148-3,39547.9375,"(14, 14)",taxation,6,0.25,False,True,False
168,0-3,34752.4375,"(18, 14)",taxation,6,0.25,False,True,False
168,212-3,51644.8125,"(38, 1)",taxation,6,0.25,False,True,False
168,225-3,51619.5625,"(33, 36)",taxation,6,0.25,False,True,False
168,6-3,56435.5,"(21, 30)",taxation,6,0.25,False,True,False
168,38-3,51592.125,"(26, 38)",taxation,6,0.25,False,True,False
168,54-3,49195.1875,"(13, 14)",taxation,6,0.25,False,True,False
168,63-3,46752.5625,"(24, 21)",taxation,6,0.25,False,True,False
168,144-3,49256.875,"(37, 37)",taxation,6,0.25,False,True,False
168,22-3,56435.75,"(19, 33)",taxation,6,0.25,False,True,False
168,162-3,51564.875,"(8, 16)",taxation,6,0.25,False,True,False
168,249-3,51663.75,"(29, 37)",taxation,6,0.25,False,True,False
168,180-3,49203.6875,"(32, 38)",taxation,6,0.25,False,True,False
168,83-3,54009.5625,"(16, 14)",taxation,6,0.25,False,True,False
168,133-3,44399.25,"(35, 1)",taxation,6,0.25,False,True,False
168,16-3,56442.125,"(17, 30)",taxation,6,0.25,False,True,False
168,51-3,51619.875,"(34, 31)",taxation,6,0.25,False,True,False
168,4-3,37114.6875,"(30, 35)",taxation,6,0.25,False,True,False
168,111-3,53987.6875,"(12, 25)",taxation,6,0.25,False,True,False
168,91-3,54028.0625,"(12, 17)",taxation,6,0.25,False,True,False
168,95-3,56442.875,"(35, 34)",taxation,6,0.25,False,True,False
168,106-3,46780.8125,"(33, 40)",taxation,6,0.25,False,True,False
168,56-3,49194.5625,"(22, 9)",taxation,6,0.25,False,True,False
168,71-3,54020.9375,"(35, 36)",taxation,6,0.25,False,True,False
168,226-3,49161.0625,"(19, 23)",taxation,6,0.25,False,True,False
168,205-3,25097.8125,"(36, 2)",taxation,6,0.25,False,True,False
168,165-3,58779.25,"(8, 22)",taxation,6,0.25,False,True,False
168,231-3,32312.8125,"(34, 27)",taxation,6,0.25,False,True,False
168,25-3,44363.25,"(17, 14)",taxation,6,0.25,False,True,False
168,137-3,44358.375,"(29, 32)",taxation,6,0.25,False,True,False
168,73-3,51582.6875,"(18, 36)",taxation,6,0.25,False,True,False
168,214-3,32275.25,"(23, 10)",taxation,6,0.25,False,True,False
168,21-3,46756.6875,"(4, 18)",taxation,6,0.25,False,True,False
168,201-3,34673.9375,"(38, 32)",taxation,6,0.25,False,True,False
168,169-3,39524.25,"(16, 18)",taxation,6,0.25,False,True,False
168,110-3,56419.75,"(16, 30)",taxation,6,0.25,False,True,False
168,183-3,34720.0625,"(38, 7)",taxation,6,0.25,False,True,False
168,125-3,53969.5,"(28, 32)",taxation,6,0.25,False,True,False
168,168-3,54019.875,"(14, 26)",taxation,6,0.25,False,True,False
168,156-3,37113.625,"(22, 30)",taxation,6,0.25,False,True,False
168,53-3,32310.6875,"(42, 31)",taxation,6,0.25,False,True,False
168,122-3,41923.6875,"(10, 21)",taxation,6,0.25,False,True,False
168,234-3,51538.125,"(11, 19)",taxation,6,0.25,False,True,False
168,134-3,49192.0,"(33, 3)",taxation,6,0.25,False,True,False
168,141-3,39551.375,"(44, 4)",taxation,6,0.25,False,True,False
168,145-3,51575.0,"(40, 7)",taxation,6,0.25,False,True,False
168,209-3,56429.625,"(29, 35)",taxation,6,0.25,False,True,False
168,247-3,44334.75,"(31, 33)",taxation,6,0.25,False,True,False
168,203-3,58794.6875,"(15, 24)",taxation,6,0.25,False,True,False
168,50-3,56380.125,"(4, 23)",taxation,6,0.25,False,True,False
168,45-3,51568.8125,"(17, 13)",taxation,6,0.25,False,True,False
168,78-3,46762.6875,"(18, 18)",taxation,6,0.25,False,True,False
168,147-3,49175.5625,"(35, 32)",taxation,6,0.25,False,True,False
168,193-3,44338.125,"(27, 36)",taxation,6,0.25,False,True,False
168,5-3,22627.625,"(35, 35)",taxation,6,0.25,False,True,False
168,175-3,41904.375,"(10, 22)",taxation,6,0.25,False,True,False
168,196-3,34677.0,"(7, 17)",taxation,6,0.25,False,True,False
168,112-3,53970.625,"(16, 48)",taxation,6,0.25,False,True,False
168,113-3,51544.0625,"(2, 18)",taxation,6,0.25,False,True,False
168,55-3,53967.9375,"(34, 34)",taxation,6,0.25,False,True,False
168,33-3,39473.9375,"(14, 18)",taxation,6,0.25,False,True,False
168,68-3,41933.3125,"(20, 18)",taxation,6,0.25,False,True,False
168,161-3,41910.5,"(6, 22)",taxation,6,0.25,False,True,False
168,100-3,49180.5625,"(36, 34)",taxation,6,0.25,False,True,False
168,155-3,51578.4375,"(33, 32)",taxation,6,0.25,False,True,False
168,41-3,53993.0,"(45, 26)",taxation,6,0.25,False,True,False
168,115-3,53968.3125,"(9, 22)",taxation,6,0.25,False,True,False
168,207-3,39507.8125,"(44, 9)",taxation,6,0.25,False,True,False
168,120-3,56367.5,"(9, 18)",taxation,6,0.25,False,True,False
168,11-3,39491.1875,"(33, 2)",taxation,6,0.25,False,True,False
168,102-3,34654.125,"(27, 35)",taxation,6,0.25,False,True,False
168,130-3,53937.125,"(1, 20)",taxation,6,0.25,False,True,False
168,103-3,49135.875,"(29, 34)",taxation,6,0.25,False,True,False
168,202-3,56395.5,"(23, 30)",taxation,6,0.25,False,True,False
168,164-3,51570.4375,"(41, 19)",taxation,6,0.25,False,True,False
168,2-3,49153.8125,"(21, 16)",taxation,6,0.25,False,True,False
168,186-3,46783.1875,"(37, 3)",taxation,6,0.25,False,True,False
168,85-3,44321.75,"(8, 18)",taxation,6,0.25,False,True,False
168,64-3,49098.0,"(10, 18)",taxation,6,0.25,False,True,False
168,188-3,49124.125,"(23, 39)",taxation,6,0.25,False,True,False
168,32-3,53935.8125,"(25, 43)",taxation,6,0.25,False,True,False
168,57-3,44299.6875,"(32, 29)",taxation,6,0.25,False,True,False
168,132-3,53969.3125,"(39, 29)",taxation,6,0.25,False,True,False
168,163-3,58751.5,"(0, 18)",taxation,6,0.25,False,True,False
168,19-3,51561.0,"(34, 30)",taxation,6,0.25,False,True,False
168,107-3,53904.875,"(24, 33)",taxation,6,0.25,False,True,False
168,221-3,46699.625,"(27, 37)",taxation,6,0.25,False,True,False
168,96-3,56357.375,"(26, 35)",taxation,6,0.25,False,True,False
168,92-3,53929.25,"(35, 31)",taxation,6,0.25,False,True,False
168,116-3,53972.125,"(42, 15)",taxation,6,0.25,False,True,False
168,13-3,46714.6875,"(28, 35)",taxation,6,0.25,False,True,False
168,174-3,53961.125,"(35, 33)",taxation,6,0.25,False,True,False
168,69-3,53898.875,"(10, 19)",taxation,6,0.25,False,True,False
168,184-3,49068.9375,"(28, 36)",taxation,6,0.25,False,True,False
168,237-3,39456.3125,"(9, 32)",taxation,6,0.25,False,True,False
168,90-3,44273.875,"(2, 43)",taxation,6,0.25,False,True,False
168,18-3,56352.3125,"(16, 19)",taxation,6,0.25,False,True,False
168,121-3,49130.0,"(10, 39)",taxation,6,0.25,False,True,False
168,30-3,56373.9375,"(42, 3)",taxation,6,0.25,False,True,False
168,97-3,39443.3125,"(18, 32)",taxation,6,0.25,False,True,False
168,229-3,53949.6875,"(16, 35)",taxation,6,0.25,False,True,False
168,27-3,44263.0625,"(30, 33)",taxation,6,0.25,False,True,False
168,117-3,44279.625,"(34, 33)",taxation,6,0.25,False,True,False
168,80-3,53918.625,"(21, 24)",taxation,6,0.25,False,True,False
168,166-3,46663.4375,"(20, 44)",taxation,6,0.25,False,True,False
168,86-3,49132.5,"(26, 31)",taxation,6,0.25,False,True,False
168,160-3,44268.75,"(7, 19)",taxation,6,0.25,False,True,False
168,233-3,46685.4375,"(24, 34)",taxation,6,0.25,False,True,False
168,235-3,49088.9375,"(15, 15)",taxation,6,0.25,False,True,False
168,48-3,51459.5,"(5, 21)",taxation,6,0.25,False,True,False
168,88-3,49110.0,"(40, 28)",taxation,6,0.25,False,True,False
168,52-3,37061.4375,"(34, 2)",taxation,6,0.25,False,True,False
168,58-3,51497.875,"(36, 29)",taxation,6,0.25,False,True,False
168,248-3,49107.1875,"(45, 6)",taxation,6,0.25,False,True,False
168,108-3,27399.6875,"(38, 34)",taxation,6,0.25,False,True,False
168,82-3,51509.125,"(20, 19)",taxation,6,0.25,False,True,False
168,236-3,49111.9375,"(34, 1)",taxation,6,0.25,False,True,False
168,104-3,46717.125,"(23, 19)",taxation,6,0.25,False,True,False
168,152-3,51492.1875,"(19, 28)",taxation,6,0.25,False,True,False
168,109-3,49108.875,"(16, 15)",taxation,6,0.25,False,True,False
168,72-3,56317.875,"(9, 17)",taxation,6,0.25,False,True,False
168,127-3,51486.5,"(12, 14)",taxation,6,0.25,False,True,False
168,61-3,58752.1875,"(40, 31)",taxation,6,0.25,False,True,False
168,232-3,29753.6875,"(16, 43)",taxation,6,0.25,False,True,False
168,65-3,56306.9375,"(36, 37)",taxation,6,0.25,False,True,False
168,124-3,46666.1875,"(29, 36)",taxation,6,0.25,False,True,False
168,62-3,49089.125,"(18, 23)",taxation,6,0.25,False,True,False
168,59-3,44266.9375,"(46, 28)",taxation,6,0.25,False,True,False
168,89-3,51508.0625,"(34, 32)",taxation,6,0.25,False,True,False
168,26-3,39457.5625,"(25, 29)",taxation,6,0.25,False,True,False
168,14-3,12925.875,"(37, 35)",taxation,6,0.25,False,True,False
168,194-3,44258.625,"(11, 21)",taxation,6,0.25,False,True,False
168,37-3,51509.0625,"(42, 34)",taxation,6,0.25,False,True,False
168,36-3,37027.4375,"(17, 24)",taxation,6,0.25,False,True,False
168,7-3,37050.375,"(36, 28)",taxation,6,0.25,False,True,False
168,47-3,34579.3125,"(26, 43)",taxation,6,0.25,False,True,False
168,223-3,34620.5,"(31, 32)",taxation,6,0.25,False,True,False
168,129-3,46688.5,"(7, 18)",taxation,6,0.25,False,True,False
168,77-3,41834.125,"(29, 30)",taxation,6,0.25,False,True,False
168,43-3,49058.8125,"(24, 37)",taxation,6,0.25,False,True,False
168,128-3,53927.25,"(42, 8)",taxation,6,0.25,False,True,False
168,79-3,46654.1875,"(3, 18)",taxation,6,0.25,False,True,False
168,199-3,56270.25,"(21, 29)",taxation,6,0.25,False,True,False
168,136-3,39429.375,"(25, 32)",taxation,6,0.25,False,True,False
168,99-3,46648.9375,"(34, 36)",taxation,6,0.25,False,True,False
168,84-3,49070.625,"(11, 15)",taxation,6,0.25,False,True,False
168,123-3,56311.5625,"(29, 27)",taxation,6,0.25,False,True,False
168,119-3,49056.75,"(43, 19)",taxation,6,0.25,False,True,False
168,46-3,34581.5,"(22, 10)",taxation,6,0.25,False,True,False
168,190-3,49053.0625,"(2, 22)",taxation,6,0.25,False,True,False
168,215-3,53916.625,"(40, 3)",taxation,6,0.25,False,True,False
168,220-3,53891.25,"(33, 24)",taxation,6,0.25,False,True,False
168,157-3,46646.1875,"(24, 32)",taxation,6,0.25,False,True,False
168,245-3,53862.0625,"(13, 20)",taxation,6,0.25,False,True,False
168,195-3,22523.9375,"(38, 21)",taxation,6,0.25,False,True,False
168,15-3,44245.0625,"(20, 23)",taxation,6,0.25,False,True,False
168,224-3,41817.3125,"(20, 29)",taxation,6,0.25,False,True,False
168,87-3,49042.625,"(31, 2)",taxation,6,0.25,False,True,False
168,135-3,49040.0625,"(16, 40)",taxation,6,0.25,False,True,False
168,8-3,49059.25,"(27, 34)",taxation,6,0.25,False,True,False
168,227-3,53875.375,"(41, 7)",taxation,6,0.25,False,True,False
168,178-3,53877.1875,"(27, 31)",taxation,6,0.25,False,True,False
168,114-3,56297.3125,"(33, 31)",taxation,6,0.25,False,True,False
168,118-3,53826.625,"(24, 42)",taxation,6,0.25,False,True,False
168,244-3,56283.875,"(24, 20)",taxation,6,0.25,False,True,False
168,34-3,44202.5,"(5, 18)",taxation,6,0.25,False,True,False
168,60-3,51448.4375,"(34, 37)",taxation,6,0.25,False,True,False
168,218-3,56295.125,"(19, 25)",taxation,6,0.25,False,True,False
168,49-3,46637.875,"(22, 20)",taxation,6,0.25,False,True,False
168,185-3,49083.125,"(41, 3)",taxation,6,0.25,False,True,False
168,228-4,29099.9375,"(26, 33)",taxation,6,0.25,False,True,False
168,24-3,39450.125,"(38, 38)",taxation,6,0.25,False,True,False
168,9-3,41831.9375,"(41, 4)",taxation,6,0.25,False,True,False
168,39-3,34546.625,"(28, 37)",taxation,6,0.25,False,True,False
168,151-3,39356.1875,"(22, 11)",taxation,6,0.25,False,True,False
168,29-3,49045.9375,"(45, 15)",taxation,6,0.25,False,True,False
168,230-3,39401.0,"(18, 24)",taxation,6,0.25,False,True,False
168,131-3,49033.75,"(46, 6)",taxation,6,0.25,False,True,False
168,81-3,46658.6875,"(21, 13)",taxation,6,0.25,False,True,False
168,222-3,49023.125,"(14, 23)",taxation,6,0.25,False,True,False
168,171-3,49029.375,"(8, 17)",taxation,6,0.25,False,True,False
168,200-3,46621.5,"(35, 17)",taxation,6,0.25,False,True,False
168,238-3,49032.5,"(46, 7)",taxation,6,0.25,False,True,False
168,153-3,24896.25,"(21, 18)",taxation,6,0.25,False,True,False
168,197-3,39383.1875,"(10, 17)",taxation,6,0.25,False,True,False
168,139-4,44207.765625,"(21, 15)",taxation,6,0.25,False,True,False
168,204-3,53829.375,"(36, 38)",taxation,6,0.25,False,True,False
168,211-3,32122.8125,"(25, 33)",taxation,6,0.25,False,True,False
168,93-3,22488.0,"(10, 15)",taxation,6,0.25,False,True,False
168,101-3,49051.5625,"(37, 2)",taxation,6,0.25,False,True,False
168,213-3,49038.625,"(43, 30)",taxation,6,0.25,False,True,False
168,70-3,51428.0,"(30, 37)",taxation,6,0.25,False,True,False
168,239-3,49038.625,"(32, 36)",taxation,6,0.25,False,True,False
168,243-3,46605.125,"(15, 16)",taxation,6,0.25,False,True,False
168,192-3,44203.25,"(23, 17)",taxation,6,0.25,False,True,False
168,143-3,49016.3125,"(35, 25)",taxation,6,0.25,False,True,False
168,35-3,49035.875,"(33, 34)",taxation,6,0.25,False,True,False
168,3-3,29691.6875,"(13, 25)",taxation,6,0.25,False,True,False
168,181-3,49001.937500000015,"(21, 19)",taxation,6,0.25,False,True,False
168,105-3,44190.625,"(38, 35)",taxation,6,0.25,False,True,False
168,177-3,49061.3125,"(47, 6)",taxation,6,0.25,False,True,False
168,167-4,38771.734375,"(20, 15)",taxation,6,0.25,False,True,False
168,173-4,10447.8125,"(21, 28)",taxation,6,0.25,False,True,False
168,44-3,32125.0,"(19, 14)",taxation,6,0.25,False,True,False
168,216-3,53822.5,"(35, 2)",taxation,6,0.25,False,True,False
168,217-3,29710.375,"(16, 38)",taxation,6,0.25,False,True,False
168,138-3,51377.8125,"(30, 38)",taxation,6,0.25,False,True,False
168,75-4,35109.0625,"(26, 34)",taxation,6,0.25,False,True,False
168,74-4,42960.0,"(11, 16)",taxation,6,0.25,False,True,False
168,191-3,56206.5625,"(23, 40)",taxation,6,0.25,False,True,False
168,240-4,12800.3125,"(28, 33)",taxation,6,0.25,False,True,False
168,20-3,46618.75,"(36, 35)",taxation,6,0.25,False,True,False
168,159-3,39362.375,"(6, 18)",taxation,6,0.25,False,True,False
168,158-4,35713.0625,"(7, 21)",taxation,6,0.25,False,True,False
168,66-3,53828.8125,"(40, 30)",taxation,6,0.25,False,True,False
168,170-4,33949.734375,"(39, 2)",taxation,6,0.25,False,True,False
168,146-4,15250.3125,"(34, 24)",taxation,6,0.25,False,True,False
168,208-4,39344.703125,"(17, 23)",taxation,6,0.25,False,True,False
168,219-4,42964.3125,"(26, 32)",taxation,6,0.25,False,True,False
168,140-4,770.0625,"(24, 39)",taxation,6,0.25,False,True,False
168,210-3,58654.5625,"(25, 34)",taxation,6,0.25,False,True,False
168,198-4,35140.71875,"(39, 1)",taxation,6,0.25,False,True,False
168,246-4,36952.3125,"(31, 37)",taxation,6,0.25,False,True,False
168,187-4,20033.1875,"(26, 30)",taxation,6,0.25,False,True,False
168,179-4,32148.53125,"(12, 20)",taxation,6,0.25,False,True,False
168,23-4,39912.5,"(1, 18)",taxation,6,0.25,False,True,False
168,31-4,44158.46875,"(23, 31)",taxation,6,0.25,False,True,False
168,150-3,41737.4375,"(22, 16)",taxation,6,0.25,False,True,False
168,12-3,46584.8125,"(40, 2)",taxation,6,0.25,False,True,False
168,98-4,20080.0625,"(22, 29)",taxation,6,0.25,False,True,False
168,126-3,49008.0625,"(45, 8)",taxation,6,0.25,False,True,False
168,176-4,760.1875,"(4, 19)",taxation,6,0.25,False,True,False
168,28-4,33906.203125,"(21, 23)",taxation,6,0.25,False,True,False
168,154-4,17618.3125,"(9, 30)",taxation,6,0.25,False,True,False
168,40-4,40543.3125,"(28, 34)",taxation,6,0.25,False,True,False
168,1-4,28500.140625,"(17, 18)",taxation,6,0.25,False,True,False
168,76-4,36922.921875000015,"(23, 20)",taxation,6,0.25,False,True,False
168,67-3,36954.5625,"(37, 29)",taxation,6,0.25,False,True,False
169,149-3,44453.75,"(41, 31)",taxation,6,0.25,False,True,False
169,17-3,54069.375,"(44, 34)",taxation,6,0.25,False,True,False
169,142-3,32325.8125,"(30, 43)",taxation,6,0.25,False,True,False
169,94-3,17093.5,"(9, 13)",taxation,6,0.25,False,True,False
169,242-3,22721.9375,"(43, 3)",taxation,6,0.25,False,True,False
169,10-3,51648.1875,"(41, 1)",taxation,6,0.25,False,True,False
169,172-3,54008.3125,"(20, 36)",taxation,6,0.25,False,True,False
169,189-3,44462.125,"(40, 1)",taxation,6,0.25,False,True,False
169,206-3,50010.4375,"(6, 16)",taxation,6,0.25,False,True,False
169,42-3,37206.625,"(16, 13)",taxation,6,0.25,False,True,False
169,148-3,39555.9375,"(12, 11)",taxation,6,0.25,False,True,False
169,0-3,34760.4375,"(15, 11)",taxation,6,0.25,False,True,False
169,212-3,51652.8125,"(38, 2)",taxation,6,0.25,False,True,False
169,225-3,51628.5625,"(32, 41)",taxation,6,0.25,False,True,False
169,6-3,56442.5,"(15, 27)",taxation,6,0.25,False,True,False
169,38-3,51601.125,"(28, 43)",taxation,6,0.25,False,True,False
169,54-3,49204.1875,"(11, 13)",taxation,6,0.25,False,True,False
169,63-3,46758.5625,"(22, 15)",taxation,6,0.25,False,True,False
169,144-3,49265.875,"(31, 43)",taxation,6,0.25,False,True,False
169,22-3,56442.75,"(23, 38)",taxation,6,0.25,False,True,False
169,162-3,51572.875,"(10, 12)",taxation,6,0.25,False,True,False
169,249-3,51672.75,"(32, 39)",taxation,6,0.25,False,True,False
169,180-3,49212.6875,"(30, 41)",taxation,6,0.25,False,True,False
169,83-3,54017.5625,"(14, 11)",taxation,6,0.25,False,True,False
169,133-3,44408.25,"(36, 1)",taxation,6,0.25,False,True,False
169,16-3,56449.125,"(14, 27)",taxation,6,0.25,False,True,False
169,51-3,51626.875,"(39, 34)",taxation,6,0.25,False,True,False
169,4-3,37123.6875,"(28, 41)",taxation,6,0.25,False,True,False
169,111-3,53995.6875,"(11, 27)",taxation,6,0.25,False,True,False
169,91-3,54036.0625,"(12, 12)",taxation,6,0.25,False,True,False
169,95-3,56450.875,"(37, 36)",taxation,6,0.25,False,True,False
169,106-3,46789.8125,"(31, 42)",taxation,6,0.25,False,True,False
169,56-3,49202.5625,"(21, 9)",taxation,6,0.25,False,True,False
169,71-3,54029.9375,"(31, 41)",taxation,6,0.25,False,True,False
169,226-3,49165.0625,"(19, 26)",taxation,6,0.25,False,True,False
169,205-3,25105.8125,"(34, 0)",taxation,6,0.25,False,True,False
169,165-3,58787.25,"(7, 22)",taxation,6,0.25,False,True,False
169,231-3,32317.8125,"(40, 29)",taxation,6,0.25,False,True,False
169,25-3,44371.25,"(13, 11)",taxation,6,0.25,False,True,False
169,137-3,44363.375,"(33, 37)",taxation,6,0.25,False,True,False
169,73-3,51590.6875,"(19, 36)",taxation,6,0.25,False,True,False
169,214-3,32282.25,"(23, 9)",taxation,6,0.25,False,True,False
169,21-3,46764.6875,"(0, 24)",taxation,6,0.25,False,True,False
169,201-3,34682.9375,"(44, 32)",taxation,6,0.25,False,True,False
169,169-3,39532.25,"(12, 16)",taxation,6,0.25,False,True,False
169,110-3,56426.75,"(10, 31)",taxation,6,0.25,False,True,False
169,183-3,34729.0625,"(33, 1)",taxation,6,0.25,False,True,False
169,125-3,53974.5,"(31, 36)",taxation,6,0.25,False,True,False
169,168-3,54027.875,"(13, 26)",taxation,6,0.25,False,True,False
169,156-3,37119.625,"(16, 28)",taxation,6,0.25,False,True,False
169,53-3,32318.6875,"(46, 30)",taxation,6,0.25,False,True,False
169,122-3,41931.6875,"(6, 19)",taxation,6,0.25,False,True,False
169,234-3,51546.125,"(5, 25)",taxation,6,0.25,False,True,False
169,134-3,49201.0,"(33, 0)",taxation,6,0.25,False,True,False
169,141-3,39560.375,"(44, 3)",taxation,6,0.25,False,True,False
169,145-3,51583.0,"(35, 5)",taxation,6,0.25,False,True,False
169,209-3,56438.625,"(29, 41)",taxation,6,0.25,False,True,False
169,247-3,44340.75,"(32, 37)",taxation,6,0.25,False,True,False
169,203-3,58802.6875,"(11, 22)",taxation,6,0.25,False,True,False
169,50-3,56388.125,"(3, 24)",taxation,6,0.25,False,True,False
169,45-3,51577.8125,"(11, 12)",taxation,6,0.25,False,True,False
169,78-3,46770.6875,"(13, 16)",taxation,6,0.25,False,True,False
169,147-3,49180.5625,"(35, 37)",taxation,6,0.25,False,True,False
169,193-3,44347.125,"(29, 38)",taxation,6,0.25,False,True,False
169,5-3,22635.625,"(35, 40)",taxation,6,0.25,False,True,False
169,175-3,41912.375,"(10, 27)",taxation,6,0.25,False,True,False
169,196-3,34685.0,"(1, 23)",taxation,6,0.25,False,True,False
169,112-3,53978.625,"(20, 49)",taxation,6,0.25,False,True,False
169,113-3,51553.0625,"(3, 17)",taxation,6,0.25,False,True,False
169,55-3,53974.9375,"(39, 36)",taxation,6,0.25,False,True,False
169,33-3,39480.9375,"(14, 16)",taxation,6,0.25,False,True,False
169,68-3,41941.3125,"(14, 12)",taxation,6,0.25,False,True,False
169,161-3,41918.5,"(5, 24)",taxation,6,0.25,False,True,False
169,100-3,49189.5625,"(39, 37)",taxation,6,0.25,False,True,False
169,155-3,51587.4375,"(34, 38)",taxation,6,0.25,False,True,False
169,41-3,54002.0,"(45, 31)",taxation,6,0.25,False,True,False
169,115-3,53977.3125,"(7, 16)",taxation,6,0.25,False,True,False
169,207-3,39515.8125,"(46, 10)",taxation,6,0.25,False,True,False
169,120-3,56376.5,"(7, 15)",taxation,6,0.25,False,True,False
169,11-3,39499.1875,"(32, 3)",taxation,6,0.25,False,True,False
169,102-3,34661.125,"(24, 41)",taxation,6,0.25,False,True,False
169,130-3,53946.125,"(1, 24)",taxation,6,0.25,False,True,False
169,103-3,49144.875,"(26, 40)",taxation,6,0.25,False,True,False
169,202-3,56400.5,"(17, 33)",taxation,6,0.25,False,True,False
169,164-3,51577.4375,"(43, 20)",taxation,6,0.25,False,True,False
169,2-3,49160.8125,"(20, 10)",taxation,6,0.25,False,True,False
169,186-3,46792.1875,"(37, 1)",taxation,6,0.25,False,True,False
169,85-3,44329.75,"(2, 20)",taxation,6,0.25,False,True,False
169,64-3,49107.0,"(9, 15)",taxation,6,0.25,False,True,False
169,188-3,49133.125,"(25, 41)",taxation,6,0.25,False,True,False
169,32-3,53944.8125,"(27, 43)",taxation,6,0.25,False,True,False
169,57-3,44303.6875,"(36, 31)",taxation,6,0.25,False,True,False
169,132-3,53978.3125,"(45, 34)",taxation,6,0.25,False,True,False
169,163-3,58760.5,"(4, 17)",taxation,6,0.25,False,True,False
169,19-3,51568.0,"(39, 35)",taxation,6,0.25,False,True,False
169,107-3,53911.875,"(24, 38)",taxation,6,0.25,False,True,False
169,221-3,46708.625,"(29, 43)",taxation,6,0.25,False,True,False
169,96-3,56366.375,"(26, 41)",taxation,6,0.25,False,True,False
169,92-3,53937.25,"(41, 34)",taxation,6,0.25,False,True,False
169,116-3,53979.125,"(44, 20)",taxation,6,0.25,False,True,False
169,13-3,46723.6875,"(29, 40)",taxation,6,0.25,False,True,False
169,174-3,53968.125,"(40, 36)",taxation,6,0.25,False,True,False
169,69-3,53906.875,"(10, 16)",taxation,6,0.25,False,True,False
169,184-3,49077.9375,"(27, 40)",taxation,6,0.25,False,True,False
169,237-3,39464.3125,"(6, 30)",taxation,6,0.25,False,True,False
169,90-3,44279.875,"(4, 37)",taxation,6,0.25,False,True,False
169,18-3,56361.3125,"(11, 14)",taxation,6,0.25,False,True,False
169,121-3,49137.0,"(13, 33)",taxation,6,0.25,False,True,False
169,30-3,56381.9375,"(40, 4)",taxation,6,0.25,False,True,False
169,97-3,39450.3125,"(12, 32)",taxation,6,0.25,False,True,False
169,229-3,53957.6875,"(20, 37)",taxation,6,0.25,False,True,False
169,27-3,44271.0625,"(33, 38)",taxation,6,0.25,False,True,False
169,117-3,44288.625,"(35, 39)",taxation,6,0.25,False,True,False
169,80-3,53925.625,"(15, 26)",taxation,6,0.25,False,True,False
169,166-3,46672.4375,"(25, 42)",taxation,6,0.25,False,True,False
169,86-3,49136.5,"(20, 28)",taxation,6,0.25,False,True,False
169,160-3,44276.75,"(3, 23)",taxation,6,0.25,False,True,False
169,233-3,46692.4375,"(24, 40)",taxation,6,0.25,False,True,False
169,235-3,49096.9375,"(13, 12)",taxation,6,0.25,False,True,False
169,48-3,51468.5,"(5, 17)",taxation,6,0.25,False,True,False
169,88-3,49117.0,"(43, 29)",taxation,6,0.25,False,True,False
169,52-3,37069.4375,"(32, 2)",taxation,6,0.25,False,True,False
169,58-3,51504.875,"(40, 35)",taxation,6,0.25,False,True,False
169,248-3,49116.1875,"(42, 1)",taxation,6,0.25,False,True,False
169,108-3,27407.6875,"(44, 35)",taxation,6,0.25,False,True,False
169,82-3,51516.125,"(20, 13)",taxation,6,0.25,False,True,False
169,236-3,49120.9375,"(36, 0)",taxation,6,0.25,False,True,False
169,104-3,46724.125,"(22, 14)",taxation,6,0.25,False,True,False
169,152-3,51498.1875,"(17, 34)",taxation,6,0.25,False,True,False
169,109-3,49117.875,"(12, 13)",taxation,6,0.25,False,True,False
169,72-3,56325.875,"(9, 16)",taxation,6,0.25,False,True,False
169,127-3,51495.5,"(10, 13)",taxation,6,0.25,False,True,False
169,61-3,58760.1875,"(42, 32)",taxation,6,0.25,False,True,False
169,232-3,29761.6875,"(21, 45)",taxation,6,0.25,False,True,False
169,65-3,56315.9375,"(32, 43)",taxation,6,0.25,False,True,False
169,124-3,46675.1875,"(30, 39)",taxation,6,0.25,False,True,False
169,62-3,49096.125,"(12, 27)",taxation,6,0.25,False,True,False
169,59-3,44274.9375,"(47, 30)",taxation,6,0.25,False,True,False
169,89-3,51517.0625,"(38, 36)",taxation,6,0.25,False,True,False
169,26-3,39463.5625,"(19, 35)",taxation,6,0.25,False,True,False
169,14-3,12933.875,"(41, 35)",taxation,6,0.25,False,True,False
169,194-3,44267.625,"(8, 15)",taxation,6,0.25,False,True,False
169,37-3,51517.0625,"(43, 34)",taxation,6,0.25,False,True,False
169,36-3,37034.4375,"(13, 28)",taxation,6,0.25,False,True,False
169,7-3,37058.375,"(42, 30)",taxation,6,0.25,False,True,False
169,47-3,34588.3125,"(29, 44)",taxation,6,0.25,False,True,False
169,223-3,34628.5,"(37, 34)",taxation,6,0.25,False,True,False
169,129-3,46696.5,"(4, 24)",taxation,6,0.25,False,True,False
169,77-3,41837.125,"(35, 24)",taxation,6,0.25,False,True,False
169,43-3,49067.8125,"(26, 39)",taxation,6,0.25,False,True,False
169,128-3,53936.25,"(42, 2)",taxation,6,0.25,False,True,False
169,79-3,46662.1875,"(2, 24)",taxation,6,0.25,False,True,False
169,199-3,56276.25,"(16, 26)",taxation,6,0.25,False,True,False
169,136-3,39435.375,"(21, 37)",taxation,6,0.25,False,True,False
169,99-3,46655.9375,"(33, 41)",taxation,6,0.25,False,True,False
169,84-3,49078.625,"(11, 11)",taxation,6,0.25,False,True,False
169,123-3,56314.5625,"(27, 33)",taxation,6,0.25,False,True,False
169,119-3,49063.75,"(43, 21)",taxation,6,0.25,False,True,False
169,46-3,34589.5,"(19, 8)",taxation,6,0.25,False,True,False
169,190-3,49061.0625,"(2, 23)",taxation,6,0.25,False,True,False
169,215-3,53924.625,"(41, 0)",taxation,6,0.25,False,True,False
169,220-3,53895.25,"(39, 18)",taxation,6,0.25,False,True,False
169,157-3,46655.1875,"(28, 38)",taxation,6,0.25,False,True,False
169,245-3,53870.0625,"(10, 14)",taxation,6,0.25,False,True,False
169,195-3,22529.9375,"(42, 23)",taxation,6,0.25,False,True,False
169,15-3,44252.0625,"(15, 22)",taxation,6,0.25,False,True,False
169,224-3,41823.3125,"(16, 33)",taxation,6,0.25,False,True,False
169,87-3,49051.625,"(32, 1)",taxation,6,0.25,False,True,False
169,135-3,49048.0625,"(21, 42)",taxation,6,0.25,False,True,False
169,8-3,49067.25,"(33, 39)",taxation,6,0.25,False,True,False
169,227-3,53883.375,"(39, 5)",taxation,6,0.25,False,True,False
169,178-3,53883.1875,"(25, 37)",taxation,6,0.25,False,True,False
169,114-3,56305.3125,"(36, 36)",taxation,6,0.25,False,True,False
169,118-3,53835.625,"(26, 42)",taxation,6,0.25,False,True,False
169,244-3,56288.875,"(23, 16)",taxation,6,0.25,False,True,False
169,34-3,44211.5,"(6, 17)",taxation,6,0.25,False,True,False
169,60-3,51457.4375,"(35, 38)",taxation,6,0.25,False,True,False
169,218-3,56302.125,"(13, 27)",taxation,6,0.25,False,True,False
169,49-3,46643.875,"(23, 14)",taxation,6,0.25,False,True,False
169,185-3,49091.125,"(43, 1)",taxation,6,0.25,False,True,False
169,228-4,29105.9375,"(25, 39)",taxation,6,0.25,False,True,False
169,24-3,39458.125,"(44, 36)",taxation,6,0.25,False,True,False
169,9-3,41839.9375,"(38, 5)",taxation,6,0.25,False,True,False
169,39-3,34555.625,"(27, 39)",taxation,6,0.25,False,True,False
169,151-3,39363.1875,"(23, 12)",taxation,6,0.25,False,True,False
169,29-3,49052.9375,"(44, 21)",taxation,6,0.25,False,True,False
169,230-3,39406.0,"(14, 30)",taxation,6,0.25,False,True,False
169,131-3,49041.75,"(45, 5)",taxation,6,0.25,False,True,False
169,81-3,46666.6875,"(15, 8)",taxation,6,0.25,False,True,False
169,222-3,49031.125,"(9, 27)",taxation,6,0.25,False,True,False
169,171-3,49032.375,"(6, 23)",taxation,6,0.25,False,True,False
169,200-3,46627.5,"(40, 22)",taxation,6,0.25,False,True,False
169,238-3,49040.5,"(47, 4)",taxation,6,0.25,False,True,False
169,153-3,24904.25,"(15, 12)",taxation,6,0.25,False,True,False
169,197-3,39386.1875,"(14, 13)",taxation,6,0.25,False,True,False
169,139-4,44215.765625,"(18, 11)",taxation,6,0.25,False,True,False
169,204-3,53838.375,"(31, 44)",taxation,6,0.25,False,True,False
169,211-3,32129.8125,"(22, 37)",taxation,6,0.25,False,True,False
169,93-3,22497.0,"(9, 14)",taxation,6,0.25,False,True,False
169,101-3,49059.5625,"(39, 0)",taxation,6,0.25,False,True,False
169,213-3,49046.625,"(43, 31)",taxation,6,0.25,False,True,False
169,70-3,51437.0,"(31, 39)",taxation,6,0.25,False,True,False
169,239-3,49047.625,"(30, 42)",taxation,6,0.25,False,True,False
169,243-3,46613.125,"(13, 13)",taxation,6,0.25,False,True,False
169,192-3,44210.25,"(19, 13)",taxation,6,0.25,False,True,False
169,143-3,49023.3125,"(41, 30)",taxation,6,0.25,False,True,False
169,35-3,49043.875,"(34, 40)",taxation,6,0.25,False,True,False
169,3-3,29699.6875,"(10, 23)",taxation,6,0.25,False,True,False
169,181-3,49008.937500000015,"(20, 14)",taxation,6,0.25,False,True,False
169,105-3,44199.625,"(38, 37)",taxation,6,0.25,False,True,False
169,177-3,49069.3125,"(48, 5)",taxation,6,0.25,False,True,False
169,167-4,38779.734375,"(14, 9)",taxation,6,0.25,False,True,False
169,173-4,10453.8125,"(15, 25)",taxation,6,0.25,False,True,False
169,44-3,32133.0,"(14, 10)",taxation,6,0.25,False,True,False
169,216-3,53830.5,"(35, 0)",taxation,6,0.25,False,True,False
169,217-3,29718.375,"(22, 42)",taxation,6,0.25,False,True,False
169,138-3,51386.8125,"(29, 42)",taxation,6,0.25,False,True,False
169,75-4,35116.0625,"(25, 40)",taxation,6,0.25,False,True,False
169,74-4,42969.0,"(8, 14)",taxation,6,0.25,False,True,False
169,191-3,56215.5625,"(27, 42)",taxation,6,0.25,False,True,False
169,240-4,12808.3125,"(34, 39)",taxation,6,0.25,False,True,False
169,20-3,46624.75,"(36, 39)",taxation,6,0.25,False,True,False
169,159-3,39371.375,"(6, 15)",taxation,6,0.25,False,True,False
169,158-4,35721.0625,"(6, 25)",taxation,6,0.25,False,True,False
169,66-3,53837.8125,"(42, 33)",taxation,6,0.25,False,True,False
169,170-4,33958.734375,"(37, 0)",taxation,6,0.25,False,True,False
169,146-4,15254.3125,"(40, 26)",taxation,6,0.25,False,True,False
169,208-4,39352.703125,"(12, 26)",taxation,6,0.25,False,True,False
169,219-4,42969.3125,"(20, 35)",taxation,6,0.25,False,True,False
169,140-4,779.0625,"(27, 41)",taxation,6,0.25,False,True,False
169,210-3,58661.5625,"(20, 40)",taxation,6,0.25,False,True,False
169,198-4,35149.71875,"(38, 0)",taxation,6,0.25,False,True,False
169,246-4,36961.3125,"(28, 42)",taxation,6,0.25,False,True,False
169,187-4,20038.1875,"(30, 36)",taxation,6,0.25,False,True,False
169,179-4,32156.53125,"(6, 26)",taxation,6,0.25,False,True,False
169,23-4,39921.5,"(2, 17)",taxation,6,0.25,False,True,False
169,31-4,44164.46875,"(21, 36)",taxation,6,0.25,False,True,False
169,150-3,41745.4375,"(19, 11)",taxation,6,0.25,False,True,False
169,12-3,46592.8125,"(40, 0)",taxation,6,0.25,False,True,False
169,98-4,20086.0625,"(17, 35)",taxation,6,0.25,False,True,False
169,126-3,49016.0625,"(45, 3)",taxation,6,0.25,False,True,False
169,176-4,769.1875,"(5, 16)",taxation,6,0.25,False,True,False
169,28-4,33912.203125,"(16, 23)",taxation,6,0.25,False,True,False
169,154-4,17626.3125,"(11, 28)",taxation,6,0.25,False,True,False
169,40-4,40549.3125,"(30, 40)",taxation,6,0.25,False,True,False
169,1-4,28506.140625,"(22, 13)",taxation,6,0.25,False,True,False
169,76-4,36929.921875000015,"(21, 14)",taxation,6,0.25,False,True,False
169,67-3,36963.5625,"(41, 33)",taxation,6,0.25,False,True,False
169,182-4,38682.890625,"(28, 40)",taxation,6,0.25,False,True,False
169,241-4,35095.21875,"(7, 27)",taxation,6,0.25,False,True,False
170,17-3,54077.375,"(48, 34)",taxation,6,0.25,False,True,False
170,142-3,32334.8125,"(28, 48)",taxation,6,0.25,False,True,False
170,94-3,17097.5,"(15, 13)",taxation,6,0.25,False,True,False
170,242-3,22730.9375,"(46, 1)",taxation,6,0.25,False,True,False
170,10-3,51657.1875,"(43, 0)",taxation,6,0.25,False,True,False
170,172-3,54016.3125,"(22, 41)",taxation,6,0.25,False,True,False
170,189-3,44471.125,"(42, 0)",taxation,6,0.25,False,True,False
170,206-3,50013.4375,"(3, 22)",taxation,6,0.25,False,True,False
170,42-3,37213.625,"(20, 11)",taxation,6,0.25,False,True,False
170,148-3,39563.9375,"(18, 5)",taxation,6,0.25,False,True,False
170,0-3,34769.4375,"(14, 8)",taxation,6,0.25,False,True,False
170,212-3,51661.8125,"(33, 4)",taxation,6,0.25,False,True,False
170,225-3,51637.5625,"(28, 44)",taxation,6,0.25,False,True,False
170,6-3,56449.5,"(9, 33)",taxation,6,0.25,False,True,False
170,38-3,51611.125,"(30, 45)",taxation,6,0.25,False,True,False
170,54-3,49209.1875,"(17, 9)",taxation,6,0.25,False,True,False
170,63-3,46765.5625,"(26, 10)",taxation,6,0.25,False,True,False
170,144-3,49274.875,"(27, 44)",taxation,6,0.25,False,True,False
170,22-3,56451.75,"(23, 44)",taxation,6,0.25,False,True,False
170,162-3,51580.875,"(14, 7)",taxation,6,0.25,False,True,False
170,249-3,51680.75,"(28, 45)",taxation,6,0.25,False,True,False
170,180-3,49221.6875,"(28, 46)",taxation,6,0.25,False,True,False
170,83-3,54025.5625,"(18, 6)",taxation,6,0.25,False,True,False
170,133-3,44416.25,"(32, 6)",taxation,6,0.25,False,True,False
170,16-3,56454.125,"(17, 28)",taxation,6,0.25,False,True,False
170,51-3,51634.875,"(45, 35)",taxation,6,0.25,False,True,False
170,4-3,37132.6875,"(25, 46)",taxation,6,0.25,False,True,False
170,111-3,54003.6875,"(5, 28)",taxation,6,0.25,False,True,False
170,91-3,54041.0625,"(18, 7)",taxation,6,0.25,False,True,False
170,95-3,56454.875,"(43, 35)",taxation,6,0.25,False,True,False
170,106-3,46798.8125,"(29, 48)",taxation,6,0.25,False,True,False
170,56-3,49210.5625,"(21, 6)",taxation,6,0.25,False,True,False
170,71-3,54037.9375,"(25, 45)",taxation,6,0.25,False,True,False
170,226-3,49171.0625,"(16, 32)",taxation,6,0.25,False,True,False
170,205-3,25114.8125,"(32, 0)",taxation,6,0.25,False,True,False
170,165-3,58792.25,"(8, 28)",taxation,6,0.25,False,True,False
170,231-3,32324.8125,"(44, 30)",taxation,6,0.25,False,True,False
170,25-3,44380.25,"(13, 10)",taxation,6,0.25,False,True,False
170,137-3,44366.375,"(39, 32)",taxation,6,0.25,False,True,False
170,73-3,51598.6875,"(20, 41)",taxation,6,0.25,False,True,False
170,214-3,32290.25,"(23, 7)",taxation,6,0.25,False,True,False
170,21-3,46772.6875,"(0, 30)",taxation,6,0.25,False,True,False
170,201-3,34691.9375,"(47, 32)",taxation,6,0.25,False,True,False
170,169-3,39536.25,"(17, 11)",taxation,6,0.25,False,True,False
170,110-3,56434.75,"(8, 31)",taxation,6,0.25,False,True,False
170,183-3,34738.0625,"(30, 1)",taxation,6,0.25,False,True,False
170,125-3,53978.5,"(36, 30)",taxation,6,0.25,False,True,False
170,168-3,54032.875,"(14, 25)",taxation,6,0.25,False,True,False
170,156-3,37126.625,"(16, 34)",taxation,6,0.25,False,True,False
170,53-3,32327.6875,"(47, 33)",taxation,6,0.25,False,True,False
170,122-3,41939.6875,"(0, 25)",taxation,6,0.25,False,True,False
170,234-3,51555.125,"(3, 25)",taxation,6,0.25,False,True,False
170,134-3,49209.0,"(29, 0)",taxation,6,0.25,False,True,False
170,141-3,39569.375,"(45, 2)",taxation,6,0.25,False,True,False
170,145-3,51591.0,"(33, 5)",taxation,6,0.25,False,True,False
170,209-3,56447.625,"(27, 47)",taxation,6,0.25,False,True,False
170,247-3,44345.75,"(37, 32)",taxation,6,0.25,False,True,False
170,203-3,58810.6875,"(8, 27)",taxation,6,0.25,False,True,False
170,50-3,56397.125,"(1, 29)",taxation,6,0.25,False,True,False
170,45-3,51581.8125,"(16, 10)",taxation,6,0.25,False,True,False
170,78-3,46778.6875,"(18, 10)",taxation,6,0.25,False,True,False
170,147-3,49184.5625,"(38, 31)",taxation,6,0.25,False,True,False
170,193-3,44357.125,"(30, 44)",taxation,6,0.25,False,True,False
170,5-3,22643.625,"(30, 46)",taxation,6,0.25,False,True,False
170,175-3,41920.375,"(4, 30)",taxation,6,0.25,False,True,False
170,196-3,34694.0,"(2, 28)",taxation,6,0.25,False,True,False
170,112-3,53987.625,"(21, 49)",taxation,6,0.25,False,True,False
170,113-3,51556.0625,"(3, 21)",taxation,6,0.25,False,True,False
170,55-3,53979.9375,"(42, 35)",taxation,6,0.25,False,True,False
170,33-3,39484.9375,"(19, 16)",taxation,6,0.25,False,True,False
170,68-3,41946.3125,"(15, 6)",taxation,6,0.25,False,True,False
170,161-3,41927.5,"(4, 25)",taxation,6,0.25,False,True,False
170,100-3,49197.5625,"(45, 36)",taxation,6,0.25,False,True,False
170,155-3,51590.4375,"(29, 33)",taxation,6,0.25,False,True,False
170,41-3,54010.0,"(48, 31)",taxation,6,0.25,False,True,False
170,115-3,53980.3125,"(9, 21)",taxation,6,0.25,False,True,False
170,207-3,39523.8125,"(46, 8)",taxation,6,0.25,False,True,False
170,120-3,56379.5,"(12, 18)",taxation,6,0.25,False,True,False
170,11-3,39507.1875,"(29, 3)",taxation,6,0.25,False,True,False
170,102-3,34670.125,"(24, 47)",taxation,6,0.25,False,True,False
170,130-3,53955.125,"(1, 25)",taxation,6,0.25,False,True,False
170,103-3,49153.875,"(22, 44)",taxation,6,0.25,False,True,False
170,202-3,56407.5,"(15, 34)",taxation,6,0.25,False,True,False
170,164-3,51584.4375,"(47, 20)",taxation,6,0.25,False,True,False
170,2-3,49168.8125,"(22, 6)",taxation,6,0.25,False,True,False
170,186-3,46800.1875,"(43, 5)",taxation,6,0.25,False,True,False
170,85-3,44337.75,"(3, 26)",taxation,6,0.25,False,True,False
170,64-3,49110.0,"(13, 17)",taxation,6,0.25,False,True,False
170,188-3,49141.125,"(20, 45)",taxation,6,0.25,False,True,False
170,32-3,53953.8125,"(26, 47)",taxation,6,0.25,False,True,False
170,57-3,44309.6875,"(42, 29)",taxation,6,0.25,False,True,False
170,132-3,53987.3125,"(47, 34)",taxation,6,0.25,False,True,False
170,163-3,58763.5,"(4, 21)",taxation,6,0.25,False,True,False
170,19-3,51575.0,"(43, 32)",taxation,6,0.25,False,True,False
170,107-3,53919.875,"(23, 42)",taxation,6,0.25,False,True,False
170,221-3,46717.625,"(27, 48)",taxation,6,0.25,False,True,False
170,96-3,56375.375,"(24, 43)",taxation,6,0.25,False,True,False
170,92-3,53944.25,"(46, 34)",taxation,6,0.25,False,True,False
170,116-3,53987.125,"(49, 22)",taxation,6,0.25,False,True,False
170,13-3,46731.6875,"(29, 46)",taxation,6,0.25,False,True,False
170,174-3,53975.125,"(46, 35)",taxation,6,0.25,False,True,False
170,69-3,53910.875,"(16, 21)",taxation,6,0.25,False,True,False
170,184-3,49081.9375,"(22, 38)",taxation,6,0.25,False,True,False
170,237-3,39473.3125,"(3, 28)",taxation,6,0.25,False,True,False
170,90-3,44287.875,"(6, 31)",taxation,6,0.25,False,True,False
170,18-3,56365.3125,"(15, 10)",taxation,6,0.25,False,True,False
170,121-3,49145.0,"(7, 31)",taxation,6,0.25,False,True,False
170,30-3,56390.9375,"(46, 2)",taxation,6,0.25,False,True,False
170,97-3,39457.3125,"(10, 34)",taxation,6,0.25,False,True,False
170,229-3,53965.6875,"(17, 41)",taxation,6,0.25,False,True,False
170,27-3,44278.0625,"(32, 40)",taxation,6,0.25,False,True,False
170,117-3,44291.625,"(40, 34)",taxation,6,0.25,False,True,False
170,80-3,53932.625,"(11, 29)",taxation,6,0.25,False,True,False
170,166-3,46681.4375,"(23, 47)",taxation,6,0.25,False,True,False
170,86-3,49141.5,"(18, 28)",taxation,6,0.25,False,True,False
170,160-3,44284.75,"(1, 27)",taxation,6,0.25,False,True,False
170,233-3,46701.4375,"(22, 45)",taxation,6,0.25,False,True,False
170,235-3,49104.9375,"(17, 6)",taxation,6,0.25,False,True,False
170,48-3,51472.5,"(5, 23)",taxation,6,0.25,False,True,False
170,88-3,49125.0,"(48, 29)",taxation,6,0.25,False,True,False
170,52-3,37078.4375,"(30, 0)",taxation,6,0.25,False,True,False
170,58-3,51511.875,"(44, 33)",taxation,6,0.25,False,True,False
170,248-3,49124.1875,"(45, 0)",taxation,6,0.25,False,True,False
170,108-3,27415.6875,"(49, 33)",taxation,6,0.25,False,True,False
170,82-3,51524.125,"(22, 7)",taxation,6,0.25,False,True,False
170,236-3,49129.9375,"(31, 0)",taxation,6,0.25,False,True,False
170,104-3,46731.125,"(22, 12)",taxation,6,0.25,False,True,False
170,152-3,51506.1875,"(18, 40)",taxation,6,0.25,False,True,False
170,109-3,49122.875,"(17, 7)",taxation,6,0.25,False,True,False
170,72-3,56329.875,"(15, 14)",taxation,6,0.25,False,True,False
170,127-3,51504.5,"(12, 10)",taxation,6,0.25,False,True,False
170,61-3,58767.1875,"(46, 32)",taxation,6,0.25,False,True,False
170,232-3,29770.6875,"(21, 46)",taxation,6,0.25,False,True,False
170,65-3,56324.9375,"(28, 47)",taxation,6,0.25,False,True,False
170,124-3,46678.1875,"(27, 38)",taxation,6,0.25,False,True,False
170,62-3,49103.125,"(8, 33)",taxation,6,0.25,False,True,False
170,59-3,44282.9375,"(48, 30)",taxation,6,0.25,False,True,False
170,89-3,51524.0625,"(34, 41)",taxation,6,0.25,False,True,False
170,26-3,39470.5625,"(19, 39)",taxation,6,0.25,False,True,False
170,14-3,12942.875,"(47, 35)",taxation,6,0.25,False,True,False
170,194-3,44270.625,"(11, 17)",taxation,6,0.25,False,True,False
170,37-3,51525.0625,"(49, 34)",taxation,6,0.25,False,True,False
170,36-3,37041.4375,"(7, 33)",taxation,6,0.25,False,True,False
170,7-3,37067.375,"(47, 31)",taxation,6,0.25,False,True,False
170,47-3,34597.3125,"(29, 47)",taxation,6,0.25,False,True,False
170,223-3,34635.5,"(43, 33)",taxation,6,0.25,False,True,False
170,129-3,46705.5,"(2, 27)",taxation,6,0.25,False,True,False
170,77-3,41843.125,"(41, 18)",taxation,6,0.25,False,True,False
170,43-3,49073.8125,"(20, 39)",taxation,6,0.25,False,True,False
170,128-3,53945.25,"(45, 1)",taxation,6,0.25,False,True,False
170,79-3,46671.1875,"(2, 25)",taxation,6,0.25,False,True,False
170,199-3,56281.25,"(16, 27)",taxation,6,0.25,False,True,False
170,136-3,39443.375,"(21, 41)",taxation,6,0.25,False,True,False
170,99-3,46657.9375,"(29, 39)",taxation,6,0.25,False,True,False
170,84-3,49086.625,"(16, 9)",taxation,6,0.25,False,True,False
170,123-3,56319.5625,"(21, 39)",taxation,6,0.25,False,True,False
170,119-3,49070.75,"(47, 26)",taxation,6,0.25,False,True,False
170,46-3,34597.5,"(18, 8)",taxation,6,0.25,False,True,False
170,190-3,49069.0625,"(1, 28)",taxation,6,0.25,False,True,False
170,215-3,53933.625,"(47, 2)",taxation,6,0.25,False,True,False
170,220-3,53902.25,"(43, 15)",taxation,6,0.25,False,True,False
170,157-3,46659.1875,"(23, 37)",taxation,6,0.25,False,True,False
170,245-3,53874.0625,"(16, 11)",taxation,6,0.25,False,True,False
170,195-3,22537.9375,"(47, 29)",taxation,6,0.25,False,True,False
170,15-3,44257.0625,"(16, 25)",taxation,6,0.25,False,True,False
170,224-3,41830.3125,"(16, 37)",taxation,6,0.25,False,True,False
170,87-3,49059.625,"(30, 2)",taxation,6,0.25,False,True,False
170,135-3,49057.0625,"(21, 47)",taxation,6,0.25,False,True,False
170,8-3,49069.25,"(33, 35)",taxation,6,0.25,False,True,False
170,227-3,53891.375,"(41, 6)",taxation,6,0.25,False,True,False
170,178-3,53891.1875,"(23, 41)",taxation,6,0.25,False,True,False
170,114-3,56312.3125,"(31, 40)",taxation,6,0.25,False,True,False
170,118-3,53845.625,"(31, 45)",taxation,6,0.25,False,True,False
170,244-3,56295.875,"(23, 13)",taxation,6,0.25,False,True,False
170,34-3,44215.5,"(0, 23)",taxation,6,0.25,False,True,False
170,60-3,51465.4375,"(32, 42)",taxation,6,0.25,False,True,False
170,218-3,56307.125,"(13, 30)",taxation,6,0.25,False,True,False
170,49-3,46651.875,"(21, 8)",taxation,6,0.25,False,True,False
170,185-3,49100.125,"(44, 1)",taxation,6,0.25,False,True,False
170,228-4,29113.9375,"(19, 45)",taxation,6,0.25,False,True,False
170,24-3,39466.125,"(48, 35)",taxation,6,0.25,False,True,False
170,9-3,41847.9375,"(40, 5)",taxation,6,0.25,False,True,False
170,39-3,34564.625,"(24, 44)",taxation,6,0.25,False,True,False
170,151-3,39371.1875,"(23, 8)",taxation,6,0.25,False,True,False
170,29-3,49059.9375,"(47, 25)",taxation,6,0.25,False,True,False
170,230-3,39413.0,"(9, 35)",taxation,6,0.25,False,True,False
170,131-3,49050.75,"(49, 1)",taxation,6,0.25,False,True,False
170,81-3,46674.6875,"(16, 7)",taxation,6,0.25,False,True,False
170,222-3,49040.125,"(4, 28)",taxation,6,0.25,False,True,False
170,171-3,49037.375,"(4, 27)",taxation,6,0.25,False,True,False
170,200-3,46634.5,"(46, 26)",taxation,6,0.25,False,True,False
170,238-3,49049.5,"(47, 3)",taxation,6,0.25,False,True,False
170,153-3,24912.25,"(15, 9)",taxation,6,0.25,False,True,False
170,197-3,39394.1875,"(20, 7)",taxation,6,0.25,False,True,False
170,139-4,44222.765625,"(24, 9)",taxation,6,0.25,False,True,False
170,204-3,53847.375,"(29, 49)",taxation,6,0.25,False,True,False
170,211-3,32137.8125,"(18, 42)",taxation,6,0.25,False,True,False
170,93-3,22506.0,"(13, 9)",taxation,6,0.25,False,True,False
170,101-3,49067.5625,"(43, 6)",taxation,6,0.25,False,True,False
170,213-3,49054.625,"(48, 32)",taxation,6,0.25,False,True,False
170,70-3,51445.0,"(26, 45)",taxation,6,0.25,False,True,False
170,239-3,49056.625,"(26, 44)",taxation,6,0.25,False,True,False
170,243-3,46621.125,"(15, 7)",taxation,6,0.25,False,True,False
170,192-3,44218.25,"(18, 9)",taxation,6,0.25,False,True,False
170,143-3,49030.3125,"(44, 31)",taxation,6,0.25,False,True,False
170,35-3,49045.875,"(37, 38)",taxation,6,0.25,False,True,False
170,3-3,29707.6875,"(5, 29)",taxation,6,0.25,False,True,False
170,181-3,49016.937500000015,"(19, 9)",taxation,6,0.25,False,True,False
170,105-3,44202.625,"(40, 33)",taxation,6,0.25,False,True,False
170,177-3,49078.3125,"(46, 3)",taxation,6,0.25,False,True,False
170,167-4,38787.734375,"(17, 5)",taxation,6,0.25,False,True,False
170,173-4,10459.8125,"(12, 29)",taxation,6,0.25,False,True,False
170,44-3,32141.0,"(16, 6)",taxation,6,0.25,False,True,False
170,216-3,53838.5,"(32, 4)",taxation,6,0.25,False,True,False
170,217-3,29727.375,"(22, 43)",taxation,6,0.25,False,True,False
170,138-3,51395.8125,"(27, 45)",taxation,6,0.25,False,True,False
170,75-4,35124.0625,"(24, 46)",taxation,6,0.25,False,True,False
170,74-4,42972.0,"(14, 15)",taxation,6,0.25,False,True,False
170,191-3,56224.5625,"(25, 47)",taxation,6,0.25,False,True,False
170,240-4,12816.3125,"(29, 45)",taxation,6,0.25,False,True,False
170,20-3,46630.75,"(41, 36)",taxation,6,0.25,False,True,False
170,159-3,39374.375,"(6, 21)",taxation,6,0.25,False,True,False
170,158-4,35730.0625,"(4, 26)",taxation,6,0.25,False,True,False
170,66-3,53845.8125,"(48, 33)",taxation,6,0.25,False,True,False
170,170-4,33966.734375,"(42, 6)",taxation,6,0.25,False,True,False
170,146-4,15261.3125,"(43, 24)",taxation,6,0.25,False,True,False
170,208-4,39358.703125,"(15, 31)",taxation,6,0.25,False,True,False
170,219-4,42976.3125,"(19, 38)",taxation,6,0.25,False,True,False
170,140-4,787.0625,"(23, 46)",taxation,6,0.25,False,True,False
170,210-3,58670.5625,"(23, 43)",taxation,6,0.25,False,True,False
170,198-4,35157.71875,"(43, 2)",taxation,6,0.25,False,True,False
170,246-4,36970.3125,"(26, 46)",taxation,6,0.25,False,True,False
170,187-4,20043.1875,"(36, 32)",taxation,6,0.25,False,True,False
170,179-4,32164.53125,"(4, 29)",taxation,6,0.25,False,True,False
170,23-4,39924.5,"(2, 21)",taxation,6,0.25,False,True,False
170,31-4,44171.46875,"(21, 40)",taxation,6,0.25,False,True,False
170,150-3,41753.4375,"(25, 5)",taxation,6,0.25,False,True,False
170,12-3,46600.8125,"(44, 0)",taxation,6,0.25,False,True,False
170,98-4,20093.0625,"(19, 40)",taxation,6,0.25,False,True,False
170,126-3,49024.0625,"(46, 5)",taxation,6,0.25,False,True,False
170,176-4,772.1875,"(4, 22)",taxation,6,0.25,False,True,False
170,28-4,33920.203125,"(10, 25)",taxation,6,0.25,False,True,False
170,154-4,17633.3125,"(6, 33)",taxation,6,0.25,False,True,False
170,40-4,40552.3125,"(26, 37)",taxation,6,0.25,False,True,False
170,1-4,28514.140625,"(19, 10)",taxation,6,0.25,False,True,False
170,76-4,36936.921875000015,"(24, 10)",taxation,6,0.25,False,True,False
170,67-3,36970.5625,"(45, 33)",taxation,6,0.25,False,True,False
170,182-4,38691.890625,"(27, 46)",taxation,6,0.25,False,True,False
170,241-4,35104.21875,"(6, 27)",taxation,6,0.25,False,True,False
170,149-4,33345.5625,"(45, 30)",taxation,6,0.25,False,True,False
171,17-3,54086.375,"(49, 31)",taxation,6,0.25,False,True,False
171,142-3,32336.8125,"(25, 43)",taxation,6,0.25,False,True,False
171,94-3,17103.5,"(21, 12)",taxation,6,0.25,False,True,False
171,242-3,22739.9375,"(48, 1)",taxation,6,0.25,False,True,False
171,10-3,51666.1875,"(48, 0)",taxation,6,0.25,False,True,False
171,172-3,54025.3125,"(17, 46)",taxation,6,0.25,False,True,False
171,189-3,44479.125,"(44, 5)",taxation,6,0.25,False,True,False
171,206-3,50019.4375,"(0, 27)",taxation,6,0.25,False,True,False
171,42-3,37221.625,"(24, 8)",taxation,6,0.25,False,True,False
171,148-3,39571.9375,"(22, 3)",taxation,6,0.25,False,True,False
171,0-3,34778.4375,"(19, 3)",taxation,6,0.25,False,True,False
171,212-3,51669.8125,"(29, 5)",taxation,6,0.25,False,True,False
171,225-3,51642.5625,"(22, 46)",taxation,6,0.25,False,True,False
171,6-3,56457.5,"(3, 36)",taxation,6,0.25,False,True,False
171,38-3,51615.125,"(24, 45)",taxation,6,0.25,False,True,False
171,54-3,49215.1875,"(19, 6)",taxation,6,0.25,False,True,False
171,63-3,46773.5625,"(28, 7)",taxation,6,0.25,False,True,False
171,144-3,49284.875,"(22, 49)",taxation,6,0.25,False,True,False
171,22-3,56456.75,"(20, 42)",taxation,6,0.25,False,True,False
171,162-3,51587.875,"(17, 1)",taxation,6,0.25,False,True,False
171,249-3,51684.75,"(22, 40)",taxation,6,0.25,False,True,False
171,180-3,49230.6875,"(22, 47)",taxation,6,0.25,False,True,False
171,83-3,54033.5625,"(19, 2)",taxation,6,0.25,False,True,False
171,133-3,44424.25,"(29, 6)",taxation,6,0.25,False,True,False
171,16-3,56460.125,"(12, 30)",taxation,6,0.25,False,True,False
171,51-3,51639.875,"(41, 29)",taxation,6,0.25,False,True,False
171,4-3,37142.6875,"(25, 48)",taxation,6,0.25,False,True,False
171,111-3,54010.6875,"(1, 34)",taxation,6,0.25,False,True,False
171,91-3,54049.0625,"(18, 2)",taxation,6,0.25,False,True,False
171,95-3,56461.875,"(44, 29)",taxation,6,0.25,False,True,False
171,106-3,46800.8125,"(26, 43)",taxation,6,0.25,False,True,False
171,56-3,49218.5625,"(24, 4)",taxation,6,0.25,False,True,False
171,71-3,54047.9375,"(23, 49)",taxation,6,0.25,False,True,False
171,226-3,49178.0625,"(17, 38)",taxation,6,0.25,False,True,False
171,205-3,25122.8125,"(28, 0)",taxation,6,0.25,False,True,False
171,165-3,58799.25,"(6, 34)",taxation,6,0.25,False,True,False
171,231-3,32331.8125,"(45, 24)",taxation,6,0.25,False,True,False
171,25-3,44386.25,"(19, 7)",taxation,6,0.25,False,True,False
171,137-3,44373.375,"(44, 28)",taxation,6,0.25,False,True,False
171,73-3,51607.6875,"(20, 46)",taxation,6,0.25,False,True,False
171,214-3,32299.25,"(25, 4)",taxation,6,0.25,False,True,False
171,21-3,46780.6875,"(1, 32)",taxation,6,0.25,False,True,False
171,201-3,34699.9375,"(47, 27)",taxation,6,0.25,False,True,False
171,169-3,39543.25,"(22, 5)",taxation,6,0.25,False,True,False
171,110-3,56441.75,"(6, 35)",taxation,6,0.25,False,True,False
171,183-3,34746.0625,"(28, 2)",taxation,6,0.25,False,True,False
171,125-3,53984.5,"(40, 27)",taxation,6,0.25,False,True,False
171,168-3,54038.875,"(8, 30)",taxation,6,0.25,False,True,False
171,156-3,37134.625,"(11, 38)",taxation,6,0.25,False,True,False
171,53-3,32334.6875,"(47, 28)",taxation,6,0.25,False,True,False
171,122-3,41945.6875,"(0, 28)",taxation,6,0.25,False,True,False
171,234-3,51561.125,"(3, 29)",taxation,6,0.25,False,True,False
171,134-3,49217.0,"(28, 1)",taxation,6,0.25,False,True,False
171,141-3,39578.375,"(46, 0)",taxation,6,0.25,False,True,False
171,145-3,51599.0,"(28, 6)",taxation,6,0.25,False,True,False
171,209-3,56449.625,"(24, 42)",taxation,6,0.25,False,True,False
171,247-3,44352.75,"(42, 28)",taxation,6,0.25,False,True,False
171,203-3,58818.6875,"(3, 33)",taxation,6,0.25,False,True,False
171,50-3,56405.125,"(3, 35)",taxation,6,0.25,False,True,False
171,45-3,51590.8125,"(16, 4)",taxation,6,0.25,False,True,False
171,78-3,46786.6875,"(23, 5)",taxation,6,0.25,False,True,False
171,147-3,49191.5625,"(43, 28)",taxation,6,0.25,False,True,False
171,193-3,44367.125,"(28, 49)",taxation,6,0.25,False,True,False
171,5-3,22644.625,"(31, 44)",taxation,6,0.25,False,True,False
171,175-3,41928.375,"(2, 34)",taxation,6,0.25,False,True,False
171,196-3,34703.0,"(2, 30)",taxation,6,0.25,False,True,False
171,112-3,53996.625,"(17, 49)",taxation,6,0.25,False,True,False
171,113-3,51561.0625,"(2, 26)",taxation,6,0.25,False,True,False
171,55-3,53983.9375,"(39, 30)",taxation,6,0.25,False,True,False
171,33-3,39491.9375,"(23, 15)",taxation,6,0.25,False,True,False
171,68-3,41954.3125,"(15, 5)",taxation,6,0.25,False,True,False
171,161-3,41932.5,"(3, 27)",taxation,6,0.25,False,True,False
171,100-3,49201.5625,"(39, 31)",taxation,6,0.25,False,True,False
171,155-3,51594.4375,"(28, 31)",taxation,6,0.25,False,True,False
171,41-3,54018.0,"(49, 26)",taxation,6,0.25,False,True,False
171,115-3,53985.3125,"(10, 24)",taxation,6,0.25,False,True,False
171,207-3,39532.8125,"(47, 8)",taxation,6,0.25,False,True,False
171,120-3,56384.5,"(11, 24)",taxation,6,0.25,False,True,False
171,11-3,39516.1875,"(29, 4)",taxation,6,0.25,False,True,False
171,102-3,34679.125,"(18, 49)",taxation,6,0.25,False,True,False
171,130-3,53961.125,"(7, 30)",taxation,6,0.25,False,True,False
171,103-3,49159.875,"(16, 44)",taxation,6,0.25,False,True,False
171,202-3,56415.5,"(13, 40)",taxation,6,0.25,False,True,False
171,164-3,51592.4375,"(47, 15)",taxation,6,0.25,False,True,False
171,2-3,49176.8125,"(23, 6)",taxation,6,0.25,False,True,False
171,186-3,46809.1875,"(44, 6)",taxation,6,0.25,False,True,False
171,85-3,44344.75,"(3, 31)",taxation,6,0.25,False,True,False
171,64-3,49115.0,"(18, 22)",taxation,6,0.25,False,True,False
171,188-3,49150.125,"(16, 49)",taxation,6,0.25,False,True,False
171,32-3,53963.8125,"(26, 48)",taxation,6,0.25,False,True,False
171,57-3,44317.6875,"(46, 29)",taxation,6,0.25,False,True,False
171,132-3,53995.3125,"(48, 28)",taxation,6,0.25,False,True,False
171,163-3,58768.5,"(1, 26)",taxation,6,0.25,False,True,False
171,19-3,51583.0,"(46, 31)",taxation,6,0.25,False,True,False
171,107-3,53928.875,"(18, 47)",taxation,6,0.25,False,True,False
171,221-3,46722.625,"(21, 44)",taxation,6,0.25,False,True,False
171,96-3,56384.375,"(19, 49)",taxation,6,0.25,False,True,False
171,92-3,53949.25,"(41, 28)",taxation,6,0.25,False,True,False
171,116-3,53996.125,"(49, 28)",taxation,6,0.25,False,True,False
171,13-3,46733.6875,"(33, 40)",taxation,6,0.25,False,True,False
171,174-3,53980.125,"(45, 32)",taxation,6,0.25,False,True,False
171,69-3,53916.875,"(21, 17)",taxation,6,0.25,False,True,False
171,184-3,49087.9375,"(16, 39)",taxation,6,0.25,False,True,False
171,237-3,39480.3125,"(0, 33)",taxation,6,0.25,False,True,False
171,90-3,44295.875,"(4, 33)",taxation,6,0.25,False,True,False
171,18-3,56371.3125,"(20, 9)",taxation,6,0.25,False,True,False
171,121-3,49153.0,"(3, 32)",taxation,6,0.25,False,True,False
171,30-3,56399.9375,"(48, 4)",taxation,6,0.25,False,True,False
171,97-3,39465.3125,"(7, 37)",taxation,6,0.25,False,True,False
171,229-3,53973.6875,"(14, 43)",taxation,6,0.25,False,True,False
171,27-3,44281.0625,"(28, 39)",taxation,6,0.25,False,True,False
171,117-3,44295.625,"(38, 30)",taxation,6,0.25,False,True,False
171,80-3,53939.625,"(9, 34)",taxation,6,0.25,False,True,False
171,166-3,46690.4375,"(17, 48)",taxation,6,0.25,False,True,False
171,86-3,49147.5,"(18, 31)",taxation,6,0.25,False,True,False
171,160-3,44292.75,"(2, 32)",taxation,6,0.25,False,True,False
171,233-3,46711.4375,"(22, 48)",taxation,6,0.25,False,True,False
171,235-3,49112.9375,"(16, 1)",taxation,6,0.25,False,True,False
171,48-3,51477.5,"(5, 27)",taxation,6,0.25,False,True,False
171,88-3,49133.0,"(48, 25)",taxation,6,0.25,False,True,False
171,52-3,37086.4375,"(27, 0)",taxation,6,0.25,False,True,False
171,58-3,51517.875,"(44, 27)",taxation,6,0.25,False,True,False
171,248-3,49132.1875,"(44, 2)",taxation,6,0.25,False,True,False
171,108-3,27421.6875,"(49, 27)",taxation,6,0.25,False,True,False
171,82-3,51532.125,"(23, 3)",taxation,6,0.25,False,True,False
171,236-3,49138.9375,"(29, 1)",taxation,6,0.25,False,True,False
171,104-3,46739.125,"(27, 9)",taxation,6,0.25,False,True,False
171,152-3,51515.1875,"(18, 46)",taxation,6,0.25,False,True,False
171,109-3,49130.875,"(22, 4)",taxation,6,0.25,False,True,False
171,72-3,56335.875,"(21, 10)",taxation,6,0.25,False,True,False
171,127-3,51511.5,"(16, 5)",taxation,6,0.25,False,True,False
171,61-3,58775.1875,"(48, 26)",taxation,6,0.25,False,True,False
171,232-3,29777.6875,"(15, 48)",taxation,6,0.25,False,True,False
171,65-3,56334.9375,"(24, 49)",taxation,6,0.25,False,True,False
171,124-3,46683.1875,"(21, 35)",taxation,6,0.25,False,True,False
171,62-3,49111.125,"(4, 36)",taxation,6,0.25,False,True,False
171,59-3,44289.9375,"(48, 24)",taxation,6,0.25,False,True,False
171,89-3,51527.0625,"(34, 35)",taxation,6,0.25,False,True,False
171,26-3,39478.5625,"(17, 43)",taxation,6,0.25,False,True,False
171,14-3,12950.875,"(46, 33)",taxation,6,0.25,False,True,False
171,194-3,44274.625,"(13, 18)",taxation,6,0.25,False,True,False
171,37-3,51528.0625,"(43, 36)",taxation,6,0.25,False,True,False
171,36-3,37049.4375,"(5, 34)",taxation,6,0.25,False,True,False
171,7-3,37075.375,"(49, 25)",taxation,6,0.25,False,True,False
171,47-3,34607.3125,"(26, 49)",taxation,6,0.25,False,True,False
171,223-3,34644.5,"(49, 32)",taxation,6,0.25,False,True,False
171,129-3,46713.5,"(0, 31)",taxation,6,0.25,False,True,False
171,77-3,41851.125,"(44, 14)",taxation,6,0.25,False,True,False
171,43-3,49081.8125,"(19, 41)",taxation,6,0.25,False,True,False
171,128-3,53954.25,"(47, 0)",taxation,6,0.25,False,True,False
171,79-3,46677.1875,"(2, 31)",taxation,6,0.25,False,True,False
171,199-3,56287.25,"(10, 29)",taxation,6,0.25,False,True,False
171,136-3,39452.375,"(16, 47)",taxation,6,0.25,False,True,False
171,99-3,46661.9375,"(25, 38)",taxation,6,0.25,False,True,False
171,84-3,49094.625,"(21, 3)",taxation,6,0.25,False,True,False
171,123-3,56327.5625,"(17, 44)",taxation,6,0.25,False,True,False
171,119-3,49077.75,"(46, 24)",taxation,6,0.25,False,True,False
171,46-3,34605.5,"(23, 2)",taxation,6,0.25,False,True,False
171,190-3,49076.0625,"(0, 32)",taxation,6,0.25,False,True,False
171,215-3,53942.625,"(48, 2)",taxation,6,0.25,False,True,False
171,220-3,53910.25,"(45, 14)",taxation,6,0.25,False,True,False
171,157-3,46664.1875,"(22, 36)",taxation,6,0.25,False,True,False
171,245-3,53881.0625,"(21, 5)",taxation,6,0.25,False,True,False
171,195-3,22546.9375,"(49, 29)",taxation,6,0.25,False,True,False
171,15-3,44262.0625,"(16, 24)",taxation,6,0.25,False,True,False
171,224-3,41838.3125,"(13, 41)",taxation,6,0.25,False,True,False
171,87-3,49068.625,"(29, 2)",taxation,6,0.25,False,True,False
171,135-3,49063.0625,"(16, 45)",taxation,6,0.25,False,True,False
171,8-3,49073.25,"(35, 30)",taxation,6,0.25,False,True,False
171,227-3,53899.375,"(42, 5)",taxation,6,0.25,False,True,False
171,178-3,53900.1875,"(19, 47)",taxation,6,0.25,False,True,False
171,114-3,56316.3125,"(25, 36)",taxation,6,0.25,False,True,False
171,118-3,53848.625,"(25, 44)",taxation,6,0.25,False,True,False
171,244-3,56303.875,"(29, 7)",taxation,6,0.25,False,True,False
171,34-3,44221.5,"(0, 29)",taxation,6,0.25,False,True,False
171,60-3,51468.4375,"(26, 36)",taxation,6,0.25,False,True,False
171,218-3,56314.125,"(11, 34)",taxation,6,0.25,False,True,False
171,49-3,46659.875,"(22, 2)",taxation,6,0.25,False,True,False
171,185-3,49108.125,"(43, 4)",taxation,6,0.25,False,True,False
171,228-4,29122.9375,"(17, 47)",taxation,6,0.25,False,True,False
171,24-3,39473.125,"(45, 29)",taxation,6,0.25,False,True,False
171,9-3,41855.9375,"(42, 4)",taxation,6,0.25,False,True,False
171,39-3,34571.625,"(19, 46)",taxation,6,0.25,False,True,False
171,151-3,39379.1875,"(26, 4)",taxation,6,0.25,False,True,False
171,29-3,49066.9375,"(47, 24)",taxation,6,0.25,False,True,False
171,230-3,39421.0,"(11, 39)",taxation,6,0.25,False,True,False
171,131-3,49059.75,"(49, 0)",taxation,6,0.25,False,True,False
171,81-3,46682.6875,"(17, 2)",taxation,6,0.25,False,True,False
171,222-3,49048.125,"(2, 33)",taxation,6,0.25,False,True,False
171,171-3,49045.375,"(4, 32)",taxation,6,0.25,False,True,False
171,200-3,46641.5,"(46, 25)",taxation,6,0.25,False,True,False
171,238-3,49058.5,"(49, 4)",taxation,6,0.25,False,True,False
171,153-3,24921.25,"(18, 3)",taxation,6,0.25,False,True,False
171,197-3,39402.1875,"(23, 4)",taxation,6,0.25,False,True,False
171,139-4,44230.765625,"(26, 6)",taxation,6,0.25,False,True,False
171,204-3,53848.375,"(29, 44)",taxation,6,0.25,False,True,False
171,211-3,32147.8125,"(21, 48)",taxation,6,0.25,False,True,False
171,93-3,22515.0,"(18, 4)",taxation,6,0.25,False,True,False
171,101-3,49076.5625,"(43, 7)",taxation,6,0.25,False,True,False
171,213-3,49060.625,"(44, 26)",taxation,6,0.25,False,True,False
171,70-3,51451.0,"(20, 47)",taxation,6,0.25,False,True,False
171,239-3,49066.625,"(24, 48)",taxation,6,0.25,False,True,False
171,243-3,46630.125,"(17, 4)",taxation,6,0.25,False,True,False
171,192-3,44226.25,"(24, 3)",taxation,6,0.25,False,True,False
171,143-3,49037.3125,"(45, 28)",taxation,6,0.25,False,True,False
171,35-3,49049.875,"(40, 32)",taxation,6,0.25,False,True,False
171,3-3,29716.6875,"(1, 30)",taxation,6,0.25,False,True,False
171,181-3,49025.937500000015,"(19, 4)",taxation,6,0.25,False,True,False
171,105-3,44210.625,"(46, 27)",taxation,6,0.25,False,True,False
171,177-3,49087.3125,"(48, 3)",taxation,6,0.25,False,True,False
171,167-4,38795.734375,"(21, 2)",taxation,6,0.25,False,True,False
171,173-4,10466.8125,"(12, 34)",taxation,6,0.25,False,True,False
171,44-3,32149.0,"(16, 2)",taxation,6,0.25,False,True,False
171,216-3,53847.5,"(28, 4)",taxation,6,0.25,False,True,False
171,217-3,29737.375,"(23, 48)",taxation,6,0.25,False,True,False
171,138-3,51405.8125,"(27, 49)",taxation,6,0.25,False,True,False
171,75-4,35129.0625,"(18, 48)",taxation,6,0.25,False,True,False
171,74-4,42977.0,"(17, 10)",taxation,6,0.25,False,True,False
171,191-3,56230.5625,"(19, 44)",taxation,6,0.25,False,True,False
171,240-4,12820.3125,"(23, 45)",taxation,6,0.25,False,True,False
171,20-3,46634.75,"(41, 32)",taxation,6,0.25,False,True,False
171,159-3,39379.375,"(8, 25)",taxation,6,0.25,False,True,False
171,158-4,35739.0625,"(3, 30)",taxation,6,0.25,False,True,False
171,66-3,53853.8125,"(48, 27)",taxation,6,0.25,False,True,False
171,170-4,33975.734375,"(42, 7)",taxation,6,0.25,False,True,False
171,146-4,15270.3125,"(49, 30)",taxation,6,0.25,False,True,False
171,208-4,39365.703125,"(13, 34)",taxation,6,0.25,False,True,False
171,219-4,42985.3125,"(18, 43)",taxation,6,0.25,False,True,False
171,140-4,793.0625,"(17, 40)",taxation,6,0.25,False,True,False
171,210-3,58677.5625,"(18, 41)",taxation,6,0.25,False,True,False
171,198-4,35166.71875,"(47, 1)",taxation,6,0.25,False,True,False
171,246-4,36975.3125,"(21, 43)",taxation,6,0.25,False,True,False
171,187-4,20050.1875,"(42, 27)",taxation,6,0.25,False,True,False
171,179-4,32172.53125,"(4, 34)",taxation,6,0.25,False,True,False
171,23-4,39929.5,"(6, 24)",taxation,6,0.25,False,True,False
171,31-4,44180.46875,"(18, 44)",taxation,6,0.25,False,True,False
171,150-3,41762.4375,"(27, 5)",taxation,6,0.25,False,True,False
171,12-3,46609.8125,"(49, 2)",taxation,6,0.25,False,True,False
171,98-4,20101.0625,"(15, 44)",taxation,6,0.25,False,True,False
171,126-3,49033.0625,"(47, 5)",taxation,6,0.25,False,True,False
171,176-4,777.1875,"(5, 26)",taxation,6,0.25,False,True,False
171,28-4,33925.203125,"(9, 25)",taxation,6,0.25,False,True,False
171,154-4,17641.3125,"(4, 35)",taxation,6,0.25,False,True,False
171,40-4,40558.3125,"(20, 38)",taxation,6,0.25,False,True,False
171,1-4,28522.140625,"(25, 6)",taxation,6,0.25,False,True,False
171,76-4,36944.921875000015,"(27, 4)",taxation,6,0.25,False,True,False
171,67-3,36976.5625,"(41, 27)",taxation,6,0.25,False,True,False
171,182-4,38701.890625,"(25, 49)",taxation,6,0.25,False,True,False
171,241-4,35110.21875,"(7, 29)",taxation,6,0.25,False,True,False
171,149-4,33352.5625,"(45, 27)",taxation,6,0.25,False,True,False
172,94-3,17111.5,"(24, 11)",taxation,6,0.25,False,True,False
172,172-3,54034.3125,"(14, 48)",taxation,6,0.25,False,True,False
172,189-3,44488.125,"(46, 4)",taxation,6,0.25,False,True,False
172,206-3,50026.4375,"(1, 33)",taxation,6,0.25,False,True,False
172,42-3,37229.625,"(25, 9)",taxation,6,0.25,False,True,False
172,148-3,39579.9375,"(23, 0)",taxation,6,0.25,False,True,False
172,212-3,51677.8125,"(30, 5)",taxation,6,0.25,False,True,False
172,225-3,51647.5625,"(16, 46)",taxation,6,0.25,False,True,False
172,6-3,56466.5,"(0, 36)",taxation,6,0.25,False,True,False
172,38-3,51621.125,"(18, 39)",taxation,6,0.25,False,True,False
172,54-3,49223.1875,"(18, 1)",taxation,6,0.25,False,True,False
172,63-3,46782.5625,"(27, 3)",taxation,6,0.25,False,True,False
172,144-3,49289.875,"(19, 48)",taxation,6,0.25,False,True,False
172,162-3,51595.875,"(17, 0)",taxation,6,0.25,False,True,False
172,249-3,51690.75,"(19, 37)",taxation,6,0.25,False,True,False
172,180-3,49236.6875,"(16, 41)",taxation,6,0.25,False,True,False
172,83-3,54041.5625,"(19, 0)",taxation,6,0.25,False,True,False
172,133-3,44433.25,"(27, 1)",taxation,6,0.25,False,True,False
172,16-3,56467.125,"(11, 33)",taxation,6,0.25,False,True,False
172,51-3,51645.875,"(39, 24)",taxation,6,0.25,False,True,False
172,4-3,37148.6875,"(19, 42)",taxation,6,0.25,False,True,False
172,111-3,54018.6875,"(0, 39)",taxation,6,0.25,False,True,False
172,91-3,54057.0625,"(18, 0)",taxation,6,0.25,False,True,False
172,95-3,56467.875,"(40, 25)",taxation,6,0.25,False,True,False
172,106-3,46803.8125,"(23, 40)",taxation,6,0.25,False,True,False
172,56-3,49227.5625,"(24, 2)",taxation,6,0.25,False,True,False
172,71-3,54051.9375,"(18, 45)",taxation,6,0.25,False,True,False
172,226-3,49185.0625,"(14, 38)",taxation,6,0.25,False,True,False
172,205-3,25130.8125,"(26, 0)",taxation,6,0.25,False,True,False
172,165-3,58807.25,"(10, 37)",taxation,6,0.25,False,True,False
172,231-3,32339.8125,"(47, 23)",taxation,6,0.25,False,True,False
172,25-3,44394.25,"(25, 8)",taxation,6,0.25,False,True,False
172,137-3,44380.375,"(44, 22)",taxation,6,0.25,False,True,False
172,73-3,51614.6875,"(14, 44)",taxation,6,0.25,False,True,False
172,214-3,32307.25,"(25, 2)",taxation,6,0.25,False,True,False
172,21-3,46787.6875,"(1, 36)",taxation,6,0.25,False,True,False
172,201-3,34706.9375,"(47, 22)",taxation,6,0.25,False,True,False
172,169-3,39551.25,"(24, 5)",taxation,6,0.25,False,True,False
172,110-3,56449.75,"(5, 36)",taxation,6,0.25,False,True,False
172,183-3,34754.0625,"(30, 4)",taxation,6,0.25,False,True,False
172,125-3,53991.5,"(40, 21)",taxation,6,0.25,False,True,False
172,168-3,54045.875,"(8, 34)",taxation,6,0.25,False,True,False
172,156-3,37143.625,"(11, 41)",taxation,6,0.25,False,True,False
172,53-3,32340.6875,"(42, 24)",taxation,6,0.25,False,True,False
172,122-3,41951.6875,"(1, 31)",taxation,6,0.25,False,True,False
172,234-3,51568.125,"(5, 35)",taxation,6,0.25,False,True,False
172,134-3,49225.0,"(25, 1)",taxation,6,0.25,False,True,False
172,141-3,39582.375,"(41, 5)",taxation,6,0.25,False,True,False
172,145-3,51607.0,"(28, 5)",taxation,6,0.25,False,True,False
172,209-3,56455.625,"(18, 38)",taxation,6,0.25,False,True,False
172,247-3,44358.75,"(42, 25)",taxation,6,0.25,False,True,False
172,203-3,58826.6875,"(1, 38)",taxation,6,0.25,False,True,False
172,50-3,56413.125,"(3, 38)",taxation,6,0.25,False,True,False
172,45-3,51599.8125,"(21, 0)",taxation,6,0.25,False,True,False
172,78-3,46794.6875,"(26, 8)",taxation,6,0.25,False,True,False
172,147-3,49197.5625,"(42, 26)",taxation,6,0.25,False,True,False
172,193-3,44369.125,"(28, 43)",taxation,6,0.25,False,True,False
172,5-3,22647.625,"(31, 38)",taxation,6,0.25,False,True,False
172,175-3,41936.375,"(1, 39)",taxation,6,0.25,False,True,False
172,196-3,34710.0,"(2, 35)",taxation,6,0.25,False,True,False
172,112-3,54005.625,"(11, 49)",taxation,6,0.25,False,True,False
172,113-3,51567.0625,"(0, 26)",taxation,6,0.25,False,True,False
172,55-3,53989.9375,"(39, 25)",taxation,6,0.25,False,True,False
172,33-3,39499.9375,"(27, 11)",taxation,6,0.25,False,True,False
172,68-3,41961.3125,"(17, 3)",taxation,6,0.25,False,True,False
172,161-3,41938.5,"(2, 29)",taxation,6,0.25,False,True,False
172,100-3,49207.5625,"(38, 25)",taxation,6,0.25,False,True,False
172,155-3,51599.4375,"(27, 32)",taxation,6,0.25,False,True,False
172,41-3,54025.0,"(49, 21)",taxation,6,0.25,False,True,False
172,115-3,53991.3125,"(13, 29)",taxation,6,0.25,False,True,False
172,207-3,39541.8125,"(48, 8)",taxation,6,0.25,False,True,False
172,120-3,56390.5,"(11, 25)",taxation,6,0.25,False,True,False
172,11-3,39525.1875,"(28, 3)",taxation,6,0.25,False,True,False
172,102-3,34688.125,"(14, 49)",taxation,6,0.25,False,True,False
172,130-3,53968.125,"(8, 35)",taxation,6,0.25,False,True,False
172,103-3,49168.875,"(11, 44)",taxation,6,0.25,False,True,False
172,202-3,56423.5,"(9, 41)",taxation,6,0.25,False,True,False
172,164-3,51601.4375,"(49, 15)",taxation,6,0.25,False,True,False
172,2-3,49184.8125,"(24, 6)",taxation,6,0.25,False,True,False
172,186-3,46818.1875,"(45, 9)",taxation,6,0.25,False,True,False
172,85-3,44351.75,"(6, 36)",taxation,6,0.25,False,True,False
172,64-3,49122.0,"(24, 17)",taxation,6,0.25,False,True,False
172,188-3,49159.125,"(12, 49)",taxation,6,0.25,False,True,False
172,32-3,53966.8125,"(20, 44)",taxation,6,0.25,False,True,False
172,57-3,44323.6875,"(41, 24)",taxation,6,0.25,False,True,False
172,132-3,54002.3125,"(48, 22)",taxation,6,0.25,False,True,False
172,163-3,58775.5,"(6, 32)",taxation,6,0.25,False,True,False
172,19-3,51589.0,"(45, 25)",taxation,6,0.25,False,True,False
172,107-3,53937.875,"(13, 46)",taxation,6,0.25,False,True,False
172,221-3,46729.625,"(15, 43)",taxation,6,0.25,False,True,False
172,96-3,56391.375,"(13, 48)",taxation,6,0.25,False,True,False
172,92-3,53955.25,"(41, 25)",taxation,6,0.25,False,True,False
172,116-3,54004.125,"(49, 23)",taxation,6,0.25,False,True,False
172,13-3,46737.6875,"(32, 35)",taxation,6,0.25,False,True,False
172,174-3,53984.125,"(39, 28)",taxation,6,0.25,False,True,False
172,69-3,53924.875,"(24, 12)",taxation,6,0.25,False,True,False
172,184-3,49095.9375,"(11, 45)",taxation,6,0.25,False,True,False
172,237-3,39488.3125,"(0, 34)",taxation,6,0.25,False,True,False
172,90-3,44303.875,"(4, 39)",taxation,6,0.25,False,True,False
172,18-3,56379.3125,"(24, 7)",taxation,6,0.25,False,True,False
172,121-3,49161.0,"(2, 38)",taxation,6,0.25,False,True,False
172,30-3,56408.9375,"(48, 7)",taxation,6,0.25,False,True,False
172,97-3,39474.3125,"(11, 43)",taxation,6,0.25,False,True,False
172,229-3,53981.6875,"(9, 44)",taxation,6,0.25,False,True,False
172,27-3,44286.0625,"(24, 36)",taxation,6,0.25,False,True,False
172,117-3,44301.625,"(38, 24)",taxation,6,0.25,False,True,False
172,80-3,53947.625,"(9, 37)",taxation,6,0.25,False,True,False
172,166-3,46698.4375,"(12, 48)",taxation,6,0.25,False,True,False
172,86-3,49154.5,"(14, 34)",taxation,6,0.25,False,True,False
172,160-3,44300.75,"(1, 37)",taxation,6,0.25,False,True,False
172,233-3,46717.4375,"(16, 42)",taxation,6,0.25,False,True,False
172,235-3,49119.9375,"(19, 5)",taxation,6,0.25,False,True,False
172,48-3,51483.5,"(5, 30)",taxation,6,0.25,False,True,False
172,88-3,49141.0,"(46, 20)",taxation,6,0.25,False,True,False
172,52-3,37094.4375,"(25, 0)",taxation,6,0.25,False,True,False
172,58-3,51524.875,"(45, 21)",taxation,6,0.25,False,True,False
172,248-3,49141.1875,"(47, 7)",taxation,6,0.25,False,True,False
172,108-3,27428.6875,"(47, 21)",taxation,6,0.25,False,True,False
172,82-3,51540.125,"(25, 3)",taxation,6,0.25,False,True,False
172,236-3,49146.9375,"(31, 4)",taxation,6,0.25,False,True,False
172,104-3,46747.125,"(27, 10)",taxation,6,0.25,False,True,False
172,152-3,51524.1875,"(12, 45)",taxation,6,0.25,False,True,False
172,109-3,49139.875,"(26, 1)",taxation,6,0.25,False,True,False
172,72-3,56343.875,"(25, 10)",taxation,6,0.25,False,True,False
172,127-3,51518.5,"(16, 3)",taxation,6,0.25,False,True,False
172,61-3,58782.1875,"(48, 21)",taxation,6,0.25,False,True,False
172,232-3,29785.6875,"(9, 48)",taxation,6,0.25,False,True,False
172,65-3,56338.9375,"(20, 48)",taxation,6,0.25,False,True,False
172,124-3,46690.1875,"(15, 40)",taxation,6,0.25,False,True,False
172,62-3,49119.125,"(4, 40)",taxation,6,0.25,False,True,False
172,59-3,44297.9375,"(48, 19)",taxation,6,0.25,False,True,False
172,89-3,51532.0625,"(37, 30)",taxation,6,0.25,False,True,False
172,26-3,39485.5625,"(13, 43)",taxation,6,0.25,False,True,False
172,14-3,12956.875,"(43, 27)",taxation,6,0.25,False,True,False
172,194-3,44280.625,"(19, 22)",taxation,6,0.25,False,True,False
172,37-3,51532.0625,"(42, 36)",taxation,6,0.25,False,True,False
172,36-3,37057.4375,"(5, 37)",taxation,6,0.25,False,True,False
172,7-3,37083.375,"(49, 19)",taxation,6,0.25,False,True,False
172,47-3,34611.3125,"(20, 43)",taxation,6,0.25,False,True,False
172,223-3,34647.5,"(46, 28)",taxation,6,0.25,False,True,False
172,129-3,46720.5,"(0, 35)",taxation,6,0.25,False,True,False
172,77-3,41860.125,"(46, 14)",taxation,6,0.25,False,True,False
172,43-3,49088.8125,"(14, 39)",taxation,6,0.25,False,True,False
172,128-3,53957.25,"(44, 4)",taxation,6,0.25,False,True,False
172,79-3,46684.1875,"(3, 34)",taxation,6,0.25,False,True,False
172,199-3,56294.25,"(11, 32)",taxation,6,0.25,False,True,False
172,136-3,39459.375,"(13, 44)",taxation,6,0.25,False,True,False
172,99-3,46666.9375,"(22, 39)",taxation,6,0.25,False,True,False
172,84-3,49103.625,"(22, 1)",taxation,6,0.25,False,True,False
172,123-3,56336.5625,"(11, 47)",taxation,6,0.25,False,True,False
172,119-3,49085.75,"(47, 19)",taxation,6,0.25,False,True,False
172,46-3,34613.5,"(24, 1)",taxation,6,0.25,False,True,False
172,190-3,49084.0625,"(0, 38)",taxation,6,0.25,False,True,False
172,215-3,53950.625,"(44, 7)",taxation,6,0.25,False,True,False
172,220-3,53919.25,"(46, 15)",taxation,6,0.25,False,True,False
172,157-3,46670.1875,"(20, 34)",taxation,6,0.25,False,True,False
172,245-3,53889.0625,"(20, 1)",taxation,6,0.25,False,True,False
172,195-3,22552.9375,"(44, 25)",taxation,6,0.25,False,True,False
172,15-3,44268.0625,"(17, 25)",taxation,6,0.25,False,True,False
172,224-3,41847.3125,"(12, 44)",taxation,6,0.25,False,True,False
172,87-3,49076.625,"(31, 3)",taxation,6,0.25,False,True,False
172,135-3,49072.0625,"(11, 46)",taxation,6,0.25,False,True,False
172,8-3,49079.25,"(37, 25)",taxation,6,0.25,False,True,False
172,227-3,53908.375,"(43, 8)",taxation,6,0.25,False,True,False
172,178-3,53909.1875,"(13, 47)",taxation,6,0.25,False,True,False
172,114-3,56321.3125,"(23, 36)",taxation,6,0.25,False,True,False
172,118-3,53853.625,"(21, 38)",taxation,6,0.25,False,True,False
172,244-3,56311.875,"(29, 8)",taxation,6,0.25,False,True,False
172,34-3,44227.5,"(5, 31)",taxation,6,0.25,False,True,False
172,60-3,51474.4375,"(21, 34)",taxation,6,0.25,False,True,False
172,218-3,56323.125,"(11, 40)",taxation,6,0.25,False,True,False
172,49-3,46667.875,"(27, 7)",taxation,6,0.25,False,True,False
172,185-3,49117.125,"(39, 7)",taxation,6,0.25,False,True,False
172,228-4,29131.9375,"(14, 46)",taxation,6,0.25,False,True,False
172,24-3,39481.125,"(49, 24)",taxation,6,0.25,False,True,False
172,9-3,41864.9375,"(41, 8)",taxation,6,0.25,False,True,False
172,39-3,34580.625,"(14, 45)",taxation,6,0.25,False,True,False
172,151-3,39387.1875,"(26, 5)",taxation,6,0.25,False,True,False
172,29-3,49074.9375,"(48, 23)",taxation,6,0.25,False,True,False
172,230-3,39429.0,"(9, 40)",taxation,6,0.25,False,True,False
172,131-3,49062.75,"(45, 4)",taxation,6,0.25,False,True,False
172,81-3,46689.6875,"(20, 3)",taxation,6,0.25,False,True,False
172,222-3,49056.125,"(3, 39)",taxation,6,0.25,False,True,False
172,171-3,49053.375,"(3, 37)",taxation,6,0.25,False,True,False
172,200-3,46649.5,"(46, 23)",taxation,6,0.25,False,True,False
172,238-3,49067.5,"(49, 8)",taxation,6,0.25,False,True,False
172,153-3,24929.25,"(24, 0)",taxation,6,0.25,False,True,False
172,197-3,39411.1875,"(23, 1)",taxation,6,0.25,False,True,False
172,139-4,44238.765625,"(26, 7)",taxation,6,0.25,False,True,False
172,204-3,53851.375,"(30, 38)",taxation,6,0.25,False,True,False
172,211-3,32153.8125,"(15, 49)",taxation,6,0.25,False,True,False
172,93-3,22523.0,"(20, 2)",taxation,6,0.25,False,True,False
172,101-3,49085.5625,"(43, 9)",taxation,6,0.25,False,True,False
172,213-3,49067.625,"(46, 21)",taxation,6,0.25,False,True,False
172,70-3,51460.0,"(14, 47)",taxation,6,0.25,False,True,False
172,239-3,49068.625,"(20, 49)",taxation,6,0.25,False,True,False
172,243-3,46638.125,"(20, 0)",taxation,6,0.25,False,True,False
172,192-3,44235.25,"(26, 3)",taxation,6,0.25,False,True,False
172,143-3,49043.3125,"(41, 23)",taxation,6,0.25,False,True,False
172,35-3,49055.875,"(39, 26)",taxation,6,0.25,False,True,False
172,3-3,29723.6875,"(1, 35)",taxation,6,0.25,False,True,False
172,181-3,49034.937500000015,"(21, 1)",taxation,6,0.25,False,True,False
172,105-3,44217.625,"(46, 22)",taxation,6,0.25,False,True,False
172,177-3,49096.3125,"(49, 3)",taxation,6,0.25,False,True,False
172,167-4,38803.734375,"(22, 0)",taxation,6,0.25,False,True,False
172,173-4,10474.8125,"(8, 40)",taxation,6,0.25,False,True,False
172,44-3,32157.0,"(16, 0)",taxation,6,0.25,False,True,False
172,216-3,53855.5,"(30, 6)",taxation,6,0.25,False,True,False
172,217-3,29743.375,"(17, 45)",taxation,6,0.25,False,True,False
172,138-3,51407.8125,"(27, 43)",taxation,6,0.25,False,True,False
172,75-4,35136.0625,"(12, 46)",taxation,6,0.25,False,True,False
172,74-4,42984.0,"(20, 6)",taxation,6,0.25,False,True,False
172,191-3,56239.5625,"(13, 49)",taxation,6,0.25,False,True,False
172,240-4,12826.3125,"(17, 39)",taxation,6,0.25,False,True,False
172,20-3,46640.75,"(41, 26)",taxation,6,0.25,False,True,False
172,159-3,39385.375,"(8, 29)",taxation,6,0.25,False,True,False
172,158-4,35746.0625,"(7, 35)",taxation,6,0.25,False,True,False
172,66-3,53860.8125,"(45, 22)",taxation,6,0.25,False,True,False
172,170-4,33984.734375,"(42, 9)",taxation,6,0.25,False,True,False
172,146-4,15276.3125,"(43, 25)",taxation,6,0.25,False,True,False
172,208-4,39373.703125,"(7, 40)",taxation,6,0.25,False,True,False
172,219-4,42994.3125,"(13, 45)",taxation,6,0.25,False,True,False
172,140-4,800.0625,"(13, 38)",taxation,6,0.25,False,True,False
172,210-3,58685.5625,"(12, 47)",taxation,6,0.25,False,True,False
172,198-4,35175.71875,"(49, 7)",taxation,6,0.25,False,True,False
172,246-4,36982.3125,"(15, 41)",taxation,6,0.25,False,True,False
172,187-4,20057.1875,"(42, 21)",taxation,6,0.25,False,True,False
172,179-4,32180.53125,"(2, 36)",taxation,6,0.25,False,True,False
172,23-4,39935.5,"(6, 29)",taxation,6,0.25,False,True,False
172,31-4,44188.46875,"(14, 42)",taxation,6,0.25,False,True,False
172,150-3,41771.4375,"(27, 2)",taxation,6,0.25,False,True,False
172,12-3,46618.8125,"(49, 5)",taxation,6,0.25,False,True,False
172,98-4,20109.0625,"(9, 45)",taxation,6,0.25,False,True,False
172,126-3,49042.0625,"(48, 6)",taxation,6,0.25,False,True,False
172,176-4,783.1875,"(9, 29)",taxation,6,0.25,False,True,False
172,28-4,33931.203125,"(10, 28)",taxation,6,0.25,False,True,False
172,154-4,17649.3125,"(5, 39)",taxation,6,0.25,False,True,False
172,40-4,40566.3125,"(14, 41)",taxation,6,0.25,False,True,False
172,1-4,28530.140625,"(27, 6)",taxation,6,0.25,False,True,False
172,76-4,36952.921875000015,"(26, 2)",taxation,6,0.25,False,True,False
172,67-3,36983.5625,"(45, 23)",taxation,6,0.25,False,True,False
172,182-4,38705.890625,"(19, 43)",taxation,6,0.25,False,True,False
172,241-4,35117.21875,"(7, 34)",taxation,6,0.25,False,True,False
172,149-4,33358.5625,"(40, 24)",taxation,6,0.25,False,True,False
172,17-4,40570.03125,"(43, 26)",taxation,6,0.25,False,True,False
172,0-4,26089.828125,"(19, 1)",taxation,6,0.25,False,True,False
172,22-4,42347.8125,"(14, 40)",taxation,6,0.25,False,True,False
172,10-4,38756.390625,"(49, 6)",taxation,6,0.25,False,True,False
172,242-4,17060.953125,"(45, 7)",taxation,6,0.25,False,True,False
172,142-4,24254.859375,"(24, 39)",taxation,6,0.25,False,True,False
173,94-3,17120.5,"(30, 10)",taxation,6,0.25,False,True,False
173,172-3,54043.3125,"(8, 49)",taxation,6,0.25,False,True,False
173,206-3,50034.4375,"(2, 39)",taxation,6,0.25,False,True,False
173,42-3,37237.625,"(26, 9)",taxation,6,0.25,False,True,False
173,148-3,39581.9375,"(29, 0)",taxation,6,0.25,False,True,False
173,212-3,51686.8125,"(28, 8)",taxation,6,0.25,False,True,False
173,225-3,51654.5625,"(10, 46)",taxation,6,0.25,False,True,False
173,6-3,56475.5,"(0, 42)",taxation,6,0.25,False,True,False
173,38-3,51628.125,"(15, 36)",taxation,6,0.25,False,True,False
173,54-3,49225.1875,"(18, 6)",taxation,6,0.25,False,True,False
173,63-3,46789.5625,"(29, 9)",taxation,6,0.25,False,True,False
173,144-3,49295.875,"(15, 46)",taxation,6,0.25,False,True,False
173,162-3,51597.875,"(17, 6)",taxation,6,0.25,False,True,False
173,249-3,51697.75,"(15, 33)",taxation,6,0.25,False,True,False
173,180-3,49244.6875,"(12, 41)",taxation,6,0.25,False,True,False
173,83-3,54042.5625,"(19, 2)",taxation,6,0.25,False,True,False
173,133-3,44441.25,"(32, 5)",taxation,6,0.25,False,True,False
173,16-3,56474.125,"(10, 33)",taxation,6,0.25,False,True,False
173,51-3,51654.875,"(44, 19)",taxation,6,0.25,False,True,False
173,4-3,37156.6875,"(13, 42)",taxation,6,0.25,False,True,False
173,111-3,54027.6875,"(0, 43)",taxation,6,0.25,False,True,False
173,91-3,54059.0625,"(17, 5)",taxation,6,0.25,False,True,False
173,95-3,56475.875,"(42, 20)",taxation,6,0.25,False,True,False
173,106-3,46809.8125,"(23, 35)",taxation,6,0.25,False,True,False
173,56-3,49235.5625,"(30, 7)",taxation,6,0.25,False,True,False
173,71-3,54058.9375,"(12, 39)",taxation,6,0.25,False,True,False
173,226-3,49192.0625,"(14, 36)",taxation,6,0.25,False,True,False
173,205-3,25133.8125,"(32, 1)",taxation,6,0.25,False,True,False
173,165-3,58815.25,"(5, 41)",taxation,6,0.25,False,True,False
173,231-3,32347.8125,"(46, 19)",taxation,6,0.25,False,True,False
173,25-3,44402.25,"(29, 11)",taxation,6,0.25,False,True,False
173,137-3,44388.375,"(44, 18)",taxation,6,0.25,False,True,False
173,73-3,51622.6875,"(12, 43)",taxation,6,0.25,False,True,False
173,214-3,32314.25,"(22, 8)",taxation,6,0.25,False,True,False
173,21-3,46796.6875,"(1, 42)",taxation,6,0.25,False,True,False
173,201-3,34714.9375,"(47, 18)",taxation,6,0.25,False,True,False
173,169-3,39559.25,"(25, 11)",taxation,6,0.25,False,True,False
173,110-3,56457.75,"(6, 42)",taxation,6,0.25,False,True,False
173,183-3,34763.0625,"(31, 7)",taxation,6,0.25,False,True,False
173,125-3,54000.5,"(40, 15)",taxation,6,0.25,False,True,False
173,168-3,54053.875,"(8, 36)",taxation,6,0.25,False,True,False
173,156-3,37152.625,"(6, 44)",taxation,6,0.25,False,True,False
173,53-3,32347.6875,"(39, 20)",taxation,6,0.25,False,True,False
173,122-3,41958.6875,"(2, 37)",taxation,6,0.25,False,True,False
173,234-3,51576.125,"(4, 41)",taxation,6,0.25,False,True,False
173,134-3,49229.0,"(31, 2)",taxation,6,0.25,False,True,False
173,141-3,39591.375,"(38, 8)",taxation,6,0.25,False,True,False
173,145-3,51615.0,"(32, 10)",taxation,6,0.25,False,True,False
173,209-3,56462.625,"(12, 38)",taxation,6,0.25,False,True,False
173,247-3,44365.75,"(38, 22)",taxation,6,0.25,False,True,False
173,203-3,58835.6875,"(0, 41)",taxation,6,0.25,False,True,False
173,50-3,56422.125,"(3, 42)",taxation,6,0.25,False,True,False
173,45-3,51601.8125,"(21, 6)",taxation,6,0.25,False,True,False
173,78-3,46803.6875,"(27, 8)",taxation,6,0.25,False,True,False
173,147-3,49204.5625,"(38, 23)",taxation,6,0.25,False,True,False
173,193-3,44373.125,"(28, 37)",taxation,6,0.25,False,True,False
173,5-3,22652.625,"(31, 35)",taxation,6,0.25,False,True,False
173,175-3,41945.375,"(4, 44)",taxation,6,0.25,False,True,False
173,196-3,34718.0,"(2, 40)",taxation,6,0.25,False,True,False
173,112-3,54014.625,"(6, 49)",taxation,6,0.25,False,True,False
173,113-3,51573.0625,"(0, 22)",taxation,6,0.25,False,True,False
173,55-3,53996.9375,"(36, 24)",taxation,6,0.25,False,True,False
173,33-3,39507.9375,"(27, 12)",taxation,6,0.25,False,True,False
173,68-3,41968.3125,"(17, 8)",taxation,6,0.25,False,True,False
173,161-3,41945.5,"(5, 33)",taxation,6,0.25,False,True,False
173,100-3,49215.5625,"(40, 20)",taxation,6,0.25,False,True,False
173,155-3,51605.4375,"(25, 31)",taxation,6,0.25,False,True,False
173,41-3,54034.0,"(44, 15)",taxation,6,0.25,False,True,False
173,115-3,53999.3125,"(13, 35)",taxation,6,0.25,False,True,False
173,207-3,39550.8125,"(48, 10)",taxation,6,0.25,False,True,False
173,120-3,56397.5,"(14, 29)",taxation,6,0.25,False,True,False
173,11-3,39533.1875,"(32, 9)",taxation,6,0.25,False,True,False
173,102-3,34696.125,"(8, 48)",taxation,6,0.25,False,True,False
173,130-3,53976.125,"(5, 40)",taxation,6,0.25,False,True,False
173,103-3,49177.875,"(5, 49)",taxation,6,0.25,False,True,False
173,202-3,56432.5,"(5, 45)",taxation,6,0.25,False,True,False
173,164-3,51610.4375,"(49, 14)",taxation,6,0.25,False,True,False
173,2-3,49192.8125,"(28, 12)",taxation,6,0.25,False,True,False
173,186-3,46827.1875,"(45, 11)",taxation,6,0.25,False,True,False
173,85-3,44360.75,"(2, 42)",taxation,6,0.25,False,True,False
173,64-3,49130.0,"(25, 16)",taxation,6,0.25,False,True,False
173,188-3,49167.125,"(6, 47)",taxation,6,0.25,False,True,False
173,32-3,53972.8125,"(15, 45)",taxation,6,0.25,False,True,False
173,57-3,44331.6875,"(43, 18)",taxation,6,0.25,False,True,False
173,132-3,54010.3125,"(48, 17)",taxation,6,0.25,False,True,False
173,163-3,58783.5,"(9, 38)",taxation,6,0.25,False,True,False
173,19-3,51597.0,"(45, 20)",taxation,6,0.25,False,True,False
173,107-3,53945.875,"(7, 45)",taxation,6,0.25,False,True,False
173,221-3,46736.625,"(10, 44)",taxation,6,0.25,False,True,False
173,96-3,56399.375,"(8, 46)",taxation,6,0.25,False,True,False
173,92-3,53963.25,"(42, 19)",taxation,6,0.25,False,True,False
173,116-3,54012.125,"(49, 20)",taxation,6,0.25,False,True,False
173,13-3,46743.6875,"(34, 29)",taxation,6,0.25,False,True,False
173,174-3,53991.125,"(37, 24)",taxation,6,0.25,False,True,False
173,69-3,53933.875,"(29, 10)",taxation,6,0.25,False,True,False
173,184-3,49104.9375,"(6, 48)",taxation,6,0.25,False,True,False
173,237-3,39496.3125,"(0, 37)",taxation,6,0.25,False,True,False
173,90-3,44312.875,"(2, 41)",taxation,6,0.25,False,True,False
173,18-3,56387.3125,"(27, 13)",taxation,6,0.25,False,True,False
173,121-3,49170.0,"(1, 43)",taxation,6,0.25,False,True,False
173,30-3,56417.9375,"(46, 11)",taxation,6,0.25,False,True,False
173,97-3,39483.3125,"(6, 46)",taxation,6,0.25,False,True,False
173,229-3,53990.6875,"(8, 44)",taxation,6,0.25,False,True,False
173,27-3,44293.0625,"(18, 30)",taxation,6,0.25,False,True,False
173,117-3,44309.625,"(42, 18)",taxation,6,0.25,False,True,False
173,80-3,53956.625,"(7, 42)",taxation,6,0.25,False,True,False
173,166-3,46707.4375,"(9, 49)",taxation,6,0.25,False,True,False
173,86-3,49162.5,"(11, 36)",taxation,6,0.25,False,True,False
173,160-3,44309.75,"(4, 43)",taxation,6,0.25,False,True,False
173,233-3,46725.4375,"(10, 38)",taxation,6,0.25,False,True,False
173,235-3,49127.9375,"(21, 7)",taxation,6,0.25,False,True,False
173,48-3,51491.5,"(9, 36)",taxation,6,0.25,False,True,False
173,88-3,49150.0,"(48, 15)",taxation,6,0.25,False,True,False
173,52-3,37102.4375,"(31, 5)",taxation,6,0.25,False,True,False
173,58-3,51532.875,"(46, 18)",taxation,6,0.25,False,True,False
173,248-3,49150.1875,"(47, 11)",taxation,6,0.25,False,True,False
173,108-3,27436.6875,"(47, 17)",taxation,6,0.25,False,True,False
173,82-3,51548.125,"(31, 8)",taxation,6,0.25,False,True,False
173,236-3,49154.9375,"(33, 8)",taxation,6,0.25,False,True,False
173,104-3,46755.125,"(28, 11)",taxation,6,0.25,False,True,False
173,152-3,51533.1875,"(6, 45)",taxation,6,0.25,False,True,False
173,109-3,49144.875,"(31, 6)",taxation,6,0.25,False,True,False
173,72-3,56351.875,"(25, 13)",taxation,6,0.25,False,True,False
173,127-3,51525.5,"(16, 8)",taxation,6,0.25,False,True,False
173,61-3,58791.1875,"(49, 16)",taxation,6,0.25,False,True,False
173,232-3,29793.6875,"(4, 49)",taxation,6,0.25,False,True,False
173,65-3,56344.9375,"(15, 47)",taxation,6,0.25,False,True,False
173,124-3,46698.1875,"(10, 40)",taxation,6,0.25,False,True,False
173,62-3,49128.125,"(4, 42)",taxation,6,0.25,False,True,False
173,59-3,44306.9375,"(48, 14)",taxation,6,0.25,False,True,False
173,89-3,51538.0625,"(38, 29)",taxation,6,0.25,False,True,False
173,26-3,39493.5625,"(9, 39)",taxation,6,0.25,False,True,False
173,14-3,12963.875,"(37, 22)",taxation,6,0.25,False,True,False
173,194-3,44288.625,"(25, 17)",taxation,6,0.25,False,True,False
173,37-3,51537.0625,"(38, 33)",taxation,6,0.25,False,True,False
173,36-3,37066.4375,"(3, 41)",taxation,6,0.25,False,True,False
173,7-3,37092.375,"(49, 13)",taxation,6,0.25,False,True,False
173,47-3,34617.3125,"(15, 42)",taxation,6,0.25,False,True,False
173,223-3,34652.5,"(44, 24)",taxation,6,0.25,False,True,False
173,129-3,46729.5,"(0, 40)",taxation,6,0.25,False,True,False
173,77-3,41870.125,"(47, 10)",taxation,6,0.25,False,True,False
173,43-3,49096.8125,"(12, 36)",taxation,6,0.25,False,True,False
173,128-3,53967.25,"(47, 9)",taxation,6,0.25,False,True,False
173,79-3,46692.1875,"(7, 36)",taxation,6,0.25,False,True,False
173,199-3,56302.25,"(8, 37)",taxation,6,0.25,False,True,False
173,136-3,39467.375,"(8, 45)",taxation,6,0.25,False,True,False
173,99-3,46673.9375,"(17, 37)",taxation,6,0.25,False,True,False
173,84-3,49105.625,"(22, 7)",taxation,6,0.25,False,True,False
173,123-3,56345.5625,"(5, 47)",taxation,6,0.25,False,True,False
173,119-3,49094.75,"(47, 14)",taxation,6,0.25,False,True,False
173,46-3,34615.5,"(25, 5)",taxation,6,0.25,False,True,False
173,190-3,49093.0625,"(0, 44)",taxation,6,0.25,False,True,False
173,215-3,53959.625,"(41, 9)",taxation,6,0.25,False,True,False
173,220-3,53929.25,"(42, 13)",taxation,6,0.25,False,True,False
173,157-3,46677.1875,"(18, 33)",taxation,6,0.25,False,True,False
173,245-3,53891.0625,"(18, 5)",taxation,6,0.25,False,True,False
173,195-3,22559.9375,"(41, 21)",taxation,6,0.25,False,True,False
173,15-3,44275.0625,"(18, 25)",taxation,6,0.25,False,True,False
173,224-3,41856.3125,"(9, 46)",taxation,6,0.25,False,True,False
173,87-3,49084.625,"(31, 1)",taxation,6,0.25,False,True,False
173,135-3,49081.0625,"(7, 48)",taxation,6,0.25,False,True,False
173,8-3,49087.25,"(41, 20)",taxation,6,0.25,False,True,False
173,227-3,53917.375,"(39, 9)",taxation,6,0.25,False,True,False
173,178-3,53918.1875,"(7, 47)",taxation,6,0.25,False,True,False
173,114-3,56328.3125,"(17, 36)",taxation,6,0.25,False,True,False
173,118-3,53860.625,"(17, 32)",taxation,6,0.25,False,True,False
173,244-3,56319.875,"(31, 10)",taxation,6,0.25,False,True,False
173,34-3,44234.5,"(10, 32)",taxation,6,0.25,False,True,False
173,60-3,51481.4375,"(17, 31)",taxation,6,0.25,False,True,False
173,218-3,56332.125,"(5, 46)",taxation,6,0.25,False,True,False
173,49-3,46675.875,"(30, 11)",taxation,6,0.25,False,True,False
173,185-3,49127.125,"(41, 11)",taxation,6,0.25,False,True,False
173,228-4,29138.9375,"(10, 45)",taxation,6,0.25,False,True,False
173,24-3,39489.125,"(49, 18)",taxation,6,0.25,False,True,False
173,9-3,41873.9375,"(39, 8)",taxation,6,0.25,False,True,False
173,39-3,34589.625,"(9, 47)",taxation,6,0.25,False,True,False
173,151-3,39395.1875,"(31, 11)",taxation,6,0.25,False,True,False
173,29-3,49082.9375,"(48, 18)",taxation,6,0.25,False,True,False
173,230-3,39438.0,"(5, 44)",taxation,6,0.25,False,True,False
173,131-3,49071.75,"(45, 10)",taxation,6,0.25,False,True,False
173,81-3,46696.6875,"(20, 8)",taxation,6,0.25,False,True,False
173,222-3,49065.125,"(3, 43)",taxation,6,0.25,False,True,False
173,171-3,49061.375,"(3, 40)",taxation,6,0.25,False,True,False
173,200-3,46657.5,"(45, 17)",taxation,6,0.25,False,True,False
173,238-3,49076.5,"(48, 11)",taxation,6,0.25,False,True,False
173,153-3,24937.25,"(20, 4)",taxation,6,0.25,False,True,False
173,197-3,39419.1875,"(21, 4)",taxation,6,0.25,False,True,False
173,139-4,44246.765625,"(26, 11)",taxation,6,0.25,False,True,False
173,204-3,53856.375,"(31, 34)",taxation,6,0.25,False,True,False
173,211-3,32161.8125,"(10, 49)",taxation,6,0.25,False,True,False
173,93-3,22526.0,"(19, 8)",taxation,6,0.25,False,True,False
173,101-3,49094.5625,"(44, 11)",taxation,6,0.25,False,True,False
173,213-3,49075.625,"(46, 17)",taxation,6,0.25,False,True,False
173,70-3,51467.0,"(10, 47)",taxation,6,0.25,False,True,False
173,239-3,49072.625,"(16, 48)",taxation,6,0.25,False,True,False
173,243-3,46640.125,"(15, 6)",taxation,6,0.25,False,True,False
173,192-3,44243.25,"(32, 8)",taxation,6,0.25,False,True,False
173,143-3,49051.3125,"(41, 17)",taxation,6,0.25,False,True,False
173,35-3,49062.875,"(39, 23)",taxation,6,0.25,False,True,False
173,3-3,29731.6875,"(1, 40)",taxation,6,0.25,False,True,False
173,181-3,49036.937500000015,"(22, 6)",taxation,6,0.25,False,True,False
173,105-3,44225.625,"(48, 20)",taxation,6,0.25,False,True,False
173,177-3,49101.3125,"(44, 8)",taxation,6,0.25,False,True,False
173,167-4,38804.734375,"(22, 2)",taxation,6,0.25,False,True,False
173,173-4,10483.8125,"(5, 42)",taxation,6,0.25,False,True,False
173,44-3,32159.0,"(16, 6)",taxation,6,0.25,False,True,False
173,216-3,53863.5,"(32, 7)",taxation,6,0.25,False,True,False
173,217-3,29750.375,"(13, 39)",taxation,6,0.25,False,True,False
173,138-3,51411.8125,"(26, 38)",taxation,6,0.25,False,True,False
173,75-4,35145.0625,"(7, 49)",taxation,6,0.25,False,True,False
173,74-4,42992.0,"(25, 7)",taxation,6,0.25,False,True,False
173,191-3,56247.5625,"(8, 47)",taxation,6,0.25,False,True,False
173,240-4,12833.3125,"(15, 37)",taxation,6,0.25,False,True,False
173,20-3,46647.75,"(40, 23)",taxation,6,0.25,False,True,False
173,159-3,39393.375,"(11, 35)",taxation,6,0.25,False,True,False
173,158-4,35754.0625,"(8, 38)",taxation,6,0.25,False,True,False
173,66-3,53869.8125,"(45, 19)",taxation,6,0.25,False,True,False
173,170-4,33994.734375,"(41, 12)",taxation,6,0.25,False,True,False
173,146-4,15283.3125,"(42, 22)",taxation,6,0.25,False,True,False
173,208-4,39382.703125,"(5, 43)",taxation,6,0.25,False,True,False
173,219-4,43002.3125,"(7, 43)",taxation,6,0.25,False,True,False
173,140-4,809.0625,"(8, 43)",taxation,6,0.25,False,True,False
173,210-3,58693.5625,"(7, 44)",taxation,6,0.25,False,True,False
173,198-4,35184.71875,"(49, 11)",taxation,6,0.25,False,True,False
173,246-4,36990.3125,"(11, 42)",taxation,6,0.25,False,True,False
173,187-4,20066.1875,"(41, 15)",taxation,6,0.25,False,True,False
173,179-4,32189.53125,"(1, 41)",taxation,6,0.25,False,True,False
173,23-4,39943.5,"(12, 35)",taxation,6,0.25,False,True,False
173,31-4,44196.46875,"(12, 42)",taxation,6,0.25,False,True,False
173,150-3,41779.4375,"(33, 7)",taxation,6,0.25,False,True,False
173,12-3,46628.8125,"(48, 9)",taxation,6,0.25,False,True,False
173,98-4,20118.0625,"(7, 46)",taxation,6,0.25,False,True,False
173,126-3,49051.0625,"(49, 10)",taxation,6,0.25,False,True,False
173,176-4,790.1875,"(10, 30)",taxation,6,0.25,False,True,False
173,28-4,33938.203125,"(11, 30)",taxation,6,0.25,False,True,False
173,154-4,17657.3125,"(6, 43)",taxation,6,0.25,False,True,False
173,40-4,40573.3125,"(12, 37)",taxation,6,0.25,False,True,False
173,1-4,28538.140625,"(30, 8)",taxation,6,0.25,False,True,False
173,76-4,36960.921875000015,"(30, 3)",taxation,6,0.25,False,True,False
173,67-3,36991.5625,"(45, 18)",taxation,6,0.25,False,True,False
173,182-4,38712.890625,"(13, 37)",taxation,6,0.25,False,True,False
173,241-4,35125.21875,"(7, 39)",taxation,6,0.25,False,True,False
173,149-4,33365.5625,"(39, 21)",taxation,6,0.25,False,True,False
173,17-4,40577.03125,"(41, 22)",taxation,6,0.25,False,True,False
173,0-4,26097.828125,"(20, 5)",taxation,6,0.25,False,True,False
173,22-4,42355.8125,"(12, 40)",taxation,6,0.25,False,True,False
173,10-4,38766.390625,"(49, 9)",taxation,6,0.25,False,True,False
173,242-4,17070.953125,"(46, 9)",taxation,6,0.25,False,True,False
173,142-4,24260.859375,"(22, 35)",taxation,6,0.25,False,True,False
173,189-4,33372.84375,"(41, 10)",taxation,6,0.25,False,True,False
174,94-3,17128.5,"(32, 12)",taxation,6,0.25,False,True,False
174,172-3,54052.3125,"(2, 49)",taxation,6,0.25,False,True,False
174,206-3,50042.4375,"(4, 38)",taxation,6,0.25,False,True,False
174,42-3,37246.625,"(25, 15)",taxation,6,0.25,False,True,False
174,148-3,39589.9375,"(33, 6)",taxation,6,0.25,False,True,False
174,212-3,51694.8125,"(33, 10)",taxation,6,0.25,False,True,False
174,225-3,51660.5625,"(11, 48)",taxation,6,0.25,False,True,False
174,6-3,56479.5,"(4, 37)",taxation,6,0.25,False,True,False
174,38-3,51635.125,"(20, 32)",taxation,6,0.25,False,True,False
174,54-3,49233.1875,"(21, 11)",taxation,6,0.25,False,True,False
174,144-3,49299.875,"(20, 40)",taxation,6,0.25,False,True,False
174,162-3,51604.875,"(17, 12)",taxation,6,0.25,False,True,False
174,249-3,51705.75,"(19, 27)",taxation,6,0.25,False,True,False
174,180-3,49252.6875,"(9, 42)",taxation,6,0.25,False,True,False
174,83-3,54046.5625,"(15, 8)",taxation,6,0.25,False,True,False
174,133-3,44449.25,"(34, 7)",taxation,6,0.25,False,True,False
174,16-3,56482.125,"(12, 33)",taxation,6,0.25,False,True,False
174,51-3,51661.875,"(38, 19)",taxation,6,0.25,False,True,False
174,4-3,37163.6875,"(15, 38)",taxation,6,0.25,False,True,False
174,111-3,54036.6875,"(2, 45)",taxation,6,0.25,False,True,False
174,91-3,54064.0625,"(22, 11)",taxation,6,0.25,False,True,False
174,95-3,56484.875,"(43, 16)",taxation,6,0.25,False,True,False
174,106-3,46816.8125,"(22, 34)",taxation,6,0.25,False,True,False
174,56-3,49244.5625,"(30, 12)",taxation,6,0.25,False,True,False
174,71-3,54064.9375,"(16, 36)",taxation,6,0.25,False,True,False
174,226-3,49200.0625,"(15, 32)",taxation,6,0.25,False,True,False
174,205-3,25141.8125,"(35, 6)",taxation,6,0.25,False,True,False
174,165-3,58818.25,"(9, 35)",taxation,6,0.25,False,True,False
174,231-3,32357.8125,"(46, 13)",taxation,6,0.25,False,True,False
174,25-3,44410.25,"(30, 14)",taxation,6,0.25,False,True,False
174,137-3,44397.375,"(45, 16)",taxation,6,0.25,False,True,False
174,73-3,51630.6875,"(9, 43)",taxation,6,0.25,False,True,False
174,214-3,32320.25,"(28, 9)",taxation,6,0.25,False,True,False
174,21-3,46805.6875,"(1, 47)",taxation,6,0.25,False,True,False
174,201-3,34722.9375,"(41, 16)",taxation,6,0.25,False,True,False
174,169-3,39567.25,"(27, 15)",taxation,6,0.25,False,True,False
174,110-3,56462.75,"(2, 43)",taxation,6,0.25,False,True,False
174,183-3,34772.0625,"(30, 13)",taxation,6,0.25,False,True,False
174,125-3,54008.5,"(41, 14)",taxation,6,0.25,False,True,False
174,168-3,54061.875,"(10, 35)",taxation,6,0.25,False,True,False
174,156-3,37161.625,"(0, 49)",taxation,6,0.25,False,True,False
174,53-3,32355.6875,"(37, 19)",taxation,6,0.25,False,True,False
174,122-3,41966.6875,"(5, 38)",taxation,6,0.25,False,True,False
174,234-3,51583.125,"(6, 39)",taxation,6,0.25,False,True,False
174,134-3,49236.0,"(34, 5)",taxation,6,0.25,False,True,False
174,141-3,39599.375,"(35, 10)",taxation,6,0.25,False,True,False
174,145-3,51624.0,"(31, 12)",taxation,6,0.25,False,True,False
174,209-3,56469.625,"(13, 36)",taxation,6,0.25,False,True,False
174,247-3,44373.75,"(37, 20)",taxation,6,0.25,False,True,False
174,203-3,58844.6875,"(3, 44)",taxation,6,0.25,False,True,False
174,50-3,56430.125,"(2, 46)",taxation,6,0.25,False,True,False
174,45-3,51609.8125,"(19, 12)",taxation,6,0.25,False,True,False
174,78-3,46811.6875,"(31, 13)",taxation,6,0.25,False,True,False
174,147-3,49213.5625,"(42, 17)",taxation,6,0.25,False,True,False
174,193-3,44380.125,"(24, 31)",taxation,6,0.25,False,True,False
174,5-3,22659.625,"(35, 29)",taxation,6,0.25,False,True,False
174,175-3,41946.375,"(4, 40)",taxation,6,0.25,False,True,False
174,196-3,34724.0,"(2, 44)",taxation,6,0.25,False,True,False
174,112-3,54015.625,"(9, 45)",taxation,6,0.25,False,True,False
174,113-3,51580.0625,"(0, 21)",taxation,6,0.25,False,True,False
174,55-3,54004.9375,"(36, 22)",taxation,6,0.25,False,True,False
174,33-3,39515.9375,"(28, 14)",taxation,6,0.25,False,True,False
174,68-3,41973.3125,"(18, 13)",taxation,6,0.25,False,True,False
174,161-3,41952.5,"(4, 31)",taxation,6,0.25,False,True,False
174,100-3,49223.5625,"(35, 18)",taxation,6,0.25,False,True,False
174,155-3,51612.4375,"(24, 30)",taxation,6,0.25,False,True,False
174,41-3,54041.0,"(39, 15)",taxation,6,0.25,False,True,False
174,115-3,54006.3125,"(19, 31)",taxation,6,0.25,False,True,False
174,207-3,39560.8125,"(48, 12)",taxation,6,0.25,False,True,False
174,120-3,56404.5,"(15, 29)",taxation,6,0.25,False,True,False
174,11-3,39541.1875,"(34, 11)",taxation,6,0.25,False,True,False
174,102-3,34697.125,"(11, 49)",taxation,6,0.25,False,True,False
174,130-3,53984.125,"(6, 41)",taxation,6,0.25,False,True,False
174,103-3,49186.875,"(3, 47)",taxation,6,0.25,False,True,False
174,202-3,56439.5,"(4, 47)",taxation,6,0.25,False,True,False
174,164-3,51620.4375,"(48, 13)",taxation,6,0.25,False,True,False
174,2-3,49201.8125,"(28, 13)",taxation,6,0.25,False,True,False
174,186-3,46837.1875,"(44, 12)",taxation,6,0.25,False,True,False
174,85-3,44362.75,"(4, 36)",taxation,6,0.25,False,True,False
174,64-3,49138.0,"(26, 17)",taxation,6,0.25,False,True,False
174,188-3,49173.125,"(4, 45)",taxation,6,0.25,False,True,False
174,32-3,53979.8125,"(15, 39)",taxation,6,0.25,False,True,False
174,57-3,44341.6875,"(44, 13)",taxation,6,0.25,False,True,False
174,132-3,54016.3125,"(44, 17)",taxation,6,0.25,False,True,False
174,163-3,58790.5,"(15, 35)",taxation,6,0.25,False,True,False
174,19-3,51604.0,"(39, 22)",taxation,6,0.25,False,True,False
174,107-3,53946.875,"(11, 45)",taxation,6,0.25,False,True,False
174,221-3,46741.625,"(16, 43)",taxation,6,0.25,False,True,False
174,96-3,56400.375,"(9, 44)",taxation,6,0.25,False,True,False
174,92-3,53971.25,"(39, 16)",taxation,6,0.25,False,True,False
174,116-3,54021.125,"(49, 17)",taxation,6,0.25,False,True,False
174,13-3,46750.6875,"(35, 28)",taxation,6,0.25,False,True,False
174,174-3,53999.125,"(35, 21)",taxation,6,0.25,False,True,False
174,69-3,53942.875,"(29, 12)",taxation,6,0.25,False,True,False
174,184-3,49113.9375,"(0, 48)",taxation,6,0.25,False,True,False
174,237-3,39504.3125,"(6, 40)",taxation,6,0.25,False,True,False
174,90-3,44318.875,"(6, 37)",taxation,6,0.25,False,True,False
174,18-3,56395.3125,"(28, 15)",taxation,6,0.25,False,True,False
174,121-3,49171.0,"(1, 39)",taxation,6,0.25,False,True,False
174,30-3,56427.9375,"(46, 12)",taxation,6,0.25,False,True,False
174,97-3,39489.3125,"(10, 41)",taxation,6,0.25,False,True,False
174,229-3,53992.6875,"(13, 41)",taxation,6,0.25,False,True,False
174,27-3,44301.0625,"(16, 31)",taxation,6,0.25,False,True,False
174,117-3,44318.625,"(38, 16)",taxation,6,0.25,False,True,False
174,80-3,53963.625,"(6, 38)",taxation,6,0.25,False,True,False
174,166-3,46713.4375,"(10, 43)",taxation,6,0.25,False,True,False
174,86-3,49169.5,"(13, 32)",taxation,6,0.25,False,True,False
174,160-3,44317.75,"(1, 46)",taxation,6,0.25,False,True,False
174,233-3,46733.4375,"(8, 42)",taxation,6,0.25,False,True,False
174,235-3,49133.9375,"(24, 13)",taxation,6,0.25,False,True,False
174,48-3,51499.5,"(10, 36)",taxation,6,0.25,False,True,False
174,88-3,49158.0,"(45, 12)",taxation,6,0.25,False,True,False
174,52-3,37110.4375,"(30, 9)",taxation,6,0.25,False,True,False
174,58-3,51542.875,"(47, 12)",taxation,6,0.25,False,True,False
174,248-3,49155.1875,"(44, 9)",taxation,6,0.25,False,True,False
174,108-3,27446.6875,"(45, 13)",taxation,6,0.25,False,True,False
174,82-3,51556.125,"(33, 11)",taxation,6,0.25,False,True,False
174,236-3,49163.9375,"(32, 11)",taxation,6,0.25,False,True,False
174,104-3,46763.125,"(29, 14)",taxation,6,0.25,False,True,False
174,152-3,51542.1875,"(1, 48)",taxation,6,0.25,False,True,False
174,109-3,49152.875,"(31, 9)",taxation,6,0.25,False,True,False
174,72-3,56360.875,"(26, 14)",taxation,6,0.25,False,True,False
174,127-3,51530.5,"(17, 13)",taxation,6,0.25,False,True,False
174,61-3,58799.1875,"(43, 13)",taxation,6,0.25,False,True,False
174,232-3,29793.6875,"(5, 49)",taxation,6,0.25,False,True,False
174,65-3,56348.9375,"(21, 45)",taxation,6,0.25,False,True,False
174,124-3,46706.1875,"(8, 41)",taxation,6,0.25,False,True,False
174,62-3,49137.125,"(0, 46)",taxation,6,0.25,False,True,False
174,59-3,44315.9375,"(48, 16)",taxation,6,0.25,False,True,False
174,89-3,51545.0625,"(38, 28)",taxation,6,0.25,False,True,False
174,26-3,39501.5625,"(7, 41)",taxation,6,0.25,False,True,False
174,14-3,12972.875,"(39, 17)",taxation,6,0.25,False,True,False
174,194-3,44297.625,"(26, 16)",taxation,6,0.25,False,True,False
174,37-3,51544.0625,"(37, 28)",taxation,6,0.25,False,True,False
174,36-3,37073.4375,"(1, 44)",taxation,6,0.25,False,True,False
174,7-3,37098.375,"(44, 10)",taxation,6,0.25,False,True,False
174,47-3,34623.3125,"(17, 42)",taxation,6,0.25,False,True,False
174,223-3,34660.5,"(40, 18)",taxation,6,0.25,False,True,False
174,129-3,46736.5,"(1, 45)",taxation,6,0.25,False,True,False
174,77-3,41879.125,"(41, 13)",taxation,6,0.25,False,True,False
174,43-3,49104.8125,"(14, 31)",taxation,6,0.25,False,True,False
174,128-3,53977.25,"(49, 12)",taxation,6,0.25,False,True,False
174,79-3,46699.1875,"(5, 32)",taxation,6,0.25,False,True,False
174,199-3,56309.25,"(7, 32)",taxation,6,0.25,False,True,False
174,136-3,39474.375,"(4, 46)",taxation,6,0.25,False,True,False
174,99-3,46680.9375,"(18, 35)",taxation,6,0.25,False,True,False
174,84-3,49112.625,"(20, 12)",taxation,6,0.25,False,True,False
174,123-3,56346.5625,"(9, 48)",taxation,6,0.25,False,True,False
174,119-3,49102.75,"(42, 11)",taxation,6,0.25,False,True,False
174,46-3,34623.5,"(28, 10)",taxation,6,0.25,False,True,False
174,190-3,49102.0625,"(0, 47)",taxation,6,0.25,False,True,False
174,215-3,53968.625,"(40, 11)",taxation,6,0.25,False,True,False
174,220-3,53937.25,"(37, 14)",taxation,6,0.25,False,True,False
174,157-3,46684.1875,"(19, 29)",taxation,6,0.25,False,True,False
174,245-3,53896.0625,"(22, 10)",taxation,6,0.25,False,True,False
174,195-3,22567.9375,"(40, 17)",taxation,6,0.25,False,True,False
174,15-3,44283.0625,"(17, 26)",taxation,6,0.25,False,True,False
174,224-3,41864.3125,"(3, 49)",taxation,6,0.25,False,True,False
174,87-3,49091.625,"(34, 6)",taxation,6,0.25,False,True,False
174,135-3,49088.0625,"(4, 48)",taxation,6,0.25,False,True,False
174,8-3,49096.25,"(42, 16)",taxation,6,0.25,False,True,False
174,227-3,53925.375,"(40, 12)",taxation,6,0.25,False,True,False
174,178-3,53926.1875,"(3, 48)",taxation,6,0.25,False,True,False
174,114-3,56335.3125,"(19, 30)",taxation,6,0.25,False,True,False
174,118-3,53867.625,"(19, 32)",taxation,6,0.25,False,True,False
174,244-3,56328.875,"(35, 14)",taxation,6,0.25,False,True,False
174,34-3,44241.5,"(9, 31)",taxation,6,0.25,False,True,False
174,60-3,51489.4375,"(15, 30)",taxation,6,0.25,False,True,False
174,218-3,56341.125,"(3, 45)",taxation,6,0.25,False,True,False
174,49-3,46684.875,"(26, 15)",taxation,6,0.25,False,True,False
174,185-3,49135.125,"(36, 11)",taxation,6,0.25,False,True,False
174,228-4,29143.9375,"(10, 39)",taxation,6,0.25,False,True,False
174,24-3,39498.125,"(47, 16)",taxation,6,0.25,False,True,False
174,9-3,41882.9375,"(39, 6)",taxation,6,0.25,False,True,False
174,39-3,34597.625,"(10, 48)",taxation,6,0.25,False,True,False
174,151-3,39404.1875,"(29, 13)",taxation,6,0.25,False,True,False
174,29-3,49092.9375,"(47, 13)",taxation,6,0.25,False,True,False
174,230-3,39440.0,"(11, 38)",taxation,6,0.25,False,True,False
174,131-3,49078.75,"(39, 10)",taxation,6,0.25,False,True,False
174,81-3,46702.6875,"(25, 12)",taxation,6,0.25,False,True,False
174,222-3,49066.125,"(3, 39)",taxation,6,0.25,False,True,False
174,171-3,49063.375,"(3, 35)",taxation,6,0.25,False,True,False
174,200-3,46666.5,"(46, 16)",taxation,6,0.25,False,True,False
174,238-3,49082.5,"(42, 12)",taxation,6,0.25,False,True,False
174,153-3,24941.25,"(21, 9)",taxation,6,0.25,False,True,False
174,197-3,39424.1875,"(22, 9)",taxation,6,0.25,False,True,False
174,139-4,44255.765625,"(27, 16)",taxation,6,0.25,False,True,False
174,204-3,53863.375,"(32, 28)",taxation,6,0.25,False,True,False
174,211-3,32168.8125,"(5, 48)",taxation,6,0.25,False,True,False
174,93-3,22535.0,"(24, 14)",taxation,6,0.25,False,True,False
174,101-3,49103.5625,"(38, 14)",taxation,6,0.25,False,True,False
174,213-3,49083.625,"(42, 14)",taxation,6,0.25,False,True,False
174,70-3,51469.0,"(15, 48)",taxation,6,0.25,False,True,False
174,239-3,49076.625,"(21, 42)",taxation,6,0.25,False,True,False
174,243-3,46647.125,"(18, 12)",taxation,6,0.25,False,True,False
174,192-3,44252.25,"(36, 13)",taxation,6,0.25,False,True,False
174,143-3,49059.3125,"(37, 18)",taxation,6,0.25,False,True,False
174,35-3,49070.875,"(38, 20)",taxation,6,0.25,False,True,False
174,3-3,29739.6875,"(0, 45)",taxation,6,0.25,False,True,False
174,181-3,49044.937500000015,"(23, 11)",taxation,6,0.25,False,True,False
174,105-3,44233.625,"(43, 14)",taxation,6,0.25,False,True,False
174,177-3,49109.3125,"(42, 10)",taxation,6,0.25,False,True,False
174,167-4,38807.734375,"(23, 7)",taxation,6,0.25,False,True,False
174,173-4,10485.8125,"(7, 37)",taxation,6,0.25,False,True,False
174,44-3,32166.0,"(16, 12)",taxation,6,0.25,False,True,False
174,216-3,53871.5,"(34, 10)",taxation,6,0.25,False,True,False
174,217-3,29757.375,"(18, 34)",taxation,6,0.25,False,True,False
174,138-3,51418.8125,"(20, 33)",taxation,6,0.25,False,True,False
174,75-4,35154.0625,"(1, 49)",taxation,6,0.25,False,True,False
174,74-4,43000.0,"(26, 12)",taxation,6,0.25,False,True,False
174,191-3,56249.5625,"(14, 43)",taxation,6,0.25,False,True,False
174,240-4,12840.3125,"(14, 37)",taxation,6,0.25,False,True,False
174,20-3,46656.75,"(43, 17)",taxation,6,0.25,False,True,False
174,159-3,39401.375,"(16, 29)",taxation,6,0.25,False,True,False
174,158-4,35761.0625,"(8, 39)",taxation,6,0.25,False,True,False
174,66-3,53876.8125,"(39, 19)",taxation,6,0.25,False,True,False
174,170-4,34002.734375,"(36, 14)",taxation,6,0.25,False,True,False
174,146-4,15291.3125,"(38, 18)",taxation,6,0.25,False,True,False
174,208-4,39384.703125,"(11, 39)",taxation,6,0.25,False,True,False
174,219-4,43010.3125,"(2, 48)",taxation,6,0.25,False,True,False
174,140-4,811.0625,"(13, 40)",taxation,6,0.25,False,True,False
174,210-3,58700.5625,"(3, 46)",taxation,6,0.25,False,True,False
174,198-4,35189.71875,"(45, 8)",taxation,6,0.25,False,True,False
174,246-4,36995.3125,"(16, 40)",taxation,6,0.25,False,True,False
174,187-4,20075.1875,"(40, 14)",taxation,6,0.25,False,True,False
174,179-4,32191.53125,"(3, 36)",taxation,6,0.25,False,True,False
174,23-4,39949.5,"(14, 33)",taxation,6,0.25,False,True,False
174,31-4,44202.46875,"(10, 42)",taxation,6,0.25,False,True,False
174,150-3,41787.4375,"(33, 9)",taxation,6,0.25,False,True,False
174,12-3,46637.8125,"(43, 11)",taxation,6,0.25,False,True,False
174,98-4,20119.0625,"(11, 46)",taxation,6,0.25,False,True,False
174,126-3,49056.0625,"(46, 7)",taxation,6,0.25,False,True,False
174,176-4,798.1875,"(12, 31)",taxation,6,0.25,False,True,False
174,28-4,33946.203125,"(13, 31)",taxation,6,0.25,False,True,False
174,154-4,17665.3125,"(2, 47)",taxation,6,0.25,False,True,False
174,40-4,40581.3125,"(11, 37)",taxation,6,0.25,False,True,False
174,1-4,28547.140625,"(27, 14)",taxation,6,0.25,False,True,False
174,76-4,36968.921875000015,"(34, 9)",taxation,6,0.25,False,True,False
174,67-3,36999.5625,"(44, 16)",taxation,6,0.25,False,True,False
174,182-4,38720.890625,"(14, 32)",taxation,6,0.25,False,True,False
174,241-4,35131.21875,"(7, 38)",taxation,6,0.25,False,True,False
174,149-4,33374.5625,"(40, 16)",taxation,6,0.25,False,True,False
174,17-4,40585.03125,"(36, 19)",taxation,6,0.25,False,True,False
174,0-4,26102.828125,"(23, 10)",taxation,6,0.25,False,True,False
174,22-4,42362.8125,"(14, 35)",taxation,6,0.25,False,True,False
174,10-4,38772.390625,"(43, 10)",taxation,6,0.25,False,True,False
174,242-4,17079.953125,"(43, 12)",taxation,6,0.25,False,True,False
174,142-4,24267.859375,"(19, 34)",taxation,6,0.25,False,True,False
174,189-4,33380.84375,"(35, 11)",taxation,6,0.25,False,True,False
174,63-4,35098.171875,"(33, 12)",taxation,6,0.25,False,True,False
175,94-3,17136.5,"(34, 12)",taxation,6,0.25,False,True,False
175,172-3,54053.3125,"(5, 47)",taxation,6,0.25,False,True,False
175,206-3,50046.4375,"(8, 33)",taxation,6,0.25,False,True,False
175,42-3,37255.625,"(26, 20)",taxation,6,0.25,False,True,False
175,148-3,39596.9375,"(35, 4)",taxation,6,0.25,False,True,False
175,212-3,51701.8125,"(37, 12)",taxation,6,0.25,False,True,False
175,225-3,51663.5625,"(16, 47)",taxation,6,0.25,False,True,False
175,6-3,56483.5,"(8, 31)",taxation,6,0.25,False,True,False
175,38-3,51643.125,"(20, 27)",taxation,6,0.25,False,True,False
175,54-3,49241.1875,"(24, 15)",taxation,6,0.25,False,True,False
175,144-3,49306.875,"(24, 35)",taxation,6,0.25,False,True,False
175,162-3,51612.875,"(19, 15)",taxation,6,0.25,False,True,False
175,249-3,51713.75,"(20, 26)",taxation,6,0.25,False,True,False
175,180-3,49254.6875,"(9, 40)",taxation,6,0.25,False,True,False
175,83-3,54052.5625,"(14, 14)",taxation,6,0.25,False,True,False
175,133-3,44456.25,"(36, 6)",taxation,6,0.25,False,True,False
175,16-3,56490.125,"(7, 28)",taxation,6,0.25,False,True,False
175,51-3,51670.875,"(34, 15)",taxation,6,0.25,False,True,False
175,4-3,37170.6875,"(21, 33)",taxation,6,0.25,False,True,False
175,111-3,54038.6875,"(5, 39)",taxation,6,0.25,False,True,False
175,91-3,54072.0625,"(17, 17)",taxation,6,0.25,False,True,False
175,95-3,56491.875,"(40, 13)",taxation,6,0.25,False,True,False
175,106-3,46823.8125,"(23, 34)",taxation,6,0.25,False,True,False
175,56-3,49253.5625,"(31, 14)",taxation,6,0.25,False,True,False
175,71-3,54071.9375,"(21, 31)",taxation,6,0.25,False,True,False
175,226-3,49208.0625,"(15, 28)",taxation,6,0.25,False,True,False
175,205-3,25149.8125,"(36, 7)",taxation,6,0.25,False,True,False
175,231-3,32364.8125,"(40, 8)",taxation,6,0.25,False,True,False
175,25-3,44419.25,"(30, 15)",taxation,6,0.25,False,True,False
175,137-3,44403.375,"(41, 19)",taxation,6,0.25,False,True,False
175,73-3,51632.6875,"(11, 41)",taxation,6,0.25,False,True,False
175,214-3,32328.25,"(32, 13)",taxation,6,0.25,False,True,False
175,21-3,46806.6875,"(5, 44)",taxation,6,0.25,False,True,False
175,201-3,34730.9375,"(39, 14)",taxation,6,0.25,False,True,False
175,169-3,39576.25,"(28, 18)",taxation,6,0.25,False,True,False
175,110-3,56464.75,"(0, 38)",taxation,6,0.25,False,True,False
175,183-3,34781.0625,"(31, 15)",taxation,6,0.25,False,True,False
175,125-3,54015.5,"(37, 16)",taxation,6,0.25,False,True,False
175,168-3,54066.875,"(16, 33)",taxation,6,0.25,False,True,False
175,156-3,37162.625,"(6, 48)",taxation,6,0.25,False,True,False
175,53-3,32364.6875,"(36, 15)",taxation,6,0.25,False,True,False
175,122-3,41972.6875,"(9, 32)",taxation,6,0.25,False,True,False
175,234-3,51587.125,"(6, 33)",taxation,6,0.25,False,True,False
175,134-3,49244.0,"(35, 7)",taxation,6,0.25,False,True,False
175,141-3,39606.375,"(36, 10)",taxation,6,0.25,False,True,False
175,145-3,51632.0,"(33, 14)",taxation,6,0.25,False,True,False
175,209-3,56476.625,"(18, 37)",taxation,6,0.25,False,True,False
175,247-3,44382.75,"(34, 20)",taxation,6,0.25,False,True,False
175,203-3,58846.6875,"(3, 38)",taxation,6,0.25,False,True,False
175,50-3,56431.125,"(4, 44)",taxation,6,0.25,False,True,False
175,45-3,51617.8125,"(20, 17)",taxation,6,0.25,False,True,False
175,78-3,46820.6875,"(31, 16)",taxation,6,0.25,False,True,False
175,147-3,49222.5625,"(36, 16)",taxation,6,0.25,False,True,False
175,193-3,44388.125,"(23, 29)",taxation,6,0.25,False,True,False
175,5-3,22667.625,"(33, 27)",taxation,6,0.25,False,True,False
175,175-3,41950.375,"(10, 34)",taxation,6,0.25,False,True,False
175,196-3,34726.0,"(2, 38)",taxation,6,0.25,False,True,False
175,112-3,54018.625,"(15, 44)",taxation,6,0.25,False,True,False
175,113-3,51588.0625,"(1, 21)",taxation,6,0.25,False,True,False
175,55-3,54012.9375,"(35, 22)",taxation,6,0.25,False,True,False
175,33-3,39524.9375,"(29, 18)",taxation,6,0.25,False,True,False
175,68-3,41981.3125,"(18, 15)",taxation,6,0.25,False,True,False
175,161-3,41960.5,"(6, 28)",taxation,6,0.25,False,True,False
175,100-3,49232.5625,"(34, 17)",taxation,6,0.25,False,True,False
175,155-3,51620.4375,"(22, 26)",taxation,6,0.25,False,True,False
175,41-3,54049.0,"(34, 16)",taxation,6,0.25,False,True,False
175,115-3,54014.3125,"(21, 26)",taxation,6,0.25,False,True,False
175,207-3,39566.8125,"(46, 6)",taxation,6,0.25,False,True,False
175,120-3,56412.5,"(14, 24)",taxation,6,0.25,False,True,False
175,11-3,39549.1875,"(35, 12)",taxation,6,0.25,False,True,False
175,102-3,34700.125,"(17, 49)",taxation,6,0.25,False,True,False
175,130-3,53986.125,"(5, 37)",taxation,6,0.25,False,True,False
175,103-3,49188.875,"(9, 41)",taxation,6,0.25,False,True,False
175,202-3,56440.5,"(6, 46)",taxation,6,0.25,False,True,False
175,164-3,51626.4375,"(42, 8)",taxation,6,0.25,False,True,False
175,2-3,49210.8125,"(30, 16)",taxation,6,0.25,False,True,False
175,186-3,46844.1875,"(38, 13)",taxation,6,0.25,False,True,False
175,85-3,44367.75,"(6, 30)",taxation,6,0.25,False,True,False
175,64-3,49147.0,"(26, 18)",taxation,6,0.25,False,True,False
175,188-3,49175.125,"(8, 40)",taxation,6,0.25,False,True,False
175,32-3,53985.8125,"(16, 38)",taxation,6,0.25,False,True,False
175,57-3,44348.6875,"(40, 9)",taxation,6,0.25,False,True,False
175,132-3,54023.3125,"(43, 23)",taxation,6,0.25,False,True,False
175,163-3,58797.5,"(17, 29)",taxation,6,0.25,False,True,False
175,19-3,51612.0,"(37, 23)",taxation,6,0.25,False,True,False
175,107-3,53949.875,"(16, 45)",taxation,6,0.25,False,True,False
175,221-3,46746.625,"(21, 37)",taxation,6,0.25,False,True,False
175,96-3,56402.375,"(11, 44)",taxation,6,0.25,False,True,False
175,92-3,53979.25,"(38, 15)",taxation,6,0.25,False,True,False
175,116-3,54028.125,"(44, 23)",taxation,6,0.25,False,True,False
175,13-3,46758.6875,"(35, 27)",taxation,6,0.25,False,True,False
175,174-3,54008.125,"(32, 19)",taxation,6,0.25,False,True,False
175,69-3,53950.875,"(31, 18)",taxation,6,0.25,False,True,False
175,184-3,49114.9375,"(0, 43)",taxation,6,0.25,False,True,False
175,237-3,39507.3125,"(6, 34)",taxation,6,0.25,False,True,False
175,90-3,44322.875,"(7, 31)",taxation,6,0.25,False,True,False
175,18-3,56403.3125,"(30, 18)",taxation,6,0.25,False,True,False
175,121-3,49174.0,"(1, 34)",taxation,6,0.25,False,True,False
175,30-3,56434.9375,"(40, 10)",taxation,6,0.25,False,True,False
175,97-3,39495.3125,"(16, 35)",taxation,6,0.25,False,True,False
175,229-3,53997.6875,"(17, 35)",taxation,6,0.25,False,True,False
175,27-3,44309.0625,"(18, 26)",taxation,6,0.25,False,True,False
175,117-3,44326.625,"(36, 21)",taxation,6,0.25,False,True,False
175,80-3,53967.625,"(9, 33)",taxation,6,0.25,False,True,False
175,166-3,46717.4375,"(16, 37)",taxation,6,0.25,False,True,False
175,86-3,49176.5,"(10, 26)",taxation,6,0.25,False,True,False
175,160-3,44318.75,"(1, 42)",taxation,6,0.25,False,True,False
175,233-3,46735.4375,"(11, 40)",taxation,6,0.25,False,True,False
175,235-3,49142.9375,"(27, 18)",taxation,6,0.25,False,True,False
175,48-3,51505.5,"(16, 30)",taxation,6,0.25,False,True,False
175,88-3,49164.0,"(45, 6)",taxation,6,0.25,False,True,False
175,52-3,37117.4375,"(34, 3)",taxation,6,0.25,False,True,False
175,58-3,51548.875,"(41, 7)",taxation,6,0.25,False,True,False
175,248-3,49163.1875,"(38, 9)",taxation,6,0.25,False,True,False
175,108-3,27453.6875,"(39, 11)",taxation,6,0.25,False,True,False
175,82-3,51565.125,"(32, 14)",taxation,6,0.25,False,True,False
175,236-3,49172.9375,"(33, 13)",taxation,6,0.25,False,True,False
175,104-3,46771.125,"(32, 17)",taxation,6,0.25,False,True,False
175,152-3,51543.1875,"(3, 43)",taxation,6,0.25,False,True,False
175,109-3,49160.875,"(34, 8)",taxation,6,0.25,False,True,False
175,72-3,56369.875,"(27, 19)",taxation,6,0.25,False,True,False
175,127-3,51538.5,"(17, 15)",taxation,6,0.25,False,True,False
175,61-3,58807.1875,"(37, 9)",taxation,6,0.25,False,True,False
175,232-3,29794.6875,"(7, 49)",taxation,6,0.25,False,True,False
175,65-3,56353.9375,"(25, 42)",taxation,6,0.25,False,True,False
175,124-3,46709.1875,"(6, 35)",taxation,6,0.25,False,True,False
175,62-3,49138.125,"(0, 44)",taxation,6,0.25,False,True,False
175,59-3,44322.9375,"(43, 22)",taxation,6,0.25,False,True,False
175,89-3,51553.0625,"(38, 27)",taxation,6,0.25,False,True,False
175,26-3,39504.5625,"(4, 35)",taxation,6,0.25,False,True,False
175,14-3,12981.875,"(33, 16)",taxation,6,0.25,False,True,False
175,194-3,44306.625,"(27, 17)",taxation,6,0.25,False,True,False
175,37-3,51552.0625,"(37, 27)",taxation,6,0.25,False,True,False
175,36-3,37075.4375,"(1, 38)",taxation,6,0.25,False,True,False
175,7-3,37106.375,"(39, 12)",taxation,6,0.25,False,True,False
175,47-3,34628.3125,"(22, 42)",taxation,6,0.25,False,True,False
175,223-3,34668.5,"(36, 18)",taxation,6,0.25,False,True,False
175,129-3,46738.5,"(0, 39)",taxation,6,0.25,False,True,False
175,77-3,41886.125,"(37, 13)",taxation,6,0.25,False,True,False
175,43-3,49111.8125,"(20, 30)",taxation,6,0.25,False,True,False
175,128-3,53983.25,"(47, 6)",taxation,6,0.25,False,True,False
175,79-3,46706.1875,"(8, 26)",taxation,6,0.25,False,True,False
175,199-3,56316.25,"(7, 26)",taxation,6,0.25,False,True,False
175,136-3,39475.375,"(6, 45)",taxation,6,0.25,False,True,False
175,99-3,46687.9375,"(22, 33)",taxation,6,0.25,False,True,False
175,84-3,49121.625,"(22, 17)",taxation,6,0.25,False,True,False
175,123-3,56348.5625,"(11, 47)",taxation,6,0.25,False,True,False
175,119-3,49110.75,"(38, 11)",taxation,6,0.25,False,True,False
175,46-3,34631.5,"(34, 13)",taxation,6,0.25,False,True,False
175,190-3,49103.0625,"(1, 43)",taxation,6,0.25,False,True,False
175,215-3,53976.625,"(35, 13)",taxation,6,0.25,False,True,False
175,220-3,53946.25,"(35, 15)",taxation,6,0.25,False,True,False
175,157-3,46693.1875,"(23, 23)",taxation,6,0.25,False,True,False
175,245-3,53905.0625,"(28, 16)",taxation,6,0.25,False,True,False
175,195-3,22575.9375,"(36, 17)",taxation,6,0.25,False,True,False
175,15-3,44292.0625,"(22, 22)",taxation,6,0.25,False,True,False
175,224-3,41865.3125,"(7, 47)",taxation,6,0.25,False,True,False
175,87-3,49098.625,"(34, 4)",taxation,6,0.25,False,True,False
175,135-3,49089.0625,"(6, 47)",taxation,6,0.25,False,True,False
175,8-3,49104.25,"(36, 20)",taxation,6,0.25,False,True,False
175,227-3,53933.375,"(38, 12)",taxation,6,0.25,False,True,False
175,178-3,53927.1875,"(7, 48)",taxation,6,0.25,False,True,False
175,114-3,56343.3125,"(19, 24)",taxation,6,0.25,False,True,False
175,118-3,53875.625,"(22, 28)",taxation,6,0.25,False,True,False
175,244-3,56336.875,"(33, 17)",taxation,6,0.25,False,True,False
175,34-3,44249.5,"(9, 28)",taxation,6,0.25,False,True,False
175,60-3,51497.4375,"(17, 27)",taxation,6,0.25,False,True,False
175,218-3,56343.125,"(7, 40)",taxation,6,0.25,False,True,False
175,49-3,46692.875,"(26, 19)",taxation,6,0.25,False,True,False
175,185-3,49144.125,"(33, 15)",taxation,6,0.25,False,True,False
175,228-4,29147.9375,"(15, 34)",taxation,6,0.25,False,True,False
175,24-3,39504.125,"(45, 15)",taxation,6,0.25,False,True,False
175,9-3,41889.9375,"(38, 6)",taxation,6,0.25,False,True,False
175,39-3,34600.625,"(16, 49)",taxation,6,0.25,False,True,False
175,151-3,39413.1875,"(29, 17)",taxation,6,0.25,False,True,False
175,29-3,49098.9375,"(42, 15)",taxation,6,0.25,False,True,False
175,230-3,39447.0,"(8, 32)",taxation,6,0.25,False,True,False
175,131-3,49086.75,"(36, 8)",taxation,6,0.25,False,True,False
175,81-3,46710.6875,"(30, 17)",taxation,6,0.25,False,True,False
175,222-3,49070.125,"(7, 33)",taxation,6,0.25,False,True,False
175,171-3,49067.375,"(6, 31)",taxation,6,0.25,False,True,False
175,200-3,46672.5,"(43, 19)",taxation,6,0.25,False,True,False
175,238-3,49090.5,"(37, 11)",taxation,6,0.25,False,True,False
175,153-3,24948.25,"(25, 14)",taxation,6,0.25,False,True,False
175,197-3,39430.1875,"(21, 13)",taxation,6,0.25,False,True,False
175,139-4,44264.765625,"(28, 17)",taxation,6,0.25,False,True,False
175,204-3,53871.375,"(32, 27)",taxation,6,0.25,False,True,False
175,211-3,32170.8125,"(11, 43)",taxation,6,0.25,False,True,False
175,93-3,22544.0,"(25, 18)",taxation,6,0.25,False,True,False
175,101-3,49112.5625,"(32, 16)",taxation,6,0.25,False,True,False
175,213-3,49091.625,"(39, 13)",taxation,6,0.25,False,True,False
175,70-3,51473.0,"(19, 45)",taxation,6,0.25,False,True,False
175,239-3,49082.625,"(23, 39)",taxation,6,0.25,False,True,False
175,243-3,46656.125,"(20, 16)",taxation,6,0.25,False,True,False
175,192-3,44261.25,"(32, 15)",taxation,6,0.25,False,True,False
175,143-3,49067.3125,"(35, 20)",taxation,6,0.25,False,True,False
175,35-3,49078.875,"(37, 21)",taxation,6,0.25,False,True,False
175,3-3,29741.6875,"(4, 39)",taxation,6,0.25,False,True,False
175,181-3,49053.937500000015,"(29, 16)",taxation,6,0.25,False,True,False
175,105-3,44240.625,"(37, 15)",taxation,6,0.25,False,True,False
175,177-3,49117.3125,"(37, 7)",taxation,6,0.25,False,True,False
175,167-4,38814.734375,"(26, 13)",taxation,6,0.25,False,True,False
175,173-4,10490.8125,"(10, 31)",taxation,6,0.25,False,True,False
175,44-3,32174.0,"(15, 17)",taxation,6,0.25,False,True,False
175,216-3,53879.5,"(36, 9)",taxation,6,0.25,False,True,False
175,217-3,29764.375,"(21, 32)",taxation,6,0.25,False,True,False
175,138-3,51426.8125,"(21, 27)",taxation,6,0.25,False,True,False
175,75-4,35155.0625,"(6, 49)",taxation,6,0.25,False,True,False
175,74-4,43008.0,"(31, 17)",taxation,6,0.25,False,True,False
175,191-3,56254.5625,"(20, 37)",taxation,6,0.25,False,True,False
175,240-4,12847.3125,"(20, 31)",taxation,6,0.25,False,True,False
175,20-3,46664.75,"(37, 17)",taxation,6,0.25,False,True,False
175,159-3,39409.375,"(18, 27)",taxation,6,0.25,False,True,False
175,158-4,35764.0625,"(9, 34)",taxation,6,0.25,False,True,False
175,66-3,53884.8125,"(38, 17)",taxation,6,0.25,False,True,False
175,170-4,34010.734375,"(34, 18)",taxation,6,0.25,False,True,False
175,146-4,15299.3125,"(35, 19)",taxation,6,0.25,False,True,False
175,208-4,39389.703125,"(17, 34)",taxation,6,0.25,False,True,False
175,219-4,43011.3125,"(5, 45)",taxation,6,0.25,False,True,False
175,140-4,816.0625,"(19, 36)",taxation,6,0.25,False,True,False
175,210-3,58701.5625,"(5, 46)",taxation,6,0.25,False,True,False
175,198-4,35196.71875,"(39, 4)",taxation,6,0.25,False,True,False
175,246-4,37001.3125,"(18, 36)",taxation,6,0.25,False,True,False
175,187-4,20081.1875,"(35, 17)",taxation,6,0.25,False,True,False
175,179-4,32197.53125,"(9, 30)",taxation,6,0.25,False,True,False
175,23-4,39957.5,"(12, 28)",taxation,6,0.25,False,True,False
175,31-4,44205.46875,"(16, 44)",taxation,6,0.25,False,True,False
175,150-3,41795.4375,"(35, 9)",taxation,6,0.25,False,True,False
175,12-3,46644.8125,"(38, 10)",taxation,6,0.25,False,True,False
175,98-4,20123.0625,"(17, 41)",taxation,6,0.25,False,True,False
175,126-3,49063.0625,"(40, 6)",taxation,6,0.25,False,True,False
175,176-4,805.1875,"(11, 26)",taxation,6,0.25,False,True,False
175,28-4,33954.203125,"(9, 26)",taxation,6,0.25,False,True,False
175,154-4,17666.3125,"(4, 49)",taxation,6,0.25,False,True,False
175,40-4,40586.3125,"(13, 33)",taxation,6,0.25,False,True,False
175,1-4,28555.140625,"(28, 19)",taxation,6,0.25,False,True,False
175,76-4,36976.921875000015,"(35, 8)",taxation,6,0.25,False,True,False
175,67-3,37006.5625,"(40, 19)",taxation,6,0.25,False,True,False
175,182-4,38728.890625,"(14, 28)",taxation,6,0.25,False,True,False
175,241-4,35136.21875,"(12, 32)",taxation,6,0.25,False,True,False
175,149-4,33382.5625,"(35, 16)",taxation,6,0.25,False,True,False
175,17-4,40593.03125,"(34, 19)",taxation,6,0.25,False,True,False
175,0-4,26111.828125,"(29, 15)",taxation,6,0.25,False,True,False
175,22-4,42369.8125,"(18, 29)",taxation,6,0.25,False,True,False
175,10-4,38780.390625,"(37, 10)",taxation,6,0.25,False,True,False
175,242-4,17087.953125,"(37, 8)",taxation,6,0.25,False,True,False
175,142-4,24275.859375,"(23, 28)",taxation,6,0.25,False,True,False
175,189-4,33388.84375,"(36, 12)",taxation,6,0.25,False,True,False
175,63-4,35106.171875,"(34, 14)",taxation,6,0.25,False,True,False
175,165-4,44118.1875,"(11, 31)",taxation,6,0.25,False,True,False
176,172-3,54055.3125,"(7, 46)",taxation,6,0.25,False,True,False
176,206-3,50052.4375,"(10, 27)",taxation,6,0.25,False,True,False
176,42-3,37263.625,"(25, 23)",taxation,6,0.25,False,True,False
176,148-3,39603.9375,"(35, 2)",taxation,6,0.25,False,True,False
176,212-3,51710.8125,"(32, 18)",taxation,6,0.25,False,True,False
176,225-3,51668.5625,"(21, 46)",taxation,6,0.25,False,True,False
176,6-3,56490.5,"(12, 25)",taxation,6,0.25,False,True,False
176,38-3,51651.125,"(22, 25)",taxation,6,0.25,False,True,False
176,54-3,49250.1875,"(24, 19)",taxation,6,0.25,False,True,False
176,144-3,49314.875,"(27, 30)",taxation,6,0.25,False,True,False
176,162-3,51621.875,"(18, 20)",taxation,6,0.25,False,True,False
176,249-3,51722.75,"(19, 21)",taxation,6,0.25,False,True,False
176,180-3,49258.6875,"(12, 34)",taxation,6,0.25,False,True,False
176,83-3,54061.5625,"(15, 20)",taxation,6,0.25,False,True,False
176,133-3,44463.25,"(37, 3)",taxation,6,0.25,False,True,False
176,16-3,56499.125,"(7, 24)",taxation,6,0.25,False,True,False
176,51-3,51673.875,"(40, 21)",taxation,6,0.25,False,True,False
176,4-3,37178.6875,"(25, 35)",taxation,6,0.25,False,True,False
176,111-3,54042.6875,"(4, 33)",taxation,6,0.25,False,True,False
176,91-3,54081.0625,"(17, 19)",taxation,6,0.25,False,True,False
176,95-3,56498.875,"(40, 7)",taxation,6,0.25,False,True,False
176,106-3,46831.8125,"(26, 29)",taxation,6,0.25,False,True,False
176,56-3,49262.5625,"(31, 19)",taxation,6,0.25,False,True,False
176,71-3,54079.9375,"(25, 28)",taxation,6,0.25,False,True,False
176,226-3,49217.0625,"(12, 24)",taxation,6,0.25,False,True,False
176,205-3,25156.8125,"(36, 2)",taxation,6,0.25,False,True,False
176,231-3,32371.8125,"(40, 2)",taxation,6,0.25,False,True,False
176,25-3,44427.25,"(25, 20)",taxation,6,0.25,False,True,False
176,137-3,44412.375,"(36, 23)",taxation,6,0.25,False,True,False
176,73-3,51636.6875,"(16, 39)",taxation,6,0.25,False,True,False
176,214-3,32331.25,"(27, 10)",taxation,6,0.25,False,True,False
176,21-3,46808.6875,"(5, 43)",taxation,6,0.25,False,True,False
176,201-3,34739.9375,"(33, 18)",taxation,6,0.25,False,True,False
176,169-3,39585.25,"(28, 20)",taxation,6,0.25,False,True,False
176,110-3,56468.75,"(0, 32)",taxation,6,0.25,False,True,False
176,183-3,34790.0625,"(31, 20)",taxation,6,0.25,False,True,False
176,125-3,54021.5,"(40, 22)",taxation,6,0.25,False,True,False
176,168-3,54074.875,"(22, 27)",taxation,6,0.25,False,True,False
176,156-3,37165.625,"(12, 48)",taxation,6,0.25,False,True,False
176,53-3,32372.6875,"(32, 21)",taxation,6,0.25,False,True,False
176,122-3,41979.6875,"(14, 26)",taxation,6,0.25,False,True,False
176,234-3,51593.125,"(7, 27)",taxation,6,0.25,False,True,False
176,134-3,49252.0,"(36, 4)",taxation,6,0.25,False,True,False
176,141-3,39613.375,"(41, 4)",taxation,6,0.25,False,True,False
176,145-3,51636.0,"(27, 9)",taxation,6,0.25,False,True,False
176,209-3,56483.625,"(24, 37)",taxation,6,0.25,False,True,False
176,247-3,44391.75,"(32, 22)",taxation,6,0.25,False,True,False
176,203-3,58850.6875,"(3, 33)",taxation,6,0.25,False,True,False
176,50-3,56433.125,"(4, 43)",taxation,6,0.25,False,True,False
176,45-3,51626.8125,"(21, 20)",taxation,6,0.25,False,True,False
176,78-3,46828.6875,"(26, 22)",taxation,6,0.25,False,True,False
176,147-3,49231.5625,"(33, 19)",taxation,6,0.25,False,True,False
176,193-3,44396.125,"(24, 28)",taxation,6,0.25,False,True,False
176,5-3,22676.625,"(33, 26)",taxation,6,0.25,False,True,False
176,175-3,41956.375,"(13, 28)",taxation,6,0.25,False,True,False
176,196-3,34730.0,"(2, 33)",taxation,6,0.25,False,True,False
176,112-3,54023.625,"(18, 42)",taxation,6,0.25,False,True,False
176,113-3,51597.0625,"(1, 22)",taxation,6,0.25,False,True,False
176,55-3,54021.9375,"(31, 26)",taxation,6,0.25,False,True,False
176,33-3,39532.9375,"(29, 23)",taxation,6,0.25,False,True,False
176,68-3,41990.3125,"(12, 21)",taxation,6,0.25,False,True,False
176,161-3,41969.5,"(12, 23)",taxation,6,0.25,False,True,False
176,100-3,49240.5625,"(33, 23)",taxation,6,0.25,False,True,False
176,155-3,51629.4375,"(27, 22)",taxation,6,0.25,False,True,False
176,41-3,54058.0,"(30, 20)",taxation,6,0.25,False,True,False
176,115-3,54023.3125,"(20, 24)",taxation,6,0.25,False,True,False
176,207-3,39572.8125,"(45, 5)",taxation,6,0.25,False,True,False
176,120-3,56420.5,"(14, 22)",taxation,6,0.25,False,True,False
176,11-3,39553.1875,"(29, 6)",taxation,6,0.25,False,True,False
176,102-3,34705.125,"(21, 47)",taxation,6,0.25,False,True,False
176,130-3,53990.125,"(4, 32)",taxation,6,0.25,False,True,False
176,103-3,49191.875,"(9, 37)",taxation,6,0.25,False,True,False
176,202-3,56443.5,"(12, 46)",taxation,6,0.25,False,True,False
176,164-3,51633.4375,"(41, 2)",taxation,6,0.25,False,True,False
176,2-3,49219.8125,"(27, 20)",taxation,6,0.25,False,True,False
176,186-3,46851.1875,"(38, 7)",taxation,6,0.25,False,True,False
176,85-3,44376.75,"(8, 24)",taxation,6,0.25,False,True,False
176,64-3,49156.0,"(26, 21)",taxation,6,0.25,False,True,False
176,188-3,49179.125,"(11, 34)",taxation,6,0.25,False,True,False
176,32-3,53992.8125,"(19, 33)",taxation,6,0.25,False,True,False
176,57-3,44355.6875,"(40, 3)",taxation,6,0.25,False,True,False
176,132-3,54030.3125,"(39, 27)",taxation,6,0.25,False,True,False
176,163-3,58805.5,"(23, 27)",taxation,6,0.25,False,True,False
176,19-3,51621.0,"(31, 24)",taxation,6,0.25,False,True,False
176,107-3,53954.875,"(20, 45)",taxation,6,0.25,False,True,False
176,221-3,46753.625,"(24, 34)",taxation,6,0.25,False,True,False
176,96-3,56406.375,"(17, 44)",taxation,6,0.25,False,True,False
176,92-3,53985.25,"(44, 20)",taxation,6,0.25,False,True,False
176,116-3,54037.125,"(38, 26)",taxation,6,0.25,False,True,False
176,13-3,46767.6875,"(36, 26)",taxation,6,0.25,False,True,False
176,174-3,54017.125,"(31, 21)",taxation,6,0.25,False,True,False
176,69-3,53959.875,"(29, 20)",taxation,6,0.25,False,True,False
176,184-3,49117.9375,"(3, 37)",taxation,6,0.25,False,True,False
176,237-3,39513.3125,"(11, 28)",taxation,6,0.25,False,True,False
176,90-3,44328.875,"(9, 27)",taxation,6,0.25,False,True,False
176,18-3,56412.3125,"(30, 21)",taxation,6,0.25,False,True,False
176,121-3,49179.0,"(0, 30)",taxation,6,0.25,False,True,False
176,30-3,56440.9375,"(38, 5)",taxation,6,0.25,False,True,False
176,97-3,39502.3125,"(21, 30)",taxation,6,0.25,False,True,False
176,229-3,54004.6875,"(20, 29)",taxation,6,0.25,False,True,False
176,27-3,44317.0625,"(21, 25)",taxation,6,0.25,False,True,False
176,117-3,44334.625,"(36, 25)",taxation,6,0.25,False,True,False
176,80-3,53973.625,"(14, 30)",taxation,6,0.25,False,True,False
176,166-3,46725.4375,"(22, 32)",taxation,6,0.25,False,True,False
176,86-3,49185.5,"(9, 24)",taxation,6,0.25,False,True,False
176,160-3,44321.75,"(1, 36)",taxation,6,0.25,False,True,False
176,233-3,46740.4375,"(16, 34)",taxation,6,0.25,False,True,False
176,235-3,49150.9375,"(22, 18)",taxation,6,0.25,False,True,False
176,48-3,51513.5,"(20, 25)",taxation,6,0.25,False,True,False
176,88-3,49171.0,"(42, 3)",taxation,6,0.25,False,True,False
176,52-3,37124.4375,"(34, 2)",taxation,6,0.25,False,True,False
176,58-3,51555.875,"(39, 1)",taxation,6,0.25,False,True,False
176,248-3,49170.1875,"(39, 3)",taxation,6,0.25,False,True,False
176,108-3,27459.6875,"(39, 5)",taxation,6,0.25,False,True,False
176,82-3,51570.125,"(26, 10)",taxation,6,0.25,False,True,False
176,236-3,49176.9375,"(29, 7)",taxation,6,0.25,False,True,False
176,104-3,46780.125,"(30, 22)",taxation,6,0.25,False,True,False
176,152-3,51545.1875,"(3, 42)",taxation,6,0.25,False,True,False
176,109-3,49167.875,"(33, 2)",taxation,6,0.25,False,True,False
176,72-3,56377.875,"(27, 23)",taxation,6,0.25,False,True,False
176,127-3,51546.5,"(17, 16)",taxation,6,0.25,False,True,False
176,61-3,58815.1875,"(36, 3)",taxation,6,0.25,False,True,False
176,232-3,29797.6875,"(13, 49)",taxation,6,0.25,False,True,False
176,65-3,56360.9375,"(27, 36)",taxation,6,0.25,False,True,False
176,124-3,46714.1875,"(4, 30)",taxation,6,0.25,False,True,False
176,62-3,49140.125,"(0, 42)",taxation,6,0.25,False,True,False
176,59-3,44329.9375,"(45, 26)",taxation,6,0.25,False,True,False
176,89-3,51561.0625,"(36, 27)",taxation,6,0.25,False,True,False
176,26-3,39509.5625,"(4, 29)",taxation,6,0.25,False,True,False
176,14-3,12984.875,"(27, 11)",taxation,6,0.25,False,True,False
176,194-3,44315.625,"(29, 19)",taxation,6,0.25,False,True,False
176,37-3,51561.0625,"(37, 26)",taxation,6,0.25,False,True,False
176,36-3,37079.4375,"(0, 33)",taxation,6,0.25,False,True,False
176,7-3,37111.375,"(42, 6)",taxation,6,0.25,False,True,False
176,47-3,34635.3125,"(27, 37)",taxation,6,0.25,False,True,False
176,223-3,34675.5,"(34, 24)",taxation,6,0.25,False,True,False
176,129-3,46742.5,"(2, 34)",taxation,6,0.25,False,True,False
176,77-3,41890.125,"(42, 7)",taxation,6,0.25,False,True,False
176,43-3,49119.8125,"(23, 26)",taxation,6,0.25,False,True,False
176,128-3,53990.25,"(41, 3)",taxation,6,0.25,False,True,False
176,79-3,46715.1875,"(7, 23)",taxation,6,0.25,False,True,False
176,199-3,56324.25,"(8, 23)",taxation,6,0.25,False,True,False
176,136-3,39478.375,"(12, 45)",taxation,6,0.25,False,True,False
176,99-3,46695.9375,"(23, 33)",taxation,6,0.25,False,True,False
176,84-3,49129.625,"(22, 19)",taxation,6,0.25,False,True,False
176,123-3,56352.5625,"(17, 47)",taxation,6,0.25,False,True,False
176,119-3,49118.75,"(37, 5)",taxation,6,0.25,False,True,False
176,46-3,34635.5,"(28, 7)",taxation,6,0.25,False,True,False
176,190-3,49106.0625,"(1, 37)",taxation,6,0.25,False,True,False
176,215-3,53981.625,"(41, 18)",taxation,6,0.25,False,True,False
176,220-3,53955.25,"(32, 20)",taxation,6,0.25,False,True,False
176,157-3,46701.1875,"(24, 23)",taxation,6,0.25,False,True,False
176,245-3,53914.0625,"(29, 22)",taxation,6,0.25,False,True,False
176,195-3,22584.9375,"(32, 23)",taxation,6,0.25,False,True,False
176,15-3,44301.0625,"(23, 21)",taxation,6,0.25,False,True,False
176,224-3,41868.3125,"(12, 44)",taxation,6,0.25,False,True,False
176,87-3,49106.625,"(35, 3)",taxation,6,0.25,False,True,False
176,135-3,49092.0625,"(12, 47)",taxation,6,0.25,False,True,False
176,8-3,49113.25,"(34, 21)",taxation,6,0.25,False,True,False
176,227-3,53941.375,"(37, 6)",taxation,6,0.25,False,True,False
176,178-3,53930.1875,"(13, 48)",taxation,6,0.25,False,True,False
176,114-3,56352.3125,"(20, 22)",taxation,6,0.25,False,True,False
176,118-3,53884.625,"(24, 22)",taxation,6,0.25,False,True,False
176,244-3,56338.875,"(31, 11)",taxation,6,0.25,False,True,False
176,34-3,44258.5,"(12, 22)",taxation,6,0.25,False,True,False
176,60-3,51506.4375,"(16, 22)",taxation,6,0.25,False,True,False
176,218-3,56347.125,"(5, 34)",taxation,6,0.25,False,True,False
176,49-3,46701.875,"(25, 19)",taxation,6,0.25,False,True,False
176,185-3,49153.125,"(29, 21)",taxation,6,0.25,False,True,False
176,228-4,29154.9375,"(19, 28)",taxation,6,0.25,False,True,False
176,24-3,39510.125,"(46, 10)",taxation,6,0.25,False,True,False
176,9-3,41896.9375,"(39, 2)",taxation,6,0.25,False,True,False
176,39-3,34605.625,"(21, 49)",taxation,6,0.25,False,True,False
176,151-3,39422.1875,"(27, 21)",taxation,6,0.25,False,True,False
176,29-3,49105.9375,"(38, 21)",taxation,6,0.25,False,True,False
176,230-3,39453.0,"(11, 27)",taxation,6,0.25,False,True,False
176,131-3,49093.75,"(33, 3)",taxation,6,0.25,False,True,False
176,81-3,46719.6875,"(28, 21)",taxation,6,0.25,False,True,False
176,222-3,49076.125,"(13, 27)",taxation,6,0.25,False,True,False
176,171-3,49073.375,"(6, 26)",taxation,6,0.25,False,True,False
176,200-3,46678.5,"(43, 20)",taxation,6,0.25,False,True,False
176,238-3,49095.5,"(40, 5)",taxation,6,0.25,False,True,False
176,153-3,24956.25,"(24, 18)",taxation,6,0.25,False,True,False
176,197-3,39438.1875,"(24, 16)",taxation,6,0.25,False,True,False
176,139-4,44272.765625,"(28, 23)",taxation,6,0.25,False,True,False
176,204-3,53880.375,"(31, 27)",taxation,6,0.25,False,True,False
176,211-3,32174.8125,"(17, 43)",taxation,6,0.25,False,True,False
176,93-3,22553.0,"(28, 22)",taxation,6,0.25,False,True,False
176,101-3,49114.5625,"(30, 11)",taxation,6,0.25,False,True,False
176,213-3,49096.625,"(43, 15)",taxation,6,0.25,False,True,False
176,70-3,51479.0,"(24, 41)",taxation,6,0.25,False,True,False
176,239-3,49089.625,"(26, 35)",taxation,6,0.25,False,True,False
176,243-3,46665.125,"(19, 20)",taxation,6,0.25,False,True,False
176,192-3,44270.25,"(30, 19)",taxation,6,0.25,False,True,False
176,143-3,49075.3125,"(31, 23)",taxation,6,0.25,False,True,False
176,35-3,49086.875,"(34, 25)",taxation,6,0.25,False,True,False
176,3-3,29745.6875,"(4, 34)",taxation,6,0.25,False,True,False
176,181-3,49060.937500000015,"(23, 17)",taxation,6,0.25,False,True,False
176,105-3,44248.625,"(33, 20)",taxation,6,0.25,False,True,False
176,177-3,49124.3125,"(37, 2)",taxation,6,0.25,False,True,False
176,167-4,38822.734375,"(23, 18)",taxation,6,0.25,False,True,False
176,173-4,10497.8125,"(13, 25)",taxation,6,0.25,False,True,False
176,44-3,32183.0,"(17, 21)",taxation,6,0.25,False,True,False
176,216-3,53887.5,"(36, 5)",taxation,6,0.25,False,True,False
176,217-3,29772.375,"(22, 31)",taxation,6,0.25,False,True,False
176,138-3,51435.8125,"(23, 22)",taxation,6,0.25,False,True,False
176,75-4,35158.0625,"(12, 49)",taxation,6,0.25,False,True,False
176,74-4,43016.0,"(26, 23)",taxation,6,0.25,False,True,False
176,191-3,56261.5625,"(25, 34)",taxation,6,0.25,False,True,False
176,240-4,12855.3125,"(24, 29)",taxation,6,0.25,False,True,False
176,20-3,46673.75,"(34, 23)",taxation,6,0.25,False,True,False
176,159-3,39417.375,"(22, 24)",taxation,6,0.25,False,True,False
176,158-4,35769.0625,"(11, 29)",taxation,6,0.25,False,True,False
176,66-3,53892.8125,"(34, 22)",taxation,6,0.25,False,True,False
176,170-4,34018.734375,"(30, 24)",taxation,6,0.25,False,True,False
176,146-4,15307.3125,"(32, 24)",taxation,6,0.25,False,True,False
176,208-4,39396.703125,"(18, 32)",taxation,6,0.25,False,True,False
176,219-4,43013.3125,"(6, 44)",taxation,6,0.25,False,True,False
176,140-4,824.0625,"(23, 32)",taxation,6,0.25,False,True,False
176,210-3,58703.5625,"(7, 45)",taxation,6,0.25,False,True,False
176,198-4,35204.71875,"(38, 4)",taxation,6,0.25,False,True,False
176,246-4,37008.3125,"(24, 33)",taxation,6,0.25,False,True,False
176,187-4,20090.1875,"(33, 21)",taxation,6,0.25,False,True,False
176,179-4,32205.53125,"(13, 24)",taxation,6,0.25,False,True,False
176,23-4,39965.5,"(13, 22)",taxation,6,0.25,False,True,False
176,31-4,44210.46875,"(18, 40)",taxation,6,0.25,False,True,False
176,150-3,41801.4375,"(35, 5)",taxation,6,0.25,False,True,False
176,12-3,46650.8125,"(40, 4)",taxation,6,0.25,False,True,False
176,98-4,20129.0625,"(20, 36)",taxation,6,0.25,False,True,False
176,126-3,49070.0625,"(38, 1)",taxation,6,0.25,False,True,False
176,176-4,813.1875,"(9, 23)",taxation,6,0.25,False,True,False
176,28-4,33963.203125,"(11, 23)",taxation,6,0.25,False,True,False
176,154-4,17668.3125,"(8, 49)",taxation,6,0.25,False,True,False
176,40-4,40593.3125,"(17, 30)",taxation,6,0.25,False,True,False
176,1-4,28564.140625,"(30, 23)",taxation,6,0.25,False,True,False
176,76-4,36984.921875000015,"(38, 3)",taxation,6,0.25,False,True,False
176,67-3,37015.5625,"(35, 23)",taxation,6,0.25,False,True,False
176,182-4,38737.890625,"(15, 23)",taxation,6,0.25,False,True,False
176,241-4,35142.21875,"(12, 27)",taxation,6,0.25,False,True,False
176,149-4,33391.5625,"(31, 22)",taxation,6,0.25,False,True,False
176,17-4,40602.03125,"(33, 22)",taxation,6,0.25,False,True,False
176,0-4,26120.828125,"(25, 21)",taxation,6,0.25,False,True,False
176,22-4,42378.8125,"(13, 23)",taxation,6,0.25,False,True,False
176,10-4,38785.390625,"(41, 6)",taxation,6,0.25,False,True,False
176,242-4,17095.953125,"(37, 4)",taxation,6,0.25,False,True,False
176,142-4,24284.859375,"(25, 22)",taxation,6,0.25,False,True,False
176,189-4,33394.84375,"(39, 18)",taxation,6,0.25,False,True,False
176,63-4,35109.171875,"(29, 8)",taxation,6,0.25,False,True,False
176,165-4,44126.1875,"(7, 25)",taxation,6,0.25,False,True,False
176,94-4,12856.125,"(32, 6)",taxation,6,0.25,False,True,False
177,42-3,37272.625,"(25, 25)",taxation,6,0.25,False,True,False
177,148-3,39610.9375,"(35, 0)",taxation,6,0.25,False,True,False
177,212-3,51718.8125,"(33, 24)",taxation,6,0.25,False,True,False
177,225-3,51675.5625,"(26, 42)",taxation,6,0.25,False,True,False
177,6-3,56499.5,"(9, 19)",taxation,6,0.25,False,True,False
177,38-3,51659.125,"(21, 23)",taxation,6,0.25,False,True,False
177,54-3,49259.1875,"(18, 17)",taxation,6,0.25,False,True,False
177,162-3,51630.875,"(15, 18)",taxation,6,0.25,False,True,False
177,249-3,51731.75,"(16, 20)",taxation,6,0.25,False,True,False
177,180-3,49265.6875,"(17, 33)",taxation,6,0.25,False,True,False
177,83-3,54070.5625,"(15, 19)",taxation,6,0.25,False,True,False
177,133-3,44470.25,"(33, 0)",taxation,6,0.25,False,True,False
177,16-3,56508.125,"(5, 20)",taxation,6,0.25,False,True,False
177,51-3,51681.875,"(35, 25)",taxation,6,0.25,False,True,False
177,4-3,37187.6875,"(31, 31)",taxation,6,0.25,False,True,False
177,91-3,54090.0625,"(16, 16)",taxation,6,0.25,False,True,False
177,95-3,56505.875,"(43, 1)",taxation,6,0.25,False,True,False
177,106-3,46840.8125,"(27, 29)",taxation,6,0.25,False,True,False
177,56-3,49269.5625,"(35, 24)",taxation,6,0.25,False,True,False
177,71-3,54088.9375,"(31, 30)",taxation,6,0.25,False,True,False
177,226-3,49226.0625,"(10, 20)",taxation,6,0.25,False,True,False
177,205-3,25163.8125,"(36, 1)",taxation,6,0.25,False,True,False
177,231-3,32378.8125,"(41, 1)",taxation,6,0.25,False,True,False
177,25-3,44436.25,"(26, 26)",taxation,6,0.25,False,True,False
177,137-3,44421.375,"(30, 29)",taxation,6,0.25,False,True,False
177,73-3,51643.6875,"(19, 35)",taxation,6,0.25,False,True,False
177,214-3,32339.25,"(21, 16)",taxation,6,0.25,False,True,False
177,21-3,46811.6875,"(5, 42)",taxation,6,0.25,False,True,False
177,201-3,34743.9375,"(39, 24)",taxation,6,0.25,False,True,False
177,169-3,39593.25,"(24, 20)",taxation,6,0.25,False,True,False
177,110-3,56474.75,"(1, 28)",taxation,6,0.25,False,True,False
177,183-3,34794.0625,"(37, 25)",taxation,6,0.25,False,True,False
177,125-3,54029.5,"(40, 28)",taxation,6,0.25,False,True,False
177,168-3,54083.875,"(24, 27)",taxation,6,0.25,False,True,False
177,156-3,37170.625,"(18, 48)",taxation,6,0.25,False,True,False
177,53-3,32375.6875,"(36, 24)",taxation,6,0.25,False,True,False
177,122-3,41987.6875,"(18, 24)",taxation,6,0.25,False,True,False
177,234-3,51601.125,"(4, 23)",taxation,6,0.25,False,True,False
177,134-3,49259.0,"(36, 0)",taxation,6,0.25,False,True,False
177,141-3,39620.375,"(42, 2)",taxation,6,0.25,False,True,False
177,145-3,51643.0,"(22, 13)",taxation,6,0.25,False,True,False
177,209-3,56492.625,"(30, 31)",taxation,6,0.25,False,True,False
177,247-3,44400.75,"(29, 26)",taxation,6,0.25,False,True,False
177,203-3,58856.6875,"(3, 28)",taxation,6,0.25,False,True,False
177,50-3,56437.125,"(10, 37)",taxation,6,0.25,False,True,False
177,45-3,51635.8125,"(21, 21)",taxation,6,0.25,False,True,False
177,78-3,46837.6875,"(26, 24)",taxation,6,0.25,False,True,False
177,147-3,49235.5625,"(38, 24)",taxation,6,0.25,False,True,False
177,193-3,44405.125,"(25, 27)",taxation,6,0.25,False,True,False
177,5-3,22685.625,"(32, 32)",taxation,6,0.25,False,True,False
177,175-3,41964.375,"(17, 24)",taxation,6,0.25,False,True,False
177,196-3,34736.0,"(1, 29)",taxation,6,0.25,False,True,False
177,112-3,54030.625,"(24, 40)",taxation,6,0.25,False,True,False
177,113-3,51606.0625,"(0, 20)",taxation,6,0.25,False,True,False
177,55-3,54030.9375,"(32, 26)",taxation,6,0.25,False,True,False
177,33-3,39541.9375,"(29, 25)",taxation,6,0.25,False,True,False
177,68-3,41999.3125,"(12, 19)",taxation,6,0.25,False,True,False
177,161-3,41978.5,"(14, 19)",taxation,6,0.25,False,True,False
177,100-3,49249.5625,"(31, 25)",taxation,6,0.25,False,True,False
177,155-3,51637.4375,"(21, 19)",taxation,6,0.25,False,True,False
177,41-3,54061.0,"(25, 16)",taxation,6,0.25,False,True,False
177,115-3,54032.3125,"(21, 22)",taxation,6,0.25,False,True,False
177,207-3,39579.8125,"(47, 4)",taxation,6,0.25,False,True,False
177,120-3,56429.5,"(14, 21)",taxation,6,0.25,False,True,False
177,11-3,39560.1875,"(32, 3)",taxation,6,0.25,False,True,False
177,102-3,34712.125,"(26, 41)",taxation,6,0.25,False,True,False
177,130-3,53996.125,"(4, 28)",taxation,6,0.25,False,True,False
177,103-3,49197.875,"(15, 31)",taxation,6,0.25,False,True,False
177,202-3,56448.5,"(17, 46)",taxation,6,0.25,False,True,False
177,164-3,51639.4375,"(43, 2)",taxation,6,0.25,False,True,False
177,2-3,49228.8125,"(25, 24)",taxation,6,0.25,False,True,False
177,186-3,46857.1875,"(44, 1)",taxation,6,0.25,False,True,False
177,85-3,44385.75,"(8, 21)",taxation,6,0.25,False,True,False
177,64-3,49164.0,"(24, 21)",taxation,6,0.25,False,True,False
177,188-3,49186.125,"(16, 28)",taxation,6,0.25,False,True,False
177,32-3,54000.8125,"(22, 30)",taxation,6,0.25,False,True,False
177,57-3,44361.6875,"(43, 0)",taxation,6,0.25,False,True,False
177,132-3,54039.3125,"(37, 33)",taxation,6,0.25,False,True,False
177,163-3,58814.5,"(27, 28)",taxation,6,0.25,False,True,False
177,19-3,51630.0,"(28, 25)",taxation,6,0.25,False,True,False
177,107-3,53961.875,"(25, 41)",taxation,6,0.25,False,True,False
177,221-3,46762.625,"(29, 28)",taxation,6,0.25,False,True,False
177,96-3,56413.375,"(23, 38)",taxation,6,0.25,False,True,False
177,92-3,53992.25,"(44, 21)",taxation,6,0.25,False,True,False
177,116-3,54046.125,"(32, 31)",taxation,6,0.25,False,True,False
177,13-3,46776.6875,"(33, 30)",taxation,6,0.25,False,True,False
177,174-3,54026.125,"(30, 27)",taxation,6,0.25,False,True,False
177,69-3,53966.875,"(23, 16)",taxation,6,0.25,False,True,False
177,184-3,49122.9375,"(3, 32)",taxation,6,0.25,False,True,False
177,237-3,39521.3125,"(8, 22)",taxation,6,0.25,False,True,False
177,90-3,44336.875,"(9, 22)",taxation,6,0.25,False,True,False
177,18-3,56421.3125,"(29, 24)",taxation,6,0.25,False,True,False
177,121-3,49186.0,"(0, 24)",taxation,6,0.25,False,True,False
177,30-3,56447.9375,"(37, 1)",taxation,6,0.25,False,True,False
177,97-3,39510.3125,"(22, 29)",taxation,6,0.25,False,True,False
177,229-3,54013.6875,"(26, 27)",taxation,6,0.25,False,True,False
177,27-3,44326.0625,"(17, 20)",taxation,6,0.25,False,True,False
177,117-3,44343.625,"(34, 28)",taxation,6,0.25,False,True,False
177,80-3,53981.625,"(15, 24)",taxation,6,0.25,False,True,False
177,166-3,46734.4375,"(26, 28)",taxation,6,0.25,False,True,False
177,86-3,49194.5,"(9, 20)",taxation,6,0.25,False,True,False
177,160-3,44326.75,"(2, 32)",taxation,6,0.25,False,True,False
177,233-3,46748.4375,"(21, 29)",taxation,6,0.25,False,True,False
177,235-3,49159.9375,"(16, 17)",taxation,6,0.25,False,True,False
177,48-3,51521.5,"(19, 25)",taxation,6,0.25,False,True,False
177,88-3,49178.0,"(44, 3)",taxation,6,0.25,False,True,False
177,52-3,37130.4375,"(33, 4)",taxation,6,0.25,False,True,False
177,58-3,51562.875,"(41, 0)",taxation,6,0.25,False,True,False
177,248-3,49176.1875,"(43, 5)",taxation,6,0.25,False,True,False
177,108-3,27466.6875,"(40, 1)",taxation,6,0.25,False,True,False
177,82-3,51578.125,"(21, 15)",taxation,6,0.25,False,True,False
177,236-3,49182.9375,"(29, 3)",taxation,6,0.25,False,True,False
177,104-3,46788.125,"(29, 27)",taxation,6,0.25,False,True,False
177,152-3,51549.1875,"(2, 36)",taxation,6,0.25,False,True,False
177,109-3,49174.875,"(33, 1)",taxation,6,0.25,False,True,False
177,72-3,56386.875,"(27, 27)",taxation,6,0.25,False,True,False
177,127-3,51555.5,"(18, 16)",taxation,6,0.25,False,True,False
177,61-3,58822.1875,"(38, 2)",taxation,6,0.25,False,True,False
177,232-3,29802.6875,"(19, 49)",taxation,6,0.25,False,True,False
177,65-3,56369.9375,"(32, 34)",taxation,6,0.25,False,True,False
177,124-3,46721.1875,"(5, 25)",taxation,6,0.25,False,True,False
177,62-3,49144.125,"(0, 36)",taxation,6,0.25,False,True,False
177,59-3,44337.9375,"(43, 30)",taxation,6,0.25,False,True,False
177,89-3,51570.0625,"(32, 30)",taxation,6,0.25,False,True,False
177,26-3,39516.5625,"(6, 25)",taxation,6,0.25,False,True,False
177,14-3,12992.875,"(22, 16)",taxation,6,0.25,False,True,False
177,194-3,44322.625,"(23, 14)",taxation,6,0.25,False,True,False
177,37-3,51570.0625,"(37, 31)",taxation,6,0.25,False,True,False
177,36-3,37085.4375,"(1, 27)",taxation,6,0.25,False,True,False
177,7-3,37118.375,"(45, 3)",taxation,6,0.25,False,True,False
177,47-3,34644.3125,"(30, 32)",taxation,6,0.25,False,True,False
177,223-3,34684.5,"(34, 26)",taxation,6,0.25,False,True,False
177,129-3,46748.5,"(2, 28)",taxation,6,0.25,False,True,False
177,77-3,41897.125,"(43, 3)",taxation,6,0.25,False,True,False
177,43-3,49127.8125,"(21, 24)",taxation,6,0.25,False,True,False
177,128-3,53998.25,"(35, 1)",taxation,6,0.25,False,True,False
177,79-3,46724.1875,"(7, 20)",taxation,6,0.25,False,True,False
177,199-3,56333.25,"(8, 20)",taxation,6,0.25,False,True,False
177,136-3,39483.375,"(18, 46)",taxation,6,0.25,False,True,False
177,99-3,46704.9375,"(28, 30)",taxation,6,0.25,False,True,False
177,84-3,49138.625,"(18, 19)",taxation,6,0.25,False,True,False
177,123-3,56358.5625,"(22, 45)",taxation,6,0.25,False,True,False
177,119-3,49124.75,"(32, 4)",taxation,6,0.25,False,True,False
177,46-3,34642.5,"(23, 9)",taxation,6,0.25,False,True,False
177,190-3,49111.0625,"(1, 32)",taxation,6,0.25,False,True,False
177,215-3,53988.625,"(43, 21)",taxation,6,0.25,False,True,False
177,220-3,53964.25,"(30, 25)",taxation,6,0.25,False,True,False
177,157-3,46710.1875,"(24, 25)",taxation,6,0.25,False,True,False
177,245-3,53916.0625,"(26, 17)",taxation,6,0.25,False,True,False
177,195-3,22593.9375,"(30, 28)",taxation,6,0.25,False,True,False
177,15-3,44310.0625,"(22, 21)",taxation,6,0.25,False,True,False
177,224-3,41873.3125,"(18, 44)",taxation,6,0.25,False,True,False
177,87-3,49112.625,"(31, 0)",taxation,6,0.25,False,True,False
177,135-3,49097.0625,"(18, 47)",taxation,6,0.25,False,True,False
177,8-3,49121.25,"(34, 27)",taxation,6,0.25,False,True,False
177,227-3,53948.375,"(42, 1)",taxation,6,0.25,False,True,False
177,178-3,53935.1875,"(17, 48)",taxation,6,0.25,False,True,False
177,114-3,56361.3125,"(20, 21)",taxation,6,0.25,False,True,False
177,118-3,53893.625,"(24, 24)",taxation,6,0.25,False,True,False
177,244-3,56343.875,"(28, 6)",taxation,6,0.25,False,True,False
177,34-3,44267.5,"(13, 19)",taxation,6,0.25,False,True,False
177,60-3,51515.4375,"(17, 22)",taxation,6,0.25,False,True,False
177,218-3,56353.125,"(5, 29)",taxation,6,0.25,False,True,False
177,49-3,46709.875,"(23, 19)",taxation,6,0.25,False,True,False
177,185-3,49162.125,"(27, 26)",taxation,6,0.25,False,True,False
177,228-4,29162.9375,"(21, 28)",taxation,6,0.25,False,True,False
177,24-3,39517.125,"(48, 5)",taxation,6,0.25,False,True,False
177,9-3,41903.9375,"(39, 0)",taxation,6,0.25,False,True,False
177,39-3,34611.625,"(23, 47)",taxation,6,0.25,False,True,False
177,151-3,39431.1875,"(27, 24)",taxation,6,0.25,False,True,False
177,29-3,49114.9375,"(35, 26)",taxation,6,0.25,False,True,False
177,230-3,39461.0,"(14, 23)",taxation,6,0.25,False,True,False
177,131-3,49099.75,"(30, 2)",taxation,6,0.25,False,True,False
177,81-3,46728.6875,"(28, 24)",taxation,6,0.25,False,True,False
177,222-3,49084.125,"(18, 23)",taxation,6,0.25,False,True,False
177,171-3,49082.375,"(6, 20)",taxation,6,0.25,False,True,False
177,200-3,46685.5,"(40, 26)",taxation,6,0.25,False,True,False
177,238-3,49101.5,"(43, 6)",taxation,6,0.25,False,True,False
177,153-3,24964.25,"(22, 20)",taxation,6,0.25,False,True,False
177,197-3,39447.1875,"(19, 17)",taxation,6,0.25,False,True,False
177,139-4,44280.765625,"(25, 29)",taxation,6,0.25,False,True,False
177,204-3,53889.375,"(31, 28)",taxation,6,0.25,False,True,False
177,211-3,32181.8125,"(22, 37)",taxation,6,0.25,False,True,False
177,93-3,22556.0,"(25, 17)",taxation,6,0.25,False,True,False
177,101-3,49120.5625,"(24, 10)",taxation,6,0.25,False,True,False
177,213-3,49102.625,"(47, 20)",taxation,6,0.25,False,True,False
177,70-3,51487.0,"(29, 37)",taxation,6,0.25,False,True,False
177,239-3,49098.625,"(29, 31)",taxation,6,0.25,False,True,False
177,243-3,46674.125,"(20, 20)",taxation,6,0.25,False,True,False
177,192-3,44274.25,"(24, 17)",taxation,6,0.25,False,True,False
177,143-3,49084.3125,"(31, 29)",taxation,6,0.25,False,True,False
177,35-3,49095.875,"(33, 29)",taxation,6,0.25,False,True,False
177,3-3,29751.6875,"(5, 28)",taxation,6,0.25,False,True,False
177,181-3,49069.937500000015,"(19, 18)",taxation,6,0.25,False,True,False
177,105-3,44252.625,"(38, 25)",taxation,6,0.25,False,True,False
177,177-3,49130.3125,"(32, 0)",taxation,6,0.25,False,True,False
177,167-4,38831.734375,"(19, 19)",taxation,6,0.25,False,True,False
177,173-4,10505.8125,"(13, 20)",taxation,6,0.25,False,True,False
177,44-3,32192.0,"(18, 21)",taxation,6,0.25,False,True,False
177,216-3,53894.5,"(34, 0)",taxation,6,0.25,False,True,False
177,217-3,29780.375,"(23, 30)",taxation,6,0.25,False,True,False
177,138-3,51444.8125,"(22, 23)",taxation,6,0.25,False,True,False
177,75-4,35163.0625,"(18, 49)",taxation,6,0.25,False,True,False
177,74-4,43025.0,"(26, 25)",taxation,6,0.25,False,True,False
177,191-3,56270.5625,"(30, 30)",taxation,6,0.25,False,True,False
177,240-4,12864.3125,"(29, 29)",taxation,6,0.25,False,True,False
177,20-3,46682.75,"(33, 25)",taxation,6,0.25,False,True,False
177,159-3,39426.375,"(25, 26)",taxation,6,0.25,False,True,False
177,158-4,35777.0625,"(17, 23)",taxation,6,0.25,False,True,False
177,66-3,53901.8125,"(32, 25)",taxation,6,0.25,False,True,False
177,170-4,34026.734375,"(32, 29)",taxation,6,0.25,False,True,False
177,146-4,15316.3125,"(30, 26)",taxation,6,0.25,False,True,False
177,208-4,39405.703125,"(24, 26)",taxation,6,0.25,False,True,False
177,219-4,43016.3125,"(6, 43)",taxation,6,0.25,False,True,False
177,140-4,832.0625,"(23, 31)",taxation,6,0.25,False,True,False
177,210-3,58707.5625,"(13, 45)",taxation,6,0.25,False,True,False
177,198-4,35211.71875,"(40, 0)",taxation,6,0.25,False,True,False
177,246-4,37017.3125,"(28, 29)",taxation,6,0.25,False,True,False
177,187-4,20094.1875,"(39, 25)",taxation,6,0.25,False,True,False
177,179-4,32214.53125,"(11, 20)",taxation,6,0.25,False,True,False
177,23-4,39974.5,"(14, 20)",taxation,6,0.25,False,True,False
177,31-4,44217.46875,"(21, 36)",taxation,6,0.25,False,True,False
177,150-3,41807.4375,"(33, 5)",taxation,6,0.25,False,True,False
177,12-3,46658.8125,"(34, 1)",taxation,6,0.25,False,True,False
177,98-4,20137.0625,"(24, 32)",taxation,6,0.25,False,True,False
177,126-3,49077.0625,"(38, 0)",taxation,6,0.25,False,True,False
177,176-4,822.1875,"(5, 19)",taxation,6,0.25,False,True,False
177,28-4,33972.203125,"(13, 21)",taxation,6,0.25,False,True,False
177,154-4,17672.3125,"(13, 47)",taxation,6,0.25,False,True,False
177,40-4,40602.3125,"(23, 25)",taxation,6,0.25,False,True,False
177,1-4,28573.140625,"(28, 26)",taxation,6,0.25,False,True,False
177,76-4,36990.921875000015,"(42, 0)",taxation,6,0.25,False,True,False
177,67-3,37024.5625,"(33, 28)",taxation,6,0.25,False,True,False
177,182-4,38746.890625,"(15, 21)",taxation,6,0.25,False,True,False
177,241-4,35150.21875,"(11, 21)",taxation,6,0.25,False,True,False
177,149-4,33400.5625,"(27, 25)",taxation,6,0.25,False,True,False
177,17-4,40611.03125,"(28, 27)",taxation,6,0.25,False,True,False
177,0-4,26129.828125,"(23, 24)",taxation,6,0.25,False,True,False
177,22-4,42387.8125,"(11, 18)",taxation,6,0.25,False,True,False
177,10-4,38791.390625,"(46, 5)",taxation,6,0.25,False,True,False
177,242-4,17102.953125,"(37, 0)",taxation,6,0.25,False,True,False
177,142-4,24292.859375,"(23, 20)",taxation,6,0.25,False,True,False
177,189-4,33401.84375,"(42, 23)",taxation,6,0.25,False,True,False
177,63-4,35116.171875,"(23, 12)",taxation,6,0.25,False,True,False
177,165-4,44135.1875,"(5, 22)",taxation,6,0.25,False,True,False
177,94-4,12863.125,"(32, 2)",taxation,6,0.25,False,True,False
177,206-4,37545.328125,"(10, 22)",taxation,6,0.25,False,True,False
177,172-4,40544.484375,"(13, 46)",taxation,6,0.25,False,True,False
177,144-4,36992.90625,"(28, 28)",taxation,6,0.25,False,True,False
177,111-4,40536.515625,"(4, 27)",taxation,6,0.25,False,True,False
178,42-3,37280.625,"(20, 28)",taxation,6,0.25,False,True,False
178,212-3,51725.8125,"(36, 30)",taxation,6,0.25,False,True,False
178,225-3,51684.5625,"(30, 37)",taxation,6,0.25,False,True,False
178,6-3,56508.5,"(8, 19)",taxation,6,0.25,False,True,False
178,38-3,51667.125,"(15, 22)",taxation,6,0.25,False,True,False
178,54-3,49267.1875,"(16, 13)",taxation,6,0.25,False,True,False
178,162-3,51639.875,"(12, 15)",taxation,6,0.25,False,True,False
178,133-3,44476.25,"(28, 0)",taxation,6,0.25,False,True,False
178,16-3,56517.125,"(5, 18)",taxation,6,0.25,False,True,False
178,4-3,37197.6875,"(33, 33)",taxation,6,0.25,False,True,False
178,91-3,54100.0625,"(13, 15)",taxation,6,0.25,False,True,False
178,95-3,56512.875,"(47, 2)",taxation,6,0.25,False,True,False
178,106-3,46849.8125,"(30, 33)",taxation,6,0.25,False,True,False
178,56-3,49277.5625,"(40, 29)",taxation,6,0.25,False,True,False
178,71-3,54097.9375,"(31, 32)",taxation,6,0.25,False,True,False
178,226-3,49235.0625,"(7, 17)",taxation,6,0.25,False,True,False
178,205-3,25169.8125,"(42, 5)",taxation,6,0.25,False,True,False
178,231-3,32385.8125,"(45, 0)",taxation,6,0.25,False,True,False
178,25-3,44441.25,"(27, 32)",taxation,6,0.25,False,True,False
178,137-3,44428.375,"(33, 35)",taxation,6,0.25,False,True,False
178,73-3,51652.6875,"(25, 33)",taxation,6,0.25,False,True,False
178,214-3,32348.25,"(20, 15)",taxation,6,0.25,False,True,False
178,21-3,46816.6875,"(5, 36)",taxation,6,0.25,False,True,False
178,201-3,34750.9375,"(42, 29)",taxation,6,0.25,False,True,False
178,169-3,39599.25,"(21, 17)",taxation,6,0.25,False,True,False
178,110-3,56483.75,"(2, 22)",taxation,6,0.25,False,True,False
178,183-3,34802.0625,"(42, 30)",taxation,6,0.25,False,True,False
178,125-3,54038.5,"(39, 33)",taxation,6,0.25,False,True,False
178,168-3,54088.875,"(19, 22)",taxation,6,0.25,False,True,False
178,156-3,37177.625,"(23, 46)",taxation,6,0.25,False,True,False
178,53-3,32381.6875,"(40, 27)",taxation,6,0.25,False,True,False
178,122-3,41995.6875,"(16, 23)",taxation,6,0.25,False,True,False
178,234-3,51611.125,"(3, 20)",taxation,6,0.25,False,True,False
178,134-3,49264.0,"(31, 3)",taxation,6,0.25,False,True,False
178,141-3,39627.375,"(46, 2)",taxation,6,0.25,False,True,False
178,145-3,51651.0,"(20, 13)",taxation,6,0.25,False,True,False
178,209-3,56501.625,"(30, 34)",taxation,6,0.25,False,True,False
178,247-3,44409.75,"(33, 32)",taxation,6,0.25,False,True,False
178,203-3,58864.6875,"(3, 24)",taxation,6,0.25,False,True,False
178,50-3,56444.125,"(16, 32)",taxation,6,0.25,False,True,False
178,45-3,51644.8125,"(15, 16)",taxation,6,0.25,False,True,False
178,78-3,46840.6875,"(24, 30)",taxation,6,0.25,False,True,False
178,147-3,49242.5625,"(44, 30)",taxation,6,0.25,False,True,False
178,193-3,44412.125,"(29, 33)",taxation,6,0.25,False,True,False
178,5-3,22694.625,"(33, 34)",taxation,6,0.25,False,True,False
178,175-3,41972.375,"(15, 26)",taxation,6,0.25,False,True,False
178,196-3,34744.0,"(1, 24)",taxation,6,0.25,False,True,False
178,112-3,54038.625,"(25, 39)",taxation,6,0.25,False,True,False
178,113-3,51616.0625,"(0, 19)",taxation,6,0.25,False,True,False
178,55-3,54037.9375,"(36, 32)",taxation,6,0.25,False,True,False
178,33-3,39550.9375,"(35, 31)",taxation,6,0.25,False,True,False
178,68-3,42008.3125,"(11, 19)",taxation,6,0.25,False,True,False
178,161-3,41987.5,"(12, 17)",taxation,6,0.25,False,True,False
178,100-3,49258.5625,"(36, 28)",taxation,6,0.25,False,True,False
178,155-3,51645.4375,"(20, 14)",taxation,6,0.25,False,True,False
178,41-3,54069.0,"(22, 15)",taxation,6,0.25,False,True,False
178,115-3,54040.3125,"(15, 25)",taxation,6,0.25,False,True,False
178,207-3,39585.8125,"(47, 5)",taxation,6,0.25,False,True,False
178,120-3,56438.5,"(12, 20)",taxation,6,0.25,False,True,False
178,11-3,39566.1875,"(29, 4)",taxation,6,0.25,False,True,False
178,102-3,34721.125,"(29, 36)",taxation,6,0.25,False,True,False
178,130-3,54004.125,"(3, 23)",taxation,6,0.25,False,True,False
178,103-3,49205.875,"(13, 26)",taxation,6,0.25,False,True,False
178,202-3,56455.5,"(22, 43)",taxation,6,0.25,False,True,False
178,164-3,51646.4375,"(45, 1)",taxation,6,0.25,False,True,False
178,2-3,49236.8125,"(19, 26)",taxation,6,0.25,False,True,False
178,186-3,46863.1875,"(47, 0)",taxation,6,0.25,False,True,False
178,85-3,44394.75,"(7, 18)",taxation,6,0.25,False,True,False
178,64-3,49171.0,"(19, 16)",taxation,6,0.25,False,True,False
178,188-3,49195.125,"(20, 23)",taxation,6,0.25,False,True,False
178,32-3,54009.8125,"(27, 34)",taxation,6,0.25,False,True,False
178,57-3,44367.6875,"(48, 0)",taxation,6,0.25,False,True,False
178,132-3,54048.3125,"(36, 34)",taxation,6,0.25,False,True,False
178,163-3,58824.5,"(32, 33)",taxation,6,0.25,False,True,False
178,19-3,51639.0,"(33, 31)",taxation,6,0.25,False,True,False
178,107-3,53970.875,"(28, 36)",taxation,6,0.25,False,True,False
178,221-3,46766.625,"(31, 34)",taxation,6,0.25,False,True,False
178,96-3,56422.375,"(26, 34)",taxation,6,0.25,False,True,False
178,92-3,53999.25,"(47, 25)",taxation,6,0.25,False,True,False
178,116-3,54055.125,"(34, 33)",taxation,6,0.25,False,True,False
178,13-3,46785.6875,"(34, 31)",taxation,6,0.25,False,True,False
178,174-3,54035.125,"(35, 32)",taxation,6,0.25,False,True,False
178,69-3,53975.875,"(21, 18)",taxation,6,0.25,False,True,False
178,184-3,49129.9375,"(6, 27)",taxation,6,0.25,False,True,False
178,237-3,39530.3125,"(7, 21)",taxation,6,0.25,False,True,False
178,90-3,44345.875,"(6, 22)",taxation,6,0.25,False,True,False
178,18-3,56427.3125,"(35, 30)",taxation,6,0.25,False,True,False
178,121-3,49196.0,"(1, 19)",taxation,6,0.25,False,True,False
178,30-3,56453.9375,"(43, 7)",taxation,6,0.25,False,True,False
178,97-3,39518.3125,"(20, 35)",taxation,6,0.25,False,True,False
178,229-3,54021.6875,"(27, 33)",taxation,6,0.25,False,True,False
178,27-3,44335.0625,"(11, 15)",taxation,6,0.25,False,True,False
178,117-3,44352.625,"(35, 33)",taxation,6,0.25,False,True,False
178,80-3,53989.625,"(12, 26)",taxation,6,0.25,False,True,False
178,166-3,46743.4375,"(26, 30)",taxation,6,0.25,False,True,False
178,86-3,49203.5,"(8, 18)",taxation,6,0.25,False,True,False
178,160-3,44333.75,"(3, 26)",taxation,6,0.25,False,True,False
178,233-3,46757.4375,"(25, 32)",taxation,6,0.25,False,True,False
178,235-3,49168.9375,"(16, 15)",taxation,6,0.25,False,True,False
178,48-3,51530.5,"(19, 23)",taxation,6,0.25,False,True,False
178,88-3,49184.0,"(47, 1)",taxation,6,0.25,False,True,False
178,52-3,37136.4375,"(29, 5)",taxation,6,0.25,False,True,False
178,58-3,51568.875,"(46, 0)",taxation,6,0.25,False,True,False
178,248-3,49183.1875,"(46, 8)",taxation,6,0.25,False,True,False
178,108-3,27471.6875,"(41, 5)",taxation,6,0.25,False,True,False
178,82-3,51587.125,"(19, 14)",taxation,6,0.25,False,True,False
178,236-3,49189.9375,"(24, 9)",taxation,6,0.25,False,True,False
178,104-3,46791.125,"(35, 28)",taxation,6,0.25,False,True,False
178,152-3,51555.1875,"(2, 31)",taxation,6,0.25,False,True,False
178,109-3,49180.875,"(29, 1)",taxation,6,0.25,False,True,False
178,72-3,56395.875,"(28, 33)",taxation,6,0.25,False,True,False
178,127-3,51564.5,"(12, 14)",taxation,6,0.25,False,True,False
178,61-3,58828.1875,"(44, 6)",taxation,6,0.25,False,True,False
178,232-3,29809.6875,"(24, 47)",taxation,6,0.25,False,True,False
178,65-3,56378.9375,"(32, 36)",taxation,6,0.25,False,True,False
178,124-3,46731.1875,"(2, 19)",taxation,6,0.25,False,True,False
178,62-3,49150.125,"(0, 31)",taxation,6,0.25,False,True,False
178,59-3,44346.9375,"(42, 31)",taxation,6,0.25,False,True,False
178,89-3,51579.0625,"(34, 32)",taxation,6,0.25,False,True,False
178,26-3,39525.5625,"(1, 20)",taxation,6,0.25,False,True,False
178,14-3,13000.875,"(19, 13)",taxation,6,0.25,False,True,False
178,194-3,44329.625,"(22, 12)",taxation,6,0.25,False,True,False
178,37-3,51579.0625,"(38, 32)",taxation,6,0.25,False,True,False
178,36-3,37093.4375,"(1, 23)",taxation,6,0.25,False,True,False
178,7-3,37125.375,"(46, 3)",taxation,6,0.25,False,True,False
178,47-3,34653.3125,"(30, 35)",taxation,6,0.25,False,True,False
178,223-3,34693.5,"(40, 31)",taxation,6,0.25,False,True,False
178,129-3,46756.5,"(2, 24)",taxation,6,0.25,False,True,False
178,77-3,41904.125,"(45, 2)",taxation,6,0.25,False,True,False
178,43-3,49136.8125,"(16, 18)",taxation,6,0.25,False,True,False
178,128-3,54005.25,"(30, 1)",taxation,6,0.25,False,True,False
178,79-3,46733.1875,"(7, 19)",taxation,6,0.25,False,True,False
178,199-3,56342.25,"(8, 17)",taxation,6,0.25,False,True,False
178,136-3,39490.375,"(20, 41)",taxation,6,0.25,False,True,False
178,99-3,46713.9375,"(27, 31)",taxation,6,0.25,False,True,False
178,84-3,49146.625,"(14, 16)",taxation,6,0.25,False,True,False
178,123-3,56366.5625,"(25, 40)",taxation,6,0.25,False,True,False
178,119-3,49130.75,"(27, 4)",taxation,6,0.25,False,True,False
178,46-3,34650.5,"(20, 10)",taxation,6,0.25,False,True,False
178,190-3,49118.0625,"(2, 27)",taxation,6,0.25,False,True,False
178,215-3,53995.625,"(43, 24)",taxation,6,0.25,False,True,False
178,220-3,53973.25,"(36, 29)",taxation,6,0.25,False,True,False
178,157-3,46716.1875,"(18, 31)",taxation,6,0.25,False,True,False
178,245-3,53923.0625,"(23, 13)",taxation,6,0.25,False,True,False
178,195-3,22602.9375,"(34, 34)",taxation,6,0.25,False,True,False
178,15-3,44317.0625,"(16, 27)",taxation,6,0.25,False,True,False
178,224-3,41881.3125,"(24, 38)",taxation,6,0.25,False,True,False
178,87-3,49118.625,"(27, 0)",taxation,6,0.25,False,True,False
178,135-3,49104.0625,"(23, 44)",taxation,6,0.25,False,True,False
178,8-3,49131.25,"(36, 33)",taxation,6,0.25,False,True,False
178,227-3,53955.375,"(46, 1)",taxation,6,0.25,False,True,False
178,178-3,53942.1875,"(22, 44)",taxation,6,0.25,False,True,False
178,114-3,56368.3125,"(16, 21)",taxation,6,0.25,False,True,False
178,118-3,53899.625,"(18, 22)",taxation,6,0.25,False,True,False
178,244-3,56350.875,"(23, 8)",taxation,6,0.25,False,True,False
178,34-3,44276.5,"(14, 18)",taxation,6,0.25,False,True,False
178,60-3,51523.4375,"(11, 22)",taxation,6,0.25,False,True,False
178,218-3,56361.125,"(5, 24)",taxation,6,0.25,False,True,False
178,49-3,46717.875,"(21, 14)",taxation,6,0.25,False,True,False
178,185-3,49168.125,"(28, 31)",taxation,6,0.25,False,True,False
178,228-4,29170.9375,"(16, 26)",taxation,6,0.25,False,True,False
178,24-3,39523.125,"(48, 4)",taxation,6,0.25,False,True,False
178,9-3,41909.9375,"(44, 5)",taxation,6,0.25,False,True,False
178,39-3,34619.625,"(27, 42)",taxation,6,0.25,False,True,False
178,151-3,39434.1875,"(32, 28)",taxation,6,0.25,False,True,False
178,29-3,49123.9375,"(40, 30)",taxation,6,0.25,False,True,False
178,230-3,39470.0,"(10, 19)",taxation,6,0.25,False,True,False
178,131-3,49105.75,"(27, 5)",taxation,6,0.25,False,True,False
178,81-3,46732.6875,"(34, 29)",taxation,6,0.25,False,True,False
178,222-3,49093.125,"(18, 18)",taxation,6,0.25,False,True,False
178,171-3,49091.375,"(6, 18)",taxation,6,0.25,False,True,False
178,200-3,46694.5,"(39, 29)",taxation,6,0.25,False,True,False
178,238-3,49108.5,"(49, 1)",taxation,6,0.25,False,True,False
178,153-3,24973.25,"(18, 14)",taxation,6,0.25,False,True,False
178,197-3,39456.1875,"(13, 14)",taxation,6,0.25,False,True,False
178,139-4,44286.765625,"(21, 35)",taxation,6,0.25,False,True,False
178,204-3,53898.375,"(31, 33)",taxation,6,0.25,False,True,False
178,211-3,32189.8125,"(26, 39)",taxation,6,0.25,False,True,False
178,93-3,22564.0,"(22, 14)",taxation,6,0.25,False,True,False
178,101-3,49128.5625,"(19, 11)",taxation,6,0.25,False,True,False
178,213-3,49109.625,"(49, 22)",taxation,6,0.25,False,True,False
178,70-3,51496.0,"(31, 37)",taxation,6,0.25,False,True,False
178,239-3,49107.625,"(29, 35)",taxation,6,0.25,False,True,False
178,243-3,46683.125,"(16, 14)",taxation,6,0.25,False,True,False
178,192-3,44283.25,"(20, 18)",taxation,6,0.25,False,True,False
178,143-3,49093.3125,"(36, 35)",taxation,6,0.25,False,True,False
178,35-3,49104.875,"(34, 30)",taxation,6,0.25,False,True,False
178,3-3,29759.6875,"(4, 24)",taxation,6,0.25,False,True,False
178,181-3,49078.937500000015,"(17, 14)",taxation,6,0.25,False,True,False
178,105-3,44260.625,"(41, 31)",taxation,6,0.25,False,True,False
178,177-3,49137.3125,"(30, 0)",taxation,6,0.25,False,True,False
178,167-4,38840.734375,"(15, 15)",taxation,6,0.25,False,True,False
178,173-4,10514.8125,"(10, 17)",taxation,6,0.25,False,True,False
178,44-3,32201.0,"(20, 19)",taxation,6,0.25,False,True,False
178,216-3,53900.5,"(28, 2)",taxation,6,0.25,False,True,False
178,217-3,29789.375,"(27, 35)",taxation,6,0.25,False,True,False
178,138-3,51451.8125,"(16, 25)",taxation,6,0.25,False,True,False
178,75-4,35170.0625,"(24, 46)",taxation,6,0.25,False,True,False
178,74-4,43029.0,"(25, 31)",taxation,6,0.25,False,True,False
178,191-3,56279.5625,"(28, 35)",taxation,6,0.25,False,True,False
178,240-4,12873.3125,"(29, 34)",taxation,6,0.25,False,True,False
178,20-3,46690.75,"(36, 31)",taxation,6,0.25,False,True,False
178,159-3,39435.375,"(25, 30)",taxation,6,0.25,False,True,False
178,158-4,35785.0625,"(15, 27)",taxation,6,0.25,False,True,False
178,66-3,53908.8125,"(38, 31)",taxation,6,0.25,False,True,False
178,170-4,34035.734375,"(35, 35)",taxation,6,0.25,False,True,False
178,146-4,15325.3125,"(29, 30)",taxation,6,0.25,False,True,False
178,208-4,39412.703125,"(18, 28)",taxation,6,0.25,False,True,False
178,219-4,43020.3125,"(6, 42)",taxation,6,0.25,False,True,False
178,140-4,840.0625,"(25, 37)",taxation,6,0.25,False,True,False
178,210-3,58714.5625,"(19, 39)",taxation,6,0.25,False,True,False
178,198-4,35217.71875,"(44, 2)",taxation,6,0.25,False,True,False
178,246-4,37026.3125,"(28, 34)",taxation,6,0.25,False,True,False
178,187-4,20102.1875,"(43, 29)",taxation,6,0.25,False,True,False
178,179-4,32223.53125,"(9, 18)",taxation,6,0.25,False,True,False
178,23-4,39983.5,"(10, 15)",taxation,6,0.25,False,True,False
178,31-4,44226.46875,"(26, 33)",taxation,6,0.25,False,True,False
178,150-3,41813.4375,"(28, 4)",taxation,6,0.25,False,True,False
178,12-3,46664.8125,"(28, 1)",taxation,6,0.25,False,True,False
178,98-4,20146.0625,"(26, 32)",taxation,6,0.25,False,True,False
178,126-3,49083.0625,"(42, 4)",taxation,6,0.25,False,True,False
178,176-4,832.1875,"(3, 19)",taxation,6,0.25,False,True,False
178,28-4,33981.203125,"(10, 21)",taxation,6,0.25,False,True,False
178,154-4,17678.3125,"(19, 47)",taxation,6,0.25,False,True,False
178,40-4,40609.3125,"(17, 28)",taxation,6,0.25,False,True,False
178,1-4,28582.140625,"(26, 31)",taxation,6,0.25,False,True,False
178,76-4,36997.921875000015,"(44, 0)",taxation,6,0.25,False,True,False
178,67-3,37033.5625,"(35, 34)",taxation,6,0.25,False,True,False
178,182-4,38755.890625,"(11, 16)",taxation,6,0.25,False,True,False
178,241-4,35160.21875,"(14, 17)",taxation,6,0.25,False,True,False
178,149-4,33403.5625,"(24, 31)",taxation,6,0.25,False,True,False
178,17-4,40620.03125,"(28, 32)",taxation,6,0.25,False,True,False
178,0-4,26138.828125,"(17, 18)",taxation,6,0.25,False,True,False
178,22-4,42396.8125,"(9, 17)",taxation,6,0.25,False,True,False
178,10-4,38798.390625,"(47, 3)",taxation,6,0.25,False,True,False
178,242-4,17108.953125,"(43, 4)",taxation,6,0.25,False,True,False
178,142-4,24298.859375,"(23, 15)",taxation,6,0.25,False,True,False
178,189-4,33410.84375,"(37, 29)",taxation,6,0.25,False,True,False
178,63-4,35124.171875,"(18, 11)",taxation,6,0.25,False,True,False
178,165-4,44144.1875,"(4, 19)",taxation,6,0.25,False,True,False
178,94-4,12869.125,"(29, 2)",taxation,6,0.25,False,True,False
178,206-4,37555.328125,"(4, 20)",taxation,6,0.25,False,True,False
178,172-4,40551.484375,"(19, 40)",taxation,6,0.25,False,True,False
178,144-4,37001.90625,"(29, 32)",taxation,6,0.25,False,True,False
178,111-4,40545.515625,"(5, 21)",taxation,6,0.25,False,True,False
178,83-4,40559.671875,"(16, 19)",taxation,6,0.25,False,True,False
178,249-4,38805.5625,"(10, 18)",taxation,6,0.25,False,True,False
178,51-4,38767.40625,"(41, 30)",taxation,6,0.25,False,True,False
178,180-4,36955.265625,"(14, 27)",taxation,6,0.25,False,True,False
178,148-4,29711.953125,"(31, 4)",taxation,6,0.25,False,True,False
179,42-3,37286.625,"(20, 34)",taxation,6,0.25,False,True,False
179,212-3,51734.8125,"(40, 36)",taxation,6,0.25,False,True,False
179,225-3,51693.5625,"(30, 39)",taxation,6,0.25,False,True,False
179,6-3,56517.5,"(6, 17)",taxation,6,0.25,False,True,False
179,162-3,51648.875,"(10, 14)",taxation,6,0.25,False,True,False
179,133-3,44483.25,"(26, 4)",taxation,6,0.25,False,True,False
179,4-3,37206.6875,"(35, 38)",taxation,6,0.25,False,True,False
179,91-3,54108.0625,"(13, 10)",taxation,6,0.25,False,True,False
179,95-3,56518.875,"(48, 7)",taxation,6,0.25,False,True,False
179,106-3,46858.8125,"(33, 38)",taxation,6,0.25,False,True,False
179,56-3,49286.5625,"(42, 32)",taxation,6,0.25,False,True,False
179,71-3,54105.9375,"(37, 38)",taxation,6,0.25,False,True,False
179,226-3,49244.0625,"(10, 12)",taxation,6,0.25,False,True,False
179,205-3,25175.8125,"(41, 8)",taxation,6,0.25,False,True,False
179,231-3,32391.8125,"(45, 4)",taxation,6,0.25,False,True,False
179,25-3,44449.25,"(27, 38)",taxation,6,0.25,False,True,False
179,137-3,44437.375,"(34, 38)",taxation,6,0.25,False,True,False
179,214-3,32356.25,"(16, 11)",taxation,6,0.25,False,True,False
179,21-3,46823.6875,"(3, 31)",taxation,6,0.25,False,True,False
179,201-3,34759.9375,"(45, 31)",taxation,6,0.25,False,True,False
179,169-3,39607.25,"(20, 11)",taxation,6,0.25,False,True,False
179,110-3,56491.75,"(3, 22)",taxation,6,0.25,False,True,False
179,183-3,34811.0625,"(44, 32)",taxation,6,0.25,False,True,False
179,125-3,54047.5,"(39, 34)",taxation,6,0.25,False,True,False
179,168-3,54097.875,"(13, 16)",taxation,6,0.25,False,True,False
179,156-3,37185.625,"(25, 46)",taxation,6,0.25,False,True,False
179,53-3,32389.6875,"(44, 31)",taxation,6,0.25,False,True,False
179,122-3,42003.6875,"(10, 25)",taxation,6,0.25,False,True,False
179,234-3,51621.125,"(0, 18)",taxation,6,0.25,False,True,False
179,141-3,39633.375,"(47, 7)",taxation,6,0.25,False,True,False
179,145-3,51660.0,"(14, 12)",taxation,6,0.25,False,True,False
179,209-3,56510.625,"(32, 37)",taxation,6,0.25,False,True,False
179,247-3,44419.75,"(36, 37)",taxation,6,0.25,False,True,False
179,203-3,58874.6875,"(3, 18)",taxation,6,0.25,False,True,False
179,50-3,56452.125,"(13, 30)",taxation,6,0.25,False,True,False
179,45-3,51653.8125,"(11, 14)",taxation,6,0.25,False,True,False
179,78-3,46847.6875,"(22, 36)",taxation,6,0.25,False,True,False
179,147-3,49251.5625,"(45, 34)",taxation,6,0.25,False,True,False
179,193-3,44419.125,"(28, 39)",taxation,6,0.25,False,True,False
179,5-3,22703.625,"(33, 39)",taxation,6,0.25,False,True,False
179,175-3,41979.375,"(10, 24)",taxation,6,0.25,False,True,False
179,196-3,34752.0,"(1, 25)",taxation,6,0.25,False,True,False
179,112-3,54047.625,"(29, 42)",taxation,6,0.25,False,True,False
179,113-3,51624.0625,"(4, 22)",taxation,6,0.25,False,True,False
179,55-3,54045.9375,"(40, 33)",taxation,6,0.25,False,True,False
179,33-3,39559.9375,"(39, 35)",taxation,6,0.25,False,True,False
179,68-3,42017.3125,"(7, 15)",taxation,6,0.25,False,True,False
179,161-3,41996.5,"(11, 11)",taxation,6,0.25,False,True,False
179,100-3,49268.5625,"(42, 34)",taxation,6,0.25,False,True,False
179,155-3,51654.4375,"(15, 12)",taxation,6,0.25,False,True,False
179,41-3,54077.0,"(16, 9)",taxation,6,0.25,False,True,False
179,115-3,54048.3125,"(9, 21)",taxation,6,0.25,False,True,False
179,207-3,39591.8125,"(46, 4)",taxation,6,0.25,False,True,False
179,120-3,56446.5,"(12, 18)",taxation,6,0.25,False,True,False
179,11-3,39572.1875,"(30, 4)",taxation,6,0.25,False,True,False
179,102-3,34731.125,"(33, 36)",taxation,6,0.25,False,True,False
179,130-3,54012.125,"(4, 25)",taxation,6,0.25,False,True,False
179,103-3,49214.875,"(7, 22)",taxation,6,0.25,False,True,False
179,202-3,56464.5,"(26, 40)",taxation,6,0.25,False,True,False
179,164-3,51652.4375,"(48, 6)",taxation,6,0.25,False,True,False
179,2-3,49243.8125,"(16, 24)",taxation,6,0.25,False,True,False
179,186-3,46869.1875,"(49, 5)",taxation,6,0.25,False,True,False
179,85-3,44403.75,"(4, 17)",taxation,6,0.25,False,True,False
179,64-3,49179.0,"(15, 10)",taxation,6,0.25,False,True,False
179,188-3,49201.125,"(17, 25)",taxation,6,0.25,False,True,False
179,32-3,54018.8125,"(31, 36)",taxation,6,0.25,False,True,False
179,57-3,44370.6875,"(47, 6)",taxation,6,0.25,False,True,False
179,132-3,54058.3125,"(37, 35)",taxation,6,0.25,False,True,False
179,163-3,58834.5,"(34, 36)",taxation,6,0.25,False,True,False
179,19-3,51649.0,"(37, 37)",taxation,6,0.25,False,True,False
179,107-3,53979.875,"(28, 38)",taxation,6,0.25,False,True,False
179,221-3,46776.625,"(35, 36)",taxation,6,0.25,False,True,False
179,96-3,56432.375,"(32, 38)",taxation,6,0.25,False,True,False
179,92-3,54007.25,"(46, 26)",taxation,6,0.25,False,True,False
179,116-3,54064.125,"(36, 39)",taxation,6,0.25,False,True,False
179,13-3,46794.6875,"(39, 37)",taxation,6,0.25,False,True,False
179,174-3,54045.125,"(38, 38)",taxation,6,0.25,False,True,False
179,69-3,53983.875,"(15, 13)",taxation,6,0.25,False,True,False
179,184-3,49137.9375,"(8, 27)",taxation,6,0.25,False,True,False
179,237-3,39540.3125,"(4, 18)",taxation,6,0.25,False,True,False
179,90-3,44353.875,"(5, 23)",taxation,6,0.25,False,True,False
179,18-3,56436.3125,"(37, 34)",taxation,6,0.25,False,True,False
179,121-3,49204.0,"(2, 21)",taxation,6,0.25,False,True,False
179,30-3,56459.9375,"(43, 8)",taxation,6,0.25,False,True,False
179,97-3,39526.3125,"(19, 38)",taxation,6,0.25,False,True,False
179,229-3,54029.6875,"(29, 39)",taxation,6,0.25,False,True,False
179,27-3,44344.0625,"(9, 15)",taxation,6,0.25,False,True,False
179,117-3,44362.625,"(36, 38)",taxation,6,0.25,False,True,False
179,80-3,53997.625,"(6, 21)",taxation,6,0.25,False,True,False
179,166-3,46749.4375,"(23, 36)",taxation,6,0.25,False,True,False
179,86-3,49212.5,"(5, 16)",taxation,6,0.25,False,True,False
179,160-3,44341.75,"(3, 25)",taxation,6,0.25,False,True,False
179,233-3,46765.4375,"(26, 37)",taxation,6,0.25,False,True,False
179,235-3,49177.9375,"(13, 12)",taxation,6,0.25,False,True,False
179,48-3,51538.5,"(14, 25)",taxation,6,0.25,False,True,False
179,88-3,49191.0,"(49, 2)",taxation,6,0.25,False,True,False
179,52-3,37143.4375,"(24, 8)",taxation,6,0.25,False,True,False
179,58-3,51574.875,"(49, 3)",taxation,6,0.25,False,True,False
179,248-3,49190.1875,"(45, 14)",taxation,6,0.25,False,True,False
179,108-3,27477.6875,"(39, 7)",taxation,6,0.25,False,True,False
179,82-3,51596.125,"(15, 11)",taxation,6,0.25,False,True,False
179,236-3,49197.9375,"(20, 7)",taxation,6,0.25,False,True,False
179,104-3,46799.125,"(39, 32)",taxation,6,0.25,False,True,False
179,152-3,51563.1875,"(4, 26)",taxation,6,0.25,False,True,False
179,109-3,49186.875,"(27, 1)",taxation,6,0.25,False,True,False
179,72-3,56404.875,"(34, 39)",taxation,6,0.25,False,True,False
179,127-3,51573.5,"(10, 13)",taxation,6,0.25,False,True,False
179,61-3,58834.1875,"(44, 7)",taxation,6,0.25,False,True,False
179,232-3,29818.6875,"(29, 43)",taxation,6,0.25,False,True,False
179,65-3,56387.9375,"(35, 39)",taxation,6,0.25,False,True,False
179,124-3,46740.1875,"(2, 17)",taxation,6,0.25,False,True,False
179,62-3,49158.125,"(0, 25)",taxation,6,0.25,False,True,False
179,59-3,44355.9375,"(42, 33)",taxation,6,0.25,False,True,False
179,89-3,51588.0625,"(38, 36)",taxation,6,0.25,False,True,False
179,26-3,39533.5625,"(3, 21)",taxation,6,0.25,False,True,False
179,14-3,13009.875,"(14, 10)",taxation,6,0.25,False,True,False
179,194-3,44337.625,"(17, 9)",taxation,6,0.25,False,True,False
179,37-3,51589.0625,"(38, 35)",taxation,6,0.25,False,True,False
179,36-3,37101.4375,"(0, 23)",taxation,6,0.25,False,True,False
179,7-3,37132.375,"(48, 1)",taxation,6,0.25,False,True,False
179,47-3,34662.3125,"(33, 37)",taxation,6,0.25,False,True,False
179,223-3,34702.5,"(44, 35)",taxation,6,0.25,False,True,False
179,129-3,46765.5,"(2, 23)",taxation,6,0.25,False,True,False
179,77-3,41910.125,"(45, 7)",taxation,6,0.25,False,True,False
179,43-3,49145.8125,"(11, 12)",taxation,6,0.25,False,True,False
179,128-3,54012.25,"(25, 4)",taxation,6,0.25,False,True,False
179,79-3,46742.1875,"(6, 19)",taxation,6,0.25,False,True,False
179,199-3,56351.25,"(6, 15)",taxation,6,0.25,False,True,False
179,136-3,39498.375,"(21, 41)",taxation,6,0.25,False,True,False
179,99-3,46720.9375,"(26, 36)",taxation,6,0.25,False,True,False
179,84-3,49156.625,"(8, 16)",taxation,6,0.25,False,True,False
179,123-3,56375.5625,"(27, 40)",taxation,6,0.25,False,True,False
179,119-3,49137.75,"(23, 6)",taxation,6,0.25,False,True,False
179,46-3,34658.5,"(18, 10)",taxation,6,0.25,False,True,False
179,190-3,49126.0625,"(2, 25)",taxation,6,0.25,False,True,False
179,215-3,54004.625,"(47, 30)",taxation,6,0.25,False,True,False
179,220-3,53982.25,"(41, 33)",taxation,6,0.25,False,True,False
179,157-3,46723.1875,"(13, 34)",taxation,6,0.25,False,True,False
179,245-3,53931.0625,"(19, 9)",taxation,6,0.25,False,True,False
179,195-3,22611.9375,"(34, 40)",taxation,6,0.25,False,True,False
179,15-3,44325.0625,"(12, 29)",taxation,6,0.25,False,True,False
179,224-3,41890.3125,"(29, 41)",taxation,6,0.25,False,True,False
179,87-3,49125.625,"(24, 3)",taxation,6,0.25,False,True,False
179,135-3,49113.0625,"(27, 41)",taxation,6,0.25,False,True,False
179,8-3,49139.25,"(40, 34)",taxation,6,0.25,False,True,False
179,227-3,53961.375,"(49, 7)",taxation,6,0.25,False,True,False
179,178-3,53951.1875,"(28, 41)",taxation,6,0.25,False,True,False
179,114-3,56377.3125,"(12, 16)",taxation,6,0.25,False,True,False
179,118-3,53907.625,"(13, 17)",taxation,6,0.25,False,True,False
179,244-3,56358.875,"(18, 8)",taxation,6,0.25,False,True,False
179,34-3,44285.5,"(9, 13)",taxation,6,0.25,False,True,False
179,60-3,51530.4375,"(9, 25)",taxation,6,0.25,False,True,False
179,218-3,56368.125,"(6, 24)",taxation,6,0.25,False,True,False
179,49-3,46725.875,"(19, 10)",taxation,6,0.25,False,True,False
179,185-3,49175.125,"(34, 35)",taxation,6,0.25,False,True,False
179,228-4,29177.9375,"(11, 24)",taxation,6,0.25,False,True,False
179,24-3,39530.125,"(49, 4)",taxation,6,0.25,False,True,False
179,9-3,41916.9375,"(49, 0)",taxation,6,0.25,False,True,False
179,39-3,34628.625,"(28, 42)",taxation,6,0.25,False,True,False
179,151-3,39442.1875,"(37, 32)",taxation,6,0.25,False,True,False
179,29-3,49132.9375,"(43, 31)",taxation,6,0.25,False,True,False
179,230-3,39479.0,"(10, 16)",taxation,6,0.25,False,True,False
179,131-3,49113.75,"(21, 8)",taxation,6,0.25,False,True,False
179,81-3,46741.6875,"(40, 35)",taxation,6,0.25,False,True,False
179,222-3,49099.125,"(24, 12)",taxation,6,0.25,False,True,False
179,171-3,49100.375,"(5, 17)",taxation,6,0.25,False,True,False
179,200-3,46703.5,"(41, 34)",taxation,6,0.25,False,True,False
179,238-3,49112.5,"(46, 7)",taxation,6,0.25,False,True,False
179,153-3,24981.25,"(17, 11)",taxation,6,0.25,False,True,False
179,197-3,39465.1875,"(12, 13)",taxation,6,0.25,False,True,False
179,139-4,44294.765625,"(21, 40)",taxation,6,0.25,False,True,False
179,204-3,53907.375,"(32, 39)",taxation,6,0.25,False,True,False
179,211-3,32198.8125,"(27, 39)",taxation,6,0.25,False,True,False
179,93-3,22572.0,"(16, 10)",taxation,6,0.25,False,True,False
179,101-3,49137.5625,"(14, 9)",taxation,6,0.25,False,True,False
179,213-3,49117.625,"(47, 26)",taxation,6,0.25,False,True,False
179,70-3,51505.0,"(31, 41)",taxation,6,0.25,False,True,False
179,239-3,49116.625,"(29, 38)",taxation,6,0.25,False,True,False
179,243-3,46692.125,"(13, 11)",taxation,6,0.25,False,True,False
179,192-3,44290.25,"(21, 12)",taxation,6,0.25,False,True,False
179,143-3,49102.3125,"(38, 37)",taxation,6,0.25,False,True,False
179,35-3,49113.875,"(37, 36)",taxation,6,0.25,False,True,False
179,3-3,29768.6875,"(6, 23)",taxation,6,0.25,False,True,False
179,181-3,49087.937500000015,"(14, 13)",taxation,6,0.25,False,True,False
179,105-3,44269.625,"(44, 34)",taxation,6,0.25,False,True,False
179,177-3,49144.3125,"(24, 4)",taxation,6,0.25,False,True,False
179,167-4,38849.734375,"(12, 12)",taxation,6,0.25,False,True,False
179,173-4,10523.8125,"(8, 14)",taxation,6,0.25,False,True,False
179,44-3,32209.0,"(15, 14)",taxation,6,0.25,False,True,False
179,216-3,53907.5,"(23, 3)",taxation,6,0.25,False,True,False
179,217-3,29798.375,"(28, 40)",taxation,6,0.25,False,True,False
179,138-3,51458.8125,"(10, 29)",taxation,6,0.25,False,True,False
179,75-4,35179.0625,"(30, 43)",taxation,6,0.25,False,True,False
179,74-4,43036.0,"(25, 36)",taxation,6,0.25,False,True,False
179,191-3,56288.5625,"(30, 41)",taxation,6,0.25,False,True,False
179,240-4,12882.3125,"(30, 40)",taxation,6,0.25,False,True,False
179,20-3,46699.75,"(39, 36)",taxation,6,0.25,False,True,False
179,159-3,39441.375,"(21, 34)",taxation,6,0.25,False,True,False
179,158-4,35794.0625,"(10, 23)",taxation,6,0.25,False,True,False
179,66-3,53918.8125,"(38, 34)",taxation,6,0.25,False,True,False
179,170-4,34044.734375,"(36, 36)",taxation,6,0.25,False,True,False
179,146-4,15331.3125,"(32, 35)",taxation,6,0.25,False,True,False
179,208-4,39419.703125,"(12, 30)",taxation,6,0.25,False,True,False
179,219-4,43026.3125,"(6, 36)",taxation,6,0.25,False,True,False
179,140-4,849.0625,"(30, 42)",taxation,6,0.25,False,True,False
179,210-3,58722.5625,"(21, 39)",taxation,6,0.25,False,True,False
179,198-4,35223.71875,"(44, 4)",taxation,6,0.25,False,True,False
179,246-4,37035.3125,"(29, 40)",taxation,6,0.25,False,True,False
179,187-4,20111.1875,"(46, 30)",taxation,6,0.25,False,True,False
179,179-4,32232.53125,"(7, 16)",taxation,6,0.25,False,True,False
179,23-4,39992.5,"(8, 15)",taxation,6,0.25,False,True,False
179,31-4,44233.46875,"(25, 38)",taxation,6,0.25,False,True,False
179,150-3,41820.4375,"(23, 4)",taxation,6,0.25,False,True,False
179,12-3,46671.8125,"(23, 2)",taxation,6,0.25,False,True,False
179,98-4,20155.0625,"(30, 36)",taxation,6,0.25,False,True,False
179,126-3,49090.0625,"(48, 3)",taxation,6,0.25,False,True,False
179,176-4,841.1875,"(2, 20)",taxation,6,0.25,False,True,False
179,28-4,33990.203125,"(6, 16)",taxation,6,0.25,False,True,False
179,154-4,17686.3125,"(23, 43)",taxation,6,0.25,False,True,False
179,40-4,40615.3125,"(13, 29)",taxation,6,0.25,False,True,False
179,1-4,28588.140625,"(24, 36)",taxation,6,0.25,False,True,False
179,76-4,37003.921875000015,"(49, 6)",taxation,6,0.25,False,True,False
179,67-3,37042.5625,"(35, 37)",taxation,6,0.25,False,True,False
179,182-4,38764.890625,"(9, 14)",taxation,6,0.25,False,True,False
179,241-4,35168.21875,"(14, 15)",taxation,6,0.25,False,True,False
179,149-4,33411.5625,"(23, 37)",taxation,6,0.25,False,True,False
179,17-4,40628.03125,"(22, 38)",taxation,6,0.25,False,True,False
179,0-4,26147.828125,"(13, 13)",taxation,6,0.25,False,True,False
179,22-4,42405.8125,"(9, 16)",taxation,6,0.25,False,True,False
179,10-4,38805.390625,"(48, 2)",taxation,6,0.25,False,True,False
179,242-4,17115.953125,"(47, 8)",taxation,6,0.25,False,True,False
179,142-4,24306.859375,"(18, 9)",taxation,6,0.25,False,True,False
179,189-4,33419.84375,"(41, 35)",taxation,6,0.25,False,True,False
179,63-4,35133.171875,"(14, 11)",taxation,6,0.25,False,True,False
179,165-4,44154.1875,"(1, 18)",taxation,6,0.25,False,True,False
179,94-4,12876.125,"(23, 5)",taxation,6,0.25,False,True,False
179,206-4,37564.328125,"(3, 17)",taxation,6,0.25,False,True,False
179,172-4,40559.484375,"(20, 39)",taxation,6,0.25,False,True,False
179,144-4,37011.90625,"(34, 37)",taxation,6,0.25,False,True,False
179,111-4,40553.515625,"(4, 21)",taxation,6,0.25,False,True,False
179,83-4,40568.671875,"(11, 13)",taxation,6,0.25,False,True,False
179,249-4,38813.5625,"(11, 17)",taxation,6,0.25,False,True,False
179,51-4,38776.40625,"(43, 34)",taxation,6,0.25,False,True,False
179,180-4,36963.265625,"(8, 28)",taxation,6,0.25,False,True,False
179,148-4,29718.953125,"(26, 6)",taxation,6,0.25,False,True,False
179,16-4,42395.34375,"(2, 18)",taxation,6,0.25,False,True,False
179,134-4,36953.25,"(25, 6)",taxation,6,0.25,False,True,False
179,73-4,38746.265625,"(31, 39)",taxation,6,0.25,False,True,False
179,54-4,36957.140625,"(12, 11)",taxation,6,0.25,False,True,False
179,38-4,38755.59375,"(13, 18)",taxation,6,0.25,False,True,False
180,212-3,51744.8125,"(44, 36)",taxation,6,0.25,False,True,False
180,225-3,51702.5625,"(32, 42)",taxation,6,0.25,False,True,False
180,162-3,51657.875,"(14, 8)",taxation,6,0.25,False,True,False
180,133-3,44491.25,"(22, 5)",taxation,6,0.25,False,True,False
180,4-3,37213.6875,"(31, 38)",taxation,6,0.25,False,True,False
180,91-3,54116.0625,"(15, 5)",taxation,6,0.25,False,True,False
180,106-3,46866.8125,"(29, 44)",taxation,6,0.25,False,True,False
180,56-3,49295.5625,"(46, 32)",taxation,6,0.25,False,True,False
180,71-3,54107.9375,"(32, 32)",taxation,6,0.25,False,True,False
180,226-3,49250.0625,"(16, 8)",taxation,6,0.25,False,True,False
180,205-3,25182.8125,"(46, 14)",taxation,6,0.25,False,True,False
180,231-3,32398.8125,"(45, 9)",taxation,6,0.25,False,True,False
180,25-3,44457.25,"(24, 42)",taxation,6,0.25,False,True,False
180,137-3,44446.375,"(32, 40)",taxation,6,0.25,False,True,False
180,214-3,32365.25,"(16, 7)",taxation,6,0.25,False,True,False
180,21-3,46831.6875,"(1, 30)",taxation,6,0.25,False,True,False
180,201-3,34768.9375,"(45, 30)",taxation,6,0.25,False,True,False
180,169-3,39614.25,"(24, 11)",taxation,6,0.25,False,True,False
180,110-3,56495.75,"(6, 28)",taxation,6,0.25,False,True,False
180,183-3,34820.0625,"(46, 34)",taxation,6,0.25,False,True,False
180,125-3,54055.5,"(41, 28)",taxation,6,0.25,False,True,False
180,168-3,54102.875,"(19, 12)",taxation,6,0.25,False,True,False
180,53-3,32398.6875,"(47, 32)",taxation,6,0.25,False,True,False
180,122-3,42010.6875,"(5, 31)",taxation,6,0.25,False,True,False
180,234-3,51623.125,"(5, 20)",taxation,6,0.25,False,True,False
180,141-3,39639.375,"(47, 11)",taxation,6,0.25,False,True,False
180,145-3,51666.0,"(18, 6)",taxation,6,0.25,False,True,False
180,209-3,56518.625,"(26, 43)",taxation,6,0.25,False,True,False
180,247-3,44421.75,"(37, 31)",taxation,6,0.25,False,True,False
180,203-3,58877.6875,"(8, 24)",taxation,6,0.25,False,True,False
180,50-3,56459.125,"(14, 34)",taxation,6,0.25,False,True,False
180,45-3,51662.8125,"(13, 9)",taxation,6,0.25,False,True,False
180,78-3,46855.6875,"(18, 41)",taxation,6,0.25,False,True,False
180,147-3,49260.5625,"(45, 35)",taxation,6,0.25,False,True,False
180,193-3,44428.125,"(26, 44)",taxation,6,0.25,False,True,False
180,5-3,22712.625,"(30, 44)",taxation,6,0.25,False,True,False
180,175-3,41987.375,"(7, 30)",taxation,6,0.25,False,True,False
180,196-3,34760.0,"(0, 28)",taxation,6,0.25,False,True,False
180,112-3,54056.625,"(30, 45)",taxation,6,0.25,False,True,False
180,113-3,51628.0625,"(7, 26)",taxation,6,0.25,False,True,False
180,55-3,54053.9375,"(45, 32)",taxation,6,0.25,False,True,False
180,33-3,39567.9375,"(41, 29)",taxation,6,0.25,False,True,False
180,68-3,42019.3125,"(7, 20)",taxation,6,0.25,False,True,False
180,161-3,42002.5,"(17, 5)",taxation,6,0.25,False,True,False
180,100-3,49277.5625,"(42, 35)",taxation,6,0.25,False,True,False
180,155-3,51660.4375,"(21, 7)",taxation,6,0.25,False,True,False
180,41-3,54086.0,"(17, 7)",taxation,6,0.25,False,True,False
180,115-3,54052.3125,"(9, 26)",taxation,6,0.25,False,True,False
180,207-3,39598.8125,"(43, 9)",taxation,6,0.25,False,True,False
180,120-3,56451.5,"(17, 13)",taxation,6,0.25,False,True,False
180,11-3,39579.1875,"(30, 5)",taxation,6,0.25,False,True,False
180,102-3,34734.125,"(27, 36)",taxation,6,0.25,False,True,False
180,130-3,54020.125,"(5, 26)",taxation,6,0.25,False,True,False
180,103-3,49222.875,"(8, 25)",taxation,6,0.25,False,True,False
180,202-3,56474.5,"(31, 42)",taxation,6,0.25,False,True,False
180,164-3,51659.4375,"(42, 9)",taxation,6,0.25,False,True,False
180,2-3,49250.8125,"(10, 28)",taxation,6,0.25,False,True,False
180,186-3,46875.1875,"(48, 10)",taxation,6,0.25,False,True,False
180,85-3,44406.75,"(8, 23)",taxation,6,0.25,False,True,False
180,64-3,49187.0,"(16, 4)",taxation,6,0.25,False,True,False
180,188-3,49208.125,"(11, 25)",taxation,6,0.25,False,True,False
180,32-3,54024.8125,"(31, 35)",taxation,6,0.25,False,True,False
180,57-3,44377.6875,"(48, 8)",taxation,6,0.25,False,True,False
180,132-3,54066.3125,"(38, 30)",taxation,6,0.25,False,True,False
180,163-3,58842.5,"(39, 30)",taxation,6,0.25,False,True,False
180,19-3,51659.0,"(32, 41)",taxation,6,0.25,False,True,False
180,107-3,53986.875,"(24, 39)",taxation,6,0.25,False,True,False
180,221-3,46778.625,"(37, 33)",taxation,6,0.25,False,True,False
180,96-3,56438.375,"(28, 37)",taxation,6,0.25,False,True,False
180,92-3,54016.25,"(48, 30)",taxation,6,0.25,False,True,False
180,116-3,54065.125,"(36, 35)",taxation,6,0.25,False,True,False
180,13-3,46802.6875,"(43, 36)",taxation,6,0.25,False,True,False
180,174-3,54055.125,"(32, 43)",taxation,6,0.25,False,True,False
180,69-3,53992.875,"(15, 7)",taxation,6,0.25,False,True,False
180,184-3,49145.9375,"(5, 27)",taxation,6,0.25,False,True,False
180,237-3,39543.3125,"(9, 24)",taxation,6,0.25,False,True,False
180,90-3,44361.875,"(0, 29)",taxation,6,0.25,False,True,False
180,18-3,56444.3125,"(40, 32)",taxation,6,0.25,False,True,False
180,121-3,49207.0,"(6, 26)",taxation,6,0.25,False,True,False
180,30-3,56465.9375,"(41, 9)",taxation,6,0.25,False,True,False
180,97-3,39534.3125,"(17, 40)",taxation,6,0.25,False,True,False
180,229-3,54038.6875,"(28, 44)",taxation,6,0.25,False,True,False
180,27-3,44348.0625,"(14, 14)",taxation,6,0.25,False,True,False
180,117-3,44370.625,"(31, 44)",taxation,6,0.25,False,True,False
180,80-3,54004.625,"(0, 26)",taxation,6,0.25,False,True,False
180,166-3,46758.4375,"(23, 41)",taxation,6,0.25,False,True,False
180,86-3,49214.5,"(5, 19)",taxation,6,0.25,False,True,False
180,160-3,44348.75,"(2, 29)",taxation,6,0.25,False,True,False
180,233-3,46773.4375,"(25, 43)",taxation,6,0.25,False,True,False
180,235-3,49183.9375,"(17, 6)",taxation,6,0.25,False,True,False
180,48-3,51545.5,"(9, 29)",taxation,6,0.25,False,True,False
180,88-3,49195.0,"(46, 6)",taxation,6,0.25,False,True,False
180,52-3,37151.4375,"(21, 10)",taxation,6,0.25,False,True,False
180,58-3,51580.875,"(49, 9)",taxation,6,0.25,False,True,False
180,248-3,49198.1875,"(47, 15)",taxation,6,0.25,False,True,False
180,108-3,27483.6875,"(39, 8)",taxation,6,0.25,False,True,False
180,82-3,51602.125,"(18, 5)",taxation,6,0.25,False,True,False
180,236-3,49205.9375,"(18, 2)",taxation,6,0.25,False,True,False
180,104-3,46808.125,"(45, 33)",taxation,6,0.25,False,True,False
180,152-3,51571.1875,"(3, 30)",taxation,6,0.25,False,True,False
180,109-3,49193.875,"(26, 1)",taxation,6,0.25,False,True,False
180,72-3,56406.875,"(29, 37)",taxation,6,0.25,False,True,False
180,127-3,51575.5,"(9, 19)",taxation,6,0.25,False,True,False
180,61-3,58840.1875,"(45, 10)",taxation,6,0.25,False,True,False
180,232-3,29827.6875,"(29, 46)",taxation,6,0.25,False,True,False
180,65-3,56389.9375,"(32, 34)",taxation,6,0.25,False,True,False
180,124-3,46742.1875,"(0, 20)",taxation,6,0.25,False,True,False
180,62-3,49166.125,"(0, 27)",taxation,6,0.25,False,True,False
180,59-3,44364.9375,"(44, 33)",taxation,6,0.25,False,True,False
180,89-3,51595.0625,"(42, 36)",taxation,6,0.25,False,True,False
180,26-3,39536.5625,"(7, 24)",taxation,6,0.25,False,True,False
180,14-3,13017.875,"(16, 5)",taxation,6,0.25,False,True,False
180,194-3,44344.625,"(17, 3)",taxation,6,0.25,False,True,False
180,37-3,51597.0625,"(41, 32)",taxation,6,0.25,False,True,False
180,36-3,37109.4375,"(1, 26)",taxation,6,0.25,False,True,False
180,7-3,37135.375,"(45, 5)",taxation,6,0.25,False,True,False
180,47-3,34669.3125,"(27, 43)",taxation,6,0.25,False,True,False
180,223-3,34711.5,"(43, 35)",taxation,6,0.25,False,True,False
180,129-3,46773.5,"(2, 26)",taxation,6,0.25,False,True,False
180,77-3,41916.125,"(47, 9)",taxation,6,0.25,False,True,False
180,43-3,49149.8125,"(17, 17)",taxation,6,0.25,False,True,False
180,128-3,54020.25,"(22, 4)",taxation,6,0.25,False,True,False
180,79-3,46745.1875,"(9, 23)",taxation,6,0.25,False,True,False
180,199-3,56354.25,"(12, 21)",taxation,6,0.25,False,True,False
180,136-3,39507.375,"(26, 47)",taxation,6,0.25,False,True,False
180,99-3,46728.9375,"(20, 42)",taxation,6,0.25,False,True,False
180,84-3,49159.625,"(13, 22)",taxation,6,0.25,False,True,False
180,123-3,56383.5625,"(23, 45)",taxation,6,0.25,False,True,False
180,119-3,49146.75,"(18, 7)",taxation,6,0.25,False,True,False
180,46-3,34666.5,"(18, 4)",taxation,6,0.25,False,True,False
180,190-3,49133.0625,"(5, 30)",taxation,6,0.25,False,True,False
180,215-3,54013.625,"(47, 29)",taxation,6,0.25,False,True,False
180,220-3,53991.25,"(43, 33)",taxation,6,0.25,False,True,False
180,157-3,46731.1875,"(17, 38)",taxation,6,0.25,False,True,False
180,245-3,53939.0625,"(19, 4)",taxation,6,0.25,False,True,False
180,195-3,22620.9375,"(34, 41)",taxation,6,0.25,False,True,False
180,15-3,44332.0625,"(11, 33)",taxation,6,0.25,False,True,False
180,224-3,41899.3125,"(31, 40)",taxation,6,0.25,False,True,False
180,87-3,49133.625,"(21, 3)",taxation,6,0.25,False,True,False
180,135-3,49122.0625,"(27, 44)",taxation,6,0.25,False,True,False
180,8-3,49148.25,"(45, 36)",taxation,6,0.25,False,True,False
180,227-3,53967.375,"(47, 10)",taxation,6,0.25,False,True,False
180,178-3,53960.1875,"(28, 45)",taxation,6,0.25,False,True,False
180,114-3,56382.3125,"(17, 12)",taxation,6,0.25,False,True,False
180,118-3,53912.625,"(18, 13)",taxation,6,0.25,False,True,False
180,244-3,56366.875,"(19, 7)",taxation,6,0.25,False,True,False
180,34-3,44294.5,"(14, 7)",taxation,6,0.25,False,True,False
180,60-3,51537.4375,"(6, 29)",taxation,6,0.25,False,True,False
180,218-3,56376.125,"(3, 27)",taxation,6,0.25,False,True,False
180,49-3,46733.875,"(21, 5)",taxation,6,0.25,False,True,False
180,185-3,49183.125,"(33, 40)",taxation,6,0.25,False,True,False
180,228-4,29184.9375,"(8, 29)",taxation,6,0.25,False,True,False
180,24-3,39537.125,"(49, 8)",taxation,6,0.25,False,True,False
180,9-3,41920.9375,"(45, 6)",taxation,6,0.25,False,True,False
180,39-3,34637.625,"(29, 45)",taxation,6,0.25,False,True,False
180,151-3,39450.1875,"(42, 28)",taxation,6,0.25,False,True,False
180,29-3,49141.9375,"(43, 32)",taxation,6,0.25,False,True,False
180,230-3,39482.0,"(12, 22)",taxation,6,0.25,False,True,False
180,131-3,49121.75,"(19, 3)",taxation,6,0.25,False,True,False
180,81-3,46751.6875,"(35, 40)",taxation,6,0.25,False,True,False
180,222-3,49106.125,"(25, 10)",taxation,6,0.25,False,True,False
180,171-3,49104.375,"(1, 21)",taxation,6,0.25,False,True,False
180,200-3,46712.5,"(46, 35)",taxation,6,0.25,False,True,False
180,238-3,49118.5,"(46, 9)",taxation,6,0.25,False,True,False
180,153-3,24988.25,"(19, 5)",taxation,6,0.25,False,True,False
180,197-3,39470.1875,"(18, 12)",taxation,6,0.25,False,True,False
180,139-4,44303.765625,"(24, 43)",taxation,6,0.25,False,True,False
180,204-3,53916.375,"(26, 45)",taxation,6,0.25,False,True,False
180,211-3,32206.8125,"(24, 45)",taxation,6,0.25,False,True,False
180,93-3,22580.0,"(17, 4)",taxation,6,0.25,False,True,False
180,101-3,49145.5625,"(17, 10)",taxation,6,0.25,False,True,False
180,213-3,49126.625,"(48, 29)",taxation,6,0.25,False,True,False
180,70-3,51514.0,"(31, 45)",taxation,6,0.25,False,True,False
180,239-3,49123.625,"(23, 40)",taxation,6,0.25,False,True,False
180,243-3,46696.125,"(19, 15)",taxation,6,0.25,False,True,False
180,192-3,44298.25,"(19, 6)",taxation,6,0.25,False,True,False
180,143-3,49104.3125,"(32, 31)",taxation,6,0.25,False,True,False
180,35-3,49119.875,"(38, 33)",taxation,6,0.25,False,True,False
180,3-3,29776.6875,"(3, 29)",taxation,6,0.25,False,True,False
180,181-3,49093.937500000015,"(20, 8)",taxation,6,0.25,False,True,False
180,105-3,44278.625,"(47, 33)",taxation,6,0.25,False,True,False
180,177-3,49151.3125,"(24, 5)",taxation,6,0.25,False,True,False
180,167-4,38855.734375,"(16, 6)",taxation,6,0.25,False,True,False
180,173-4,10525.8125,"(11, 18)",taxation,6,0.25,False,True,False
180,44-3,32215.0,"(17, 8)",taxation,6,0.25,False,True,False
180,216-3,53915.5,"(17, 1)",taxation,6,0.25,False,True,False
180,217-3,29807.375,"(28, 46)",taxation,6,0.25,False,True,False
180,138-3,51465.8125,"(6, 32)",taxation,6,0.25,False,True,False
180,75-4,35188.0625,"(30, 46)",taxation,6,0.25,False,True,False
180,74-4,43043.0,"(22, 39)",taxation,6,0.25,False,True,False
180,191-3,56297.5625,"(29, 47)",taxation,6,0.25,False,True,False
180,240-4,12891.3125,"(27, 46)",taxation,6,0.25,False,True,False
180,20-3,46709.75,"(33, 41)",taxation,6,0.25,False,True,False
180,159-3,39449.375,"(20, 38)",taxation,6,0.25,False,True,False
180,158-4,35800.0625,"(14, 29)",taxation,6,0.25,False,True,False
180,66-3,53927.8125,"(41, 36)",taxation,6,0.25,False,True,False
180,170-4,34052.734375,"(39, 31)",taxation,6,0.25,False,True,False
180,146-4,15338.3125,"(37, 30)",taxation,6,0.25,False,True,False
180,208-4,39427.703125,"(8, 30)",taxation,6,0.25,False,True,False
180,219-4,43034.3125,"(2, 30)",taxation,6,0.25,False,True,False
180,140-4,859.0625,"(31, 43)",taxation,6,0.25,False,True,False
180,210-3,58731.5625,"(22, 41)",taxation,6,0.25,False,True,False
180,198-4,35229.71875,"(44, 8)",taxation,6,0.25,False,True,False
180,246-4,37044.3125,"(27, 45)",taxation,6,0.25,False,True,False
180,187-4,20120.1875,"(47, 31)",taxation,6,0.25,False,True,False
180,179-4,32241.53125,"(12, 10)",taxation,6,0.25,False,True,False
180,23-4,39994.5,"(8, 20)",taxation,6,0.25,False,True,False
180,31-4,44241.46875,"(25, 44)",taxation,6,0.25,False,True,False
180,150-3,41828.4375,"(18, 3)",taxation,6,0.25,False,True,False
180,12-3,46679.8125,"(22, 3)",taxation,6,0.25,False,True,False
180,98-4,20161.0625,"(26, 38)",taxation,6,0.25,False,True,False
180,126-3,49095.0625,"(44, 9)",taxation,6,0.25,False,True,False
180,176-4,845.1875,"(8, 26)",taxation,6,0.25,False,True,False
180,28-4,33992.203125,"(6, 20)",taxation,6,0.25,False,True,False
180,154-4,17695.3125,"(26, 46)",taxation,6,0.25,False,True,False
180,40-4,40622.3125,"(11, 32)",taxation,6,0.25,False,True,False
180,1-4,28596.140625,"(22, 40)",taxation,6,0.25,False,True,False
180,76-4,37009.921875000015,"(49, 10)",taxation,6,0.25,False,True,False
180,67-3,37049.5625,"(30, 38)",taxation,6,0.25,False,True,False
180,182-4,38769.890625,"(15, 8)",taxation,6,0.25,False,True,False
180,241-4,35177.21875,"(15, 9)",taxation,6,0.25,False,True,False
180,149-4,33419.5625,"(19, 41)",taxation,6,0.25,False,True,False
180,17-4,40637.03125,"(23, 42)",taxation,6,0.25,False,True,False
180,0-4,26153.828125,"(19, 8)",taxation,6,0.25,False,True,False
180,22-4,42409.8125,"(15, 17)",taxation,6,0.25,False,True,False
180,10-4,38810.390625,"(45, 8)",taxation,6,0.25,False,True,False
180,242-4,17123.953125,"(44, 14)",taxation,6,0.25,False,True,False
180,142-4,24314.859375,"(20, 9)",taxation,6,0.25,False,True,False
180,189-4,33428.84375,"(47, 35)",taxation,6,0.25,False,True,False
180,63-4,35140.171875,"(20, 6)",taxation,6,0.25,False,True,False
180,165-4,44157.1875,"(7, 23)",taxation,6,0.25,False,True,False
180,94-4,12884.125,"(17, 2)",taxation,6,0.25,False,True,False
180,206-4,37569.328125,"(0, 21)",taxation,6,0.25,False,True,False
180,172-4,40568.484375,"(24, 44)",taxation,6,0.25,False,True,False
180,144-4,37018.90625,"(28, 43)",taxation,6,0.25,False,True,False
180,111-4,40557.515625,"(10, 26)",taxation,6,0.25,False,True,False
180,83-4,40572.671875,"(17, 15)",taxation,6,0.25,False,True,False
180,249-4,38818.5625,"(16, 12)",taxation,6,0.25,False,True,False
180,51-4,38785.40625,"(47, 34)",taxation,6,0.25,False,True,False
180,180-4,36971.265625,"(7, 29)",taxation,6,0.25,False,True,False
180,148-4,29726.953125,"(21, 2)",taxation,6,0.25,False,True,False
180,16-4,42398.34375,"(1, 22)",taxation,6,0.25,False,True,False
180,134-4,36960.25,"(24, 6)",taxation,6,0.25,False,True,False
180,73-4,38755.265625,"(25, 45)",taxation,6,0.25,False,True,False
180,54-4,36963.140625,"(15, 6)",taxation,6,0.25,False,True,False
180,38-4,38759.59375,"(18, 15)",taxation,6,0.25,False,True,False
180,6-4,42392.625,"(0, 22)",taxation,6,0.25,False,True,False
180,156-4,27895.96875,"(25, 47)",taxation,6,0.25,False,True,False
180,95-4,42393.65625,"(48, 9)",taxation,6,0.25,False,True,False
180,42-4,27970.21875,"(19, 37)",taxation,6,0.25,False,True,False
181,212-3,51754.8125,"(48, 35)",taxation,6,0.25,False,True,False
181,225-3,51705.5625,"(26, 42)",taxation,6,0.25,False,True,False
181,162-3,51659.875,"(19, 11)",taxation,6,0.25,False,True,False
181,133-3,44499.25,"(25, 3)",taxation,6,0.25,False,True,False
181,4-3,37217.6875,"(25, 35)",taxation,6,0.25,False,True,False
181,91-3,54122.0625,"(21, 9)",taxation,6,0.25,False,True,False
181,56-3,49304.5625,"(45, 28)",taxation,6,0.25,False,True,False
181,71-3,54113.9375,"(37, 28)",taxation,6,0.25,False,True,False
181,226-3,49258.0625,"(16, 3)",taxation,6,0.25,False,True,False
181,205-3,25190.8125,"(49, 19)",taxation,6,0.25,False,True,False
181,231-3,32405.8125,"(49, 11)",taxation,6,0.25,False,True,False
181,25-3,44465.25,"(19, 42)",taxation,6,0.25,False,True,False
181,137-3,44450.375,"(26, 35)",taxation,6,0.25,False,True,False
181,214-3,32372.25,"(19, 2)",taxation,6,0.25,False,True,False
181,21-3,46839.6875,"(1, 35)",taxation,6,0.25,False,True,False
181,201-3,34777.9375,"(46, 27)",taxation,6,0.25,False,True,False
181,169-3,39622.25,"(27, 7)",taxation,6,0.25,False,True,False
181,110-3,56502.75,"(5, 33)",taxation,6,0.25,False,True,False
181,125-3,54064.5,"(45, 27)",taxation,6,0.25,False,True,False
181,122-3,42017.6875,"(7, 36)",taxation,6,0.25,False,True,False
181,234-3,51626.125,"(8, 21)",taxation,6,0.25,False,True,False
181,141-3,39646.375,"(47, 14)",taxation,6,0.25,False,True,False
181,145-3,51674.0,"(22, 0)",taxation,6,0.25,False,True,False
181,209-3,56526.625,"(20, 49)",taxation,6,0.25,False,True,False
181,247-3,44430.75,"(41, 27)",taxation,6,0.25,False,True,False
181,203-3,58884.6875,"(11, 30)",taxation,6,0.25,False,True,False
181,50-3,56467.125,"(14, 38)",taxation,6,0.25,False,True,False
181,45-3,51664.8125,"(16, 13)",taxation,6,0.25,False,True,False
181,78-3,46864.6875,"(18, 43)",taxation,6,0.25,False,True,False
181,147-3,49269.5625,"(46, 33)",taxation,6,0.25,False,True,False
181,193-3,44437.125,"(21, 48)",taxation,6,0.25,False,True,False
181,5-3,22721.625,"(28, 49)",taxation,6,0.25,False,True,False
181,175-3,41994.375,"(9, 36)",taxation,6,0.25,False,True,False
181,196-3,34765.0,"(1, 34)",taxation,6,0.25,False,True,False
181,112-3,54059.625,"(26, 41)",taxation,6,0.25,False,True,False
181,113-3,51634.0625,"(12, 31)",taxation,6,0.25,False,True,False
181,55-3,54063.9375,"(48, 32)",taxation,6,0.25,False,True,False
181,33-3,39576.9375,"(44, 29)",taxation,6,0.25,False,True,False
181,68-3,42023.3125,"(12, 23)",taxation,6,0.25,False,True,False
181,161-3,42010.5,"(21, 0)",taxation,6,0.25,False,True,False
181,100-3,49279.5625,"(39, 33)",taxation,6,0.25,False,True,False
181,155-3,51668.4375,"(26, 7)",taxation,6,0.25,False,True,False
181,41-3,54093.0,"(22, 2)",taxation,6,0.25,False,True,False
181,115-3,54059.3125,"(10, 30)",taxation,6,0.25,False,True,False
181,207-3,39605.8125,"(39, 9)",taxation,6,0.25,False,True,False
181,120-3,56458.5,"(22, 7)",taxation,6,0.25,False,True,False
181,11-3,39587.1875,"(30, 6)",taxation,6,0.25,False,True,False
181,102-3,34742.125,"(21, 38)",taxation,6,0.25,False,True,False
181,130-3,54027.125,"(10, 32)",taxation,6,0.25,False,True,False
181,103-3,49228.875,"(13, 31)",taxation,6,0.25,False,True,False
181,202-3,56484.5,"(29, 48)",taxation,6,0.25,False,True,False
181,164-3,51666.4375,"(41, 15)",taxation,6,0.25,False,True,False
181,2-3,49257.8125,"(15, 33)",taxation,6,0.25,False,True,False
181,186-3,46882.1875,"(49, 13)",taxation,6,0.25,False,True,False
181,85-3,44411.75,"(7, 28)",taxation,6,0.25,False,True,False
181,64-3,49188.0,"(18, 8)",taxation,6,0.25,False,True,False
181,188-3,49214.125,"(15, 30)",taxation,6,0.25,False,True,False
181,32-3,54030.8125,"(35, 29)",taxation,6,0.25,False,True,False
181,57-3,44384.6875,"(48, 14)",taxation,6,0.25,False,True,False
181,132-3,54075.3125,"(44, 27)",taxation,6,0.25,False,True,False
181,163-3,58851.5,"(42, 27)",taxation,6,0.25,False,True,False
181,19-3,51669.0,"(28, 47)",taxation,6,0.25,False,True,False
181,107-3,53995.875,"(21, 43)",taxation,6,0.25,False,True,False
181,221-3,46786.625,"(39, 28)",taxation,6,0.25,False,True,False
181,96-3,56445.375,"(23, 35)",taxation,6,0.25,False,True,False
181,92-3,54026.25,"(48, 31)",taxation,6,0.25,False,True,False
181,116-3,54068.125,"(33, 30)",taxation,6,0.25,False,True,False
181,13-3,46812.6875,"(48, 34)",taxation,6,0.25,False,True,False
181,174-3,54057.125,"(27, 42)",taxation,6,0.25,False,True,False
181,69-3,54000.875,"(20, 1)",taxation,6,0.25,False,True,False
181,184-3,49153.9375,"(1, 33)",taxation,6,0.25,False,True,False
181,237-3,39549.3125,"(15, 29)",taxation,6,0.25,False,True,False
181,90-3,44369.875,"(0, 35)",taxation,6,0.25,False,True,False
181,18-3,56453.3125,"(44, 28)",taxation,6,0.25,False,True,False
181,121-3,49212.0,"(6, 31)",taxation,6,0.25,False,True,False
181,30-3,56472.9375,"(41, 11)",taxation,6,0.25,False,True,False
181,97-3,39542.3125,"(17, 39)",taxation,6,0.25,False,True,False
181,229-3,54043.6875,"(22, 42)",taxation,6,0.25,False,True,False
181,27-3,44353.0625,"(20, 16)",taxation,6,0.25,False,True,False
181,117-3,44373.625,"(25, 41)",taxation,6,0.25,False,True,False
181,80-3,54009.625,"(6, 30)",taxation,6,0.25,False,True,False
181,166-3,46767.4375,"(20, 47)",taxation,6,0.25,False,True,False
181,86-3,49217.5,"(9, 20)",taxation,6,0.25,False,True,False
181,160-3,44356.75,"(2, 35)",taxation,6,0.25,False,True,False
181,233-3,46782.4375,"(21, 44)",taxation,6,0.25,False,True,False
181,235-3,49191.9375,"(20, 0)",taxation,6,0.25,False,True,False
181,48-3,51553.5,"(8, 35)",taxation,6,0.25,False,True,False
181,88-3,49202.0,"(41, 12)",taxation,6,0.25,False,True,False
181,52-3,37159.4375,"(26, 8)",taxation,6,0.25,False,True,False
181,58-3,51587.875,"(49, 14)",taxation,6,0.25,False,True,False
181,248-3,49206.1875,"(48, 19)",taxation,6,0.25,False,True,False
181,108-3,27490.6875,"(38, 8)",taxation,6,0.25,False,True,False
181,82-3,51610.125,"(24, 0)",taxation,6,0.25,False,True,False
181,236-3,49206.9375,"(23, 2)",taxation,6,0.25,False,True,False
181,104-3,46817.125,"(45, 29)",taxation,6,0.25,False,True,False
181,152-3,51577.1875,"(3, 35)",taxation,6,0.25,False,True,False
181,109-3,49201.875,"(25, 1)",taxation,6,0.25,False,True,False
181,72-3,56411.875,"(24, 35)",taxation,6,0.25,False,True,False
181,127-3,51579.5,"(11, 23)",taxation,6,0.25,False,True,False
181,61-3,58847.1875,"(45, 11)",taxation,6,0.25,False,True,False
181,232-3,29830.6875,"(23, 47)",taxation,6,0.25,False,True,False
181,65-3,56396.9375,"(38, 29)",taxation,6,0.25,False,True,False
181,124-3,46745.1875,"(0, 24)",taxation,6,0.25,False,True,False
181,62-3,49174.125,"(1, 31)",taxation,6,0.25,False,True,False
181,59-3,44373.9375,"(47, 28)",taxation,6,0.25,False,True,False
181,89-3,51605.0625,"(48, 33)",taxation,6,0.25,False,True,False
181,26-3,39541.5625,"(9, 30)",taxation,6,0.25,False,True,False
181,14-3,13025.875,"(17, 0)",taxation,6,0.25,False,True,False
181,194-3,44350.625,"(22, 9)",taxation,6,0.25,False,True,False
181,37-3,51605.0625,"(41, 26)",taxation,6,0.25,False,True,False
181,36-3,37115.4375,"(7, 32)",taxation,6,0.25,False,True,False
181,7-3,37142.375,"(48, 11)",taxation,6,0.25,False,True,False
181,47-3,34679.3125,"(27, 47)",taxation,6,0.25,False,True,False
181,223-3,34713.5,"(42, 31)",taxation,6,0.25,False,True,False
181,129-3,46779.5,"(4, 31)",taxation,6,0.25,False,True,False
181,77-3,41924.125,"(49, 15)",taxation,6,0.25,False,True,False
181,43-3,49155.8125,"(20, 12)",taxation,6,0.25,False,True,False
181,128-3,54028.25,"(25, 0)",taxation,6,0.25,False,True,False
181,79-3,46750.1875,"(9, 28)",taxation,6,0.25,False,True,False
181,199-3,56361.25,"(18, 25)",taxation,6,0.25,False,True,False
181,136-3,39515.375,"(20, 48)",taxation,6,0.25,False,True,False
181,99-3,46737.9375,"(19, 46)",taxation,6,0.25,False,True,False
181,84-3,49165.625,"(17, 26)",taxation,6,0.25,False,True,False
181,123-3,56392.5625,"(22, 47)",taxation,6,0.25,False,True,False
181,119-3,49155.75,"(16, 1)",taxation,6,0.25,False,True,False
181,46-3,34674.5,"(18, 1)",taxation,6,0.25,False,True,False
181,190-3,49140.0625,"(8, 36)",taxation,6,0.25,False,True,False
181,215-3,54022.625,"(47, 27)",taxation,6,0.25,False,True,False
181,220-3,54001.25,"(49, 34)",taxation,6,0.25,False,True,False
181,157-3,46739.1875,"(15, 40)",taxation,6,0.25,False,True,False
181,245-3,53947.0625,"(19, 1)",taxation,6,0.25,False,True,False
181,195-3,22622.9375,"(32, 36)",taxation,6,0.25,False,True,False
181,15-3,44340.0625,"(7, 35)",taxation,6,0.25,False,True,False
181,224-3,41903.3125,"(27, 37)",taxation,6,0.25,False,True,False
181,87-3,49141.625,"(22, 1)",taxation,6,0.25,False,True,False
181,135-3,49131.0625,"(24, 48)",taxation,6,0.25,False,True,False
181,8-3,49157.25,"(49, 30)",taxation,6,0.25,False,True,False
181,227-3,53974.375,"(46, 11)",taxation,6,0.25,False,True,False
181,178-3,53969.1875,"(24, 49)",taxation,6,0.25,False,True,False
181,114-3,56389.3125,"(22, 8)",taxation,6,0.25,False,True,False
181,118-3,53918.625,"(22, 11)",taxation,6,0.25,False,True,False
181,244-3,56374.875,"(20, 2)",taxation,6,0.25,False,True,False
181,34-3,44296.5,"(18, 11)",taxation,6,0.25,False,True,False
181,60-3,51545.4375,"(5, 35)",taxation,6,0.25,False,True,False
181,218-3,56382.125,"(5, 32)",taxation,6,0.25,False,True,False
181,49-3,46741.875,"(24, 1)",taxation,6,0.25,False,True,False
181,185-3,49185.125,"(31, 37)",taxation,6,0.25,False,True,False
181,228-4,29191.9375,"(10, 33)",taxation,6,0.25,False,True,False
181,24-3,39543.125,"(49, 12)",taxation,6,0.25,False,True,False
181,9-3,41927.9375,"(41, 10)",taxation,6,0.25,False,True,False
181,39-3,34646.625,"(25, 49)",taxation,6,0.25,False,True,False
181,151-3,39459.1875,"(45, 24)",taxation,6,0.25,False,True,False
181,29-3,49150.9375,"(46, 29)",taxation,6,0.25,False,True,False
181,230-3,39487.0,"(12, 28)",taxation,6,0.25,False,True,False
181,131-3,49129.75,"(20, 3)",taxation,6,0.25,False,True,False
181,81-3,46753.6875,"(35, 35)",taxation,6,0.25,False,True,False
181,222-3,49114.125,"(27, 6)",taxation,6,0.25,False,True,False
181,171-3,49108.375,"(7, 25)",taxation,6,0.25,False,True,False
181,200-3,46721.5,"(46, 31)",taxation,6,0.25,False,True,False
181,238-3,49126.5,"(46, 15)",taxation,6,0.25,False,True,False
181,153-3,24996.25,"(19, 0)",taxation,6,0.25,False,True,False
181,197-3,39477.1875,"(22, 6)",taxation,6,0.25,False,True,False
181,139-4,44311.765625,"(19, 43)",taxation,6,0.25,False,True,False
181,204-3,53925.375,"(23, 48)",taxation,6,0.25,False,True,False
181,211-3,32215.8125,"(22, 46)",taxation,6,0.25,False,True,False
181,93-3,22586.0,"(23, 7)",taxation,6,0.25,False,True,False
181,101-3,49152.5625,"(20, 5)",taxation,6,0.25,False,True,False
181,213-3,49136.625,"(49, 33)",taxation,6,0.25,False,True,False
181,70-3,51523.0,"(27, 49)",taxation,6,0.25,False,True,False
181,239-3,49131.625,"(17, 45)",taxation,6,0.25,False,True,False
181,243-3,46703.125,"(25, 13)",taxation,6,0.25,False,True,False
181,192-3,44306.25,"(23, 1)",taxation,6,0.25,False,True,False
181,143-3,49110.3125,"(38, 28)",taxation,6,0.25,False,True,False
181,35-3,49127.875,"(43, 27)",taxation,6,0.25,False,True,False
181,3-3,29784.6875,"(0, 34)",taxation,6,0.25,False,True,False
181,181-3,49101.937500000015,"(25, 8)",taxation,6,0.25,False,True,False
181,105-3,44287.625,"(49, 28)",taxation,6,0.25,False,True,False
181,177-3,49159.3125,"(26, 5)",taxation,6,0.25,False,True,False
181,167-4,38857.734375,"(20, 10)",taxation,6,0.25,False,True,False
181,173-4,10530.8125,"(14, 24)",taxation,6,0.25,False,True,False
181,44-3,32222.0,"(21, 4)",taxation,6,0.25,False,True,False
181,216-3,53923.5,"(23, 0)",taxation,6,0.25,False,True,False
181,217-3,29810.375,"(22, 45)",taxation,6,0.25,False,True,False
181,138-3,51473.8125,"(7, 34)",taxation,6,0.25,False,True,False
181,75-4,35197.0625,"(26, 48)",taxation,6,0.25,False,True,False
181,74-4,43051.0,"(18, 39)",taxation,6,0.25,False,True,False
181,191-3,56301.5625,"(24, 41)",taxation,6,0.25,False,True,False
181,240-4,12900.3125,"(22, 49)",taxation,6,0.25,False,True,False
181,20-3,46711.75,"(30, 37)",taxation,6,0.25,False,True,False
181,159-3,39458.375,"(19, 44)",taxation,6,0.25,False,True,False
181,158-4,35807.0625,"(17, 31)",taxation,6,0.25,False,True,False
181,66-3,53930.8125,"(43, 30)",taxation,6,0.25,False,True,False
181,170-4,34061.734375,"(44, 26)",taxation,6,0.25,False,True,False
181,146-4,15347.3125,"(43, 28)",taxation,6,0.25,False,True,False
181,208-4,39434.703125,"(12, 35)",taxation,6,0.25,False,True,False
181,219-4,43042.3125,"(3, 34)",taxation,6,0.25,False,True,False
181,140-4,868.0625,"(26, 49)",taxation,6,0.25,False,True,False
181,210-3,58739.5625,"(16, 41)",taxation,6,0.25,False,True,False
181,198-4,35236.71875,"(44, 11)",taxation,6,0.25,False,True,False
181,246-4,37054.3125,"(28, 48)",taxation,6,0.25,False,True,False
181,187-4,20129.1875,"(49, 31)",taxation,6,0.25,False,True,False
181,179-4,32245.53125,"(17, 16)",taxation,6,0.25,False,True,False
181,23-4,39998.5,"(13, 23)",taxation,6,0.25,False,True,False
181,31-4,44250.46875,"(22, 48)",taxation,6,0.25,False,True,False
181,150-3,41836.4375,"(18, 0)",taxation,6,0.25,False,True,False
181,12-3,46687.8125,"(26, 2)",taxation,6,0.25,False,True,False
181,98-4,20169.0625,"(20, 43)",taxation,6,0.25,False,True,False
181,126-3,49102.0625,"(42, 13)",taxation,6,0.25,False,True,False
181,176-4,851.1875,"(9, 31)",taxation,6,0.25,False,True,False
181,28-4,33996.203125,"(12, 24)",taxation,6,0.25,False,True,False
181,154-4,17705.3125,"(29, 49)",taxation,6,0.25,False,True,False
181,40-4,40630.3125,"(8, 34)",taxation,6,0.25,False,True,False
181,1-4,28605.140625,"(20, 46)",taxation,6,0.25,False,True,False
181,76-4,37016.921875000015,"(48, 15)",taxation,6,0.25,False,True,False
181,67-3,37054.5625,"(25, 42)",taxation,6,0.25,False,True,False
181,182-4,38778.890625,"(16, 2)",taxation,6,0.25,False,True,False
181,241-4,35184.21875,"(20, 4)",taxation,6,0.25,False,True,False
181,149-4,33427.5625,"(16, 42)",taxation,6,0.25,False,True,False
181,17-4,40645.03125,"(18, 45)",taxation,6,0.25,False,True,False
181,0-4,26161.828125,"(25, 2)",taxation,6,0.25,False,True,False
181,22-4,42414.8125,"(20, 17)",taxation,6,0.25,False,True,False
181,10-4,38816.390625,"(44, 10)",taxation,6,0.25,False,True,False
181,242-4,17131.953125,"(47, 19)",taxation,6,0.25,False,True,False
181,142-4,24322.859375,"(26, 3)",taxation,6,0.25,False,True,False
181,189-4,33430.84375,"(44, 30)",taxation,6,0.25,False,True,False
181,63-4,35148.171875,"(24, 2)",taxation,6,0.25,False,True,False
181,165-4,44162.1875,"(11, 26)",taxation,6,0.25,False,True,False
181,94-4,12886.125,"(23, 8)",taxation,6,0.25,False,True,False
181,206-4,37572.328125,"(5, 22)",taxation,6,0.25,False,True,False
181,172-4,40576.484375,"(20, 44)",taxation,6,0.25,False,True,False
181,144-4,37027.90625,"(23, 49)",taxation,6,0.25,False,True,False
181,111-4,40563.515625,"(14, 31)",taxation,6,0.25,False,True,False
181,83-4,40578.671875,"(22, 10)",taxation,6,0.25,False,True,False
181,249-4,38825.5625,"(21, 6)",taxation,6,0.25,False,True,False
181,51-4,38794.40625,"(49, 29)",taxation,6,0.25,False,True,False
181,180-4,36978.265625,"(11, 35)",taxation,6,0.25,False,True,False
181,148-4,29734.953125,"(21, 1)",taxation,6,0.25,False,True,False
181,16-4,42402.34375,"(7, 27)",taxation,6,0.25,False,True,False
181,134-4,36968.25,"(24, 7)",taxation,6,0.25,False,True,False
181,73-4,38765.265625,"(27, 48)",taxation,6,0.25,False,True,False
181,54-4,36971.140625,"(16, 0)",taxation,6,0.25,False,True,False
181,38-4,38765.59375,"(21, 11)",taxation,6,0.25,False,True,False
181,6-4,42395.625,"(4, 23)",taxation,6,0.25,False,True,False
181,156-4,27904.96875,"(25, 48)",taxation,6,0.25,False,True,False
181,95-4,42400.65625,"(44, 15)",taxation,6,0.25,False,True,False
181,42-4,27978.21875,"(18, 38)",taxation,6,0.25,False,True,False
181,168-4,40583.15625,"(25, 9)",taxation,6,0.25,False,True,False
181,183-4,26121.796875,"(49, 32)",taxation,6,0.25,False,True,False
181,53-4,24305.765625,"(48, 28)",taxation,6,0.25,False,True,False
181,106-4,35153.859375,"(23, 39)",taxation,6,0.25,False,True,False
182,212-3,51757.8125,"(42, 29)",taxation,6,0.25,False,True,False
182,225-3,51710.5625,"(24, 37)",taxation,6,0.25,False,True,False
182,4-3,37225.6875,"(22, 35)",taxation,6,0.25,False,True,False
182,91-3,54130.0625,"(25, 11)",taxation,6,0.25,False,True,False
182,226-3,49260.0625,"(16, 9)",taxation,6,0.25,False,True,False
182,205-3,25199.8125,"(47, 21)",taxation,6,0.25,False,True,False
182,231-3,32413.8125,"(46, 17)",taxation,6,0.25,False,True,False
182,137-3,44457.375,"(20, 33)",taxation,6,0.25,False,True,False
182,214-3,32374.25,"(24, 4)",taxation,6,0.25,False,True,False
182,21-3,46847.6875,"(1, 40)",taxation,6,0.25,False,True,False
182,201-3,34786.9375,"(43, 25)",taxation,6,0.25,False,True,False
182,169-3,39631.25,"(28, 3)",taxation,6,0.25,False,True,False
182,110-3,56509.75,"(3, 36)",taxation,6,0.25,False,True,False
182,125-3,54074.5,"(48, 25)",taxation,6,0.25,False,True,False
182,122-3,42025.6875,"(9, 39)",taxation,6,0.25,False,True,False
182,141-3,39654.375,"(47, 18)",taxation,6,0.25,False,True,False
182,145-3,51677.0,"(28, 0)",taxation,6,0.25,False,True,False
182,209-3,56535.625,"(15, 49)",taxation,6,0.25,False,True,False
182,247-3,44440.75,"(46, 24)",taxation,6,0.25,False,True,False
182,203-3,58892.6875,"(14, 36)",taxation,6,0.25,False,True,False
182,50-3,56476.125,"(13, 43)",taxation,6,0.25,False,True,False
182,45-3,51670.8125,"(22, 17)",taxation,6,0.25,False,True,False
182,78-3,46873.6875,"(14, 48)",taxation,6,0.25,False,True,False
182,147-3,49273.5625,"(40, 28)",taxation,6,0.25,False,True,False
182,193-3,44445.125,"(15, 47)",taxation,6,0.25,False,True,False
182,5-3,22724.625,"(24, 46)",taxation,6,0.25,False,True,False
182,175-3,42003.375,"(13, 38)",taxation,6,0.25,False,True,False
182,196-3,34773.0,"(2, 37)",taxation,6,0.25,False,True,False
182,112-3,54066.625,"(20, 40)",taxation,6,0.25,False,True,False
182,113-3,51642.0625,"(12, 37)",taxation,6,0.25,False,True,False
182,55-3,54073.9375,"(49, 27)",taxation,6,0.25,False,True,False
182,33-3,39585.9375,"(42, 25)",taxation,6,0.25,False,True,False
182,68-3,42029.3125,"(14, 28)",taxation,6,0.25,False,True,False
182,161-3,42013.5,"(27, 0)",taxation,6,0.25,False,True,False
182,100-3,49285.5625,"(38, 27)",taxation,6,0.25,False,True,False
182,155-3,51676.4375,"(29, 9)",taxation,6,0.25,False,True,False
182,41-3,54098.0,"(28, 7)",taxation,6,0.25,False,True,False
182,115-3,54067.3125,"(13, 35)",taxation,6,0.25,False,True,False
182,207-3,39613.8125,"(33, 7)",taxation,6,0.25,False,True,False
182,120-3,56465.5,"(28, 9)",taxation,6,0.25,False,True,False
182,11-3,39595.1875,"(31, 6)",taxation,6,0.25,False,True,False
182,102-3,34751.125,"(15, 43)",taxation,6,0.25,False,True,False
182,130-3,54035.125,"(10, 38)",taxation,6,0.25,False,True,False
182,103-3,49235.875,"(14, 33)",taxation,6,0.25,False,True,False
182,202-3,56487.5,"(23, 46)",taxation,6,0.25,False,True,False
182,164-3,51675.4375,"(42, 21)",taxation,6,0.25,False,True,False
182,2-3,49265.8125,"(15, 36)",taxation,6,0.25,False,True,False
182,186-3,46890.1875,"(47, 17)",taxation,6,0.25,False,True,False
182,85-3,44418.75,"(12, 33)",taxation,6,0.25,False,True,False
182,64-3,49195.0,"(23, 10)",taxation,6,0.25,False,True,False
182,188-3,49221.125,"(16, 31)",taxation,6,0.25,False,True,False
182,32-3,54039.8125,"(41, 23)",taxation,6,0.25,False,True,False
182,57-3,44392.6875,"(49, 16)",taxation,6,0.25,False,True,False
182,132-3,54084.3125,"(42, 26)",taxation,6,0.25,False,True,False
182,163-3,58861.5,"(46, 25)",taxation,6,0.25,False,True,False
182,19-3,51672.0,"(22, 44)",taxation,6,0.25,False,True,False
182,107-3,54003.875,"(15, 45)",taxation,6,0.25,False,True,False
182,221-3,46795.625,"(41, 24)",taxation,6,0.25,False,True,False
182,96-3,56452.375,"(19, 34)",taxation,6,0.25,False,True,False
182,92-3,54035.25,"(44, 25)",taxation,6,0.25,False,True,False
182,116-3,54077.125,"(39, 26)",taxation,6,0.25,False,True,False
182,13-3,46821.6875,"(46, 28)",taxation,6,0.25,False,True,False
182,174-3,54064.125,"(21, 42)",taxation,6,0.25,False,True,False
182,69-3,54002.875,"(25, 4)",taxation,6,0.25,False,True,False
182,184-3,49161.9375,"(0, 37)",taxation,6,0.25,False,True,False
182,237-3,39557.3125,"(18, 30)",taxation,6,0.25,False,True,False
182,90-3,44377.875,"(2, 40)",taxation,6,0.25,False,True,False
182,18-3,56462.3125,"(47, 23)",taxation,6,0.25,False,True,False
182,121-3,49219.0,"(9, 35)",taxation,6,0.25,False,True,False
182,30-3,56480.9375,"(45, 17)",taxation,6,0.25,False,True,False
182,97-3,39551.3125,"(15, 41)",taxation,6,0.25,False,True,False
182,229-3,54051.6875,"(17, 36)",taxation,6,0.25,False,True,False
182,27-3,44360.0625,"(24, 14)",taxation,6,0.25,False,True,False
182,117-3,44379.625,"(21, 37)",taxation,6,0.25,False,True,False
182,80-3,54017.625,"(12, 36)",taxation,6,0.25,False,True,False
182,166-3,46775.4375,"(15, 46)",taxation,6,0.25,False,True,False
182,86-3,49222.5,"(14, 22)",taxation,6,0.25,False,True,False
182,160-3,44364.75,"(2, 39)",taxation,6,0.25,False,True,False
182,233-3,46789.4375,"(15, 39)",taxation,6,0.25,False,True,False
182,235-3,49193.9375,"(24, 3)",taxation,6,0.25,False,True,False
182,48-3,51561.5,"(10, 40)",taxation,6,0.25,False,True,False
182,88-3,49210.0,"(42, 18)",taxation,6,0.25,False,True,False
182,52-3,37167.4375,"(28, 8)",taxation,6,0.25,False,True,False
182,58-3,51595.875,"(48, 17)",taxation,6,0.25,False,True,False
182,248-3,49215.1875,"(49, 21)",taxation,6,0.25,False,True,False
182,108-3,27498.6875,"(33, 8)",taxation,6,0.25,False,True,False
182,82-3,51615.125,"(29, 6)",taxation,6,0.25,False,True,False
182,236-3,49211.9375,"(29, 7)",taxation,6,0.25,False,True,False
182,104-3,46827.125,"(49, 26)",taxation,6,0.25,False,True,False
182,152-3,51585.1875,"(3, 40)",taxation,6,0.25,False,True,False
182,109-3,49209.875,"(31, 1)",taxation,6,0.25,False,True,False
182,72-3,56418.875,"(20, 32)",taxation,6,0.25,False,True,False
182,127-3,51585.5,"(17, 27)",taxation,6,0.25,False,True,False
182,61-3,58854.1875,"(45, 12)",taxation,6,0.25,False,True,False
182,232-3,29836.6875,"(17, 41)",taxation,6,0.25,False,True,False
182,65-3,56404.9375,"(37, 24)",taxation,6,0.25,False,True,False
182,124-3,46750.1875,"(0, 30)",taxation,6,0.25,False,True,False
182,62-3,49181.125,"(4, 37)",taxation,6,0.25,False,True,False
182,59-3,44383.9375,"(48, 26)",taxation,6,0.25,False,True,False
182,89-3,51608.0625,"(42, 30)",taxation,6,0.25,False,True,False
182,26-3,39548.5625,"(10, 35)",taxation,6,0.25,False,True,False
182,14-3,13027.875,"(23, 5)",taxation,6,0.25,False,True,False
182,194-3,44357.625,"(26, 12)",taxation,6,0.25,False,True,False
182,37-3,51614.0625,"(41, 25)",taxation,6,0.25,False,True,False
182,36-3,37122.4375,"(7, 37)",taxation,6,0.25,False,True,False
182,7-3,37149.375,"(48, 12)",taxation,6,0.25,False,True,False
182,47-3,34684.3125,"(21, 47)",taxation,6,0.25,False,True,False
182,223-3,34719.5,"(37, 27)",taxation,6,0.25,False,True,False
182,129-3,46786.5,"(4, 36)",taxation,6,0.25,False,True,False
182,77-3,41933.125,"(46, 20)",taxation,6,0.25,False,True,False
182,43-3,49162.8125,"(24, 13)",taxation,6,0.25,False,True,False
182,128-3,54036.25,"(31, 5)",taxation,6,0.25,False,True,False
182,79-3,46757.1875,"(14, 32)",taxation,6,0.25,False,True,False
182,199-3,56368.25,"(19, 27)",taxation,6,0.25,False,True,False
182,136-3,39524.375,"(16, 46)",taxation,6,0.25,False,True,False
182,99-3,46746.9375,"(14, 46)",taxation,6,0.25,False,True,False
182,84-3,49172.625,"(19, 30)",taxation,6,0.25,False,True,False
182,123-3,56401.5625,"(19, 48)",taxation,6,0.25,False,True,False
182,119-3,49156.75,"(17, 1)",taxation,6,0.25,False,True,False
182,46-3,34676.5,"(23, 6)",taxation,6,0.25,False,True,False
182,190-3,49149.0625,"(14, 40)",taxation,6,0.25,False,True,False
182,215-3,54032.625,"(49, 25)",taxation,6,0.25,False,True,False
182,220-3,54003.25,"(45, 34)",taxation,6,0.25,False,True,False
182,157-3,46748.1875,"(13, 44)",taxation,6,0.25,False,True,False
182,245-3,53955.0625,"(25, 5)",taxation,6,0.25,False,True,False
182,195-3,22627.9375,"(27, 30)",taxation,6,0.25,False,True,False
182,15-3,44348.0625,"(9, 38)",taxation,6,0.25,False,True,False
182,224-3,41910.3125,"(22, 34)",taxation,6,0.25,False,True,False
182,87-3,49145.625,"(28, 6)",taxation,6,0.25,False,True,False
182,135-3,49136.0625,"(20, 45)",taxation,6,0.25,False,True,False
182,8-3,49166.25,"(49, 24)",taxation,6,0.25,False,True,False
182,227-3,53981.375,"(46, 12)",taxation,6,0.25,False,True,False
182,178-3,53975.1875,"(19, 45)",taxation,6,0.25,False,True,False
182,114-3,56397.3125,"(28, 11)",taxation,6,0.25,False,True,False
182,118-3,53926.625,"(27, 12)",taxation,6,0.25,False,True,False
182,244-3,56383.875,"(26, 0)",taxation,6,0.25,False,True,False
182,34-3,44303.5,"(23, 11)",taxation,6,0.25,False,True,False
182,60-3,51553.4375,"(7, 39)",taxation,6,0.25,False,True,False
182,218-3,56390.125,"(8, 38)",taxation,6,0.25,False,True,False
182,49-3,46745.875,"(30, 2)",taxation,6,0.25,False,True,False
182,185-3,49189.125,"(30, 32)",taxation,6,0.25,False,True,False
182,228-4,29200.9375,"(14, 39)",taxation,6,0.25,False,True,False
182,24-3,39551.125,"(49, 18)",taxation,6,0.25,False,True,False
182,9-3,41934.9375,"(42, 10)",taxation,6,0.25,False,True,False
182,39-3,34649.625,"(19, 47)",taxation,6,0.25,False,True,False
182,151-3,39468.1875,"(45, 23)",taxation,6,0.25,False,True,False
182,29-3,49160.9375,"(48, 24)",taxation,6,0.25,False,True,False
182,230-3,39495.0,"(18, 33)",taxation,6,0.25,False,True,False
182,131-3,49133.75,"(23, 9)",taxation,6,0.25,False,True,False
182,81-3,46757.6875,"(31, 31)",taxation,6,0.25,False,True,False
182,222-3,49122.125,"(30, 8)",taxation,6,0.25,False,True,False
182,171-3,49114.375,"(7, 31)",taxation,6,0.25,False,True,False
182,200-3,46725.5,"(40, 26)",taxation,6,0.25,False,True,False
182,238-3,49135.5,"(46, 21)",taxation,6,0.25,False,True,False
182,153-3,24998.25,"(23, 4)",taxation,6,0.25,False,True,False
182,197-3,39485.1875,"(28, 12)",taxation,6,0.25,False,True,False
182,139-4,44320.765625,"(14, 41)",taxation,6,0.25,False,True,False
182,204-3,53931.375,"(17, 49)",taxation,6,0.25,False,True,False
182,211-3,32222.8125,"(17, 42)",taxation,6,0.25,False,True,False
182,93-3,22594.0,"(29, 10)",taxation,6,0.25,False,True,False
182,101-3,49157.5625,"(26, 10)",taxation,6,0.25,False,True,False
182,213-3,49139.625,"(43, 29)",taxation,6,0.25,False,True,False
182,70-3,51528.0,"(21, 49)",taxation,6,0.25,False,True,False
182,239-3,49140.625,"(14, 45)",taxation,6,0.25,False,True,False
182,243-3,46711.125,"(29, 11)",taxation,6,0.25,False,True,False
182,192-3,44309.25,"(28, 1)",taxation,6,0.25,False,True,False
182,143-3,49119.3125,"(40, 25)",taxation,6,0.25,False,True,False
182,35-3,49136.875,"(46, 23)",taxation,6,0.25,False,True,False
182,3-3,29792.6875,"(0, 40)",taxation,6,0.25,False,True,False
182,181-3,49110.937500000015,"(28, 5)",taxation,6,0.25,False,True,False
182,105-3,44296.625,"(49, 23)",taxation,6,0.25,False,True,False
182,177-3,49167.3125,"(27, 8)",taxation,6,0.25,False,True,False
182,167-4,38865.734375,"(25, 7)",taxation,6,0.25,False,True,False
182,173-4,10536.8125,"(18, 26)",taxation,6,0.25,False,True,False
182,44-3,32227.0,"(27, 9)",taxation,6,0.25,False,True,False
182,216-3,53927.5,"(29, 3)",taxation,6,0.25,False,True,False
182,217-3,29818.375,"(16, 48)",taxation,6,0.25,False,True,False
182,138-3,51481.8125,"(8, 37)",taxation,6,0.25,False,True,False
182,75-4,35202.0625,"(21, 46)",taxation,6,0.25,False,True,False
182,74-4,43059.0,"(15, 42)",taxation,6,0.25,False,True,False
182,191-3,56308.5625,"(18, 35)",taxation,6,0.25,False,True,False
182,240-4,12907.3125,"(21, 45)",taxation,6,0.25,False,True,False
182,20-3,46716.75,"(25, 34)",taxation,6,0.25,False,True,False
182,159-3,39467.375,"(14, 49)",taxation,6,0.25,False,True,False
182,158-4,35815.0625,"(17, 32)",taxation,6,0.25,False,True,False
182,66-3,53940.8125,"(48, 27)",taxation,6,0.25,False,True,False
182,170-4,34070.734375,"(44, 22)",taxation,6,0.25,False,True,False
182,146-4,15356.3125,"(43, 26)",taxation,6,0.25,False,True,False
182,208-4,39442.703125,"(13, 37)",taxation,6,0.25,False,True,False
182,219-4,43050.3125,"(5, 40)",taxation,6,0.25,False,True,False
182,140-4,870.0625,"(25, 46)",taxation,6,0.25,False,True,False
182,210-3,58747.5625,"(13, 42)",taxation,6,0.25,False,True,False
182,198-4,35243.71875,"(43, 11)",taxation,6,0.25,False,True,False
182,246-4,37057.3125,"(23, 44)",taxation,6,0.25,False,True,False
182,187-4,20134.1875,"(45, 26)",taxation,6,0.25,False,True,False
182,179-4,32251.53125,"(21, 13)",taxation,6,0.25,False,True,False
182,23-4,40005.5,"(19, 29)",taxation,6,0.25,False,True,False
182,31-4,44257.46875,"(16, 43)",taxation,6,0.25,False,True,False
182,150-3,41838.4375,"(23, 3)",taxation,6,0.25,False,True,False
182,12-3,46695.8125,"(30, 3)",taxation,6,0.25,False,True,False
182,98-4,20178.0625,"(14, 44)",taxation,6,0.25,False,True,False
182,126-3,49110.0625,"(41, 17)",taxation,6,0.25,False,True,False
182,176-4,859.1875,"(11, 36)",taxation,6,0.25,False,True,False
182,28-4,34002.203125,"(15, 28)",taxation,6,0.25,False,True,False
182,154-4,17708.3125,"(24, 47)",taxation,6,0.25,False,True,False
182,40-4,40638.3125,"(12, 39)",taxation,6,0.25,False,True,False
182,1-4,28612.140625,"(15, 48)",taxation,6,0.25,False,True,False
182,76-4,37025.921875000015,"(48, 21)",taxation,6,0.25,False,True,False
182,67-3,37060.5625,"(20, 37)",taxation,6,0.25,False,True,False
182,182-4,38780.890625,"(20, 7)",taxation,6,0.25,False,True,False
182,241-4,35188.21875,"(24, 10)",taxation,6,0.25,False,True,False
182,149-4,33435.5625,"(12, 42)",taxation,6,0.25,False,True,False
182,17-4,40654.03125,"(14, 47)",taxation,6,0.25,False,True,False
182,0-4,26169.828125,"(29, 0)",taxation,6,0.25,False,True,False
182,22-4,42421.8125,"(25, 15)",taxation,6,0.25,False,True,False
182,10-4,38824.390625,"(40, 15)",taxation,6,0.25,False,True,False
182,242-4,17141.953125,"(47, 24)",taxation,6,0.25,False,True,False
182,142-4,24330.859375,"(31, 2)",taxation,6,0.25,False,True,False
182,189-4,33439.84375,"(42, 24)",taxation,6,0.25,False,True,False
182,63-4,35156.171875,"(30, 7)",taxation,6,0.25,False,True,False
182,165-4,44169.1875,"(16, 29)",taxation,6,0.25,False,True,False
182,94-4,12893.125,"(28, 10)",taxation,6,0.25,False,True,False
182,206-4,37577.328125,"(9, 27)",taxation,6,0.25,False,True,False
182,172-4,40583.484375,"(16, 40)",taxation,6,0.25,False,True,False
182,144-4,37032.90625,"(17, 47)",taxation,6,0.25,False,True,False
182,111-4,40571.515625,"(15, 37)",taxation,6,0.25,False,True,False
182,83-4,40585.671875,"(26, 14)",taxation,6,0.25,False,True,False
182,249-4,38834.5625,"(27, 2)",taxation,6,0.25,False,True,False
182,51-4,38802.40625,"(44, 24)",taxation,6,0.25,False,True,False
182,180-4,36986.265625,"(12, 38)",taxation,6,0.25,False,True,False
182,148-4,29737.953125,"(27, 4)",taxation,6,0.25,False,True,False
182,16-4,42409.34375,"(13, 32)",taxation,6,0.25,False,True,False
182,134-4,36976.25,"(26, 9)",taxation,6,0.25,False,True,False
182,73-4,38768.265625,"(22, 43)",taxation,6,0.25,False,True,False
182,54-4,36972.140625,"(17, 2)",taxation,6,0.25,False,True,False
182,38-4,38773.59375,"(27, 13)",taxation,6,0.25,False,True,False
182,6-4,42400.625,"(4, 29)",taxation,6,0.25,False,True,False
182,156-4,27908.96875,"(19, 49)",taxation,6,0.25,False,True,False
182,95-4,42409.65625,"(45, 21)",taxation,6,0.25,False,True,False
182,42-4,27986.21875,"(13, 39)",taxation,6,0.25,False,True,False
182,168-4,40591.15625,"(26, 11)",taxation,6,0.25,False,True,False
182,183-4,26123.796875,"(47, 30)",taxation,6,0.25,False,True,False
182,53-4,24314.765625,"(48, 23)",taxation,6,0.25,False,True,False
182,106-4,35161.859375,"(17, 37)",taxation,6,0.25,False,True,False
182,133-4,33381.1875,"(27, 3)",taxation,6,0.25,False,True,False
182,25-4,33355.6875,"(14, 42)",taxation,6,0.25,False,True,False
182,56-4,36985.171875,"(45, 25)",taxation,6,0.25,False,True,False
182,234-4,38723.34375,"(12, 25)",taxation,6,0.25,False,True,False
182,71-4,40592.203125,"(40, 24)",taxation,6,0.25,False,True,False
182,162-4,38750.15625,"(25, 12)",taxation,6,0.25,False,True,False
183,225-3,51717.5625,"(21, 32)",taxation,6,0.25,False,True,False
183,4-3,37232.6875,"(22, 33)",taxation,6,0.25,False,True,False
183,91-3,54138.0625,"(27, 14)",taxation,6,0.25,False,True,False
183,226-3,49265.0625,"(22, 13)",taxation,6,0.25,False,True,False
183,205-3,25207.8125,"(48, 16)",taxation,6,0.25,False,True,False
183,231-3,32421.8125,"(44, 16)",taxation,6,0.25,False,True,False
183,137-3,44464.375,"(21, 33)",taxation,6,0.25,False,True,False
183,214-3,32378.25,"(27, 5)",taxation,6,0.25,False,True,False
183,21-3,46856.6875,"(1, 41)",taxation,6,0.25,False,True,False
183,201-3,34795.9375,"(42, 20)",taxation,6,0.25,False,True,False
183,169-3,39639.25,"(33, 9)",taxation,6,0.25,False,True,False
183,110-3,56517.75,"(5, 38)",taxation,6,0.25,False,True,False
183,125-3,54080.5,"(43, 20)",taxation,6,0.25,False,True,False
183,122-3,42034.6875,"(7, 44)",taxation,6,0.25,False,True,False
183,141-3,39664.375,"(46, 22)",taxation,6,0.25,False,True,False
183,145-3,51683.0,"(33, 2)",taxation,6,0.25,False,True,False
183,209-3,56544.625,"(10, 49)",taxation,6,0.25,False,True,False
183,247-3,44449.75,"(45, 20)",taxation,6,0.25,False,True,False
183,203-3,58900.6875,"(14, 35)",taxation,6,0.25,False,True,False
183,50-3,56485.125,"(10, 46)",taxation,6,0.25,False,True,False
183,78-3,46881.6875,"(11, 49)",taxation,6,0.25,False,True,False
183,147-3,49280.5625,"(35, 27)",taxation,6,0.25,False,True,False
183,193-3,44452.125,"(11, 44)",taxation,6,0.25,False,True,False
183,5-3,22730.625,"(18, 42)",taxation,6,0.25,False,True,False
183,175-3,42011.375,"(8, 42)",taxation,6,0.25,False,True,False
183,196-3,34782.0,"(2, 41)",taxation,6,0.25,False,True,False
183,112-3,54073.625,"(18, 37)",taxation,6,0.25,False,True,False
183,113-3,51650.0625,"(6, 39)",taxation,6,0.25,False,True,False
183,55-3,54080.9375,"(44, 23)",taxation,6,0.25,False,True,False
183,33-3,39594.9375,"(39, 20)",taxation,6,0.25,False,True,False
183,68-3,42036.3125,"(16, 30)",taxation,6,0.25,False,True,False
183,161-3,42021.5,"(33, 6)",taxation,6,0.25,False,True,False
183,100-3,49293.5625,"(35, 21)",taxation,6,0.25,False,True,False
183,155-3,51684.4375,"(30, 12)",taxation,6,0.25,False,True,False
183,41-3,54107.0,"(32, 8)",taxation,6,0.25,False,True,False
183,115-3,54075.3125,"(8, 41)",taxation,6,0.25,False,True,False
183,207-3,39621.8125,"(35, 10)",taxation,6,0.25,False,True,False
183,120-3,56473.5,"(34, 11)",taxation,6,0.25,False,True,False
183,11-3,39603.1875,"(31, 9)",taxation,6,0.25,False,True,False
183,102-3,34760.125,"(10, 47)",taxation,6,0.25,False,True,False
183,130-3,54043.125,"(7, 41)",taxation,6,0.25,False,True,False
183,103-3,49243.875,"(15, 35)",taxation,6,0.25,False,True,False
183,202-3,56493.5,"(17, 44)",taxation,6,0.25,False,True,False
183,164-3,51684.4375,"(41, 20)",taxation,6,0.25,False,True,False
183,2-3,49273.8125,"(11, 38)",taxation,6,0.25,False,True,False
183,186-3,46898.1875,"(47, 16)",taxation,6,0.25,False,True,False
183,85-3,44426.75,"(13, 36)",taxation,6,0.25,False,True,False
183,64-3,49203.0,"(28, 15)",taxation,6,0.25,False,True,False
183,188-3,49228.125,"(17, 29)",taxation,6,0.25,False,True,False
183,32-3,54048.8125,"(41, 21)",taxation,6,0.25,False,True,False
183,57-3,44401.6875,"(48, 18)",taxation,6,0.25,False,True,False
183,132-3,54093.3125,"(40, 20)",taxation,6,0.25,False,True,False
183,163-3,58868.5,"(43, 19)",taxation,6,0.25,False,True,False
183,19-3,51678.0,"(16, 39)",taxation,6,0.25,False,True,False
183,107-3,54012.875,"(10, 45)",taxation,6,0.25,False,True,False
183,221-3,46804.625,"(39, 21)",taxation,6,0.25,False,True,False
183,96-3,56460.375,"(15, 38)",taxation,6,0.25,False,True,False
183,92-3,54043.25,"(39, 19)",taxation,6,0.25,False,True,False
183,116-3,54086.125,"(39, 23)",taxation,6,0.25,False,True,False
183,13-3,46827.6875,"(40, 22)",taxation,6,0.25,False,True,False
183,174-3,54071.125,"(16, 38)",taxation,6,0.25,False,True,False
183,69-3,54007.875,"(31, 0)",taxation,6,0.25,False,True,False
183,184-3,49169.9375,"(1, 39)",taxation,6,0.25,False,True,False
183,237-3,39564.3125,"(20, 30)",taxation,6,0.25,False,True,False
183,90-3,44386.875,"(2, 42)",taxation,6,0.25,False,True,False
183,18-3,56471.3125,"(49, 20)",taxation,6,0.25,False,True,False
183,121-3,49227.0,"(6, 37)",taxation,6,0.25,False,True,False
183,30-3,56488.9375,"(45, 16)",taxation,6,0.25,False,True,False
183,97-3,39559.3125,"(9, 44)",taxation,6,0.25,False,True,False
183,229-3,54060.6875,"(12, 41)",taxation,6,0.25,False,True,False
183,27-3,44369.0625,"(30, 10)",taxation,6,0.25,False,True,False
183,117-3,44386.625,"(18, 36)",taxation,6,0.25,False,True,False
183,80-3,54025.625,"(11, 37)",taxation,6,0.25,False,True,False
183,166-3,46783.4375,"(11, 45)",taxation,6,0.25,False,True,False
183,86-3,49229.5,"(19, 24)",taxation,6,0.25,False,True,False
183,160-3,44372.75,"(3, 39)",taxation,6,0.25,False,True,False
183,233-3,46797.4375,"(10, 39)",taxation,6,0.25,False,True,False
183,235-3,49197.9375,"(28, 2)",taxation,6,0.25,False,True,False
183,48-3,51570.5,"(8, 44)",taxation,6,0.25,False,True,False
183,88-3,49218.0,"(42, 17)",taxation,6,0.25,False,True,False
183,52-3,37175.4375,"(30, 9)",taxation,6,0.25,False,True,False
183,58-3,51603.875,"(47, 13)",taxation,6,0.25,False,True,False
183,248-3,49223.1875,"(43, 16)",taxation,6,0.25,False,True,False
183,108-3,27506.6875,"(35, 11)",taxation,6,0.25,False,True,False
183,82-3,51623.125,"(32, 11)",taxation,6,0.25,False,True,False
183,236-3,49220.9375,"(32, 7)",taxation,6,0.25,False,True,False
183,104-3,46833.125,"(44, 20)",taxation,6,0.25,False,True,False
183,152-3,51594.1875,"(3, 41)",taxation,6,0.25,False,True,False
183,109-3,49216.875,"(34, 3)",taxation,6,0.25,False,True,False
183,72-3,56426.875,"(14, 37)",taxation,6,0.25,False,True,False
183,127-3,51592.5,"(20, 26)",taxation,6,0.25,False,True,False
183,61-3,58863.1875,"(45, 18)",taxation,6,0.25,False,True,False
183,232-3,29844.6875,"(13, 40)",taxation,6,0.25,False,True,False
183,65-3,56413.9375,"(38, 23)",taxation,6,0.25,False,True,False
183,124-3,46757.1875,"(4, 35)",taxation,6,0.25,False,True,False
183,62-3,49190.125,"(4, 41)",taxation,6,0.25,False,True,False
183,59-3,44390.9375,"(43, 22)",taxation,6,0.25,False,True,False
183,89-3,51614.0625,"(39, 27)",taxation,6,0.25,False,True,False
183,26-3,39557.5625,"(5, 41)",taxation,6,0.25,False,True,False
183,14-3,13033.875,"(27, 10)",taxation,6,0.25,False,True,False
183,194-3,44364.625,"(29, 16)",taxation,6,0.25,False,True,False
183,37-3,51622.0625,"(38, 20)",taxation,6,0.25,False,True,False
183,36-3,37131.4375,"(4, 42)",taxation,6,0.25,False,True,False
183,7-3,37157.375,"(48, 13)",taxation,6,0.25,False,True,False
183,47-3,34691.3125,"(16, 44)",taxation,6,0.25,False,True,False
183,223-3,34727.5,"(36, 22)",taxation,6,0.25,False,True,False
183,129-3,46794.5,"(4, 38)",taxation,6,0.25,False,True,False
183,77-3,41941.125,"(44, 17)",taxation,6,0.25,False,True,False
183,43-3,49170.8125,"(26, 16)",taxation,6,0.25,False,True,False
183,128-3,54044.25,"(34, 10)",taxation,6,0.25,False,True,False
183,79-3,46764.1875,"(13, 33)",taxation,6,0.25,False,True,False
183,199-3,56376.25,"(19, 32)",taxation,6,0.25,False,True,False
183,136-3,39532.375,"(11, 46)",taxation,6,0.25,False,True,False
183,99-3,46755.9375,"(9, 49)",taxation,6,0.25,False,True,False
183,84-3,49180.625,"(19, 31)",taxation,6,0.25,False,True,False
183,123-3,56407.5625,"(13, 48)",taxation,6,0.25,False,True,False
183,119-3,49158.75,"(18, 2)",taxation,6,0.25,False,True,False
183,46-3,34684.5,"(29, 12)",taxation,6,0.25,False,True,False
183,190-3,49157.0625,"(10, 42)",taxation,6,0.25,False,True,False
183,215-3,54041.625,"(45, 19)",taxation,6,0.25,False,True,False
183,220-3,54007.25,"(41, 31)",taxation,6,0.25,False,True,False
183,157-3,46756.1875,"(9, 48)",taxation,6,0.25,False,True,False
183,245-3,53964.0625,"(31, 7)",taxation,6,0.25,False,True,False
183,195-3,22634.9375,"(23, 29)",taxation,6,0.25,False,True,False
183,15-3,44356.0625,"(7, 38)",taxation,6,0.25,False,True,False
183,224-3,41917.3125,"(23, 34)",taxation,6,0.25,False,True,False
183,87-3,49153.625,"(33, 11)",taxation,6,0.25,False,True,False
183,135-3,49143.0625,"(15, 44)",taxation,6,0.25,False,True,False
183,8-3,49176.25,"(48, 22)",taxation,6,0.25,False,True,False
183,227-3,53989.375,"(47, 12)",taxation,6,0.25,False,True,False
183,178-3,53983.1875,"(13, 41)",taxation,6,0.25,False,True,False
183,114-3,56405.3125,"(29, 13)",taxation,6,0.25,False,True,False
183,118-3,53935.625,"(32, 10)",taxation,6,0.25,False,True,False
183,244-3,56388.875,"(32, 0)",taxation,6,0.25,False,True,False
183,34-3,44311.5,"(28, 13)",taxation,6,0.25,False,True,False
183,60-3,51562.4375,"(7, 43)",taxation,6,0.25,False,True,False
183,218-3,56399.125,"(7, 42)",taxation,6,0.25,False,True,False
183,49-3,46752.875,"(34, 4)",taxation,6,0.25,False,True,False
183,185-3,49196.125,"(32, 27)",taxation,6,0.25,False,True,False
183,228-4,29209.9375,"(12, 40)",taxation,6,0.25,False,True,False
183,24-3,39559.125,"(49, 17)",taxation,6,0.25,False,True,False
183,9-3,41942.9375,"(43, 10)",taxation,6,0.25,False,True,False
183,39-3,34655.625,"(13, 49)",taxation,6,0.25,False,True,False
183,151-3,39477.1875,"(42, 19)",taxation,6,0.25,False,True,False
183,29-3,49169.9375,"(48, 20)",taxation,6,0.25,False,True,False
183,230-3,39502.0,"(17, 34)",taxation,6,0.25,False,True,False
183,131-3,49140.75,"(25, 14)",taxation,6,0.25,False,True,False
183,81-3,46764.6875,"(33, 27)",taxation,6,0.25,False,True,False
183,222-3,49131.125,"(32, 9)",taxation,6,0.25,False,True,False
183,171-3,49121.375,"(8, 32)",taxation,6,0.25,False,True,False
183,200-3,46734.5,"(37, 22)",taxation,6,0.25,False,True,False
183,238-3,49144.5,"(46, 18)",taxation,6,0.25,False,True,False
183,153-3,25004.25,"(29, 8)",taxation,6,0.25,False,True,False
183,197-3,39493.1875,"(33, 12)",taxation,6,0.25,False,True,False
183,139-4,44329.765625,"(8, 45)",taxation,6,0.25,False,True,False
183,204-3,53940.375,"(12, 43)",taxation,6,0.25,False,True,False
183,211-3,32230.8125,"(14, 43)",taxation,6,0.25,False,True,False
183,93-3,22603.0,"(31, 10)",taxation,6,0.25,False,True,False
183,101-3,49164.5625,"(28, 16)",taxation,6,0.25,False,True,False
183,213-3,49146.625,"(43, 23)",taxation,6,0.25,False,True,False
183,70-3,51535.0,"(16, 49)",taxation,6,0.25,False,True,False
183,239-3,49149.625,"(8, 47)",taxation,6,0.25,False,True,False
183,243-3,46719.125,"(31, 13)",taxation,6,0.25,False,True,False
183,192-3,44317.25,"(34, 7)",taxation,6,0.25,False,True,False
183,143-3,49128.3125,"(38, 22)",taxation,6,0.25,False,True,False
183,35-3,49145.875,"(46, 19)",taxation,6,0.25,False,True,False
183,3-3,29801.6875,"(0, 41)",taxation,6,0.25,False,True,False
183,181-3,49119.937500000015,"(32, 5)",taxation,6,0.25,False,True,False
183,105-3,44304.625,"(43, 17)",taxation,6,0.25,False,True,False
183,177-3,49175.3125,"(30, 13)",taxation,6,0.25,False,True,False
183,167-4,38873.734375,"(31, 12)",taxation,6,0.25,False,True,False
183,173-4,10543.8125,"(18, 27)",taxation,6,0.25,False,True,False
183,44-3,32235.0,"(32, 12)",taxation,6,0.25,False,True,False
183,216-3,53935.5,"(34, 6)",taxation,6,0.25,False,True,False
183,217-3,29825.375,"(11, 47)",taxation,6,0.25,False,True,False
183,138-3,51489.8125,"(6, 40)",taxation,6,0.25,False,True,False
183,75-4,35209.0625,"(16, 45)",taxation,6,0.25,False,True,False
183,74-4,43067.0,"(9, 43)",taxation,6,0.25,False,True,False
183,191-3,56316.5625,"(18, 34)",taxation,6,0.25,False,True,False
183,240-4,12913.3125,"(17, 43)",taxation,6,0.25,False,True,False
183,20-3,46723.75,"(21, 31)",taxation,6,0.25,False,True,False
183,159-3,39476.375,"(8, 48)",taxation,6,0.25,False,True,False
183,158-4,35822.0625,"(16, 33)",taxation,6,0.25,False,True,False
183,66-3,53945.8125,"(42, 23)",taxation,6,0.25,False,True,False
183,170-4,34079.734375,"(44, 18)",taxation,6,0.25,False,True,False
183,146-4,15365.3125,"(40, 23)",taxation,6,0.25,False,True,False
183,208-4,39450.703125,"(10, 41)",taxation,6,0.25,False,True,False
183,219-4,43058.3125,"(4, 40)",taxation,6,0.25,False,True,False
183,140-4,875.0625,"(24, 40)",taxation,6,0.25,False,True,False
183,210-3,58756.5625,"(9, 46)",taxation,6,0.25,False,True,False
183,198-4,35251.71875,"(43, 12)",taxation,6,0.25,False,True,False
183,246-4,37063.3125,"(18, 40)",taxation,6,0.25,False,True,False
183,187-4,20142.1875,"(39, 22)",taxation,6,0.25,False,True,False
183,179-4,32259.53125,"(26, 15)",taxation,6,0.25,False,True,False
183,23-4,40012.5,"(20, 31)",taxation,6,0.25,False,True,False
183,31-4,44266.46875,"(10, 44)",taxation,6,0.25,False,True,False
183,150-3,41842.4375,"(28, 4)",taxation,6,0.25,False,True,False
183,12-3,46703.8125,"(34, 9)",taxation,6,0.25,False,True,False
183,98-4,20187.0625,"(8, 46)",taxation,6,0.25,False,True,False
183,126-3,49118.0625,"(41, 16)",taxation,6,0.25,False,True,False
183,176-4,867.1875,"(6, 38)",taxation,6,0.25,False,True,False
183,28-4,34009.203125,"(18, 29)",taxation,6,0.25,False,True,False
183,154-4,17713.3125,"(18, 47)",taxation,6,0.25,False,True,False
183,40-4,40646.3125,"(9, 42)",taxation,6,0.25,False,True,False
183,1-4,28620.140625,"(10, 48)",taxation,6,0.25,False,True,False
183,76-4,37035.921875000015,"(47, 22)",taxation,6,0.25,False,True,False
183,67-3,37067.5625,"(19, 36)",taxation,6,0.25,False,True,False
183,182-4,38787.890625,"(26, 13)",taxation,6,0.25,False,True,False
183,241-4,35195.21875,"(24, 15)",taxation,6,0.25,False,True,False
183,149-4,33444.5625,"(8, 43)",taxation,6,0.25,False,True,False
183,17-4,40663.03125,"(9, 47)",taxation,6,0.25,False,True,False
183,0-4,26177.828125,"(35, 6)",taxation,6,0.25,False,True,False
183,22-4,42429.8125,"(27, 15)",taxation,6,0.25,False,True,False
183,10-4,38833.390625,"(43, 18)",taxation,6,0.25,False,True,False
183,242-4,17150.953125,"(44, 19)",taxation,6,0.25,False,True,False
183,142-4,24338.859375,"(34, 5)",taxation,6,0.25,False,True,False
183,189-4,33448.84375,"(42, 22)",taxation,6,0.25,False,True,False
183,63-4,35164.171875,"(33, 10)",taxation,6,0.25,False,True,False
183,165-4,44176.1875,"(20, 27)",taxation,6,0.25,False,True,False
183,94-4,12901.125,"(30, 14)",taxation,6,0.25,False,True,False
183,206-4,37585.328125,"(15, 32)",taxation,6,0.25,False,True,False
183,172-4,40591.484375,"(11, 39)",taxation,6,0.25,False,True,False
183,144-4,37040.90625,"(11, 48)",taxation,6,0.25,False,True,False
183,111-4,40580.515625,"(11, 42)",taxation,6,0.25,False,True,False
183,83-4,40593.671875,"(28, 14)",taxation,6,0.25,False,True,False
183,249-4,38843.5625,"(32, 1)",taxation,6,0.25,False,True,False
183,51-4,38810.40625,"(40, 18)",taxation,6,0.25,False,True,False
183,180-4,36994.265625,"(8, 39)",taxation,6,0.25,False,True,False
183,148-4,29743.953125,"(33, 3)",taxation,6,0.25,False,True,False
183,16-4,42417.34375,"(10, 36)",taxation,6,0.25,False,True,False
183,134-4,36984.25,"(29, 14)",taxation,6,0.25,False,True,False
183,73-4,38775.265625,"(16, 37)",taxation,6,0.25,False,True,False
183,54-4,36975.140625,"(21, 8)",taxation,6,0.25,False,True,False
183,38-4,38780.59375,"(29, 15)",taxation,6,0.25,False,True,False
183,6-4,42407.625,"(8, 31)",taxation,6,0.25,False,True,False
183,156-4,27915.96875,"(16, 47)",taxation,6,0.25,False,True,False
183,95-4,42417.65625,"(46, 16)",taxation,6,0.25,False,True,False
183,42-4,27994.21875,"(9, 45)",taxation,6,0.25,False,True,False
183,168-4,40600.15625,"(31, 8)",taxation,6,0.25,False,True,False
183,183-4,26127.796875,"(47, 25)",taxation,6,0.25,False,True,False
183,53-4,24319.765625,"(47, 20)",taxation,6,0.25,False,True,False
183,106-4,35169.859375,"(16, 36)",taxation,6,0.25,False,True,False
183,133-4,33387.1875,"(32, 6)",taxation,6,0.25,False,True,False
183,25-4,33363.6875,"(10, 43)",taxation,6,0.25,False,True,False
183,56-4,36994.171875,"(41, 22)",taxation,6,0.25,False,True,False
183,234-4,38730.34375,"(11, 31)",taxation,6,0.25,False,True,False
183,71-4,40602.203125,"(45, 22)",taxation,6,0.25,False,True,False
183,162-4,38757.15625,"(27, 17)",taxation,6,0.25,False,True,False
183,45-4,38759.109375,"(27, 16)",taxation,6,0.25,False,True,False
183,212-4,38823.609375,"(37, 23)",taxation,6,0.25,False,True,False
184,225-3,51724.5625,"(22, 32)",taxation,6,0.25,False,True,False
184,4-3,37240.6875,"(22, 28)",taxation,6,0.25,False,True,False
184,91-3,54146.0625,"(30, 16)",taxation,6,0.25,False,True,False
184,226-3,49273.0625,"(27, 19)",taxation,6,0.25,False,True,False
184,205-3,25216.8125,"(44, 13)",taxation,6,0.25,False,True,False
184,231-3,32429.8125,"(38, 13)",taxation,6,0.25,False,True,False
184,137-3,44472.375,"(17, 35)",taxation,6,0.25,False,True,False
184,214-3,32385.25,"(30, 11)",taxation,6,0.25,False,True,False
184,21-3,46865.6875,"(0, 45)",taxation,6,0.25,False,True,False
184,201-3,34804.9375,"(39, 15)",taxation,6,0.25,False,True,False
184,169-3,39647.25,"(37, 10)",taxation,6,0.25,False,True,False
184,125-3,54088.5,"(37, 15)",taxation,6,0.25,False,True,False
184,122-3,42043.6875,"(3, 47)",taxation,6,0.25,False,True,False
184,141-3,39669.375,"(43, 24)",taxation,6,0.25,False,True,False
184,145-3,51690.0,"(35, 2)",taxation,6,0.25,False,True,False
184,209-3,56552.625,"(6, 49)",taxation,6,0.25,False,True,False
184,247-3,44456.75,"(41, 18)",taxation,6,0.25,False,True,False
184,203-3,58907.6875,"(11, 29)",taxation,6,0.25,False,True,False
184,50-3,56493.125,"(6, 47)",taxation,6,0.25,False,True,False
184,78-3,46889.6875,"(5, 47)",taxation,6,0.25,False,True,False
184,147-3,49288.5625,"(36, 21)",taxation,6,0.25,False,True,False
184,193-3,44458.125,"(13, 47)",taxation,6,0.25,False,True,False
184,5-3,22736.625,"(18, 44)",taxation,6,0.25,False,True,False
184,175-3,42020.375,"(2, 47)",taxation,6,0.25,False,True,False
184,196-3,34791.0,"(0, 46)",taxation,6,0.25,False,True,False
184,112-3,54080.625,"(23, 32)",taxation,6,0.25,False,True,False
184,113-3,51659.0625,"(1, 44)",taxation,6,0.25,False,True,False
184,55-3,54089.9375,"(38, 18)",taxation,6,0.25,False,True,False
184,33-3,39602.9375,"(36, 20)",taxation,6,0.25,False,True,False
184,68-3,42044.3125,"(21, 26)",taxation,6,0.25,False,True,False
184,161-3,42030.5,"(39, 10)",taxation,6,0.25,False,True,False
184,100-3,49302.5625,"(37, 20)",taxation,6,0.25,False,True,False
184,155-3,51693.4375,"(35, 14)",taxation,6,0.25,False,True,False
184,41-3,54115.0,"(36, 8)",taxation,6,0.25,False,True,False
184,115-3,54083.3125,"(4, 44)",taxation,6,0.25,False,True,False
184,207-3,39630.8125,"(40, 12)",taxation,6,0.25,False,True,False
184,120-3,56481.5,"(34, 14)",taxation,6,0.25,False,True,False
184,11-3,39611.1875,"(35, 9)",taxation,6,0.25,False,True,False
184,102-3,34768.125,"(7, 47)",taxation,6,0.25,False,True,False
184,130-3,54051.125,"(3, 43)",taxation,6,0.25,False,True,False
184,103-3,49251.875,"(15, 34)",taxation,6,0.25,False,True,False
184,202-3,56500.5,"(12, 44)",taxation,6,0.25,False,True,False
184,164-3,51692.4375,"(36, 17)",taxation,6,0.25,False,True,False
184,2-3,49282.8125,"(6, 41)",taxation,6,0.25,False,True,False
184,186-3,46907.1875,"(45, 13)",taxation,6,0.25,False,True,False
184,85-3,44434.75,"(7, 33)",taxation,6,0.25,False,True,False
184,64-3,49211.0,"(30, 17)",taxation,6,0.25,False,True,False
184,188-3,49235.125,"(20, 29)",taxation,6,0.25,False,True,False
184,32-3,54056.8125,"(36, 15)",taxation,6,0.25,False,True,False
184,57-3,44406.6875,"(49, 22)",taxation,6,0.25,False,True,False
184,132-3,54101.3125,"(35, 17)",taxation,6,0.25,False,True,False
184,163-3,58877.5,"(40, 17)",taxation,6,0.25,False,True,False
184,19-3,51686.0,"(16, 35)",taxation,6,0.25,False,True,False
184,107-3,54020.875,"(4, 49)",taxation,6,0.25,False,True,False
184,221-3,46812.625,"(38, 17)",taxation,6,0.25,False,True,False
184,96-3,56467.375,"(12, 34)",taxation,6,0.25,False,True,False
184,92-3,54052.25,"(39, 16)",taxation,6,0.25,False,True,False
184,116-3,54095.125,"(37, 19)",taxation,6,0.25,False,True,False
184,13-3,46835.6875,"(40, 19)",taxation,6,0.25,False,True,False
184,174-3,54078.125,"(16, 34)",taxation,6,0.25,False,True,False
184,69-3,54015.875,"(36, 6)",taxation,6,0.25,False,True,False
184,184-3,49178.9375,"(1, 45)",taxation,6,0.25,False,True,False
184,237-3,39571.3125,"(22, 27)",taxation,6,0.25,False,True,False
184,90-3,44395.875,"(2, 45)",taxation,6,0.25,False,True,False
184,18-3,56479.3125,"(45, 15)",taxation,6,0.25,False,True,False
184,121-3,49235.0,"(5, 37)",taxation,6,0.25,False,True,False
184,30-3,56497.9375,"(43, 14)",taxation,6,0.25,False,True,False
184,97-3,39568.3125,"(3, 48)",taxation,6,0.25,False,True,False
184,229-3,54068.6875,"(11, 43)",taxation,6,0.25,False,True,False
184,27-3,44377.0625,"(33, 16)",taxation,6,0.25,False,True,False
184,117-3,44393.625,"(19, 33)",taxation,6,0.25,False,True,False
184,80-3,54033.625,"(9, 33)",taxation,6,0.25,False,True,False
184,166-3,46789.4375,"(6, 43)",taxation,6,0.25,False,True,False
184,86-3,49237.5,"(23, 23)",taxation,6,0.25,False,True,False
184,160-3,44380.75,"(3, 38)",taxation,6,0.25,False,True,False
184,233-3,46804.4375,"(5, 34)",taxation,6,0.25,False,True,False
184,235-3,49204.9375,"(34, 2)",taxation,6,0.25,False,True,False
184,48-3,51579.5,"(2, 48)",taxation,6,0.25,False,True,False
184,88-3,49226.0,"(38, 15)",taxation,6,0.25,False,True,False
184,52-3,37183.4375,"(33, 14)",taxation,6,0.25,False,True,False
184,58-3,51612.875,"(42, 12)",taxation,6,0.25,False,True,False
184,248-3,49231.1875,"(39, 13)",taxation,6,0.25,False,True,False
184,108-3,27515.6875,"(38, 14)",taxation,6,0.25,False,True,False
184,82-3,51631.125,"(35, 13)",taxation,6,0.25,False,True,False
184,236-3,49228.9375,"(37, 7)",taxation,6,0.25,False,True,False
184,104-3,46842.125,"(42, 16)",taxation,6,0.25,False,True,False
184,152-3,51603.1875,"(1, 46)",taxation,6,0.25,False,True,False
184,109-3,49224.875,"(40, 6)",taxation,6,0.25,False,True,False
184,72-3,56434.875,"(9, 34)",taxation,6,0.25,False,True,False
184,127-3,51600.5,"(26, 20)",taxation,6,0.25,False,True,False
184,61-3,58871.1875,"(39, 12)",taxation,6,0.25,False,True,False
184,232-3,29851.6875,"(9, 37)",taxation,6,0.25,False,True,False
184,65-3,56421.9375,"(34, 18)",taxation,6,0.25,False,True,False
184,124-3,46765.1875,"(6, 34)",taxation,6,0.25,False,True,False
184,62-3,49199.125,"(2, 44)",taxation,6,0.25,False,True,False
184,59-3,44397.9375,"(40, 21)",taxation,6,0.25,False,True,False
184,89-3,51621.0625,"(38, 26)",taxation,6,0.25,False,True,False
184,26-3,39566.5625,"(1, 47)",taxation,6,0.25,False,True,False
184,14-3,13041.875,"(33, 15)",taxation,6,0.25,False,True,False
184,194-3,44373.625,"(35, 18)",taxation,6,0.25,False,True,False
184,37-3,51630.0625,"(34, 20)",taxation,6,0.25,False,True,False
184,36-3,37140.4375,"(4, 45)",taxation,6,0.25,False,True,False
184,7-3,37166.375,"(46, 13)",taxation,6,0.25,False,True,False
184,47-3,34697.3125,"(17, 46)",taxation,6,0.25,False,True,False
184,223-3,34736.5,"(38, 16)",taxation,6,0.25,False,True,False
184,129-3,46803.5,"(2, 43)",taxation,6,0.25,False,True,False
184,77-3,41949.125,"(38, 11)",taxation,6,0.25,False,True,False
184,43-3,49178.8125,"(28, 19)",taxation,6,0.25,False,True,False
184,128-3,54052.25,"(36, 12)",taxation,6,0.25,False,True,False
184,79-3,46772.1875,"(12, 32)",taxation,6,0.25,False,True,False
184,199-3,56384.25,"(23, 28)",taxation,6,0.25,False,True,False
184,136-3,39541.375,"(5, 48)",taxation,6,0.25,False,True,False
184,99-3,46764.9375,"(3, 49)",taxation,6,0.25,False,True,False
184,84-3,49188.625,"(22, 26)",taxation,6,0.25,False,True,False
184,123-3,56414.5625,"(8, 49)",taxation,6,0.25,False,True,False
184,119-3,49162.75,"(24, 8)",taxation,6,0.25,False,True,False
184,46-3,34692.5,"(32, 14)",taxation,6,0.25,False,True,False
184,190-3,49165.0625,"(9, 41)",taxation,6,0.25,False,True,False
184,215-3,54050.625,"(42, 14)",taxation,6,0.25,False,True,False
184,220-3,54014.25,"(36, 27)",taxation,6,0.25,False,True,False
184,157-3,46765.1875,"(4, 46)",taxation,6,0.25,False,True,False
184,245-3,53973.0625,"(36, 13)",taxation,6,0.25,False,True,False
184,195-3,22641.9375,"(24, 29)",taxation,6,0.25,False,True,False
184,15-3,44364.0625,"(5, 39)",taxation,6,0.25,False,True,False
184,224-3,41924.3125,"(23, 33)",taxation,6,0.25,False,True,False
184,87-3,49162.625,"(36, 11)",taxation,6,0.25,False,True,False
184,135-3,49149.0625,"(13, 45)",taxation,6,0.25,False,True,False
184,8-3,49182.25,"(44, 21)",taxation,6,0.25,False,True,False
184,227-3,53998.375,"(44, 12)",taxation,6,0.25,False,True,False
184,178-3,53989.1875,"(13, 46)",taxation,6,0.25,False,True,False
184,114-3,56413.3125,"(32, 15)",taxation,6,0.25,False,True,False
184,118-3,53944.625,"(36, 14)",taxation,6,0.25,False,True,False
184,244-3,56396.875,"(35, 4)",taxation,6,0.25,False,True,False
184,34-3,44319.5,"(31, 14)",taxation,6,0.25,False,True,False
184,60-3,51571.4375,"(2, 46)",taxation,6,0.25,False,True,False
184,218-3,56408.125,"(3, 46)",taxation,6,0.25,False,True,False
184,49-3,46760.875,"(35, 7)",taxation,6,0.25,False,True,False
184,185-3,49204.125,"(35, 22)",taxation,6,0.25,False,True,False
184,228-4,29217.9375,"(11, 40)",taxation,6,0.25,False,True,False
184,24-3,39566.125,"(43, 15)",taxation,6,0.25,False,True,False
184,9-3,41951.9375,"(42, 11)",taxation,6,0.25,False,True,False
184,39-3,34663.625,"(7, 49)",taxation,6,0.25,False,True,False
184,151-3,39485.1875,"(37, 13)",taxation,6,0.25,False,True,False
184,29-3,49177.9375,"(42, 15)",taxation,6,0.25,False,True,False
184,230-3,39509.0,"(13, 28)",taxation,6,0.25,False,True,False
184,131-3,49148.75,"(26, 19)",taxation,6,0.25,False,True,False
184,81-3,46772.6875,"(37, 21)",taxation,6,0.25,False,True,False
184,222-3,49139.125,"(35, 8)",taxation,6,0.25,False,True,False
184,171-3,49129.375,"(6, 33)",taxation,6,0.25,False,True,False
184,200-3,46742.5,"(34, 19)",taxation,6,0.25,False,True,False
184,238-3,49153.5,"(41, 13)",taxation,6,0.25,False,True,False
184,153-3,25012.25,"(32, 13)",taxation,6,0.25,False,True,False
184,197-3,39501.1875,"(34, 13)",taxation,6,0.25,False,True,False
184,139-4,44338.765625,"(2, 49)",taxation,6,0.25,False,True,False
184,204-3,53948.375,"(6, 45)",taxation,6,0.25,False,True,False
184,211-3,32238.8125,"(8, 40)",taxation,6,0.25,False,True,False
184,93-3,22611.0,"(34, 12)",taxation,6,0.25,False,True,False
184,101-3,49172.5625,"(29, 17)",taxation,6,0.25,False,True,False
184,213-3,49154.625,"(37, 17)",taxation,6,0.25,False,True,False
184,70-3,51542.0,"(12, 49)",taxation,6,0.25,False,True,False
184,239-3,49158.625,"(5, 49)",taxation,6,0.25,False,True,False
184,243-3,46727.125,"(31, 17)",taxation,6,0.25,False,True,False
184,192-3,44326.25,"(39, 6)",taxation,6,0.25,False,True,False
184,143-3,49136.3125,"(35, 19)",taxation,6,0.25,False,True,False
184,35-3,49154.875,"(43, 13)",taxation,6,0.25,False,True,False
184,3-3,29810.6875,"(0, 47)",taxation,6,0.25,False,True,False
184,181-3,49127.937500000015,"(36, 10)",taxation,6,0.25,False,True,False
184,105-3,44313.625,"(40, 14)",taxation,6,0.25,False,True,False
184,177-3,49184.3125,"(36, 19)",taxation,6,0.25,False,True,False
184,167-4,38881.734375,"(33, 13)",taxation,6,0.25,False,True,False
184,173-4,10551.8125,"(22, 22)",taxation,6,0.25,False,True,False
184,44-3,32243.0,"(34, 15)",taxation,6,0.25,False,True,False
184,216-3,53944.5,"(40, 11)",taxation,6,0.25,False,True,False
184,217-3,29832.375,"(7, 46)",taxation,6,0.25,False,True,False
184,138-3,51498.8125,"(3, 45)",taxation,6,0.25,False,True,False
184,75-4,35216.0625,"(12, 45)",taxation,6,0.25,False,True,False
184,74-4,43075.0,"(5, 44)",taxation,6,0.25,False,True,False
184,191-3,56323.5625,"(17, 30)",taxation,6,0.25,False,True,False
184,240-4,12920.3125,"(12, 48)",taxation,6,0.25,False,True,False
184,20-3,46730.75,"(22, 31)",taxation,6,0.25,False,True,False
184,159-3,39485.375,"(4, 48)",taxation,6,0.25,False,True,False
184,158-4,35830.0625,"(10, 34)",taxation,6,0.25,False,True,False
184,66-3,53954.8125,"(38, 19)",taxation,6,0.25,False,True,False
184,170-4,34087.734375,"(40, 13)",taxation,6,0.25,False,True,False
184,146-4,15374.3125,"(37, 18)",taxation,6,0.25,False,True,False
184,208-4,39458.703125,"(7, 40)",taxation,6,0.25,False,True,False
184,219-4,43066.3125,"(2, 38)",taxation,6,0.25,False,True,False
184,140-4,881.0625,"(23, 38)",taxation,6,0.25,False,True,False
184,210-3,58763.5625,"(7, 45)",taxation,6,0.25,False,True,False
184,198-4,35259.71875,"(39, 11)",taxation,6,0.25,False,True,False
184,246-4,37070.3125,"(24, 34)",taxation,6,0.25,False,True,False
184,187-4,20150.1875,"(36, 18)",taxation,6,0.25,False,True,False
184,179-4,32267.53125,"(26, 18)",taxation,6,0.25,False,True,False
184,23-4,40019.5,"(21, 30)",taxation,6,0.25,False,True,False
184,31-4,44274.46875,"(5, 45)",taxation,6,0.25,False,True,False
184,150-3,41850.4375,"(34, 8)",taxation,6,0.25,False,True,False
184,12-3,46711.8125,"(36, 9)",taxation,6,0.25,False,True,False
184,98-4,20194.0625,"(5, 43)",taxation,6,0.25,False,True,False
184,126-3,49127.0625,"(40, 16)",taxation,6,0.25,False,True,False
184,176-4,876.1875,"(3, 44)",taxation,6,0.25,False,True,False
184,28-4,34017.203125,"(21, 27)",taxation,6,0.25,False,True,False
184,154-4,17720.3125,"(12, 47)",taxation,6,0.25,False,True,False
184,40-4,40653.3125,"(6, 44)",taxation,6,0.25,False,True,False
184,1-4,28628.140625,"(7, 48)",taxation,6,0.25,False,True,False
184,76-4,37043.921875000015,"(41, 19)",taxation,6,0.25,False,True,False
184,67-3,37074.5625,"(20, 36)",taxation,6,0.25,False,True,False
184,182-4,38795.890625,"(28, 18)",taxation,6,0.25,False,True,False
184,241-4,35203.21875,"(25, 18)",taxation,6,0.25,False,True,False
184,149-4,33451.5625,"(4, 43)",taxation,6,0.25,False,True,False
184,17-4,40672.03125,"(4, 47)",taxation,6,0.25,False,True,False
184,0-4,26185.828125,"(37, 9)",taxation,6,0.25,False,True,False
184,22-4,42437.8125,"(28, 17)",taxation,6,0.25,False,True,False
184,10-4,38841.390625,"(38, 12)",taxation,6,0.25,False,True,False
184,242-4,17158.953125,"(39, 14)",taxation,6,0.25,False,True,False
184,142-4,24346.859375,"(36, 7)",taxation,6,0.25,False,True,False
184,189-4,33455.84375,"(38, 21)",taxation,6,0.25,False,True,False
184,63-4,35172.171875,"(35, 12)",taxation,6,0.25,False,True,False
184,165-4,44183.1875,"(19, 28)",taxation,6,0.25,False,True,False
184,94-4,12909.125,"(31, 16)",taxation,6,0.25,False,True,False
184,206-4,37592.328125,"(14, 30)",taxation,6,0.25,False,True,False
184,172-4,40599.484375,"(9, 40)",taxation,6,0.25,False,True,False
184,144-4,37048.90625,"(6, 48)",taxation,6,0.25,False,True,False
184,111-4,40588.515625,"(11, 41)",taxation,6,0.25,False,True,False
184,83-4,40601.671875,"(31, 15)",taxation,6,0.25,False,True,False
184,249-4,38851.5625,"(38, 6)",taxation,6,0.25,False,True,False
184,51-4,38818.40625,"(37, 16)",taxation,6,0.25,False,True,False
184,180-4,37002.265625,"(6, 35)",taxation,6,0.25,False,True,False
184,148-4,29751.953125,"(39, 4)",taxation,6,0.25,False,True,False
184,16-4,42425.34375,"(8, 33)",taxation,6,0.25,False,True,False
184,134-4,36992.25,"(32, 16)",taxation,6,0.25,False,True,False
184,73-4,38782.265625,"(11, 34)",taxation,6,0.25,False,True,False
184,54-4,36982.140625,"(27, 11)",taxation,6,0.25,False,True,False
184,38-4,38788.59375,"(30, 15)",taxation,6,0.25,False,True,False
184,6-4,42415.625,"(9, 32)",taxation,6,0.25,False,True,False
184,156-4,27922.96875,"(12, 46)",taxation,6,0.25,False,True,False
184,95-4,42425.65625,"(40, 10)",taxation,6,0.25,False,True,False
184,42-4,28002.21875,"(6, 46)",taxation,6,0.25,False,True,False
184,168-4,40609.15625,"(37, 14)",taxation,6,0.25,False,True,False
184,183-4,26133.796875,"(43, 21)",taxation,6,0.25,False,True,False
184,53-4,24328.765625,"(41, 14)",taxation,6,0.25,False,True,False
184,106-4,35176.859375,"(18, 32)",taxation,6,0.25,False,True,False
184,133-4,33395.1875,"(37, 8)",taxation,6,0.25,False,True,False
184,25-4,33371.6875,"(5, 46)",taxation,6,0.25,False,True,False
184,56-4,37002.171875,"(36, 16)",taxation,6,0.25,False,True,False
184,234-4,38738.34375,"(10, 31)",taxation,6,0.25,False,True,False
184,71-4,40611.203125,"(39, 17)",taxation,6,0.25,False,True,False
184,162-4,38765.15625,"(27, 18)",taxation,6,0.25,False,True,False
184,45-4,38767.109375,"(29, 18)",taxation,6,0.25,False,True,False
184,212-4,38831.609375,"(35, 20)",taxation,6,0.25,False,True,False
184,110-4,42394.3125,"(4, 39)",taxation,6,0.25,False,True,False
185,91-3,54155.0625,"(31, 18)",taxation,6,0.25,False,True,False
185,226-3,49281.0625,"(27, 20)",taxation,6,0.25,False,True,False
185,205-3,25221.8125,"(44, 7)",taxation,6,0.25,False,True,False
185,214-3,32392.25,"(33, 5)",taxation,6,0.25,False,True,False
185,21-3,46866.6875,"(1, 41)",taxation,6,0.25,False,True,False
185,201-3,34809.9375,"(45, 14)",taxation,6,0.25,False,True,False
185,125-3,54091.5,"(41, 12)",taxation,6,0.25,False,True,False
185,122-3,42044.6875,"(3, 41)",taxation,6,0.25,False,True,False
185,141-3,39677.375,"(37, 26)",taxation,6,0.25,False,True,False
185,145-3,51698.0,"(36, 2)",taxation,6,0.25,False,True,False
185,209-3,56553.625,"(9, 48)",taxation,6,0.25,False,True,False
185,247-3,44463.75,"(39, 24)",taxation,6,0.25,False,True,False
185,203-3,58915.6875,"(11, 27)",taxation,6,0.25,False,True,False
185,50-3,56495.125,"(12, 42)",taxation,6,0.25,False,True,False
185,78-3,46890.6875,"(8, 45)",taxation,6,0.25,False,True,False
185,147-3,49297.5625,"(33, 17)",taxation,6,0.25,False,True,False
185,193-3,44462.125,"(18, 41)",taxation,6,0.25,False,True,False
185,5-3,22742.625,"(20, 41)",taxation,6,0.25,False,True,False
185,175-3,42029.375,"(0, 44)",taxation,6,0.25,False,True,False
185,196-3,34793.0,"(0, 40)",taxation,6,0.25,False,True,False
185,112-3,54088.625,"(26, 29)",taxation,6,0.25,False,True,False
185,113-3,51669.0625,"(0, 48)",taxation,6,0.25,False,True,False
185,55-3,54096.9375,"(36, 24)",taxation,6,0.25,False,True,False
185,33-3,39610.9375,"(35, 23)",taxation,6,0.25,False,True,False
185,68-3,42052.3125,"(21, 25)",taxation,6,0.25,False,True,False
185,161-3,42038.5,"(39, 5)",taxation,6,0.25,False,True,False
185,100-3,49310.5625,"(34, 24)",taxation,6,0.25,False,True,False
185,155-3,51697.4375,"(39, 8)",taxation,6,0.25,False,True,False
185,41-3,54123.0,"(36, 5)",taxation,6,0.25,False,True,False
185,115-3,54085.3125,"(7, 39)",taxation,6,0.25,False,True,False
185,207-3,39638.8125,"(42, 6)",taxation,6,0.25,False,True,False
185,120-3,56489.5,"(29, 20)",taxation,6,0.25,False,True,False
185,11-3,39619.1875,"(38, 3)",taxation,6,0.25,False,True,False
185,102-3,34770.125,"(13, 43)",taxation,6,0.25,False,True,False
185,130-3,54059.125,"(1, 37)",taxation,6,0.25,False,True,False
185,103-3,49258.875,"(19, 35)",taxation,6,0.25,False,True,False
185,202-3,56504.5,"(17, 40)",taxation,6,0.25,False,True,False
185,164-3,51700.4375,"(32, 18)",taxation,6,0.25,False,True,False
185,2-3,49289.8125,"(0, 36)",taxation,6,0.25,False,True,False
185,186-3,46912.1875,"(46, 7)",taxation,6,0.25,False,True,False
185,85-3,44441.75,"(2, 32)",taxation,6,0.25,False,True,False
185,64-3,49219.0,"(29, 22)",taxation,6,0.25,False,True,False
185,188-3,49243.125,"(22, 24)",taxation,6,0.25,False,True,False
185,32-3,54064.8125,"(34, 21)",taxation,6,0.25,False,True,False
185,57-3,44411.6875,"(47, 26)",taxation,6,0.25,False,True,False
185,132-3,54109.3125,"(30, 22)",taxation,6,0.25,False,True,False
185,163-3,58880.5,"(44, 15)",taxation,6,0.25,False,True,False
185,19-3,51693.0,"(17, 33)",taxation,6,0.25,False,True,False
185,107-3,54021.875,"(8, 46)",taxation,6,0.25,False,True,False
185,221-3,46815.625,"(41, 11)",taxation,6,0.25,False,True,False
185,96-3,56475.375,"(11, 28)",taxation,6,0.25,False,True,False
185,92-3,54060.25,"(33, 21)",taxation,6,0.25,False,True,False
185,116-3,54103.125,"(33, 22)",taxation,6,0.25,False,True,False
185,13-3,46843.6875,"(34, 23)",taxation,6,0.25,False,True,False
185,174-3,54085.125,"(16, 28)",taxation,6,0.25,False,True,False
185,69-3,54024.875,"(40, 8)",taxation,6,0.25,False,True,False
185,184-3,49188.9375,"(1, 49)",taxation,6,0.25,False,True,False
185,237-3,39579.3125,"(20, 22)",taxation,6,0.25,False,True,False
185,90-3,44404.875,"(1, 43)",taxation,6,0.25,False,True,False
185,18-3,56483.3125,"(47, 15)",taxation,6,0.25,False,True,False
185,121-3,49243.0,"(0, 33)",taxation,6,0.25,False,True,False
185,30-3,56501.9375,"(46, 14)",taxation,6,0.25,False,True,False
185,97-3,39569.3125,"(7, 44)",taxation,6,0.25,False,True,False
185,229-3,54071.6875,"(15, 40)",taxation,6,0.25,False,True,False
185,27-3,44385.0625,"(31, 20)",taxation,6,0.25,False,True,False
185,117-3,44400.625,"(21, 29)",taxation,6,0.25,False,True,False
185,80-3,54041.625,"(4, 33)",taxation,6,0.25,False,True,False
185,166-3,46791.4375,"(9, 39)",taxation,6,0.25,False,True,False
185,86-3,49245.5,"(23, 22)",taxation,6,0.25,False,True,False
185,160-3,44388.75,"(2, 33)",taxation,6,0.25,False,True,False
185,233-3,46812.4375,"(2, 34)",taxation,6,0.25,False,True,False
185,235-3,49212.9375,"(36, 3)",taxation,6,0.25,False,True,False
185,48-3,51580.5,"(4, 42)",taxation,6,0.25,False,True,False
185,88-3,49234.0,"(33, 18)",taxation,6,0.25,False,True,False
185,52-3,37185.4375,"(28, 12)",taxation,6,0.25,False,True,False
185,58-3,51618.875,"(44, 6)",taxation,6,0.25,False,True,False
185,248-3,49235.1875,"(43, 9)",taxation,6,0.25,False,True,False
185,108-3,27523.6875,"(33, 19)",taxation,6,0.25,False,True,False
185,82-3,51640.125,"(35, 15)",taxation,6,0.25,False,True,False
185,236-3,49237.9375,"(38, 9)",taxation,6,0.25,False,True,False
185,104-3,46850.125,"(39, 18)",taxation,6,0.25,False,True,False
185,152-3,51610.1875,"(5, 42)",taxation,6,0.25,False,True,False
185,109-3,49232.875,"(40, 3)",taxation,6,0.25,False,True,False
185,72-3,56442.875,"(3, 33)",taxation,6,0.25,False,True,False
185,127-3,51608.5,"(25, 20)",taxation,6,0.25,False,True,False
185,61-3,58880.1875,"(42, 8)",taxation,6,0.25,False,True,False
185,232-3,29856.6875,"(6, 36)",taxation,6,0.25,False,True,False
185,65-3,56429.9375,"(32, 24)",taxation,6,0.25,False,True,False
185,124-3,46773.1875,"(0, 32)",taxation,6,0.25,False,True,False
185,62-3,49207.125,"(0, 42)",taxation,6,0.25,False,True,False
185,59-3,44405.9375,"(34, 25)",taxation,6,0.25,False,True,False
185,89-3,51628.0625,"(37, 25)",taxation,6,0.25,False,True,False
185,26-3,39567.5625,"(2, 41)",taxation,6,0.25,False,True,False
185,14-3,13043.875,"(29, 11)",taxation,6,0.25,False,True,False
185,194-3,44381.625,"(32, 21)",taxation,6,0.25,False,True,False
185,37-3,51638.0625,"(30, 23)",taxation,6,0.25,False,True,False
185,36-3,37142.4375,"(2, 39)",taxation,6,0.25,False,True,False
185,7-3,37171.375,"(47, 8)",taxation,6,0.25,False,True,False
185,47-3,34703.3125,"(19, 40)",taxation,6,0.25,False,True,False
185,223-3,34739.5,"(42, 13)",taxation,6,0.25,False,True,False
185,129-3,46805.5,"(2, 37)",taxation,6,0.25,False,True,False
185,77-3,41957.125,"(41, 6)",taxation,6,0.25,False,True,False
185,43-3,49187.8125,"(30, 18)",taxation,6,0.25,False,True,False
185,128-3,54055.25,"(39, 9)",taxation,6,0.25,False,True,False
185,79-3,46778.1875,"(16, 32)",taxation,6,0.25,False,True,False
185,199-3,56392.25,"(23, 27)",taxation,6,0.25,False,True,False
185,136-3,39542.375,"(9, 46)",taxation,6,0.25,False,True,False
185,99-3,46765.9375,"(9, 47)",taxation,6,0.25,False,True,False
185,84-3,49196.625,"(22, 25)",taxation,6,0.25,False,True,False
185,123-3,56416.5625,"(14, 49)",taxation,6,0.25,False,True,False
185,119-3,49169.75,"(23, 12)",taxation,6,0.25,False,True,False
185,46-3,34695.5,"(26, 8)",taxation,6,0.25,False,True,False
185,190-3,49173.0625,"(3, 42)",taxation,6,0.25,False,True,False
185,215-3,54056.625,"(46, 8)",taxation,6,0.25,False,True,False
185,220-3,54022.25,"(36, 26)",taxation,6,0.25,False,True,False
185,157-3,46766.1875,"(7, 43)",taxation,6,0.25,False,True,False
185,245-3,53978.0625,"(39, 7)",taxation,6,0.25,False,True,False
185,195-3,22649.9375,"(23, 26)",taxation,6,0.25,False,True,False
185,15-3,44373.0625,"(0, 38)",taxation,6,0.25,False,True,False
185,224-3,41932.3125,"(24, 33)",taxation,6,0.25,False,True,False
185,87-3,49170.625,"(38, 5)",taxation,6,0.25,False,True,False
185,135-3,49156.0625,"(18, 46)",taxation,6,0.25,False,True,False
185,8-3,49189.25,"(39, 25)",taxation,6,0.25,False,True,False
185,227-3,54005.375,"(43, 6)",taxation,6,0.25,False,True,False
185,178-3,53996.1875,"(17, 48)",taxation,6,0.25,False,True,False
185,114-3,56421.3125,"(31, 21)",taxation,6,0.25,False,True,False
185,118-3,53947.625,"(41, 15)",taxation,6,0.25,False,True,False
185,244-3,56404.875,"(35, 3)",taxation,6,0.25,False,True,False
185,34-3,44326.5,"(26, 17)",taxation,6,0.25,False,True,False
185,60-3,51572.4375,"(2, 42)",taxation,6,0.25,False,True,False
185,218-3,56417.125,"(0, 43)",taxation,6,0.25,False,True,False
185,49-3,46769.875,"(38, 10)",taxation,6,0.25,False,True,False
185,185-3,49212.125,"(34, 22)",taxation,6,0.25,False,True,False
185,228-4,29224.9375,"(10, 37)",taxation,6,0.25,False,True,False
185,24-3,39575.125,"(40, 9)",taxation,6,0.25,False,True,False
185,9-3,41958.9375,"(46, 5)",taxation,6,0.25,False,True,False
185,39-3,34664.625,"(9, 49)",taxation,6,0.25,False,True,False
185,151-3,39491.1875,"(43, 7)",taxation,6,0.25,False,True,False
185,29-3,49185.9375,"(46, 10)",taxation,6,0.25,False,True,False
185,230-3,39517.0,"(13, 27)",taxation,6,0.25,False,True,False
185,131-3,49156.75,"(24, 19)",taxation,6,0.25,False,True,False
185,81-3,46780.6875,"(33, 26)",taxation,6,0.25,False,True,False
185,222-3,49147.125,"(38, 4)",taxation,6,0.25,False,True,False
185,171-3,49136.375,"(3, 32)",taxation,6,0.25,False,True,False
185,200-3,46751.5,"(32, 19)",taxation,6,0.25,False,True,False
185,238-3,49158.5,"(45, 7)",taxation,6,0.25,False,True,False
185,153-3,25020.25,"(29, 19)",taxation,6,0.25,False,True,False
185,197-3,39503.1875,"(33, 8)",taxation,6,0.25,False,True,False
185,139-4,44339.765625,"(8, 47)",taxation,6,0.25,False,True,False
185,204-3,53950.375,"(5, 40)",taxation,6,0.25,False,True,False
185,211-3,32246.8125,"(3, 37)",taxation,6,0.25,False,True,False
185,93-3,22619.0,"(31, 11)",taxation,6,0.25,False,True,False
185,101-3,49181.5625,"(32, 17)",taxation,6,0.25,False,True,False
185,213-3,49162.625,"(32, 22)",taxation,6,0.25,False,True,False
185,70-3,51549.0,"(18, 49)",taxation,6,0.25,False,True,False
185,239-3,49159.625,"(8, 48)",taxation,6,0.25,False,True,False
185,243-3,46735.125,"(30, 19)",taxation,6,0.25,False,True,False
185,192-3,44334.25,"(40, 4)",taxation,6,0.25,False,True,False
185,143-3,49144.3125,"(31, 23)",taxation,6,0.25,False,True,False
185,35-3,49159.875,"(43, 8)",taxation,6,0.25,False,True,False
185,3-3,29811.6875,"(0, 41)",taxation,6,0.25,False,True,False
185,181-3,49135.937500000015,"(38, 7)",taxation,6,0.25,False,True,False
185,105-3,44317.625,"(41, 9)",taxation,6,0.25,False,True,False
185,177-3,49192.3125,"(32, 23)",taxation,6,0.25,False,True,False
185,167-4,38884.734375,"(38, 8)",taxation,6,0.25,False,True,False
185,173-4,10559.8125,"(23, 21)",taxation,6,0.25,False,True,False
185,44-3,32252.0,"(37, 11)",taxation,6,0.25,False,True,False
185,216-3,53951.5,"(43, 5)",taxation,6,0.25,False,True,False
185,217-3,29834.375,"(13, 44)",taxation,6,0.25,False,True,False
185,138-3,51508.8125,"(0, 49)",taxation,6,0.25,False,True,False
185,75-4,35219.0625,"(16, 42)",taxation,6,0.25,False,True,False
185,74-4,43077.0,"(2, 40)",taxation,6,0.25,False,True,False
185,191-3,56331.5625,"(14, 26)",taxation,6,0.25,False,True,False
185,240-4,12923.3125,"(18, 45)",taxation,6,0.25,False,True,False
185,20-3,46737.75,"(22, 30)",taxation,6,0.25,False,True,False
185,159-3,39491.375,"(6, 42)",taxation,6,0.25,False,True,False
185,158-4,35838.0625,"(4, 34)",taxation,6,0.25,False,True,False
185,66-3,53962.8125,"(36, 25)",taxation,6,0.25,False,True,False
185,170-4,34095.734375,"(40, 7)",taxation,6,0.25,False,True,False
185,146-4,15383.3125,"(35, 16)",taxation,6,0.25,False,True,False
185,208-4,39467.703125,"(1, 38)",taxation,6,0.25,False,True,False
185,219-4,43074.3125,"(1, 36)",taxation,6,0.25,False,True,False
185,140-4,888.0625,"(22, 37)",taxation,6,0.25,False,True,False
185,210-3,58765.5625,"(10, 40)",taxation,6,0.25,False,True,False
185,198-4,35267.71875,"(42, 7)",taxation,6,0.25,False,True,False
185,246-4,37078.3125,"(25, 28)",taxation,6,0.25,False,True,False
185,187-4,20159.1875,"(34, 17)",taxation,6,0.25,False,True,False
185,179-4,32275.53125,"(25, 19)",taxation,6,0.25,False,True,False
185,23-4,40027.5,"(20, 24)",taxation,6,0.25,False,True,False
185,31-4,44275.46875,"(8, 44)",taxation,6,0.25,False,True,False
185,150-3,41858.4375,"(35, 5)",taxation,6,0.25,False,True,False
185,12-3,46719.8125,"(37, 5)",taxation,6,0.25,False,True,False
185,98-4,20196.0625,"(8, 38)",taxation,6,0.25,False,True,False
185,126-3,49131.0625,"(44, 14)",taxation,6,0.25,False,True,False
185,176-4,878.1875,"(9, 38)",taxation,6,0.25,False,True,False
185,28-4,34025.203125,"(24, 23)",taxation,6,0.25,False,True,False
185,154-4,17723.3125,"(17, 45)",taxation,6,0.25,False,True,False
185,40-4,40655.3125,"(3, 40)",taxation,6,0.25,False,True,False
185,1-4,28630.140625,"(13, 42)",taxation,6,0.25,False,True,False
185,76-4,37050.921875000015,"(38, 25)",taxation,6,0.25,False,True,False
185,67-3,37081.5625,"(24, 32)",taxation,6,0.25,False,True,False
185,182-4,38803.890625,"(28, 21)",taxation,6,0.25,False,True,False
185,241-4,35211.21875,"(24, 18)",taxation,6,0.25,False,True,False
185,149-4,33453.5625,"(4, 37)",taxation,6,0.25,False,True,False
185,17-4,40681.03125,"(1, 42)",taxation,6,0.25,False,True,False
185,0-4,26193.828125,"(37, 3)",taxation,6,0.25,False,True,False
185,22-4,42445.8125,"(28, 20)",taxation,6,0.25,False,True,False
185,10-4,38845.390625,"(44, 9)",taxation,6,0.25,False,True,False
185,242-4,17162.953125,"(42, 9)",taxation,6,0.25,False,True,False
185,142-4,24354.859375,"(36, 4)",taxation,6,0.25,False,True,False
185,189-4,33463.84375,"(36, 23)",taxation,6,0.25,False,True,False
185,63-4,35180.171875,"(37, 6)",taxation,6,0.25,False,True,False
185,165-4,44191.1875,"(20, 25)",taxation,6,0.25,False,True,False
185,94-4,12917.125,"(30, 21)",taxation,6,0.25,False,True,False
185,206-4,37600.328125,"(12, 27)",taxation,6,0.25,False,True,False
185,172-4,40605.484375,"(5, 36)",taxation,6,0.25,False,True,False
185,144-4,37049.90625,"(10, 48)",taxation,6,0.25,False,True,False
185,111-4,40592.515625,"(17, 38)",taxation,6,0.25,False,True,False
185,83-4,40609.671875,"(31, 19)",taxation,6,0.25,False,True,False
185,249-4,38860.5625,"(41, 7)",taxation,6,0.25,False,True,False
185,51-4,38826.40625,"(31, 22)",taxation,6,0.25,False,True,False
185,180-4,37009.265625,"(2, 36)",taxation,6,0.25,False,True,False
185,148-4,29759.953125,"(39, 3)",taxation,6,0.25,False,True,False
185,16-4,42433.34375,"(4, 32)",taxation,6,0.25,False,True,False
185,134-4,37001.25,"(34, 16)",taxation,6,0.25,False,True,False
185,73-4,38789.265625,"(5, 29)",taxation,6,0.25,False,True,False
185,54-4,36990.140625,"(24, 16)",taxation,6,0.25,False,True,False
185,38-4,38796.59375,"(30, 20)",taxation,6,0.25,False,True,False
185,6-4,42423.625,"(10, 27)",taxation,6,0.25,False,True,False
185,156-4,27929.96875,"(18, 48)",taxation,6,0.25,False,True,False
185,95-4,42433.65625,"(41, 4)",taxation,6,0.25,False,True,False
185,42-4,28004.21875,"(1, 40)",taxation,6,0.25,False,True,False
185,168-4,40617.15625,"(32, 20)",taxation,6,0.25,False,True,False
185,183-4,26140.796875,"(38, 24)",taxation,6,0.25,False,True,False
185,53-4,24337.765625,"(37, 12)",taxation,6,0.25,False,True,False
185,106-4,35183.859375,"(15, 31)",taxation,6,0.25,False,True,False
185,133-4,33403.1875,"(37, 4)",taxation,6,0.25,False,True,False
185,25-4,33381.6875,"(1, 48)",taxation,6,0.25,False,True,False
185,56-4,37010.171875,"(33, 20)",taxation,6,0.25,False,True,False
185,234-4,38746.34375,"(4, 30)",taxation,6,0.25,False,True,False
185,71-4,40619.203125,"(33, 23)",taxation,6,0.25,False,True,False
185,162-4,38773.15625,"(27, 21)",taxation,6,0.25,False,True,False
185,45-4,38775.109375,"(29, 21)",taxation,6,0.25,False,True,False
185,212-4,38839.609375,"(31, 24)",taxation,6,0.25,False,True,False
185,110-4,42403.3125,"(0, 39)",taxation,6,0.25,False,True,False
185,225-4,38799.421875,"(24, 28)",taxation,6,0.25,False,True,False
185,231-4,24326.109375,"(41, 8)",taxation,6,0.25,False,True,False
185,137-4,33359.53125,"(21, 36)",taxation,6,0.25,False,True,False
185,4-4,27936.515625,"(25, 23)",taxation,6,0.25,False,True,False
185,169-4,29741.4375,"(40, 5)",taxation,6,0.25,False,True,False
186,91-3,54164.0625,"(26, 21)",taxation,6,0.25,False,True,False
186,205-3,25229.8125,"(44, 1)",taxation,6,0.25,False,True,False
186,214-3,32400.25,"(32, 2)",taxation,6,0.25,False,True,False
186,21-3,46869.6875,"(7, 37)",taxation,6,0.25,False,True,False
186,201-3,34814.9375,"(45, 9)",taxation,6,0.25,False,True,False
186,141-3,39685.375,"(32, 29)",taxation,6,0.25,False,True,False
186,145-3,51706.0,"(36, 0)",taxation,6,0.25,False,True,False
186,247-3,44471.75,"(35, 26)",taxation,6,0.25,False,True,False
186,203-3,58923.6875,"(14, 23)",taxation,6,0.25,False,True,False
186,50-3,56499.125,"(16, 41)",taxation,6,0.25,False,True,False
186,78-3,46893.6875,"(14, 44)",taxation,6,0.25,False,True,False
186,147-3,49300.5625,"(27, 13)",taxation,6,0.25,False,True,False
186,193-3,44469.125,"(24, 38)",taxation,6,0.25,False,True,False
186,175-3,42031.375,"(4, 40)",taxation,6,0.25,False,True,False
186,196-3,34797.0,"(0, 34)",taxation,6,0.25,False,True,False
186,112-3,54096.625,"(27, 29)",taxation,6,0.25,False,True,False
186,113-3,51670.0625,"(1, 47)",taxation,6,0.25,False,True,False
186,55-3,54105.9375,"(31, 27)",taxation,6,0.25,False,True,False
186,33-3,39618.9375,"(33, 28)",taxation,6,0.25,False,True,False
186,68-3,42061.3125,"(17, 21)",taxation,6,0.25,False,True,False
186,161-3,42047.5,"(38, 1)",taxation,6,0.25,False,True,False
186,100-3,49318.5625,"(31, 28)",taxation,6,0.25,False,True,False
186,155-3,51706.4375,"(42, 3)",taxation,6,0.25,False,True,False
186,41-3,54132.0,"(37, 2)",taxation,6,0.25,False,True,False
186,115-3,54089.3125,"(9, 36)",taxation,6,0.25,False,True,False
186,207-3,39647.8125,"(39, 1)",taxation,6,0.25,False,True,False
186,120-3,56498.5,"(26, 23)",taxation,6,0.25,False,True,False
186,11-3,39627.1875,"(40, 1)",taxation,6,0.25,False,True,False
186,102-3,34776.125,"(19, 38)",taxation,6,0.25,False,True,False
186,130-3,54064.125,"(5, 31)",taxation,6,0.25,False,True,False
186,103-3,49266.875,"(23, 30)",taxation,6,0.25,False,True,False
186,202-3,56510.5,"(21, 40)",taxation,6,0.25,False,True,False
186,164-3,51708.4375,"(27, 24)",taxation,6,0.25,False,True,False
186,2-3,49294.8125,"(1, 30)",taxation,6,0.25,False,True,False
186,186-3,46919.1875,"(48, 4)",taxation,6,0.25,False,True,False
186,85-3,44448.75,"(2, 27)",taxation,6,0.25,False,True,False
186,64-3,49228.0,"(27, 23)",taxation,6,0.25,False,True,False
186,188-3,49252.125,"(17, 19)",taxation,6,0.25,False,True,False
186,32-3,54072.8125,"(35, 24)",taxation,6,0.25,False,True,False
186,57-3,44418.6875,"(41, 30)",taxation,6,0.25,False,True,False
186,132-3,54117.3125,"(29, 24)",taxation,6,0.25,False,True,False
186,163-3,58885.5,"(47, 10)",taxation,6,0.25,False,True,False
186,19-3,51701.0,"(23, 31)",taxation,6,0.25,False,True,False
186,107-3,54024.875,"(14, 46)",taxation,6,0.25,False,True,False
186,221-3,46822.625,"(41, 5)",taxation,6,0.25,False,True,False
186,96-3,56484.375,"(13, 24)",taxation,6,0.25,False,True,False
186,92-3,54069.25,"(30, 24)",taxation,6,0.25,False,True,False
186,116-3,54111.125,"(32, 25)",taxation,6,0.25,False,True,False
186,13-3,46851.6875,"(30, 27)",taxation,6,0.25,False,True,False
186,174-3,54093.125,"(15, 24)",taxation,6,0.25,False,True,False
186,69-3,54031.875,"(44, 2)",taxation,6,0.25,False,True,False
186,184-3,49189.9375,"(2, 49)",taxation,6,0.25,False,True,False
186,237-3,39588.3125,"(19, 20)",taxation,6,0.25,False,True,False
186,90-3,44407.875,"(0, 37)",taxation,6,0.25,False,True,False
186,18-3,56488.3125,"(48, 10)",taxation,6,0.25,False,True,False
186,121-3,49251.0,"(1, 28)",taxation,6,0.25,False,True,False
186,30-3,56506.9375,"(47, 11)",taxation,6,0.25,False,True,False
186,97-3,39572.3125,"(10, 38)",taxation,6,0.25,False,True,False
186,229-3,54078.6875,"(21, 35)",taxation,6,0.25,False,True,False
186,27-3,44393.0625,"(28, 24)",taxation,6,0.25,False,True,False
186,117-3,44408.625,"(22, 29)",taxation,6,0.25,False,True,False
186,80-3,54049.625,"(1, 32)",taxation,6,0.25,False,True,False
186,166-3,46796.4375,"(11, 33)",taxation,6,0.25,False,True,False
186,86-3,49253.5,"(22, 23)",taxation,6,0.25,False,True,False
186,160-3,44396.75,"(1, 27)",taxation,6,0.25,False,True,False
186,233-3,46818.4375,"(3, 31)",taxation,6,0.25,False,True,False
186,235-3,49220.9375,"(36, 1)",taxation,6,0.25,False,True,False
186,48-3,51584.5,"(7, 36)",taxation,6,0.25,False,True,False
186,88-3,49237.0,"(37, 24)",taxation,6,0.25,False,True,False
186,52-3,37193.4375,"(23, 16)",taxation,6,0.25,False,True,False
186,58-3,51626.875,"(43, 0)",taxation,6,0.25,False,True,False
186,248-3,49242.1875,"(44, 5)",taxation,6,0.25,False,True,False
186,108-3,27525.6875,"(35, 21)",taxation,6,0.25,False,True,False
186,82-3,51643.125,"(41, 17)",taxation,6,0.25,False,True,False
186,236-3,49243.9375,"(44, 4)",taxation,6,0.25,False,True,False
186,104-3,46854.125,"(45, 24)",taxation,6,0.25,False,True,False
186,152-3,51613.1875,"(11, 36)",taxation,6,0.25,False,True,False
186,109-3,49240.875,"(40, 0)",taxation,6,0.25,False,True,False
186,72-3,56450.875,"(3, 28)",taxation,6,0.25,False,True,False
186,127-3,51616.5,"(23, 20)",taxation,6,0.25,False,True,False
186,61-3,58888.1875,"(44, 3)",taxation,6,0.25,False,True,False
186,232-3,29863.6875,"(2, 31)",taxation,6,0.25,False,True,False
186,65-3,56437.9375,"(31, 25)",taxation,6,0.25,False,True,False
186,124-3,46781.1875,"(2, 28)",taxation,6,0.25,False,True,False
186,62-3,49210.125,"(3, 36)",taxation,6,0.25,False,True,False
186,59-3,44414.9375,"(31, 26)",taxation,6,0.25,False,True,False
186,89-3,51636.0625,"(34, 26)",taxation,6,0.25,False,True,False
186,26-3,39569.5625,"(4, 41)",taxation,6,0.25,False,True,False
186,14-3,13051.875,"(24, 17)",taxation,6,0.25,False,True,False
186,194-3,44390.625,"(29, 23)",taxation,6,0.25,False,True,False
186,37-3,51646.0625,"(29, 25)",taxation,6,0.25,False,True,False
186,36-3,37146.4375,"(3, 35)",taxation,6,0.25,False,True,False
186,7-3,37178.375,"(47, 2)",taxation,6,0.25,False,True,False
186,47-3,34710.3125,"(20, 35)",taxation,6,0.25,False,True,False
186,223-3,34745.5,"(48, 7)",taxation,6,0.25,False,True,False
186,129-3,46809.5,"(1, 33)",taxation,6,0.25,False,True,False
186,77-3,41966.125,"(39, 2)",taxation,6,0.25,False,True,False
186,43-3,49195.8125,"(25, 16)",taxation,6,0.25,False,True,False
186,128-3,54063.25,"(43, 3)",taxation,6,0.25,False,True,False
186,79-3,46785.1875,"(18, 31)",taxation,6,0.25,False,True,False
186,199-3,56400.25,"(24, 26)",taxation,6,0.25,False,True,False
186,136-3,39545.375,"(15, 46)",taxation,6,0.25,False,True,False
186,99-3,46768.9375,"(14, 47)",taxation,6,0.25,False,True,False
186,84-3,49205.625,"(21, 20)",taxation,6,0.25,False,True,False
186,123-3,56420.5625,"(19, 46)",taxation,6,0.25,False,True,False
186,119-3,49178.75,"(23, 17)",taxation,6,0.25,False,True,False
186,46-3,34703.5,"(23, 14)",taxation,6,0.25,False,True,False
186,190-3,49175.0625,"(3, 39)",taxation,6,0.25,False,True,False
186,215-3,54064.625,"(48, 5)",taxation,6,0.25,False,True,False
186,220-3,54030.25,"(33, 29)",taxation,6,0.25,False,True,False
186,157-3,46769.1875,"(8, 37)",taxation,6,0.25,False,True,False
186,245-3,53985.0625,"(45, 2)",taxation,6,0.25,False,True,False
186,195-3,22658.9375,"(24, 22)",taxation,6,0.25,False,True,False
186,15-3,44377.0625,"(3, 34)",taxation,6,0.25,False,True,False
186,224-3,41940.3125,"(28, 30)",taxation,6,0.25,False,True,False
186,87-3,49178.625,"(38, 0)",taxation,6,0.25,False,True,False
186,135-3,49162.0625,"(21, 41)",taxation,6,0.25,False,True,False
186,8-3,49196.25,"(40, 27)",taxation,6,0.25,False,True,False
186,227-3,54013.375,"(42, 0)",taxation,6,0.25,False,True,False
186,178-3,54001.1875,"(23, 45)",taxation,6,0.25,False,True,False
186,114-3,56429.3125,"(28, 25)",taxation,6,0.25,False,True,False
186,118-3,53952.625,"(45, 10)",taxation,6,0.25,False,True,False
186,244-3,56412.875,"(34, 1)",taxation,6,0.25,False,True,False
186,34-3,44335.5,"(22, 18)",taxation,6,0.25,False,True,False
186,60-3,51574.4375,"(5, 41)",taxation,6,0.25,False,True,False
186,218-3,56419.125,"(1, 39)",taxation,6,0.25,False,True,False
186,49-3,46777.875,"(33, 4)",taxation,6,0.25,False,True,False
186,185-3,49220.125,"(33, 25)",taxation,6,0.25,False,True,False
186,228-4,29229.9375,"(11, 32)",taxation,6,0.25,False,True,False
186,24-3,39583.125,"(45, 3)",taxation,6,0.25,False,True,False
186,9-3,41966.9375,"(47, 4)",taxation,6,0.25,False,True,False
186,39-3,34667.625,"(14, 48)",taxation,6,0.25,False,True,False
186,151-3,39500.1875,"(41, 2)",taxation,6,0.25,False,True,False
186,29-3,49191.9375,"(47, 6)",taxation,6,0.25,False,True,False
186,230-3,39525.0,"(17, 24)",taxation,6,0.25,False,True,False
186,131-3,49164.75,"(22, 20)",taxation,6,0.25,False,True,False
186,81-3,46788.6875,"(31, 29)",taxation,6,0.25,False,True,False
186,222-3,49155.125,"(37, 0)",taxation,6,0.25,False,True,False
186,171-3,49144.375,"(4, 28)",taxation,6,0.25,False,True,False
186,200-3,46759.5,"(26, 25)",taxation,6,0.25,False,True,False
186,238-3,49166.5,"(43, 1)",taxation,6,0.25,False,True,False
186,153-3,25028.25,"(24, 21)",taxation,6,0.25,False,True,False
186,197-3,39510.1875,"(31, 4)",taxation,6,0.25,False,True,False
186,139-4,44342.765625,"(14, 45)",taxation,6,0.25,False,True,False
186,204-3,53954.375,"(7, 35)",taxation,6,0.25,False,True,False
186,211-3,32250.8125,"(5, 33)",taxation,6,0.25,False,True,False
186,93-3,22626.0,"(29, 5)",taxation,6,0.25,False,True,False
186,101-3,49184.5625,"(26, 14)",taxation,6,0.25,False,True,False
186,213-3,49170.625,"(30, 26)",taxation,6,0.25,False,True,False
186,70-3,51555.0,"(23, 43)",taxation,6,0.25,False,True,False
186,239-3,49162.625,"(14, 42)",taxation,6,0.25,False,True,False
186,243-3,46743.125,"(25, 17)",taxation,6,0.25,False,True,False
186,192-3,44342.25,"(41, 1)",taxation,6,0.25,False,True,False
186,143-3,49152.3125,"(30, 25)",taxation,6,0.25,False,True,False
186,35-3,49166.875,"(42, 5)",taxation,6,0.25,False,True,False
186,3-3,29815.6875,"(1, 35)",taxation,6,0.25,False,True,False
186,181-3,49144.937500000015,"(41, 3)",taxation,6,0.25,False,True,False
186,105-3,44324.625,"(42, 4)",taxation,6,0.25,False,True,False
186,177-3,49200.3125,"(29, 27)",taxation,6,0.25,False,True,False
186,167-4,38892.734375,"(32, 4)",taxation,6,0.25,False,True,False
186,173-4,10568.8125,"(22, 19)",taxation,6,0.25,False,True,False
186,44-3,32255.0,"(42, 10)",taxation,6,0.25,False,True,False
186,216-3,53959.5,"(43, 2)",taxation,6,0.25,False,True,False
186,217-3,29839.375,"(19, 41)",taxation,6,0.25,False,True,False
186,138-3,51509.8125,"(0, 47)",taxation,6,0.25,False,True,False
186,75-4,35225.0625,"(20, 39)",taxation,6,0.25,False,True,False
186,74-4,43081.0,"(2, 35)",taxation,6,0.25,False,True,False
186,191-3,56340.5625,"(15, 23)",taxation,6,0.25,False,True,False
186,240-4,12930.3125,"(19, 39)",taxation,6,0.25,False,True,False
186,20-3,46745.75,"(26, 28)",taxation,6,0.25,False,True,False
186,159-3,39495.375,"(8, 36)",taxation,6,0.25,False,True,False
186,158-4,35846.0625,"(1, 29)",taxation,6,0.25,False,True,False
186,66-3,53970.8125,"(34, 27)",taxation,6,0.25,False,True,False
186,170-4,34103.734375,"(42, 2)",taxation,6,0.25,False,True,False
186,146-4,15387.3125,"(41, 10)",taxation,6,0.25,False,True,False
186,208-4,39472.703125,"(6, 32)",taxation,6,0.25,False,True,False
186,219-4,43079.3125,"(3, 30)",taxation,6,0.25,False,True,False
186,140-4,895.0625,"(25, 39)",taxation,6,0.25,False,True,False
186,210-3,58770.5625,"(14, 34)",taxation,6,0.25,False,True,False
186,198-4,35275.71875,"(42, 1)",taxation,6,0.25,False,True,False
186,246-4,37086.3125,"(25, 27)",taxation,6,0.25,False,True,False
186,187-4,20162.1875,"(28, 11)",taxation,6,0.25,False,True,False
186,179-4,32284.53125,"(25, 21)",taxation,6,0.25,False,True,False
186,23-4,40036.5,"(19, 21)",taxation,6,0.25,False,True,False
186,31-4,44279.46875,"(14, 38)",taxation,6,0.25,False,True,False
186,150-3,41866.4375,"(33, 1)",taxation,6,0.25,False,True,False
186,12-3,46727.8125,"(38, 2)",taxation,6,0.25,False,True,False
186,98-4,20202.0625,"(13, 34)",taxation,6,0.25,False,True,False
186,126-3,49136.0625,"(46, 9)",taxation,6,0.25,False,True,False
186,176-4,882.1875,"(11, 35)",taxation,6,0.25,False,True,False
186,28-4,34033.203125,"(24, 24)",taxation,6,0.25,False,True,False
186,154-4,17729.3125,"(21, 39)",taxation,6,0.25,False,True,False
186,40-4,40659.3125,"(5, 35)",taxation,6,0.25,False,True,False
186,1-4,28635.140625,"(19, 37)",taxation,6,0.25,False,True,False
186,76-4,37058.921875000015,"(35, 25)",taxation,6,0.25,False,True,False
186,67-3,37089.5625,"(25, 29)",taxation,6,0.25,False,True,False
186,182-4,38811.890625,"(25, 24)",taxation,6,0.25,False,True,False
186,241-4,35219.21875,"(23, 19)",taxation,6,0.25,False,True,False
186,149-4,33457.5625,"(7, 34)",taxation,6,0.25,False,True,False
186,17-4,40684.03125,"(4, 36)",taxation,6,0.25,False,True,False
186,0-4,26201.828125,"(37, 1)",taxation,6,0.25,False,True,False
186,22-4,42454.8125,"(27, 22)",taxation,6,0.25,False,True,False
186,10-4,38852.390625,"(47, 5)",taxation,6,0.25,False,True,False
186,242-4,17169.953125,"(43, 4)",taxation,6,0.25,False,True,False
186,142-4,24362.859375,"(35, 0)",taxation,6,0.25,False,True,False
186,189-4,33471.84375,"(33, 24)",taxation,6,0.25,False,True,False
186,63-4,35188.171875,"(32, 3)",taxation,6,0.25,False,True,False
186,165-4,44200.1875,"(18, 20)",taxation,6,0.25,False,True,False
186,94-4,12925.125,"(27, 25)",taxation,6,0.25,False,True,False
186,206-4,37609.328125,"(13, 25)",taxation,6,0.25,False,True,False
186,172-4,40612.484375,"(0, 31)",taxation,6,0.25,False,True,False
186,144-4,37052.90625,"(15, 48)",taxation,6,0.25,False,True,False
186,111-4,40598.515625,"(20, 34)",taxation,6,0.25,False,True,False
186,83-4,40613.671875,"(25, 13)",taxation,6,0.25,False,True,False
186,249-4,38867.5625,"(46, 3)",taxation,6,0.25,False,True,False
186,51-4,38835.40625,"(26, 22)",taxation,6,0.25,False,True,False
186,180-4,37014.265625,"(2, 30)",taxation,6,0.25,False,True,False
186,148-4,29767.953125,"(39, 0)",taxation,6,0.25,False,True,False
186,16-4,42440.34375,"(6, 27)",taxation,6,0.25,False,True,False
186,134-4,37010.25,"(28, 22)",taxation,6,0.25,False,True,False
186,73-4,38797.265625,"(5, 28)",taxation,6,0.25,False,True,False
186,54-4,36999.140625,"(23, 18)",taxation,6,0.25,False,True,False
186,38-4,38804.59375,"(26, 24)",taxation,6,0.25,False,True,False
186,6-4,42432.625,"(16, 22)",taxation,6,0.25,False,True,False
186,156-4,27934.96875,"(20, 42)",taxation,6,0.25,False,True,False
186,95-4,42441.65625,"(41, 0)",taxation,6,0.25,False,True,False
186,42-4,28008.21875,"(1, 34)",taxation,6,0.25,False,True,False
186,168-4,40625.15625,"(27, 26)",taxation,6,0.25,False,True,False
186,183-4,26148.796875,"(34, 28)",taxation,6,0.25,False,True,False
186,53-4,24340.765625,"(40, 15)",taxation,6,0.25,False,True,False
186,106-4,35191.859375,"(21, 28)",taxation,6,0.25,False,True,False
186,133-4,33411.1875,"(35, 1)",taxation,6,0.25,False,True,False
186,25-4,33383.6875,"(7, 42)",taxation,6,0.25,False,True,False
186,56-4,37018.171875,"(32, 26)",taxation,6,0.25,False,True,False
186,234-4,38754.34375,"(4, 27)",taxation,6,0.25,False,True,False
186,71-4,40627.203125,"(29, 26)",taxation,6,0.25,False,True,False
186,162-4,38782.15625,"(25, 22)",taxation,6,0.25,False,True,False
186,45-4,38784.109375,"(28, 23)",taxation,6,0.25,False,True,False
186,212-4,38847.609375,"(28, 26)",taxation,6,0.25,False,True,False
186,110-4,42407.3125,"(0, 35)",taxation,6,0.25,False,True,False
186,225-4,38807.421875,"(24, 27)",taxation,6,0.25,False,True,False
186,231-4,24333.109375,"(47, 3)",taxation,6,0.25,False,True,False
186,137-4,33366.53125,"(25, 37)",taxation,6,0.25,False,True,False
186,4-4,27944.515625,"(25, 25)",taxation,6,0.25,False,True,False
186,169-4,29750.4375,"(40, 2)",taxation,6,0.25,False,True,False
186,125-4,40573.125,"(47, 7)",taxation,6,0.25,False,True,False
186,122-4,31536.515625,"(8, 35)",taxation,6,0.25,False,True,False
186,226-4,36966.796875,"(24, 20)",taxation,6,0.25,False,True,False
186,5-4,17062.21875,"(25, 40)",taxation,6,0.25,False,True,False
186,209-4,42417.46875,"(15, 49)",taxation,6,0.25,False,True,False
187,21-3,46874.6875,"(6, 31)",taxation,6,0.25,False,True,False
187,201-3,34819.9375,"(45, 11)",taxation,6,0.25,False,True,False
187,141-3,39694.375,"(30, 29)",taxation,6,0.25,False,True,False
187,145-3,51713.0,"(30, 4)",taxation,6,0.25,False,True,False
187,247-3,44480.75,"(30, 31)",taxation,6,0.25,False,True,False
187,203-3,58932.6875,"(14, 21)",taxation,6,0.25,False,True,False
187,50-3,56505.125,"(22, 41)",taxation,6,0.25,False,True,False
187,78-3,46899.6875,"(20, 38)",taxation,6,0.25,False,True,False
187,147-3,49308.5625,"(22, 14)",taxation,6,0.25,False,True,False
187,193-3,44477.125,"(27, 35)",taxation,6,0.25,False,True,False
187,175-3,42034.375,"(6, 40)",taxation,6,0.25,False,True,False
187,196-3,34803.0,"(0, 29)",taxation,6,0.25,False,True,False
187,112-3,54104.625,"(27, 31)",taxation,6,0.25,False,True,False
187,113-3,51673.0625,"(7, 41)",taxation,6,0.25,False,True,False
187,55-3,54113.9375,"(31, 32)",taxation,6,0.25,False,True,False
187,33-3,39626.9375,"(33, 31)",taxation,6,0.25,False,True,False
187,68-3,42070.3125,"(17, 20)",taxation,6,0.25,False,True,False
187,161-3,42050.5,"(34, 3)",taxation,6,0.25,False,True,False
187,100-3,49326.5625,"(29, 32)",taxation,6,0.25,False,True,False
187,155-3,51712.4375,"(46, 6)",taxation,6,0.25,False,True,False
187,41-3,54136.0,"(31, 2)",taxation,6,0.25,False,True,False
187,115-3,54094.3125,"(10, 32)",taxation,6,0.25,False,True,False
187,207-3,39650.8125,"(34, 4)",taxation,6,0.25,False,True,False
187,120-3,56507.5,"(26, 27)",taxation,6,0.25,False,True,False
187,11-3,39630.1875,"(35, 6)",taxation,6,0.25,False,True,False
187,102-3,34784.125,"(25, 32)",taxation,6,0.25,False,True,False
187,103-3,49274.875,"(26, 32)",taxation,6,0.25,False,True,False
187,202-3,56518.5,"(26, 39)",taxation,6,0.25,False,True,False
187,164-3,51716.4375,"(25, 30)",taxation,6,0.25,False,True,False
187,2-3,49303.8125,"(6, 25)",taxation,6,0.25,False,True,False
187,186-3,46927.1875,"(49, 1)",taxation,6,0.25,False,True,False
187,85-3,44456.75,"(4, 24)",taxation,6,0.25,False,True,False
187,64-3,49237.0,"(28, 29)",taxation,6,0.25,False,True,False
187,188-3,49261.125,"(15, 19)",taxation,6,0.25,False,True,False
187,32-3,54080.8125,"(36, 29)",taxation,6,0.25,False,True,False
187,57-3,44426.6875,"(40, 30)",taxation,6,0.25,False,True,False
187,132-3,54125.3125,"(35, 30)",taxation,6,0.25,False,True,False
187,163-3,58892.5,"(49, 6)",taxation,6,0.25,False,True,False
187,19-3,51709.0,"(27, 33)",taxation,6,0.25,False,True,False
187,107-3,54029.875,"(19, 43)",taxation,6,0.25,False,True,False
187,221-3,46830.625,"(45, 1)",taxation,6,0.25,False,True,False
187,96-3,56493.375,"(13, 21)",taxation,6,0.25,False,True,False
187,92-3,54077.25,"(36, 28)",taxation,6,0.25,False,True,False
187,116-3,54119.125,"(35, 28)",taxation,6,0.25,False,True,False
187,13-3,46860.6875,"(30, 28)",taxation,6,0.25,False,True,False
187,174-3,54102.125,"(17, 23)",taxation,6,0.25,False,True,False
187,69-3,54033.875,"(40, 6)",taxation,6,0.25,False,True,False
187,184-3,49192.9375,"(8, 43)",taxation,6,0.25,False,True,False
187,237-3,39597.3125,"(19, 19)",taxation,6,0.25,False,True,False
187,90-3,44412.875,"(1, 31)",taxation,6,0.25,False,True,False
187,18-3,56493.3125,"(48, 11)",taxation,6,0.25,False,True,False
187,121-3,49260.0,"(5, 25)",taxation,6,0.25,False,True,False
187,30-3,56512.9375,"(49, 10)",taxation,6,0.25,False,True,False
187,97-3,39577.3125,"(12, 35)",taxation,6,0.25,False,True,False
187,229-3,54086.6875,"(27, 34)",taxation,6,0.25,False,True,False
187,27-3,44401.0625,"(24, 30)",taxation,6,0.25,False,True,False
187,117-3,44417.625,"(27, 28)",taxation,6,0.25,False,True,False
187,80-3,54056.625,"(4, 26)",taxation,6,0.25,False,True,False
187,166-3,46804.4375,"(15, 27)",taxation,6,0.25,False,True,False
187,86-3,49262.5,"(16, 20)",taxation,6,0.25,False,True,False
187,160-3,44404.75,"(1, 24)",taxation,6,0.25,False,True,False
187,233-3,46825.4375,"(3, 25)",taxation,6,0.25,False,True,False
187,235-3,49228.9375,"(30, 1)",taxation,6,0.25,False,True,False
187,48-3,51589.5,"(7, 32)",taxation,6,0.25,False,True,False
187,88-3,49246.0,"(32, 30)",taxation,6,0.25,False,True,False
187,52-3,37202.4375,"(21, 15)",taxation,6,0.25,False,True,False
187,58-3,51628.875,"(39, 4)",taxation,6,0.25,False,True,False
187,248-3,49248.1875,"(48, 8)",taxation,6,0.25,False,True,False
187,108-3,27530.6875,"(41, 26)",taxation,6,0.25,False,True,False
187,82-3,51648.125,"(46, 15)",taxation,6,0.25,False,True,False
187,236-3,49251.9375,"(46, 2)",taxation,6,0.25,False,True,False
187,104-3,46862.125,"(40, 29)",taxation,6,0.25,False,True,False
187,152-3,51619.1875,"(8, 30)",taxation,6,0.25,False,True,False
187,109-3,49243.875,"(34, 5)",taxation,6,0.25,False,True,False
187,72-3,56458.875,"(1, 23)",taxation,6,0.25,False,True,False
187,127-3,51625.5,"(22, 21)",taxation,6,0.25,False,True,False
187,61-3,58896.1875,"(48, 0)",taxation,6,0.25,False,True,False
187,232-3,29870.6875,"(2, 25)",taxation,6,0.25,False,True,False
187,65-3,56446.9375,"(29, 28)",taxation,6,0.25,False,True,False
187,124-3,46789.1875,"(3, 23)",taxation,6,0.25,False,True,False
187,62-3,49215.125,"(5, 32)",taxation,6,0.25,False,True,False
187,59-3,44422.9375,"(33, 32)",taxation,6,0.25,False,True,False
187,89-3,51644.0625,"(35, 31)",taxation,6,0.25,False,True,False
187,26-3,39573.5625,"(10, 35)",taxation,6,0.25,False,True,False
187,14-3,13059.875,"(22, 15)",taxation,6,0.25,False,True,False
187,194-3,44398.625,"(34, 29)",taxation,6,0.25,False,True,False
187,37-3,51654.0625,"(34, 30)",taxation,6,0.25,False,True,False
187,36-3,37152.4375,"(6, 29)",taxation,6,0.25,False,True,False
187,7-3,37185.375,"(49, 2)",taxation,6,0.25,False,True,False
187,47-3,34717.3125,"(21, 34)",taxation,6,0.25,False,True,False
187,223-3,34751.5,"(48, 9)",taxation,6,0.25,False,True,False
187,129-3,46815.5,"(0, 28)",taxation,6,0.25,False,True,False
187,77-3,41972.125,"(44, 8)",taxation,6,0.25,False,True,False
187,43-3,49204.8125,"(22, 16)",taxation,6,0.25,False,True,False
187,128-3,54070.25,"(49, 3)",taxation,6,0.25,False,True,False
187,79-3,46794.1875,"(19, 25)",taxation,6,0.25,False,True,False
187,199-3,56409.25,"(18, 24)",taxation,6,0.25,False,True,False
187,136-3,39550.375,"(18, 43)",taxation,6,0.25,False,True,False
187,99-3,46773.9375,"(20, 46)",taxation,6,0.25,False,True,False
187,84-3,49214.625,"(20, 21)",taxation,6,0.25,False,True,False
187,123-3,56426.5625,"(24, 45)",taxation,6,0.25,False,True,False
187,119-3,49187.75,"(21, 16)",taxation,6,0.25,False,True,False
187,46-3,34712.5,"(18, 16)",taxation,6,0.25,False,True,False
187,190-3,49180.0625,"(8, 34)",taxation,6,0.25,False,True,False
187,215-3,54072.625,"(46, 1)",taxation,6,0.25,False,True,False
187,220-3,54039.25,"(31, 30)",taxation,6,0.25,False,True,False
187,157-3,46774.1875,"(10, 33)",taxation,6,0.25,False,True,False
187,245-3,53991.0625,"(49, 8)",taxation,6,0.25,False,True,False
187,195-3,22667.9375,"(21, 24)",taxation,6,0.25,False,True,False
187,15-3,44383.0625,"(7, 29)",taxation,6,0.25,False,True,False
187,224-3,41948.3125,"(28, 31)",taxation,6,0.25,False,True,False
187,87-3,49181.625,"(33, 2)",taxation,6,0.25,False,True,False
187,135-3,49169.0625,"(25, 38)",taxation,6,0.25,False,True,False
187,8-3,49204.25,"(39, 29)",taxation,6,0.25,False,True,False
187,227-3,54015.375,"(38, 6)",taxation,6,0.25,False,True,False
187,178-3,54008.1875,"(27, 41)",taxation,6,0.25,False,True,False
187,114-3,56435.3125,"(32, 31)",taxation,6,0.25,False,True,False
187,118-3,53958.625,"(47, 9)",taxation,6,0.25,False,True,False
187,244-3,56418.875,"(30, 5)",taxation,6,0.25,False,True,False
187,34-3,44344.5,"(19, 17)",taxation,6,0.25,False,True,False
187,60-3,51578.4375,"(9, 35)",taxation,6,0.25,False,True,False
187,218-3,56422.125,"(4, 38)",taxation,6,0.25,False,True,False
187,49-3,46785.875,"(29, 2)",taxation,6,0.25,False,True,False
187,185-3,49228.125,"(36, 31)",taxation,6,0.25,False,True,False
187,228-4,29237.9375,"(14, 27)",taxation,6,0.25,False,True,False
187,24-3,39590.125,"(48, 3)",taxation,6,0.25,False,True,False
187,9-3,41969.9375,"(43, 10)",taxation,6,0.25,False,True,False
187,39-3,34672.625,"(20, 48)",taxation,6,0.25,False,True,False
187,151-3,39507.1875,"(45, 4)",taxation,6,0.25,False,True,False
187,29-3,49199.9375,"(47, 1)",taxation,6,0.25,False,True,False
187,230-3,39534.0,"(18, 23)",taxation,6,0.25,False,True,False
187,131-3,49173.75,"(20, 20)",taxation,6,0.25,False,True,False
187,81-3,46796.6875,"(31, 33)",taxation,6,0.25,False,True,False
187,222-3,49159.125,"(31, 1)",taxation,6,0.25,False,True,False
187,171-3,49153.375,"(8, 22)",taxation,6,0.25,False,True,False
187,200-3,46767.5,"(25, 31)",taxation,6,0.25,False,True,False
187,238-3,49173.5,"(48, 2)",taxation,6,0.25,False,True,False
187,153-3,25037.25,"(21, 21)",taxation,6,0.25,False,True,False
187,197-3,39517.1875,"(25, 6)",taxation,6,0.25,False,True,False
187,139-4,44347.765625,"(19, 44)",taxation,6,0.25,False,True,False
187,204-3,53961.375,"(12, 29)",taxation,6,0.25,False,True,False
187,211-3,32257.8125,"(8, 27)",taxation,6,0.25,False,True,False
187,93-3,22635.0,"(33, 0)",taxation,6,0.25,False,True,False
187,101-3,49192.5625,"(23, 13)",taxation,6,0.25,False,True,False
187,213-3,49179.625,"(28, 28)",taxation,6,0.25,False,True,False
187,70-3,51562.0,"(26, 40)",taxation,6,0.25,False,True,False
187,239-3,49167.625,"(19, 42)",taxation,6,0.25,False,True,False
187,243-3,46751.125,"(21, 14)",taxation,6,0.25,False,True,False
187,192-3,44348.25,"(45, 6)",taxation,6,0.25,False,True,False
187,143-3,49160.3125,"(34, 31)",taxation,6,0.25,False,True,False
187,35-3,49171.875,"(46, 11)",taxation,6,0.25,False,True,False
187,3-3,29821.6875,"(5, 30)",taxation,6,0.25,False,True,False
187,181-3,49152.937500000015,"(45, 0)",taxation,6,0.25,False,True,False
187,105-3,44332.625,"(44, 0)",taxation,6,0.25,False,True,False
187,177-3,49209.3125,"(30, 30)",taxation,6,0.25,False,True,False
187,167-4,38900.734375,"(29, 4)",taxation,6,0.25,False,True,False
187,173-4,10577.8125,"(21, 22)",taxation,6,0.25,False,True,False
187,44-3,32262.0,"(48, 6)",taxation,6,0.25,False,True,False
187,216-3,53961.5,"(39, 6)",taxation,6,0.25,False,True,False
187,217-3,29846.375,"(22, 36)",taxation,6,0.25,False,True,False
187,138-3,51511.8125,"(0, 46)",taxation,6,0.25,False,True,False
187,75-4,35233.0625,"(26, 33)",taxation,6,0.25,False,True,False
187,74-4,43087.0,"(8, 29)",taxation,6,0.25,False,True,False
187,191-3,56349.5625,"(15, 21)",taxation,6,0.25,False,True,False
187,240-4,12937.3125,"(22, 38)",taxation,6,0.25,False,True,False
187,20-3,46753.75,"(26, 30)",taxation,6,0.25,False,True,False
187,159-3,39502.375,"(13, 30)",taxation,6,0.25,False,True,False
187,158-4,35854.0625,"(3, 26)",taxation,6,0.25,False,True,False
187,66-3,53979.8125,"(29, 31)",taxation,6,0.25,False,True,False
187,170-4,34109.734375,"(45, 8)",taxation,6,0.25,False,True,False
187,146-4,15394.3125,"(46, 4)",taxation,6,0.25,False,True,False
187,208-4,39480.703125,"(12, 26)",taxation,6,0.25,False,True,False
187,219-4,43087.3125,"(3, 24)",taxation,6,0.25,False,True,False
187,140-4,903.0625,"(29, 36)",taxation,6,0.25,False,True,False
187,210-3,58778.5625,"(17, 28)",taxation,6,0.25,False,True,False
187,198-4,35282.71875,"(48, 1)",taxation,6,0.25,False,True,False
187,246-4,37094.3125,"(27, 32)",taxation,6,0.25,False,True,False
187,187-4,20170.1875,"(24, 9)",taxation,6,0.25,False,True,False
187,179-4,32293.53125,"(19, 18)",taxation,6,0.25,False,True,False
187,23-4,40045.5,"(18, 21)",taxation,6,0.25,False,True,False
187,31-4,44284.46875,"(17, 39)",taxation,6,0.25,False,True,False
187,150-3,41873.4375,"(27, 1)",taxation,6,0.25,False,True,False
187,12-3,46731.8125,"(33, 7)",taxation,6,0.25,False,True,False
187,98-4,20210.0625,"(18, 28)",taxation,6,0.25,False,True,False
187,126-3,49143.0625,"(49, 7)",taxation,6,0.25,False,True,False
187,176-4,889.1875,"(12, 30)",taxation,6,0.25,False,True,False
187,28-4,34042.203125,"(24, 25)",taxation,6,0.25,False,True,False
187,154-4,17737.3125,"(26, 34)",taxation,6,0.25,False,True,False
187,40-4,40665.3125,"(9, 29)",taxation,6,0.25,False,True,False
187,1-4,28643.140625,"(25, 33)",taxation,6,0.25,False,True,False
187,76-4,37066.921875000015,"(37, 29)",taxation,6,0.25,False,True,False
187,67-3,37097.5625,"(28, 32)",taxation,6,0.25,False,True,False
187,182-4,38820.890625,"(23, 25)",taxation,6,0.25,False,True,False
187,241-4,35228.21875,"(21, 19)",taxation,6,0.25,False,True,False
187,149-4,33464.5625,"(13, 29)",taxation,6,0.25,False,True,False
187,17-4,40690.03125,"(7, 30)",taxation,6,0.25,False,True,False
187,0-4,26209.828125,"(31, 3)",taxation,6,0.25,False,True,False
187,22-4,42462.8125,"(21, 18)",taxation,6,0.25,False,True,False
187,10-4,38859.390625,"(49, 5)",taxation,6,0.25,False,True,False
187,242-4,17174.953125,"(44, 10)",taxation,6,0.25,False,True,False
187,142-4,24370.859375,"(29, 1)",taxation,6,0.25,False,True,False
187,189-4,33479.84375,"(32, 28)",taxation,6,0.25,False,True,False
187,63-4,35195.171875,"(26, 4)",taxation,6,0.25,False,True,False
187,165-4,44209.1875,"(18, 19)",taxation,6,0.25,False,True,False
187,94-4,12934.125,"(26, 26)",taxation,6,0.25,False,True,False
187,206-4,37619.328125,"(15, 20)",taxation,6,0.25,False,True,False
187,172-4,40619.484375,"(0, 25)",taxation,6,0.25,False,True,False
187,144-4,37057.90625,"(20, 47)",taxation,6,0.25,False,True,False
187,111-4,40606.515625,"(24, 31)",taxation,6,0.25,False,True,False
187,83-4,40621.671875,"(23, 15)",taxation,6,0.25,False,True,False
187,249-4,38873.5625,"(49, 9)",taxation,6,0.25,False,True,False
187,51-4,38843.40625,"(20, 23)",taxation,6,0.25,False,True,False
187,180-4,37022.265625,"(2, 24)",taxation,6,0.25,False,True,False
187,148-4,29776.953125,"(34, 0)",taxation,6,0.25,False,True,False
187,16-4,42449.34375,"(9, 22)",taxation,6,0.25,False,True,False
187,134-4,37014.25,"(22, 17)",taxation,6,0.25,False,True,False
187,73-4,38806.265625,"(10, 22)",taxation,6,0.25,False,True,False
187,54-4,37008.140625,"(18, 17)",taxation,6,0.25,False,True,False
187,38-4,38812.59375,"(20, 19)",taxation,6,0.25,False,True,False
187,6-4,42441.625,"(17, 22)",taxation,6,0.25,False,True,False
187,156-4,27941.96875,"(23, 37)",taxation,6,0.25,False,True,False
187,95-4,42449.65625,"(46, 0)",taxation,6,0.25,False,True,False
187,42-4,28014.21875,"(3, 29)",taxation,6,0.25,False,True,False
187,168-4,40633.15625,"(26, 31)",taxation,6,0.25,False,True,False
187,183-4,26156.796875,"(36, 30)",taxation,6,0.25,False,True,False
187,53-4,24345.765625,"(44, 11)",taxation,6,0.25,False,True,False
187,106-4,35199.859375,"(20, 28)",taxation,6,0.25,False,True,False
187,133-4,33419.1875,"(30, 0)",taxation,6,0.25,False,True,False
187,25-4,33387.6875,"(12, 39)",taxation,6,0.25,False,True,False
187,56-4,37027.171875,"(29, 29)",taxation,6,0.25,False,True,False
187,234-4,38762.34375,"(5, 24)",taxation,6,0.25,False,True,False
187,71-4,40635.203125,"(29, 30)",taxation,6,0.25,False,True,False
187,162-4,38791.15625,"(23, 24)",taxation,6,0.25,False,True,False
187,45-4,38793.109375,"(27, 27)",taxation,6,0.25,False,True,False
187,212-4,38856.609375,"(28, 27)",taxation,6,0.25,False,True,False
187,110-4,42413.3125,"(2, 29)",taxation,6,0.25,False,True,False
187,225-4,38816.421875,"(25, 26)",taxation,6,0.25,False,True,False
187,231-4,24340.109375,"(49, 0)",taxation,6,0.25,False,True,False
187,137-4,33374.53125,"(28, 35)",taxation,6,0.25,False,True,False
187,4-4,27952.515625,"(19, 26)",taxation,6,0.25,False,True,False
187,169-4,29756.4375,"(45, 5)",taxation,6,0.25,False,True,False
187,125-4,40580.125,"(49, 4)",taxation,6,0.25,False,True,False
187,122-4,31543.515625,"(10, 29)",taxation,6,0.25,False,True,False
187,226-4,36974.796875,"(21, 17)",taxation,6,0.25,False,True,False
187,5-4,17070.21875,"(28, 36)",taxation,6,0.25,False,True,False
187,209-4,42422.46875,"(20, 49)",taxation,6,0.25,False,True,False
187,205-4,18928.359375,"(47, 0)",taxation,6,0.25,False,True,False
187,130-4,40553.34375,"(8, 28)",taxation,6,0.25,False,True,False
187,91-4,40629.796875,"(21, 23)",taxation,6,0.25,False,True,False
187,214-4,24305.4375,"(26, 6)",taxation,6,0.25,False,True,False
188,201-3,34824.9375,"(45, 17)",taxation,6,0.25,False,True,False
188,145-3,51720.0,"(24, 6)",taxation,6,0.25,False,True,False
188,247-3,44488.75,"(32, 37)",taxation,6,0.25,False,True,False
188,203-3,58941.6875,"(11, 19)",taxation,6,0.25,False,True,False
188,50-3,56513.125,"(27, 40)",taxation,6,0.25,False,True,False
188,78-3,46906.6875,"(22, 39)",taxation,6,0.25,False,True,False
188,147-3,49317.5625,"(20, 15)",taxation,6,0.25,False,True,False
188,175-3,42039.375,"(12, 37)",taxation,6,0.25,False,True,False
188,112-3,54112.625,"(33, 36)",taxation,6,0.25,False,True,False
188,113-3,51678.0625,"(12, 38)",taxation,6,0.25,False,True,False
188,55-3,54122.9375,"(30, 33)",taxation,6,0.25,False,True,False
188,33-3,39634.9375,"(34, 36)",taxation,6,0.25,False,True,False
188,68-3,42079.3125,"(12, 17)",taxation,6,0.25,False,True,False
188,161-3,42055.5,"(30, 3)",taxation,6,0.25,False,True,False
188,100-3,49335.5625,"(30, 35)",taxation,6,0.25,False,True,False
188,155-3,51716.4375,"(43, 12)",taxation,6,0.25,False,True,False
188,41-3,54142.0,"(26, 2)",taxation,6,0.25,False,True,False
188,115-3,54101.3125,"(10, 26)",taxation,6,0.25,False,True,False
188,207-3,39655.8125,"(31, 6)",taxation,6,0.25,False,True,False
188,120-3,56516.5,"(28, 33)",taxation,6,0.25,False,True,False
188,11-3,39636.1875,"(30, 6)",taxation,6,0.25,False,True,False
188,102-3,34792.125,"(26, 37)",taxation,6,0.25,False,True,False
188,103-3,49283.875,"(29, 34)",taxation,6,0.25,False,True,False
188,202-3,56526.5,"(27, 39)",taxation,6,0.25,False,True,False
188,164-3,51725.4375,"(28, 34)",taxation,6,0.25,False,True,False
188,2-3,49312.8125,"(7, 19)",taxation,6,0.25,False,True,False
188,186-3,46929.1875,"(43, 7)",taxation,6,0.25,False,True,False
188,85-3,44465.75,"(5, 21)",taxation,6,0.25,False,True,False
188,64-3,49245.0,"(32, 35)",taxation,6,0.25,False,True,False
188,188-3,49270.125,"(16, 19)",taxation,6,0.25,False,True,False
188,32-3,54089.8125,"(35, 32)",taxation,6,0.25,False,True,False
188,57-3,44435.6875,"(36, 33)",taxation,6,0.25,False,True,False
188,132-3,54133.3125,"(39, 34)",taxation,6,0.25,False,True,False
188,163-3,58896.5,"(47, 12)",taxation,6,0.25,False,True,False
188,19-3,51718.0,"(33, 34)",taxation,6,0.25,False,True,False
188,107-3,54036.875,"(23, 42)",taxation,6,0.25,False,True,False
188,221-3,46832.625,"(41, 4)",taxation,6,0.25,False,True,False
188,96-3,56502.375,"(12, 20)",taxation,6,0.25,False,True,False
188,92-3,54085.25,"(41, 33)",taxation,6,0.25,False,True,False
188,116-3,54127.125,"(39, 32)",taxation,6,0.25,False,True,False
188,13-3,46867.6875,"(32, 34)",taxation,6,0.25,False,True,False
188,174-3,54112.125,"(13, 20)",taxation,6,0.25,False,True,False
188,69-3,54037.875,"(34, 7)",taxation,6,0.25,False,True,False
188,184-3,49197.9375,"(14, 41)",taxation,6,0.25,False,True,False
188,237-3,39606.3125,"(18, 18)",taxation,6,0.25,False,True,False
188,90-3,44419.875,"(0, 27)",taxation,6,0.25,False,True,False
188,18-3,56498.3125,"(48, 12)",taxation,6,0.25,False,True,False
188,121-3,49269.0,"(6, 22)",taxation,6,0.25,False,True,False
188,30-3,56516.9375,"(48, 16)",taxation,6,0.25,False,True,False
188,97-3,39583.3125,"(15, 33)",taxation,6,0.25,False,True,False
188,229-3,54094.6875,"(30, 39)",taxation,6,0.25,False,True,False
188,27-3,44409.0625,"(25, 36)",taxation,6,0.25,False,True,False
188,117-3,44426.625,"(30, 34)",taxation,6,0.25,False,True,False
188,80-3,54066.625,"(10, 20)",taxation,6,0.25,False,True,False
188,166-3,46813.4375,"(15, 25)",taxation,6,0.25,False,True,False
188,86-3,49272.5,"(13, 19)",taxation,6,0.25,False,True,False
188,160-3,44413.75,"(1, 19)",taxation,6,0.25,False,True,False
188,233-3,46834.4375,"(7, 21)",taxation,6,0.25,False,True,False
188,235-3,49234.9375,"(26, 3)",taxation,6,0.25,False,True,False
188,48-3,51596.5,"(10, 28)",taxation,6,0.25,False,True,False
188,88-3,49254.0,"(34, 35)",taxation,6,0.25,False,True,False
188,52-3,37211.4375,"(19, 13)",taxation,6,0.25,False,True,False
188,58-3,51632.875,"(33, 3)",taxation,6,0.25,False,True,False
188,248-3,49252.1875,"(47, 13)",taxation,6,0.25,False,True,False
188,108-3,27539.6875,"(40, 31)",taxation,6,0.25,False,True,False
188,82-3,51654.125,"(48, 15)",taxation,6,0.25,False,True,False
188,236-3,49253.9375,"(46, 5)",taxation,6,0.25,False,True,False
188,104-3,46871.125,"(38, 32)",taxation,6,0.25,False,True,False
188,152-3,51627.1875,"(11, 24)",taxation,6,0.25,False,True,False
188,109-3,49248.875,"(31, 5)",taxation,6,0.25,False,True,False
188,72-3,56467.875,"(1, 20)",taxation,6,0.25,False,True,False
188,127-3,51632.5,"(19, 15)",taxation,6,0.25,False,True,False
188,61-3,58898.1875,"(43, 6)",taxation,6,0.25,False,True,False
188,232-3,29879.6875,"(2, 19)",taxation,6,0.25,False,True,False
188,65-3,56455.9375,"(34, 34)",taxation,6,0.25,False,True,False
188,124-3,46798.1875,"(3, 20)",taxation,6,0.25,False,True,False
188,62-3,49222.125,"(6, 28)",taxation,6,0.25,False,True,False
188,59-3,44430.9375,"(37, 35)",taxation,6,0.25,False,True,False
188,89-3,51653.0625,"(35, 33)",taxation,6,0.25,False,True,False
188,26-3,39580.5625,"(14, 29)",taxation,6,0.25,False,True,False
188,14-3,13067.875,"(19, 10)",taxation,6,0.25,False,True,False
188,194-3,44407.625,"(35, 34)",taxation,6,0.25,False,True,False
188,37-3,51662.0625,"(37, 32)",taxation,6,0.25,False,True,False
188,36-3,37160.4375,"(5, 23)",taxation,6,0.25,False,True,False
188,7-3,37187.375,"(43, 8)",taxation,6,0.25,False,True,False
188,47-3,34724.3125,"(24, 39)",taxation,6,0.25,False,True,False
188,223-3,34757.5,"(48, 14)",taxation,6,0.25,False,True,False
188,129-3,46824.5,"(2, 22)",taxation,6,0.25,False,True,False
188,77-3,41978.125,"(47, 14)",taxation,6,0.25,False,True,False
188,43-3,49213.8125,"(19, 14)",taxation,6,0.25,False,True,False
188,128-3,54072.25,"(46, 8)",taxation,6,0.25,False,True,False
188,79-3,46800.1875,"(18, 25)",taxation,6,0.25,False,True,False
188,199-3,56419.25,"(12, 19)",taxation,6,0.25,False,True,False
188,136-3,39557.375,"(22, 40)",taxation,6,0.25,False,True,False
188,99-3,46780.9375,"(24, 43)",taxation,6,0.25,False,True,False
188,84-3,49222.625,"(14, 15)",taxation,6,0.25,False,True,False
188,123-3,56434.5625,"(28, 42)",taxation,6,0.25,False,True,False
188,119-3,49196.75,"(17, 14)",taxation,6,0.25,False,True,False
188,46-3,34722.5,"(16, 16)",taxation,6,0.25,False,True,False
188,190-3,49186.0625,"(9, 31)",taxation,6,0.25,False,True,False
188,215-3,54074.625,"(42, 6)",taxation,6,0.25,False,True,False
188,220-3,54047.25,"(36, 36)",taxation,6,0.25,False,True,False
188,157-3,46780.1875,"(12, 31)",taxation,6,0.25,False,True,False
188,245-3,53995.0625,"(48, 13)",taxation,6,0.25,False,True,False
188,195-3,22677.9375,"(15, 18)",taxation,6,0.25,False,True,False
188,15-3,44391.0625,"(6, 23)",taxation,6,0.25,False,True,False
188,224-3,41956.3125,"(33, 37)",taxation,6,0.25,False,True,False
188,87-3,49187.625,"(27, 7)",taxation,6,0.25,False,True,False
188,135-3,49178.0625,"(29, 35)",taxation,6,0.25,False,True,False
188,8-3,49212.25,"(40, 33)",taxation,6,0.25,False,True,False
188,227-3,54019.375,"(34, 6)",taxation,6,0.25,False,True,False
188,178-3,54016.1875,"(28, 41)",taxation,6,0.25,False,True,False
188,114-3,56443.3125,"(34, 37)",taxation,6,0.25,False,True,False
188,118-3,53964.625,"(49, 12)",taxation,6,0.25,False,True,False
188,244-3,56425.875,"(25, 10)",taxation,6,0.25,False,True,False
188,34-3,44353.5,"(17, 18)",taxation,6,0.25,False,True,False
188,60-3,51584.4375,"(9, 30)",taxation,6,0.25,False,True,False
188,218-3,56426.125,"(5, 38)",taxation,6,0.25,False,True,False
188,49-3,46791.875,"(25, 2)",taxation,6,0.25,False,True,False
188,185-3,49236.125,"(37, 34)",taxation,6,0.25,False,True,False
188,228-4,29246.9375,"(15, 22)",taxation,6,0.25,False,True,False
188,24-3,39592.125,"(46, 7)",taxation,6,0.25,False,True,False
188,9-3,41974.9375,"(49, 16)",taxation,6,0.25,False,True,False
188,39-3,34679.625,"(25, 47)",taxation,6,0.25,False,True,False
188,151-3,39510.1875,"(40, 10)",taxation,6,0.25,False,True,False
188,29-3,49201.9375,"(43, 5)",taxation,6,0.25,False,True,False
188,230-3,39543.0,"(16, 21)",taxation,6,0.25,False,True,False
188,131-3,49182.75,"(14, 16)",taxation,6,0.25,False,True,False
188,81-3,46805.6875,"(36, 34)",taxation,6,0.25,False,True,False
188,222-3,49165.125,"(25, 1)",taxation,6,0.25,False,True,False
188,171-3,49162.375,"(8, 19)",taxation,6,0.25,False,True,False
188,200-3,46774.5,"(27, 36)",taxation,6,0.25,False,True,False
188,238-3,49175.5,"(45, 7)",taxation,6,0.25,False,True,False
188,153-3,25047.25,"(16, 17)",taxation,6,0.25,False,True,False
188,197-3,39525.1875,"(24, 12)",taxation,6,0.25,False,True,False
188,139-4,44354.765625,"(23, 41)",taxation,6,0.25,False,True,False
188,204-3,53969.375,"(10, 23)",taxation,6,0.25,False,True,False
188,211-3,32266.8125,"(11, 22)",taxation,6,0.25,False,True,False
188,93-3,22641.0,"(27, 6)",taxation,6,0.25,False,True,False
188,101-3,49201.5625,"(20, 13)",taxation,6,0.25,False,True,False
188,213-3,49188.625,"(34, 33)",taxation,6,0.25,False,True,False
188,70-3,51570.0,"(28, 40)",taxation,6,0.25,False,True,False
188,239-3,49174.625,"(24, 42)",taxation,6,0.25,False,True,False
188,243-3,46759.125,"(20, 11)",taxation,6,0.25,False,True,False
188,192-3,44353.25,"(45, 12)",taxation,6,0.25,False,True,False
188,143-3,49168.3125,"(38, 34)",taxation,6,0.25,False,True,False
188,35-3,49177.875,"(49, 14)",taxation,6,0.25,False,True,False
188,3-3,29829.6875,"(9, 25)",taxation,6,0.25,False,True,False
188,181-3,49154.937500000015,"(39, 3)",taxation,6,0.25,False,True,False
188,105-3,44334.625,"(40, 3)",taxation,6,0.25,False,True,False
188,177-3,49218.3125,"(32, 33)",taxation,6,0.25,False,True,False
188,167-4,38907.734375,"(24, 5)",taxation,6,0.25,False,True,False
188,173-4,10586.8125,"(15, 16)",taxation,6,0.25,False,True,False
188,44-3,32265.0,"(44, 12)",taxation,6,0.25,False,True,False
188,216-3,53966.5,"(43, 11)",taxation,6,0.25,False,True,False
188,217-3,29854.375,"(23, 36)",taxation,6,0.25,False,True,False
188,138-3,51514.8125,"(0, 45)",taxation,6,0.25,False,True,False
188,75-4,35241.0625,"(29, 38)",taxation,6,0.25,False,True,False
188,74-4,43094.0,"(8, 26)",taxation,6,0.25,False,True,False
188,191-3,56359.5625,"(14, 19)",taxation,6,0.25,False,True,False
188,240-4,12944.3125,"(26, 38)",taxation,6,0.25,False,True,False
188,20-3,46762.75,"(31, 34)",taxation,6,0.25,False,True,False
188,159-3,39511.375,"(15, 26)",taxation,6,0.25,False,True,False
188,158-4,35862.0625,"(2, 23)",taxation,6,0.25,False,True,False
188,66-3,53988.8125,"(33, 35)",taxation,6,0.25,False,True,False
188,170-4,34114.734375,"(46, 12)",taxation,6,0.25,False,True,False
188,146-4,15396.3125,"(44, 7)",taxation,6,0.25,False,True,False
188,208-4,39489.703125,"(13, 26)",taxation,6,0.25,False,True,False
188,219-4,43096.3125,"(4, 20)",taxation,6,0.25,False,True,False
188,140-4,911.0625,"(30, 36)",taxation,6,0.25,False,True,False
188,210-3,58787.5625,"(16, 27)",taxation,6,0.25,False,True,False
188,198-4,35284.71875,"(42, 7)",taxation,6,0.25,False,True,False
188,246-4,37102.3125,"(31, 36)",taxation,6,0.25,False,True,False
188,187-4,20179.1875,"(20, 14)",taxation,6,0.25,False,True,False
188,179-4,32302.53125,"(18, 14)",taxation,6,0.25,False,True,False
188,23-4,40055.5,"(14, 20)",taxation,6,0.25,False,True,False
188,31-4,44291.46875,"(23, 40)",taxation,6,0.25,False,True,False
188,150-3,41880.4375,"(26, 1)",taxation,6,0.25,False,True,False
188,12-3,46736.8125,"(30, 7)",taxation,6,0.25,False,True,False
188,98-4,20219.0625,"(16, 26)",taxation,6,0.25,False,True,False
188,126-3,49149.0625,"(49, 13)",taxation,6,0.25,False,True,False
188,176-4,897.1875,"(16, 24)",taxation,6,0.25,False,True,False
188,28-4,34051.203125,"(19, 22)",taxation,6,0.25,False,True,False
188,154-4,17745.3125,"(26, 36)",taxation,6,0.25,False,True,False
188,40-4,40673.3125,"(10, 24)",taxation,6,0.25,False,True,False
188,1-4,28651.140625,"(28, 39)",taxation,6,0.25,False,True,False
188,76-4,37075.921875000015,"(38, 31)",taxation,6,0.25,False,True,False
188,67-3,37105.5625,"(32, 38)",taxation,6,0.25,False,True,False
188,182-4,38829.890625,"(19, 23)",taxation,6,0.25,False,True,False
188,241-4,35236.21875,"(15, 14)",taxation,6,0.25,False,True,False
188,149-4,33472.5625,"(14, 25)",taxation,6,0.25,False,True,False
188,17-4,40697.03125,"(5, 27)",taxation,6,0.25,False,True,False
188,0-4,26215.828125,"(26, 5)",taxation,6,0.25,False,True,False
188,22-4,42471.8125,"(15, 15)",taxation,6,0.25,False,True,False
188,10-4,38861.390625,"(46, 10)",taxation,6,0.25,False,True,False
188,242-4,17180.953125,"(49, 15)",taxation,6,0.25,False,True,False
188,142-4,24376.859375,"(25, 3)",taxation,6,0.25,False,True,False
188,189-4,33488.84375,"(34, 32)",taxation,6,0.25,False,True,False
188,63-4,35202.171875,"(22, 4)",taxation,6,0.25,False,True,False
188,165-4,44218.1875,"(16, 15)",taxation,6,0.25,False,True,False
188,94-4,12941.125,"(32, 32)",taxation,6,0.25,False,True,False
188,206-4,37628.328125,"(14, 18)",taxation,6,0.25,False,True,False
188,172-4,40628.484375,"(0, 19)",taxation,6,0.25,False,True,False
188,144-4,37064.90625,"(24, 44)",taxation,6,0.25,False,True,False
188,111-4,40614.515625,"(24, 36)",taxation,6,0.25,False,True,False
188,83-4,40629.671875,"(21, 12)",taxation,6,0.25,False,True,False
188,249-4,38879.5625,"(49, 11)",taxation,6,0.25,False,True,False
188,51-4,38850.40625,"(17, 17)",taxation,6,0.25,False,True,False
188,180-4,37031.265625,"(3, 19)",taxation,6,0.25,False,True,False
188,148-4,29781.953125,"(30, 2)",taxation,6,0.25,False,True,False
188,16-4,42458.34375,"(10, 21)",taxation,6,0.25,False,True,False
188,134-4,37023.25,"(20, 18)",taxation,6,0.25,False,True,False
188,73-4,38816.265625,"(11, 20)",taxation,6,0.25,False,True,False
188,54-4,37017.140625,"(19, 16)",taxation,6,0.25,False,True,False
188,38-4,38821.59375,"(16, 18)",taxation,6,0.25,False,True,False
188,6-4,42450.625,"(14, 17)",taxation,6,0.25,False,True,False
188,156-4,27949.96875,"(29, 40)",taxation,6,0.25,False,True,False
188,95-4,42451.65625,"(40, 4)",taxation,6,0.25,False,True,False
188,42-4,28022.21875,"(6, 24)",taxation,6,0.25,False,True,False
188,168-4,40640.15625,"(28, 37)",taxation,6,0.25,False,True,False
188,183-4,26165.796875,"(36, 32)",taxation,6,0.25,False,True,False
188,53-4,24350.765625,"(46, 17)",taxation,6,0.25,False,True,False
188,106-4,35208.859375,"(16, 25)",taxation,6,0.25,False,True,False
188,133-4,33425.1875,"(25, 0)",taxation,6,0.25,False,True,False
188,25-4,33393.6875,"(18, 39)",taxation,6,0.25,False,True,False
188,56-4,37034.171875,"(31, 35)",taxation,6,0.25,False,True,False
188,234-4,38772.34375,"(11, 21)",taxation,6,0.25,False,True,False
188,71-4,40643.203125,"(35, 36)",taxation,6,0.25,False,True,False
188,162-4,38799.15625,"(17, 25)",taxation,6,0.25,False,True,False
188,45-4,38799.109375,"(33, 30)",taxation,6,0.25,False,True,False
188,212-4,38865.609375,"(29, 33)",taxation,6,0.25,False,True,False
188,110-4,42421.3125,"(1, 25)",taxation,6,0.25,False,True,False
188,225-4,38821.421875,"(27, 30)",taxation,6,0.25,False,True,False
188,231-4,24342.109375,"(44, 6)",taxation,6,0.25,False,True,False
188,137-4,33382.53125,"(29, 39)",taxation,6,0.25,False,True,False
188,4-4,27959.515625,"(13, 22)",taxation,6,0.25,False,True,False
188,169-4,29759.4375,"(42, 11)",taxation,6,0.25,False,True,False
188,125-4,40582.125,"(47, 8)",taxation,6,0.25,False,True,False
188,122-4,31552.515625,"(16, 23)",taxation,6,0.25,False,True,False
188,226-4,36983.796875,"(16, 14)",taxation,6,0.25,False,True,False
188,5-4,17078.21875,"(28, 38)",taxation,6,0.25,False,True,False
188,209-4,42429.46875,"(26, 47)",taxation,6,0.25,False,True,False
188,205-4,18930.359375,"(41, 6)",taxation,6,0.25,False,True,False
188,130-4,40561.34375,"(7, 22)",taxation,6,0.25,False,True,False
188,91-4,40638.796875,"(18, 22)",taxation,6,0.25,False,True,False
188,214-4,24314.4375,"(22, 12)",taxation,6,0.25,False,True,False
188,196-4,26108.25,"(4, 25)",taxation,6,0.25,False,True,False
188,21-4,35162.015625,"(10, 25)",taxation,6,0.25,False,True,False
188,141-4,29777.53125,"(33, 33)",taxation,6,0.25,False,True,False
188,193-4,33363.84375,"(27, 38)",taxation,6,0.25,False,True,False
189,201-3,34831.9375,"(47, 19)",taxation,6,0.25,False,True,False
189,145-3,51729.0,"(19, 9)",taxation,6,0.25,False,True,False
189,247-3,44497.75,"(33, 39)",taxation,6,0.25,False,True,False
189,203-3,58951.6875,"(8, 17)",taxation,6,0.25,False,True,False
189,50-3,56522.125,"(30, 43)",taxation,6,0.25,False,True,False
189,78-3,46914.6875,"(26, 44)",taxation,6,0.25,False,True,False
189,175-3,42046.375,"(13, 31)",taxation,6,0.25,False,True,False
189,112-3,54120.625,"(34, 41)",taxation,6,0.25,False,True,False
189,113-3,51684.0625,"(13, 38)",taxation,6,0.25,False,True,False
189,55-3,54129.9375,"(32, 36)",taxation,6,0.25,False,True,False
189,33-3,39643.9375,"(37, 38)",taxation,6,0.25,False,True,False
189,100-3,49343.5625,"(33, 40)",taxation,6,0.25,False,True,False
189,155-3,51721.4375,"(44, 16)",taxation,6,0.25,False,True,False
189,41-3,54150.0,"(22, 3)",taxation,6,0.25,False,True,False
189,115-3,54109.3125,"(7, 24)",taxation,6,0.25,False,True,False
189,207-3,39661.8125,"(29, 7)",taxation,6,0.25,False,True,False
189,120-3,56524.5,"(31, 38)",taxation,6,0.25,False,True,False
189,11-3,39643.1875,"(24, 7)",taxation,6,0.25,False,True,False
189,102-3,34800.125,"(31, 43)",taxation,6,0.25,False,True,False
189,103-3,49291.875,"(30, 38)",taxation,6,0.25,False,True,False
189,202-3,56534.5,"(29, 44)",taxation,6,0.25,False,True,False
189,164-3,51733.4375,"(32, 40)",taxation,6,0.25,False,True,False
189,2-3,49321.8125,"(6, 17)",taxation,6,0.25,False,True,False
189,186-3,46933.1875,"(39, 11)",taxation,6,0.25,False,True,False
189,85-3,44475.75,"(6, 18)",taxation,6,0.25,False,True,False
189,64-3,49254.0,"(36, 38)",taxation,6,0.25,False,True,False
189,188-3,49279.125,"(10, 16)",taxation,6,0.25,False,True,False
189,32-3,54098.8125,"(40, 36)",taxation,6,0.25,False,True,False
189,57-3,44444.6875,"(38, 35)",taxation,6,0.25,False,True,False
189,132-3,54142.3125,"(43, 34)",taxation,6,0.25,False,True,False
189,163-3,58901.5,"(46, 18)",taxation,6,0.25,False,True,False
189,19-3,51726.0,"(37, 30)",taxation,6,0.25,False,True,False
189,107-3,54044.875,"(25, 45)",taxation,6,0.25,False,True,False
189,221-3,46836.625,"(36, 7)",taxation,6,0.25,False,True,False
189,96-3,56511.375,"(8, 16)",taxation,6,0.25,False,True,False
189,92-3,54094.25,"(41, 34)",taxation,6,0.25,False,True,False
189,116-3,54136.125,"(40, 34)",taxation,6,0.25,False,True,False
189,13-3,46876.6875,"(33, 38)",taxation,6,0.25,False,True,False
189,174-3,54122.125,"(9, 18)",taxation,6,0.25,False,True,False
189,69-3,54043.875,"(30, 8)",taxation,6,0.25,False,True,False
189,184-3,49204.9375,"(20, 43)",taxation,6,0.25,False,True,False
189,237-3,39615.3125,"(12, 12)",taxation,6,0.25,False,True,False
189,90-3,44427.875,"(0, 26)",taxation,6,0.25,False,True,False
189,18-3,56504.3125,"(47, 18)",taxation,6,0.25,False,True,False
189,121-3,49278.0,"(6, 19)",taxation,6,0.25,False,True,False
189,30-3,56523.9375,"(48, 19)",taxation,6,0.25,False,True,False
189,97-3,39590.3125,"(14, 31)",taxation,6,0.25,False,True,False
189,229-3,54103.6875,"(34, 39)",taxation,6,0.25,False,True,False
189,27-3,44417.0625,"(31, 42)",taxation,6,0.25,False,True,False
189,117-3,44435.625,"(36, 39)",taxation,6,0.25,False,True,False
189,80-3,54075.625,"(6, 16)",taxation,6,0.25,False,True,False
189,166-3,46822.4375,"(9, 21)",taxation,6,0.25,False,True,False
189,86-3,49282.5,"(10, 19)",taxation,6,0.25,False,True,False
189,160-3,44422.75,"(1, 18)",taxation,6,0.25,False,True,False
189,233-3,46843.4375,"(4, 17)",taxation,6,0.25,False,True,False
189,235-3,49242.9375,"(21, 7)",taxation,6,0.25,False,True,False
189,48-3,51604.5,"(8, 25)",taxation,6,0.25,False,True,False
189,88-3,49263.0,"(36, 37)",taxation,6,0.25,False,True,False
189,52-3,37220.4375,"(15, 10)",taxation,6,0.25,False,True,False
189,58-3,51638.875,"(29, 3)",taxation,6,0.25,False,True,False
189,248-3,49259.1875,"(49, 19)",taxation,6,0.25,False,True,False
189,108-3,27548.6875,"(42, 32)",taxation,6,0.25,False,True,False
189,82-3,51660.125,"(46, 20)",taxation,6,0.25,False,True,False
189,236-3,49257.9375,"(40, 11)",taxation,6,0.25,False,True,False
189,104-3,46880.125,"(43, 31)",taxation,6,0.25,False,True,False
189,152-3,51635.1875,"(7, 23)",taxation,6,0.25,False,True,False
189,109-3,49255.875,"(25, 8)",taxation,6,0.25,False,True,False
189,72-3,56477.875,"(7, 17)",taxation,6,0.25,False,True,False
189,127-3,51641.5,"(15, 11)",taxation,6,0.25,False,True,False
189,61-3,58902.1875,"(37, 8)",taxation,6,0.25,False,True,False
189,232-3,29888.6875,"(2, 17)",taxation,6,0.25,False,True,False
189,65-3,56464.9375,"(35, 37)",taxation,6,0.25,False,True,False
189,124-3,46807.1875,"(2, 20)",taxation,6,0.25,False,True,False
189,62-3,49231.125,"(3, 22)",taxation,6,0.25,False,True,False
189,59-3,44439.9375,"(38, 36)",taxation,6,0.25,False,True,False
189,89-3,51662.0625,"(37, 36)",taxation,6,0.25,False,True,False
189,26-3,39588.5625,"(9, 24)",taxation,6,0.25,False,True,False
189,14-3,13076.875,"(16, 10)",taxation,6,0.25,False,True,False
189,194-3,44415.625,"(38, 33)",taxation,6,0.25,False,True,False
189,37-3,51671.0625,"(39, 35)",taxation,6,0.25,False,True,False
189,36-3,37169.4375,"(4, 18)",taxation,6,0.25,False,True,False
189,7-3,37191.375,"(43, 13)",taxation,6,0.25,False,True,False
189,47-3,34732.3125,"(27, 43)",taxation,6,0.25,False,True,False
189,223-3,34762.5,"(45, 18)",taxation,6,0.25,False,True,False
189,129-3,46834.5,"(5, 18)",taxation,6,0.25,False,True,False
189,77-3,41983.125,"(45, 16)",taxation,6,0.25,False,True,False
189,43-3,49222.8125,"(13, 11)",taxation,6,0.25,False,True,False
189,128-3,54076.25,"(46, 13)",taxation,6,0.25,False,True,False
189,79-3,46807.1875,"(14, 24)",taxation,6,0.25,False,True,False
189,199-3,56429.25,"(8, 18)",taxation,6,0.25,False,True,False
189,136-3,39565.375,"(25, 43)",taxation,6,0.25,False,True,False
189,99-3,46788.9375,"(25, 44)",taxation,6,0.25,False,True,False
189,84-3,49232.625,"(13, 14)",taxation,6,0.25,False,True,False
189,123-3,56443.5625,"(29, 42)",taxation,6,0.25,False,True,False
189,119-3,49205.75,"(15, 12)",taxation,6,0.25,False,True,False
189,46-3,34732.5,"(12, 15)",taxation,6,0.25,False,True,False
189,190-3,49194.0625,"(9, 26)",taxation,6,0.25,False,True,False
189,215-3,54078.625,"(37, 7)",taxation,6,0.25,False,True,False
189,220-3,54056.25,"(41, 35)",taxation,6,0.25,False,True,False
189,157-3,46788.1875,"(6, 26)",taxation,6,0.25,False,True,False
189,245-3,54001.0625,"(49, 18)",taxation,6,0.25,False,True,False
189,195-3,22686.9375,"(10, 14)",taxation,6,0.25,False,True,False
189,15-3,44400.0625,"(3, 18)",taxation,6,0.25,False,True,False
189,224-3,41965.3125,"(38, 38)",taxation,6,0.25,False,True,False
189,87-3,49194.625,"(23, 7)",taxation,6,0.25,False,True,False
189,135-3,49186.0625,"(33, 41)",taxation,6,0.25,False,True,False
189,8-3,49221.25,"(40, 35)",taxation,6,0.25,False,True,False
189,227-3,54025.375,"(29, 6)",taxation,6,0.25,False,True,False
189,178-3,54024.1875,"(28, 43)",taxation,6,0.25,False,True,False
189,114-3,56452.3125,"(35, 38)",taxation,6,0.25,False,True,False
189,118-3,53969.625,"(48, 18)",taxation,6,0.25,False,True,False
189,244-3,56433.875,"(21, 10)",taxation,6,0.25,False,True,False
189,34-3,44363.5,"(12, 14)",taxation,6,0.25,False,True,False
189,60-3,51592.4375,"(7, 26)",taxation,6,0.25,False,True,False
189,218-3,56431.125,"(6, 38)",taxation,6,0.25,False,True,False
189,49-3,46799.875,"(21, 2)",taxation,6,0.25,False,True,False
189,185-3,49244.125,"(40, 32)",taxation,6,0.25,False,True,False
189,228-4,29255.9375,"(13, 16)",taxation,6,0.25,False,True,False
189,24-3,39596.125,"(45, 13)",taxation,6,0.25,False,True,False
189,9-3,41980.9375,"(49, 21)",taxation,6,0.25,False,True,False
189,39-3,34688.625,"(29, 43)",taxation,6,0.25,False,True,False
189,151-3,39515.1875,"(35, 11)",taxation,6,0.25,False,True,False
189,29-3,49205.9375,"(37, 9)",taxation,6,0.25,False,True,False
189,230-3,39553.0,"(10, 17)",taxation,6,0.25,False,True,False
189,131-3,49191.75,"(14, 13)",taxation,6,0.25,False,True,False
189,81-3,46813.6875,"(39, 31)",taxation,6,0.25,False,True,False
189,222-3,49173.125,"(19, 3)",taxation,6,0.25,False,True,False
189,171-3,49171.375,"(7, 16)",taxation,6,0.25,False,True,False
189,200-3,46783.5,"(32, 39)",taxation,6,0.25,False,True,False
189,238-3,49179.5,"(44, 13)",taxation,6,0.25,False,True,False
189,153-3,25056.25,"(12, 16)",taxation,6,0.25,False,True,False
189,197-3,39533.1875,"(24, 11)",taxation,6,0.25,False,True,False
189,139-4,44362.765625,"(26, 43)",taxation,6,0.25,False,True,False
189,204-3,53977.375,"(9, 19)",taxation,6,0.25,False,True,False
189,211-3,32275.8125,"(5, 17)",taxation,6,0.25,False,True,False
189,93-3,22648.0,"(23, 8)",taxation,6,0.25,False,True,False
189,101-3,49210.5625,"(14, 9)",taxation,6,0.25,False,True,False
189,213-3,49197.625,"(39, 37)",taxation,6,0.25,False,True,False
189,70-3,51579.0,"(29, 41)",taxation,6,0.25,False,True,False
189,239-3,49182.625,"(27, 45)",taxation,6,0.25,False,True,False
189,243-3,46768.125,"(14, 10)",taxation,6,0.25,False,True,False
189,192-3,44358.25,"(43, 17)",taxation,6,0.25,False,True,False
189,143-3,49177.3125,"(42, 34)",taxation,6,0.25,False,True,False
189,35-3,49182.875,"(47, 16)",taxation,6,0.25,False,True,False
189,3-3,29837.6875,"(8, 24)",taxation,6,0.25,False,True,False
189,181-3,49159.937500000015,"(33, 6)",taxation,6,0.25,False,True,False
189,105-3,44338.625,"(36, 6)",taxation,6,0.25,False,True,False
189,177-3,49226.3125,"(36, 35)",taxation,6,0.25,False,True,False
189,167-4,38915.734375,"(20, 6)",taxation,6,0.25,False,True,False
189,173-4,10596.8125,"(10, 15)",taxation,6,0.25,False,True,False
189,44-3,32271.0,"(42, 18)",taxation,6,0.25,False,True,False
189,216-3,53971.5,"(43, 16)",taxation,6,0.25,False,True,False
189,217-3,29862.375,"(29, 37)",taxation,6,0.25,False,True,False
189,138-3,51519.8125,"(6, 39)",taxation,6,0.25,False,True,False
189,75-4,35249.0625,"(32, 41)",taxation,6,0.25,False,True,False
189,74-4,43103.0,"(4, 21)",taxation,6,0.25,False,True,False
189,191-3,56369.5625,"(9, 17)",taxation,6,0.25,False,True,False
189,240-4,12952.3125,"(27, 44)",taxation,6,0.25,False,True,False
189,20-3,46771.75,"(34, 38)",taxation,6,0.25,False,True,False
189,159-3,39519.375,"(12, 21)",taxation,6,0.25,False,True,False
189,158-4,35872.0625,"(4, 19)",taxation,6,0.25,False,True,False
189,66-3,53996.8125,"(37, 33)",taxation,6,0.25,False,True,False
189,170-4,34119.734375,"(44, 17)",taxation,6,0.25,False,True,False
189,146-4,15400.3125,"(42, 12)",taxation,6,0.25,False,True,False
189,208-4,39497.703125,"(9, 23)",taxation,6,0.25,False,True,False
189,219-4,43106.3125,"(7, 18)",taxation,6,0.25,False,True,False
189,140-4,919.0625,"(32, 42)",taxation,6,0.25,False,True,False
189,210-3,58794.5625,"(15, 29)",taxation,6,0.25,False,True,False
189,198-4,35288.71875,"(39, 10)",taxation,6,0.25,False,True,False
189,246-4,37111.3125,"(31, 39)",taxation,6,0.25,False,True,False
189,187-4,20188.1875,"(18, 10)",taxation,6,0.25,False,True,False
189,179-4,32311.53125,"(17, 11)",taxation,6,0.25,False,True,False
189,23-4,40064.5,"(9, 16)",taxation,6,0.25,False,True,False
189,31-4,44299.46875,"(26, 46)",taxation,6,0.25,False,True,False
189,150-3,41888.4375,"(21, 3)",taxation,6,0.25,False,True,False
189,12-3,46743.8125,"(25, 9)",taxation,6,0.25,False,True,False
189,98-4,20227.0625,"(11, 25)",taxation,6,0.25,False,True,False
189,126-3,49154.0625,"(49, 17)",taxation,6,0.25,False,True,False
189,176-4,905.1875,"(11, 18)",taxation,6,0.25,False,True,False
189,28-4,34059.203125,"(15, 17)",taxation,6,0.25,False,True,False
189,154-4,17754.3125,"(30, 40)",taxation,6,0.25,False,True,False
189,40-4,40681.3125,"(8, 23)",taxation,6,0.25,False,True,False
189,1-4,28659.140625,"(28, 44)",taxation,6,0.25,False,True,False
189,76-4,37084.921875000015,"(42, 33)",taxation,6,0.25,False,True,False
189,67-3,37114.5625,"(34, 40)",taxation,6,0.25,False,True,False
189,182-4,38838.890625,"(13, 17)",taxation,6,0.25,False,True,False
189,241-4,35245.21875,"(14, 11)",taxation,6,0.25,False,True,False
189,149-4,33480.5625,"(8, 20)",taxation,6,0.25,False,True,False
189,17-4,40706.03125,"(3, 21)",taxation,6,0.25,False,True,False
189,0-4,26223.828125,"(20, 8)",taxation,6,0.25,False,True,False
189,22-4,42480.8125,"(13, 13)",taxation,6,0.25,False,True,False
189,10-4,38866.390625,"(46, 16)",taxation,6,0.25,False,True,False
189,242-4,17186.953125,"(48, 17)",taxation,6,0.25,False,True,False
189,142-4,24384.859375,"(22, 5)",taxation,6,0.25,False,True,False
189,189-4,33496.84375,"(38, 30)",taxation,6,0.25,False,True,False
189,63-4,35211.171875,"(17, 9)",taxation,6,0.25,False,True,False
189,165-4,44227.1875,"(12, 13)",taxation,6,0.25,False,True,False
189,94-4,12950.125,"(38, 37)",taxation,6,0.25,False,True,False
189,206-4,37638.328125,"(11, 15)",taxation,6,0.25,False,True,False
189,172-4,40637.484375,"(0, 18)",taxation,6,0.25,False,True,False
189,144-4,37072.90625,"(26, 45)",taxation,6,0.25,False,True,False
189,111-4,40621.515625,"(24, 35)",taxation,6,0.25,False,True,False
189,83-4,40638.671875,"(18, 9)",taxation,6,0.25,False,True,False
189,249-4,38885.5625,"(47, 17)",taxation,6,0.25,False,True,False
189,51-4,38859.40625,"(13, 12)",taxation,6,0.25,False,True,False
189,180-4,37040.265625,"(2, 18)",taxation,6,0.25,False,True,False
189,148-4,29788.953125,"(24, 2)",taxation,6,0.25,False,True,False
189,16-4,42467.34375,"(9, 15)",taxation,6,0.25,False,True,False
189,134-4,37031.25,"(18, 15)",taxation,6,0.25,False,True,False
189,73-4,38825.265625,"(11, 14)",taxation,6,0.25,False,True,False
189,54-4,37026.140625,"(15, 13)",taxation,6,0.25,False,True,False
189,38-4,38830.59375,"(11, 17)",taxation,6,0.25,False,True,False
189,6-4,42460.625,"(13, 15)",taxation,6,0.25,False,True,False
189,156-4,27958.96875,"(30, 42)",taxation,6,0.25,False,True,False
189,95-4,42456.65625,"(34, 9)",taxation,6,0.25,False,True,False
189,42-4,28031.21875,"(2, 21)",taxation,6,0.25,False,True,False
189,168-4,40648.15625,"(32, 43)",taxation,6,0.25,False,True,False
189,183-4,26173.796875,"(37, 31)",taxation,6,0.25,False,True,False
189,53-4,24356.765625,"(46, 21)",taxation,6,0.25,False,True,False
189,106-4,35215.859375,"(17, 26)",taxation,6,0.25,False,True,False
189,133-4,33433.1875,"(21, 5)",taxation,6,0.25,False,True,False
189,25-4,33400.6875,"(18, 38)",taxation,6,0.25,False,True,False
189,56-4,37041.171875,"(31, 37)",taxation,6,0.25,False,True,False
189,234-4,38781.34375,"(8, 15)",taxation,6,0.25,False,True,False
189,71-4,40651.203125,"(35, 40)",taxation,6,0.25,False,True,False
189,162-4,38807.15625,"(12, 22)",taxation,6,0.25,False,True,False
189,45-4,38808.109375,"(39, 36)",taxation,6,0.25,False,True,False
189,212-4,38874.609375,"(35, 39)",taxation,6,0.25,False,True,False
189,110-4,42430.3125,"(0, 23)",taxation,6,0.25,False,True,False
189,225-4,38828.421875,"(26, 35)",taxation,6,0.25,False,True,False
189,231-4,24346.109375,"(40, 12)",taxation,6,0.25,False,True,False
189,137-4,33390.53125,"(31, 40)",taxation,6,0.25,False,True,False
189,4-4,27969.515625,"(10, 18)",taxation,6,0.25,False,True,False
189,169-4,29764.4375,"(41, 16)",taxation,6,0.25,False,True,False
189,125-4,40586.125,"(43, 14)",taxation,6,0.25,False,True,False
189,122-4,31561.515625,"(12, 18)",taxation,6,0.25,False,True,False
189,226-4,36992.796875,"(14, 12)",taxation,6,0.25,False,True,False
189,5-4,17087.21875,"(31, 41)",taxation,6,0.25,False,True,False
189,209-4,42437.46875,"(27, 46)",taxation,6,0.25,False,True,False
189,205-4,18935.359375,"(35, 10)",taxation,6,0.25,False,True,False
189,130-4,40570.34375,"(5, 16)",taxation,6,0.25,False,True,False
189,91-4,40647.796875,"(13, 18)",taxation,6,0.25,False,True,False
189,214-4,24322.4375,"(19, 12)",taxation,6,0.25,False,True,False
189,196-4,26117.25,"(4, 22)",taxation,6,0.25,False,True,False
189,21-4,35171.015625,"(6, 21)",taxation,6,0.25,False,True,False
189,141-4,29786.53125,"(37, 37)",taxation,6,0.25,False,True,False
189,193-4,33372.84375,"(30, 41)",taxation,6,0.25,False,True,False
189,68-4,31566.984375,"(11, 16)",taxation,6,0.25,False,True,False
189,161-4,31546.875,"(26, 7)",taxation,6,0.25,False,True,False
189,147-4,36994.921875,"(16, 11)",taxation,6,0.25,False,True,False
190,145-3,51738.0,"(19, 8)",taxation,6,0.25,False,True,False
190,247-3,44506.75,"(31, 44)",taxation,6,0.25,False,True,False
190,203-3,58953.6875,"(13, 21)",taxation,6,0.25,False,True,False
190,78-3,46922.6875,"(22, 45)",taxation,6,0.25,False,True,False
190,112-3,54121.625,"(34, 37)",taxation,6,0.25,False,True,False
190,33-3,39645.9375,"(31, 32)",taxation,6,0.25,False,True,False
190,100-3,49352.5625,"(30, 46)",taxation,6,0.25,False,True,False
190,155-3,51728.4375,"(44, 22)",taxation,6,0.25,False,True,False
190,41-3,54159.0,"(18, 3)",taxation,6,0.25,False,True,False
190,115-3,54118.3125,"(2, 26)",taxation,6,0.25,False,True,False
190,207-3,39669.8125,"(23, 2)",taxation,6,0.25,False,True,False
190,120-3,56532.5,"(25, 41)",taxation,6,0.25,False,True,False
190,11-3,39652.1875,"(18, 5)",taxation,6,0.25,False,True,False
190,102-3,34809.125,"(29, 47)",taxation,6,0.25,False,True,False
190,103-3,49298.875,"(24, 37)",taxation,6,0.25,False,True,False
190,202-3,56543.5,"(30, 44)",taxation,6,0.25,False,True,False
190,164-3,51741.4375,"(27, 42)",taxation,6,0.25,False,True,False
190,2-3,49331.8125,"(6, 15)",taxation,6,0.25,False,True,False
190,186-3,46939.1875,"(34, 11)",taxation,6,0.25,False,True,False
190,85-3,44477.75,"(3, 23)",taxation,6,0.25,False,True,False
190,64-3,49256.0,"(33, 32)",taxation,6,0.25,False,True,False
190,188-3,49287.125,"(16, 13)",taxation,6,0.25,False,True,False
190,32-3,54107.8125,"(44, 36)",taxation,6,0.25,False,True,False
190,57-3,44453.6875,"(43, 35)",taxation,6,0.25,False,True,False
190,132-3,54152.3125,"(45, 31)",taxation,6,0.25,False,True,False
190,163-3,58908.5,"(46, 23)",taxation,6,0.25,False,True,False
190,19-3,51735.0,"(39, 30)",taxation,6,0.25,False,True,False
190,107-3,54052.875,"(23, 47)",taxation,6,0.25,False,True,False
190,221-3,46842.625,"(32, 7)",taxation,6,0.25,False,True,False
190,96-3,56513.375,"(10, 22)",taxation,6,0.25,False,True,False
190,92-3,54104.25,"(46, 30)",taxation,6,0.25,False,True,False
190,116-3,54145.125,"(44, 33)",taxation,6,0.25,False,True,False
190,13-3,46883.6875,"(30, 32)",taxation,6,0.25,False,True,False
190,174-3,54125.125,"(13, 24)",taxation,6,0.25,False,True,False
190,69-3,54050.875,"(28, 8)",taxation,6,0.25,False,True,False
190,184-3,49212.9375,"(21, 43)",taxation,6,0.25,False,True,False
190,237-3,39624.3125,"(14, 7)",taxation,6,0.25,False,True,False
190,90-3,44435.875,"(4, 31)",taxation,6,0.25,False,True,False
190,18-3,56511.3125,"(46, 24)",taxation,6,0.25,False,True,False
190,121-3,49280.0,"(5, 24)",taxation,6,0.25,False,True,False
190,30-3,56530.9375,"(47, 21)",taxation,6,0.25,False,True,False
190,97-3,39598.3125,"(11, 30)",taxation,6,0.25,False,True,False
190,229-3,54105.6875,"(28, 35)",taxation,6,0.25,False,True,False
190,27-3,44426.0625,"(31, 45)",taxation,6,0.25,False,True,False
190,117-3,44437.625,"(31, 33)",taxation,6,0.25,False,True,False
190,80-3,54076.625,"(8, 19)",taxation,6,0.25,False,True,False
190,166-3,46826.4375,"(10, 27)",taxation,6,0.25,False,True,False
190,86-3,49292.5,"(8, 14)",taxation,6,0.25,False,True,False
190,160-3,44431.75,"(0, 20)",taxation,6,0.25,False,True,False
190,233-3,46844.4375,"(3, 19)",taxation,6,0.25,False,True,False
190,235-3,49251.9375,"(17, 4)",taxation,6,0.25,False,True,False
190,48-3,51612.5,"(7, 28)",taxation,6,0.25,False,True,False
190,88-3,49272.0,"(41, 36)",taxation,6,0.25,False,True,False
190,52-3,37229.4375,"(16, 7)",taxation,6,0.25,False,True,False
190,58-3,51646.875,"(24, 1)",taxation,6,0.25,False,True,False
190,248-3,49266.1875,"(49, 23)",taxation,6,0.25,False,True,False
190,108-3,27557.6875,"(43, 33)",taxation,6,0.25,False,True,False
190,82-3,51668.125,"(44, 26)",taxation,6,0.25,False,True,False
190,236-3,49262.9375,"(39, 12)",taxation,6,0.25,False,True,False
190,104-3,46889.125,"(45, 32)",taxation,6,0.25,False,True,False
190,152-3,51644.1875,"(6, 20)",taxation,6,0.25,False,True,False
190,109-3,49264.875,"(19, 7)",taxation,6,0.25,False,True,False
190,72-3,56479.875,"(8, 22)",taxation,6,0.25,False,True,False
190,127-3,51650.5,"(15, 9)",taxation,6,0.25,False,True,False
190,61-3,58908.1875,"(34, 10)",taxation,6,0.25,False,True,False
190,232-3,29898.6875,"(3, 17)",taxation,6,0.25,False,True,False
190,65-3,56470.9375,"(41, 31)",taxation,6,0.25,False,True,False
190,124-3,46815.1875,"(0, 24)",taxation,6,0.25,False,True,False
190,62-3,49240.125,"(1, 22)",taxation,6,0.25,False,True,False
190,59-3,44449.9375,"(44, 32)",taxation,6,0.25,False,True,False
190,89-3,51670.0625,"(42, 31)",taxation,6,0.25,False,True,False
190,26-3,39597.5625,"(5, 26)",taxation,6,0.25,False,True,False
190,14-3,13086.875,"(12, 11)",taxation,6,0.25,False,True,False
190,194-3,44423.625,"(38, 29)",taxation,6,0.25,False,True,False
190,37-3,51680.0625,"(41, 32)",taxation,6,0.25,False,True,False
190,36-3,37171.4375,"(1, 23)",taxation,6,0.25,False,True,False
190,7-3,37197.375,"(42, 19)",taxation,6,0.25,False,True,False
190,47-3,34741.3125,"(29, 46)",taxation,6,0.25,False,True,False
190,223-3,34769.5,"(45, 21)",taxation,6,0.25,False,True,False
190,129-3,46842.5,"(4, 23)",taxation,6,0.25,False,True,False
190,77-3,41989.125,"(45, 19)",taxation,6,0.25,False,True,False
190,43-3,49232.8125,"(13, 10)",taxation,6,0.25,False,True,False
190,128-3,54081.25,"(45, 15)",taxation,6,0.25,False,True,False
190,79-3,46815.1875,"(13, 23)",taxation,6,0.25,False,True,False
190,199-3,56437.25,"(11, 23)",taxation,6,0.25,False,True,False
190,136-3,39573.375,"(24, 41)",taxation,6,0.25,False,True,False
190,99-3,46796.9375,"(25, 42)",taxation,6,0.25,False,True,False
190,84-3,49242.625,"(11, 13)",taxation,6,0.25,False,True,False
190,123-3,56452.5625,"(29, 45)",taxation,6,0.25,False,True,False
190,119-3,49214.75,"(17, 12)",taxation,6,0.25,False,True,False
190,46-3,34741.5,"(17, 13)",taxation,6,0.25,False,True,False
190,190-3,49202.0625,"(9, 28)",taxation,6,0.25,False,True,False
190,215-3,54084.625,"(33, 10)",taxation,6,0.25,False,True,False
190,220-3,54065.25,"(42, 35)",taxation,6,0.25,False,True,False
190,157-3,46797.1875,"(3, 27)",taxation,6,0.25,False,True,False
190,245-3,54008.0625,"(47, 23)",taxation,6,0.25,False,True,False
190,195-3,22693.9375,"(16, 9)",taxation,6,0.25,False,True,False
190,15-3,44408.0625,"(5, 22)",taxation,6,0.25,False,True,False
190,224-3,41975.3125,"(44, 35)",taxation,6,0.25,False,True,False
190,87-3,49203.625,"(18, 6)",taxation,6,0.25,False,True,False
190,135-3,49194.0625,"(27, 47)",taxation,6,0.25,False,True,False
190,8-3,49230.25,"(45, 35)",taxation,6,0.25,False,True,False
190,227-3,54033.375,"(24, 0)",taxation,6,0.25,False,True,False
190,178-3,54032.1875,"(25, 48)",taxation,6,0.25,False,True,False
190,114-3,56460.3125,"(39, 33)",taxation,6,0.25,False,True,False
190,118-3,53976.625,"(48, 23)",taxation,6,0.25,False,True,False
190,244-3,56442.875,"(17, 5)",taxation,6,0.25,False,True,False
190,34-3,44372.5,"(15, 8)",taxation,6,0.25,False,True,False
190,60-3,51600.4375,"(6, 30)",taxation,6,0.25,False,True,False
190,218-3,56438.125,"(12, 33)",taxation,6,0.25,False,True,False
190,49-3,46808.875,"(17, 3)",taxation,6,0.25,False,True,False
190,185-3,49253.125,"(43, 32)",taxation,6,0.25,False,True,False
190,228-4,29263.9375,"(17, 16)",taxation,6,0.25,False,True,False
190,24-3,39602.125,"(44, 18)",taxation,6,0.25,False,True,False
190,9-3,41990.9375,"(46, 26)",taxation,6,0.25,False,True,False
190,39-3,34696.625,"(26, 41)",taxation,6,0.25,False,True,False
190,151-3,39522.1875,"(29, 9)",taxation,6,0.25,False,True,False
190,29-3,49211.9375,"(33, 9)",taxation,6,0.25,False,True,False
190,230-3,39563.0,"(10, 13)",taxation,6,0.25,False,True,False
190,131-3,49200.75,"(18, 12)",taxation,6,0.25,False,True,False
190,81-3,46822.6875,"(41, 28)",taxation,6,0.25,False,True,False
190,222-3,49181.125,"(20, 3)",taxation,6,0.25,False,True,False
190,171-3,49173.375,"(9, 22)",taxation,6,0.25,False,True,False
190,200-3,46785.5,"(26, 39)",taxation,6,0.25,False,True,False
190,238-3,49185.5,"(42, 17)",taxation,6,0.25,False,True,False
190,153-3,25059.25,"(16, 22)",taxation,6,0.25,False,True,False
190,197-3,39542.1875,"(18, 7)",taxation,6,0.25,False,True,False
190,139-4,44370.765625,"(26, 42)",taxation,6,0.25,False,True,False
190,204-3,53987.375,"(9, 13)",taxation,6,0.25,False,True,False
190,211-3,32276.8125,"(7, 19)",taxation,6,0.25,False,True,False
190,93-3,22657.0,"(17, 8)",taxation,6,0.25,False,True,False
190,101-3,49219.5625,"(16, 8)",taxation,6,0.25,False,True,False
190,213-3,49206.625,"(45, 36)",taxation,6,0.25,False,True,False
190,70-3,51586.0,"(25, 46)",taxation,6,0.25,False,True,False
190,239-3,49191.625,"(28, 46)",taxation,6,0.25,False,True,False
190,243-3,46777.125,"(13, 9)",taxation,6,0.25,False,True,False
190,192-3,44365.25,"(42, 21)",taxation,6,0.25,False,True,False
190,143-3,49187.3125,"(44, 34)",taxation,6,0.25,False,True,False
190,35-3,49188.875,"(47, 20)",taxation,6,0.25,False,True,False
190,3-3,29845.6875,"(7, 27)",taxation,6,0.25,False,True,False
190,181-3,49166.937500000015,"(28, 6)",taxation,6,0.25,False,True,False
190,105-3,44344.625,"(32, 6)",taxation,6,0.25,False,True,False
190,177-3,49234.3125,"(35, 29)",taxation,6,0.25,False,True,False
190,167-4,38924.734375,"(19, 6)",taxation,6,0.25,False,True,False
190,173-4,10605.8125,"(12, 10)",taxation,6,0.25,False,True,False
190,44-3,32278.0,"(41, 23)",taxation,6,0.25,False,True,False
190,216-3,53977.5,"(44, 19)",taxation,6,0.25,False,True,False
190,217-3,29868.375,"(23, 34)",taxation,6,0.25,False,True,False
190,138-3,51526.8125,"(12, 36)",taxation,6,0.25,False,True,False
190,75-4,35251.0625,"(27, 41)",taxation,6,0.25,False,True,False
190,74-4,43112.0,"(1, 26)",taxation,6,0.25,False,True,False
190,191-3,56379.5625,"(7, 15)",taxation,6,0.25,False,True,False
190,240-4,12960.3125,"(27, 48)",taxation,6,0.25,False,True,False
190,20-3,46773.75,"(28, 36)",taxation,6,0.25,False,True,False
190,159-3,39528.375,"(7, 20)",taxation,6,0.25,False,True,False
190,158-4,35881.0625,"(5, 19)",taxation,6,0.25,False,True,False
190,66-3,54005.8125,"(42, 28)",taxation,6,0.25,False,True,False
190,170-4,34126.734375,"(45, 23)",taxation,6,0.25,False,True,False
190,146-4,15406.3125,"(43, 18)",taxation,6,0.25,False,True,False
190,208-4,39505.703125,"(7, 25)",taxation,6,0.25,False,True,False
190,219-4,43114.3125,"(9, 20)",taxation,6,0.25,False,True,False
190,140-4,927.0625,"(28, 47)",taxation,6,0.25,False,True,False
190,210-3,58802.5625,"(12, 28)",taxation,6,0.25,False,True,False
190,198-4,35294.71875,"(33, 11)",taxation,6,0.25,False,True,False
190,246-4,37119.3125,"(25, 35)",taxation,6,0.25,False,True,False
190,187-4,20197.1875,"(17, 10)",taxation,6,0.25,False,True,False
190,179-4,32321.53125,"(11, 11)",taxation,6,0.25,False,True,False
190,23-4,40071.5,"(14, 22)",taxation,6,0.25,False,True,False
190,31-4,44307.46875,"(24, 48)",taxation,6,0.25,False,True,False
190,150-3,41897.4375,"(19, 4)",taxation,6,0.25,False,True,False
190,12-3,46752.8125,"(20, 9)",taxation,6,0.25,False,True,False
190,98-4,20235.0625,"(10, 30)",taxation,6,0.25,False,True,False
190,126-3,49160.0625,"(49, 20)",taxation,6,0.25,False,True,False
190,176-4,915.1875,"(9, 14)",taxation,6,0.25,False,True,False
190,28-4,34067.203125,"(20, 17)",taxation,6,0.25,False,True,False
190,154-4,17760.3125,"(24, 40)",taxation,6,0.25,False,True,False
190,40-4,40689.3125,"(11, 26)",taxation,6,0.25,False,True,False
190,1-4,28668.140625,"(28, 45)",taxation,6,0.25,False,True,False
190,76-4,37093.921875000015,"(45, 33)",taxation,6,0.25,False,True,False
190,67-3,37115.5625,"(32, 38)",taxation,6,0.25,False,True,False
190,182-4,38847.890625,"(17, 15)",taxation,6,0.25,False,True,False
190,241-4,35254.21875,"(15, 5)",taxation,6,0.25,False,True,False
190,149-4,33487.5625,"(12, 25)",taxation,6,0.25,False,True,False
190,17-4,40709.03125,"(2, 27)",taxation,6,0.25,False,True,False
190,0-4,26232.828125,"(17, 6)",taxation,6,0.25,False,True,False
190,22-4,42488.8125,"(19, 11)",taxation,6,0.25,False,True,False
190,10-4,38872.390625,"(45, 20)",taxation,6,0.25,False,True,False
190,242-4,17193.953125,"(48, 21)",taxation,6,0.25,False,True,False
190,142-4,24393.859375,"(19, 5)",taxation,6,0.25,False,True,False
190,189-4,33506.84375,"(44, 31)",taxation,6,0.25,False,True,False
190,63-4,35220.171875,"(16, 4)",taxation,6,0.25,False,True,False
190,165-4,44235.1875,"(18, 8)",taxation,6,0.25,False,True,False
190,94-4,12959.125,"(43, 36)",taxation,6,0.25,False,True,False
190,206-4,37641.328125,"(17, 19)",taxation,6,0.25,False,True,False
190,172-4,40646.484375,"(0, 21)",taxation,6,0.25,False,True,False
190,144-4,37080.90625,"(26, 48)",taxation,6,0.25,False,True,False
190,111-4,40629.515625,"(23, 35)",taxation,6,0.25,False,True,False
190,83-4,40647.671875,"(17, 7)",taxation,6,0.25,False,True,False
190,249-4,38891.5625,"(46, 19)",taxation,6,0.25,False,True,False
190,51-4,38868.40625,"(14, 8)",taxation,6,0.25,False,True,False
190,180-4,37049.265625,"(0, 22)",taxation,6,0.25,False,True,False
190,148-4,29797.953125,"(18, 4)",taxation,6,0.25,False,True,False
190,16-4,42469.34375,"(15, 19)",taxation,6,0.25,False,True,False
190,134-4,37040.25,"(18, 13)",taxation,6,0.25,False,True,False
190,73-4,38835.265625,"(11, 12)",taxation,6,0.25,False,True,False
190,54-4,37035.140625,"(16, 12)",taxation,6,0.25,False,True,False
190,38-4,38833.59375,"(14, 23)",taxation,6,0.25,False,True,False
190,6-4,42468.625,"(18, 11)",taxation,6,0.25,False,True,False
190,156-4,27967.96875,"(30, 45)",taxation,6,0.25,False,True,False
190,95-4,42463.65625,"(28, 9)",taxation,6,0.25,False,True,False
190,42-4,28040.21875,"(1, 21)",taxation,6,0.25,False,True,False
190,168-4,40656.15625,"(29, 48)",taxation,6,0.25,False,True,False
190,183-4,26182.796875,"(41, 29)",taxation,6,0.25,False,True,False
190,53-4,24364.765625,"(46, 27)",taxation,6,0.25,False,True,False
190,106-4,35223.859375,"(17, 31)",taxation,6,0.25,False,True,False
190,133-4,33442.1875,"(16, 5)",taxation,6,0.25,False,True,False
190,25-4,33408.6875,"(21, 38)",taxation,6,0.25,False,True,False
190,56-4,37044.171875,"(25, 37)",taxation,6,0.25,False,True,False
190,234-4,38789.34375,"(8, 21)",taxation,6,0.25,False,True,False
190,71-4,40653.203125,"(29, 36)",taxation,6,0.25,False,True,False
190,162-4,38815.15625,"(12, 24)",taxation,6,0.25,False,True,False
190,45-4,38817.109375,"(42, 36)",taxation,6,0.25,False,True,False
190,212-4,38882.609375,"(35, 35)",taxation,6,0.25,False,True,False
190,110-4,42437.3125,"(4, 29)",taxation,6,0.25,False,True,False
190,225-4,38836.421875,"(23, 39)",taxation,6,0.25,False,True,False
190,231-4,24352.109375,"(40, 18)",taxation,6,0.25,False,True,False
190,137-4,33397.53125,"(25, 34)",taxation,6,0.25,False,True,False
190,4-4,27972.515625,"(15, 23)",taxation,6,0.25,False,True,False
190,169-4,29770.4375,"(39, 19)",taxation,6,0.25,False,True,False
190,125-4,40592.125,"(43, 19)",taxation,6,0.25,False,True,False
190,122-4,31570.515625,"(14, 14)",taxation,6,0.25,False,True,False
190,226-4,37001.796875,"(15, 7)",taxation,6,0.25,False,True,False
190,5-4,17095.21875,"(27, 37)",taxation,6,0.25,False,True,False
190,209-4,42445.46875,"(27, 49)",taxation,6,0.25,False,True,False
190,205-4,18942.359375,"(29, 10)",taxation,6,0.25,False,True,False
190,130-4,40580.34375,"(10, 12)",taxation,6,0.25,False,True,False
190,91-4,40655.796875,"(12, 23)",taxation,6,0.25,False,True,False
190,214-4,24331.4375,"(16, 6)",taxation,6,0.25,False,True,False
190,196-4,26124.25,"(9, 27)",taxation,6,0.25,False,True,False
190,21-4,35180.015625,"(5, 20)",taxation,6,0.25,False,True,False
190,141-4,29793.53125,"(31, 31)",taxation,6,0.25,False,True,False
190,193-4,33379.84375,"(24, 46)",taxation,6,0.25,False,True,False
190,68-4,31569.984375,"(17, 21)",taxation,6,0.25,False,True,False
190,161-4,31554.875,"(22, 7)",taxation,6,0.25,False,True,False
190,147-4,37003.921875,"(15, 6)",taxation,6,0.25,False,True,False
190,175-4,31540.78125,"(15, 30)",taxation,6,0.25,False,True,False
190,55-4,40603.453125,"(30, 37)",taxation,6,0.25,False,True,False
190,50-4,42397.59375,"(28, 48)",taxation,6,0.25,False,True,False
190,113-4,38768.296875,"(13, 39)",taxation,6,0.25,False,True,False
190,201-4,26129.203125,"(47, 24)",taxation,6,0.25,False,True,False
191,145-3,51746.0,"(23, 6)",taxation,6,0.25,False,True,False
191,247-3,44510.75,"(25, 40)",taxation,6,0.25,False,True,False
191,203-3,58960.6875,"(18, 27)",taxation,6,0.25,False,True,False
191,78-3,46930.6875,"(20, 45)",taxation,6,0.25,False,True,False
191,112-3,54124.625,"(34, 31)",taxation,6,0.25,False,True,False
191,33-3,39654.9375,"(37, 28)",taxation,6,0.25,False,True,False
191,100-3,49360.5625,"(24, 47)",taxation,6,0.25,False,True,False
191,155-3,51737.4375,"(44, 27)",taxation,6,0.25,False,True,False
191,41-3,54168.0,"(16, 1)",taxation,6,0.25,False,True,False
191,115-3,54123.3125,"(2, 32)",taxation,6,0.25,False,True,False
191,207-3,39678.8125,"(22, 2)",taxation,6,0.25,False,True,False
191,120-3,56541.5,"(22, 47)",taxation,6,0.25,False,True,False
191,11-3,39660.1875,"(23, 3)",taxation,6,0.25,False,True,False
191,102-3,34818.125,"(24, 49)",taxation,6,0.25,False,True,False
191,103-3,49306.875,"(19, 34)",taxation,6,0.25,False,True,False
191,202-3,56552.5,"(28, 49)",taxation,6,0.25,False,True,False
191,164-3,51749.4375,"(21, 45)",taxation,6,0.25,False,True,False
191,2-3,49333.8125,"(4, 20)",taxation,6,0.25,False,True,False
191,186-3,46947.1875,"(28, 5)",taxation,6,0.25,False,True,False
191,85-3,44481.75,"(3, 28)",taxation,6,0.25,False,True,False
191,64-3,49265.0,"(38, 28)",taxation,6,0.25,False,True,False
191,188-3,49294.125,"(22, 13)",taxation,6,0.25,False,True,False
191,32-3,54117.8125,"(47, 34)",taxation,6,0.25,False,True,False
191,57-3,44463.6875,"(47, 35)",taxation,6,0.25,False,True,False
191,132-3,54161.3125,"(46, 31)",taxation,6,0.25,False,True,False
191,163-3,58917.5,"(49, 29)",taxation,6,0.25,False,True,False
191,19-3,51744.0,"(39, 28)",taxation,6,0.25,False,True,False
191,107-3,54061.875,"(23, 48)",taxation,6,0.25,False,True,False
191,221-3,46850.625,"(28, 7)",taxation,6,0.25,False,True,False
191,96-3,56518.375,"(12, 27)",taxation,6,0.25,False,True,False
191,92-3,54114.25,"(47, 31)",taxation,6,0.25,False,True,False
191,116-3,54154.125,"(48, 33)",taxation,6,0.25,False,True,False
191,13-3,46890.6875,"(33, 27)",taxation,6,0.25,False,True,False
191,174-3,54133.125,"(18, 30)",taxation,6,0.25,False,True,False
191,69-3,54058.875,"(27, 8)",taxation,6,0.25,False,True,False
191,184-3,49221.9375,"(20, 44)",taxation,6,0.25,False,True,False
191,237-3,39633.3125,"(16, 3)",taxation,6,0.25,False,True,False
191,90-3,44442.875,"(6, 37)",taxation,6,0.25,False,True,False
191,18-3,56521.3125,"(47, 29)",taxation,6,0.25,False,True,False
191,121-3,49286.0,"(11, 29)",taxation,6,0.25,False,True,False
191,30-3,56539.9375,"(47, 27)",taxation,6,0.25,False,True,False
191,97-3,39606.3125,"(13, 32)",taxation,6,0.25,False,True,False
191,229-3,54113.6875,"(22, 35)",taxation,6,0.25,False,True,False
191,27-3,44430.0625,"(25, 39)",taxation,6,0.25,False,True,False
191,117-3,44444.625,"(32, 27)",taxation,6,0.25,False,True,False
191,80-3,54079.625,"(14, 21)",taxation,6,0.25,False,True,False
191,166-3,46833.4375,"(16, 30)",taxation,6,0.25,False,True,False
191,86-3,49294.5,"(14, 15)",taxation,6,0.25,False,True,False
191,160-3,44434.75,"(1, 24)",taxation,6,0.25,False,True,False
191,233-3,46847.4375,"(3, 24)",taxation,6,0.25,False,True,False
191,235-3,49260.9375,"(18, 0)",taxation,6,0.25,False,True,False
191,48-3,51618.5,"(10, 31)",taxation,6,0.25,False,True,False
191,88-3,49281.0,"(43, 30)",taxation,6,0.25,False,True,False
191,52-3,37238.4375,"(21, 6)",taxation,6,0.25,False,True,False
191,58-3,51655.875,"(23, 1)",taxation,6,0.25,False,True,False
191,248-3,49276.1875,"(48, 29)",taxation,6,0.25,False,True,False
191,108-3,27566.6875,"(45, 29)",taxation,6,0.25,False,True,False
191,82-3,51678.125,"(48, 30)",taxation,6,0.25,False,True,False
191,236-3,49269.9375,"(33, 12)",taxation,6,0.25,False,True,False
191,104-3,46898.125,"(46, 33)",taxation,6,0.25,False,True,False
191,152-3,51647.1875,"(6, 25)",taxation,6,0.25,False,True,False
191,109-3,49273.875,"(21, 1)",taxation,6,0.25,False,True,False
191,72-3,56485.875,"(13, 28)",taxation,6,0.25,False,True,False
191,127-3,51653.5,"(21, 14)",taxation,6,0.25,False,True,False
191,61-3,58915.1875,"(32, 10)",taxation,6,0.25,False,True,False
191,232-3,29900.6875,"(2, 19)",taxation,6,0.25,False,True,False
191,65-3,56479.9375,"(44, 29)",taxation,6,0.25,False,True,False
191,124-3,46820.1875,"(4, 30)",taxation,6,0.25,False,True,False
191,62-3,49244.125,"(1, 28)",taxation,6,0.25,False,True,False
191,59-3,44458.9375,"(44, 30)",taxation,6,0.25,False,True,False
191,89-3,51680.0625,"(47, 32)",taxation,6,0.25,False,True,False
191,26-3,39604.5625,"(8, 31)",taxation,6,0.25,False,True,False
191,14-3,13089.875,"(18, 17)",taxation,6,0.25,False,True,False
191,194-3,44432.625,"(44, 28)",taxation,6,0.25,False,True,False
191,37-3,51688.0625,"(42, 30)",taxation,6,0.25,False,True,False
191,36-3,37176.4375,"(5, 29)",taxation,6,0.25,False,True,False
191,7-3,37205.375,"(42, 24)",taxation,6,0.25,False,True,False
191,47-3,34749.3125,"(23, 46)",taxation,6,0.25,False,True,False
191,223-3,34777.5,"(45, 25)",taxation,6,0.25,False,True,False
191,129-3,46846.5,"(4, 27)",taxation,6,0.25,False,True,False
191,77-3,41997.125,"(48, 24)",taxation,6,0.25,False,True,False
191,43-3,49234.8125,"(16, 14)",taxation,6,0.25,False,True,False
191,128-3,54088.25,"(44, 20)",taxation,6,0.25,False,True,False
191,79-3,46823.1875,"(19, 29)",taxation,6,0.25,False,True,False
191,199-3,56445.25,"(16, 29)",taxation,6,0.25,False,True,False
191,136-3,39582.375,"(21, 44)",taxation,6,0.25,False,True,False
191,99-3,46805.9375,"(21, 48)",taxation,6,0.25,False,True,False
191,84-3,49244.625,"(15, 16)",taxation,6,0.25,False,True,False
191,123-3,56456.5625,"(23, 43)",taxation,6,0.25,False,True,False
191,119-3,49222.75,"(20, 7)",taxation,6,0.25,False,True,False
191,46-3,34750.5,"(21, 11)",taxation,6,0.25,False,True,False
191,190-3,49208.0625,"(9, 32)",taxation,6,0.25,False,True,False
191,215-3,54092.625,"(28, 10)",taxation,6,0.25,False,True,False
191,220-3,54074.25,"(48, 31)",taxation,6,0.25,False,True,False
191,157-3,46805.1875,"(0, 30)",taxation,6,0.25,False,True,False
191,245-3,54017.0625,"(45, 28)",taxation,6,0.25,False,True,False
191,195-3,22700.9375,"(21, 8)",taxation,6,0.25,False,True,False
191,15-3,44413.0625,"(11, 28)",taxation,6,0.25,False,True,False
191,224-3,41984.3125,"(48, 34)",taxation,6,0.25,False,True,False
191,87-3,49211.625,"(23, 4)",taxation,6,0.25,False,True,False
191,135-3,49198.0625,"(23, 45)",taxation,6,0.25,False,True,False
191,8-3,49239.25,"(49, 34)",taxation,6,0.25,False,True,False
191,227-3,54042.375,"(23, 0)",taxation,6,0.25,False,True,False
191,178-3,54040.1875,"(21, 46)",taxation,6,0.25,False,True,False
191,114-3,56470.3125,"(45, 30)",taxation,6,0.25,False,True,False
191,118-3,53985.625,"(48, 28)",taxation,6,0.25,False,True,False
191,244-3,56451.875,"(22, 0)",taxation,6,0.25,False,True,False
191,34-3,44379.5,"(18, 2)",taxation,6,0.25,False,True,False
191,60-3,51608.4375,"(7, 31)",taxation,6,0.25,False,True,False
191,218-3,56446.125,"(14, 33)",taxation,6,0.25,False,True,False
191,49-3,46817.875,"(22, 1)",taxation,6,0.25,False,True,False
191,185-3,49263.125,"(46, 34)",taxation,6,0.25,False,True,False
191,228-4,29271.9375,"(23, 10)",taxation,6,0.25,False,True,False
191,24-3,39610.125,"(49, 24)",taxation,6,0.25,False,True,False
191,9-3,41999.9375,"(47, 28)",taxation,6,0.25,False,True,False
191,39-3,34702.625,"(20, 36)",taxation,6,0.25,False,True,False
191,151-3,39530.1875,"(26, 9)",taxation,6,0.25,False,True,False
191,29-3,49219.9375,"(27, 9)",taxation,6,0.25,False,True,False
191,230-3,39565.0,"(14, 16)",taxation,6,0.25,False,True,False
191,131-3,49208.75,"(24, 13)",taxation,6,0.25,False,True,False
191,81-3,46830.6875,"(40, 28)",taxation,6,0.25,False,True,False
191,222-3,49190.125,"(20, 2)",taxation,6,0.25,False,True,False
191,171-3,49178.375,"(13, 27)",taxation,6,0.25,False,True,False
191,200-3,46793.5,"(22, 43)",taxation,6,0.25,False,True,False
191,238-3,49192.5,"(42, 20)",taxation,6,0.25,False,True,False
191,153-3,25067.25,"(19, 27)",taxation,6,0.25,False,True,False
191,197-3,39551.1875,"(18, 1)",taxation,6,0.25,False,True,False
191,139-4,44379.765625,"(22, 42)",taxation,6,0.25,False,True,False
191,204-3,53989.375,"(12, 17)",taxation,6,0.25,False,True,False
191,211-3,32279.8125,"(5, 25)",taxation,6,0.25,False,True,False
191,93-3,22666.0,"(21, 9)",taxation,6,0.25,False,True,False
191,101-3,49227.5625,"(17, 2)",taxation,6,0.25,False,True,False
191,213-3,49215.625,"(49, 32)",taxation,6,0.25,False,True,False
191,70-3,51594.0,"(22, 44)",taxation,6,0.25,False,True,False
191,239-3,49200.625,"(23, 49)",taxation,6,0.25,False,True,False
191,243-3,46779.125,"(15, 14)",taxation,6,0.25,False,True,False
191,192-3,44374.25,"(42, 27)",taxation,6,0.25,False,True,False
191,143-3,49196.3125,"(49, 33)",taxation,6,0.25,False,True,False
191,35-3,49196.875,"(46, 25)",taxation,6,0.25,False,True,False
191,3-3,29852.6875,"(13, 33)",taxation,6,0.25,False,True,False
191,181-3,49175.937500000015,"(22, 6)",taxation,6,0.25,False,True,False
191,105-3,44352.625,"(28, 3)",taxation,6,0.25,False,True,False
191,177-3,49242.3125,"(38, 27)",taxation,6,0.25,False,True,False
191,167-4,38933.734375,"(19, 1)",taxation,6,0.25,False,True,False
191,173-4,10608.8125,"(18, 16)",taxation,6,0.25,False,True,False
191,44-3,32287.0,"(41, 27)",taxation,6,0.25,False,True,False
191,216-3,53985.5,"(44, 24)",taxation,6,0.25,False,True,False
191,217-3,29876.375,"(22, 34)",taxation,6,0.25,False,True,False
191,138-3,51534.8125,"(13, 37)",taxation,6,0.25,False,True,False
191,75-4,35260.0625,"(22, 46)",taxation,6,0.25,False,True,False
191,74-4,43117.0,"(0, 32)",taxation,6,0.25,False,True,False
191,191-3,56381.5625,"(11, 19)",taxation,6,0.25,False,True,False
191,240-4,12968.3125,"(21, 47)",taxation,6,0.25,False,True,False
191,20-3,46779.75,"(23, 33)",taxation,6,0.25,False,True,False
191,159-3,39532.375,"(13, 25)",taxation,6,0.25,False,True,False
191,158-4,35884.0625,"(2, 24)",taxation,6,0.25,False,True,False
191,66-3,54015.8125,"(47, 33)",taxation,6,0.25,False,True,False
191,170-4,34135.734375,"(49, 28)",taxation,6,0.25,False,True,False
191,146-4,15414.3125,"(41, 24)",taxation,6,0.25,False,True,False
191,208-4,39512.703125,"(11, 31)",taxation,6,0.25,False,True,False
191,219-4,43119.3125,"(14, 26)",taxation,6,0.25,False,True,False
191,140-4,935.0625,"(23, 44)",taxation,6,0.25,False,True,False
191,210-3,58810.5625,"(14, 28)",taxation,6,0.25,False,True,False
191,198-4,35301.71875,"(32, 11)",taxation,6,0.25,False,True,False
191,246-4,37127.3125,"(21, 37)",taxation,6,0.25,False,True,False
191,187-4,20206.1875,"(20, 10)",taxation,6,0.25,False,True,False
191,179-4,32323.53125,"(17, 14)",taxation,6,0.25,False,True,False
191,23-4,40080.5,"(20, 16)",taxation,6,0.25,False,True,False
191,31-4,44316.46875,"(22, 49)",taxation,6,0.25,False,True,False
191,150-3,41906.4375,"(20, 4)",taxation,6,0.25,False,True,False
191,12-3,46760.8125,"(23, 9)",taxation,6,0.25,False,True,False
191,98-4,20243.0625,"(13, 35)",taxation,6,0.25,False,True,False
191,126-3,49168.0625,"(49, 25)",taxation,6,0.25,False,True,False
191,176-4,918.1875,"(15, 20)",taxation,6,0.25,False,True,False
191,28-4,34075.203125,"(24, 14)",taxation,6,0.25,False,True,False
191,154-4,17768.3125,"(19, 45)",taxation,6,0.25,False,True,False
191,40-4,40697.3125,"(14, 32)",taxation,6,0.25,False,True,False
191,1-4,28677.140625,"(26, 49)",taxation,6,0.25,False,True,False
191,76-4,37102.921875000015,"(48, 32)",taxation,6,0.25,False,True,False
191,67-3,37118.5625,"(27, 35)",taxation,6,0.25,False,True,False
191,182-4,38856.890625,"(22, 10)",taxation,6,0.25,False,True,False
191,241-4,35263.21875,"(16, 2)",taxation,6,0.25,False,True,False
191,149-4,33495.5625,"(15, 28)",taxation,6,0.25,False,True,False
191,17-4,40716.03125,"(8, 32)",taxation,6,0.25,False,True,False
191,0-4,26241.828125,"(20, 0)",taxation,6,0.25,False,True,False
191,22-4,42497.8125,"(22, 11)",taxation,6,0.25,False,True,False
191,10-4,38880.390625,"(48, 25)",taxation,6,0.25,False,True,False
191,242-4,17202.953125,"(43, 27)",taxation,6,0.25,False,True,False
191,142-4,24402.859375,"(20, 5)",taxation,6,0.25,False,True,False
191,189-4,33516.84375,"(46, 32)",taxation,6,0.25,False,True,False
191,63-4,35229.171875,"(19, 0)",taxation,6,0.25,False,True,False
191,165-4,44243.1875,"(23, 5)",taxation,6,0.25,False,True,False
191,94-4,12968.125,"(48, 35)",taxation,6,0.25,False,True,False
191,206-4,37649.328125,"(21, 13)",taxation,6,0.25,False,True,False
191,172-4,40649.484375,"(0, 25)",taxation,6,0.25,False,True,False
191,144-4,37089.90625,"(22, 48)",taxation,6,0.25,False,True,False
191,111-4,40637.515625,"(20, 33)",taxation,6,0.25,False,True,False
191,83-4,40656.671875,"(21, 4)",taxation,6,0.25,False,True,False
191,249-4,38899.5625,"(44, 25)",taxation,6,0.25,False,True,False
191,51-4,38877.40625,"(19, 2)",taxation,6,0.25,False,True,False
191,180-4,37053.265625,"(1, 27)",taxation,6,0.25,False,True,False
191,148-4,29806.953125,"(20, 1)",taxation,6,0.25,False,True,False
191,16-4,42474.34375,"(20, 22)",taxation,6,0.25,False,True,False
191,134-4,37048.25,"(23, 11)",taxation,6,0.25,False,True,False
191,73-4,38837.265625,"(16, 15)",taxation,6,0.25,False,True,False
191,54-4,37044.140625,"(20, 12)",taxation,6,0.25,False,True,False
191,38-4,38841.59375,"(18, 26)",taxation,6,0.25,False,True,False
191,6-4,42476.625,"(24, 10)",taxation,6,0.25,False,True,False
191,156-4,27970.96875,"(24, 45)",taxation,6,0.25,False,True,False
191,95-4,42472.65625,"(22, 9)",taxation,6,0.25,False,True,False
191,42-4,28044.21875,"(6, 27)",taxation,6,0.25,False,True,False
191,168-4,40665.15625,"(29, 49)",taxation,6,0.25,False,True,False
191,183-4,26191.796875,"(43, 28)",taxation,6,0.25,False,True,False
191,53-4,24373.765625,"(46, 29)",taxation,6,0.25,False,True,False
191,106-4,35231.859375,"(16, 31)",taxation,6,0.25,False,True,False
191,133-4,33451.1875,"(21, 0)",taxation,6,0.25,False,True,False
191,25-4,33416.6875,"(20, 37)",taxation,6,0.25,False,True,False
191,56-4,37052.171875,"(20, 40)",taxation,6,0.25,False,True,False
191,234-4,38794.34375,"(11, 27)",taxation,6,0.25,False,True,False
191,71-4,40659.203125,"(23, 38)",taxation,6,0.25,False,True,False
191,162-4,38822.15625,"(17, 29)",taxation,6,0.25,False,True,False
191,45-4,38827.109375,"(46, 35)",taxation,6,0.25,False,True,False
191,212-4,38886.609375,"(33, 29)",taxation,6,0.25,False,True,False
191,110-4,42444.3125,"(4, 35)",taxation,6,0.25,False,True,False
191,225-4,38844.421875,"(21, 42)",taxation,6,0.25,False,True,False
191,231-4,24360.109375,"(40, 24)",taxation,6,0.25,False,True,False
191,137-4,33405.53125,"(20, 32)",taxation,6,0.25,False,True,False
191,4-4,27979.515625,"(19, 24)",taxation,6,0.25,False,True,False
191,169-4,29778.4375,"(40, 25)",taxation,6,0.25,False,True,False
191,125-4,40600.125,"(43, 25)",taxation,6,0.25,False,True,False
191,122-4,31574.515625,"(18, 20)",taxation,6,0.25,False,True,False
191,226-4,37009.796875,"(17, 1)",taxation,6,0.25,False,True,False
191,5-4,17102.21875,"(22, 33)",taxation,6,0.25,False,True,False
191,209-4,42453.46875,"(21, 49)",taxation,6,0.25,False,True,False
191,205-4,18950.359375,"(27, 12)",taxation,6,0.25,False,True,False
191,130-4,40582.34375,"(15, 15)",taxation,6,0.25,False,True,False
191,91-4,40662.796875,"(18, 29)",taxation,6,0.25,False,True,False
191,214-4,24340.4375,"(16, 0)",taxation,6,0.25,False,True,False
191,196-4,26131.25,"(15, 32)",taxation,6,0.25,False,True,False
191,21-4,35183.015625,"(4, 24)",taxation,6,0.25,False,True,False
191,141-4,29801.53125,"(37, 27)",taxation,6,0.25,False,True,False
191,193-4,33387.84375,"(19, 47)",taxation,6,0.25,False,True,False
191,68-4,31577.984375,"(17, 27)",taxation,6,0.25,False,True,False
191,161-4,31563.875,"(22, 8)",taxation,6,0.25,False,True,False
191,147-4,37012.921875,"(17, 0)",taxation,6,0.25,False,True,False
191,175-4,31548.78125,"(17, 32)",taxation,6,0.25,False,True,False
191,55-4,40609.453125,"(24, 34)",taxation,6,0.25,False,True,False
191,50-4,42406.59375,"(25, 49)",taxation,6,0.25,False,True,False
191,113-4,38776.296875,"(14, 39)",taxation,6,0.25,False,True,False
191,201-4,26138.203125,"(45, 27)",taxation,6,0.25,False,True,False
192,145-3,51754.0,"(28, 4)",taxation,6,0.25,False,True,False
192,247-3,44518.75,"(19, 36)",taxation,6,0.25,False,True,False
192,203-3,58968.6875,"(21, 31)",taxation,6,0.25,False,True,False
192,78-3,46939.6875,"(15, 45)",taxation,6,0.25,False,True,False
192,33-3,39662.9375,"(37, 23)",taxation,6,0.25,False,True,False
192,100-3,49366.5625,"(18, 48)",taxation,6,0.25,False,True,False
192,155-3,51745.4375,"(43, 23)",taxation,6,0.25,False,True,False
192,41-3,54170.0,"(21, 2)",taxation,6,0.25,False,True,False
192,115-3,54130.3125,"(6, 34)",taxation,6,0.25,False,True,False
192,207-3,39687.8125,"(24, 3)",taxation,6,0.25,False,True,False
192,120-3,56549.5,"(16, 47)",taxation,6,0.25,False,True,False
192,11-3,39669.1875,"(28, 1)",taxation,6,0.25,False,True,False
192,103-3,49315.875,"(17, 36)",taxation,6,0.25,False,True,False
192,202-3,56555.5,"(25, 47)",taxation,6,0.25,False,True,False
192,164-3,51758.4375,"(16, 46)",taxation,6,0.25,False,True,False
192,2-3,49337.8125,"(3, 25)",taxation,6,0.25,False,True,False
192,186-3,46955.1875,"(32, 5)",taxation,6,0.25,False,True,False
192,85-3,44488.75,"(9, 33)",taxation,6,0.25,False,True,False
192,64-3,49273.0,"(38, 23)",taxation,6,0.25,False,True,False
192,188-3,49302.125,"(27, 16)",taxation,6,0.25,False,True,False
192,32-3,54120.8125,"(41, 33)",taxation,6,0.25,False,True,False
192,57-3,44465.6875,"(41, 35)",taxation,6,0.25,False,True,False
192,132-3,54170.3125,"(49, 27)",taxation,6,0.25,False,True,False
192,163-3,58926.5,"(49, 26)",taxation,6,0.25,False,True,False
192,19-3,51752.0,"(39, 22)",taxation,6,0.25,False,True,False
192,107-3,54070.875,"(17, 47)",taxation,6,0.25,False,True,False
192,221-3,46858.625,"(31, 7)",taxation,6,0.25,False,True,False
192,96-3,56524.375,"(16, 28)",taxation,6,0.25,False,True,False
192,92-3,54120.25,"(47, 26)",taxation,6,0.25,False,True,False
192,116-3,54156.125,"(43, 34)",taxation,6,0.25,False,True,False
192,13-3,46898.6875,"(35, 27)",taxation,6,0.25,False,True,False
192,174-3,54140.125,"(18, 32)",taxation,6,0.25,False,True,False
192,69-3,54066.875,"(30, 10)",taxation,6,0.25,False,True,False
192,184-3,49230.9375,"(17, 42)",taxation,6,0.25,False,True,False
192,237-3,39635.3125,"(21, 5)",taxation,6,0.25,False,True,False
192,90-3,44450.875,"(8, 39)",taxation,6,0.25,False,True,False
192,18-3,56526.3125,"(45, 24)",taxation,6,0.25,False,True,False
192,121-3,49294.0,"(14, 35)",taxation,6,0.25,False,True,False
192,30-3,56547.9375,"(47, 22)",taxation,6,0.25,False,True,False
192,97-3,39614.3125,"(14, 37)",taxation,6,0.25,False,True,False
192,229-3,54121.6875,"(18, 34)",taxation,6,0.25,False,True,False
192,27-3,44437.0625,"(19, 33)",taxation,6,0.25,False,True,False
192,117-3,44452.625,"(36, 22)",taxation,6,0.25,False,True,False
192,80-3,54085.625,"(20, 24)",taxation,6,0.25,False,True,False
192,166-3,46841.4375,"(13, 36)",taxation,6,0.25,False,True,False
192,86-3,49299.5,"(19, 21)",taxation,6,0.25,False,True,False
192,160-3,44439.75,"(1, 30)",taxation,6,0.25,False,True,False
192,233-3,46852.4375,"(2, 30)",taxation,6,0.25,False,True,False
192,235-3,49263.9375,"(24, 6)",taxation,6,0.25,False,True,False
192,48-3,51625.5,"(12, 32)",taxation,6,0.25,False,True,False
192,88-3,49288.0,"(43, 24)",taxation,6,0.25,False,True,False
192,52-3,37247.4375,"(25, 5)",taxation,6,0.25,False,True,False
192,58-3,51663.875,"(28, 2)",taxation,6,0.25,False,True,False
192,248-3,49277.1875,"(46, 27)",taxation,6,0.25,False,True,False
192,108-3,27572.6875,"(39, 24)",taxation,6,0.25,False,True,False
192,82-3,51679.125,"(45, 31)",taxation,6,0.25,False,True,False
192,236-3,49277.9375,"(32, 12)",taxation,6,0.25,False,True,False
192,104-3,46903.125,"(41, 30)",taxation,6,0.25,False,True,False
192,152-3,51652.1875,"(5, 28)",taxation,6,0.25,False,True,False
192,109-3,49282.875,"(26, 0)",taxation,6,0.25,False,True,False
192,72-3,56493.875,"(17, 34)",taxation,6,0.25,False,True,False
192,127-3,51662.5,"(25, 15)",taxation,6,0.25,False,True,False
192,61-3,58924.1875,"(27, 4)",taxation,6,0.25,False,True,False
192,232-3,29904.6875,"(2, 25)",taxation,6,0.25,False,True,False
192,65-3,56485.9375,"(39, 25)",taxation,6,0.25,False,True,False
192,124-3,46827.1875,"(6, 35)",taxation,6,0.25,False,True,False
192,62-3,49250.125,"(3, 32)",taxation,6,0.25,False,True,False
192,59-3,44464.9375,"(38, 25)",taxation,6,0.25,False,True,False
192,89-3,51684.0625,"(41, 26)",taxation,6,0.25,False,True,False
192,26-3,39612.5625,"(10, 36)",taxation,6,0.25,False,True,False
192,14-3,13097.875,"(24, 15)",taxation,6,0.25,False,True,False
192,194-3,44441.625,"(43, 29)",taxation,6,0.25,False,True,False
192,37-3,51695.0625,"(38, 26)",taxation,6,0.25,False,True,False
192,36-3,37183.4375,"(8, 33)",taxation,6,0.25,False,True,False
192,7-3,37214.375,"(42, 25)",taxation,6,0.25,False,True,False
192,47-3,34756.3125,"(18, 44)",taxation,6,0.25,False,True,False
192,223-3,34785.5,"(44, 23)",taxation,6,0.25,False,True,False
192,129-3,46853.5,"(6, 33)",taxation,6,0.25,False,True,False
192,77-3,42005.125,"(48, 20)",taxation,6,0.25,False,True,False
192,43-3,49239.8125,"(22, 19)",taxation,6,0.25,False,True,False
192,128-3,54096.25,"(43, 20)",taxation,6,0.25,False,True,False
192,79-3,46831.1875,"(20, 30)",taxation,6,0.25,False,True,False
192,199-3,56453.25,"(19, 31)",taxation,6,0.25,False,True,False
192,136-3,39591.375,"(17, 41)",taxation,6,0.25,False,True,False
192,99-3,46814.9375,"(19, 48)",taxation,6,0.25,False,True,False
192,84-3,49249.625,"(21, 20)",taxation,6,0.25,False,True,False
192,123-3,56464.5625,"(18, 37)",taxation,6,0.25,False,True,False
192,119-3,49227.75,"(25, 13)",taxation,6,0.25,False,True,False
192,46-3,34758.5,"(26, 15)",taxation,6,0.25,False,True,False
192,190-3,49217.0625,"(15, 37)",taxation,6,0.25,False,True,False
192,215-3,54101.625,"(26, 11)",taxation,6,0.25,False,True,False
192,220-3,54082.25,"(47, 25)",taxation,6,0.25,False,True,False
192,157-3,46812.1875,"(5, 34)",taxation,6,0.25,False,True,False
192,245-3,54026.0625,"(42, 29)",taxation,6,0.25,False,True,False
192,195-3,22709.9375,"(26, 10)",taxation,6,0.25,False,True,False
192,15-3,44420.0625,"(11, 34)",taxation,6,0.25,False,True,False
192,224-3,41986.3125,"(42, 33)",taxation,6,0.25,False,True,False
192,87-3,49215.625,"(26, 6)",taxation,6,0.25,False,True,False
192,135-3,49205.0625,"(17, 46)",taxation,6,0.25,False,True,False
192,8-3,49248.25,"(45, 34)",taxation,6,0.25,False,True,False
192,227-3,54047.375,"(29, 5)",taxation,6,0.25,False,True,False
192,178-3,54049.1875,"(15, 47)",taxation,6,0.25,False,True,False
192,114-3,56479.3125,"(48, 27)",taxation,6,0.25,False,True,False
192,118-3,53993.625,"(48, 22)",taxation,6,0.25,False,True,False
192,244-3,56455.875,"(27, 1)",taxation,6,0.25,False,True,False
192,34-3,44382.5,"(24, 5)",taxation,6,0.25,False,True,False
192,60-3,51615.4375,"(9, 34)",taxation,6,0.25,False,True,False
192,218-3,56454.125,"(15, 35)",taxation,6,0.25,False,True,False
192,49-3,46826.875,"(28, 0)",taxation,6,0.25,False,True,False
192,185-3,49272.125,"(46, 28)",taxation,6,0.25,False,True,False
192,228-4,29279.9375,"(29, 12)",taxation,6,0.25,False,True,False
192,24-3,39617.125,"(44, 21)",taxation,6,0.25,False,True,False
192,9-3,42007.9375,"(45, 22)",taxation,6,0.25,False,True,False
192,39-3,34710.625,"(16, 38)",taxation,6,0.25,False,True,False
192,151-3,39538.1875,"(31, 9)",taxation,6,0.25,False,True,False
192,29-3,49227.9375,"(30, 9)",taxation,6,0.25,False,True,False
192,230-3,39569.0,"(17, 20)",taxation,6,0.25,False,True,False
192,131-3,49216.75,"(25, 14)",taxation,6,0.25,False,True,False
192,81-3,46838.6875,"(40, 22)",taxation,6,0.25,False,True,False
192,222-3,49193.125,"(25, 2)",taxation,6,0.25,False,True,False
192,171-3,49186.375,"(19, 32)",taxation,6,0.25,False,True,False
192,200-3,46801.5,"(18, 42)",taxation,6,0.25,False,True,False
192,238-3,49201.5,"(41, 25)",taxation,6,0.25,False,True,False
192,153-3,25074.25,"(21, 27)",taxation,6,0.25,False,True,False
192,197-3,39553.1875,"(21, 3)",taxation,6,0.25,False,True,False
192,139-4,44387.765625,"(16, 44)",taxation,6,0.25,False,True,False
192,204-3,53993.375,"(16, 20)",taxation,6,0.25,False,True,False
192,211-3,32284.8125,"(3, 30)",taxation,6,0.25,False,True,False
192,93-3,22675.0,"(25, 7)",taxation,6,0.25,False,True,False
192,101-3,49229.5625,"(20, 6)",taxation,6,0.25,False,True,False
192,213-3,49216.625,"(46, 30)",taxation,6,0.25,False,True,False
192,70-3,51602.0,"(16, 45)",taxation,6,0.25,False,True,False
192,239-3,49208.625,"(17, 44)",taxation,6,0.25,False,True,False
192,243-3,46784.125,"(19, 20)",taxation,6,0.25,False,True,False
192,192-3,44383.25,"(42, 26)",taxation,6,0.25,False,True,False
192,143-3,49198.3125,"(43, 31)",taxation,6,0.25,False,True,False
192,35-3,49204.875,"(46, 22)",taxation,6,0.25,False,True,False
192,3-3,29860.6875,"(15, 38)",taxation,6,0.25,False,True,False
192,181-3,49184.937500000015,"(27, 0)",taxation,6,0.25,False,True,False
192,105-3,44361.625,"(29, 0)",taxation,6,0.25,False,True,False
192,177-3,49250.3125,"(38, 22)",taxation,6,0.25,False,True,False
192,167-4,38936.734375,"(25, 1)",taxation,6,0.25,False,True,False
192,173-4,10614.8125,"(24, 16)",taxation,6,0.25,False,True,False
192,44-3,32296.0,"(43, 26)",taxation,6,0.25,False,True,False
192,216-3,53993.5,"(41, 21)",taxation,6,0.25,False,True,False
192,217-3,29884.375,"(16, 37)",taxation,6,0.25,False,True,False
192,138-3,51542.8125,"(11, 39)",taxation,6,0.25,False,True,False
192,75-4,35269.0625,"(16, 48)",taxation,6,0.25,False,True,False
192,74-4,43124.0,"(2, 38)",taxation,6,0.25,False,True,False
192,191-3,56386.5625,"(15, 24)",taxation,6,0.25,False,True,False
192,240-4,12977.3125,"(15, 42)",taxation,6,0.25,False,True,False
192,20-3,46786.75,"(23, 32)",taxation,6,0.25,False,True,False
192,159-3,39539.375,"(17, 30)",taxation,6,0.25,False,True,False
192,158-4,35889.0625,"(1, 29)",taxation,6,0.25,False,True,False
192,66-3,54017.8125,"(42, 32)",taxation,6,0.25,False,True,False
192,170-4,34142.734375,"(49, 22)",taxation,6,0.25,False,True,False
192,146-4,15422.3125,"(42, 23)",taxation,6,0.25,False,True,False
192,208-4,39521.703125,"(14, 36)",taxation,6,0.25,False,True,False
192,219-4,43127.3125,"(20, 31)",taxation,6,0.25,False,True,False
192,140-4,943.0625,"(17, 43)",taxation,6,0.25,False,True,False
192,210-3,58817.5625,"(15, 34)",taxation,6,0.25,False,True,False
192,198-4,35309.71875,"(31, 10)",taxation,6,0.25,False,True,False
192,246-4,37136.3125,"(16, 40)",taxation,6,0.25,False,True,False
192,187-4,20212.1875,"(26, 8)",taxation,6,0.25,False,True,False
192,179-4,32329.53125,"(23, 12)",taxation,6,0.25,False,True,False
192,23-4,40088.5,"(26, 16)",taxation,6,0.25,False,True,False
192,31-4,44325.46875,"(19, 49)",taxation,6,0.25,False,True,False
192,150-3,41915.4375,"(24, 4)",taxation,6,0.25,False,True,False
192,12-3,46768.8125,"(29, 8)",taxation,6,0.25,False,True,False
192,98-4,20251.0625,"(11, 38)",taxation,6,0.25,False,True,False
192,126-3,49178.0625,"(49, 30)",taxation,6,0.25,False,True,False
192,176-4,925.1875,"(21, 26)",taxation,6,0.25,False,True,False
192,28-4,34084.203125,"(26, 12)",taxation,6,0.25,False,True,False
192,154-4,17777.3125,"(14, 40)",taxation,6,0.25,False,True,False
192,40-4,40706.3125,"(15, 36)",taxation,6,0.25,False,True,False
192,1-4,28681.140625,"(20, 49)",taxation,6,0.25,False,True,False
192,76-4,37111.921875000015,"(47, 30)",taxation,6,0.25,False,True,False
192,67-3,37126.5625,"(21, 33)",taxation,6,0.25,False,True,False
192,182-4,38864.890625,"(27, 14)",taxation,6,0.25,False,True,False
192,241-4,35265.21875,"(19, 3)",taxation,6,0.25,False,True,False
192,149-4,33503.5625,"(16, 33)",taxation,6,0.25,False,True,False
192,17-4,40724.03125,"(11, 37)",taxation,6,0.25,False,True,False
192,0-4,26245.828125,"(26, 4)",taxation,6,0.25,False,True,False
192,22-4,42505.8125,"(28, 13)",taxation,6,0.25,False,True,False
192,10-4,38888.390625,"(42, 22)",taxation,6,0.25,False,True,False
192,242-4,17210.953125,"(41, 22)",taxation,6,0.25,False,True,False
192,142-4,24411.859375,"(25, 4)",taxation,6,0.25,False,True,False
192,189-4,33521.84375,"(40, 27)",taxation,6,0.25,False,True,False
192,63-4,35232.171875,"(25, 3)",taxation,6,0.25,False,True,False
192,165-4,44251.1875,"(27, 5)",taxation,6,0.25,False,True,False
192,94-4,12970.125,"(42, 34)",taxation,6,0.25,False,True,False
192,206-4,37657.328125,"(27, 15)",taxation,6,0.25,False,True,False
192,172-4,40654.484375,"(2, 28)",taxation,6,0.25,False,True,False
192,144-4,37097.90625,"(16, 49)",taxation,6,0.25,False,True,False
192,111-4,40645.515625,"(18, 36)",taxation,6,0.25,False,True,False
192,83-4,40665.671875,"(27, 3)",taxation,6,0.25,False,True,False
192,249-4,38907.5625,"(43, 22)",taxation,6,0.25,False,True,False
192,51-4,38884.40625,"(24, 8)",taxation,6,0.25,False,True,False
192,180-4,37059.265625,"(4, 32)",taxation,6,0.25,False,True,False
192,148-4,29810.953125,"(25, 6)",taxation,6,0.25,False,True,False
192,16-4,42481.34375,"(22, 22)",taxation,6,0.25,False,True,False
192,134-4,37056.25,"(26, 13)",taxation,6,0.25,False,True,False
192,73-4,38842.265625,"(22, 18)",taxation,6,0.25,False,True,False
192,54-4,37053.140625,"(25, 12)",taxation,6,0.25,False,True,False
192,38-4,38849.59375,"(20, 26)",taxation,6,0.25,False,True,False
192,6-4,42485.625,"(25, 11)",taxation,6,0.25,False,True,False
192,156-4,27978.96875,"(18, 40)",taxation,6,0.25,False,True,False
192,95-4,42480.65625,"(27, 10)",taxation,6,0.25,False,True,False
192,42-4,28051.21875,"(7, 33)",taxation,6,0.25,False,True,False
192,168-4,40668.15625,"(26, 47)",taxation,6,0.25,False,True,False
192,183-4,26199.796875,"(37, 22)",taxation,6,0.25,False,True,False
192,53-4,24382.765625,"(48, 26)",taxation,6,0.25,False,True,False
192,106-4,35240.859375,"(18, 33)",taxation,6,0.25,False,True,False
192,133-4,33454.1875,"(25, 0)",taxation,6,0.25,False,True,False
192,25-4,33425.6875,"(17, 37)",taxation,6,0.25,False,True,False
192,56-4,37061.171875,"(15, 41)",taxation,6,0.25,False,True,False
192,234-4,38801.34375,"(14, 30)",taxation,6,0.25,False,True,False
192,71-4,40666.203125,"(17, 35)",taxation,6,0.25,False,True,False
192,162-4,38831.15625,"(18, 35)",taxation,6,0.25,False,True,False
192,45-4,38831.109375,"(40, 30)",taxation,6,0.25,False,True,False
192,212-4,38895.609375,"(39, 26)",taxation,6,0.25,False,True,False
192,110-4,42452.3125,"(7, 38)",taxation,6,0.25,False,True,False
192,225-4,38853.421875,"(16, 43)",taxation,6,0.25,False,True,False
192,231-4,24368.109375,"(39, 23)",taxation,6,0.25,False,True,False
192,137-4,33412.53125,"(22, 32)",taxation,6,0.25,False,True,False
192,4-4,27987.515625,"(20, 27)",taxation,6,0.25,False,True,False
192,169-4,29786.4375,"(40, 23)",taxation,6,0.25,False,True,False
192,125-4,40610.125,"(49, 31)",taxation,6,0.25,False,True,False
192,122-4,31581.515625,"(23, 23)",taxation,6,0.25,False,True,False
192,226-4,37012.796875,"(22, 4)",taxation,6,0.25,False,True,False
192,5-4,17110.21875,"(23, 29)",taxation,6,0.25,False,True,False
192,209-4,42462.46875,"(17, 49)",taxation,6,0.25,False,True,False
192,205-4,18958.359375,"(28, 14)",taxation,6,0.25,False,True,False
192,130-4,40586.34375,"(19, 17)",taxation,6,0.25,False,True,False
192,91-4,40669.796875,"(20, 29)",taxation,6,0.25,False,True,False
192,214-4,24342.4375,"(22, 5)",taxation,6,0.25,False,True,False
192,196-4,26139.25,"(16, 36)",taxation,6,0.25,False,True,False
192,21-4,35188.015625,"(4, 28)",taxation,6,0.25,False,True,False
192,141-4,29810.53125,"(40, 26)",taxation,6,0.25,False,True,False
192,193-4,33396.84375,"(15, 43)",taxation,6,0.25,False,True,False
192,68-4,31584.984375,"(19, 28)",taxation,6,0.25,False,True,False
192,161-4,31572.875,"(27, 2)",taxation,6,0.25,False,True,False
192,147-4,37014.921875,"(22, 3)",taxation,6,0.25,False,True,False
192,175-4,31557.78125,"(19, 30)",taxation,6,0.25,False,True,False
192,55-4,40617.453125,"(21, 32)",taxation,6,0.25,False,True,False
192,50-4,42411.59375,"(19, 46)",taxation,6,0.25,False,True,False
192,113-4,38785.296875,"(15, 39)",taxation,6,0.25,False,True,False
192,201-4,26147.203125,"(45, 26)",taxation,6,0.25,False,True,False
192,102-4,26119.59375,"(18, 47)",taxation,6,0.25,False,True,False
192,112-4,40599.46875,"(39, 27)",taxation,6,0.25,False,True,False
193,145-3,51763.0,"(32, 1)",taxation,6,0.25,False,True,False
193,247-3,44525.75,"(18, 41)",taxation,6,0.25,False,True,False
193,33-3,39670.9375,"(34, 20)",taxation,6,0.25,False,True,False
193,100-3,49375.5625,"(13, 48)",taxation,6,0.25,False,True,False
193,155-3,51753.4375,"(41, 18)",taxation,6,0.25,False,True,False
193,115-3,54138.3125,"(7, 40)",taxation,6,0.25,False,True,False
193,207-3,39691.8125,"(27, 6)",taxation,6,0.25,False,True,False
193,120-3,56558.5,"(11, 47)",taxation,6,0.25,False,True,False
193,11-3,39676.1875,"(33, 5)",taxation,6,0.25,False,True,False
193,103-3,49322.875,"(17, 40)",taxation,6,0.25,False,True,False
193,202-3,56561.5,"(20, 42)",taxation,6,0.25,False,True,False
193,164-3,51767.4375,"(15, 44)",taxation,6,0.25,False,True,False
193,2-3,49343.8125,"(3, 31)",taxation,6,0.25,False,True,False
193,186-3,46963.1875,"(35, 4)",taxation,6,0.25,False,True,False
193,85-3,44497.75,"(10, 39)",taxation,6,0.25,False,True,False
193,64-3,49282.0,"(39, 21)",taxation,6,0.25,False,True,False
193,188-3,49310.125,"(29, 17)",taxation,6,0.25,False,True,False
193,32-3,54125.8125,"(37, 29)",taxation,6,0.25,False,True,False
193,57-3,44470.6875,"(36, 31)",taxation,6,0.25,False,True,False
193,132-3,54172.3125,"(46, 26)",taxation,6,0.25,False,True,False
193,163-3,58929.5,"(46, 21)",taxation,6,0.25,False,True,False
193,19-3,51760.0,"(35, 18)",taxation,6,0.25,False,True,False
193,107-3,54079.875,"(11, 48)",taxation,6,0.25,False,True,False
193,221-3,46866.625,"(34, 8)",taxation,6,0.25,False,True,False
193,96-3,56531.375,"(22, 25)",taxation,6,0.25,False,True,False
193,92-3,54123.25,"(46, 20)",taxation,6,0.25,False,True,False
193,116-3,54160.125,"(39, 34)",taxation,6,0.25,False,True,False
193,13-3,46905.6875,"(36, 26)",taxation,6,0.25,False,True,False
193,174-3,54147.125,"(17, 33)",taxation,6,0.25,False,True,False
193,69-3,54075.875,"(30, 12)",taxation,6,0.25,False,True,False
193,184-3,49239.9375,"(11, 44)",taxation,6,0.25,False,True,False
193,237-3,39643.3125,"(27, 11)",taxation,6,0.25,False,True,False
193,90-3,44459.875,"(8, 41)",taxation,6,0.25,False,True,False
193,18-3,56533.3125,"(39, 18)",taxation,6,0.25,False,True,False
193,121-3,49302.0,"(11, 41)",taxation,6,0.25,False,True,False
193,30-3,56553.9375,"(41, 17)",taxation,6,0.25,False,True,False
193,97-3,39622.3125,"(11, 43)",taxation,6,0.25,False,True,False
193,229-3,54129.6875,"(16, 34)",taxation,6,0.25,False,True,False
193,27-3,44445.0625,"(16, 35)",taxation,6,0.25,False,True,False
193,117-3,44460.625,"(35, 22)",taxation,6,0.25,False,True,False
193,80-3,54092.625,"(22, 24)",taxation,6,0.25,False,True,False
193,166-3,46849.4375,"(8, 40)",taxation,6,0.25,False,True,False
193,86-3,49306.5,"(23, 21)",taxation,6,0.25,False,True,False
193,160-3,44446.75,"(2, 34)",taxation,6,0.25,False,True,False
193,233-3,46859.4375,"(4, 34)",taxation,6,0.25,False,True,False
193,235-3,49267.9375,"(26, 5)",taxation,6,0.25,False,True,False
193,48-3,51633.5,"(12, 34)",taxation,6,0.25,False,True,False
193,88-3,49296.0,"(38, 18)",taxation,6,0.25,False,True,False
193,52-3,37254.4375,"(31, 11)",taxation,6,0.25,False,True,False
193,58-3,51671.875,"(34, 2)",taxation,6,0.25,False,True,False
193,248-3,49281.1875,"(40, 31)",taxation,6,0.25,False,True,False
193,108-3,27580.6875,"(36, 18)",taxation,6,0.25,False,True,False
193,82-3,51683.125,"(40, 33)",taxation,6,0.25,False,True,False
193,236-3,49286.9375,"(31, 13)",taxation,6,0.25,False,True,False
193,104-3,46910.125,"(36, 25)",taxation,6,0.25,False,True,False
193,152-3,51659.1875,"(4, 33)",taxation,6,0.25,False,True,False
193,109-3,49287.875,"(30, 0)",taxation,6,0.25,False,True,False
193,72-3,56502.875,"(12, 40)",taxation,6,0.25,False,True,False
193,127-3,51670.5,"(27, 18)",taxation,6,0.25,False,True,False
193,61-3,58930.1875,"(32, 3)",taxation,6,0.25,False,True,False
193,232-3,29910.6875,"(2, 31)",taxation,6,0.25,False,True,False
193,65-3,56493.9375,"(35, 19)",taxation,6,0.25,False,True,False
193,124-3,46835.1875,"(6, 41)",taxation,6,0.25,False,True,False
193,62-3,49258.125,"(3, 38)",taxation,6,0.25,False,True,False
193,59-3,44472.9375,"(38, 21)",taxation,6,0.25,False,True,False
193,89-3,51692.0625,"(36, 27)",taxation,6,0.25,False,True,False
193,26-3,39619.5625,"(8, 38)",taxation,6,0.25,False,True,False
193,14-3,13106.875,"(29, 16)",taxation,6,0.25,False,True,False
193,194-3,44445.625,"(38, 32)",taxation,6,0.25,False,True,False
193,37-3,51703.0625,"(37, 20)",taxation,6,0.25,False,True,False
193,36-3,37190.4375,"(6, 36)",taxation,6,0.25,False,True,False
193,7-3,37222.375,"(36, 19)",taxation,6,0.25,False,True,False
193,47-3,34764.3125,"(12, 45)",taxation,6,0.25,False,True,False
193,223-3,34793.5,"(38, 17)",taxation,6,0.25,False,True,False
193,129-3,46861.5,"(5, 39)",taxation,6,0.25,False,True,False
193,77-3,42013.125,"(43, 15)",taxation,6,0.25,False,True,False
193,43-3,49247.8125,"(27, 19)",taxation,6,0.25,False,True,False
193,128-3,54104.25,"(40, 17)",taxation,6,0.25,False,True,False
193,79-3,46838.1875,"(24, 28)",taxation,6,0.25,False,True,False
193,199-3,56460.25,"(21, 29)",taxation,6,0.25,False,True,False
193,136-3,39599.375,"(12, 44)",taxation,6,0.25,False,True,False
193,99-3,46822.9375,"(13, 47)",taxation,6,0.25,False,True,False
193,84-3,49256.625,"(24, 19)",taxation,6,0.25,False,True,False
193,123-3,56471.5625,"(17, 38)",taxation,6,0.25,False,True,False
193,119-3,49235.75,"(28, 17)",taxation,6,0.25,False,True,False
193,46-3,34766.5,"(28, 18)",taxation,6,0.25,False,True,False
193,190-3,49226.0625,"(10, 43)",taxation,6,0.25,False,True,False
193,215-3,54109.625,"(30, 15)",taxation,6,0.25,False,True,False
193,220-3,54085.25,"(47, 19)",taxation,6,0.25,False,True,False
193,157-3,46820.1875,"(9, 37)",taxation,6,0.25,False,True,False
193,245-3,54033.0625,"(36, 24)",taxation,6,0.25,False,True,False
193,195-3,22717.9375,"(31, 15)",taxation,6,0.25,False,True,False
193,15-3,44427.0625,"(9, 38)",taxation,6,0.25,False,True,False
193,224-3,41991.3125,"(36, 28)",taxation,6,0.25,False,True,False
193,87-3,49224.625,"(31, 12)",taxation,6,0.25,False,True,False
193,135-3,49213.0625,"(12, 48)",taxation,6,0.25,False,True,False
193,8-3,49253.25,"(39, 29)",taxation,6,0.25,False,True,False
193,227-3,54056.375,"(31, 8)",taxation,6,0.25,False,True,False
193,178-3,54058.1875,"(10, 47)",taxation,6,0.25,False,True,False
193,114-3,56481.3125,"(47, 24)",taxation,6,0.25,False,True,False
193,118-3,54001.625,"(42, 16)",taxation,6,0.25,False,True,False
193,244-3,56461.875,"(32, 2)",taxation,6,0.25,False,True,False
193,34-3,44387.5,"(30, 5)",taxation,6,0.25,False,True,False
193,60-3,51623.4375,"(9, 40)",taxation,6,0.25,False,True,False
193,218-3,56461.125,"(15, 40)",taxation,6,0.25,False,True,False
193,49-3,46832.875,"(33, 1)",taxation,6,0.25,False,True,False
193,185-3,49277.125,"(40, 29)",taxation,6,0.25,False,True,False
193,228-4,29287.9375,"(31, 14)",taxation,6,0.25,False,True,False
193,24-3,39626.125,"(39, 20)",taxation,6,0.25,False,True,False
193,9-3,42015.9375,"(39, 17)",taxation,6,0.25,False,True,False
193,39-3,34719.625,"(10, 41)",taxation,6,0.25,False,True,False
193,151-3,39547.1875,"(30, 14)",taxation,6,0.25,False,True,False
193,29-3,49235.9375,"(30, 11)",taxation,6,0.25,False,True,False
193,230-3,39576.0,"(23, 22)",taxation,6,0.25,False,True,False
193,131-3,49224.75,"(26, 18)",taxation,6,0.25,False,True,False
193,81-3,46846.6875,"(37, 19)",taxation,6,0.25,False,True,False
193,222-3,49198.125,"(30, 1)",taxation,6,0.25,False,True,False
193,171-3,49193.375,"(22, 37)",taxation,6,0.25,False,True,False
193,200-3,46808.5,"(16, 42)",taxation,6,0.25,False,True,False
193,238-3,49209.5,"(41, 19)",taxation,6,0.25,False,True,False
193,153-3,25081.25,"(23, 26)",taxation,6,0.25,False,True,False
193,197-3,39557.1875,"(26, 3)",taxation,6,0.25,False,True,False
193,139-4,44396.765625,"(11, 45)",taxation,6,0.25,False,True,False
193,204-3,54000.375,"(20, 25)",taxation,6,0.25,False,True,False
193,211-3,32291.8125,"(3, 33)",taxation,6,0.25,False,True,False
193,93-3,22682.0,"(29, 11)",taxation,6,0.25,False,True,False
193,101-3,49233.5625,"(19, 10)",taxation,6,0.25,False,True,False
193,213-3,49219.625,"(40, 32)",taxation,6,0.25,False,True,False
193,70-3,51611.0,"(13, 49)",taxation,6,0.25,False,True,False
193,239-3,49216.625,"(12, 46)",taxation,6,0.25,False,True,False
193,243-3,46792.125,"(25, 18)",taxation,6,0.25,False,True,False
193,192-3,44392.25,"(40, 20)",taxation,6,0.25,False,True,False
193,143-3,49202.3125,"(38, 31)",taxation,6,0.25,False,True,False
193,35-3,49212.875,"(40, 16)",taxation,6,0.25,False,True,False
193,3-3,29869.6875,"(9, 44)",taxation,6,0.25,False,True,False
193,181-3,49193.937500000015,"(32, 0)",taxation,6,0.25,False,True,False
193,105-3,44369.625,"(35, 2)",taxation,6,0.25,False,True,False
193,177-3,49258.3125,"(36, 21)",taxation,6,0.25,False,True,False
193,167-4,38941.734375,"(29, 1)",taxation,6,0.25,False,True,False
193,173-4,10623.8125,"(27, 17)",taxation,6,0.25,False,True,False
193,44-3,32302.0,"(37, 24)",taxation,6,0.25,False,True,False
193,216-3,54001.5,"(37, 18)",taxation,6,0.25,False,True,False
193,217-3,29893.375,"(16, 39)",taxation,6,0.25,False,True,False
193,138-3,51551.8125,"(9, 45)",taxation,6,0.25,False,True,False
193,75-4,35278.0625,"(11, 49)",taxation,6,0.25,False,True,False
193,74-4,43132.0,"(4, 39)",taxation,6,0.25,False,True,False
193,191-3,56393.5625,"(21, 25)",taxation,6,0.25,False,True,False
193,240-4,12986.3125,"(14, 43)",taxation,6,0.25,False,True,False
193,20-3,46794.75,"(21, 30)",taxation,6,0.25,False,True,False
193,159-3,39546.375,"(16, 32)",taxation,6,0.25,False,True,False
193,158-4,35896.0625,"(0, 33)",taxation,6,0.25,False,True,False
193,66-3,54022.8125,"(36, 30)",taxation,6,0.25,False,True,False
193,170-4,34150.734375,"(43, 21)",taxation,6,0.25,False,True,False
193,146-4,15430.3125,"(37, 17)",taxation,6,0.25,False,True,False
193,208-4,39529.703125,"(9, 41)",taxation,6,0.25,False,True,False
193,219-4,43134.3125,"(24, 32)",taxation,6,0.25,False,True,False
193,140-4,952.0625,"(11, 46)",taxation,6,0.25,False,True,False
193,210-3,58824.5625,"(19, 35)",taxation,6,0.25,False,True,False
193,198-4,35317.71875,"(32, 13)",taxation,6,0.25,False,True,False
193,246-4,37145.3125,"(10, 46)",taxation,6,0.25,False,True,False
193,187-4,20220.1875,"(32, 14)",taxation,6,0.25,False,True,False
193,179-4,32337.53125,"(29, 18)",taxation,6,0.25,False,True,False
193,23-4,40096.5,"(26, 19)",taxation,6,0.25,False,True,False
193,31-4,44333.46875,"(13, 46)",taxation,6,0.25,False,True,False
193,150-3,41920.4375,"(30, 4)",taxation,6,0.25,False,True,False
193,12-3,46777.8125,"(32, 8)",taxation,6,0.25,False,True,False
193,98-4,20260.0625,"(9, 43)",taxation,6,0.25,False,True,False
193,126-3,49180.0625,"(45, 32)",taxation,6,0.25,False,True,False
193,176-4,933.1875,"(26, 20)",taxation,6,0.25,False,True,False
193,28-4,34092.203125,"(32, 15)",taxation,6,0.25,False,True,False
193,154-4,17786.3125,"(13, 40)",taxation,6,0.25,False,True,False
193,40-4,40713.3125,"(19, 40)",taxation,6,0.25,False,True,False
193,1-4,28688.140625,"(18, 49)",taxation,6,0.25,False,True,False
193,76-4,37114.921875000015,"(41, 34)",taxation,6,0.25,False,True,False
193,67-3,37133.5625,"(26, 29)",taxation,6,0.25,False,True,False
193,182-4,38872.890625,"(31, 17)",taxation,6,0.25,False,True,False
193,241-4,35268.21875,"(21, 7)",taxation,6,0.25,False,True,False
193,149-4,33510.5625,"(10, 37)",taxation,6,0.25,False,True,False
193,17-4,40733.03125,"(9, 42)",taxation,6,0.25,False,True,False
193,0-4,26254.828125,"(32, 9)",taxation,6,0.25,False,True,False
193,22-4,42514.8125,"(29, 14)",taxation,6,0.25,False,True,False
193,10-4,38897.390625,"(38, 20)",taxation,6,0.25,False,True,False
193,242-4,17218.953125,"(40, 19)",taxation,6,0.25,False,True,False
193,142-4,24416.859375,"(29, 4)",taxation,6,0.25,False,True,False
193,189-4,33528.84375,"(37, 25)",taxation,6,0.25,False,True,False
193,63-4,35237.171875,"(29, 2)",taxation,6,0.25,False,True,False
193,165-4,44257.1875,"(32, 4)",taxation,6,0.25,False,True,False
193,94-4,12975.125,"(36, 29)",taxation,6,0.25,False,True,False
193,206-4,37666.328125,"(29, 15)",taxation,6,0.25,False,True,False
193,172-4,40661.484375,"(2, 33)",taxation,6,0.25,False,True,False
193,144-4,37106.90625,"(10, 49)",taxation,6,0.25,False,True,False
193,111-4,40654.515625,"(13, 41)",taxation,6,0.25,False,True,False
193,83-4,40674.671875,"(31, 0)",taxation,6,0.25,False,True,False
193,249-4,38916.5625,"(41, 20)",taxation,6,0.25,False,True,False
193,51-4,38893.40625,"(29, 13)",taxation,6,0.25,False,True,False
193,180-4,37067.265625,"(5, 37)",taxation,6,0.25,False,True,False
193,148-4,29817.953125,"(28, 12)",taxation,6,0.25,False,True,False
193,16-4,42489.34375,"(28, 19)",taxation,6,0.25,False,True,False
193,134-4,37065.25,"(28, 15)",taxation,6,0.25,False,True,False
193,73-4,38851.265625,"(28, 16)",taxation,6,0.25,False,True,False
193,54-4,37061.140625,"(30, 16)",taxation,6,0.25,False,True,False
193,38-4,38857.59375,"(22, 26)",taxation,6,0.25,False,True,False
193,6-4,42493.625,"(31, 16)",taxation,6,0.25,False,True,False
193,156-4,27986.96875,"(13, 45)",taxation,6,0.25,False,True,False
193,95-4,42489.65625,"(30, 13)",taxation,6,0.25,False,True,False
193,42-4,28059.21875,"(10, 34)",taxation,6,0.25,False,True,False
193,168-4,40675.15625,"(20, 41)",taxation,6,0.25,False,True,False
193,183-4,26207.796875,"(37, 21)",taxation,6,0.25,False,True,False
193,53-4,24385.765625,"(49, 21)",taxation,6,0.25,False,True,False
193,106-4,35248.859375,"(23, 28)",taxation,6,0.25,False,True,False
193,133-4,33460.1875,"(31, 4)",taxation,6,0.25,False,True,False
193,25-4,33434.6875,"(12, 43)",taxation,6,0.25,False,True,False
193,56-4,37070.171875,"(10, 42)",taxation,6,0.25,False,True,False
193,234-4,38808.34375,"(15, 31)",taxation,6,0.25,False,True,False
193,71-4,40674.203125,"(11, 40)",taxation,6,0.25,False,True,False
193,162-4,38838.15625,"(21, 36)",taxation,6,0.25,False,True,False
193,45-4,38838.109375,"(38, 24)",taxation,6,0.25,False,True,False
193,212-4,38903.609375,"(40, 21)",taxation,6,0.25,False,True,False
193,110-4,42461.3125,"(8, 42)",taxation,6,0.25,False,True,False
193,225-4,38860.421875,"(17, 45)",taxation,6,0.25,False,True,False
193,231-4,24376.109375,"(36, 20)",taxation,6,0.25,False,True,False
193,137-4,33419.53125,"(24, 33)",taxation,6,0.25,False,True,False
193,4-4,27995.515625,"(24, 29)",taxation,6,0.25,False,True,False
193,169-4,29794.4375,"(38, 19)",taxation,6,0.25,False,True,False
193,125-4,40612.125,"(45, 33)",taxation,6,0.25,False,True,False
193,122-4,31589.515625,"(22, 27)",taxation,6,0.25,False,True,False
193,226-4,37017.796875,"(24, 9)",taxation,6,0.25,False,True,False
193,5-4,17117.21875,"(22, 30)",taxation,6,0.25,False,True,False
193,209-4,42470.46875,"(12, 49)",taxation,6,0.25,False,True,False
193,205-4,18966.359375,"(30, 17)",taxation,6,0.25,False,True,False
193,130-4,40593.34375,"(24, 18)",taxation,6,0.25,False,True,False
193,91-4,40677.796875,"(22, 28)",taxation,6,0.25,False,True,False
193,214-4,24348.4375,"(28, 11)",taxation,6,0.25,False,True,False
193,196-4,26148.25,"(12, 41)",taxation,6,0.25,False,True,False
193,21-4,35194.015625,"(5, 31)",taxation,6,0.25,False,True,False
193,141-4,29818.53125,"(35, 20)",taxation,6,0.25,False,True,False
193,193-4,33405.84375,"(10, 44)",taxation,6,0.25,False,True,False
193,68-4,31591.984375,"(23, 27)",taxation,6,0.25,False,True,False
193,161-4,31579.875,"(33, 8)",taxation,6,0.25,False,True,False
193,147-4,37018.921875,"(26, 1)",taxation,6,0.25,False,True,False
193,175-4,31563.78125,"(18, 31)",taxation,6,0.25,False,True,False
193,55-4,40625.453125,"(22, 31)",taxation,6,0.25,False,True,False
193,50-4,42418.59375,"(18, 46)",taxation,6,0.25,False,True,False
193,113-4,38794.296875,"(11, 42)",taxation,6,0.25,False,True,False
193,201-4,26151.203125,"(39, 32)",taxation,6,0.25,False,True,False
193,102-4,26127.59375,"(12, 47)",taxation,6,0.25,False,True,False
193,112-4,40606.46875,"(37, 26)",taxation,6,0.25,False,True,False
193,41-4,40630.5,"(26, 2)",taxation,6,0.25,False,True,False
193,78-4,35211.515625,"(10, 45)",taxation,6,0.25,False,True,False
193,203-4,44231.765625,"(25, 28)",taxation,6,0.25,False,True,False
194,145-3,51771.0,"(37, 5)",taxation,6,0.25,False,True,False
194,33-3,39677.9375,"(35, 24)",taxation,6,0.25,False,True,False
194,100-3,49383.5625,"(9, 48)",taxation,6,0.25,False,True,False
194,155-3,51761.4375,"(41, 15)",taxation,6,0.25,False,True,False
194,207-3,39698.8125,"(33, 4)",taxation,6,0.25,False,True,False
194,120-3,56567.5,"(6, 47)",taxation,6,0.25,False,True,False
194,11-3,39685.1875,"(35, 7)",taxation,6,0.25,False,True,False
194,103-3,49330.875,"(13, 44)",taxation,6,0.25,False,True,False
194,202-3,56569.5,"(18, 45)",taxation,6,0.25,False,True,False
194,164-3,51775.4375,"(9, 47)",taxation,6,0.25,False,True,False
194,2-3,49351.8125,"(1, 36)",taxation,6,0.25,False,True,False
194,186-3,46971.1875,"(36, 4)",taxation,6,0.25,False,True,False
194,85-3,44505.75,"(6, 42)",taxation,6,0.25,False,True,False
194,64-3,49289.0,"(35, 21)",taxation,6,0.25,False,True,False
194,188-3,49318.125,"(30, 18)",taxation,6,0.25,False,True,False
194,57-3,44477.6875,"(33, 28)",taxation,6,0.25,False,True,False
194,132-3,54175.3125,"(44, 26)",taxation,6,0.25,False,True,False
194,163-3,58937.5,"(44, 15)",taxation,6,0.25,False,True,False
194,19-3,51769.0,"(36, 15)",taxation,6,0.25,False,True,False
194,107-3,54088.875,"(7, 48)",taxation,6,0.25,False,True,False
194,221-3,46875.625,"(38, 11)",taxation,6,0.25,False,True,False
194,96-3,56539.375,"(28, 20)",taxation,6,0.25,False,True,False
194,92-3,54132.25,"(42, 15)",taxation,6,0.25,False,True,False
194,116-3,54167.125,"(34, 28)",taxation,6,0.25,False,True,False
194,13-3,46913.6875,"(31, 23)",taxation,6,0.25,False,True,False
194,174-3,54154.125,"(19, 37)",taxation,6,0.25,False,True,False
194,69-3,54083.875,"(32, 18)",taxation,6,0.25,False,True,False
194,184-3,49248.9375,"(7, 47)",taxation,6,0.25,False,True,False
194,237-3,39651.3125,"(32, 17)",taxation,6,0.25,False,True,False
194,90-3,44468.875,"(2, 44)",taxation,6,0.25,False,True,False
194,18-3,56542.3125,"(38, 14)",taxation,6,0.25,False,True,False
194,121-3,49310.0,"(8, 44)",taxation,6,0.25,False,True,False
194,30-3,56561.9375,"(42, 13)",taxation,6,0.25,False,True,False
194,97-3,39631.3125,"(5, 44)",taxation,6,0.25,False,True,False
194,229-3,54136.6875,"(13, 34)",taxation,6,0.25,False,True,False
194,27-3,44453.0625,"(10, 40)",taxation,6,0.25,False,True,False
194,117-3,44468.625,"(32, 21)",taxation,6,0.25,False,True,False
194,80-3,54099.625,"(22, 23)",taxation,6,0.25,False,True,False
194,166-3,46858.4375,"(4, 45)",taxation,6,0.25,False,True,False
194,86-3,49314.5,"(29, 21)",taxation,6,0.25,False,True,False
194,160-3,44454.75,"(0, 36)",taxation,6,0.25,False,True,False
194,233-3,46867.4375,"(2, 39)",taxation,6,0.25,False,True,False
194,235-3,49273.9375,"(31, 3)",taxation,6,0.25,False,True,False
194,48-3,51640.5,"(11, 33)",taxation,6,0.25,False,True,False
194,88-3,49304.0,"(37, 12)",taxation,6,0.25,False,True,False
194,52-3,37262.4375,"(37, 11)",taxation,6,0.25,False,True,False
194,58-3,51679.875,"(38, 3)",taxation,6,0.25,False,True,False
194,248-3,49288.1875,"(35, 25)",taxation,6,0.25,False,True,False
194,108-3,27589.6875,"(35, 17)",taxation,6,0.25,False,True,False
194,82-3,51689.125,"(35, 30)",taxation,6,0.25,False,True,False
194,236-3,49295.9375,"(33, 14)",taxation,6,0.25,False,True,False
194,104-3,46918.125,"(32, 23)",taxation,6,0.25,False,True,False
194,152-3,51667.1875,"(1, 38)",taxation,6,0.25,False,True,False
194,109-3,49295.875,"(36, 2)",taxation,6,0.25,False,True,False
194,72-3,56510.875,"(9, 39)",taxation,6,0.25,False,True,False
194,127-3,51679.5,"(33, 16)",taxation,6,0.25,False,True,False
194,61-3,58939.1875,"(35, 8)",taxation,6,0.25,False,True,False
194,232-3,29918.6875,"(2, 37)",taxation,6,0.25,False,True,False
194,65-3,56502.9375,"(34, 18)",taxation,6,0.25,False,True,False
194,124-3,46844.1875,"(2, 45)",taxation,6,0.25,False,True,False
194,62-3,49267.125,"(3, 43)",taxation,6,0.25,False,True,False
194,59-3,44480.9375,"(33, 21)",taxation,6,0.25,False,True,False
194,89-3,51700.0625,"(35, 23)",taxation,6,0.25,False,True,False
194,26-3,39628.5625,"(6, 43)",taxation,6,0.25,False,True,False
194,14-3,13114.875,"(31, 19)",taxation,6,0.25,False,True,False
194,194-3,44452.625,"(32, 29)",taxation,6,0.25,False,True,False
194,37-3,51711.0625,"(33, 19)",taxation,6,0.25,False,True,False
194,36-3,37198.4375,"(3, 40)",taxation,6,0.25,False,True,False
194,7-3,37231.375,"(36, 17)",taxation,6,0.25,False,True,False
194,47-3,34771.3125,"(14, 45)",taxation,6,0.25,False,True,False
194,223-3,34802.5,"(37, 16)",taxation,6,0.25,False,True,False
194,129-3,46870.5,"(2, 43)",taxation,6,0.25,False,True,False
194,77-3,42022.125,"(42, 14)",taxation,6,0.25,False,True,False
194,43-3,49255.8125,"(30, 21)",taxation,6,0.25,False,True,False
194,128-3,54113.25,"(39, 15)",taxation,6,0.25,False,True,False
194,79-3,46846.1875,"(24, 23)",taxation,6,0.25,False,True,False
194,199-3,56467.25,"(21, 28)",taxation,6,0.25,False,True,False
194,136-3,39608.375,"(6, 46)",taxation,6,0.25,False,True,False
194,99-3,46831.9375,"(7, 49)",taxation,6,0.25,False,True,False
194,84-3,49264.625,"(25, 19)",taxation,6,0.25,False,True,False
194,123-3,56479.5625,"(13, 43)",taxation,6,0.25,False,True,False
194,119-3,49243.75,"(30, 20)",taxation,6,0.25,False,True,False
194,46-3,34775.5,"(34, 12)",taxation,6,0.25,False,True,False
194,190-3,49235.0625,"(4, 49)",taxation,6,0.25,False,True,False
194,215-3,54118.625,"(34, 13)",taxation,6,0.25,False,True,False
194,220-3,54093.25,"(46, 14)",taxation,6,0.25,False,True,False
194,157-3,46828.1875,"(5, 42)",taxation,6,0.25,False,True,False
194,245-3,54041.0625,"(33, 22)",taxation,6,0.25,False,True,False
194,195-3,22725.9375,"(32, 20)",taxation,6,0.25,False,True,False
194,15-3,44436.0625,"(3, 44)",taxation,6,0.25,False,True,False
194,224-3,41999.3125,"(31, 22)",taxation,6,0.25,False,True,False
194,87-3,49232.625,"(37, 6)",taxation,6,0.25,False,True,False
194,135-3,49221.0625,"(9, 49)",taxation,6,0.25,False,True,False
194,8-3,49261.25,"(33, 23)",taxation,6,0.25,False,True,False
194,227-3,54065.375,"(37, 10)",taxation,6,0.25,False,True,False
194,178-3,54067.1875,"(4, 47)",taxation,6,0.25,False,True,False
194,114-3,56485.3125,"(48, 19)",taxation,6,0.25,False,True,False
194,118-3,54010.625,"(41, 13)",taxation,6,0.25,False,True,False
194,244-3,56470.875,"(36, 8)",taxation,6,0.25,False,True,False
194,34-3,44396.5,"(36, 11)",taxation,6,0.25,False,True,False
194,60-3,51632.4375,"(5, 43)",taxation,6,0.25,False,True,False
194,218-3,56469.125,"(13, 42)",taxation,6,0.25,False,True,False
194,49-3,46840.875,"(36, 3)",taxation,6,0.25,False,True,False
194,185-3,49284.125,"(35, 26)",taxation,6,0.25,False,True,False
194,228-4,29295.9375,"(32, 19)",taxation,6,0.25,False,True,False
194,24-3,39635.125,"(39, 16)",taxation,6,0.25,False,True,False
194,9-3,42024.9375,"(37, 15)",taxation,6,0.25,False,True,False
194,39-3,34728.625,"(4, 44)",taxation,6,0.25,False,True,False
194,151-3,39556.1875,"(35, 14)",taxation,6,0.25,False,True,False
194,29-3,49242.9375,"(25, 16)",taxation,6,0.25,False,True,False
194,230-3,39584.0,"(28, 21)",taxation,6,0.25,False,True,False
194,131-3,49232.75,"(31, 20)",taxation,6,0.25,False,True,False
194,81-3,46855.6875,"(38, 13)",taxation,6,0.25,False,True,False
194,222-3,49205.125,"(34, 1)",taxation,6,0.25,False,True,False
194,171-3,49200.375,"(21, 39)",taxation,6,0.25,False,True,False
194,200-3,46815.5,"(14, 42)",taxation,6,0.25,False,True,False
194,238-3,49218.5,"(41, 14)",taxation,6,0.25,False,True,False
194,153-3,25089.25,"(25, 23)",taxation,6,0.25,False,True,False
194,197-3,39563.1875,"(31, 1)",taxation,6,0.25,False,True,False
194,139-4,44405.765625,"(7, 45)",taxation,6,0.25,False,True,False
194,204-3,54008.375,"(25, 20)",taxation,6,0.25,False,True,False
194,211-3,32299.8125,"(3, 37)",taxation,6,0.25,False,True,False
194,93-3,22690.0,"(35, 15)",taxation,6,0.25,False,True,False
194,101-3,49240.5625,"(23, 14)",taxation,6,0.25,False,True,False
194,213-3,49226.625,"(34, 27)",taxation,6,0.25,False,True,False
194,70-3,51619.0,"(14, 49)",taxation,6,0.25,False,True,False
194,239-3,49225.625,"(8, 49)",taxation,6,0.25,False,True,False
194,243-3,46800.125,"(30, 19)",taxation,6,0.25,False,True,False
194,192-3,44401.25,"(39, 14)",taxation,6,0.25,False,True,False
194,143-3,49210.3125,"(34, 25)",taxation,6,0.25,False,True,False
194,35-3,49221.875,"(40, 14)",taxation,6,0.25,False,True,False
194,3-3,29878.6875,"(5, 47)",taxation,6,0.25,False,True,False
194,181-3,49201.937500000015,"(37, 3)",taxation,6,0.25,False,True,False
194,105-3,44377.625,"(37, 4)",taxation,6,0.25,False,True,False
194,177-3,49266.3125,"(33, 20)",taxation,6,0.25,False,True,False
194,167-4,38948.734375,"(35, 1)",taxation,6,0.25,False,True,False
194,173-4,10631.8125,"(26, 17)",taxation,6,0.25,False,True,False
194,44-3,32310.0,"(32, 22)",taxation,6,0.25,False,True,False
194,216-3,54009.5,"(31, 21)",taxation,6,0.25,False,True,False
194,217-3,29900.375,"(16, 41)",taxation,6,0.25,False,True,False
194,138-3,51560.8125,"(3, 46)",taxation,6,0.25,False,True,False
194,75-4,35286.0625,"(8, 48)",taxation,6,0.25,False,True,False
194,74-4,43141.0,"(4, 43)",taxation,6,0.25,False,True,False
194,191-3,56401.5625,"(27, 21)",taxation,6,0.25,False,True,False
194,240-4,12994.3125,"(8, 45)",taxation,6,0.25,False,True,False
194,20-3,46801.75,"(22, 29)",taxation,6,0.25,False,True,False
194,159-3,39553.375,"(14, 34)",taxation,6,0.25,False,True,False
194,158-4,35904.0625,"(0, 38)",taxation,6,0.25,False,True,False
194,66-3,54030.8125,"(33, 26)",taxation,6,0.25,False,True,False
194,170-4,34159.734375,"(38, 15)",taxation,6,0.25,False,True,False
194,146-4,15439.3125,"(37, 14)",taxation,6,0.25,False,True,False
194,208-4,39538.703125,"(6, 44)",taxation,6,0.25,False,True,False
194,219-4,43141.3125,"(27, 29)",taxation,6,0.25,False,True,False
194,140-4,960.0625,"(9, 46)",taxation,6,0.25,False,True,False
194,210-3,58831.5625,"(20, 35)",taxation,6,0.25,False,True,False
194,198-4,35326.71875,"(33, 13)",taxation,6,0.25,False,True,False
194,246-4,37154.3125,"(7, 46)",taxation,6,0.25,False,True,False
194,187-4,20229.1875,"(34, 14)",taxation,6,0.25,False,True,False
194,179-4,32346.53125,"(32, 16)",taxation,6,0.25,False,True,False
194,23-4,40104.5,"(29, 20)",taxation,6,0.25,False,True,False
194,31-4,44341.46875,"(8, 47)",taxation,6,0.25,False,True,False
194,150-3,41928.4375,"(35, 5)",taxation,6,0.25,False,True,False
194,12-3,46786.8125,"(38, 12)",taxation,6,0.25,False,True,False
194,98-4,20269.0625,"(5, 46)",taxation,6,0.25,False,True,False
194,126-3,49184.0625,"(40, 34)",taxation,6,0.25,False,True,False
194,176-4,941.1875,"(30, 22)",taxation,6,0.25,False,True,False
194,28-4,34101.203125,"(37, 13)",taxation,6,0.25,False,True,False
194,154-4,17794.3125,"(7, 39)",taxation,6,0.25,False,True,False
194,40-4,40720.3125,"(19, 39)",taxation,6,0.25,False,True,False
194,1-4,28695.140625,"(15, 49)",taxation,6,0.25,False,True,False
194,76-4,37120.921875000015,"(35, 31)",taxation,6,0.25,False,True,False
194,67-3,37141.5625,"(31, 24)",taxation,6,0.25,False,True,False
194,182-4,38881.890625,"(36, 13)",taxation,6,0.25,False,True,False
194,241-4,35274.21875,"(23, 13)",taxation,6,0.25,False,True,False
194,149-4,33518.5625,"(5, 40)",taxation,6,0.25,False,True,False
194,17-4,40742.03125,"(3, 45)",taxation,6,0.25,False,True,False
194,0-4,26263.828125,"(35, 9)",taxation,6,0.25,False,True,False
194,22-4,42522.8125,"(31, 18)",taxation,6,0.25,False,True,False
194,10-4,38906.390625,"(36, 14)",taxation,6,0.25,False,True,False
194,242-4,17227.953125,"(40, 13)",taxation,6,0.25,False,True,False
194,142-4,24422.859375,"(33, 2)",taxation,6,0.25,False,True,False
194,189-4,33536.84375,"(34, 22)",taxation,6,0.25,False,True,False
194,63-4,35244.171875,"(35, 0)",taxation,6,0.25,False,True,False
194,165-4,44265.1875,"(36, 5)",taxation,6,0.25,False,True,False
194,94-4,12983.125,"(34, 24)",taxation,6,0.25,False,True,False
194,206-4,37675.328125,"(35, 12)",taxation,6,0.25,False,True,False
194,172-4,40669.484375,"(2, 36)",taxation,6,0.25,False,True,False
194,144-4,37115.90625,"(5, 49)",taxation,6,0.25,False,True,False
194,111-4,40662.515625,"(12, 42)",taxation,6,0.25,False,True,False
194,83-4,40682.671875,"(35, 3)",taxation,6,0.25,False,True,False
194,249-4,38925.5625,"(38, 16)",taxation,6,0.25,False,True,False
194,51-4,38901.40625,"(34, 17)",taxation,6,0.25,False,True,False
194,180-4,37075.265625,"(4, 37)",taxation,6,0.25,False,True,False
194,148-4,29825.953125,"(33, 18)",taxation,6,0.25,False,True,False
194,16-4,42497.34375,"(29, 19)",taxation,6,0.25,False,True,False
194,134-4,37074.25,"(33, 15)",taxation,6,0.25,False,True,False
194,73-4,38858.265625,"(26, 14)",taxation,6,0.25,False,True,False
194,54-4,37070.140625,"(34, 15)",taxation,6,0.25,False,True,False
194,38-4,38864.59375,"(24, 26)",taxation,6,0.25,False,True,False
194,6-4,42502.625,"(35, 13)",taxation,6,0.25,False,True,False
194,156-4,27994.96875,"(10, 48)",taxation,6,0.25,False,True,False
194,95-4,42497.65625,"(33, 17)",taxation,6,0.25,False,True,False
194,42-4,28067.21875,"(5, 36)",taxation,6,0.25,False,True,False
194,168-4,40682.15625,"(21, 41)",taxation,6,0.25,False,True,False
194,183-4,26215.796875,"(34, 21)",taxation,6,0.25,False,True,False
194,53-4,24393.765625,"(47, 15)",taxation,6,0.25,False,True,False
194,106-4,35256.859375,"(29, 22)",taxation,6,0.25,False,True,False
194,133-4,33469.1875,"(36, 9)",taxation,6,0.25,False,True,False
194,25-4,33443.6875,"(6, 45)",taxation,6,0.25,False,True,False
194,56-4,37078.171875,"(8, 46)",taxation,6,0.25,False,True,False
194,234-4,38815.34375,"(11, 32)",taxation,6,0.25,False,True,False
194,71-4,40683.203125,"(5, 45)",taxation,6,0.25,False,True,False
194,162-4,38845.15625,"(21, 35)",taxation,6,0.25,False,True,False
194,45-4,38846.109375,"(34, 23)",taxation,6,0.25,False,True,False
194,212-4,38911.609375,"(35, 16)",taxation,6,0.25,False,True,False
194,110-4,42470.3125,"(4, 46)",taxation,6,0.25,False,True,False
194,225-4,38868.421875,"(17, 48)",taxation,6,0.25,False,True,False
194,231-4,24385.109375,"(34, 19)",taxation,6,0.25,False,True,False
194,137-4,33426.53125,"(23, 30)",taxation,6,0.25,False,True,False
194,4-4,28002.515625,"(25, 29)",taxation,6,0.25,False,True,False
194,169-4,29803.4375,"(39, 13)",taxation,6,0.25,False,True,False
194,125-4,40616.125,"(40, 35)",taxation,6,0.25,False,True,False
194,122-4,31596.515625,"(24, 27)",taxation,6,0.25,False,True,False
194,226-4,37024.796875,"(27, 13)",taxation,6,0.25,False,True,False
194,5-4,17124.21875,"(26, 28)",taxation,6,0.25,False,True,False
194,209-4,42479.46875,"(6, 49)",taxation,6,0.25,False,True,False
194,205-4,18975.359375,"(36, 12)",taxation,6,0.25,False,True,False
194,130-4,40601.34375,"(27, 20)",taxation,6,0.25,False,True,False
194,91-4,40684.796875,"(25, 25)",taxation,6,0.25,False,True,False
194,214-4,24356.4375,"(34, 16)",taxation,6,0.25,False,True,False
194,196-4,26156.25,"(7, 43)",taxation,6,0.25,False,True,False
194,21-4,35202.015625,"(1, 37)",taxation,6,0.25,False,True,False
194,141-4,29827.53125,"(36, 16)",taxation,6,0.25,False,True,False
194,193-4,33414.84375,"(4, 48)",taxation,6,0.25,False,True,False
194,68-4,31598.984375,"(25, 27)",taxation,6,0.25,False,True,False
194,161-4,31588.875,"(36, 10)",taxation,6,0.25,False,True,False
194,147-4,37023.921875,"(30, 2)",taxation,6,0.25,False,True,False
194,175-4,31570.78125,"(20, 34)",taxation,6,0.25,False,True,False
194,55-4,40632.453125,"(23, 31)",taxation,6,0.25,False,True,False
194,50-4,42425.59375,"(15, 46)",taxation,6,0.25,False,True,False
194,113-4,38802.296875,"(7, 44)",taxation,6,0.25,False,True,False
194,201-4,26158.203125,"(34, 26)",taxation,6,0.25,False,True,False
194,102-4,26136.59375,"(6, 48)",taxation,6,0.25,False,True,False
194,112-4,40614.46875,"(36, 23)",taxation,6,0.25,False,True,False
194,41-4,40636.5,"(31, 2)",taxation,6,0.25,False,True,False
194,78-4,35220.515625,"(5, 48)",taxation,6,0.25,False,True,False
194,203-4,44239.765625,"(30, 23)",taxation,6,0.25,False,True,False
194,247-4,33399.5625,"(19, 41)",taxation,6,0.25,False,True,False
194,32-4,40600.359375,"(32, 24)",taxation,6,0.25,False,True,False
194,115-4,40610.484375,"(1, 44)",taxation,6,0.25,False,True,False
195,145-3,51779.0,"(40, 2)",taxation,6,0.25,False,True,False
195,100-3,49392.5625,"(4, 42)",taxation,6,0.25,False,True,False
195,155-3,51769.4375,"(45, 10)",taxation,6,0.25,False,True,False
195,207-3,39706.8125,"(39, 1)",taxation,6,0.25,False,True,False
195,120-3,56568.5,"(10, 47)",taxation,6,0.25,False,True,False
195,11-3,39694.1875,"(40, 7)",taxation,6,0.25,False,True,False
195,103-3,49338.875,"(14, 46)",taxation,6,0.25,False,True,False
195,202-3,56576.5,"(19, 44)",taxation,6,0.25,False,True,False
195,164-3,51781.4375,"(14, 41)",taxation,6,0.25,False,True,False
195,2-3,49359.8125,"(1, 35)",taxation,6,0.25,False,True,False
195,186-3,46979.1875,"(37, 2)",taxation,6,0.25,False,True,False
195,85-3,44513.75,"(1, 39)",taxation,6,0.25,False,True,False
195,64-3,49293.0,"(39, 19)",taxation,6,0.25,False,True,False
195,188-3,49326.125,"(25, 17)",taxation,6,0.25,False,True,False
195,57-3,44484.6875,"(32, 30)",taxation,6,0.25,False,True,False
195,132-3,54180.3125,"(39, 31)",taxation,6,0.25,False,True,False
195,163-3,58946.5,"(45, 14)",taxation,6,0.25,False,True,False
195,19-3,51778.0,"(39, 9)",taxation,6,0.25,False,True,False
195,107-3,54096.875,"(7, 42)",taxation,6,0.25,False,True,False
195,221-3,46883.625,"(42, 5)",taxation,6,0.25,False,True,False
195,96-3,56547.375,"(26, 21)",taxation,6,0.25,False,True,False
195,92-3,54141.25,"(42, 9)",taxation,6,0.25,False,True,False
195,116-3,54175.125,"(30, 27)",taxation,6,0.25,False,True,False
195,13-3,46921.6875,"(29, 24)",taxation,6,0.25,False,True,False
195,174-3,54162.125,"(19, 38)",taxation,6,0.25,False,True,False
195,69-3,54086.875,"(27, 12)",taxation,6,0.25,False,True,False
195,184-3,49257.9375,"(1, 43)",taxation,6,0.25,False,True,False
195,237-3,39655.3125,"(34, 11)",taxation,6,0.25,False,True,False
195,90-3,44478.875,"(2, 46)",taxation,6,0.25,False,True,False
195,18-3,56551.3125,"(41, 9)",taxation,6,0.25,False,True,False
195,121-3,49317.0,"(12, 39)",taxation,6,0.25,False,True,False
195,30-3,56570.9375,"(42, 8)",taxation,6,0.25,False,True,False
195,97-3,39638.3125,"(4, 38)",taxation,6,0.25,False,True,False
195,229-3,54144.6875,"(11, 35)",taxation,6,0.25,False,True,False
195,27-3,44461.0625,"(10, 38)",taxation,6,0.25,False,True,False
195,117-3,44475.625,"(28, 27)",taxation,6,0.25,False,True,False
195,80-3,54107.625,"(24, 21)",taxation,6,0.25,False,True,False
195,166-3,46866.4375,"(1, 47)",taxation,6,0.25,False,True,False
195,86-3,49322.5,"(27, 23)",taxation,6,0.25,False,True,False
195,160-3,44463.75,"(0, 39)",taxation,6,0.25,False,True,False
195,233-3,46877.4375,"(1, 45)",taxation,6,0.25,False,True,False
195,235-3,49280.9375,"(34, 3)",taxation,6,0.25,False,True,False
195,48-3,51648.5,"(9, 36)",taxation,6,0.25,False,True,False
195,88-3,49310.0,"(34, 6)",taxation,6,0.25,False,True,False
195,52-3,37269.4375,"(38, 6)",taxation,6,0.25,False,True,False
195,58-3,51688.875,"(38, 7)",taxation,6,0.25,False,True,False
195,248-3,49295.1875,"(35, 28)",taxation,6,0.25,False,True,False
195,108-3,27594.6875,"(41, 16)",taxation,6,0.25,False,True,False
195,82-3,51697.125,"(29, 27)",taxation,6,0.25,False,True,False
195,236-3,49300.9375,"(35, 10)",taxation,6,0.25,False,True,False
195,104-3,46926.125,"(30, 25)",taxation,6,0.25,False,True,False
195,152-3,51676.1875,"(1, 40)",taxation,6,0.25,False,True,False
195,109-3,49303.875,"(38, 0)",taxation,6,0.25,False,True,False
195,72-3,56518.875,"(8, 37)",taxation,6,0.25,False,True,False
195,127-3,51684.5,"(39, 10)",taxation,6,0.25,False,True,False
195,61-3,58947.1875,"(41, 5)",taxation,6,0.25,False,True,False
195,232-3,29927.6875,"(2, 40)",taxation,6,0.25,False,True,False
195,65-3,56506.9375,"(40, 18)",taxation,6,0.25,False,True,False
195,124-3,46854.1875,"(1, 46)",taxation,6,0.25,False,True,False
195,62-3,49275.125,"(0, 37)",taxation,6,0.25,False,True,False
195,59-3,44488.9375,"(27, 24)",taxation,6,0.25,False,True,False
195,89-3,51708.0625,"(31, 27)",taxation,6,0.25,False,True,False
195,26-3,39634.5625,"(5, 38)",taxation,6,0.25,False,True,False
195,14-3,13116.875,"(27, 16)",taxation,6,0.25,False,True,False
195,194-3,44460.625,"(31, 29)",taxation,6,0.25,False,True,False
195,37-3,51719.0625,"(31, 25)",taxation,6,0.25,False,True,False
195,36-3,37206.4375,"(3, 35)",taxation,6,0.25,False,True,False
195,7-3,37237.375,"(42, 11)",taxation,6,0.25,False,True,False
195,47-3,34779.3125,"(14, 47)",taxation,6,0.25,False,True,False
195,223-3,34810.5,"(42, 10)",taxation,6,0.25,False,True,False
195,129-3,46879.5,"(0, 43)",taxation,6,0.25,False,True,False
195,77-3,42030.125,"(47, 11)",taxation,6,0.25,False,True,False
195,43-3,49263.8125,"(26, 24)",taxation,6,0.25,False,True,False
195,128-3,54121.25,"(45, 9)",taxation,6,0.25,False,True,False
195,79-3,46854.1875,"(24, 22)",taxation,6,0.25,False,True,False
195,199-3,56475.25,"(24, 24)",taxation,6,0.25,False,True,False
195,136-3,39617.375,"(0, 42)",taxation,6,0.25,False,True,False
195,99-3,46838.9375,"(8, 43)",taxation,6,0.25,False,True,False
195,84-3,49272.625,"(24, 20)",taxation,6,0.25,False,True,False
195,123-3,56487.5625,"(14, 44)",taxation,6,0.25,False,True,False
195,119-3,49250.75,"(26, 26)",taxation,6,0.25,False,True,False
195,46-3,34781.5,"(31, 6)",taxation,6,0.25,False,True,False
195,190-3,49243.0625,"(2, 49)",taxation,6,0.25,False,True,False
195,215-3,54124.625,"(30, 7)",taxation,6,0.25,False,True,False
195,220-3,54102.25,"(44, 9)",taxation,6,0.25,False,True,False
195,157-3,46837.1875,"(2, 41)",taxation,6,0.25,False,True,False
195,245-3,54049.0625,"(32, 25)",taxation,6,0.25,False,True,False
195,195-3,22733.9375,"(28, 24)",taxation,6,0.25,False,True,False
195,15-3,44442.0625,"(0, 45)",taxation,6,0.25,False,True,False
195,224-3,42006.3125,"(26, 27)",taxation,6,0.25,False,True,False
195,87-3,49241.625,"(38, 5)",taxation,6,0.25,False,True,False
195,135-3,49223.0625,"(15, 47)",taxation,6,0.25,False,True,False
195,8-3,49268.25,"(30, 28)",taxation,6,0.25,False,True,False
195,227-3,54074.375,"(41, 7)",taxation,6,0.25,False,True,False
195,178-3,54074.1875,"(0, 46)",taxation,6,0.25,False,True,False
195,114-3,56492.3125,"(46, 15)",taxation,6,0.25,False,True,False
195,118-3,54019.625,"(43, 9)",taxation,6,0.25,False,True,False
195,244-3,56478.875,"(41, 3)",taxation,6,0.25,False,True,False
195,34-3,44405.5,"(40, 8)",taxation,6,0.25,False,True,False
195,60-3,51641.4375,"(2, 42)",taxation,6,0.25,False,True,False
195,218-3,56477.125,"(7, 37)",taxation,6,0.25,False,True,False
195,49-3,46848.875,"(37, 0)",taxation,6,0.25,False,True,False
195,185-3,49291.125,"(33, 31)",taxation,6,0.25,False,True,False
195,228-4,29303.9375,"(28, 23)",taxation,6,0.25,False,True,False
195,24-3,39642.125,"(45, 11)",taxation,6,0.25,False,True,False
195,9-3,42030.9375,"(43, 12)",taxation,6,0.25,False,True,False
195,39-3,34737.625,"(0, 41)",taxation,6,0.25,False,True,False
195,151-3,39565.1875,"(40, 9)",taxation,6,0.25,False,True,False
195,29-3,49249.9375,"(22, 16)",taxation,6,0.25,False,True,False
195,230-3,39592.0,"(28, 22)",taxation,6,0.25,False,True,False
195,131-3,49240.75,"(30, 24)",taxation,6,0.25,False,True,False
195,81-3,46864.6875,"(38, 10)",taxation,6,0.25,False,True,False
195,222-3,49214.125,"(38, 4)",taxation,6,0.25,False,True,False
195,171-3,49208.375,"(20, 39)",taxation,6,0.25,False,True,False
195,200-3,46823.5,"(8, 36)",taxation,6,0.25,False,True,False
195,238-3,49227.5,"(44, 14)",taxation,6,0.25,False,True,False
195,153-3,25097.25,"(25, 22)",taxation,6,0.25,False,True,False
195,197-3,39571.1875,"(37, 1)",taxation,6,0.25,False,True,False
195,139-4,44413.765625,"(5, 41)",taxation,6,0.25,False,True,False
195,204-3,54016.375,"(25, 21)",taxation,6,0.25,False,True,False
195,211-3,32308.8125,"(1, 41)",taxation,6,0.25,False,True,False
195,93-3,22695.0,"(40, 12)",taxation,6,0.25,False,True,False
195,101-3,49248.5625,"(23, 16)",taxation,6,0.25,False,True,False
195,213-3,49234.625,"(32, 26)",taxation,6,0.25,False,True,False
195,70-3,51627.0,"(14, 48)",taxation,6,0.25,False,True,False
195,239-3,49235.625,"(2, 47)",taxation,6,0.25,False,True,False
195,243-3,46807.125,"(24, 25)",taxation,6,0.25,False,True,False
195,192-3,44408.25,"(44, 11)",taxation,6,0.25,False,True,False
195,143-3,49217.3125,"(34, 29)",taxation,6,0.25,False,True,False
195,35-3,49229.875,"(46, 9)",taxation,6,0.25,False,True,False
195,3-3,29887.6875,"(1, 48)",taxation,6,0.25,False,True,False
195,181-3,49210.937500000015,"(40, 5)",taxation,6,0.25,False,True,False
195,105-3,44385.625,"(38, 2)",taxation,6,0.25,False,True,False
195,177-3,49268.3125,"(36, 22)",taxation,6,0.25,False,True,False
195,167-4,38957.734375,"(39, 5)",taxation,6,0.25,False,True,False
195,173-4,10639.8125,"(24, 17)",taxation,6,0.25,False,True,False
195,44-3,32318.0,"(33, 24)",taxation,6,0.25,False,True,False
195,216-3,54017.5,"(29, 23)",taxation,6,0.25,False,True,False
195,217-3,29908.375,"(14, 38)",taxation,6,0.25,False,True,False
195,138-3,51561.8125,"(6, 41)",taxation,6,0.25,False,True,False
195,75-4,35296.0625,"(2, 48)",taxation,6,0.25,False,True,False
195,74-4,43149.0,"(0, 47)",taxation,6,0.25,False,True,False
195,191-3,56409.5625,"(27, 22)",taxation,6,0.25,False,True,False
195,240-4,13002.3125,"(4, 40)",taxation,6,0.25,False,True,False
195,20-3,46809.75,"(26, 25)",taxation,6,0.25,False,True,False
195,159-3,39561.375,"(11, 36)",taxation,6,0.25,False,True,False
195,158-4,35913.0625,"(0, 40)",taxation,6,0.25,False,True,False
195,66-3,54038.8125,"(31, 26)",taxation,6,0.25,False,True,False
195,170-4,34166.734375,"(43, 10)",taxation,6,0.25,False,True,False
195,146-4,15445.3125,"(43, 11)",taxation,6,0.25,False,True,False
195,208-4,39546.703125,"(3, 39)",taxation,6,0.25,False,True,False
195,219-4,43148.3125,"(27, 28)",taxation,6,0.25,False,True,False
195,140-4,962.0625,"(15, 43)",taxation,6,0.25,False,True,False
195,210-3,58838.5625,"(21, 34)",taxation,6,0.25,False,True,False
195,198-4,35333.71875,"(33, 7)",taxation,6,0.25,False,True,False
195,246-4,37155.3125,"(9, 45)",taxation,6,0.25,False,True,False
195,187-4,20234.1875,"(34, 9)",taxation,6,0.25,False,True,False
195,179-4,32350.53125,"(33, 11)",taxation,6,0.25,False,True,False
195,23-4,40112.5,"(26, 23)",taxation,6,0.25,False,True,False
195,31-4,44351.46875,"(3, 47)",taxation,6,0.25,False,True,False
195,150-3,41936.4375,"(39, 2)",taxation,6,0.25,False,True,False
195,12-3,46793.8125,"(40, 6)",taxation,6,0.25,False,True,False
195,98-4,20278.0625,"(0, 44)",taxation,6,0.25,False,True,False
195,126-3,49191.0625,"(34, 30)",taxation,6,0.25,False,True,False
195,176-4,948.1875,"(27, 27)",taxation,6,0.25,False,True,False
195,28-4,34110.203125,"(41, 12)",taxation,6,0.25,False,True,False
195,154-4,17802.3125,"(7, 35)",taxation,6,0.25,False,True,False
195,40-4,40728.3125,"(21, 40)",taxation,6,0.25,False,True,False
195,1-4,28703.140625,"(15, 48)",taxation,6,0.25,False,True,False
195,76-4,37127.921875000015,"(32, 31)",taxation,6,0.25,False,True,False
195,67-3,37148.5625,"(29, 28)",taxation,6,0.25,False,True,False
195,182-4,38887.890625,"(34, 7)",taxation,6,0.25,False,True,False
195,241-4,35282.21875,"(23, 18)",taxation,6,0.25,False,True,False
195,149-4,33527.5625,"(3, 42)",taxation,6,0.25,False,True,False
195,17-4,40747.03125,"(6, 39)",taxation,6,0.25,False,True,False
195,0-4,26270.828125,"(35, 6)",taxation,6,0.25,False,True,False
195,22-4,42525.8125,"(33, 12)",taxation,6,0.25,False,True,False
195,10-4,38915.390625,"(38, 9)",taxation,6,0.25,False,True,False
195,242-4,17236.953125,"(41, 11)",taxation,6,0.25,False,True,False
195,142-4,24430.859375,"(39, 0)",taxation,6,0.25,False,True,False
195,189-4,33544.84375,"(29, 25)",taxation,6,0.25,False,True,False
195,63-4,35252.171875,"(36, 0)",taxation,6,0.25,False,True,False
195,165-4,44274.1875,"(39, 7)",taxation,6,0.25,False,True,False
195,94-4,12990.125,"(30, 29)",taxation,6,0.25,False,True,False
195,206-4,37681.328125,"(30, 6)",taxation,6,0.25,False,True,False
195,172-4,40677.484375,"(3, 36)",taxation,6,0.25,False,True,False
195,144-4,37125.90625,"(3, 48)",taxation,6,0.25,False,True,False
195,111-4,40670.515625,"(7, 36)",taxation,6,0.25,False,True,False
195,83-4,40690.671875,"(38, 1)",taxation,6,0.25,False,True,False
195,249-4,38931.5625,"(44, 12)",taxation,6,0.25,False,True,False
195,51-4,38906.40625,"(35, 11)",taxation,6,0.25,False,True,False
195,180-4,37083.265625,"(4, 36)",taxation,6,0.25,False,True,False
195,148-4,29829.953125,"(39, 12)",taxation,6,0.25,False,True,False
195,16-4,42505.34375,"(26, 22)",taxation,6,0.25,False,True,False
195,134-4,37078.25,"(33, 10)",taxation,6,0.25,False,True,False
195,73-4,38865.265625,"(23, 15)",taxation,6,0.25,False,True,False
195,54-4,37075.140625,"(37, 9)",taxation,6,0.25,False,True,False
195,38-4,38872.59375,"(25, 24)",taxation,6,0.25,False,True,False
195,6-4,42511.625,"(39, 8)",taxation,6,0.25,False,True,False
195,156-4,27996.96875,"(15, 45)",taxation,6,0.25,False,True,False
195,95-4,42502.65625,"(39, 11)",taxation,6,0.25,False,True,False
195,42-4,28076.21875,"(3, 41)",taxation,6,0.25,False,True,False
195,168-4,40689.15625,"(22, 41)",taxation,6,0.25,False,True,False
195,183-4,26218.796875,"(33, 27)",taxation,6,0.25,False,True,False
195,53-4,24401.765625,"(47, 10)",taxation,6,0.25,False,True,False
195,106-4,35264.859375,"(23, 19)",taxation,6,0.25,False,True,False
195,133-4,33478.1875,"(41, 8)",taxation,6,0.25,False,True,False
195,25-4,33452.6875,"(1, 42)",taxation,6,0.25,False,True,False
195,56-4,37085.171875,"(6, 40)",taxation,6,0.25,False,True,False
195,234-4,38823.34375,"(8, 35)",taxation,6,0.25,False,True,False
195,71-4,40690.203125,"(7, 41)",taxation,6,0.25,False,True,False
195,162-4,38852.15625,"(22, 36)",taxation,6,0.25,False,True,False
195,45-4,38854.109375,"(29, 26)",taxation,6,0.25,False,True,False
195,212-4,38917.609375,"(40, 10)",taxation,6,0.25,False,True,False
195,110-4,42479.3125,"(0, 49)",taxation,6,0.25,False,True,False
195,225-4,38875.421875,"(20, 48)",taxation,6,0.25,False,True,False
195,231-4,24393.109375,"(28, 25)",taxation,6,0.25,False,True,False
195,137-4,33434.53125,"(28, 30)",taxation,6,0.25,False,True,False
195,4-4,28009.515625,"(25, 30)",taxation,6,0.25,False,True,False
195,169-4,29810.4375,"(44, 10)",taxation,6,0.25,False,True,False
195,125-4,40622.125,"(38, 34)",taxation,6,0.25,False,True,False
195,122-4,31603.515625,"(25, 26)",taxation,6,0.25,False,True,False
195,226-4,37032.796875,"(23, 17)",taxation,6,0.25,False,True,False
195,5-4,17132.21875,"(28, 26)",taxation,6,0.25,False,True,False
195,209-4,42489.46875,"(3, 49)",taxation,6,0.25,False,True,False
195,205-4,18982.359375,"(39, 6)",taxation,6,0.25,False,True,False
195,130-4,40609.34375,"(23, 20)",taxation,6,0.25,False,True,False
195,91-4,40692.796875,"(22, 20)",taxation,6,0.25,False,True,False
195,214-4,24364.4375,"(40, 15)",taxation,6,0.25,False,True,False
195,196-4,26164.25,"(4, 41)",taxation,6,0.25,False,True,False
195,21-4,35210.015625,"(0, 35)",taxation,6,0.25,False,True,False
195,141-4,29835.53125,"(41, 10)",taxation,6,0.25,False,True,False
195,193-4,33423.84375,"(0, 48)",taxation,6,0.25,False,True,False
195,68-4,31606.984375,"(27, 26)",taxation,6,0.25,False,True,False
195,161-4,31597.875,"(38, 8)",taxation,6,0.25,False,True,False
195,147-4,37030.921875,"(33, 0)",taxation,6,0.25,False,True,False
195,175-4,31578.78125,"(24, 38)",taxation,6,0.25,False,True,False
195,55-4,40640.453125,"(27, 25)",taxation,6,0.25,False,True,False
195,50-4,42432.59375,"(18, 43)",taxation,6,0.25,False,True,False
195,113-4,38808.296875,"(12, 38)",taxation,6,0.25,False,True,False
195,201-4,26166.203125,"(31, 28)",taxation,6,0.25,False,True,False
195,102-4,26145.59375,"(1, 49)",taxation,6,0.25,False,True,False
195,112-4,40622.46875,"(33, 25)",taxation,6,0.25,False,True,False
195,41-4,40644.5,"(36, 1)",taxation,6,0.25,False,True,False
195,78-4,35221.515625,"(10, 49)",taxation,6,0.25,False,True,False
195,203-4,44246.765625,"(28, 28)",taxation,6,0.25,False,True,False
195,247-4,33406.5625,"(19, 42)",taxation,6,0.25,False,True,False
195,32-4,40608.359375,"(30, 26)",taxation,6,0.25,False,True,False
195,115-4,40615.484375,"(6, 38)",taxation,6,0.25,False,True,False
195,33-4,29763.703125,"(32, 28)",taxation,6,0.25,False,True,False
196,145-3,51788.0,"(45, 2)",taxation,6,0.25,False,True,False
196,100-3,49395.5625,"(2, 38)",taxation,6,0.25,False,True,False
196,120-3,56571.5,"(16, 47)",taxation,6,0.25,False,True,False
196,11-3,39703.1875,"(42, 2)",taxation,6,0.25,False,True,False
196,103-3,49346.875,"(20, 47)",taxation,6,0.25,False,True,False
196,164-3,51789.4375,"(17, 39)",taxation,6,0.25,False,True,False
196,2-3,49367.8125,"(1, 31)",taxation,6,0.25,False,True,False
196,186-3,46988.1875,"(42, 1)",taxation,6,0.25,False,True,False
196,85-3,44522.75,"(1, 34)",taxation,6,0.25,False,True,False
196,64-3,49299.0,"(42, 18)",taxation,6,0.25,False,True,False
196,188-3,49334.125,"(21, 17)",taxation,6,0.25,False,True,False
196,57-3,44492.6875,"(27, 34)",taxation,6,0.25,False,True,False
196,132-3,54187.3125,"(37, 32)",taxation,6,0.25,False,True,False
196,163-3,58954.5,"(48, 11)",taxation,6,0.25,False,True,False
196,19-3,51787.0,"(44, 3)",taxation,6,0.25,False,True,False
196,107-3,54101.875,"(12, 36)",taxation,6,0.25,False,True,False
196,221-3,46892.625,"(46, 3)",taxation,6,0.25,False,True,False
196,96-3,56555.375,"(21, 21)",taxation,6,0.25,False,True,False
196,92-3,54149.25,"(48, 8)",taxation,6,0.25,False,True,False
196,116-3,54183.125,"(29, 29)",taxation,6,0.25,False,True,False
196,13-3,46929.6875,"(23, 25)",taxation,6,0.25,False,True,False
196,174-3,54170.125,"(25, 32)",taxation,6,0.25,False,True,False
196,69-3,54093.875,"(24, 12)",taxation,6,0.25,False,True,False
196,184-3,49259.9375,"(5, 39)",taxation,6,0.25,False,True,False
196,237-3,39661.3125,"(37, 8)",taxation,6,0.25,False,True,False
196,90-3,44480.875,"(8, 41)",taxation,6,0.25,False,True,False
196,18-3,56560.3125,"(45, 3)",taxation,6,0.25,False,True,False
196,121-3,49324.0,"(12, 37)",taxation,6,0.25,False,True,False
196,30-3,56579.9375,"(47, 3)",taxation,6,0.25,False,True,False
196,97-3,39646.3125,"(5, 32)",taxation,6,0.25,False,True,False
196,229-3,54152.6875,"(10, 35)",taxation,6,0.25,False,True,False
196,27-3,44470.0625,"(6, 32)",taxation,6,0.25,False,True,False
196,117-3,44482.625,"(28, 33)",taxation,6,0.25,False,True,False
196,80-3,54115.625,"(18, 21)",taxation,6,0.25,False,True,False
196,166-3,46867.4375,"(3, 46)",taxation,6,0.25,False,True,False
196,86-3,49330.5,"(22, 21)",taxation,6,0.25,False,True,False
196,160-3,44472.75,"(0, 34)",taxation,6,0.25,False,True,False
196,233-3,46878.4375,"(3, 45)",taxation,6,0.25,False,True,False
196,235-3,49288.9375,"(34, 0)",taxation,6,0.25,False,True,False
196,48-3,51656.5,"(8, 30)",taxation,6,0.25,False,True,False
196,88-3,49317.0,"(31, 5)",taxation,6,0.25,False,True,False
196,52-3,37278.4375,"(41, 1)",taxation,6,0.25,False,True,False
196,58-3,51697.875,"(40, 1)",taxation,6,0.25,False,True,False
196,248-3,49302.1875,"(35, 32)",taxation,6,0.25,False,True,False
196,108-3,27601.6875,"(46, 17)",taxation,6,0.25,False,True,False
196,82-3,51705.125,"(26, 33)",taxation,6,0.25,False,True,False
196,236-3,49306.9375,"(37, 7)",taxation,6,0.25,False,True,False
196,104-3,46934.125,"(24, 31)",taxation,6,0.25,False,True,False
196,152-3,51679.1875,"(6, 35)",taxation,6,0.25,False,True,False
196,109-3,49312.875,"(44, 1)",taxation,6,0.25,False,True,False
196,72-3,56526.875,"(10, 33)",taxation,6,0.25,False,True,False
196,127-3,51692.5,"(39, 4)",taxation,6,0.25,False,True,False
196,61-3,58956.1875,"(43, 2)",taxation,6,0.25,False,True,False
196,232-3,29930.6875,"(5, 34)",taxation,6,0.25,False,True,False
196,65-3,56513.9375,"(45, 17)",taxation,6,0.25,False,True,False
196,124-3,46855.1875,"(3, 44)",taxation,6,0.25,False,True,False
196,62-3,49284.125,"(0, 31)",taxation,6,0.25,False,True,False
196,59-3,44496.9375,"(21, 18)",taxation,6,0.25,False,True,False
196,89-3,51716.0625,"(27, 32)",taxation,6,0.25,False,True,False
196,26-3,39643.5625,"(5, 35)",taxation,6,0.25,False,True,False
196,14-3,13124.875,"(22, 14)",taxation,6,0.25,False,True,False
196,194-3,44468.625,"(27, 33)",taxation,6,0.25,False,True,False
196,37-3,51725.0625,"(37, 31)",taxation,6,0.25,False,True,False
196,36-3,37214.4375,"(5, 30)",taxation,6,0.25,False,True,False
196,7-3,37245.375,"(47, 9)",taxation,6,0.25,False,True,False
196,47-3,34783.3125,"(19, 45)",taxation,6,0.25,False,True,False
196,223-3,34818.5,"(48, 6)",taxation,6,0.25,False,True,False
196,129-3,46881.5,"(4, 39)",taxation,6,0.25,False,True,False
196,77-3,42039.125,"(47, 5)",taxation,6,0.25,False,True,False
196,43-3,49271.8125,"(20, 23)",taxation,6,0.25,False,True,False
196,128-3,54130.25,"(48, 4)",taxation,6,0.25,False,True,False
196,79-3,46862.1875,"(20, 19)",taxation,6,0.25,False,True,False
196,199-3,56483.25,"(21, 23)",taxation,6,0.25,False,True,False
196,136-3,39619.375,"(5, 37)",taxation,6,0.25,False,True,False
196,99-3,46842.9375,"(14, 39)",taxation,6,0.25,False,True,False
196,84-3,49280.625,"(20, 20)",taxation,6,0.25,False,True,False
196,123-3,56493.5625,"(13, 38)",taxation,6,0.25,False,True,False
196,119-3,49258.75,"(26, 31)",taxation,6,0.25,False,True,False
196,46-3,34787.5,"(33, 6)",taxation,6,0.25,False,True,False
196,190-3,49244.0625,"(4, 49)",taxation,6,0.25,False,True,False
196,215-3,54132.625,"(34, 5)",taxation,6,0.25,False,True,False
196,220-3,54111.25,"(47, 6)",taxation,6,0.25,False,True,False
196,157-3,46841.1875,"(6, 37)",taxation,6,0.25,False,True,False
196,245-3,54055.0625,"(38, 30)",taxation,6,0.25,False,True,False
196,195-3,22740.9375,"(27, 30)",taxation,6,0.25,False,True,False
196,15-3,44443.0625,"(1, 44)",taxation,6,0.25,False,True,False
196,224-3,42014.3125,"(24, 30)",taxation,6,0.25,False,True,False
196,87-3,49250.625,"(41, 2)",taxation,6,0.25,False,True,False
196,135-3,49228.0625,"(21, 43)",taxation,6,0.25,False,True,False
196,8-3,49276.25,"(29, 31)",taxation,6,0.25,False,True,False
196,227-3,54083.375,"(43, 1)",taxation,6,0.25,False,True,False
196,178-3,54075.1875,"(2, 45)",taxation,6,0.25,False,True,False
196,114-3,56500.3125,"(49, 10)",taxation,6,0.25,False,True,False
196,118-3,54028.625,"(44, 5)",taxation,6,0.25,False,True,False
196,244-3,56487.875,"(42, 3)",taxation,6,0.25,False,True,False
196,34-3,44414.5,"(42, 4)",taxation,6,0.25,False,True,False
196,60-3,51643.4375,"(7, 40)",taxation,6,0.25,False,True,False
196,218-3,56486.125,"(7, 34)",taxation,6,0.25,False,True,False
196,49-3,46857.875,"(42, 0)",taxation,6,0.25,False,True,False
196,185-3,49298.125,"(33, 33)",taxation,6,0.25,False,True,False
196,228-4,29306.9375,"(23, 23)",taxation,6,0.25,False,True,False
196,24-3,39650.125,"(48, 9)",taxation,6,0.25,False,True,False
196,9-3,42038.9375,"(45, 8)",taxation,6,0.25,False,True,False
196,39-3,34739.625,"(6, 36)",taxation,6,0.25,False,True,False
196,151-3,39573.1875,"(46, 4)",taxation,6,0.25,False,True,False
196,29-3,49257.9375,"(21, 16)",taxation,6,0.25,False,True,False
196,230-3,39596.0,"(32, 27)",taxation,6,0.25,False,True,False
196,131-3,49248.75,"(30, 30)",taxation,6,0.25,False,True,False
196,81-3,46871.6875,"(42, 7)",taxation,6,0.25,False,True,False
196,222-3,49221.125,"(43, 5)",taxation,6,0.25,False,True,False
196,171-3,49216.375,"(20, 38)",taxation,6,0.25,False,True,False
196,200-3,46831.5,"(7, 32)",taxation,6,0.25,False,True,False
196,238-3,49235.5,"(49, 9)",taxation,6,0.25,False,True,False
196,153-3,25105.25,"(20, 21)",taxation,6,0.25,False,True,False
196,197-3,39578.1875,"(40, 3)",taxation,6,0.25,False,True,False
196,139-4,44416.765625,"(11, 39)",taxation,6,0.25,False,True,False
196,204-3,54024.375,"(19, 19)",taxation,6,0.25,False,True,False
196,211-3,32309.8125,"(3, 40)",taxation,6,0.25,False,True,False
196,93-3,22703.0,"(45, 6)",taxation,6,0.25,False,True,False
196,101-3,49256.5625,"(22, 17)",taxation,6,0.25,False,True,False
196,213-3,49242.625,"(28, 32)",taxation,6,0.25,False,True,False
196,70-3,51631.0,"(19, 47)",taxation,6,0.25,False,True,False
196,239-3,49237.625,"(8, 42)",taxation,6,0.25,False,True,False
196,243-3,46815.125,"(18, 24)",taxation,6,0.25,False,True,False
196,192-3,44417.25,"(48, 7)",taxation,6,0.25,False,True,False
196,143-3,49224.3125,"(34, 32)",taxation,6,0.25,False,True,False
196,35-3,49238.875,"(48, 5)",taxation,6,0.25,False,True,False
196,3-3,29888.6875,"(4, 46)",taxation,6,0.25,False,True,False
196,181-3,49218.937500000015,"(46, 2)",taxation,6,0.25,False,True,False
196,105-3,44392.625,"(43, 6)",taxation,6,0.25,False,True,False
196,177-3,49273.3125,"(41, 23)",taxation,6,0.25,False,True,False
196,167-4,38965.734375,"(45, 5)",taxation,6,0.25,False,True,False
196,173-4,10647.8125,"(22, 15)",taxation,6,0.25,False,True,False
196,44-3,32324.0,"(37, 30)",taxation,6,0.25,False,True,False
196,216-3,54022.5,"(35, 29)",taxation,6,0.25,False,True,False
196,217-3,29915.375,"(15, 33)",taxation,6,0.25,False,True,False
196,138-3,51564.8125,"(11, 38)",taxation,6,0.25,False,True,False
196,75-4,35297.0625,"(4, 47)",taxation,6,0.25,False,True,False
196,74-4,43150.0,"(4, 45)",taxation,6,0.25,False,True,False
196,191-3,56417.5625,"(21, 22)",taxation,6,0.25,False,True,False
196,240-4,13005.3125,"(8, 39)",taxation,6,0.25,False,True,False
196,20-3,46813.75,"(20, 22)",taxation,6,0.25,False,True,False
196,159-3,39569.375,"(12, 30)",taxation,6,0.25,False,True,False
196,158-4,35917.0625,"(4, 35)",taxation,6,0.25,False,True,False
196,66-3,54046.8125,"(31, 30)",taxation,6,0.25,False,True,False
196,170-4,34174.734375,"(46, 6)",taxation,6,0.25,False,True,False
196,146-4,15453.3125,"(49, 6)",taxation,6,0.25,False,True,False
196,208-4,39554.703125,"(8, 34)",taxation,6,0.25,False,True,False
196,219-4,43156.3125,"(26, 30)",taxation,6,0.25,False,True,False
196,140-4,968.0625,"(18, 38)",taxation,6,0.25,False,True,False
196,210-3,58846.5625,"(25, 33)",taxation,6,0.25,False,True,False
196,198-4,35341.71875,"(34, 4)",taxation,6,0.25,False,True,False
196,246-4,37160.3125,"(13, 39)",taxation,6,0.25,False,True,False
196,187-4,20241.1875,"(40, 4)",taxation,6,0.25,False,True,False
196,179-4,32356.53125,"(30, 8)",taxation,6,0.25,False,True,False
196,23-4,40120.5,"(23, 24)",taxation,6,0.25,False,True,False
196,31-4,44353.46875,"(9, 43)",taxation,6,0.25,False,True,False
196,150-3,41945.4375,"(43, 0)",taxation,6,0.25,False,True,False
196,12-3,46802.8125,"(44, 2)",taxation,6,0.25,False,True,False
196,98-4,20279.0625,"(2, 44)",taxation,6,0.25,False,True,False
196,126-3,49198.0625,"(36, 32)",taxation,6,0.25,False,True,False
196,176-4,956.1875,"(27, 31)",taxation,6,0.25,False,True,False
196,28-4,34118.203125,"(46, 11)",taxation,6,0.25,False,True,False
196,154-4,17811.3125,"(1, 33)",taxation,6,0.25,False,True,False
196,40-4,40736.3125,"(26, 40)",taxation,6,0.25,False,True,False
196,1-4,28709.140625,"(20, 43)",taxation,6,0.25,False,True,False
196,76-4,37135.921875000015,"(29, 32)",taxation,6,0.25,False,True,False
196,67-3,37155.5625,"(32, 32)",taxation,6,0.25,False,True,False
196,182-4,38894.890625,"(33, 3)",taxation,6,0.25,False,True,False
196,241-4,35290.21875,"(18, 19)",taxation,6,0.25,False,True,False
196,149-4,33530.5625,"(7, 38)",taxation,6,0.25,False,True,False
196,17-4,40755.03125,"(12, 35)",taxation,6,0.25,False,True,False
196,0-4,26279.828125,"(41, 0)",taxation,6,0.25,False,True,False
196,22-4,42532.8125,"(27, 7)",taxation,6,0.25,False,True,False
196,10-4,38924.390625,"(43, 4)",taxation,6,0.25,False,True,False
196,242-4,17243.953125,"(44, 7)",taxation,6,0.25,False,True,False
196,142-4,24439.859375,"(40, 0)",taxation,6,0.25,False,True,False
196,189-4,33548.84375,"(34, 31)",taxation,6,0.25,False,True,False
196,63-4,35259.171875,"(39, 3)",taxation,6,0.25,False,True,False
196,165-4,44282.1875,"(45, 1)",taxation,6,0.25,False,True,False
196,94-4,12998.125,"(26, 34)",taxation,6,0.25,False,True,False
196,206-4,37688.328125,"(25, 10)",taxation,6,0.25,False,True,False
196,172-4,40685.484375,"(7, 30)",taxation,6,0.25,False,True,False
196,144-4,37127.90625,"(9, 42)",taxation,6,0.25,False,True,False
196,111-4,40679.515625,"(5, 33)",taxation,6,0.25,False,True,False
196,83-4,40698.671875,"(44, 0)",taxation,6,0.25,False,True,False
196,249-4,38940.5625,"(48, 10)",taxation,6,0.25,False,True,False
196,51-4,38913.40625,"(41, 6)",taxation,6,0.25,False,True,False
196,180-4,37091.265625,"(6, 31)",taxation,6,0.25,False,True,False
196,148-4,29837.953125,"(44, 8)",taxation,6,0.25,False,True,False
196,16-4,42513.34375,"(20, 28)",taxation,6,0.25,False,True,False
196,134-4,37084.25,"(36, 7)",taxation,6,0.25,False,True,False
196,73-4,38873.265625,"(19, 18)",taxation,6,0.25,False,True,False
196,54-4,37084.140625,"(43, 3)",taxation,6,0.25,False,True,False
196,38-4,38880.59375,"(19, 25)",taxation,6,0.25,False,True,False
196,6-4,42518.625,"(43, 8)",taxation,6,0.25,False,True,False
196,156-4,28000.96875,"(20, 45)",taxation,6,0.25,False,True,False
196,95-4,42509.65625,"(43, 7)",taxation,6,0.25,False,True,False
196,42-4,28084.21875,"(9, 35)",taxation,6,0.25,False,True,False
196,168-4,40697.15625,"(22, 38)",taxation,6,0.25,False,True,False
196,183-4,26226.796875,"(30, 31)",taxation,6,0.25,False,True,False
196,53-4,24409.765625,"(49, 7)",taxation,6,0.25,False,True,False
196,106-4,35273.859375,"(17, 24)",taxation,6,0.25,False,True,False
196,133-4,33487.1875,"(47, 2)",taxation,6,0.25,False,True,False
196,25-4,33454.6875,"(3, 38)",taxation,6,0.25,False,True,False
196,56-4,37094.171875,"(3, 34)",taxation,6,0.25,False,True,False
196,234-4,38831.34375,"(8, 29)",taxation,6,0.25,False,True,False
196,71-4,40699.203125,"(2, 35)",taxation,6,0.25,False,True,False
196,162-4,38860.15625,"(23, 37)",taxation,6,0.25,False,True,False
196,45-4,38862.109375,"(29, 30)",taxation,6,0.25,False,True,False
196,212-4,38926.609375,"(44, 4)",taxation,6,0.25,False,True,False
196,110-4,42480.3125,"(5, 49)",taxation,6,0.25,False,True,False
196,225-4,38882.421875,"(24, 44)",taxation,6,0.25,False,True,False
196,231-4,24398.109375,"(31, 31)",taxation,6,0.25,False,True,False
196,137-4,33442.53125,"(28, 31)",taxation,6,0.25,False,True,False
196,4-4,28017.515625,"(19, 26)",taxation,6,0.25,False,True,False
196,169-4,29818.4375,"(49, 8)",taxation,6,0.25,False,True,False
196,125-4,40629.125,"(37, 34)",taxation,6,0.25,False,True,False
196,122-4,31611.515625,"(21, 24)",taxation,6,0.25,False,True,False
196,226-4,37040.796875,"(21, 15)",taxation,6,0.25,False,True,False
196,5-4,17137.21875,"(30, 32)",taxation,6,0.25,False,True,False
196,209-4,42491.46875,"(9, 44)",taxation,6,0.25,False,True,False
196,205-4,18990.359375,"(45, 4)",taxation,6,0.25,False,True,False
196,130-4,40617.34375,"(18, 23)",taxation,6,0.25,False,True,False
196,91-4,40700.796875,"(21, 19)",taxation,6,0.25,False,True,False
196,214-4,24371.4375,"(45, 12)",taxation,6,0.25,False,True,False
196,196-4,26167.25,"(10, 36)",taxation,6,0.25,False,True,False
196,21-4,35218.015625,"(0, 29)",taxation,6,0.25,False,True,False
196,141-4,29844.53125,"(47, 4)",taxation,6,0.25,False,True,False
196,193-4,33424.84375,"(5, 48)",taxation,6,0.25,False,True,False
196,68-4,31614.984375,"(25, 31)",taxation,6,0.25,False,True,False
196,161-4,31604.875,"(42, 6)",taxation,6,0.25,False,True,False
196,147-4,37037.921875,"(30, 3)",taxation,6,0.25,False,True,False
196,175-4,31586.78125,"(25, 38)",taxation,6,0.25,False,True,False
196,55-4,40644.453125,"(33, 29)",taxation,6,0.25,False,True,False
196,50-4,42440.59375,"(19, 43)",taxation,6,0.25,False,True,False
196,113-4,38816.296875,"(10, 32)",taxation,6,0.25,False,True,False
196,201-4,26173.203125,"(30, 33)",taxation,6,0.25,False,True,False
196,102-4,26146.59375,"(4, 48)",taxation,6,0.25,False,True,False
196,112-4,40629.46875,"(33, 30)",taxation,6,0.25,False,True,False
196,41-4,40651.5,"(41, 4)",taxation,6,0.25,False,True,False
196,78-4,35224.515625,"(16, 49)",taxation,6,0.25,False,True,False
196,203-4,44254.765625,"(28, 29)",taxation,6,0.25,False,True,False
196,247-4,33413.5625,"(18, 39)",taxation,6,0.25,False,True,False
196,32-4,40616.359375,"(26, 32)",taxation,6,0.25,False,True,False
196,115-4,40624.484375,"(1, 32)",taxation,6,0.25,False,True,False
196,33-4,29770.703125,"(32, 33)",taxation,6,0.25,False,True,False
196,202-4,42438.375,"(20, 46)",taxation,6,0.25,False,True,False
196,155-4,38833.828125,"(47, 7)",taxation,6,0.25,False,True,False
196,207-4,29786.109375,"(45, 0)",taxation,6,0.25,False,True,False
197,100-3,49400.5625,"(0, 32)",taxation,6,0.25,False,True,False
197,120-3,56576.5,"(20, 44)",taxation,6,0.25,False,True,False
197,11-3,39711.1875,"(46, 5)",taxation,6,0.25,False,True,False
197,103-3,49353.875,"(25, 44)",taxation,6,0.25,False,True,False
197,164-3,51797.4375,"(22, 39)",taxation,6,0.25,False,True,False
197,2-3,49376.8125,"(3, 29)",taxation,6,0.25,False,True,False
197,186-3,46997.1875,"(47, 0)",taxation,6,0.25,False,True,False
197,85-3,44528.75,"(4, 29)",taxation,6,0.25,False,True,False
197,64-3,49307.0,"(48, 16)",taxation,6,0.25,False,True,False
197,188-3,49342.125,"(19, 16)",taxation,6,0.25,False,True,False
197,57-3,44500.6875,"(28, 34)",taxation,6,0.25,False,True,False
197,132-3,54195.3125,"(37, 35)",taxation,6,0.25,False,True,False
197,163-3,58962.5,"(49, 14)",taxation,6,0.25,False,True,False
197,19-3,51788.0,"(40, 6)",taxation,6,0.25,False,True,False
197,107-3,54110.875,"(13, 30)",taxation,6,0.25,False,True,False
197,221-3,46893.625,"(42, 5)",taxation,6,0.25,False,True,False
197,96-3,56563.375,"(15, 22)",taxation,6,0.25,False,True,False
197,92-3,54156.25,"(46, 13)",taxation,6,0.25,False,True,False
197,116-3,54189.125,"(31, 32)",taxation,6,0.25,False,True,False
197,13-3,46938.6875,"(17, 28)",taxation,6,0.25,False,True,False
197,174-3,54178.125,"(24, 36)",taxation,6,0.25,False,True,False
197,69-3,54101.875,"(20, 13)",taxation,6,0.25,False,True,False
197,184-3,49263.9375,"(6, 33)",taxation,6,0.25,False,True,False
197,237-3,39668.3125,"(43, 14)",taxation,6,0.25,False,True,False
197,90-3,44484.875,"(11, 37)",taxation,6,0.25,False,True,False
197,18-3,56561.3125,"(42, 8)",taxation,6,0.25,False,True,False
197,121-3,49331.0,"(13, 31)",taxation,6,0.25,False,True,False
197,30-3,56588.9375,"(49, 3)",taxation,6,0.25,False,True,False
197,97-3,39655.3125,"(9, 29)",taxation,6,0.25,False,True,False
197,229-3,54159.6875,"(15, 29)",taxation,6,0.25,False,True,False
197,27-3,44478.0625,"(10, 26)",taxation,6,0.25,False,True,False
197,117-3,44490.625,"(28, 38)",taxation,6,0.25,False,True,False
197,80-3,54123.625,"(18, 22)",taxation,6,0.25,False,True,False
197,166-3,46870.4375,"(9, 40)",taxation,6,0.25,False,True,False
197,86-3,49338.5,"(16, 17)",taxation,6,0.25,False,True,False
197,160-3,44481.75,"(0, 28)",taxation,6,0.25,False,True,False
197,233-3,46880.4375,"(4, 44)",taxation,6,0.25,False,True,False
197,235-3,49295.9375,"(29, 3)",taxation,6,0.25,False,True,False
197,48-3,51665.5,"(7, 29)",taxation,6,0.25,False,True,False
197,88-3,49324.0,"(25, 8)",taxation,6,0.25,False,True,False
197,52-3,37287.4375,"(46, 0)",taxation,6,0.25,False,True,False
197,58-3,51700.875,"(35, 2)",taxation,6,0.25,False,True,False
197,248-3,49310.1875,"(33, 35)",taxation,6,0.25,False,True,False
197,108-3,27609.6875,"(48, 15)",taxation,6,0.25,False,True,False
197,82-3,51713.125,"(26, 36)",taxation,6,0.25,False,True,False
197,236-3,49313.9375,"(43, 13)",taxation,6,0.25,False,True,False
197,104-3,46941.125,"(24, 35)",taxation,6,0.25,False,True,False
197,152-3,51685.1875,"(6, 30)",taxation,6,0.25,False,True,False
197,109-3,49313.875,"(41, 5)",taxation,6,0.25,False,True,False
197,72-3,56535.875,"(10, 29)",taxation,6,0.25,False,True,False
197,127-3,51698.5,"(33, 9)",taxation,6,0.25,False,True,False
197,61-3,58957.1875,"(39, 2)",taxation,6,0.25,False,True,False
197,232-3,29936.6875,"(9, 28)",taxation,6,0.25,False,True,False
197,65-3,56521.9375,"(47, 14)",taxation,6,0.25,False,True,False
197,124-3,46858.1875,"(9, 41)",taxation,6,0.25,False,True,False
197,62-3,49292.125,"(1, 25)",taxation,6,0.25,False,True,False
197,59-3,44504.9375,"(20, 18)",taxation,6,0.25,False,True,False
197,89-3,51724.0625,"(30, 34)",taxation,6,0.25,False,True,False
197,26-3,39651.5625,"(9, 30)",taxation,6,0.25,False,True,False
197,14-3,13132.875,"(20, 14)",taxation,6,0.25,False,True,False
197,194-3,44476.625,"(28, 37)",taxation,6,0.25,False,True,False
197,37-3,51733.0625,"(36, 34)",taxation,6,0.25,False,True,False
197,36-3,37222.4375,"(4, 25)",taxation,6,0.25,False,True,False
197,7-3,37253.375,"(47, 12)",taxation,6,0.25,False,True,False
197,47-3,34791.3125,"(23, 42)",taxation,6,0.25,False,True,False
197,223-3,34825.5,"(42, 12)",taxation,6,0.25,False,True,False
197,129-3,46885.5,"(7, 33)",taxation,6,0.25,False,True,False
197,77-3,42047.125,"(49, 11)",taxation,6,0.25,False,True,False
197,43-3,49279.8125,"(16, 24)",taxation,6,0.25,False,True,False
197,128-3,54131.25,"(45, 9)",taxation,6,0.25,False,True,False
197,79-3,46870.1875,"(17, 17)",taxation,6,0.25,False,True,False
197,199-3,56492.25,"(17, 23)",taxation,6,0.25,False,True,False
197,136-3,39625.375,"(4, 31)",taxation,6,0.25,False,True,False
197,99-3,46847.9375,"(14, 33)",taxation,6,0.25,False,True,False
197,84-3,49288.625,"(19, 22)",taxation,6,0.25,False,True,False
197,123-3,56498.5625,"(13, 32)",taxation,6,0.25,False,True,False
197,119-3,49266.75,"(31, 36)",taxation,6,0.25,False,True,False
197,46-3,34794.5,"(29, 7)",taxation,6,0.25,False,True,False
197,190-3,49246.0625,"(6, 49)",taxation,6,0.25,False,True,False
197,215-3,54139.625,"(40, 11)",taxation,6,0.25,False,True,False
197,220-3,54120.25,"(49, 0)",taxation,6,0.25,False,True,False
197,157-3,46849.1875,"(9, 31)",taxation,6,0.25,False,True,False
197,245-3,54063.0625,"(34, 35)",taxation,6,0.25,False,True,False
197,195-3,22747.9375,"(26, 35)",taxation,6,0.25,False,True,False
197,15-3,44445.0625,"(3, 43)",taxation,6,0.25,False,True,False
197,224-3,42020.3125,"(23, 34)",taxation,6,0.25,False,True,False
197,87-3,49258.625,"(44, 6)",taxation,6,0.25,False,True,False
197,135-3,49236.0625,"(23, 41)",taxation,6,0.25,False,True,False
197,8-3,49284.25,"(31, 34)",taxation,6,0.25,False,True,False
197,227-3,54085.375,"(38, 3)",taxation,6,0.25,False,True,False
197,178-3,54077.1875,"(2, 43)",taxation,6,0.25,False,True,False
197,114-3,56508.3125,"(49, 13)",taxation,6,0.25,False,True,False
197,118-3,54037.625,"(48, 2)",taxation,6,0.25,False,True,False
197,244-3,56489.875,"(37, 3)",taxation,6,0.25,False,True,False
197,34-3,44416.5,"(36, 4)",taxation,6,0.25,False,True,False
197,60-3,51647.4375,"(9, 34)",taxation,6,0.25,False,True,False
197,218-3,56495.125,"(13, 29)",taxation,6,0.25,False,True,False
197,49-3,46859.875,"(36, 2)",taxation,6,0.25,False,True,False
197,185-3,49306.125,"(33, 34)",taxation,6,0.25,False,True,False
197,228-4,29313.9375,"(17, 26)",taxation,6,0.25,False,True,False
197,24-3,39658.125,"(46, 10)",taxation,6,0.25,False,True,False
197,9-3,42046.9375,"(46, 8)",taxation,6,0.25,False,True,False
197,39-3,34745.625,"(11, 30)",taxation,6,0.25,False,True,False
197,151-3,39582.1875,"(49, 1)",taxation,6,0.25,False,True,False
197,29-3,49265.9375,"(19, 15)",taxation,6,0.25,False,True,False
197,230-3,39603.0,"(37, 33)",taxation,6,0.25,False,True,False
197,131-3,49256.75,"(31, 35)",taxation,6,0.25,False,True,False
197,81-3,46880.6875,"(48, 1)",taxation,6,0.25,False,True,False
197,222-3,49223.125,"(37, 10)",taxation,6,0.25,False,True,False
197,171-3,49224.375,"(23, 40)",taxation,6,0.25,False,True,False
197,200-3,46840.5,"(8, 27)",taxation,6,0.25,False,True,False
197,238-3,49243.5,"(48, 13)",taxation,6,0.25,False,True,False
197,153-3,25113.25,"(16, 19)",taxation,6,0.25,False,True,False
197,197-3,39587.1875,"(46, 1)",taxation,6,0.25,False,True,False
197,139-4,44422.765625,"(12, 33)",taxation,6,0.25,False,True,False
197,204-3,54032.375,"(17, 18)",taxation,6,0.25,False,True,False
197,211-3,32313.8125,"(6, 34)",taxation,6,0.25,False,True,False
197,93-3,22711.0,"(46, 7)",taxation,6,0.25,False,True,False
197,101-3,49264.5625,"(19, 13)",taxation,6,0.25,False,True,False
197,213-3,49250.625,"(29, 38)",taxation,6,0.25,False,True,False
197,70-3,51639.0,"(24, 43)",taxation,6,0.25,False,True,False
197,239-3,49241.625,"(14, 37)",taxation,6,0.25,False,True,False
197,243-3,46824.125,"(14, 27)",taxation,6,0.25,False,True,False
197,192-3,44424.25,"(45, 13)",taxation,6,0.25,False,True,False
197,143-3,49231.3125,"(36, 35)",taxation,6,0.25,False,True,False
197,35-3,49239.875,"(46, 9)",taxation,6,0.25,False,True,False
197,3-3,29891.6875,"(10, 42)",taxation,6,0.25,False,True,False
197,181-3,49219.937500000015,"(41, 8)",taxation,6,0.25,False,True,False
197,105-3,44394.625,"(38, 11)",taxation,6,0.25,False,True,False
197,177-3,49280.3125,"(43, 17)",taxation,6,0.25,False,True,False
197,167-4,38974.734375,"(48, 3)",taxation,6,0.25,False,True,False
197,173-4,10655.8125,"(20, 15)",taxation,6,0.25,False,True,False
197,44-3,32332.0,"(36, 33)",taxation,6,0.25,False,True,False
197,216-3,54030.5,"(35, 33)",taxation,6,0.25,False,True,False
197,217-3,29923.375,"(16, 27)",taxation,6,0.25,False,True,False
197,138-3,51569.8125,"(13, 35)",taxation,6,0.25,False,True,False
197,75-4,35300.0625,"(10, 43)",taxation,6,0.25,False,True,False
197,74-4,43153.0,"(10, 45)",taxation,6,0.25,False,True,False
197,191-3,56425.5625,"(19, 23)",taxation,6,0.25,False,True,False
197,240-4,13010.3125,"(13, 33)",taxation,6,0.25,False,True,False
197,20-3,46821.75,"(16, 21)",taxation,6,0.25,False,True,False
197,159-3,39578.375,"(12, 29)",taxation,6,0.25,False,True,False
197,158-4,35926.0625,"(6, 29)",taxation,6,0.25,False,True,False
197,66-3,54054.8125,"(34, 34)",taxation,6,0.25,False,True,False
197,170-4,34182.734375,"(49, 12)",taxation,6,0.25,False,True,False
197,146-4,15454.3125,"(47, 10)",taxation,6,0.25,False,True,False
197,208-4,39560.703125,"(10, 30)",taxation,6,0.25,False,True,False
197,219-4,43163.3125,"(32, 36)",taxation,6,0.25,False,True,False
197,140-4,976.0625,"(24, 39)",taxation,6,0.25,False,True,False
197,210-3,58854.5625,"(23, 36)",taxation,6,0.25,False,True,False
197,198-4,35348.71875,"(36, 6)",taxation,6,0.25,False,True,False
197,246-4,37165.3125,"(19, 34)",taxation,6,0.25,False,True,False
197,187-4,20244.1875,"(34, 8)",taxation,6,0.25,False,True,False
197,179-4,32363.53125,"(26, 7)",taxation,6,0.25,False,True,False
197,23-4,40129.5,"(17, 22)",taxation,6,0.25,False,True,False
197,31-4,44357.46875,"(14, 40)",taxation,6,0.25,False,True,False
197,150-3,41947.4375,"(37, 4)",taxation,6,0.25,False,True,False
197,12-3,46803.8125,"(40, 5)",taxation,6,0.25,False,True,False
197,98-4,20282.0625,"(8, 40)",taxation,6,0.25,False,True,False
197,126-3,49206.0625,"(35, 34)",taxation,6,0.25,False,True,False
197,176-4,964.1875,"(29, 34)",taxation,6,0.25,False,True,False
197,28-4,34126.203125,"(48, 14)",taxation,6,0.25,False,True,False
197,154-4,17819.3125,"(0, 27)",taxation,6,0.25,False,True,False
197,40-4,40744.3125,"(27, 40)",taxation,6,0.25,False,True,False
197,1-4,28716.140625,"(25, 43)",taxation,6,0.25,False,True,False
197,76-4,37143.921875000015,"(30, 36)",taxation,6,0.25,False,True,False
197,67-3,37163.5625,"(32, 34)",taxation,6,0.25,False,True,False
197,182-4,38901.890625,"(29, 6)",taxation,6,0.25,False,True,False
197,241-4,35298.21875,"(18, 18)",taxation,6,0.25,False,True,False
197,149-4,33535.5625,"(8, 32)",taxation,6,0.25,False,True,False
197,17-4,40763.03125,"(14, 29)",taxation,6,0.25,False,True,False
197,0-4,26281.828125,"(35, 0)",taxation,6,0.25,False,True,False
197,22-4,42540.8125,"(21, 12)",taxation,6,0.25,False,True,False
197,10-4,38926.390625,"(37, 6)",taxation,6,0.25,False,True,False
197,242-4,17250.953125,"(44, 13)",taxation,6,0.25,False,True,False
197,142-4,24441.859375,"(36, 3)",taxation,6,0.25,False,True,False
197,189-4,33555.84375,"(38, 33)",taxation,6,0.25,False,True,False
197,63-4,35262.171875,"(34, 2)",taxation,6,0.25,False,True,False
197,165-4,44283.1875,"(39, 1)",taxation,6,0.25,False,True,False
197,94-4,13006.125,"(27, 36)",taxation,6,0.25,False,True,False
197,206-4,37696.328125,"(22, 12)",taxation,6,0.25,False,True,False
197,172-4,40693.484375,"(8, 26)",taxation,6,0.25,False,True,False
197,144-4,37132.90625,"(13, 37)",taxation,6,0.25,False,True,False
197,111-4,40685.515625,"(7, 28)",taxation,6,0.25,False,True,False
197,83-4,40699.671875,"(39, 0)",taxation,6,0.25,False,True,False
197,249-4,38948.5625,"(49, 15)",taxation,6,0.25,False,True,False
197,51-4,38915.40625,"(36, 8)",taxation,6,0.25,False,True,False
197,180-4,37099.265625,"(5, 27)",taxation,6,0.25,False,True,False
197,148-4,29845.953125,"(45, 7)",taxation,6,0.25,False,True,False
197,16-4,42521.34375,"(18, 25)",taxation,6,0.25,False,True,False
197,134-4,37090.25,"(34, 10)",taxation,6,0.25,False,True,False
197,73-4,38881.265625,"(16, 18)",taxation,6,0.25,False,True,False
197,54-4,37086.140625,"(37, 5)",taxation,6,0.25,False,True,False
197,38-4,38888.59375,"(17, 25)",taxation,6,0.25,False,True,False
197,6-4,42526.625,"(48, 12)",taxation,6,0.25,False,True,False
197,156-4,28007.96875,"(25, 45)",taxation,6,0.25,False,True,False
197,95-4,42517.65625,"(47, 13)",taxation,6,0.25,False,True,False
197,42-4,28092.21875,"(12, 31)",taxation,6,0.25,False,True,False
197,168-4,40705.15625,"(26, 38)",taxation,6,0.25,False,True,False
197,183-4,26234.796875,"(29, 33)",taxation,6,0.25,False,True,False
197,53-4,24418.765625,"(49, 2)",taxation,6,0.25,False,True,False
197,106-4,35282.859375,"(12, 26)",taxation,6,0.25,False,True,False
197,133-4,33496.1875,"(48, 0)",taxation,6,0.25,False,True,False
197,25-4,33459.6875,"(2, 32)",taxation,6,0.25,False,True,False
197,56-4,37102.171875,"(6, 28)",taxation,6,0.25,False,True,False
197,234-4,38840.34375,"(8, 28)",taxation,6,0.25,False,True,False
197,71-4,40708.203125,"(2, 29)",taxation,6,0.25,False,True,False
197,162-4,38868.15625,"(27, 39)",taxation,6,0.25,False,True,False
197,45-4,38870.109375,"(30, 35)",taxation,6,0.25,False,True,False
197,212-4,38927.609375,"(41, 3)",taxation,6,0.25,False,True,False
197,110-4,42483.3125,"(10, 46)",taxation,6,0.25,False,True,False
197,225-4,38890.421875,"(28, 42)",taxation,6,0.25,False,True,False
197,231-4,24406.109375,"(33, 37)",taxation,6,0.25,False,True,False
197,137-4,33450.53125,"(34, 36)",taxation,6,0.25,False,True,False
197,4-4,28026.515625,"(18, 28)",taxation,6,0.25,False,True,False
197,169-4,29826.4375,"(47, 8)",taxation,6,0.25,False,True,False
197,125-4,40637.125,"(36, 36)",taxation,6,0.25,False,True,False
197,122-4,31620.515625,"(15, 27)",taxation,6,0.25,False,True,False
197,226-4,37049.796875,"(15, 21)",taxation,6,0.25,False,True,False
197,5-4,17145.21875,"(32, 37)",taxation,6,0.25,False,True,False
197,209-4,42495.46875,"(15, 42)",taxation,6,0.25,False,True,False
197,205-4,18991.359375,"(41, 7)",taxation,6,0.25,False,True,False
197,130-4,40625.34375,"(16, 23)",taxation,6,0.25,False,True,False
197,91-4,40708.796875,"(19, 14)",taxation,6,0.25,False,True,False
197,214-4,24379.4375,"(46, 12)",taxation,6,0.25,False,True,False
197,196-4,26174.25,"(14, 31)",taxation,6,0.25,False,True,False
197,21-4,35227.015625,"(4, 26)",taxation,6,0.25,False,True,False
197,141-4,29853.53125,"(49, 4)",taxation,6,0.25,False,True,False
197,193-4,33427.84375,"(11, 48)",taxation,6,0.25,False,True,False
197,68-4,31622.984375,"(26, 37)",taxation,6,0.25,False,True,False
197,161-4,31606.875,"(36, 5)",taxation,6,0.25,False,True,False
197,147-4,37044.921875,"(24, 2)",taxation,6,0.25,False,True,False
197,175-4,31594.78125,"(27, 38)",taxation,6,0.25,False,True,False
197,55-4,40652.453125,"(34, 33)",taxation,6,0.25,False,True,False
197,50-4,42448.59375,"(22, 40)",taxation,6,0.25,False,True,False
197,113-4,38824.296875,"(10, 28)",taxation,6,0.25,False,True,False
197,201-4,26181.203125,"(35, 36)",taxation,6,0.25,False,True,False
197,102-4,26149.59375,"(10, 44)",taxation,6,0.25,False,True,False
197,112-4,40637.46875,"(33, 36)",taxation,6,0.25,False,True,False
197,41-4,40654.5,"(35, 4)",taxation,6,0.25,False,True,False
197,78-4,35230.515625,"(22, 45)",taxation,6,0.25,False,True,False
197,203-4,44262.765625,"(29, 35)",taxation,6,0.25,False,True,False
197,247-4,33419.5625,"(21, 38)",taxation,6,0.25,False,True,False
197,32-4,40624.359375,"(25, 36)",taxation,6,0.25,False,True,False
197,115-4,40633.484375,"(3, 26)",taxation,6,0.25,False,True,False
197,33-4,29778.703125,"(32, 35)",taxation,6,0.25,False,True,False
197,202-4,42446.375,"(24, 42)",taxation,6,0.25,False,True,False
197,155-4,38842.828125,"(49, 5)",taxation,6,0.25,False,True,False
197,207-4,29787.109375,"(40, 2)",taxation,6,0.25,False,True,False
197,145-4,38847.75,"(47, 1)",taxation,6,0.25,False,True,False
198,120-3,56584.5,"(26, 46)",taxation,6,0.25,False,True,False
198,11-3,39713.1875,"(44, 10)",taxation,6,0.25,False,True,False
198,103-3,49361.875,"(27, 46)",taxation,6,0.25,False,True,False
198,164-3,51804.4375,"(24, 40)",taxation,6,0.25,False,True,False
198,2-3,49384.8125,"(7, 24)",taxation,6,0.25,False,True,False
198,186-3,46998.1875,"(45, 1)",taxation,6,0.25,False,True,False
198,85-3,44536.75,"(7, 26)",taxation,6,0.25,False,True,False
198,64-3,49314.0,"(47, 20)",taxation,6,0.25,False,True,False
198,188-3,49350.125,"(15, 13)",taxation,6,0.25,False,True,False
198,57-3,44508.6875,"(31, 37)",taxation,6,0.25,False,True,False
198,163-3,58970.5,"(49, 17)",taxation,6,0.25,False,True,False
198,19-3,51791.0,"(35, 7)",taxation,6,0.25,False,True,False
198,107-3,54119.875,"(14, 25)",taxation,6,0.25,False,True,False
198,221-3,46896.625,"(36, 9)",taxation,6,0.25,False,True,False
198,96-3,56572.375,"(11, 20)",taxation,6,0.25,False,True,False
198,92-3,54164.25,"(46, 18)",taxation,6,0.25,False,True,False
198,116-3,54197.125,"(37, 38)",taxation,6,0.25,False,True,False
198,13-3,46945.6875,"(13, 24)",taxation,6,0.25,False,True,False
198,174-3,54186.125,"(30, 38)",taxation,6,0.25,False,True,False
198,69-3,54109.875,"(19, 12)",taxation,6,0.25,False,True,False
198,184-3,49270.9375,"(3, 27)",taxation,6,0.25,False,True,False
198,237-3,39676.3125,"(44, 17)",taxation,6,0.25,False,True,False
198,90-3,44490.875,"(9, 32)",taxation,6,0.25,False,True,False
198,18-3,56564.3125,"(40, 13)",taxation,6,0.25,False,True,False
198,121-3,49338.0,"(10, 27)",taxation,6,0.25,False,True,False
198,30-3,56589.9375,"(48, 5)",taxation,6,0.25,False,True,False
198,97-3,39663.3125,"(8, 24)",taxation,6,0.25,False,True,False
198,229-3,54168.6875,"(11, 24)",taxation,6,0.25,False,True,False
198,27-3,44487.0625,"(9, 25)",taxation,6,0.25,False,True,False
198,117-3,44498.625,"(31, 41)",taxation,6,0.25,False,True,False
198,80-3,54131.625,"(12, 21)",taxation,6,0.25,False,True,False
198,86-3,49347.5,"(12, 19)",taxation,6,0.25,False,True,False
198,160-3,44490.75,"(2, 23)",taxation,6,0.25,False,True,False
198,233-3,46884.4375,"(10, 41)",taxation,6,0.25,False,True,False
198,235-3,49303.9375,"(24, 7)",taxation,6,0.25,False,True,False
198,48-3,51673.5,"(7, 23)",taxation,6,0.25,False,True,False
198,88-3,49332.0,"(23, 8)",taxation,6,0.25,False,True,False
198,52-3,37288.4375,"(45, 0)",taxation,6,0.25,False,True,False
198,58-3,51705.875,"(29, 0)",taxation,6,0.25,False,True,False
198,248-3,49318.1875,"(35, 39)",taxation,6,0.25,False,True,False
198,108-3,27617.6875,"(48, 18)",taxation,6,0.25,False,True,False
198,82-3,51720.125,"(25, 37)",taxation,6,0.25,False,True,False
198,236-3,49321.9375,"(45, 18)",taxation,6,0.25,False,True,False
198,104-3,46948.125,"(25, 35)",taxation,6,0.25,False,True,False
198,152-3,51692.1875,"(2, 26)",taxation,6,0.25,False,True,False
198,109-3,49316.875,"(35, 5)",taxation,6,0.25,False,True,False
198,72-3,56543.875,"(9, 24)",taxation,6,0.25,False,True,False
198,127-3,51705.5,"(29, 10)",taxation,6,0.25,False,True,False
198,61-3,58961.1875,"(33, 8)",taxation,6,0.25,False,True,False
198,232-3,29945.6875,"(11, 22)",taxation,6,0.25,False,True,False
198,65-3,56529.9375,"(47, 17)",taxation,6,0.25,False,True,False
198,124-3,46863.1875,"(15, 38)",taxation,6,0.25,False,True,False
198,62-3,49301.125,"(1, 20)",taxation,6,0.25,False,True,False
198,59-3,44512.9375,"(18, 15)",taxation,6,0.25,False,True,False
198,89-3,51733.0625,"(30, 39)",taxation,6,0.25,False,True,False
198,26-3,39658.5625,"(9, 27)",taxation,6,0.25,False,True,False
198,14-3,13141.875,"(14, 19)",taxation,6,0.25,False,True,False
198,194-3,44484.625,"(30, 43)",taxation,6,0.25,False,True,False
198,37-3,51741.0625,"(37, 36)",taxation,6,0.25,False,True,False
198,36-3,37231.4375,"(6, 24)",taxation,6,0.25,False,True,False
198,7-3,37261.375,"(47, 16)",taxation,6,0.25,False,True,False
198,47-3,34799.3125,"(26, 44)",taxation,6,0.25,False,True,False
198,223-3,34833.5,"(43, 16)",taxation,6,0.25,False,True,False
198,129-3,46892.5,"(7, 27)",taxation,6,0.25,False,True,False
198,77-3,42055.125,"(48, 17)",taxation,6,0.25,False,True,False
198,43-3,49288.8125,"(12, 20)",taxation,6,0.25,False,True,False
198,128-3,54135.25,"(43, 15)",taxation,6,0.25,False,True,False
198,79-3,46879.1875,"(15, 18)",taxation,6,0.25,False,True,False
198,199-3,56501.25,"(13, 22)",taxation,6,0.25,False,True,False
198,136-3,39632.375,"(5, 26)",taxation,6,0.25,False,True,False
198,99-3,46853.9375,"(16, 31)",taxation,6,0.25,False,True,False
198,84-3,49296.625,"(15, 17)",taxation,6,0.25,False,True,False
198,123-3,56506.5625,"(9, 26)",taxation,6,0.25,False,True,False
198,119-3,49274.75,"(32, 40)",taxation,6,0.25,False,True,False
198,46-3,34802.5,"(25, 9)",taxation,6,0.25,False,True,False
198,190-3,49250.0625,"(11, 49)",taxation,6,0.25,False,True,False
198,215-3,54143.625,"(40, 16)",taxation,6,0.25,False,True,False
198,220-3,54121.25,"(46, 2)",taxation,6,0.25,False,True,False
198,157-3,46856.1875,"(7, 25)",taxation,6,0.25,False,True,False
198,245-3,54071.0625,"(38, 38)",taxation,6,0.25,False,True,False
198,195-3,22755.9375,"(29, 37)",taxation,6,0.25,False,True,False
198,15-3,44449.0625,"(8, 38)",taxation,6,0.25,False,True,False
198,224-3,42027.3125,"(23, 35)",taxation,6,0.25,False,True,False
198,87-3,49260.625,"(43, 9)",taxation,6,0.25,False,True,False
198,135-3,49245.0625,"(28, 41)",taxation,6,0.25,False,True,False
198,8-3,49292.25,"(31, 39)",taxation,6,0.25,False,True,False
198,227-3,54092.375,"(32, 7)",taxation,6,0.25,False,True,False
198,178-3,54080.1875,"(4, 43)",taxation,6,0.25,False,True,False
198,114-3,56516.3125,"(47, 18)",taxation,6,0.25,False,True,False
198,118-3,54038.625,"(46, 3)",taxation,6,0.25,False,True,False
198,244-3,56493.875,"(32, 3)",taxation,6,0.25,False,True,False
198,34-3,44421.5,"(30, 10)",taxation,6,0.25,False,True,False
198,60-3,51654.4375,"(12, 28)",taxation,6,0.25,False,True,False
198,218-3,56503.125,"(14, 24)",taxation,6,0.25,False,True,False
198,49-3,46864.875,"(32, 5)",taxation,6,0.25,False,True,False
198,185-3,49314.125,"(35, 40)",taxation,6,0.25,False,True,False
198,228-4,29322.9375,"(13, 20)",taxation,6,0.25,False,True,False
198,24-3,39665.125,"(45, 15)",taxation,6,0.25,False,True,False
198,9-3,42049.9375,"(41, 13)",taxation,6,0.25,False,True,False
198,39-3,34753.625,"(8, 25)",taxation,6,0.25,False,True,False
198,151-3,39583.1875,"(47, 4)",taxation,6,0.25,False,True,False
198,29-3,49274.9375,"(13, 19)",taxation,6,0.25,False,True,False
198,230-3,39611.0,"(38, 37)",taxation,6,0.25,False,True,False
198,131-3,49264.75,"(33, 39)",taxation,6,0.25,False,True,False
198,81-3,46881.6875,"(45, 2)",taxation,6,0.25,False,True,False
198,222-3,49229.125,"(32, 10)",taxation,6,0.25,False,True,False
198,171-3,49232.375,"(28, 44)",taxation,6,0.25,False,True,False
198,200-3,46849.5,"(7, 21)",taxation,6,0.25,False,True,False
198,238-3,49250.5,"(46, 19)",taxation,6,0.25,False,True,False
198,153-3,25121.25,"(13, 17)",taxation,6,0.25,False,True,False
198,197-3,39589.1875,"(40, 7)",taxation,6,0.25,False,True,False
198,139-4,44429.765625,"(15, 30)",taxation,6,0.25,False,True,False
198,204-3,54041.375,"(14, 18)",taxation,6,0.25,False,True,False
198,211-3,32319.8125,"(7, 31)",taxation,6,0.25,False,True,False
198,93-3,22713.0,"(45, 11)",taxation,6,0.25,False,True,False
198,101-3,49273.5625,"(14, 17)",taxation,6,0.25,False,True,False
198,213-3,49258.625,"(32, 42)",taxation,6,0.25,False,True,False
198,70-3,51647.0,"(26, 43)",taxation,6,0.25,False,True,False
198,239-3,49248.625,"(17, 31)",taxation,6,0.25,False,True,False
198,243-3,46832.125,"(9, 21)",taxation,6,0.25,False,True,False
198,192-3,44432.25,"(45, 16)",taxation,6,0.25,False,True,False
198,143-3,49239.3125,"(37, 37)",taxation,6,0.25,False,True,False
198,35-3,49242.875,"(47, 15)",taxation,6,0.25,False,True,False
198,3-3,29896.6875,"(16, 44)",taxation,6,0.25,False,True,False
198,181-3,49222.937500000015,"(38, 12)",taxation,6,0.25,False,True,False
198,105-3,44401.625,"(42, 17)",taxation,6,0.25,False,True,False
198,177-3,49287.3125,"(43, 18)",taxation,6,0.25,False,True,False
198,167-4,38976.734375,"(44, 9)",taxation,6,0.25,False,True,False
198,173-4,10664.8125,"(20, 11)",taxation,6,0.25,False,True,False
198,44-3,32340.0,"(39, 35)",taxation,6,0.25,False,True,False
198,216-3,54038.5,"(39, 36)",taxation,6,0.25,False,True,False
198,217-3,29932.375,"(16, 26)",taxation,6,0.25,False,True,False
198,138-3,51575.8125,"(15, 32)",taxation,6,0.25,False,True,False
198,75-4,35305.0625,"(16, 43)",taxation,6,0.25,False,True,False
198,74-4,43158.0,"(16, 45)",taxation,6,0.25,False,True,False
198,191-3,56432.5625,"(17, 21)",taxation,6,0.25,False,True,False
198,240-4,13016.3125,"(11, 31)",taxation,6,0.25,False,True,False
198,20-3,46830.75,"(14, 20)",taxation,6,0.25,False,True,False
198,159-3,39587.375,"(10, 25)",taxation,6,0.25,False,True,False
198,158-4,35934.0625,"(8, 23)",taxation,6,0.25,False,True,False
198,66-3,54062.8125,"(34, 38)",taxation,6,0.25,False,True,False
198,170-4,34190.734375,"(49, 18)",taxation,6,0.25,False,True,False
198,146-4,15458.3125,"(42, 16)",taxation,6,0.25,False,True,False
198,208-4,39568.703125,"(11, 25)",taxation,6,0.25,False,True,False
198,219-4,43172.3125,"(29, 39)",taxation,6,0.25,False,True,False
198,140-4,984.0625,"(28, 43)",taxation,6,0.25,False,True,False
198,210-3,58862.5625,"(29, 41)",taxation,6,0.25,False,True,False
198,198-4,35353.71875,"(30, 9)",taxation,6,0.25,False,True,False
198,246-4,37172.3125,"(24, 37)",taxation,6,0.25,False,True,False
198,187-4,20251.1875,"(29, 9)",taxation,6,0.25,False,True,False
198,179-4,32371.53125,"(24, 11)",taxation,6,0.25,False,True,False
198,23-4,40138.5,"(15, 25)",taxation,6,0.25,False,True,False
198,31-4,44363.46875,"(20, 40)",taxation,6,0.25,False,True,False
198,150-3,41952.4375,"(31, 9)",taxation,6,0.25,False,True,False
198,12-3,46806.8125,"(35, 8)",taxation,6,0.25,False,True,False
198,98-4,20287.0625,"(13, 36)",taxation,6,0.25,False,True,False
198,126-3,49214.0625,"(35, 37)",taxation,6,0.25,False,True,False
198,176-4,972.1875,"(34, 40)",taxation,6,0.25,False,True,False
198,28-4,34133.203125,"(44, 18)",taxation,6,0.25,False,True,False
198,154-4,17828.3125,"(2, 22)",taxation,6,0.25,False,True,False
198,40-4,40752.3125,"(29, 42)",taxation,6,0.25,False,True,False
198,1-4,28724.140625,"(27, 43)",taxation,6,0.25,False,True,False
198,76-4,37151.921875000015,"(32, 41)",taxation,6,0.25,False,True,False
198,67-3,37171.5625,"(33, 38)",taxation,6,0.25,False,True,False
198,182-4,38908.890625,"(28, 8)",taxation,6,0.25,False,True,False
198,241-4,35307.21875,"(16, 16)",taxation,6,0.25,False,True,False
198,149-4,33544.5625,"(13, 26)",taxation,6,0.25,False,True,False
198,17-4,40771.03125,"(9, 23)",taxation,6,0.25,False,True,False
198,0-4,26286.828125,"(29, 5)",taxation,6,0.25,False,True,False
198,22-4,42548.8125,"(21, 10)",taxation,6,0.25,False,True,False
198,10-4,38932.390625,"(32, 11)",taxation,6,0.25,False,True,False
198,242-4,17257.953125,"(44, 19)",taxation,6,0.25,False,True,False
198,142-4,24446.859375,"(31, 7)",taxation,6,0.25,False,True,False
198,189-4,33563.84375,"(38, 35)",taxation,6,0.25,False,True,False
198,63-4,35269.171875,"(28, 6)",taxation,6,0.25,False,True,False
198,165-4,44286.1875,"(34, 1)",taxation,6,0.25,False,True,False
198,94-4,13014.125,"(32, 39)",taxation,6,0.25,False,True,False
198,206-4,37704.328125,"(19, 9)",taxation,6,0.25,False,True,False
198,172-4,40702.484375,"(10, 24)",taxation,6,0.25,False,True,False
198,144-4,37138.90625,"(14, 32)",taxation,6,0.25,False,True,False
198,111-4,40694.515625,"(10, 23)",taxation,6,0.25,False,True,False
198,83-4,40703.671875,"(33, 1)",taxation,6,0.25,False,True,False
198,249-4,38956.5625,"(49, 19)",taxation,6,0.25,False,True,False
198,51-4,38920.40625,"(31, 10)",taxation,6,0.25,False,True,False
198,180-4,37108.265625,"(5, 21)",taxation,6,0.25,False,True,False
198,148-4,29848.953125,"(42, 13)",taxation,6,0.25,False,True,False
198,16-4,42530.34375,"(16, 25)",taxation,6,0.25,False,True,False
198,134-4,37097.25,"(28, 9)",taxation,6,0.25,False,True,False
198,73-4,38890.265625,"(10, 20)",taxation,6,0.25,False,True,False
198,54-4,37090.140625,"(33, 5)",taxation,6,0.25,False,True,False
198,38-4,38895.59375,"(16, 22)",taxation,6,0.25,False,True,False
198,6-4,42535.625,"(49, 16)",taxation,6,0.25,False,True,False
198,156-4,28015.96875,"(26, 45)",taxation,6,0.25,False,True,False
198,95-4,42525.65625,"(46, 16)",taxation,6,0.25,False,True,False
198,42-4,28101.21875,"(15, 26)",taxation,6,0.25,False,True,False
198,168-4,40713.15625,"(30, 42)",taxation,6,0.25,False,True,False
198,183-4,26241.796875,"(31, 33)",taxation,6,0.25,False,True,False
198,53-4,24419.765625,"(48, 4)",taxation,6,0.25,False,True,False
198,106-4,35291.859375,"(10, 21)",taxation,6,0.25,False,True,False
198,133-4,33497.1875,"(47, 2)",taxation,6,0.25,False,True,False
198,25-4,33467.6875,"(0, 26)",taxation,6,0.25,False,True,False
198,56-4,37111.171875,"(6, 23)",taxation,6,0.25,False,True,False
198,234-4,38849.34375,"(7, 22)",taxation,6,0.25,False,True,False
198,71-4,40716.203125,"(6, 26)",taxation,6,0.25,False,True,False
198,162-4,38876.15625,"(31, 40)",taxation,6,0.25,False,True,False
198,45-4,38878.109375,"(33, 41)",taxation,6,0.25,False,True,False
198,212-4,38930.609375,"(35, 3)",taxation,6,0.25,False,True,False
198,110-4,42488.3125,"(16, 46)",taxation,6,0.25,False,True,False
198,225-4,38898.421875,"(29, 43)",taxation,6,0.25,False,True,False
198,231-4,24415.109375,"(29, 40)",taxation,6,0.25,False,True,False
198,137-4,33458.53125,"(34, 39)",taxation,6,0.25,False,True,False
198,4-4,28033.515625,"(15, 23)",taxation,6,0.25,False,True,False
198,169-4,29829.4375,"(46, 14)",taxation,6,0.25,False,True,False
198,125-4,40645.125,"(36, 37)",taxation,6,0.25,False,True,False
198,122-4,31628.515625,"(12, 22)",taxation,6,0.25,False,True,False
198,226-4,37057.796875,"(13, 18)",taxation,6,0.25,False,True,False
198,5-4,17153.21875,"(31, 38)",taxation,6,0.25,False,True,False
198,209-4,42501.46875,"(21, 42)",taxation,6,0.25,False,True,False
198,205-4,18994.359375,"(37, 11)",taxation,6,0.25,False,True,False
198,130-4,40634.34375,"(11, 21)",taxation,6,0.25,False,True,False
198,91-4,40717.796875,"(18, 14)",taxation,6,0.25,False,True,False
198,214-4,24387.4375,"(44, 16)",taxation,6,0.25,False,True,False
198,196-4,26181.25,"(11, 26)",taxation,6,0.25,False,True,False
198,21-4,35236.015625,"(5, 23)",taxation,6,0.25,False,True,False
198,141-4,29855.53125,"(45, 10)",taxation,6,0.25,False,True,False
198,193-4,33432.84375,"(16, 48)",taxation,6,0.25,False,True,False
198,68-4,31630.984375,"(30, 41)",taxation,6,0.25,False,True,False
198,161-4,31613.875,"(32, 6)",taxation,6,0.25,False,True,False
198,147-4,37052.921875,"(23, 7)",taxation,6,0.25,False,True,False
198,175-4,31602.78125,"(30, 40)",taxation,6,0.25,False,True,False
198,55-4,40660.453125,"(36, 38)",taxation,6,0.25,False,True,False
198,50-4,42456.59375,"(27, 44)",taxation,6,0.25,False,True,False
198,113-4,38832.296875,"(4, 22)",taxation,6,0.25,False,True,False
198,201-4,26189.203125,"(35, 38)",taxation,6,0.25,False,True,False
198,102-4,26154.59375,"(15, 41)",taxation,6,0.25,False,True,False
198,112-4,40645.46875,"(33, 40)",taxation,6,0.25,False,True,False
198,41-4,40659.5,"(29, 8)",taxation,6,0.25,False,True,False
198,78-4,35238.515625,"(27, 45)",taxation,6,0.25,False,True,False
198,203-4,44271.765625,"(28, 39)",taxation,6,0.25,False,True,False
198,247-4,33426.5625,"(23, 39)",taxation,6,0.25,False,True,False
198,32-4,40632.359375,"(31, 42)",taxation,6,0.25,False,True,False
198,115-4,40642.484375,"(6, 22)",taxation,6,0.25,False,True,False
198,33-4,29786.703125,"(36, 39)",taxation,6,0.25,False,True,False
198,202-4,42455.375,"(28, 40)",taxation,6,0.25,False,True,False
198,155-4,38844.828125,"(47, 11)",taxation,6,0.25,False,True,False
198,207-4,29790.109375,"(35, 1)",taxation,6,0.25,False,True,False
198,145-4,38848.75,"(47, 3)",taxation,6,0.25,False,True,False
198,132-4,40652.484375,"(38, 36)",taxation,6,0.25,False,True,False
198,166-4,35156.578125,"(15, 39)",taxation,6,0.25,False,True,False
198,100-4,37055.671875,"(2, 27)",taxation,6,0.25,False,True,False
199,120-3,56592.5,"(27, 47)",taxation,6,0.25,False,True,False
199,11-3,39717.1875,"(44, 15)",taxation,6,0.25,False,True,False
199,103-3,49369.875,"(28, 46)",taxation,6,0.25,False,True,False
199,164-3,51812.4375,"(25, 41)",taxation,6,0.25,False,True,False
199,2-3,49393.8125,"(2, 18)",taxation,6,0.25,False,True,False
199,186-3,47001.1875,"(39, 6)",taxation,6,0.25,False,True,False
199,85-3,44544.75,"(5, 24)",taxation,6,0.25,False,True,False
199,64-3,49322.0,"(47, 21)",taxation,6,0.25,False,True,False
199,188-3,49359.125,"(15, 12)",taxation,6,0.25,False,True,False
199,57-3,44515.6875,"(27, 35)",taxation,6,0.25,False,True,False
199,163-3,58978.5,"(49, 20)",taxation,6,0.25,False,True,False
199,19-3,51797.0,"(29, 12)",taxation,6,0.25,False,True,False
199,107-3,54127.875,"(14, 23)",taxation,6,0.25,False,True,False
199,221-3,46901.625,"(32, 9)",taxation,6,0.25,False,True,False
199,96-3,56581.375,"(9, 18)",taxation,6,0.25,False,True,False
199,92-3,54172.25,"(45, 19)",taxation,6,0.25,False,True,False
199,13-3,46954.6875,"(12, 18)",taxation,6,0.25,False,True,False
199,174-3,54194.125,"(29, 36)",taxation,6,0.25,False,True,False
199,69-3,54118.875,"(16, 11)",taxation,6,0.25,False,True,False
199,184-3,49278.9375,"(3, 23)",taxation,6,0.25,False,True,False
199,237-3,39684.3125,"(46, 23)",taxation,6,0.25,False,True,False
199,90-3,44497.875,"(8, 31)",taxation,6,0.25,False,True,False
199,18-3,56569.3125,"(40, 17)",taxation,6,0.25,False,True,False
199,121-3,49346.0,"(12, 23)",taxation,6,0.25,False,True,False
199,30-3,56592.9375,"(43, 10)",taxation,6,0.25,False,True,False
199,97-3,39672.3125,"(4, 18)",taxation,6,0.25,False,True,False
199,229-3,54176.6875,"(10, 22)",taxation,6,0.25,False,True,False
199,27-3,44496.0625,"(3, 22)",taxation,6,0.25,False,True,False
199,117-3,44504.625,"(26, 47)",taxation,6,0.25,False,True,False
199,80-3,54140.625,"(9, 16)",taxation,6,0.25,False,True,False
199,86-3,49356.5,"(10, 17)",taxation,6,0.25,False,True,False
199,160-3,44499.75,"(2, 21)",taxation,6,0.25,False,True,False
199,233-3,46890.4375,"(16, 40)",taxation,6,0.25,False,True,False
199,235-3,49311.9375,"(20, 9)",taxation,6,0.25,False,True,False
199,48-3,51682.5,"(6, 19)",taxation,6,0.25,False,True,False
199,88-3,49340.0,"(19, 8)",taxation,6,0.25,False,True,False
199,52-3,37291.4375,"(39, 5)",taxation,6,0.25,False,True,False
199,58-3,51713.875,"(24, 0)",taxation,6,0.25,False,True,False
199,248-3,49326.1875,"(30, 45)",taxation,6,0.25,False,True,False
199,108-3,27625.6875,"(48, 21)",taxation,6,0.25,False,True,False
199,82-3,51727.125,"(25, 39)",taxation,6,0.25,False,True,False
199,236-3,49328.9375,"(42, 24)",taxation,6,0.25,False,True,False
199,104-3,46955.125,"(24, 34)",taxation,6,0.25,False,True,False
199,152-3,51700.1875,"(0, 24)",taxation,6,0.25,False,True,False
199,109-3,49321.875,"(32, 4)",taxation,6,0.25,False,True,False
199,72-3,56551.875,"(9, 20)",taxation,6,0.25,False,True,False
199,127-3,51712.5,"(24, 13)",taxation,6,0.25,False,True,False
199,61-3,58967.1875,"(27, 10)",taxation,6,0.25,False,True,False
199,232-3,29954.6875,"(8, 17)",taxation,6,0.25,False,True,False
199,65-3,56535.9375,"(48, 20)",taxation,6,0.25,False,True,False
199,124-3,46870.1875,"(20, 37)",taxation,6,0.25,False,True,False
199,62-3,49311.125,"(0, 19)",taxation,6,0.25,False,True,False
199,59-3,44521.9375,"(17, 11)",taxation,6,0.25,False,True,False
199,89-3,51741.0625,"(30, 37)",taxation,6,0.25,False,True,False
199,26-3,39667.5625,"(4, 21)",taxation,6,0.25,False,True,False
199,14-3,13150.875,"(11, 14)",taxation,6,0.25,False,True,False
199,194-3,44492.625,"(30, 46)",taxation,6,0.25,False,True,False
199,37-3,51749.0625,"(42, 36)",taxation,6,0.25,False,True,False
199,36-3,37240.4375,"(5, 18)",taxation,6,0.25,False,True,False
199,7-3,37267.375,"(44, 21)",taxation,6,0.25,False,True,False
199,47-3,34807.3125,"(26, 42)",taxation,6,0.25,False,True,False
199,223-3,34841.5,"(45, 21)",taxation,6,0.25,False,True,False
199,129-3,46900.5,"(4, 23)",taxation,6,0.25,False,True,False
199,77-3,42061.125,"(48, 22)",taxation,6,0.25,False,True,False
199,43-3,49297.8125,"(11, 17)",taxation,6,0.25,False,True,False
199,128-3,54141.25,"(43, 20)",taxation,6,0.25,False,True,False
199,79-3,46888.1875,"(13, 14)",taxation,6,0.25,False,True,False
199,199-3,56510.25,"(11, 16)",taxation,6,0.25,False,True,False
199,136-3,39641.375,"(2, 20)",taxation,6,0.25,False,True,False
199,99-3,46860.9375,"(18, 30)",taxation,6,0.25,False,True,False
199,84-3,49305.625,"(14, 13)",taxation,6,0.25,False,True,False
199,123-3,56515.5625,"(6, 21)",taxation,6,0.25,False,True,False
199,119-3,49282.75,"(31, 45)",taxation,6,0.25,False,True,False
199,46-3,34810.5,"(19, 7)",taxation,6,0.25,False,True,False
199,190-3,49256.0625,"(17, 49)",taxation,6,0.25,False,True,False
199,215-3,54151.625,"(42, 19)",taxation,6,0.25,False,True,False
199,220-3,54124.25,"(40, 8)",taxation,6,0.25,False,True,False
199,157-3,46864.1875,"(8, 22)",taxation,6,0.25,False,True,False
199,245-3,54079.0625,"(42, 35)",taxation,6,0.25,False,True,False
199,195-3,22763.9375,"(26, 41)",taxation,6,0.25,False,True,False
199,15-3,44455.0625,"(11, 34)",taxation,6,0.25,False,True,False
199,224-3,42035.3125,"(25, 34)",taxation,6,0.25,False,True,False
199,87-3,49264.625,"(41, 14)",taxation,6,0.25,False,True,False
199,135-3,49254.0625,"(32, 43)",taxation,6,0.25,False,True,False
199,8-3,49300.25,"(25, 42)",taxation,6,0.25,False,True,False
199,227-3,54099.375,"(26, 9)",taxation,6,0.25,False,True,False
199,178-3,54085.1875,"(9, 38)",taxation,6,0.25,False,True,False
199,114-3,56524.3125,"(46, 24)",taxation,6,0.25,False,True,False
199,118-3,54041.625,"(42, 9)",taxation,6,0.25,False,True,False
199,244-3,56499.875,"(28, 2)",taxation,6,0.25,False,True,False
199,34-3,44428.5,"(28, 10)",taxation,6,0.25,False,True,False
199,60-3,51662.4375,"(12, 24)",taxation,6,0.25,False,True,False
199,218-3,56511.125,"(8, 19)",taxation,6,0.25,False,True,False
199,49-3,46870.875,"(27, 5)",taxation,6,0.25,False,True,False
199,185-3,49319.125,"(39, 34)",taxation,6,0.25,False,True,False
199,228-4,29331.9375,"(12, 16)",taxation,6,0.25,False,True,False
199,24-3,39670.125,"(47, 19)",taxation,6,0.25,False,True,False
199,9-3,42054.9375,"(39, 17)",taxation,6,0.25,False,True,False
199,39-3,34761.625,"(8, 21)",taxation,6,0.25,False,True,False
199,151-3,39586.1875,"(41, 10)",taxation,6,0.25,False,True,False
199,29-3,49283.9375,"(12, 15)",taxation,6,0.25,False,True,False
199,230-3,39619.0,"(43, 35)",taxation,6,0.25,False,True,False
199,131-3,49272.75,"(35, 35)",taxation,6,0.25,False,True,False
199,81-3,46884.6875,"(39, 7)",taxation,6,0.25,False,True,False
199,222-3,49235.125,"(28, 14)",taxation,6,0.25,False,True,False
199,171-3,49240.375,"(28, 48)",taxation,6,0.25,False,True,False
199,200-3,46858.5,"(6, 17)",taxation,6,0.25,False,True,False
199,238-3,49257.5,"(48, 24)",taxation,6,0.25,False,True,False
199,153-3,25130.25,"(12, 14)",taxation,6,0.25,False,True,False
199,197-3,39593.1875,"(36, 10)",taxation,6,0.25,False,True,False
199,139-4,44436.765625,"(15, 28)",taxation,6,0.25,False,True,False
199,204-3,54050.375,"(13, 15)",taxation,6,0.25,False,True,False
199,211-3,32327.8125,"(1, 26)",taxation,6,0.25,False,True,False
199,93-3,22717.0,"(41, 15)",taxation,6,0.25,False,True,False
199,101-3,49282.5625,"(13, 13)",taxation,6,0.25,False,True,False
199,213-3,49267.625,"(34, 41)",taxation,6,0.25,False,True,False
199,70-3,51655.0,"(23, 47)",taxation,6,0.25,False,True,False
199,239-3,49256.625,"(12, 25)",taxation,6,0.25,False,True,False
199,243-3,46841.125,"(7, 17)",taxation,6,0.25,False,True,False
199,192-3,44439.25,"(44, 20)",taxation,6,0.25,False,True,False
199,143-3,49247.3125,"(39, 33)",taxation,6,0.25,False,True,False
199,35-3,49249.875,"(42, 20)",taxation,6,0.25,False,True,False
199,3-3,29903.6875,"(21, 47)",taxation,6,0.25,False,True,False
199,181-3,49228.937500000015,"(32, 12)",taxation,6,0.25,False,True,False
199,105-3,44409.625,"(42, 21)",taxation,6,0.25,False,True,False
199,177-3,49294.3125,"(44, 24)",taxation,6,0.25,False,True,False
199,167-4,38980.734375,"(42, 14)",taxation,6,0.25,False,True,False
199,173-4,10673.8125,"(17, 9)",taxation,6,0.25,False,True,False
199,44-3,32348.0,"(41, 31)",taxation,6,0.25,False,True,False
199,216-3,54046.5,"(44, 36)",taxation,6,0.25,False,True,False
199,217-3,29940.375,"(13, 21)",taxation,6,0.25,False,True,False
199,138-3,51582.8125,"(16, 30)",taxation,6,0.25,False,True,False
199,75-4,35312.0625,"(21, 44)",taxation,6,0.25,False,True,False
199,74-4,43165.0,"(21, 45)",taxation,6,0.25,False,True,False
199,191-3,56440.5625,"(17, 19)",taxation,6,0.25,False,True,False
199,240-4,13023.3125,"(10, 31)",taxation,6,0.25,False,True,False
199,20-3,46839.75,"(11, 15)",taxation,6,0.25,False,True,False
199,159-3,39596.375,"(8, 20)",taxation,6,0.25,False,True,False
199,158-4,35943.0625,"(6, 18)",taxation,6,0.25,False,True,False
199,66-3,54070.8125,"(33, 32)",taxation,6,0.25,False,True,False
199,170-4,34198.734375,"(48, 23)",taxation,6,0.25,False,True,False
199,146-4,15464.3125,"(41, 21)",taxation,6,0.25,False,True,False
199,208-4,39577.703125,"(9, 19)",taxation,6,0.25,False,True,False
199,219-4,43180.3125,"(27, 37)",taxation,6,0.25,False,True,False
199,140-4,992.0625,"(29, 48)",taxation,6,0.25,False,True,False
199,210-3,58869.5625,"(23, 43)",taxation,6,0.25,False,True,False
199,198-4,35360.71875,"(24, 14)",taxation,6,0.25,False,True,False
199,246-4,37179.3125,"(22, 35)",taxation,6,0.25,False,True,False
199,187-4,20258.1875,"(28, 7)",taxation,6,0.25,False,True,False
199,179-4,32380.53125,"(20, 8)",taxation,6,0.25,False,True,False
199,23-4,40146.5,"(14, 22)",taxation,6,0.25,False,True,False
199,31-4,44371.46875,"(24, 41)",taxation,6,0.25,False,True,False
199,150-3,41958.4375,"(28, 13)",taxation,6,0.25,False,True,False
199,12-3,46811.8125,"(32, 8)",taxation,6,0.25,False,True,False
199,98-4,20294.0625,"(17, 32)",taxation,6,0.25,False,True,False
199,126-3,49223.0625,"(39, 37)",taxation,6,0.25,False,True,False
199,176-4,980.1875,"(29, 45)",taxation,6,0.25,False,True,False
199,28-4,34141.203125,"(45, 23)",taxation,6,0.25,False,True,False
199,154-4,17838.3125,"(3, 20)",taxation,6,0.25,False,True,False
199,40-4,40761.3125,"(29, 44)",taxation,6,0.25,False,True,False
199,1-4,28732.140625,"(29, 46)",taxation,6,0.25,False,True,False
199,76-4,37159.921875000015,"(29, 47)",taxation,6,0.25,False,True,False
199,67-3,37179.5625,"(32, 38)",taxation,6,0.25,False,True,False
199,182-4,38916.890625,"(22, 7)",taxation,6,0.25,False,True,False
199,241-4,35316.21875,"(13, 16)",taxation,6,0.25,False,True,False
199,149-4,33552.5625,"(9, 22)",taxation,6,0.25,False,True,False
199,17-4,40780.03125,"(8, 18)",taxation,6,0.25,False,True,False
199,0-4,26294.828125,"(24, 1)",taxation,6,0.25,False,True,False
199,22-4,42557.8125,"(18, 10)",taxation,6,0.25,False,True,False
199,10-4,38939.390625,"(27, 9)",taxation,6,0.25,False,True,False
199,242-4,17265.953125,"(47, 23)",taxation,6,0.25,False,True,False
199,142-4,24452.859375,"(28, 4)",taxation,6,0.25,False,True,False
199,189-4,33571.84375,"(39, 30)",taxation,6,0.25,False,True,False
199,63-4,35277.171875,"(23, 2)",taxation,6,0.25,False,True,False
199,165-4,44293.1875,"(28, 3)",taxation,6,0.25,False,True,False
199,94-4,13017.125,"(38, 34)",taxation,6,0.25,False,True,False
199,206-4,37713.328125,"(16, 10)",taxation,6,0.25,False,True,False
199,172-4,40710.484375,"(7, 20)",taxation,6,0.25,False,True,False
199,144-4,37145.90625,"(16, 29)",taxation,6,0.25,False,True,False
199,111-4,40703.515625,"(10, 19)",taxation,6,0.25,False,True,False
199,83-4,40709.671875,"(28, 1)",taxation,6,0.25,False,True,False
199,249-4,38964.5625,"(49, 23)",taxation,6,0.25,False,True,False
199,51-4,38926.40625,"(26, 10)",taxation,6,0.25,False,True,False
199,180-4,37117.265625,"(5, 17)",taxation,6,0.25,False,True,False
199,148-4,29853.953125,"(41, 18)",taxation,6,0.25,False,True,False
199,16-4,42537.34375,"(14, 26)",taxation,6,0.25,False,True,False
199,134-4,37104.25,"(27, 8)",taxation,6,0.25,False,True,False
199,73-4,38899.265625,"(8, 16)",taxation,6,0.25,False,True,False
199,54-4,37096.140625,"(27, 4)",taxation,6,0.25,False,True,False
199,38-4,38904.59375,"(10, 16)",taxation,6,0.25,False,True,False
199,6-4,42541.625,"(49, 22)",taxation,6,0.25,False,True,False
199,156-4,28023.96875,"(25, 46)",taxation,6,0.25,False,True,False
199,95-4,42533.65625,"(45, 20)",taxation,6,0.25,False,True,False
199,42-4,28109.21875,"(13, 23)",taxation,6,0.25,False,True,False
199,168-4,40721.15625,"(28, 47)",taxation,6,0.25,False,True,False
199,183-4,26249.796875,"(28, 35)",taxation,6,0.25,False,True,False
199,53-4,24422.765625,"(42, 10)",taxation,6,0.25,False,True,False
199,106-4,35300.859375,"(10, 18)",taxation,6,0.25,False,True,False
199,133-4,33499.1875,"(45, 3)",taxation,6,0.25,False,True,False
199,25-4,33476.6875,"(0, 23)",taxation,6,0.25,False,True,False
199,56-4,37120.171875,"(3, 18)",taxation,6,0.25,False,True,False
199,234-4,38858.34375,"(7, 18)",taxation,6,0.25,False,True,False
199,71-4,40725.203125,"(3, 21)",taxation,6,0.25,False,True,False
199,162-4,38884.15625,"(27, 42)",taxation,6,0.25,False,True,False
199,45-4,38879.109375,"(33, 37)",taxation,6,0.25,False,True,False
199,212-4,38935.609375,"(32, 2)",taxation,6,0.25,False,True,False
199,110-4,42495.3125,"(21, 46)",taxation,6,0.25,False,True,False
199,225-4,38906.421875,"(30, 44)",taxation,6,0.25,False,True,False
199,231-4,24422.109375,"(24, 45)",taxation,6,0.25,False,True,False
199,137-4,33466.53125,"(28, 36)",taxation,6,0.25,False,True,False
199,4-4,28041.515625,"(15, 19)",taxation,6,0.25,False,True,False
199,169-4,29837.4375,"(43, 19)",taxation,6,0.25,False,True,False
199,125-4,40653.125,"(41, 32)",taxation,6,0.25,False,True,False
199,122-4,31637.515625,"(11, 18)",taxation,6,0.25,False,True,False
199,226-4,37066.796875,"(10, 15)",taxation,6,0.25,False,True,False
199,5-4,17155.21875,"(32, 33)",taxation,6,0.25,False,True,False
199,209-4,42509.46875,"(24, 48)",taxation,6,0.25,False,True,False
199,205-4,18999.359375,"(32, 13)",taxation,6,0.25,False,True,False
199,130-4,40643.34375,"(9, 17)",taxation,6,0.25,False,True,False
199,91-4,40726.796875,"(15, 11)",taxation,6,0.25,False,True,False
199,214-4,24395.4375,"(44, 22)",taxation,6,0.25,False,True,False
199,196-4,26189.25,"(11, 23)",taxation,6,0.25,False,True,False
199,21-4,35246.015625,"(1, 19)",taxation,6,0.25,False,True,False
199,141-4,29859.53125,"(42, 15)",taxation,6,0.25,False,True,False
199,193-4,33439.84375,"(21, 48)",taxation,6,0.25,False,True,False
199,68-4,31638.984375,"(24, 46)",taxation,6,0.25,False,True,False
199,161-4,31620.875,"(28, 5)",taxation,6,0.25,False,True,False
199,147-4,37061.921875,"(18, 9)",taxation,6,0.25,False,True,False
199,175-4,31610.78125,"(27, 41)",taxation,6,0.25,False,True,False
199,55-4,40668.453125,"(41, 36)",taxation,6,0.25,False,True,False
199,50-4,42464.59375,"(27, 48)",taxation,6,0.25,False,True,False
199,113-4,38841.296875,"(1, 18)",taxation,6,0.25,False,True,False
199,201-4,26197.203125,"(34, 37)",taxation,6,0.25,False,True,False
199,102-4,26161.59375,"(20, 36)",taxation,6,0.25,False,True,False
199,112-4,40653.46875,"(31, 44)",taxation,6,0.25,False,True,False
199,41-4,40666.5,"(24, 10)",taxation,6,0.25,False,True,False
199,78-4,35246.515625,"(28, 45)",taxation,6,0.25,False,True,False
199,203-4,44279.765625,"(26, 39)",taxation,6,0.25,False,True,False
199,247-4,33433.5625,"(23, 38)",taxation,6,0.25,False,True,False
199,32-4,40641.359375,"(31, 43)",taxation,6,0.25,False,True,False
199,115-4,40651.484375,"(4, 19)",taxation,6,0.25,False,True,False
199,33-4,29792.703125,"(41, 35)",taxation,6,0.25,False,True,False
199,202-4,42462.375,"(25, 40)",taxation,6,0.25,False,True,False
199,155-4,38849.828125,"(41, 17)",taxation,6,0.25,False,True,False
199,207-4,29795.109375,"(32, 1)",taxation,6,0.25,False,True,False
199,145-4,38851.75,"(41, 9)",taxation,6,0.25,False,True,False
199,132-4,40661.484375,"(40, 36)",taxation,6,0.25,False,True,False
199,166-4,35163.578125,"(21, 37)",taxation,6,0.25,False,True,False
199,100-4,37063.671875,"(1, 23)",taxation,6,0.25,False,True,False
199,116-4,40653.84375,"(43, 36)",taxation,6,0.25,False,True,False
200,120-3,56600.5,"(28, 49)",taxation,6,0.25,False,True,False
200,11-3,39723.1875,"(41, 19)",taxation,6,0.25,False,True,False
200,164-3,51818.4375,"(19, 40)",taxation,6,0.25,False,True,False
200,2-3,49403.8125,"(5, 16)",taxation,6,0.25,False,True,False
200,85-3,44552.75,"(4, 27)",taxation,6,0.25,False,True,False
200,188-3,49368.125,"(16, 13)",taxation,6,0.25,False,True,False
200,57-3,44523.6875,"(23, 33)",taxation,6,0.25,False,True,False
200,107-3,54135.875,"(12, 27)",taxation,6,0.25,False,True,False
200,221-3,46908.625,"(26, 11)",taxation,6,0.25,False,True,False
200,96-3,56589.375,"(12, 17)",taxation,6,0.25,False,True,False
200,92-3,54180.25,"(44, 25)",taxation,6,0.25,False,True,False
200,13-3,46964.6875,"(12, 12)",taxation,6,0.25,False,True,False
200,174-3,54201.125,"(23, 32)",taxation,6,0.25,False,True,False
200,69-3,54128.875,"(14, 9)",taxation,6,0.25,False,True,False
200,184-3,49286.9375,"(3, 24)",taxation,6,0.25,False,True,False
200,237-3,39692.3125,"(44, 27)",taxation,6,0.25,False,True,False
200,90-3,44505.875,"(5, 29)",taxation,6,0.25,False,True,False
200,18-3,56576.3125,"(40, 22)",taxation,6,0.25,False,True,False
200,121-3,49354.0,"(11, 27)",taxation,6,0.25,False,True,False
200,30-3,56597.9375,"(39, 14)",taxation,6,0.25,False,True,False
200,97-3,39673.3125,"(5, 21)",taxation,6,0.25,False,True,False
200,229-3,54184.6875,"(11, 19)",taxation,6,0.25,False,True,False
200,27-3,44504.0625,"(2, 24)",taxation,6,0.25,False,True,False
200,117-3,44510.625,"(20, 41)",taxation,6,0.25,False,True,False
200,80-3,54150.625,"(13, 11)",taxation,6,0.25,False,True,False
200,86-3,49365.5,"(9, 14)",taxation,6,0.25,False,True,False
200,160-3,44507.75,"(0, 25)",taxation,6,0.25,False,True,False
200,235-3,49320.9375,"(18, 8)",taxation,6,0.25,False,True,False
200,48-3,51689.5,"(2, 25)",taxation,6,0.25,False,True,False
200,88-3,49349.0,"(17, 8)",taxation,6,0.25,False,True,False
200,52-3,37296.4375,"(33, 4)",taxation,6,0.25,False,True,False
200,58-3,51722.875,"(20, 3)",taxation,6,0.25,False,True,False
200,248-3,49334.1875,"(25, 49)",taxation,6,0.25,False,True,False
200,108-3,27633.6875,"(49, 25)",taxation,6,0.25,False,True,False
200,82-3,51734.125,"(21, 33)",taxation,6,0.25,False,True,False
200,236-3,49336.9375,"(40, 25)",taxation,6,0.25,False,True,False
200,104-3,46963.125,"(20, 32)",taxation,6,0.25,False,True,False
200,152-3,51708.1875,"(1, 27)",taxation,6,0.25,False,True,False
200,109-3,49328.875,"(27, 3)",taxation,6,0.25,False,True,False
200,72-3,56560.875,"(6, 20)",taxation,6,0.25,False,True,False
200,127-3,51721.5,"(18, 13)",taxation,6,0.25,False,True,False
200,61-3,58975.1875,"(23, 9)",taxation,6,0.25,False,True,False
200,232-3,29963.6875,"(9, 13)",taxation,6,0.25,False,True,False
200,65-3,56542.9375,"(44, 23)",taxation,6,0.25,False,True,False
200,124-3,46878.1875,"(22, 34)",taxation,6,0.25,False,True,False
200,62-3,49321.125,"(0, 18)",taxation,6,0.25,False,True,False
200,59-3,44531.9375,"(14, 11)",taxation,6,0.25,False,True,False
200,89-3,51747.0625,"(24, 33)",taxation,6,0.25,False,True,False
200,26-3,39675.5625,"(5, 25)",taxation,6,0.25,False,True,False
200,14-3,13160.875,"(10, 14)",taxation,6,0.25,False,True,False
200,194-3,44500.625,"(29, 49)",taxation,6,0.25,False,True,False
200,37-3,51758.0625,"(44, 35)",taxation,6,0.25,False,True,False
200,36-3,37248.4375,"(4, 24)",taxation,6,0.25,False,True,False
200,7-3,37275.375,"(40, 24)",taxation,6,0.25,False,True,False
200,47-3,34815.3125,"(23, 44)",taxation,6,0.25,False,True,False
200,223-3,34849.5,"(46, 25)",taxation,6,0.25,False,True,False
200,129-3,46909.5,"(5, 20)",taxation,6,0.25,False,True,False
200,77-3,42069.125,"(48, 25)",taxation,6,0.25,False,True,False
200,43-3,49307.8125,"(9, 15)",taxation,6,0.25,False,True,False
200,128-3,54149.25,"(41, 24)",taxation,6,0.25,False,True,False
200,79-3,46897.1875,"(11, 12)",taxation,6,0.25,False,True,False
200,199-3,56519.25,"(10, 13)",taxation,6,0.25,False,True,False
200,136-3,39649.375,"(2, 19)",taxation,6,0.25,False,True,False
200,99-3,46868.9375,"(18, 29)",taxation,6,0.25,False,True,False
200,84-3,49314.625,"(14, 14)",taxation,6,0.25,False,True,False
200,123-3,56524.5625,"(1, 21)",taxation,6,0.25,False,True,False
200,119-3,49284.75,"(28, 42)",taxation,6,0.25,False,True,False
200,46-3,34819.5,"(18, 6)",taxation,6,0.25,False,True,False
200,190-3,49264.0625,"(21, 49)",taxation,6,0.25,False,True,False
200,215-3,54158.625,"(42, 23)",taxation,6,0.25,False,True,False
200,220-3,54129.25,"(36, 11)",taxation,6,0.25,False,True,False
200,157-3,46872.1875,"(6, 27)",taxation,6,0.25,False,True,False
200,245-3,54087.0625,"(46, 33)",taxation,6,0.25,False,True,False
200,195-3,22768.9375,"(21, 41)",taxation,6,0.25,False,True,False
200,15-3,44463.0625,"(11, 28)",taxation,6,0.25,False,True,False
200,224-3,42043.3125,"(22, 33)",taxation,6,0.25,False,True,False
200,87-3,49270.625,"(39, 18)",taxation,6,0.25,False,True,False
200,135-3,49257.0625,"(26, 40)",taxation,6,0.25,False,True,False
200,8-3,49306.25,"(20, 42)",taxation,6,0.25,False,True,False
200,227-3,54107.375,"(22, 9)",taxation,6,0.25,False,True,False
200,178-3,54092.1875,"(9, 33)",taxation,6,0.25,False,True,False
200,114-3,56533.3125,"(41, 29)",taxation,6,0.25,False,True,False
200,118-3,54046.625,"(38, 13)",taxation,6,0.25,False,True,False
200,244-3,56507.875,"(23, 3)",taxation,6,0.25,False,True,False
200,34-3,44436.5,"(22, 10)",taxation,6,0.25,False,True,False
200,60-3,51671.4375,"(7, 19)",taxation,6,0.25,False,True,False
200,218-3,56513.125,"(4, 25)",taxation,6,0.25,False,True,False
200,49-3,46878.875,"(22, 2)",taxation,6,0.25,False,True,False
200,185-3,49328.125,"(44, 34)",taxation,6,0.25,False,True,False
200,228-4,29341.9375,"(12, 13)",taxation,6,0.25,False,True,False
200,24-3,39677.125,"(46, 22)",taxation,6,0.25,False,True,False
200,9-3,42061.9375,"(39, 22)",taxation,6,0.25,False,True,False
200,39-3,34769.625,"(6, 25)",taxation,6,0.25,False,True,False
200,151-3,39591.1875,"(37, 12)",taxation,6,0.25,False,True,False
200,29-3,49293.9375,"(14, 12)",taxation,6,0.25,False,True,False
200,230-3,39627.0,"(46, 34)",taxation,6,0.25,False,True,False
200,131-3,49281.75,"(38, 29)",taxation,6,0.25,False,True,False
200,81-3,46889.6875,"(36, 12)",taxation,6,0.25,False,True,False
200,222-3,49243.125,"(22, 13)",taxation,6,0.25,False,True,False
200,171-3,49248.375,"(22, 49)",taxation,6,0.25,False,True,False
200,200-3,46867.5,"(11, 11)",taxation,6,0.25,False,True,False
200,238-3,49265.5,"(48, 28)",taxation,6,0.25,False,True,False
200,153-3,25139.25,"(11, 13)",taxation,6,0.25,False,True,False
200,197-3,39599.1875,"(31, 11)",taxation,6,0.25,False,True,False
200,139-4,44444.765625,"(14, 28)",taxation,6,0.25,False,True,False
200,204-3,54059.375,"(17, 15)",taxation,6,0.25,False,True,False
200,211-3,32336.8125,"(1, 22)",taxation,6,0.25,False,True,False
200,93-3,22723.0,"(38, 18)",taxation,6,0.25,False,True,False
200,101-3,49292.5625,"(13, 12)",taxation,6,0.25,False,True,False
200,213-3,49272.625,"(40, 35)",taxation,6,0.25,False,True,False
200,70-3,51662.0,"(20, 49)",taxation,6,0.25,False,True,False
200,239-3,49264.625,"(13, 25)",taxation,6,0.25,False,True,False
200,243-3,46842.125,"(7, 21)",taxation,6,0.25,False,True,False
200,192-3,44446.25,"(45, 22)",taxation,6,0.25,False,True,False
200,143-3,49256.3125,"(44, 32)",taxation,6,0.25,False,True,False
200,35-3,49256.875,"(43, 23)",taxation,6,0.25,False,True,False
200,3-3,29910.6875,"(19, 48)",taxation,6,0.25,False,True,False
200,181-3,49235.937500000015,"(27, 15)",taxation,6,0.25,False,True,False
200,105-3,44417.625,"(42, 27)",taxation,6,0.25,False,True,False
200,177-3,49303.3125,"(42, 28)",taxation,6,0.25,False,True,False
200,167-4,38986.734375,"(38, 17)",taxation,6,0.25,False,True,False
200,173-4,10682.8125,"(17, 10)",taxation,6,0.25,False,True,False
200,44-3,32357.0,"(42, 31)",taxation,6,0.25,False,True,False
200,216-3,54054.5,"(46, 35)",taxation,6,0.25,False,True,False
200,217-3,29948.375,"(18, 20)",taxation,6,0.25,False,True,False
200,138-3,51590.8125,"(17, 29)",taxation,6,0.25,False,True,False
200,75-4,35321.0625,"(26, 48)",taxation,6,0.25,False,True,False
200,74-4,43173.0,"(22, 46)",taxation,6,0.25,False,True,False
200,191-3,56449.5625,"(17, 16)",taxation,6,0.25,False,True,False
200,240-4,13031.3125,"(11, 29)",taxation,6,0.25,False,True,False
200,20-3,46848.75,"(13, 9)",taxation,6,0.25,False,True,False
200,159-3,39604.375,"(14, 16)",taxation,6,0.25,False,True,False
200,158-4,35953.0625,"(6, 16)",taxation,6,0.25,False,True,False
200,66-3,54078.8125,"(37, 27)",taxation,6,0.25,False,True,False
200,170-4,34206.734375,"(47, 27)",taxation,6,0.25,False,True,False
200,146-4,15472.3125,"(41, 27)",taxation,6,0.25,False,True,False
200,208-4,39587.703125,"(8, 15)",taxation,6,0.25,False,True,False
200,219-4,43187.3125,"(21, 32)",taxation,6,0.25,False,True,False
200,140-4,994.0625,"(25, 45)",taxation,6,0.25,False,True,False
200,210-3,58876.5625,"(19, 46)",taxation,6,0.25,False,True,False
200,198-4,35369.71875,"(20, 17)",taxation,6,0.25,False,True,False
200,246-4,37187.3125,"(19, 29)",taxation,6,0.25,False,True,False
200,187-4,20266.1875,"(23, 6)",taxation,6,0.25,False,True,False
200,179-4,32389.53125,"(18, 7)",taxation,6,0.25,False,True,False
200,23-4,40154.5,"(15, 20)",taxation,6,0.25,False,True,False
200,31-4,44378.46875,"(18, 42)",taxation,6,0.25,False,True,False
200,150-3,41966.4375,"(22, 11)",taxation,6,0.25,False,True,False
200,12-3,46818.8125,"(26, 8)",taxation,6,0.25,False,True,False
200,98-4,20302.0625,"(18, 27)",taxation,6,0.25,False,True,False
200,126-3,49232.0625,"(45, 36)",taxation,6,0.25,False,True,False
200,176-4,988.1875,"(26, 49)",taxation,6,0.25,False,True,False
200,28-4,34150.203125,"(41, 28)",taxation,6,0.25,False,True,False
200,154-4,17846.3125,"(4, 20)",taxation,6,0.25,False,True,False
200,40-4,40769.3125,"(24, 47)",taxation,6,0.25,False,True,False
200,1-4,28740.140625,"(23, 48)",taxation,6,0.25,False,True,False
200,76-4,37161.921875000015,"(25, 44)",taxation,6,0.25,False,True,False
200,67-3,37185.5625,"(38, 32)",taxation,6,0.25,False,True,False
200,182-4,38925.890625,"(19, 6)",taxation,6,0.25,False,True,False
200,241-4,35325.21875,"(10, 12)",taxation,6,0.25,False,True,False
200,149-4,33562.5625,"(7, 16)",taxation,6,0.25,False,True,False
200,17-4,40789.03125,"(6, 15)",taxation,6,0.25,False,True,False
200,0-4,26303.828125,"(18, 3)",taxation,6,0.25,False,True,False
200,22-4,42566.8125,"(18, 11)",taxation,6,0.25,False,True,False
200,10-4,38947.390625,"(22, 6)",taxation,6,0.25,False,True,False
200,242-4,17273.953125,"(45, 27)",taxation,6,0.25,False,True,False
200,142-4,24460.859375,"(23, 4)",taxation,6,0.25,False,True,False
200,189-4,33579.84375,"(39, 28)",taxation,6,0.25,False,True,False
200,63-4,35286.171875,"(19, 4)",taxation,6,0.25,False,True,False
200,165-4,44301.1875,"(23, 0)",taxation,6,0.25,False,True,False
200,94-4,13025.125,"(42, 30)",taxation,6,0.25,False,True,False
200,206-4,37723.328125,"(14, 10)",taxation,6,0.25,False,True,False
200,172-4,40717.484375,"(3, 25)",taxation,6,0.25,False,True,False
200,144-4,37153.90625,"(17, 27)",taxation,6,0.25,False,True,False
200,111-4,40711.515625,"(14, 15)",taxation,6,0.25,False,True,False
200,83-4,40717.671875,"(23, 1)",taxation,6,0.25,False,True,False
200,249-4,38972.5625,"(47, 28)",taxation,6,0.25,False,True,False
200,51-4,38934.40625,"(23, 10)",taxation,6,0.25,False,True,False
200,180-4,37126.265625,"(3, 17)",taxation,6,0.25,False,True,False
200,148-4,29860.953125,"(42, 22)",taxation,6,0.25,False,True,False
200,16-4,42545.34375,"(13, 27)",taxation,6,0.25,False,True,False
200,134-4,37112.25,"(22, 8)",taxation,6,0.25,False,True,False
200,73-4,38908.265625,"(12, 10)",taxation,6,0.25,False,True,False
200,54-4,37104.140625,"(22, 1)",taxation,6,0.25,False,True,False
200,38-4,38913.59375,"(13, 10)",taxation,6,0.25,False,True,False
200,6-4,42549.625,"(49, 28)",taxation,6,0.25,False,True,False
200,156-4,28032.96875,"(25, 48)",taxation,6,0.25,False,True,False
200,95-4,42541.65625,"(45, 25)",taxation,6,0.25,False,True,False
200,42-4,28117.21875,"(14, 21)",taxation,6,0.25,False,True,False
200,168-4,40729.15625,"(23, 49)",taxation,6,0.25,False,True,False
200,183-4,26256.796875,"(23, 29)",taxation,6,0.25,False,True,False
200,53-4,24427.765625,"(40, 14)",taxation,6,0.25,False,True,False
200,106-4,35309.859375,"(7, 15)",taxation,6,0.25,False,True,False
200,133-4,33503.1875,"(40, 9)",taxation,6,0.25,False,True,False
200,25-4,33485.6875,"(0, 22)",taxation,6,0.25,False,True,False
200,56-4,37129.171875,"(3, 19)",taxation,6,0.25,False,True,False
200,234-4,38867.34375,"(5, 19)",taxation,6,0.25,False,True,False
200,71-4,40735.203125,"(4, 17)",taxation,6,0.25,False,True,False
200,162-4,38890.15625,"(22, 37)",taxation,6,0.25,False,True,False
200,45-4,38885.109375,"(39, 32)",taxation,6,0.25,False,True,False
200,212-4,38942.609375,"(28, 0)",taxation,6,0.25,False,True,False
200,110-4,42503.3125,"(22, 47)",taxation,6,0.25,False,True,False
200,225-4,38910.421875,"(24, 38)",taxation,6,0.25,False,True,False
200,231-4,24430.109375,"(23, 45)",taxation,6,0.25,False,True,False
200,137-4,33473.53125,"(22, 32)",taxation,6,0.25,False,True,False
200,4-4,28049.515625,"(15, 16)",taxation,6,0.25,False,True,False
200,169-4,29844.4375,"(43, 22)",taxation,6,0.25,False,True,False
200,125-4,40662.125,"(43, 32)",taxation,6,0.25,False,True,False
200,122-4,31646.515625,"(17, 13)",taxation,6,0.25,False,True,False
200,226-4,37075.796875,"(12, 11)",taxation,6,0.25,False,True,False
200,5-4,17163.21875,"(37, 28)",taxation,6,0.25,False,True,False
200,209-4,42516.46875,"(25, 47)",taxation,6,0.25,False,True,False
200,205-4,19006.359375,"(27, 14)",taxation,6,0.25,False,True,False
200,130-4,40652.34375,"(8, 14)",taxation,6,0.25,False,True,False
200,91-4,40735.796875,"(16, 12)",taxation,6,0.25,False,True,False
200,214-4,24403.4375,"(43, 25)",taxation,6,0.25,False,True,False
200,196-4,26198.25,"(5, 22)",taxation,6,0.25,False,True,False
200,21-4,35255.015625,"(0, 20)",taxation,6,0.25,False,True,False
200,141-4,29865.53125,"(40, 19)",taxation,6,0.25,False,True,False
200,193-4,33447.84375,"(22, 48)",taxation,6,0.25,False,True,False
200,68-4,31646.984375,"(23, 46)",taxation,6,0.25,False,True,False
200,161-4,31628.875,"(23, 5)",taxation,6,0.25,False,True,False
200,147-4,37071.921875,"(15, 10)",taxation,6,0.25,False,True,False
200,175-4,31618.78125,"(22, 44)",taxation,6,0.25,False,True,False
200,55-4,40677.453125,"(45, 35)",taxation,6,0.25,False,True,False
200,50-4,42467.59375,"(24, 44)",taxation,6,0.25,False,True,False
200,113-4,38851.296875,"(2, 17)",taxation,6,0.25,False,True,False
200,201-4,26203.203125,"(36, 31)",taxation,6,0.25,False,True,False
200,102-4,26168.59375,"(18, 36)",taxation,6,0.25,False,True,False
200,112-4,40662.46875,"(27, 49)",taxation,6,0.25,False,True,False
200,41-4,40675.5,"(19, 11)",taxation,6,0.25,False,True,False
200,78-4,35250.515625,"(22, 41)",taxation,6,0.25,False,True,False
200,203-4,44285.765625,"(21, 36)",taxation,6,0.25,False,True,False
200,247-4,33440.5625,"(19, 36)",taxation,6,0.25,False,True,False
200,32-4,40644.359375,"(25, 38)",taxation,6,0.25,False,True,False
200,115-4,40660.484375,"(0, 21)",taxation,6,0.25,False,True,False
200,33-4,29801.703125,"(43, 33)",taxation,6,0.25,False,True,False
200,202-4,42470.375,"(22, 43)",taxation,6,0.25,False,True,False
200,155-4,38856.828125,"(41, 22)",taxation,6,0.25,False,True,False
200,207-4,29802.109375,"(27, 1)",taxation,6,0.25,False,True,False
200,145-4,38856.75,"(39, 13)",taxation,6,0.25,False,True,False
200,132-4,40670.484375,"(44, 33)",taxation,6,0.25,False,True,False
200,166-4,35171.578125,"(20, 33)",taxation,6,0.25,False,True,False
200,100-4,37071.671875,"(1, 24)",taxation,6,0.25,False,True,False
200,116-4,40662.84375,"(44, 31)",taxation,6,0.25,False,True,False
200,19-4,38853.75,"(23, 11)",taxation,6,0.25,False,True,False
200,233-4,35173.828125,"(22, 42)",taxation,6,0.25,False,True,False
200,64-4,36997.5,"(49, 24)",taxation,6,0.25,False,True,False
200,186-4,35254.640625,"(35, 9)",taxation,6,0.25,False,True,False
200,103-4,37033.40625,"(24, 49)",taxation,6,0.25,False,True,False
200,163-4,44239.125,"(47, 22)",taxation,6,0.25,False,True,False
201,120-3,56603.5,"(22, 45)",taxation,6,0.25,False,True,False
201,11-3,39731.1875,"(38, 25)",taxation,6,0.25,False,True,False
201,164-3,51826.4375,"(18, 40)",taxation,6,0.25,False,True,False
201,2-3,49405.8125,"(6, 22)",taxation,6,0.25,False,True,False
201,85-3,44560.75,"(3, 30)",taxation,6,0.25,False,True,False
201,188-3,49377.125,"(16, 14)",taxation,6,0.25,False,True,False
201,107-3,54144.875,"(13, 28)",taxation,6,0.25,False,True,False
201,96-3,56597.375,"(17, 20)",taxation,6,0.25,False,True,False
201,92-3,54188.25,"(45, 26)",taxation,6,0.25,False,True,False
201,13-3,46967.6875,"(17, 18)",taxation,6,0.25,False,True,False
201,174-3,54209.125,"(20, 27)",taxation,6,0.25,False,True,False
201,69-3,54138.875,"(14, 8)",taxation,6,0.25,False,True,False
201,184-3,49290.9375,"(0, 29)",taxation,6,0.25,False,True,False
201,237-3,39701.3125,"(44, 28)",taxation,6,0.25,False,True,False
201,90-3,44514.875,"(1, 28)",taxation,6,0.25,False,True,False
201,18-3,56584.3125,"(39, 23)",taxation,6,0.25,False,True,False
201,121-3,49362.0,"(8, 33)",taxation,6,0.25,False,True,False
201,30-3,56604.9375,"(36, 18)",taxation,6,0.25,False,True,False
201,97-3,39676.3125,"(8, 26)",taxation,6,0.25,False,True,False
201,229-3,54192.6875,"(16, 20)",taxation,6,0.25,False,True,False
201,27-3,44508.0625,"(5, 30)",taxation,6,0.25,False,True,False
201,117-3,44518.625,"(17, 42)",taxation,6,0.25,False,True,False
201,80-3,54153.625,"(19, 13)",taxation,6,0.25,False,True,False
201,160-3,44514.75,"(2, 31)",taxation,6,0.25,False,True,False
201,235-3,49330.9375,"(15, 5)",taxation,6,0.25,False,True,False
201,48-3,51698.5,"(0, 30)",taxation,6,0.25,False,True,False
201,88-3,49358.0,"(17, 2)",taxation,6,0.25,False,True,False
201,52-3,37304.4375,"(27, 2)",taxation,6,0.25,False,True,False
201,58-3,51732.875,"(16, 4)",taxation,6,0.25,False,True,False
201,248-3,49339.1875,"(19, 44)",taxation,6,0.25,False,True,False
201,108-3,27641.6875,"(49, 26)",taxation,6,0.25,False,True,False
201,82-3,51742.125,"(18, 32)",taxation,6,0.25,False,True,False
201,236-3,49344.9375,"(39, 25)",taxation,6,0.25,False,True,False
201,104-3,46971.125,"(17, 34)",taxation,6,0.25,False,True,False
201,152-3,51716.1875,"(1, 30)",taxation,6,0.25,False,True,False
201,109-3,49337.875,"(22, 0)",taxation,6,0.25,False,True,False
201,72-3,56563.875,"(12, 26)",taxation,6,0.25,False,True,False
201,127-3,51731.5,"(18, 12)",taxation,6,0.25,False,True,False
201,61-3,58984.1875,"(20, 4)",taxation,6,0.25,False,True,False
201,232-3,29965.6875,"(14, 17)",taxation,6,0.25,False,True,False
201,65-3,56550.9375,"(45, 24)",taxation,6,0.25,False,True,False
201,124-3,46886.1875,"(18, 33)",taxation,6,0.25,False,True,False
201,62-3,49323.125,"(1, 20)",taxation,6,0.25,False,True,False
201,59-3,44541.9375,"(14, 7)",taxation,6,0.25,False,True,False
201,89-3,51755.0625,"(21, 31)",taxation,6,0.25,False,True,False
201,26-3,39683.5625,"(1, 29)",taxation,6,0.25,False,True,False
201,14-3,13163.875,"(16, 18)",taxation,6,0.25,False,True,False
201,194-3,44503.625,"(25, 43)",taxation,6,0.25,False,True,False
201,37-3,51767.0625,"(47, 35)",taxation,6,0.25,False,True,False
201,36-3,37252.4375,"(8, 29)",taxation,6,0.25,False,True,False
201,7-3,37283.375,"(39, 24)",taxation,6,0.25,False,True,False
201,47-3,34822.3125,"(17, 38)",taxation,6,0.25,False,True,False
201,223-3,34858.5,"(46, 29)",taxation,6,0.25,False,True,False
201,129-3,46911.5,"(5, 23)",taxation,6,0.25,False,True,False
201,77-3,42077.125,"(48, 26)",taxation,6,0.25,False,True,False
201,43-3,49310.8125,"(15, 21)",taxation,6,0.25,False,True,False
201,128-3,54157.25,"(41, 25)",taxation,6,0.25,False,True,False
201,79-3,46907.1875,"(15, 8)",taxation,6,0.25,False,True,False
201,199-3,56529.25,"(15, 9)",taxation,6,0.25,False,True,False
201,136-3,39652.375,"(1, 25)",taxation,6,0.25,False,True,False
201,99-3,46877.9375,"(19, 27)",taxation,6,0.25,False,True,False
201,84-3,49324.625,"(16, 9)",taxation,6,0.25,False,True,False
201,123-3,56527.5625,"(3, 26)",taxation,6,0.25,False,True,False
201,119-3,49289.75,"(22, 36)",taxation,6,0.25,False,True,False
201,46-3,34829.5,"(17, 6)",taxation,6,0.25,False,True,False
201,190-3,49272.0625,"(17, 43)",taxation,6,0.25,False,True,False
201,215-3,54166.625,"(42, 25)",taxation,6,0.25,False,True,False
201,220-3,54136.25,"(31, 12)",taxation,6,0.25,False,True,False
201,157-3,46880.1875,"(5, 28)",taxation,6,0.25,False,True,False
201,245-3,54096.0625,"(47, 33)",taxation,6,0.25,False,True,False
201,195-3,22776.9375,"(17, 41)",taxation,6,0.25,False,True,False
201,15-3,44471.0625,"(14, 30)",taxation,6,0.25,False,True,False
201,224-3,42051.3125,"(19, 31)",taxation,6,0.25,False,True,False
201,87-3,49278.625,"(37, 22)",taxation,6,0.25,False,True,False
201,135-3,49263.0625,"(21, 35)",taxation,6,0.25,False,True,False
201,8-3,49314.25,"(16, 37)",taxation,6,0.25,False,True,False
201,227-3,54117.375,"(19, 5)",taxation,6,0.25,False,True,False
201,178-3,54101.1875,"(4, 30)",taxation,6,0.25,False,True,False
201,114-3,56542.3125,"(47, 31)",taxation,6,0.25,False,True,False
201,118-3,54053.625,"(35, 18)",taxation,6,0.25,False,True,False
201,244-3,56516.875,"(21, 4)",taxation,6,0.25,False,True,False
201,34-3,44444.5,"(24, 8)",taxation,6,0.25,False,True,False
201,60-3,51673.4375,"(10, 21)",taxation,6,0.25,False,True,False
201,218-3,56521.125,"(4, 28)",taxation,6,0.25,False,True,False
201,49-3,46887.875,"(21, 1)",taxation,6,0.25,False,True,False
201,185-3,49337.125,"(46, 32)",taxation,6,0.25,False,True,False
201,228-4,29350.9375,"(18, 16)",taxation,6,0.25,False,True,False
201,24-3,39685.125,"(47, 26)",taxation,6,0.25,False,True,False
201,9-3,42069.9375,"(38, 23)",taxation,6,0.25,False,True,False
201,39-3,34777.625,"(2, 30)",taxation,6,0.25,False,True,False
201,151-3,39598.1875,"(32, 15)",taxation,6,0.25,False,True,False
201,29-3,49302.9375,"(20, 12)",taxation,6,0.25,False,True,False
201,230-3,39636.0,"(48, 34)",taxation,6,0.25,False,True,False
201,131-3,49289.75,"(40, 30)",taxation,6,0.25,False,True,False
201,81-3,46896.6875,"(32, 14)",taxation,6,0.25,False,True,False
201,222-3,49253.125,"(17, 7)",taxation,6,0.25,False,True,False
201,171-3,49253.375,"(18, 43)",taxation,6,0.25,False,True,False
201,200-3,46870.5,"(17, 17)",taxation,6,0.25,False,True,False
201,238-3,49274.5,"(48, 31)",taxation,6,0.25,False,True,False
201,153-3,25142.25,"(16, 17)",taxation,6,0.25,False,True,False
201,197-3,39607.1875,"(26, 12)",taxation,6,0.25,False,True,False
201,139-4,44452.765625,"(16, 28)",taxation,6,0.25,False,True,False
201,204-3,54068.375,"(16, 15)",taxation,6,0.25,False,True,False
201,211-3,32339.8125,"(0, 27)",taxation,6,0.25,False,True,False
201,93-3,22731.0,"(37, 23)",taxation,6,0.25,False,True,False
201,101-3,49301.5625,"(18, 17)",taxation,6,0.25,False,True,False
201,213-3,49281.625,"(43, 30)",taxation,6,0.25,False,True,False
201,70-3,51670.0,"(17, 47)",taxation,6,0.25,False,True,False
201,239-3,49273.625,"(18, 26)",taxation,6,0.25,False,True,False
201,243-3,46845.125,"(10, 26)",taxation,6,0.25,False,True,False
201,192-3,44455.25,"(45, 28)",taxation,6,0.25,False,True,False
201,143-3,49265.3125,"(45, 30)",taxation,6,0.25,False,True,False
201,35-3,49264.875,"(43, 24)",taxation,6,0.25,False,True,False
201,3-3,29917.6875,"(17, 45)",taxation,6,0.25,False,True,False
201,181-3,49243.937500000015,"(26, 15)",taxation,6,0.25,False,True,False
201,105-3,44425.625,"(42, 26)",taxation,6,0.25,False,True,False
201,177-3,49312.3125,"(47, 29)",taxation,6,0.25,False,True,False
201,167-4,38994.734375,"(38, 22)",taxation,6,0.25,False,True,False
201,173-4,10692.8125,"(16, 8)",taxation,6,0.25,False,True,False
201,44-3,32366.0,"(44, 29)",taxation,6,0.25,False,True,False
201,216-3,54063.5,"(47, 34)",taxation,6,0.25,False,True,False
201,217-3,29956.375,"(19, 21)",taxation,6,0.25,False,True,False
201,138-3,51598.8125,"(19, 30)",taxation,6,0.25,False,True,False
201,75-4,35325.0625,"(20, 47)",taxation,6,0.25,False,True,False
201,74-4,43180.0,"(16, 42)",taxation,6,0.25,False,True,False
201,191-3,56457.5625,"(19, 20)",taxation,6,0.25,False,True,False
201,240-4,13039.3125,"(12, 32)",taxation,6,0.25,False,True,False
201,20-3,46857.75,"(16, 3)",taxation,6,0.25,False,True,False
201,159-3,39613.375,"(15, 15)",taxation,6,0.25,False,True,False
201,158-4,35955.0625,"(10, 20)",taxation,6,0.25,False,True,False
201,66-3,54087.8125,"(38, 27)",taxation,6,0.25,False,True,False
201,170-4,34215.734375,"(49, 32)",taxation,6,0.25,False,True,False
201,146-4,15481.3125,"(40, 28)",taxation,6,0.25,False,True,False
201,208-4,39589.703125,"(13, 18)",taxation,6,0.25,False,True,False
201,219-4,43195.3125,"(20, 31)",taxation,6,0.25,False,True,False
201,140-4,1000.0625,"(19, 39)",taxation,6,0.25,False,True,False
201,210-3,58884.5625,"(17, 46)",taxation,6,0.25,False,True,False
201,198-4,35377.71875,"(19, 17)",taxation,6,0.25,False,True,False
201,246-4,37195.3125,"(20, 29)",taxation,6,0.25,False,True,False
201,187-4,20275.1875,"(21, 6)",taxation,6,0.25,False,True,False
201,179-4,32399.53125,"(17, 5)",taxation,6,0.25,False,True,False
201,23-4,40163.5,"(20, 16)",taxation,6,0.25,False,True,False
201,31-4,44386.46875,"(16, 38)",taxation,6,0.25,False,True,False
201,150-3,41974.4375,"(23, 12)",taxation,6,0.25,False,True,False
201,12-3,46827.8125,"(21, 8)",taxation,6,0.25,False,True,False
201,98-4,20311.0625,"(19, 24)",taxation,6,0.25,False,True,False
201,126-3,49241.0625,"(49, 34)",taxation,6,0.25,False,True,False
201,176-4,993.1875,"(20, 48)",taxation,6,0.25,False,True,False
201,28-4,34159.203125,"(47, 32)",taxation,6,0.25,False,True,False
201,154-4,17848.3125,"(7, 23)",taxation,6,0.25,False,True,False
201,40-4,40775.3125,"(18, 45)",taxation,6,0.25,False,True,False
201,1-4,28747.140625,"(18, 46)",taxation,6,0.25,False,True,False
201,76-4,37167.921875000015,"(21, 39)",taxation,6,0.25,False,True,False
201,67-3,37194.5625,"(38, 28)",taxation,6,0.25,False,True,False
201,182-4,38935.890625,"(18, 5)",taxation,6,0.25,False,True,False
201,241-4,35335.21875,"(15, 6)",taxation,6,0.25,False,True,False
201,149-4,33564.5625,"(9, 21)",taxation,6,0.25,False,True,False
201,17-4,40791.03125,"(11, 20)",taxation,6,0.25,False,True,False
201,0-4,26313.828125,"(17, 3)",taxation,6,0.25,False,True,False
201,22-4,42575.8125,"(20, 5)",taxation,6,0.25,False,True,False
201,10-4,38956.390625,"(20, 7)",taxation,6,0.25,False,True,False
201,242-4,17282.953125,"(48, 30)",taxation,6,0.25,False,True,False
201,142-4,24469.859375,"(20, 1)",taxation,6,0.25,False,True,False
201,189-4,33587.84375,"(39, 27)",taxation,6,0.25,False,True,False
201,63-4,35296.171875,"(16, 5)",taxation,6,0.25,False,True,False
201,165-4,44310.1875,"(21, 0)",taxation,6,0.25,False,True,False
201,94-4,13033.125,"(41, 30)",taxation,6,0.25,False,True,False
201,206-4,37731.328125,"(20, 6)",taxation,6,0.25,False,True,False
201,172-4,40724.484375,"(3, 31)",taxation,6,0.25,False,True,False
201,144-4,37161.90625,"(19, 28)",taxation,6,0.25,False,True,False
201,111-4,40721.515625,"(17, 12)",taxation,6,0.25,False,True,False
201,83-4,40727.671875,"(17, 4)",taxation,6,0.25,False,True,False
201,249-4,38981.5625,"(49, 33)",taxation,6,0.25,False,True,False
201,51-4,38943.40625,"(21, 9)",taxation,6,0.25,False,True,False
201,180-4,37128.265625,"(2, 23)",taxation,6,0.25,False,True,False
201,148-4,29868.953125,"(41, 26)",taxation,6,0.25,False,True,False
201,16-4,42553.34375,"(17, 30)",taxation,6,0.25,False,True,False
201,134-4,37121.25,"(20, 2)",taxation,6,0.25,False,True,False
201,73-4,38910.265625,"(18, 14)",taxation,6,0.25,False,True,False
201,54-4,37114.140625,"(18, 4)",taxation,6,0.25,False,True,False
201,38-4,38920.59375,"(19, 10)",taxation,6,0.25,False,True,False
201,6-4,42558.625,"(49, 29)",taxation,6,0.25,False,True,False
201,156-4,28037.96875,"(19, 42)",taxation,6,0.25,False,True,False
201,95-4,42550.65625,"(45, 29)",taxation,6,0.25,False,True,False
201,42-4,28125.21875,"(15, 24)",taxation,6,0.25,False,True,False
201,168-4,40735.15625,"(17, 48)",taxation,6,0.25,False,True,False
201,183-4,26264.796875,"(21, 27)",taxation,6,0.25,False,True,False
201,53-4,24434.765625,"(37, 18)",taxation,6,0.25,False,True,False
201,106-4,35311.859375,"(12, 19)",taxation,6,0.25,False,True,False
201,133-4,33509.1875,"(37, 13)",taxation,6,0.25,False,True,False
201,25-4,33493.6875,"(2, 28)",taxation,6,0.25,False,True,False
201,56-4,37131.171875,"(4, 22)",taxation,6,0.25,False,True,False
201,234-4,38869.34375,"(7, 22)",taxation,6,0.25,False,True,False
201,71-4,40737.203125,"(2, 22)",taxation,6,0.25,False,True,False
201,162-4,38898.15625,"(17, 35)",taxation,6,0.25,False,True,False
201,45-4,38893.109375,"(41, 33)",taxation,6,0.25,False,True,False
201,212-4,38950.609375,"(26, 0)",taxation,6,0.25,False,True,False
201,110-4,42511.3125,"(18, 47)",taxation,6,0.25,False,True,False
201,225-4,38918.421875,"(18, 37)",taxation,6,0.25,False,True,False
201,231-4,24438.109375,"(18, 48)",taxation,6,0.25,False,True,False
201,137-4,33481.53125,"(20, 30)",taxation,6,0.25,False,True,False
201,4-4,28058.515625,"(21, 13)",taxation,6,0.25,False,True,False
201,169-4,29853.4375,"(43, 27)",taxation,6,0.25,False,True,False
201,125-4,40671.125,"(44, 30)",taxation,6,0.25,False,True,False
201,122-4,31655.515625,"(17, 14)",taxation,6,0.25,False,True,False
201,226-4,37077.796875,"(15, 13)",taxation,6,0.25,False,True,False
201,5-4,17171.21875,"(38, 26)",taxation,6,0.25,False,True,False
201,209-4,42522.46875,"(19, 41)",taxation,6,0.25,False,True,False
201,205-4,19015.359375,"(21, 14)",taxation,6,0.25,False,True,False
201,130-4,40654.34375,"(13, 17)",taxation,6,0.25,False,True,False
201,91-4,40745.796875,"(16, 6)",taxation,6,0.25,False,True,False
201,214-4,24411.4375,"(43, 26)",taxation,6,0.25,False,True,False
201,196-4,26207.25,"(3, 28)",taxation,6,0.25,False,True,False
201,21-4,35258.015625,"(4, 26)",taxation,6,0.25,False,True,False
201,141-4,29873.53125,"(40, 23)",taxation,6,0.25,False,True,False
201,193-4,33451.84375,"(20, 46)",taxation,6,0.25,False,True,False
201,68-4,31654.984375,"(19, 49)",taxation,6,0.25,False,True,False
201,161-4,31637.875,"(19, 2)",taxation,6,0.25,False,True,False
201,147-4,37081.921875,"(15, 7)",taxation,6,0.25,False,True,False
201,175-4,31626.78125,"(17, 44)",taxation,6,0.25,False,True,False
201,55-4,40686.453125,"(48, 35)",taxation,6,0.25,False,True,False
201,50-4,42474.59375,"(18, 41)",taxation,6,0.25,False,True,False
201,113-4,38853.296875,"(6, 23)",taxation,6,0.25,False,True,False
201,201-4,26211.203125,"(35, 27)",taxation,6,0.25,False,True,False
201,102-4,26176.59375,"(18, 35)",taxation,6,0.25,False,True,False
201,112-4,40666.46875,"(21, 43)",taxation,6,0.25,False,True,False
201,41-4,40685.5,"(16, 7)",taxation,6,0.25,False,True,False
201,78-4,35258.515625,"(17, 37)",taxation,6,0.25,False,True,False
201,203-4,44293.765625,"(18, 34)",taxation,6,0.25,False,True,False
201,247-4,33448.5625,"(17, 36)",taxation,6,0.25,False,True,False
201,32-4,40651.359375,"(24, 32)",taxation,6,0.25,False,True,False
201,115-4,40663.484375,"(5, 27)",taxation,6,0.25,False,True,False
201,33-4,29810.703125,"(46, 31)",taxation,6,0.25,False,True,False
201,202-4,42477.375,"(17, 40)",taxation,6,0.25,False,True,False
201,155-4,38865.828125,"(43, 28)",taxation,6,0.25,False,True,False
201,207-4,29810.109375,"(27, 0)",taxation,6,0.25,False,True,False
201,145-4,38863.75,"(37, 17)",taxation,6,0.25,False,True,False
201,132-4,40679.484375,"(48, 33)",taxation,6,0.25,False,True,False
201,166-4,35179.578125,"(19, 33)",taxation,6,0.25,False,True,False
201,100-4,37075.671875,"(7, 30)",taxation,6,0.25,False,True,False
201,116-4,40671.84375,"(48, 32)",taxation,6,0.25,False,True,False
201,19-4,38862.75,"(20, 10)",taxation,6,0.25,False,True,False
201,233-4,35181.828125,"(18, 44)",taxation,6,0.25,False,True,False
201,64-4,37006.5,"(48, 29)",taxation,6,0.25,False,True,False
201,186-4,35261.640625,"(31, 8)",taxation,6,0.25,False,True,False
201,103-4,37040.40625,"(18, 49)",taxation,6,0.25,False,True,False
201,163-4,44247.125,"(47, 25)",taxation,6,0.25,False,True,False
201,221-4,35188.21875,"(21, 11)",taxation,6,0.25,False,True,False
201,86-4,37030.875,"(15, 14)",taxation,6,0.25,False,True,False
201,57-4,33398.765625,"(19, 32)",taxation,6,0.25,False,True,False
202,120-3,56609.5,"(21, 40)",taxation,6,0.25,False,True,False
202,11-3,39740.1875,"(42, 29)",taxation,6,0.25,False,True,False
202,2-3,49409.8125,"(9, 28)",taxation,6,0.25,False,True,False
202,85-3,44569.75,"(3, 32)",taxation,6,0.25,False,True,False
202,188-3,49383.125,"(22, 16)",taxation,6,0.25,False,True,False
202,107-3,54152.875,"(16, 32)",taxation,6,0.25,False,True,False
202,96-3,56605.375,"(23, 21)",taxation,6,0.25,False,True,False
202,13-3,46976.6875,"(21, 20)",taxation,6,0.25,False,True,False
202,69-3,54142.875,"(19, 14)",taxation,6,0.25,False,True,False
202,184-3,49296.9375,"(0, 35)",taxation,6,0.25,False,True,False
202,237-3,39709.3125,"(40, 32)",taxation,6,0.25,False,True,False
202,90-3,44519.875,"(1, 31)",taxation,6,0.25,False,True,False
202,18-3,56592.3125,"(39, 21)",taxation,6,0.25,False,True,False
202,121-3,49371.0,"(14, 35)",taxation,6,0.25,False,True,False
202,30-3,56612.9375,"(36, 19)",taxation,6,0.25,False,True,False
202,97-3,39684.3125,"(5, 31)",taxation,6,0.25,False,True,False
202,229-3,54201.6875,"(22, 22)",taxation,6,0.25,False,True,False
202,27-3,44516.0625,"(4, 33)",taxation,6,0.25,False,True,False
202,117-3,44527.625,"(15, 37)",taxation,6,0.25,False,True,False
202,80-3,54162.625,"(24, 16)",taxation,6,0.25,False,True,False
202,160-3,44522.75,"(0, 33)",taxation,6,0.25,False,True,False
202,235-3,49333.9375,"(20, 11)",taxation,6,0.25,False,True,False
202,48-3,51705.5,"(0, 36)",taxation,6,0.25,False,True,False
202,88-3,49368.0,"(17, 1)",taxation,6,0.25,False,True,False
202,52-3,37313.4375,"(25, 2)",taxation,6,0.25,False,True,False
202,58-3,51735.875,"(21, 10)",taxation,6,0.25,False,True,False
202,248-3,49347.1875,"(14, 43)",taxation,6,0.25,False,True,False
202,108-3,27650.6875,"(49, 27)",taxation,6,0.25,False,True,False
202,82-3,51751.125,"(21, 26)",taxation,6,0.25,False,True,False
202,236-3,49352.9375,"(36, 25)",taxation,6,0.25,False,True,False
202,104-3,46979.125,"(16, 34)",taxation,6,0.25,False,True,False
202,152-3,51724.1875,"(2, 34)",taxation,6,0.25,False,True,False
202,109-3,49346.875,"(25, 0)",taxation,6,0.25,False,True,False
202,72-3,56571.875,"(15, 31)",taxation,6,0.25,False,True,False
202,127-3,51740.5,"(24, 6)",taxation,6,0.25,False,True,False
202,61-3,58993.1875,"(24, 4)",taxation,6,0.25,False,True,False
202,232-3,29970.6875,"(18, 19)",taxation,6,0.25,False,True,False
202,65-3,56558.9375,"(46, 21)",taxation,6,0.25,False,True,False
202,124-3,46894.1875,"(22, 31)",taxation,6,0.25,False,True,False
202,62-3,49326.125,"(2, 26)",taxation,6,0.25,False,True,False
202,59-3,44544.9375,"(19, 12)",taxation,6,0.25,False,True,False
202,89-3,51763.0625,"(25, 28)",taxation,6,0.25,False,True,False
202,26-3,39691.5625,"(2, 33)",taxation,6,0.25,False,True,False
202,14-3,13171.875,"(22, 24)",taxation,6,0.25,False,True,False
202,194-3,44510.625,"(19, 37)",taxation,6,0.25,False,True,False
202,37-3,51776.0625,"(45, 34)",taxation,6,0.25,False,True,False
202,36-3,37259.4375,"(13, 34)",taxation,6,0.25,False,True,False
202,7-3,37292.375,"(40, 26)",taxation,6,0.25,False,True,False
202,47-3,34830.3125,"(12, 41)",taxation,6,0.25,False,True,False
202,223-3,34867.5,"(42, 33)",taxation,6,0.25,False,True,False
202,129-3,46915.5,"(6, 28)",taxation,6,0.25,False,True,False
202,77-3,42086.125,"(46, 28)",taxation,6,0.25,False,True,False
202,43-3,49319.8125,"(20, 24)",taxation,6,0.25,False,True,False
202,128-3,54165.25,"(37, 24)",taxation,6,0.25,False,True,False
202,79-3,46911.1875,"(20, 13)",taxation,6,0.25,False,True,False
202,199-3,56533.25,"(20, 14)",taxation,6,0.25,False,True,False
202,136-3,39656.375,"(3, 29)",taxation,6,0.25,False,True,False
202,99-3,46885.9375,"(23, 26)",taxation,6,0.25,False,True,False
202,84-3,49329.625,"(22, 15)",taxation,6,0.25,False,True,False
202,123-3,56532.5625,"(1, 32)",taxation,6,0.25,False,True,False
202,119-3,49298.75,"(16, 36)",taxation,6,0.25,False,True,False
202,46-3,34833.5,"(22, 12)",taxation,6,0.25,False,True,False
202,190-3,49280.0625,"(11, 43)",taxation,6,0.25,False,True,False
202,215-3,54174.625,"(43, 21)",taxation,6,0.25,False,True,False
202,220-3,54145.25,"(26, 13)",taxation,6,0.25,False,True,False
202,157-3,46888.1875,"(3, 33)",taxation,6,0.25,False,True,False
202,245-3,54098.0625,"(42, 36)",taxation,6,0.25,False,True,False
202,195-3,22785.9375,"(15, 36)",taxation,6,0.25,False,True,False
202,15-3,44479.0625,"(18, 31)",taxation,6,0.25,False,True,False
202,224-3,42060.3125,"(16, 33)",taxation,6,0.25,False,True,False
202,87-3,49286.625,"(37, 21)",taxation,6,0.25,False,True,False
202,135-3,49272.0625,"(15, 35)",taxation,6,0.25,False,True,False
202,8-3,49322.25,"(16, 39)",taxation,6,0.25,False,True,False
202,227-3,54127.375,"(18, 2)",taxation,6,0.25,False,True,False
202,178-3,54109.1875,"(10, 34)",taxation,6,0.25,False,True,False
202,114-3,56544.3125,"(41, 31)",taxation,6,0.25,False,True,False
202,118-3,54061.625,"(35, 19)",taxation,6,0.25,False,True,False
202,244-3,56526.875,"(18, 0)",taxation,6,0.25,False,True,False
202,34-3,44453.5,"(25, 6)",taxation,6,0.25,False,True,False
202,60-3,51677.4375,"(16, 21)",taxation,6,0.25,False,True,False
202,218-3,56526.125,"(5, 32)",taxation,6,0.25,False,True,False
202,49-3,46897.875,"(20, 0)",taxation,6,0.25,False,True,False
202,185-3,49346.125,"(47, 30)",taxation,6,0.25,False,True,False
202,228-4,29359.9375,"(22, 18)",taxation,6,0.25,False,True,False
202,24-3,39694.125,"(48, 27)",taxation,6,0.25,False,True,False
202,9-3,42077.9375,"(38, 24)",taxation,6,0.25,False,True,False
202,39-3,34784.625,"(2, 36)",taxation,6,0.25,False,True,False
202,151-3,39607.1875,"(26, 16)",taxation,6,0.25,False,True,False
202,29-3,49310.9375,"(25, 18)",taxation,6,0.25,False,True,False
202,230-3,39638.0,"(42, 35)",taxation,6,0.25,False,True,False
202,131-3,49298.75,"(42, 32)",taxation,6,0.25,False,True,False
202,81-3,46904.6875,"(31, 14)",taxation,6,0.25,False,True,False
202,222-3,49263.125,"(16, 2)",taxation,6,0.25,False,True,False
202,171-3,49260.375,"(13, 43)",taxation,6,0.25,False,True,False
202,200-3,46877.5,"(22, 23)",taxation,6,0.25,False,True,False
202,238-3,49276.5,"(44, 36)",taxation,6,0.25,False,True,False
202,153-3,25151.25,"(22, 19)",taxation,6,0.25,False,True,False
202,197-3,39616.1875,"(25, 13)",taxation,6,0.25,False,True,False
202,139-4,44460.765625,"(22, 25)",taxation,6,0.25,False,True,False
202,204-3,54074.375,"(22, 20)",taxation,6,0.25,False,True,False
202,211-3,32348.8125,"(4, 32)",taxation,6,0.25,False,True,False
202,93-3,22739.0,"(36, 24)",taxation,6,0.25,False,True,False
202,101-3,49309.5625,"(24, 18)",taxation,6,0.25,False,True,False
202,213-3,49289.625,"(40, 33)",taxation,6,0.25,False,True,False
202,70-3,51678.0,"(12, 48)",taxation,6,0.25,False,True,False
202,239-3,49281.625,"(21, 25)",taxation,6,0.25,False,True,False
202,243-3,46852.125,"(11, 32)",taxation,6,0.25,False,True,False
202,192-3,44462.25,"(40, 34)",taxation,6,0.25,False,True,False
202,143-3,49274.3125,"(43, 31)",taxation,6,0.25,False,True,False
202,35-3,49272.875,"(41, 20)",taxation,6,0.25,False,True,False
202,3-3,29925.6875,"(12, 44)",taxation,6,0.25,False,True,False
202,181-3,49252.937500000015,"(25, 15)",taxation,6,0.25,False,True,False
202,105-3,44434.625,"(40, 27)",taxation,6,0.25,False,True,False
202,177-3,49317.3125,"(41, 23)",taxation,6,0.25,False,True,False
202,167-4,39002.734375,"(38, 21)",taxation,6,0.25,False,True,False
202,173-4,10697.8125,"(22, 14)",taxation,6,0.25,False,True,False
202,44-3,32372.0,"(39, 31)",taxation,6,0.25,False,True,False
202,216-3,54071.5,"(45, 33)",taxation,6,0.25,False,True,False
202,217-3,29964.375,"(23, 22)",taxation,6,0.25,False,True,False
202,138-3,51606.8125,"(21, 30)",taxation,6,0.25,False,True,False
202,75-4,35332.0625,"(14, 45)",taxation,6,0.25,False,True,False
202,74-4,43188.0,"(12, 43)",taxation,6,0.25,False,True,False
202,191-3,56466.5625,"(25, 14)",taxation,6,0.25,False,True,False
202,240-4,13047.3125,"(12, 34)",taxation,6,0.25,False,True,False
202,20-3,46860.75,"(19, 9)",taxation,6,0.25,False,True,False
202,159-3,39618.375,"(19, 19)",taxation,6,0.25,False,True,False
202,158-4,35959.0625,"(16, 19)",taxation,6,0.25,False,True,False
202,66-3,54096.8125,"(39, 26)",taxation,6,0.25,False,True,False
202,170-4,34224.734375,"(49, 30)",taxation,6,0.25,False,True,False
202,146-4,15489.3125,"(39, 29)",taxation,6,0.25,False,True,False
202,208-4,39594.703125,"(18, 21)",taxation,6,0.25,False,True,False
202,219-4,43203.3125,"(23, 28)",taxation,6,0.25,False,True,False
202,140-4,1008.0625,"(13, 40)",taxation,6,0.25,False,True,False
202,210-3,58892.5625,"(12, 46)",taxation,6,0.25,False,True,False
202,198-4,35385.71875,"(24, 19)",taxation,6,0.25,False,True,False
202,246-4,37203.3125,"(21, 29)",taxation,6,0.25,False,True,False
202,187-4,20284.1875,"(25, 4)",taxation,6,0.25,False,True,False
202,179-4,32408.53125,"(19, 3)",taxation,6,0.25,False,True,False
202,23-4,40172.5,"(25, 11)",taxation,6,0.25,False,True,False
202,31-4,44394.46875,"(11, 40)",taxation,6,0.25,False,True,False
202,150-3,41983.4375,"(25, 12)",taxation,6,0.25,False,True,False
202,12-3,46836.8125,"(21, 5)",taxation,6,0.25,False,True,False
202,98-4,20320.0625,"(20, 26)",taxation,6,0.25,False,True,False
202,126-3,49242.0625,"(46, 34)",taxation,6,0.25,False,True,False
202,176-4,1000.1875,"(14, 49)",taxation,6,0.25,False,True,False
202,28-4,34167.203125,"(41, 34)",taxation,6,0.25,False,True,False
202,154-4,17852.3125,"(8, 27)",taxation,6,0.25,False,True,False
202,40-4,40783.3125,"(12, 45)",taxation,6,0.25,False,True,False
202,1-4,28755.140625,"(15, 44)",taxation,6,0.25,False,True,False
202,76-4,37174.921875000015,"(20, 35)",taxation,6,0.25,False,True,False
202,67-3,37202.5625,"(37, 29)",taxation,6,0.25,False,True,False
202,182-4,38945.890625,"(17, 0)",taxation,6,0.25,False,True,False
202,241-4,35345.21875,"(16, 0)",taxation,6,0.25,False,True,False
202,149-4,33568.5625,"(15, 22)",taxation,6,0.25,False,True,False
202,17-4,40796.03125,"(17, 24)",taxation,6,0.25,False,True,False
202,0-4,26322.828125,"(21, 3)",taxation,6,0.25,False,True,False
202,22-4,42583.8125,"(26, 5)",taxation,6,0.25,False,True,False
202,10-4,38966.390625,"(18, 1)",taxation,6,0.25,False,True,False
202,242-4,17284.953125,"(48, 24)",taxation,6,0.25,False,True,False
202,142-4,24479.859375,"(19, 0)",taxation,6,0.25,False,True,False
202,189-4,33595.84375,"(36, 26)",taxation,6,0.25,False,True,False
202,63-4,35305.171875,"(22, 4)",taxation,6,0.25,False,True,False
202,165-4,44319.1875,"(21, 2)",taxation,6,0.25,False,True,False
202,94-4,13042.125,"(43, 29)",taxation,6,0.25,False,True,False
202,206-4,37741.328125,"(19, 1)",taxation,6,0.25,False,True,False
202,172-4,40732.484375,"(9, 37)",taxation,6,0.25,False,True,False
202,144-4,37169.90625,"(22, 28)",taxation,6,0.25,False,True,False
202,111-4,40728.515625,"(23, 13)",taxation,6,0.25,False,True,False
202,83-4,40730.671875,"(23, 7)",taxation,6,0.25,False,True,False
202,249-4,38983.5625,"(43, 35)",taxation,6,0.25,False,True,False
202,51-4,38952.40625,"(22, 5)",taxation,6,0.25,False,True,False
202,180-4,37132.265625,"(2, 29)",taxation,6,0.25,False,True,False
202,148-4,29876.953125,"(37, 25)",taxation,6,0.25,False,True,False
202,16-4,42560.34375,"(21, 28)",taxation,6,0.25,False,True,False
202,134-4,37130.25,"(25, 3)",taxation,6,0.25,False,True,False
202,73-4,38918.265625,"(24, 9)",taxation,6,0.25,False,True,False
202,54-4,37123.140625,"(24, 3)",taxation,6,0.25,False,True,False
202,38-4,38929.59375,"(24, 5)",taxation,6,0.25,False,True,False
202,6-4,42566.625,"(47, 24)",taxation,6,0.25,False,True,False
202,156-4,28044.96875,"(16, 41)",taxation,6,0.25,False,True,False
202,95-4,42559.65625,"(46, 30)",taxation,6,0.25,False,True,False
202,42-4,28133.21875,"(20, 25)",taxation,6,0.25,False,True,False
202,168-4,40743.15625,"(13, 48)",taxation,6,0.25,False,True,False
202,183-4,26272.796875,"(22, 26)",taxation,6,0.25,False,True,False
202,53-4,24442.765625,"(38, 19)",taxation,6,0.25,False,True,False
202,106-4,35316.859375,"(18, 23)",taxation,6,0.25,False,True,False
202,133-4,33517.1875,"(31, 13)",taxation,6,0.25,False,True,False
202,25-4,33501.6875,"(4, 34)",taxation,6,0.25,False,True,False
202,56-4,37135.171875,"(7, 28)",taxation,6,0.25,False,True,False
202,234-4,38873.34375,"(10, 28)",taxation,6,0.25,False,True,False
202,71-4,40741.203125,"(0, 28)",taxation,6,0.25,False,True,False
202,162-4,38907.15625,"(14, 36)",taxation,6,0.25,False,True,False
202,45-4,38902.109375,"(42, 34)",taxation,6,0.25,False,True,False
202,212-4,38959.609375,"(25, 1)",taxation,6,0.25,False,True,False
202,110-4,42519.3125,"(12, 47)",taxation,6,0.25,False,True,False
202,225-4,38925.421875,"(20, 34)",taxation,6,0.25,False,True,False
202,231-4,24446.109375,"(12, 49)",taxation,6,0.25,False,True,False
202,137-4,33489.53125,"(23, 27)",taxation,6,0.25,False,True,False
202,4-4,28067.515625,"(24, 15)",taxation,6,0.25,False,True,False
202,169-4,29861.4375,"(38, 31)",taxation,6,0.25,False,True,False
202,125-4,40680.125,"(45, 31)",taxation,6,0.25,False,True,False
202,122-4,31662.515625,"(23, 14)",taxation,6,0.25,False,True,False
202,226-4,37085.796875,"(21, 7)",taxation,6,0.25,False,True,False
202,5-4,17179.21875,"(37, 26)",taxation,6,0.25,False,True,False
202,209-4,42529.46875,"(14, 42)",taxation,6,0.25,False,True,False
202,205-4,19023.359375,"(26, 18)",taxation,6,0.25,False,True,False
202,130-4,40659.34375,"(19, 18)",taxation,6,0.25,False,True,False
202,91-4,40755.796875,"(16, 1)",taxation,6,0.25,False,True,False
202,214-4,24419.4375,"(40, 29)",taxation,6,0.25,False,True,False
202,196-4,26212.25,"(0, 31)",taxation,6,0.25,False,True,False
202,21-4,35263.015625,"(6, 31)",taxation,6,0.25,False,True,False
202,141-4,29881.53125,"(40, 21)",taxation,6,0.25,False,True,False
202,193-4,33458.84375,"(15, 46)",taxation,6,0.25,False,True,False
202,68-4,31662.984375,"(13, 49)",taxation,6,0.25,False,True,False
202,161-4,31646.875,"(22, 3)",taxation,6,0.25,False,True,False
202,147-4,37085.921875,"(21, 12)",taxation,6,0.25,False,True,False
202,175-4,31634.78125,"(13, 46)",taxation,6,0.25,False,True,False
202,55-4,40695.453125,"(43, 34)",taxation,6,0.25,False,True,False
202,50-4,42482.59375,"(13, 41)",taxation,6,0.25,False,True,False
202,113-4,38857.296875,"(8, 28)",taxation,6,0.25,False,True,False
202,201-4,26219.203125,"(36, 27)",taxation,6,0.25,False,True,False
202,102-4,26184.59375,"(22, 30)",taxation,6,0.25,False,True,False
202,112-4,40673.46875,"(15, 49)",taxation,6,0.25,False,True,False
202,41-4,40687.5,"(17, 9)",taxation,6,0.25,False,True,False
202,78-4,35266.515625,"(19, 35)",taxation,6,0.25,False,True,False
202,203-4,44301.765625,"(24, 28)",taxation,6,0.25,False,True,False
202,247-4,33456.5625,"(16, 35)",taxation,6,0.25,False,True,False
202,32-4,40659.359375,"(24, 29)",taxation,6,0.25,False,True,False
202,115-4,40670.484375,"(11, 33)",taxation,6,0.25,False,True,False
202,33-4,29818.703125,"(45, 32)",taxation,6,0.25,False,True,False
202,202-4,42485.375,"(12, 40)",taxation,6,0.25,False,True,False
202,155-4,38873.828125,"(40, 31)",taxation,6,0.25,False,True,False
202,207-4,29819.109375,"(26, 4)",taxation,6,0.25,False,True,False
202,145-4,38871.75,"(37, 19)",taxation,6,0.25,False,True,False
202,132-4,40688.484375,"(49, 31)",taxation,6,0.25,False,True,False
202,166-4,35187.578125,"(17, 33)",taxation,6,0.25,False,True,False
202,100-4,37082.671875,"(5, 36)",taxation,6,0.25,False,True,False
202,116-4,40673.84375,"(43, 36)",taxation,6,0.25,False,True,False
202,19-4,38871.75,"(25, 7)",taxation,6,0.25,False,True,False
202,233-4,35189.828125,"(13, 45)",taxation,6,0.25,False,True,False
202,64-4,37013.5,"(44, 26)",taxation,6,0.25,False,True,False
202,186-4,35270.640625,"(26, 6)",taxation,6,0.25,False,True,False
202,103-4,37048.40625,"(13, 47)",taxation,6,0.25,False,True,False
202,163-4,44256.125,"(46, 27)",taxation,6,0.25,False,True,False
202,221-4,35197.21875,"(25, 5)",taxation,6,0.25,False,True,False
202,86-4,37035.875,"(21, 15)",taxation,6,0.25,False,True,False
202,57-4,33407.765625,"(15, 34)",taxation,6,0.25,False,True,False
202,164-4,38875.828125,"(15, 40)",taxation,6,0.25,False,True,False
202,92-4,40647.1875,"(46, 26)",taxation,6,0.25,False,True,False
202,174-4,40662.84375,"(22, 27)",taxation,6,0.25,False,True,False
203,120-3,56615.5,"(22, 38)",taxation,6,0.25,False,True,False
203,85-3,44577.75,"(3, 37)",taxation,6,0.25,False,True,False
203,107-3,54159.875,"(11, 35)",taxation,6,0.25,False,True,False
203,96-3,56614.375,"(29, 16)",taxation,6,0.25,False,True,False
203,13-3,46984.6875,"(27, 20)",taxation,6,0.25,False,True,False
203,69-3,54149.875,"(25, 17)",taxation,6,0.25,False,True,False
203,184-3,49304.9375,"(0, 38)",taxation,6,0.25,False,True,False
203,237-3,39717.3125,"(35, 31)",taxation,6,0.25,False,True,False
203,90-3,44527.875,"(2, 37)",taxation,6,0.25,False,True,False
203,18-3,56600.3125,"(39, 16)",taxation,6,0.25,False,True,False
203,121-3,49378.0,"(12, 38)",taxation,6,0.25,False,True,False
203,30-3,56621.9375,"(36, 20)",taxation,6,0.25,False,True,False
203,97-3,39691.3125,"(8, 35)",taxation,6,0.25,False,True,False
203,229-3,54210.6875,"(27, 19)",taxation,6,0.25,False,True,False
203,27-3,44523.0625,"(3, 36)",taxation,6,0.25,False,True,False
203,117-3,44535.625,"(12, 42)",taxation,6,0.25,False,True,False
203,80-3,54171.625,"(27, 18)",taxation,6,0.25,False,True,False
203,160-3,44530.75,"(2, 39)",taxation,6,0.25,False,True,False
203,235-3,49340.9375,"(23, 17)",taxation,6,0.25,False,True,False
203,48-3,51713.5,"(1, 37)",taxation,6,0.25,False,True,False
203,88-3,49371.0,"(22, 7)",taxation,6,0.25,False,True,False
203,52-3,37322.4375,"(29, 1)",taxation,6,0.25,False,True,False
203,58-3,51742.875,"(27, 16)",taxation,6,0.25,False,True,False
203,248-3,49355.1875,"(8, 44)",taxation,6,0.25,False,True,False
203,108-3,27653.6875,"(49, 23)",taxation,6,0.25,False,True,False
203,82-3,51758.125,"(25, 26)",taxation,6,0.25,False,True,False
203,236-3,49361.9375,"(36, 28)",taxation,6,0.25,False,True,False
203,104-3,46988.125,"(10, 39)",taxation,6,0.25,False,True,False
203,152-3,51731.1875,"(0, 37)",taxation,6,0.25,False,True,False
203,109-3,49355.875,"(26, 1)",taxation,6,0.25,False,True,False
203,72-3,56577.875,"(15, 33)",taxation,6,0.25,False,True,False
203,127-3,51747.5,"(30, 6)",taxation,6,0.25,False,True,False
203,61-3,59001.1875,"(30, 2)",taxation,6,0.25,False,True,False
203,232-3,29978.6875,"(24, 23)",taxation,6,0.25,False,True,False
203,65-3,56567.9375,"(40, 20)",taxation,6,0.25,False,True,False
203,124-3,46901.1875,"(25, 30)",taxation,6,0.25,False,True,False
203,62-3,49331.125,"(4, 29)",taxation,6,0.25,False,True,False
203,59-3,44551.9375,"(24, 17)",taxation,6,0.25,False,True,False
203,26-3,39698.5625,"(5, 38)",taxation,6,0.25,False,True,False
203,14-3,13179.875,"(25, 20)",taxation,6,0.25,False,True,False
203,194-3,44517.625,"(19, 38)",taxation,6,0.25,False,True,False
203,37-3,51780.0625,"(39, 36)",taxation,6,0.25,False,True,False
203,36-3,37266.4375,"(9, 36)",taxation,6,0.25,False,True,False
203,7-3,37301.375,"(38, 20)",taxation,6,0.25,False,True,False
203,47-3,34839.3125,"(11, 41)",taxation,6,0.25,False,True,False
203,223-3,34873.5,"(37, 31)",taxation,6,0.25,False,True,False
203,129-3,46921.5,"(8, 30)",taxation,6,0.25,False,True,False
203,77-3,42089.125,"(46, 23)",taxation,6,0.25,False,True,False
203,43-3,49327.8125,"(25, 23)",taxation,6,0.25,False,True,False
203,128-3,54174.25,"(35, 22)",taxation,6,0.25,False,True,False
203,79-3,46919.1875,"(25, 16)",taxation,6,0.25,False,True,False
203,199-3,56540.25,"(23, 16)",taxation,6,0.25,False,True,False
203,136-3,39663.375,"(3, 35)",taxation,6,0.25,False,True,False
203,99-3,46893.9375,"(27, 29)",taxation,6,0.25,False,True,False
203,84-3,49338.625,"(28, 18)",taxation,6,0.25,False,True,False
203,123-3,56539.5625,"(4, 38)",taxation,6,0.25,False,True,False
203,119-3,49305.75,"(14, 38)",taxation,6,0.25,False,True,False
203,46-3,34840.5,"(27, 12)",taxation,6,0.25,False,True,False
203,190-3,49288.0625,"(7, 45)",taxation,6,0.25,False,True,False
203,215-3,54182.625,"(48, 19)",taxation,6,0.25,False,True,False
203,220-3,54154.25,"(29, 15)",taxation,6,0.25,False,True,False
203,157-3,46896.1875,"(1, 36)",taxation,6,0.25,False,True,False
203,245-3,54104.0625,"(37, 34)",taxation,6,0.25,False,True,False
203,195-3,22793.9375,"(10, 40)",taxation,6,0.25,False,True,False
203,15-3,44485.0625,"(20, 28)",taxation,6,0.25,False,True,False
203,224-3,42067.3125,"(21, 34)",taxation,6,0.25,False,True,False
203,87-3,49295.625,"(31, 17)",taxation,6,0.25,False,True,False
203,135-3,49279.0625,"(10, 38)",taxation,6,0.25,False,True,False
203,8-3,49329.25,"(12, 39)",taxation,6,0.25,False,True,False
203,227-3,54131.375,"(24, 7)",taxation,6,0.25,False,True,False
203,178-3,54117.1875,"(7, 39)",taxation,6,0.25,False,True,False
203,114-3,56552.3125,"(35, 26)",taxation,6,0.25,False,True,False
203,118-3,54070.625,"(35, 20)",taxation,6,0.25,False,True,False
203,244-3,56531.875,"(24, 2)",taxation,6,0.25,False,True,False
203,34-3,44462.5,"(30, 12)",taxation,6,0.25,False,True,False
203,60-3,51683.4375,"(18, 24)",taxation,6,0.25,False,True,False
203,218-3,56533.125,"(4, 36)",taxation,6,0.25,False,True,False
203,49-3,46906.875,"(26, 2)",taxation,6,0.25,False,True,False
203,185-3,49349.125,"(41, 32)",taxation,6,0.25,False,True,False
203,228-4,29366.9375,"(23, 18)",taxation,6,0.25,False,True,False
203,24-3,39697.125,"(46, 24)",taxation,6,0.25,False,True,False
203,9-3,42085.9375,"(35, 24)",taxation,6,0.25,False,True,False
203,39-3,34792.625,"(5, 40)",taxation,6,0.25,False,True,False
203,151-3,39616.1875,"(30, 16)",taxation,6,0.25,False,True,False
203,29-3,49319.9375,"(29, 17)",taxation,6,0.25,False,True,False
203,230-3,39644.0,"(36, 32)",taxation,6,0.25,False,True,False
203,131-3,49304.75,"(37, 32)",taxation,6,0.25,False,True,False
203,81-3,46913.6875,"(30, 14)",taxation,6,0.25,False,True,False
203,222-3,49266.125,"(19, 8)",taxation,6,0.25,False,True,False
203,171-3,49268.375,"(9, 46)",taxation,6,0.25,False,True,False
203,200-3,46886.5,"(26, 20)",taxation,6,0.25,False,True,False
203,238-3,49282.5,"(38, 30)",taxation,6,0.25,False,True,False
203,153-3,25158.25,"(24, 20)",taxation,6,0.25,False,True,False
203,197-3,39625.1875,"(29, 13)",taxation,6,0.25,False,True,False
203,139-4,44468.765625,"(27, 21)",taxation,6,0.25,False,True,False
203,204-3,54083.375,"(26, 19)",taxation,6,0.25,False,True,False
203,211-3,32357.8125,"(10, 37)",taxation,6,0.25,False,True,False
203,93-3,22748.0,"(37, 20)",taxation,6,0.25,False,True,False
203,101-3,49318.5625,"(30, 17)",taxation,6,0.25,False,True,False
203,213-3,49296.625,"(34, 30)",taxation,6,0.25,False,True,False
203,70-3,51686.0,"(7, 48)",taxation,6,0.25,False,True,False
203,239-3,49289.625,"(24, 26)",taxation,6,0.25,False,True,False
203,243-3,46859.125,"(8, 36)",taxation,6,0.25,False,True,False
203,192-3,44471.25,"(36, 29)",taxation,6,0.25,False,True,False
203,143-3,49278.3125,"(38, 36)",taxation,6,0.25,False,True,False
203,35-3,49280.875,"(38, 16)",taxation,6,0.25,False,True,False
203,3-3,29934.6875,"(11, 46)",taxation,6,0.25,False,True,False
203,181-3,49261.937500000015,"(28, 17)",taxation,6,0.25,False,True,False
203,105-3,44442.625,"(36, 23)",taxation,6,0.25,False,True,False
203,177-3,49325.3125,"(35, 23)",taxation,6,0.25,False,True,False
203,167-4,39010.734375,"(34, 21)",taxation,6,0.25,False,True,False
203,173-4,10705.8125,"(26, 17)",taxation,6,0.25,False,True,False
203,44-3,32380.0,"(34, 28)",taxation,6,0.25,False,True,False
203,216-3,54074.5,"(40, 36)",taxation,6,0.25,False,True,False
203,217-3,29972.375,"(29, 20)",taxation,6,0.25,False,True,False
203,138-3,51614.8125,"(23, 30)",taxation,6,0.25,False,True,False
203,75-4,35339.0625,"(15, 45)",taxation,6,0.25,False,True,False
203,74-4,43196.0,"(8, 45)",taxation,6,0.25,False,True,False
203,191-3,56475.5625,"(28, 16)",taxation,6,0.25,False,True,False
203,240-4,13054.3125,"(8, 37)",taxation,6,0.25,False,True,False
203,20-3,46866.75,"(24, 12)",taxation,6,0.25,False,True,False
203,159-3,39625.375,"(24, 21)",taxation,6,0.25,False,True,False
203,158-4,35965.0625,"(20, 19)",taxation,6,0.25,False,True,False
203,66-3,54105.8125,"(39, 20)",taxation,6,0.25,False,True,False
203,170-4,34226.734375,"(48, 28)",taxation,6,0.25,False,True,False
203,146-4,15497.3125,"(34, 25)",taxation,6,0.25,False,True,False
203,208-4,39602.703125,"(24, 27)",taxation,6,0.25,False,True,False
203,219-4,43211.3125,"(29, 22)",taxation,6,0.25,False,True,False
203,140-4,1016.0625,"(7, 44)",taxation,6,0.25,False,True,False
203,210-3,58900.5625,"(9, 47)",taxation,6,0.25,False,True,False
203,198-4,35394.71875,"(28, 19)",taxation,6,0.25,False,True,False
203,246-4,37211.3125,"(25, 29)",taxation,6,0.25,False,True,False
203,187-4,20293.1875,"(29, 2)",taxation,6,0.25,False,True,False
203,179-4,32413.53125,"(25, 8)",taxation,6,0.25,False,True,False
203,23-4,40181.5,"(30, 11)",taxation,6,0.25,False,True,False
203,31-4,44402.46875,"(6, 42)",taxation,6,0.25,False,True,False
203,150-3,41992.4375,"(28, 12)",taxation,6,0.25,False,True,False
203,12-3,46840.8125,"(23, 8)",taxation,6,0.25,False,True,False
203,98-4,20327.0625,"(24, 25)",taxation,6,0.25,False,True,False
203,126-3,49245.0625,"(41, 35)",taxation,6,0.25,False,True,False
203,176-4,1007.1875,"(14, 48)",taxation,6,0.25,False,True,False
203,28-4,34176.203125,"(36, 30)",taxation,6,0.25,False,True,False
203,154-4,17858.3125,"(10, 32)",taxation,6,0.25,False,True,False
203,40-4,40791.3125,"(8, 46)",taxation,6,0.25,False,True,False
203,1-4,28764.140625,"(11, 44)",taxation,6,0.25,False,True,False
203,76-4,37180.921875000015,"(20, 38)",taxation,6,0.25,False,True,False
203,67-3,37210.5625,"(34, 27)",taxation,6,0.25,False,True,False
203,182-4,38947.890625,"(20, 3)",taxation,6,0.25,False,True,False
203,241-4,35347.21875,"(18, 3)",taxation,6,0.25,False,True,False
203,149-4,33574.5625,"(19, 25)",taxation,6,0.25,False,True,False
203,17-4,40803.03125,"(23, 19)",taxation,6,0.25,False,True,False
203,0-4,26327.828125,"(26, 7)",taxation,6,0.25,False,True,False
203,22-4,42592.8125,"(31, 4)",taxation,6,0.25,False,True,False
203,10-4,38969.390625,"(24, 0)",taxation,6,0.25,False,True,False
203,242-4,17293.953125,"(46, 20)",taxation,6,0.25,False,True,False
203,142-4,24482.859375,"(23, 2)",taxation,6,0.25,False,True,False
203,189-4,33604.84375,"(34, 20)",taxation,6,0.25,False,True,False
203,63-4,35314.171875,"(26, 3)",taxation,6,0.25,False,True,False
203,165-4,44325.1875,"(27, 7)",taxation,6,0.25,False,True,False
203,94-4,13047.125,"(38, 33)",taxation,6,0.25,False,True,False
203,206-4,37744.328125,"(24, 1)",taxation,6,0.25,False,True,False
203,172-4,40740.484375,"(4, 37)",taxation,6,0.25,False,True,False
203,144-4,37177.90625,"(22, 29)",taxation,6,0.25,False,True,False
203,111-4,40737.515625,"(29, 14)",taxation,6,0.25,False,True,False
203,83-4,40736.671875,"(25, 10)",taxation,6,0.25,False,True,False
203,249-4,38987.5625,"(38, 35)",taxation,6,0.25,False,True,False
203,51-4,38961.40625,"(28, 11)",taxation,6,0.25,False,True,False
203,180-4,37138.265625,"(5, 33)",taxation,6,0.25,False,True,False
203,148-4,29884.953125,"(34, 24)",taxation,6,0.25,False,True,False
203,16-4,42569.34375,"(26, 29)",taxation,6,0.25,False,True,False
203,134-4,37138.25,"(31, 3)",taxation,6,0.25,False,True,False
203,73-4,38927.265625,"(29, 11)",taxation,6,0.25,False,True,False
203,54-4,37132.140625,"(30, 1)",taxation,6,0.25,False,True,False
203,38-4,38938.59375,"(30, 5)",taxation,6,0.25,False,True,False
203,6-4,42572.625,"(42, 18)",taxation,6,0.25,False,True,False
203,156-4,28051.96875,"(14, 41)",taxation,6,0.25,False,True,False
203,95-4,42562.65625,"(42, 24)",taxation,6,0.25,False,True,False
203,42-4,28140.21875,"(24, 24)",taxation,6,0.25,False,True,False
203,168-4,40751.15625,"(10, 48)",taxation,6,0.25,False,True,False
203,183-4,26280.796875,"(28, 21)",taxation,6,0.25,False,True,False
203,53-4,24450.765625,"(36, 17)",taxation,6,0.25,False,True,False
203,106-4,35323.859375,"(23, 20)",taxation,6,0.25,False,True,False
203,133-4,33526.1875,"(30, 13)",taxation,6,0.25,False,True,False
203,25-4,33509.6875,"(1, 38)",taxation,6,0.25,False,True,False
203,56-4,37141.171875,"(6, 32)",taxation,6,0.25,False,True,False
203,234-4,38879.34375,"(12, 30)",taxation,6,0.25,False,True,False
203,71-4,40747.203125,"(1, 33)",taxation,6,0.25,False,True,False
203,162-4,38916.15625,"(11, 42)",taxation,6,0.25,False,True,False
203,45-4,38907.109375,"(36, 34)",taxation,6,0.25,False,True,False
203,212-4,38968.609375,"(30, 0)",taxation,6,0.25,False,True,False
203,110-4,42527.3125,"(9, 48)",taxation,6,0.25,False,True,False
203,225-4,38932.421875,"(20, 39)",taxation,6,0.25,False,True,False
203,231-4,24454.109375,"(8, 49)",taxation,6,0.25,False,True,False
203,137-4,33497.53125,"(29, 21)",taxation,6,0.25,False,True,False
203,4-4,28076.515625,"(28, 15)",taxation,6,0.25,False,True,False
203,169-4,29869.4375,"(33, 28)",taxation,6,0.25,False,True,False
203,125-4,40684.125,"(39, 35)",taxation,6,0.25,False,True,False
203,122-4,31671.515625,"(27, 17)",taxation,6,0.25,False,True,False
203,226-4,37093.796875,"(27, 13)",taxation,6,0.25,False,True,False
203,5-4,17188.21875,"(36, 21)",taxation,6,0.25,False,True,False
203,209-4,42537.46875,"(13, 42)",taxation,6,0.25,False,True,False
203,205-4,19032.359375,"(29, 18)",taxation,6,0.25,False,True,False
203,130-4,40667.34375,"(25, 19)",taxation,6,0.25,False,True,False
203,91-4,40758.796875,"(19, 7)",taxation,6,0.25,False,True,False
203,214-4,24427.4375,"(35, 25)",taxation,6,0.25,False,True,False
203,196-4,26219.25,"(1, 35)",taxation,6,0.25,False,True,False
203,21-4,35270.015625,"(7, 35)",taxation,6,0.25,False,True,False
203,141-4,29889.53125,"(35, 21)",taxation,6,0.25,False,True,False
203,193-4,33466.84375,"(9, 49)",taxation,6,0.25,False,True,False
203,68-4,31670.984375,"(8, 48)",taxation,6,0.25,False,True,False
203,161-4,31650.875,"(28, 6)",taxation,6,0.25,False,True,False
203,147-4,37094.921875,"(27, 11)",taxation,6,0.25,False,True,False
203,175-4,31642.78125,"(7, 46)",taxation,6,0.25,False,True,False
203,55-4,40701.453125,"(37, 30)",taxation,6,0.25,False,True,False
203,50-4,42491.59375,"(11, 45)",taxation,6,0.25,False,True,False
203,113-4,38863.296875,"(7, 32)",taxation,6,0.25,False,True,False
203,201-4,26227.203125,"(34, 26)",taxation,6,0.25,False,True,False
203,102-4,26192.59375,"(25, 27)",taxation,6,0.25,False,True,False
203,112-4,40682.46875,"(11, 47)",taxation,6,0.25,False,True,False
203,41-4,40694.5,"(23, 15)",taxation,6,0.25,False,True,False
203,78-4,35274.515625,"(23, 31)",taxation,6,0.25,False,True,False
203,203-4,44309.765625,"(25, 25)",taxation,6,0.25,False,True,False
203,247-4,33462.5625,"(18, 38)",taxation,6,0.25,False,True,False
203,32-4,40667.359375,"(30, 23)",taxation,6,0.25,False,True,False
203,115-4,40678.484375,"(9, 39)",taxation,6,0.25,False,True,False
203,33-4,29821.703125,"(41, 36)",taxation,6,0.25,False,True,False
203,202-4,42493.375,"(7, 43)",taxation,6,0.25,False,True,False
203,155-4,38881.828125,"(35, 30)",taxation,6,0.25,False,True,False
203,207-4,29828.109375,"(29, 4)",taxation,6,0.25,False,True,False
203,145-4,38880.75,"(31, 16)",taxation,6,0.25,False,True,False
203,132-4,40690.484375,"(49, 28)",taxation,6,0.25,False,True,False
203,166-4,35195.578125,"(14, 34)",taxation,6,0.25,False,True,False
203,100-4,37090.671875,"(5, 42)",taxation,6,0.25,False,True,False
203,116-4,40678.84375,"(37, 35)",taxation,6,0.25,False,True,False
203,19-4,38880.75,"(27, 6)",taxation,6,0.25,False,True,False
203,233-4,35197.828125,"(13, 44)",taxation,6,0.25,False,True,False
203,64-4,37017.5,"(47, 20)",taxation,6,0.25,False,True,False
203,186-4,35279.640625,"(30, 4)",taxation,6,0.25,False,True,False
203,103-4,37056.40625,"(8, 47)",taxation,6,0.25,False,True,False
203,163-4,44259.125,"(44, 24)",taxation,6,0.25,False,True,False
203,221-4,35206.21875,"(31, 0)",taxation,6,0.25,False,True,False
203,86-4,37043.875,"(26, 14)",taxation,6,0.25,False,True,False
203,57-4,33414.765625,"(11, 36)",taxation,6,0.25,False,True,False
203,164-4,38882.828125,"(15, 43)",taxation,6,0.25,False,True,False
203,92-4,40656.1875,"(49, 21)",taxation,6,0.25,False,True,False
203,174-4,40669.84375,"(26, 27)",taxation,6,0.25,False,True,False
203,89-4,38828.296875,"(26, 28)",taxation,6,0.25,False,True,False
203,188-4,37043.34375,"(28, 20)",taxation,6,0.25,False,True,False
203,11-4,29808.890625,"(37, 33)",taxation,6,0.25,False,True,False
203,2-4,37061.859375,"(10, 33)",taxation,6,0.25,False,True,False
204,85-3,44586.75,"(5, 43)",taxation,6,0.25,False,True,False
204,107-3,54167.875,"(5, 41)",taxation,6,0.25,False,True,False
204,96-3,56623.375,"(33, 16)",taxation,6,0.25,False,True,False
204,13-3,46992.6875,"(29, 24)",taxation,6,0.25,False,True,False
204,69-3,54158.875,"(31, 20)",taxation,6,0.25,False,True,False
204,184-3,49312.9375,"(0, 40)",taxation,6,0.25,False,True,False
204,237-3,39726.3125,"(33, 26)",taxation,6,0.25,False,True,False
204,18-3,56609.3125,"(37, 15)",taxation,6,0.25,False,True,False
204,121-3,49385.0,"(11, 38)",taxation,6,0.25,False,True,False
204,30-3,56630.9375,"(34, 18)",taxation,6,0.25,False,True,False
204,97-3,39699.3125,"(6, 40)",taxation,6,0.25,False,True,False
204,229-3,54218.6875,"(28, 24)",taxation,6,0.25,False,True,False
204,27-3,44531.0625,"(3, 41)",taxation,6,0.25,False,True,False
204,117-3,44543.625,"(10, 47)",taxation,6,0.25,False,True,False
204,80-3,54180.625,"(32, 18)",taxation,6,0.25,False,True,False
204,160-3,44538.75,"(2, 41)",taxation,6,0.25,False,True,False
204,235-3,49348.9375,"(25, 21)",taxation,6,0.25,False,True,False
204,48-3,51721.5,"(0, 39)",taxation,6,0.25,False,True,False
204,88-3,49376.0,"(28, 8)",taxation,6,0.25,False,True,False
204,52-3,37330.4375,"(35, 6)",taxation,6,0.25,False,True,False
204,58-3,51750.875,"(33, 12)",taxation,6,0.25,False,True,False
204,248-3,49363.1875,"(2, 46)",taxation,6,0.25,False,True,False
204,108-3,27660.6875,"(46, 17)",taxation,6,0.25,False,True,False
204,82-3,51766.125,"(26, 25)",taxation,6,0.25,False,True,False
204,236-3,49369.9375,"(32, 28)",taxation,6,0.25,False,True,False
204,104-3,46996.125,"(7, 41)",taxation,6,0.25,False,True,False
204,152-3,51739.1875,"(1, 40)",taxation,6,0.25,False,True,False
204,109-3,49361.875,"(29, 6)",taxation,6,0.25,False,True,False
204,72-3,56584.875,"(12, 35)",taxation,6,0.25,False,True,False
204,127-3,51756.5,"(33, 2)",taxation,6,0.25,False,True,False
204,61-3,59009.1875,"(36, 0)",taxation,6,0.25,False,True,False
204,232-3,29986.6875,"(26, 23)",taxation,6,0.25,False,True,False
204,65-3,56576.9375,"(37, 16)",taxation,6,0.25,False,True,False
204,124-3,46909.1875,"(29, 28)",taxation,6,0.25,False,True,False
204,62-3,49338.125,"(3, 34)",taxation,6,0.25,False,True,False
204,59-3,44560.9375,"(30, 19)",taxation,6,0.25,False,True,False
204,26-3,39706.5625,"(1, 42)",taxation,6,0.25,False,True,False
204,14-3,13187.875,"(27, 23)",taxation,6,0.25,False,True,False
204,194-3,44525.625,"(14, 44)",taxation,6,0.25,False,True,False
204,37-3,51787.0625,"(33, 30)",taxation,6,0.25,False,True,False
204,36-3,37274.4375,"(6, 38)",taxation,6,0.25,False,True,False
204,7-3,37310.375,"(35, 17)",taxation,6,0.25,False,True,False
204,47-3,34848.3125,"(6, 47)",taxation,6,0.25,False,True,False
204,223-3,34882.5,"(32, 29)",taxation,6,0.25,False,True,False
204,129-3,46928.5,"(6, 35)",taxation,6,0.25,False,True,False
204,77-3,42095.125,"(43, 17)",taxation,6,0.25,False,True,False
204,43-3,49336.8125,"(30, 22)",taxation,6,0.25,False,True,False
204,128-3,54183.25,"(32, 21)",taxation,6,0.25,False,True,False
204,79-3,46929.1875,"(30, 15)",taxation,6,0.25,False,True,False
204,199-3,56547.25,"(21, 18)",taxation,6,0.25,False,True,False
204,136-3,39671.375,"(0, 41)",taxation,6,0.25,False,True,False
204,99-3,46902.9375,"(31, 24)",taxation,6,0.25,False,True,False
204,84-3,49346.625,"(28, 23)",taxation,6,0.25,False,True,False
204,123-3,56547.5625,"(4, 40)",taxation,6,0.25,False,True,False
204,119-3,49313.75,"(8, 43)",taxation,6,0.25,False,True,False
204,46-3,34849.5,"(33, 17)",taxation,6,0.25,False,True,False
204,190-3,49296.0625,"(3, 48)",taxation,6,0.25,False,True,False
204,215-3,54190.625,"(45, 14)",taxation,6,0.25,False,True,False
204,220-3,54162.25,"(34, 11)",taxation,6,0.25,False,True,False
204,157-3,46904.1875,"(1, 39)",taxation,6,0.25,False,True,False
204,245-3,54112.0625,"(34, 29)",taxation,6,0.25,False,True,False
204,195-3,22801.9375,"(9, 45)",taxation,6,0.25,False,True,False
204,15-3,44493.0625,"(26, 26)",taxation,6,0.25,False,True,False
204,224-3,42074.3125,"(25, 33)",taxation,6,0.25,False,True,False
204,87-3,49304.625,"(35, 15)",taxation,6,0.25,False,True,False
204,135-3,49287.0625,"(6, 41)",taxation,6,0.25,False,True,False
204,8-3,49337.25,"(7, 42)",taxation,6,0.25,False,True,False
204,227-3,54138.375,"(30, 8)",taxation,6,0.25,False,True,False
204,178-3,54125.1875,"(4, 42)",taxation,6,0.25,False,True,False
204,114-3,56561.3125,"(34, 23)",taxation,6,0.25,False,True,False
204,118-3,54079.625,"(34, 19)",taxation,6,0.25,False,True,False
204,244-3,56536.875,"(29, 5)",taxation,6,0.25,False,True,False
204,34-3,44470.5,"(35, 10)",taxation,6,0.25,False,True,False
204,60-3,51690.4375,"(20, 23)",taxation,6,0.25,False,True,False
204,218-3,56541.125,"(4, 41)",taxation,6,0.25,False,True,False
204,49-3,46911.875,"(29, 0)",taxation,6,0.25,False,True,False
204,185-3,49356.125,"(35, 29)",taxation,6,0.25,False,True,False
204,228-4,29375.9375,"(29, 19)",taxation,6,0.25,False,True,False
204,24-3,39705.125,"(40, 18)",taxation,6,0.25,False,True,False
204,9-3,42093.9375,"(31, 25)",taxation,6,0.25,False,True,False
204,39-3,34801.625,"(5, 44)",taxation,6,0.25,False,True,False
204,151-3,39625.1875,"(34, 15)",taxation,6,0.25,False,True,False
204,29-3,49328.9375,"(32, 19)",taxation,6,0.25,False,True,False
204,230-3,39652.0,"(31, 26)",taxation,6,0.25,False,True,False
204,131-3,49312.75,"(31, 29)",taxation,6,0.25,False,True,False
204,81-3,46921.6875,"(35, 11)",taxation,6,0.25,False,True,False
204,222-3,49271.125,"(24, 11)",taxation,6,0.25,False,True,False
204,171-3,49275.375,"(8, 42)",taxation,6,0.25,False,True,False
204,200-3,46895.5,"(30, 20)",taxation,6,0.25,False,True,False
204,238-3,49290.5,"(33, 27)",taxation,6,0.25,False,True,False
204,153-3,25166.25,"(26, 22)",taxation,6,0.25,False,True,False
204,197-3,39634.1875,"(34, 14)",taxation,6,0.25,False,True,False
204,139-4,44477.765625,"(31, 21)",taxation,6,0.25,False,True,False
204,204-3,54091.375,"(29, 23)",taxation,6,0.25,False,True,False
204,211-3,32365.8125,"(6, 39)",taxation,6,0.25,False,True,False
204,93-3,22757.0,"(36, 16)",taxation,6,0.25,False,True,False
204,101-3,49327.5625,"(32, 17)",taxation,6,0.25,False,True,False
204,213-3,49304.625,"(32, 30)",taxation,6,0.25,False,True,False
204,70-3,51694.0,"(10, 49)",taxation,6,0.25,False,True,False
204,239-3,49297.625,"(26, 24)",taxation,6,0.25,False,True,False
204,243-3,46867.125,"(2, 42)",taxation,6,0.25,False,True,False
204,192-3,44479.25,"(31, 28)",taxation,6,0.25,False,True,False
204,143-3,49284.3125,"(36, 36)",taxation,6,0.25,False,True,False
204,35-3,49289.875,"(38, 15)",taxation,6,0.25,False,True,False
204,3-3,29942.6875,"(15, 48)",taxation,6,0.25,False,True,False
204,181-3,49268.937500000015,"(22, 21)",taxation,6,0.25,False,True,False
204,105-3,44451.625,"(33, 18)",taxation,6,0.25,False,True,False
204,177-3,49334.3125,"(34, 22)",taxation,6,0.25,False,True,False
204,167-4,39019.734375,"(35, 16)",taxation,6,0.25,False,True,False
204,173-4,10713.8125,"(28, 22)",taxation,6,0.25,False,True,False
204,44-3,32388.0,"(32, 25)",taxation,6,0.25,False,True,False
204,216-3,54081.5,"(34, 32)",taxation,6,0.25,False,True,False
204,217-3,29982.375,"(31, 15)",taxation,6,0.25,False,True,False
204,138-3,51622.8125,"(28, 30)",taxation,6,0.25,False,True,False
204,75-4,35346.0625,"(19, 45)",taxation,6,0.25,False,True,False
204,74-4,43204.0,"(3, 47)",taxation,6,0.25,False,True,False
204,191-3,56484.5625,"(31, 18)",taxation,6,0.25,False,True,False
204,240-4,13063.3125,"(6, 43)",taxation,6,0.25,False,True,False
204,20-3,46875.75,"(30, 18)",taxation,6,0.25,False,True,False
204,159-3,39633.375,"(28, 25)",taxation,6,0.25,False,True,False
204,158-4,35973.0625,"(24, 22)",taxation,6,0.25,False,True,False
204,66-3,54114.8125,"(36, 15)",taxation,6,0.25,False,True,False
204,170-4,34230.734375,"(47, 23)",taxation,6,0.25,False,True,False
204,146-4,15505.3125,"(33, 25)",taxation,6,0.25,False,True,False
204,208-4,39610.703125,"(27, 25)",taxation,6,0.25,False,True,False
204,219-4,43220.3125,"(32, 22)",taxation,6,0.25,False,True,False
204,140-4,1025.0625,"(5, 45)",taxation,6,0.25,False,True,False
204,210-3,58907.5625,"(5, 49)",taxation,6,0.25,False,True,False
204,198-4,35403.71875,"(33, 19)",taxation,6,0.25,False,True,False
204,246-4,37219.3125,"(27, 27)",taxation,6,0.25,False,True,False
204,187-4,20301.1875,"(33, 0)",taxation,6,0.25,False,True,False
204,179-4,32421.53125,"(31, 6)",taxation,6,0.25,False,True,False
204,23-4,40190.5,"(35, 12)",taxation,6,0.25,False,True,False
204,31-4,44410.46875,"(1, 43)",taxation,6,0.25,False,True,False
204,150-3,42001.4375,"(33, 13)",taxation,6,0.25,False,True,False
204,12-3,46846.8125,"(29, 7)",taxation,6,0.25,False,True,False
204,98-4,20336.0625,"(30, 21)",taxation,6,0.25,False,True,False
204,126-3,49251.0625,"(36, 35)",taxation,6,0.25,False,True,False
204,176-4,1014.1875,"(16, 47)",taxation,6,0.25,False,True,False
204,28-4,34185.203125,"(32, 24)",taxation,6,0.25,False,True,False
204,154-4,17865.3125,"(8, 34)",taxation,6,0.25,False,True,False
204,40-4,40799.3125,"(2, 47)",taxation,6,0.25,False,True,False
204,1-4,28772.140625,"(15, 47)",taxation,6,0.25,False,True,False
204,76-4,37187.921875000015,"(23, 37)",taxation,6,0.25,False,True,False
204,67-3,37219.5625,"(33, 22)",taxation,6,0.25,False,True,False
204,182-4,38952.890625,"(25, 9)",taxation,6,0.25,False,True,False
204,241-4,35351.21875,"(20, 8)",taxation,6,0.25,False,True,False
204,149-4,33581.5625,"(19, 26)",taxation,6,0.25,False,True,False
204,17-4,40811.03125,"(25, 22)",taxation,6,0.25,False,True,False
204,0-4,26332.828125,"(28, 9)",taxation,6,0.25,False,True,False
204,22-4,42600.8125,"(34, 9)",taxation,6,0.25,False,True,False
204,10-4,38976.390625,"(30, 3)",taxation,6,0.25,False,True,False
204,242-4,17301.953125,"(46, 15)",taxation,6,0.25,False,True,False
204,142-4,24488.859375,"(29, 3)",taxation,6,0.25,False,True,False
204,189-4,33613.84375,"(33, 20)",taxation,6,0.25,False,True,False
204,63-4,35321.171875,"(31, 5)",taxation,6,0.25,False,True,False
204,165-4,44333.1875,"(33, 10)",taxation,6,0.25,False,True,False
204,94-4,13054.125,"(34, 31)",taxation,6,0.25,False,True,False
204,206-4,37752.328125,"(30, 7)",taxation,6,0.25,False,True,False
204,172-4,40748.484375,"(2, 40)",taxation,6,0.25,False,True,False
204,144-4,37185.90625,"(27, 28)",taxation,6,0.25,False,True,False
204,111-4,40746.515625,"(35, 14)",taxation,6,0.25,False,True,False
204,83-4,40743.671875,"(21, 16)",taxation,6,0.25,False,True,False
204,249-4,38995.5625,"(33, 31)",taxation,6,0.25,False,True,False
204,51-4,38970.40625,"(34, 12)",taxation,6,0.25,False,True,False
204,180-4,37145.265625,"(5, 34)",taxation,6,0.25,False,True,False
204,148-4,29892.953125,"(33, 24)",taxation,6,0.25,False,True,False
204,16-4,42577.34375,"(28, 28)",taxation,6,0.25,False,True,False
204,134-4,37146.25,"(34, 6)",taxation,6,0.25,False,True,False
204,73-4,38936.265625,"(34, 13)",taxation,6,0.25,False,True,False
204,54-4,37140.140625,"(36, 1)",taxation,6,0.25,False,True,False
204,38-4,38947.59375,"(31, 1)",taxation,6,0.25,False,True,False
204,6-4,42581.625,"(39, 15)",taxation,6,0.25,False,True,False
204,156-4,28059.96875,"(14, 47)",taxation,6,0.25,False,True,False
204,95-4,42570.65625,"(39, 19)",taxation,6,0.25,False,True,False
204,42-4,28148.21875,"(25, 24)",taxation,6,0.25,False,True,False
204,168-4,40758.15625,"(5, 48)",taxation,6,0.25,False,True,False
204,183-4,26289.796875,"(34, 16)",taxation,6,0.25,False,True,False
204,53-4,24459.765625,"(36, 14)",taxation,6,0.25,False,True,False
204,106-4,35331.859375,"(27, 24)",taxation,6,0.25,False,True,False
204,133-4,33535.1875,"(32, 16)",taxation,6,0.25,False,True,False
204,25-4,33517.6875,"(0, 42)",taxation,6,0.25,False,True,False
204,56-4,37149.171875,"(7, 36)",taxation,6,0.25,False,True,False
204,234-4,38886.34375,"(10, 35)",taxation,6,0.25,False,True,False
204,71-4,40754.203125,"(1, 34)",taxation,6,0.25,False,True,False
204,162-4,38925.15625,"(6, 46)",taxation,6,0.25,False,True,False
204,45-4,38915.109375,"(30, 29)",taxation,6,0.25,False,True,False
204,212-4,38978.609375,"(32, 0)",taxation,6,0.25,False,True,False
204,110-4,42536.3125,"(6, 48)",taxation,6,0.25,False,True,False
204,225-4,38939.421875,"(18, 39)",taxation,6,0.25,False,True,False
204,231-4,24462.109375,"(2, 49)",taxation,6,0.25,False,True,False
204,137-4,33506.53125,"(31, 22)",taxation,6,0.25,False,True,False
204,4-4,28085.515625,"(33, 15)",taxation,6,0.25,False,True,False
204,169-4,29877.4375,"(31, 27)",taxation,6,0.25,False,True,False
204,125-4,40691.125,"(33, 33)",taxation,6,0.25,False,True,False
204,122-4,31679.515625,"(27, 22)",taxation,6,0.25,False,True,False
204,226-4,37100.796875,"(22, 17)",taxation,6,0.25,False,True,False
204,5-4,17196.21875,"(36, 22)",taxation,6,0.25,False,True,False
204,209-4,42546.46875,"(7, 47)",taxation,6,0.25,False,True,False
204,205-4,19041.359375,"(35, 13)",taxation,6,0.25,False,True,False
204,130-4,40676.34375,"(31, 19)",taxation,6,0.25,False,True,False
204,91-4,40762.796875,"(18, 9)",taxation,6,0.25,False,True,False
204,214-4,24436.4375,"(33, 23)",taxation,6,0.25,False,True,False
204,196-4,26227.25,"(1, 41)",taxation,6,0.25,False,True,False
204,21-4,35278.015625,"(7, 37)",taxation,6,0.25,False,True,False
204,141-4,29898.53125,"(33, 21)",taxation,6,0.25,False,True,False
204,193-4,33475.84375,"(7, 49)",taxation,6,0.25,False,True,False
204,68-4,31678.984375,"(3, 49)",taxation,6,0.25,False,True,False
204,161-4,31659.875,"(31, 2)",taxation,6,0.25,False,True,False
204,147-4,37103.921875,"(33, 14)",taxation,6,0.25,False,True,False
204,175-4,31651.78125,"(5, 46)",taxation,6,0.25,False,True,False
204,55-4,40709.453125,"(35, 28)",taxation,6,0.25,False,True,False
204,50-4,42498.59375,"(9, 43)",taxation,6,0.25,False,True,False
204,113-4,38870.296875,"(7, 34)",taxation,6,0.25,False,True,False
204,201-4,26235.203125,"(32, 26)",taxation,6,0.25,False,True,False
204,102-4,26200.59375,"(28, 26)",taxation,6,0.25,False,True,False
204,112-4,40689.46875,"(9, 44)",taxation,6,0.25,False,True,False
204,41-4,40702.5,"(26, 21)",taxation,6,0.25,False,True,False
204,78-4,35282.515625,"(28, 27)",taxation,6,0.25,False,True,False
204,203-4,44318.765625,"(31, 23)",taxation,6,0.25,False,True,False
204,247-4,33469.5625,"(14, 39)",taxation,6,0.25,False,True,False
204,32-4,40676.359375,"(34, 17)",taxation,6,0.25,False,True,False
204,115-4,40687.484375,"(6, 44)",taxation,6,0.25,False,True,False
204,33-4,29828.703125,"(35, 32)",taxation,6,0.25,False,True,False
204,202-4,42502.375,"(6, 45)",taxation,6,0.25,False,True,False
204,155-4,38889.828125,"(30, 28)",taxation,6,0.25,False,True,False
204,207-4,29836.109375,"(34, 7)",taxation,6,0.25,False,True,False
204,145-4,38889.75,"(36, 13)",taxation,6,0.25,False,True,False
204,132-4,40694.484375,"(48, 23)",taxation,6,0.25,False,True,False
204,166-4,35202.578125,"(12, 36)",taxation,6,0.25,False,True,False
204,100-4,37098.671875,"(3, 42)",taxation,6,0.25,False,True,False
204,116-4,40685.84375,"(32, 32)",taxation,6,0.25,False,True,False
204,19-4,38888.75,"(33, 11)",taxation,6,0.25,False,True,False
204,233-4,35204.828125,"(9, 42)",taxation,6,0.25,False,True,False
204,64-4,37025.5,"(44, 14)",taxation,6,0.25,False,True,False
204,186-4,35287.640625,"(33, 7)",taxation,6,0.25,False,True,False
204,103-4,37065.40625,"(5, 47)",taxation,6,0.25,False,True,False
204,163-4,44264.125,"(44, 19)",taxation,6,0.25,False,True,False
204,221-4,35214.21875,"(34, 3)",taxation,6,0.25,False,True,False
204,86-4,37050.875,"(21, 17)",taxation,6,0.25,False,True,False
204,57-4,33421.765625,"(10, 36)",taxation,6,0.25,False,True,False
204,164-4,38890.828125,"(14, 46)",taxation,6,0.25,False,True,False
204,92-4,40663.1875,"(45, 17)",taxation,6,0.25,False,True,False
204,174-4,40677.84375,"(27, 26)",taxation,6,0.25,False,True,False
204,89-4,38837.296875,"(32, 23)",taxation,6,0.25,False,True,False
204,188-4,37052.34375,"(32, 20)",taxation,6,0.25,False,True,False
204,11-4,29816.890625,"(32, 31)",taxation,6,0.25,False,True,False
204,2-4,37068.859375,"(9, 35)",taxation,6,0.25,False,True,False
204,90-4,33401.90625,"(3, 39)",taxation,6,0.25,False,True,False
204,120-4,42466.875,"(17, 39)",taxation,6,0.25,False,True,False
205,85-3,44595.75,"(1, 45)",taxation,6,0.25,False,True,False
205,107-3,54174.875,"(8, 40)",taxation,6,0.25,False,True,False
205,96-3,56629.375,"(32, 10)",taxation,6,0.25,False,True,False
205,184-3,49314.9375,"(0, 36)",taxation,6,0.25,False,True,False
205,237-3,39735.3125,"(30, 26)",taxation,6,0.25,False,True,False
205,18-3,56618.3125,"(40, 15)",taxation,6,0.25,False,True,False
205,121-3,49392.0,"(11, 37)",taxation,6,0.25,False,True,False
205,30-3,56636.9375,"(40, 16)",taxation,6,0.25,False,True,False
205,229-3,54220.6875,"(25, 28)",taxation,6,0.25,False,True,False
205,27-3,44539.0625,"(3, 40)",taxation,6,0.25,False,True,False
205,117-3,44551.625,"(4, 48)",taxation,6,0.25,False,True,False
205,80-3,54186.625,"(38, 12)",taxation,6,0.25,False,True,False
205,160-3,44546.75,"(2, 44)",taxation,6,0.25,False,True,False
205,235-3,49355.9375,"(20, 18)",taxation,6,0.25,False,True,False
205,88-3,49382.0,"(29, 8)",taxation,6,0.25,False,True,False
205,52-3,37339.4375,"(38, 5)",taxation,6,0.25,False,True,False
205,248-3,49371.1875,"(2, 45)",taxation,6,0.25,False,True,False
205,108-3,27669.6875,"(43, 11)",taxation,6,0.25,False,True,False
205,82-3,51774.125,"(24, 31)",taxation,6,0.25,False,True,False
205,236-3,49377.9375,"(28, 31)",taxation,6,0.25,False,True,False
205,104-3,47004.125,"(7, 40)",taxation,6,0.25,False,True,False
205,152-3,51741.1875,"(2, 36)",taxation,6,0.25,False,True,False
205,109-3,49368.875,"(35, 0)",taxation,6,0.25,False,True,False
205,72-3,56591.875,"(12, 33)",taxation,6,0.25,False,True,False
205,127-3,51765.5,"(38, 2)",taxation,6,0.25,False,True,False
205,61-3,59018.1875,"(37, 0)",taxation,6,0.25,False,True,False
205,232-3,29990.6875,"(20, 17)",taxation,6,0.25,False,True,False
205,65-3,56583.9375,"(42, 12)",taxation,6,0.25,False,True,False
205,124-3,46917.1875,"(27, 32)",taxation,6,0.25,False,True,False
205,62-3,49346.125,"(0, 34)",taxation,6,0.25,False,True,False
205,59-3,44564.9375,"(27, 14)",taxation,6,0.25,False,True,False
205,26-3,39713.5625,"(2, 43)",taxation,6,0.25,False,True,False
205,14-3,13190.875,"(21, 27)",taxation,6,0.25,False,True,False
205,194-3,44532.625,"(15, 42)",taxation,6,0.25,False,True,False
205,37-3,51795.0625,"(33, 29)",taxation,6,0.25,False,True,False
205,36-3,37282.4375,"(2, 35)",taxation,6,0.25,False,True,False
205,7-3,37317.375,"(40, 11)",taxation,6,0.25,False,True,False
205,47-3,34856.3125,"(4, 47)",taxation,6,0.25,False,True,False
205,223-3,34890.5,"(28, 33)",taxation,6,0.25,False,True,False
205,129-3,46936.5,"(4, 35)",taxation,6,0.25,False,True,False
205,77-3,42103.125,"(46, 11)",taxation,6,0.25,False,True,False
205,43-3,49339.8125,"(36, 18)",taxation,6,0.25,False,True,False
205,128-3,54191.25,"(32, 27)",taxation,6,0.25,False,True,False
205,79-3,46936.1875,"(33, 9)",taxation,6,0.25,False,True,False
205,199-3,56555.25,"(21, 19)",taxation,6,0.25,False,True,False
205,136-3,39680.375,"(0, 46)",taxation,6,0.25,False,True,False
205,99-3,46905.9375,"(35, 27)",taxation,6,0.25,False,True,False
205,84-3,49354.625,"(23, 23)",taxation,6,0.25,False,True,False
205,123-3,56556.5625,"(1, 46)",taxation,6,0.25,False,True,False
205,119-3,49321.75,"(8, 41)",taxation,6,0.25,False,True,False
205,46-3,34855.5,"(32, 11)",taxation,6,0.25,False,True,False
205,190-3,49305.0625,"(1, 49)",taxation,6,0.25,False,True,False
205,215-3,54199.625,"(44, 12)",taxation,6,0.25,False,True,False
205,220-3,54170.25,"(37, 7)",taxation,6,0.25,False,True,False
205,157-3,46913.1875,"(0, 43)",taxation,6,0.25,False,True,False
205,245-3,54119.0625,"(36, 33)",taxation,6,0.25,False,True,False
205,195-3,22808.9375,"(10, 45)",taxation,6,0.25,False,True,False
205,15-3,44501.0625,"(23, 25)",taxation,6,0.25,False,True,False
205,224-3,42082.3125,"(26, 33)",taxation,6,0.25,False,True,False
205,87-3,49311.625,"(37, 10)",taxation,6,0.25,False,True,False
205,135-3,49295.0625,"(4, 39)",taxation,6,0.25,False,True,False
205,8-3,49345.25,"(13, 38)",taxation,6,0.25,False,True,False
205,227-3,54146.375,"(33, 6)",taxation,6,0.25,False,True,False
205,178-3,54133.1875,"(3, 45)",taxation,6,0.25,False,True,False
205,114-3,56565.3125,"(40, 22)",taxation,6,0.25,False,True,False
205,118-3,54085.625,"(40, 13)",taxation,6,0.25,False,True,False
205,244-3,56544.875,"(33, 3)",taxation,6,0.25,False,True,False
205,34-3,44478.5,"(39, 4)",taxation,6,0.25,False,True,False
205,60-3,51697.4375,"(19, 23)",taxation,6,0.25,False,True,False
205,218-3,56549.125,"(3, 38)",taxation,6,0.25,False,True,False
205,49-3,46918.875,"(34, 2)",taxation,6,0.25,False,True,False
205,185-3,49363.125,"(34, 34)",taxation,6,0.25,False,True,False
205,228-4,29380.9375,"(24, 13)",taxation,6,0.25,False,True,False
205,24-3,39712.125,"(43, 14)",taxation,6,0.25,False,True,False
205,9-3,42102.9375,"(30, 25)",taxation,6,0.25,False,True,False
205,39-3,34807.625,"(10, 41)",taxation,6,0.25,False,True,False
205,151-3,39631.1875,"(36, 9)",taxation,6,0.25,False,True,False
205,29-3,49333.9375,"(28, 13)",taxation,6,0.25,False,True,False
205,230-3,39660.0,"(30, 31)",taxation,6,0.25,False,True,False
205,131-3,49320.75,"(26, 32)",taxation,6,0.25,False,True,False
205,81-3,46930.6875,"(38, 9)",taxation,6,0.25,False,True,False
205,222-3,49278.125,"(19, 15)",taxation,6,0.25,False,True,False
205,171-3,49283.375,"(11, 39)",taxation,6,0.25,False,True,False
205,200-3,46900.5,"(24, 14)",taxation,6,0.25,False,True,False
205,238-3,49298.5,"(30, 32)",taxation,6,0.25,False,True,False
205,153-3,25174.25,"(20, 21)",taxation,6,0.25,False,True,False
205,197-3,39642.1875,"(37, 8)",taxation,6,0.25,False,True,False
205,139-4,44481.765625,"(27, 15)",taxation,6,0.25,False,True,False
205,204-3,54095.375,"(23, 29)",taxation,6,0.25,False,True,False
205,211-3,32373.8125,"(5, 39)",taxation,6,0.25,False,True,False
205,93-3,22766.0,"(41, 12)",taxation,6,0.25,False,True,False
205,101-3,49332.5625,"(32, 12)",taxation,6,0.25,False,True,False
205,213-3,49312.625,"(27, 33)",taxation,6,0.25,False,True,False
205,70-3,51701.0,"(11, 48)",taxation,6,0.25,False,True,False
205,239-3,49305.625,"(21, 22)",taxation,6,0.25,False,True,False
205,243-3,46875.125,"(1, 44)",taxation,6,0.25,False,True,False
205,192-3,44487.25,"(25, 32)",taxation,6,0.25,False,True,False
205,143-3,49292.3125,"(30, 33)",taxation,6,0.25,False,True,False
205,35-3,49298.875,"(41, 11)",taxation,6,0.25,False,True,False
205,3-3,29950.6875,"(19, 47)",taxation,6,0.25,False,True,False
205,181-3,49275.937500000015,"(19, 22)",taxation,6,0.25,False,True,False
205,105-3,44455.625,"(39, 18)",taxation,6,0.25,False,True,False
205,177-3,49339.3125,"(40, 17)",taxation,6,0.25,False,True,False
205,167-4,39028.734375,"(40, 12)",taxation,6,0.25,False,True,False
205,173-4,10715.8125,"(26, 18)",taxation,6,0.25,False,True,False
205,44-3,32392.0,"(36, 31)",taxation,6,0.25,False,True,False
205,216-3,54089.5,"(31, 31)",taxation,6,0.25,False,True,False
205,217-3,29989.375,"(34, 10)",taxation,6,0.25,False,True,False
205,138-3,51630.8125,"(27, 30)",taxation,6,0.25,False,True,False
205,75-4,35353.0625,"(23, 42)",taxation,6,0.25,False,True,False
205,74-4,43211.0,"(9, 41)",taxation,6,0.25,False,True,False
205,191-3,56489.5625,"(29, 12)",taxation,6,0.25,False,True,False
205,240-4,13072.3125,"(1, 47)",taxation,6,0.25,False,True,False
205,20-3,46884.75,"(30, 24)",taxation,6,0.25,False,True,False
205,159-3,39641.375,"(28, 29)",taxation,6,0.25,False,True,False
205,158-4,35981.0625,"(20, 22)",taxation,6,0.25,False,True,False
205,66-3,54123.8125,"(39, 10)",taxation,6,0.25,False,True,False
205,170-4,34236.734375,"(46, 19)",taxation,6,0.25,False,True,False
205,146-4,15513.3125,"(29, 31)",taxation,6,0.25,False,True,False
205,208-4,39619.703125,"(29, 26)",taxation,6,0.25,False,True,False
205,219-4,43224.3125,"(38, 17)",taxation,6,0.25,False,True,False
205,140-4,1034.0625,"(0, 49)",taxation,6,0.25,False,True,False
205,210-3,58915.5625,"(3, 46)",taxation,6,0.25,False,True,False
205,198-4,35408.71875,"(32, 13)",taxation,6,0.25,False,True,False
205,246-4,37228.3125,"(29, 27)",taxation,6,0.25,False,True,False
205,187-4,20310.1875,"(37, 1)",taxation,6,0.25,False,True,False
205,179-4,32429.53125,"(36, 7)",taxation,6,0.25,False,True,False
205,23-4,40200.5,"(37, 14)",taxation,6,0.25,False,True,False
205,31-4,44417.46875,"(3, 43)",taxation,6,0.25,False,True,False
205,150-3,42010.4375,"(39, 11)",taxation,6,0.25,False,True,False
205,12-3,46853.8125,"(34, 8)",taxation,6,0.25,False,True,False
205,98-4,20339.0625,"(35, 18)",taxation,6,0.25,False,True,False
205,126-3,49258.0625,"(35, 34)",taxation,6,0.25,False,True,False
205,176-4,1021.1875,"(20, 44)",taxation,6,0.25,False,True,False
205,28-4,34189.203125,"(37, 28)",taxation,6,0.25,False,True,False
205,154-4,17873.3125,"(5, 37)",taxation,6,0.25,False,True,False
205,40-4,40805.3125,"(4, 43)",taxation,6,0.25,False,True,False
205,1-4,28780.140625,"(16, 49)",taxation,6,0.25,False,True,False
205,76-4,37195.921875000015,"(26, 34)",taxation,6,0.25,False,True,False
205,67-3,37223.5625,"(39, 28)",taxation,6,0.25,False,True,False
205,182-4,38959.890625,"(20, 15)",taxation,6,0.25,False,True,False
205,241-4,35356.21875,"(20, 9)",taxation,6,0.25,False,True,False
205,149-4,33589.5625,"(21, 24)",taxation,6,0.25,False,True,False
205,17-4,40819.03125,"(23, 24)",taxation,6,0.25,False,True,False
205,0-4,26340.828125,"(34, 4)",taxation,6,0.25,False,True,False
205,22-4,42609.8125,"(38, 4)",taxation,6,0.25,False,True,False
205,10-4,38983.390625,"(36, 3)",taxation,6,0.25,False,True,False
205,242-4,17309.953125,"(45, 12)",taxation,6,0.25,False,True,False
205,142-4,24495.859375,"(35, 2)",taxation,6,0.25,False,True,False
205,189-4,33618.84375,"(39, 17)",taxation,6,0.25,False,True,False
205,63-4,35328.171875,"(35, 4)",taxation,6,0.25,False,True,False
205,165-4,44342.1875,"(38, 10)",taxation,6,0.25,False,True,False
205,94-4,13061.125,"(34, 33)",taxation,6,0.25,False,True,False
205,206-4,37760.328125,"(34, 5)",taxation,6,0.25,False,True,False
205,172-4,40757.484375,"(0, 44)",taxation,6,0.25,False,True,False
205,144-4,37193.90625,"(26, 30)",taxation,6,0.25,False,True,False
205,111-4,40755.515625,"(39, 12)",taxation,6,0.25,False,True,False
205,83-4,40751.671875,"(20, 20)",taxation,6,0.25,False,True,False
205,249-4,39002.5625,"(33, 34)",taxation,6,0.25,False,True,False
205,51-4,38977.40625,"(36, 6)",taxation,6,0.25,False,True,False
205,180-4,37153.265625,"(5, 35)",taxation,6,0.25,False,True,False
205,148-4,29897.953125,"(39, 30)",taxation,6,0.25,False,True,False
205,16-4,42585.34375,"(25, 31)",taxation,6,0.25,False,True,False
205,134-4,37155.25,"(38, 6)",taxation,6,0.25,False,True,False
205,73-4,38943.265625,"(36, 8)",taxation,6,0.25,False,True,False
205,54-4,37149.140625,"(37, 2)",taxation,6,0.25,False,True,False
205,38-4,38954.59375,"(36, 2)",taxation,6,0.25,False,True,False
205,6-4,42590.625,"(42, 11)",taxation,6,0.25,False,True,False
205,156-4,28067.96875,"(20, 45)",taxation,6,0.25,False,True,False
205,95-4,42579.65625,"(41, 16)",taxation,6,0.25,False,True,False
205,42-4,28156.21875,"(21, 23)",taxation,6,0.25,False,True,False
205,168-4,40765.15625,"(10, 42)",taxation,6,0.25,False,True,False
205,183-4,26296.796875,"(38, 11)",taxation,6,0.25,False,True,False
205,53-4,24469.765625,"(38, 14)",taxation,6,0.25,False,True,False
205,106-4,35340.859375,"(29, 25)",taxation,6,0.25,False,True,False
205,133-4,33541.1875,"(30, 10)",taxation,6,0.25,False,True,False
205,25-4,33526.6875,"(0, 45)",taxation,6,0.25,False,True,False
205,56-4,37156.171875,"(7, 33)",taxation,6,0.25,False,True,False
205,234-4,38894.34375,"(12, 37)",taxation,6,0.25,False,True,False
205,71-4,40761.203125,"(0, 32)",taxation,6,0.25,False,True,False
205,162-4,38932.15625,"(4, 44)",taxation,6,0.25,False,True,False
205,45-4,38923.109375,"(30, 30)",taxation,6,0.25,False,True,False
205,212-4,38987.609375,"(38, 0)",taxation,6,0.25,False,True,False
205,110-4,42542.3125,"(11, 49)",taxation,6,0.25,False,True,False
205,225-4,38947.421875,"(19, 43)",taxation,6,0.25,False,True,False
205,231-4,24471.109375,"(2, 48)",taxation,6,0.25,False,True,False
205,137-4,33510.53125,"(37, 27)",taxation,6,0.25,False,True,False
205,4-4,28091.515625,"(31, 10)",taxation,6,0.25,False,True,False
205,169-4,29885.4375,"(27, 31)",taxation,6,0.25,False,True,False
205,125-4,40700.125,"(30, 27)",taxation,6,0.25,False,True,False
205,122-4,31681.515625,"(23, 22)",taxation,6,0.25,False,True,False
205,226-4,37107.796875,"(19, 16)",taxation,6,0.25,False,True,False
205,5-4,17202.21875,"(42, 17)",taxation,6,0.25,False,True,False
205,209-4,42553.46875,"(10, 46)",taxation,6,0.25,False,True,False
205,205-4,19048.359375,"(41, 8)",taxation,6,0.25,False,True,False
205,130-4,40679.34375,"(32, 14)",taxation,6,0.25,False,True,False
205,91-4,40768.796875,"(18, 15)",taxation,6,0.25,False,True,False
205,214-4,24440.4375,"(39, 22)",taxation,6,0.25,False,True,False
205,196-4,26236.25,"(0, 47)",taxation,6,0.25,False,True,False
205,21-4,35286.015625,"(6, 37)",taxation,6,0.25,False,True,False
205,141-4,29902.53125,"(38, 18)",taxation,6,0.25,False,True,False
205,193-4,33483.84375,"(4, 49)",taxation,6,0.25,False,True,False
205,68-4,31685.984375,"(6, 49)",taxation,6,0.25,False,True,False
205,161-4,31667.875,"(34, 0)",taxation,6,0.25,False,True,False
205,147-4,37112.921875,"(39, 8)",taxation,6,0.25,False,True,False
205,175-4,31660.78125,"(0, 48)",taxation,6,0.25,False,True,False
205,55-4,40717.453125,"(31, 30)",taxation,6,0.25,False,True,False
205,50-4,42505.59375,"(10, 43)",taxation,6,0.25,False,True,False
205,113-4,38877.296875,"(6, 34)",taxation,6,0.25,False,True,False
205,201-4,26242.203125,"(31, 32)",taxation,6,0.25,False,True,False
205,102-4,26208.59375,"(29, 30)",taxation,6,0.25,False,True,False
205,112-4,40696.46875,"(10, 44)",taxation,6,0.25,False,True,False
205,41-4,40705.5,"(26, 15)",taxation,6,0.25,False,True,False
205,78-4,35290.515625,"(26, 31)",taxation,6,0.25,False,True,False
205,203-4,44321.765625,"(37, 23)",taxation,6,0.25,False,True,False
205,247-4,33477.5625,"(20, 43)",taxation,6,0.25,False,True,False
205,32-4,40682.359375,"(37, 11)",taxation,6,0.25,False,True,False
205,115-4,40696.484375,"(1, 48)",taxation,6,0.25,False,True,False
205,33-4,29835.703125,"(35, 33)",taxation,6,0.25,False,True,False
205,202-4,42510.375,"(4, 45)",taxation,6,0.25,False,True,False
205,155-4,38897.828125,"(28, 32)",taxation,6,0.25,False,True,False
205,207-4,29845.109375,"(38, 7)",taxation,6,0.25,False,True,False
205,145-4,38898.75,"(40, 10)",taxation,6,0.25,False,True,False
205,132-4,40700.484375,"(49, 19)",taxation,6,0.25,False,True,False
205,166-4,35209.578125,"(13, 35)",taxation,6,0.25,False,True,False
205,100-4,37106.671875,"(3, 44)",taxation,6,0.25,False,True,False
205,116-4,40693.84375,"(27, 34)",taxation,6,0.25,False,True,False
205,19-4,38897.75,"(38, 8)",taxation,6,0.25,False,True,False
205,233-4,35212.828125,"(8, 39)",taxation,6,0.25,False,True,False
205,64-4,37034.5,"(44, 11)",taxation,6,0.25,False,True,False
205,186-4,35296.640625,"(37, 9)",taxation,6,0.25,False,True,False
205,103-4,37073.40625,"(4, 46)",taxation,6,0.25,False,True,False
205,163-4,44271.125,"(48, 16)",taxation,6,0.25,False,True,False
205,221-4,35223.21875,"(38, 1)",taxation,6,0.25,False,True,False
205,86-4,37058.875,"(21, 21)",taxation,6,0.25,False,True,False
205,57-4,33428.765625,"(9, 34)",taxation,6,0.25,False,True,False
205,164-4,38897.828125,"(14, 40)",taxation,6,0.25,False,True,False
205,92-4,40672.1875,"(43, 12)",taxation,6,0.25,False,True,False
205,174-4,40685.84375,"(24, 30)",taxation,6,0.25,False,True,False
205,89-4,38841.296875,"(38, 29)",taxation,6,0.25,False,True,False
205,188-4,37055.34375,"(32, 15)",taxation,6,0.25,False,True,False
205,11-4,29824.890625,"(29, 32)",taxation,6,0.25,False,True,False
205,2-4,37076.859375,"(6, 36)",taxation,6,0.25,False,True,False
205,90-4,33408.90625,"(9, 40)",taxation,6,0.25,False,True,False
205,120-4,42474.875,"(13, 39)",taxation,6,0.25,False,True,False
205,48-4,38797.125,"(2, 38)",taxation,6,0.25,False,True,False
205,69-4,40622.90625,"(28, 14)",taxation,6,0.25,False,True,False
205,97-4,29780.484375,"(7, 38)",taxation,6,0.25,False,True,False
205,13-4,35250.515625,"(29, 29)",taxation,6,0.25,False,True,False
205,58-4,38819.90625,"(39, 9)",taxation,6,0.25,False,True,False
206,96-3,56637.375,"(36, 5)",taxation,6,0.25,False,True,False
206,184-3,49318.9375,"(2, 31)",taxation,6,0.25,False,True,False
206,18-3,56626.3125,"(45, 9)",taxation,6,0.25,False,True,False
206,30-3,56644.9375,"(46, 12)",taxation,6,0.25,False,True,False
206,229-3,54228.6875,"(19, 34)",taxation,6,0.25,False,True,False
206,80-3,54195.625,"(44, 7)",taxation,6,0.25,False,True,False
206,160-3,44553.75,"(8, 38)",taxation,6,0.25,False,True,False
206,235-3,49363.9375,"(16, 24)",taxation,6,0.25,False,True,False
206,88-3,49389.0,"(33, 5)",taxation,6,0.25,False,True,False
206,248-3,49373.1875,"(8, 46)",taxation,6,0.25,False,True,False
206,108-3,27678.6875,"(43, 8)",taxation,6,0.25,False,True,False
206,82-3,51782.125,"(24, 36)",taxation,6,0.25,False,True,False
206,236-3,49384.9375,"(29, 37)",taxation,6,0.25,False,True,False
206,104-3,47007.125,"(11, 40)",taxation,6,0.25,False,True,False
206,152-3,51748.1875,"(7, 31)",taxation,6,0.25,False,True,False
206,109-3,49377.875,"(40, 0)",taxation,6,0.25,False,True,False
206,72-3,56599.875,"(11, 30)",taxation,6,0.25,False,True,False
206,127-3,51774.5,"(41, 0)",taxation,6,0.25,False,True,False
206,61-3,59027.1875,"(43, 1)",taxation,6,0.25,False,True,False
206,232-3,29998.6875,"(17, 22)",taxation,6,0.25,False,True,False
206,65-3,56592.9375,"(48, 8)",taxation,6,0.25,False,True,False
206,124-3,46925.1875,"(27, 38)",taxation,6,0.25,False,True,False
206,62-3,49354.125,"(6, 30)",taxation,6,0.25,False,True,False
206,59-3,44570.9375,"(27, 10)",taxation,6,0.25,False,True,False
206,26-3,39715.5625,"(5, 40)",taxation,6,0.25,False,True,False
206,14-3,13198.875,"(17, 28)",taxation,6,0.25,False,True,False
206,194-3,44540.625,"(21, 38)",taxation,6,0.25,False,True,False
206,37-3,51801.0625,"(35, 35)",taxation,6,0.25,False,True,False
206,36-3,37290.4375,"(2, 32)",taxation,6,0.25,False,True,False
206,7-3,37326.375,"(45, 5)",taxation,6,0.25,False,True,False
206,47-3,34858.3125,"(9, 47)",taxation,6,0.25,False,True,False
206,223-3,34898.5,"(29, 35)",taxation,6,0.25,False,True,False
206,129-3,46944.5,"(4, 31)",taxation,6,0.25,False,True,False
206,77-3,42112.125,"(49, 9)",taxation,6,0.25,False,True,False
206,43-3,49346.8125,"(42, 13)",taxation,6,0.25,False,True,False
206,128-3,54198.25,"(31, 33)",taxation,6,0.25,False,True,False
206,79-3,46944.1875,"(37, 4)",taxation,6,0.25,False,True,False
206,199-3,56562.25,"(17, 21)",taxation,6,0.25,False,True,False
206,136-3,39682.375,"(5, 42)",taxation,6,0.25,False,True,False
206,99-3,46911.9375,"(33, 32)",taxation,6,0.25,False,True,False
206,84-3,49362.625,"(17, 26)",taxation,6,0.25,False,True,False
206,123-3,56557.5625,"(3, 47)",taxation,6,0.25,False,True,False
206,119-3,49328.75,"(13, 36)",taxation,6,0.25,False,True,False
206,46-3,34862.5,"(32, 5)",taxation,6,0.25,False,True,False
206,190-3,49307.0625,"(7, 48)",taxation,6,0.25,False,True,False
206,215-3,54208.625,"(48, 9)",taxation,6,0.25,False,True,False
206,220-3,54179.25,"(41, 6)",taxation,6,0.25,False,True,False
206,157-3,46915.1875,"(1, 38)",taxation,6,0.25,False,True,False
206,245-3,54126.0625,"(37, 36)",taxation,6,0.25,False,True,False
206,195-3,22815.9375,"(16, 45)",taxation,6,0.25,False,True,False
206,15-3,44509.0625,"(18, 28)",taxation,6,0.25,False,True,False
206,224-3,42090.3125,"(28, 37)",taxation,6,0.25,False,True,False
206,87-3,49319.625,"(40, 5)",taxation,6,0.25,False,True,False
206,135-3,49300.0625,"(9, 33)",taxation,6,0.25,False,True,False
206,8-3,49353.25,"(13, 32)",taxation,6,0.25,False,True,False
206,227-3,54154.375,"(37, 6)",taxation,6,0.25,False,True,False
206,178-3,54135.1875,"(7, 45)",taxation,6,0.25,False,True,False
206,114-3,56572.3125,"(44, 17)",taxation,6,0.25,False,True,False
206,118-3,54094.625,"(44, 8)",taxation,6,0.25,False,True,False
206,244-3,56552.875,"(37, 3)",taxation,6,0.25,False,True,False
206,34-3,44487.5,"(44, 1)",taxation,6,0.25,False,True,False
206,60-3,51705.4375,"(15, 29)",taxation,6,0.25,False,True,False
206,218-3,56557.125,"(8, 32)",taxation,6,0.25,False,True,False
206,49-3,46926.875,"(36, 4)",taxation,6,0.25,False,True,False
206,185-3,49371.125,"(34, 36)",taxation,6,0.25,False,True,False
206,228-4,29387.9375,"(30, 9)",taxation,6,0.25,False,True,False
206,24-3,39721.125,"(47, 9)",taxation,6,0.25,False,True,False
206,9-3,42105.9375,"(36, 25)",taxation,6,0.25,False,True,False
206,39-3,34814.625,"(15, 39)",taxation,6,0.25,False,True,False
206,151-3,39639.1875,"(41, 5)",taxation,6,0.25,False,True,False
206,29-3,49340.9375,"(31, 7)",taxation,6,0.25,False,True,False
206,230-3,39668.0,"(32, 35)",taxation,6,0.25,False,True,False
206,131-3,49328.75,"(24, 35)",taxation,6,0.25,False,True,False
206,81-3,46939.6875,"(44, 3)",taxation,6,0.25,False,True,False
206,222-3,49286.125,"(18, 18)",taxation,6,0.25,False,True,False
206,171-3,49287.375,"(16, 38)",taxation,6,0.25,False,True,False
206,200-3,46907.5,"(29, 9)",taxation,6,0.25,False,True,False
206,238-3,49306.5,"(33, 36)",taxation,6,0.25,False,True,False
206,153-3,25182.25,"(15, 27)",taxation,6,0.25,False,True,False
206,197-3,39651.1875,"(43, 3)",taxation,6,0.25,False,True,False
206,139-4,44488.765625,"(31, 9)",taxation,6,0.25,False,True,False
206,204-3,54103.375,"(23, 34)",taxation,6,0.25,False,True,False
206,211-3,32381.8125,"(6, 33)",taxation,6,0.25,False,True,False
206,93-3,22775.0,"(47, 7)",taxation,6,0.25,False,True,False
206,101-3,49339.5625,"(35, 8)",taxation,6,0.25,False,True,False
206,213-3,49320.625,"(26, 36)",taxation,6,0.25,False,True,False
206,70-3,51708.0,"(16, 48)",taxation,6,0.25,False,True,False
206,239-3,49313.625,"(16, 23)",taxation,6,0.25,False,True,False
206,243-3,46877.125,"(2, 39)",taxation,6,0.25,False,True,False
206,192-3,44495.25,"(26, 37)",taxation,6,0.25,False,True,False
206,143-3,49300.3125,"(30, 34)",taxation,6,0.25,False,True,False
206,35-3,49307.875,"(47, 6)",taxation,6,0.25,False,True,False
206,3-3,29957.6875,"(21, 42)",taxation,6,0.25,False,True,False
206,181-3,49283.937500000015,"(14, 27)",taxation,6,0.25,False,True,False
206,105-3,44462.625,"(43, 16)",taxation,6,0.25,False,True,False
206,177-3,49347.3125,"(46, 13)",taxation,6,0.25,False,True,False
206,167-4,39037.734375,"(45, 6)",taxation,6,0.25,False,True,False
206,173-4,10720.8125,"(22, 13)",taxation,6,0.25,False,True,False
206,44-3,32400.0,"(32, 34)",taxation,6,0.25,False,True,False
206,216-3,54097.5,"(32, 37)",taxation,6,0.25,False,True,False
206,217-3,29997.375,"(40, 6)",taxation,6,0.25,False,True,False
206,138-3,51636.8125,"(25, 34)",taxation,6,0.25,False,True,False
206,75-4,35361.0625,"(23, 40)",taxation,6,0.25,False,True,False
206,74-4,43218.0,"(15, 38)",taxation,6,0.25,False,True,False
206,191-3,56496.5625,"(32, 7)",taxation,6,0.25,False,True,False
206,240-4,13074.3125,"(7, 46)",taxation,6,0.25,False,True,False
206,20-3,46887.75,"(36, 24)",taxation,6,0.25,False,True,False
206,159-3,39649.375,"(30, 35)",taxation,6,0.25,False,True,False
206,158-4,35988.0625,"(16, 25)",taxation,6,0.25,False,True,False
206,66-3,54132.8125,"(45, 8)",taxation,6,0.25,False,True,False
206,170-4,34244.734375,"(48, 15)",taxation,6,0.25,False,True,False
206,146-4,15521.3125,"(31, 36)",taxation,6,0.25,False,True,False
206,208-4,39624.703125,"(23, 32)",taxation,6,0.25,False,True,False
206,219-4,43231.3125,"(42, 16)",taxation,6,0.25,False,True,False
206,140-4,1035.0625,"(2, 49)",taxation,6,0.25,False,True,False
206,210-3,58917.5625,"(8, 47)",taxation,6,0.25,False,True,False
206,198-4,35415.71875,"(35, 7)",taxation,6,0.25,False,True,False
206,246-4,37233.3125,"(24, 33)",taxation,6,0.25,False,True,False
206,187-4,20319.1875,"(42, 0)",taxation,6,0.25,False,True,False
206,179-4,32438.53125,"(42, 6)",taxation,6,0.25,False,True,False
206,23-4,40207.5,"(43, 15)",taxation,6,0.25,False,True,False
206,31-4,44420.46875,"(9, 37)",taxation,6,0.25,False,True,False
206,150-3,42019.4375,"(43, 7)",taxation,6,0.25,False,True,False
206,12-3,46862.8125,"(39, 3)",taxation,6,0.25,False,True,False
206,98-4,20346.0625,"(41, 13)",taxation,6,0.25,False,True,False
206,126-3,49265.0625,"(35, 37)",taxation,6,0.25,False,True,False
206,176-4,1029.1875,"(24, 43)",taxation,6,0.25,False,True,False
206,28-4,34195.203125,"(38, 34)",taxation,6,0.25,False,True,False
206,154-4,17880.3125,"(9, 32)",taxation,6,0.25,False,True,False
206,40-4,40807.3125,"(7, 43)",taxation,6,0.25,False,True,False
206,1-4,28786.140625,"(17, 49)",taxation,6,0.25,False,True,False
206,76-4,37203.921875000015,"(26, 35)",taxation,6,0.25,False,True,False
206,67-3,37229.5625,"(39, 34)",taxation,6,0.25,False,True,False
206,182-4,38966.890625,"(16, 16)",taxation,6,0.25,False,True,False
206,241-4,35362.21875,"(18, 10)",taxation,6,0.25,False,True,False
206,149-4,33597.5625,"(18, 25)",taxation,6,0.25,False,True,False
206,17-4,40827.03125,"(17, 25)",taxation,6,0.25,False,True,False
206,0-4,26348.828125,"(39, 1)",taxation,6,0.25,False,True,False
206,22-4,42618.8125,"(44, 2)",taxation,6,0.25,False,True,False
206,10-4,38991.390625,"(38, 3)",taxation,6,0.25,False,True,False
206,242-4,17318.953125,"(48, 11)",taxation,6,0.25,False,True,False
206,142-4,24503.859375,"(39, 2)",taxation,6,0.25,False,True,False
206,189-4,33626.84375,"(43, 13)",taxation,6,0.25,False,True,False
206,63-4,35337.171875,"(41, 4)",taxation,6,0.25,False,True,False
206,165-4,44351.1875,"(43, 6)",taxation,6,0.25,False,True,False
206,94-4,13069.125,"(28, 38)",taxation,6,0.25,False,True,False
206,206-4,37769.328125,"(40, 4)",taxation,6,0.25,False,True,False
206,172-4,40759.484375,"(0, 38)",taxation,6,0.25,False,True,False
206,144-4,37201.90625,"(28, 34)",taxation,6,0.25,False,True,False
206,111-4,40764.515625,"(42, 7)",taxation,6,0.25,False,True,False
206,83-4,40758.671875,"(16, 22)",taxation,6,0.25,False,True,False
206,249-4,39010.5625,"(33, 35)",taxation,6,0.25,False,True,False
206,51-4,38986.40625,"(41, 2)",taxation,6,0.25,False,True,False
206,180-4,37161.265625,"(9, 31)",taxation,6,0.25,False,True,False
206,148-4,29905.953125,"(35, 36)",taxation,6,0.25,False,True,False
206,16-4,42593.34375,"(23, 36)",taxation,6,0.25,False,True,False
206,134-4,37164.25,"(42, 2)",taxation,6,0.25,False,True,False
206,73-4,38951.265625,"(42, 5)",taxation,6,0.25,False,True,False
206,54-4,37158.140625,"(40, 3)",taxation,6,0.25,False,True,False
206,38-4,38963.59375,"(42, 1)",taxation,6,0.25,False,True,False
206,6-4,42599.625,"(46, 6)",taxation,6,0.25,False,True,False
206,156-4,28075.96875,"(24, 42)",taxation,6,0.25,False,True,False
206,95-4,42587.65625,"(45, 13)",taxation,6,0.25,False,True,False
206,42-4,28164.21875,"(17, 23)",taxation,6,0.25,False,True,False
206,168-4,40772.15625,"(16, 44)",taxation,6,0.25,False,True,False
206,183-4,26304.796875,"(44, 6)",taxation,6,0.25,False,True,False
206,53-4,24477.765625,"(42, 8)",taxation,6,0.25,False,True,False
206,106-4,35343.859375,"(24, 28)",taxation,6,0.25,False,True,False
206,133-4,33548.1875,"(32, 6)",taxation,6,0.25,False,True,False
206,25-4,33528.6875,"(6, 42)",taxation,6,0.25,False,True,False
206,56-4,37164.171875,"(7, 29)",taxation,6,0.25,False,True,False
206,234-4,38902.34375,"(14, 37)",taxation,6,0.25,False,True,False
206,71-4,40768.203125,"(2, 27)",taxation,6,0.25,False,True,False
206,162-4,38934.15625,"(8, 44)",taxation,6,0.25,False,True,False
206,45-4,38931.109375,"(32, 36)",taxation,6,0.25,False,True,False
206,212-4,38996.609375,"(43, 0)",taxation,6,0.25,False,True,False
206,110-4,42549.3125,"(16, 46)",taxation,6,0.25,False,True,False
206,225-4,38955.421875,"(22, 40)",taxation,6,0.25,False,True,False
206,231-4,24472.109375,"(3, 48)",taxation,6,0.25,False,True,False
206,137-4,33516.53125,"(39, 33)",taxation,6,0.25,False,True,False
206,4-4,28099.515625,"(37, 5)",taxation,6,0.25,False,True,False
206,169-4,29893.4375,"(25, 36)",taxation,6,0.25,False,True,False
206,125-4,40706.125,"(32, 33)",taxation,6,0.25,False,True,False
206,122-4,31689.515625,"(18, 22)",taxation,6,0.25,False,True,False
206,226-4,37114.796875,"(15, 18)",taxation,6,0.25,False,True,False
206,5-4,17210.21875,"(47, 14)",taxation,6,0.25,False,True,False
206,209-4,42557.46875,"(16, 42)",taxation,6,0.25,False,True,False
206,205-4,19057.359375,"(44, 5)",taxation,6,0.25,False,True,False
206,130-4,40686.34375,"(29, 10)",taxation,6,0.25,False,True,False
206,91-4,40775.796875,"(15, 17)",taxation,6,0.25,False,True,False
206,214-4,24447.4375,"(44, 18)",taxation,6,0.25,False,True,False
206,196-4,26237.25,"(2, 47)",taxation,6,0.25,False,True,False
206,21-4,35294.015625,"(12, 31)",taxation,6,0.25,False,True,False
206,141-4,29910.53125,"(44, 13)",taxation,6,0.25,False,True,False
206,193-4,33485.84375,"(8, 49)",taxation,6,0.25,False,True,False
206,68-4,31688.984375,"(12, 49)",taxation,6,0.25,False,True,False
206,161-4,31676.875,"(40, 1)",taxation,6,0.25,False,True,False
206,147-4,37121.921875,"(43, 5)",taxation,6,0.25,False,True,False
206,175-4,31661.78125,"(2, 46)",taxation,6,0.25,False,True,False
206,55-4,40725.453125,"(29, 33)",taxation,6,0.25,False,True,False
206,50-4,42511.59375,"(16, 40)",taxation,6,0.25,False,True,False
206,113-4,38885.296875,"(6, 29)",taxation,6,0.25,False,True,False
206,201-4,26250.203125,"(31, 34)",taxation,6,0.25,False,True,False
206,102-4,26216.59375,"(31, 35)",taxation,6,0.25,False,True,False
206,112-4,40703.46875,"(15, 41)",taxation,6,0.25,False,True,False
206,41-4,40711.5,"(26, 10)",taxation,6,0.25,False,True,False
206,78-4,35298.515625,"(29, 34)",taxation,6,0.25,False,True,False
206,203-4,44328.765625,"(43, 18)",taxation,6,0.25,False,True,False
206,247-4,33485.5625,"(23, 41)",taxation,6,0.25,False,True,False
206,32-4,40690.359375,"(41, 7)",taxation,6,0.25,False,True,False
206,115-4,40698.484375,"(7, 44)",taxation,6,0.25,False,True,False
206,33-4,29843.703125,"(29, 38)",taxation,6,0.25,False,True,False
206,202-4,42512.375,"(8, 45)",taxation,6,0.25,False,True,False
206,155-4,38905.828125,"(30, 36)",taxation,6,0.25,False,True,False
206,207-4,29854.109375,"(42, 4)",taxation,6,0.25,False,True,False
206,145-4,38907.75,"(45, 4)",taxation,6,0.25,False,True,False
206,132-4,40708.484375,"(49, 14)",taxation,6,0.25,False,True,False
206,166-4,35217.578125,"(14, 31)",taxation,6,0.25,False,True,False
206,100-4,37112.671875,"(9, 38)",taxation,6,0.25,False,True,False
206,116-4,40701.84375,"(27, 36)",taxation,6,0.25,False,True,False
206,19-4,38906.75,"(43, 2)",taxation,6,0.25,False,True,False
206,233-4,35220.828125,"(14, 33)",taxation,6,0.25,False,True,False
206,64-4,37043.5,"(48, 10)",taxation,6,0.25,False,True,False
206,186-4,35305.640625,"(43, 4)",taxation,6,0.25,False,True,False
206,103-4,37075.40625,"(9, 46)",taxation,6,0.25,False,True,False
206,163-4,44279.125,"(49, 15)",taxation,6,0.25,False,True,False
206,221-4,35232.21875,"(41, 1)",taxation,6,0.25,False,True,False
206,86-4,37066.875,"(16, 27)",taxation,6,0.25,False,True,False
206,57-4,33436.765625,"(10, 30)",taxation,6,0.25,False,True,False
206,164-4,38904.828125,"(16, 43)",taxation,6,0.25,False,True,False
206,92-4,40681.1875,"(49, 10)",taxation,6,0.25,False,True,False
206,174-4,40692.84375,"(23, 35)",taxation,6,0.25,False,True,False
206,89-4,38849.296875,"(34, 35)",taxation,6,0.25,False,True,False
206,188-4,37061.34375,"(32, 9)",taxation,6,0.25,False,True,False
206,11-4,29832.890625,"(26, 38)",taxation,6,0.25,False,True,False
206,2-4,37084.859375,"(9, 30)",taxation,6,0.25,False,True,False
206,90-4,33416.90625,"(13, 37)",taxation,6,0.25,False,True,False
206,120-4,42482.875,"(13, 33)",taxation,6,0.25,False,True,False
206,48-4,38801.125,"(8, 33)",taxation,6,0.25,False,True,False
206,69-4,40629.90625,"(33, 8)",taxation,6,0.25,False,True,False
206,97-4,29784.484375,"(12, 32)",taxation,6,0.25,False,True,False
206,13-4,35257.515625,"(25, 35)",taxation,6,0.25,False,True,False
206,58-4,38828.90625,"(44, 4)",taxation,6,0.25,False,True,False
206,52-4,28011.328125,"(42, 3)",taxation,6,0.25,False,True,False
206,117-4,33415.21875,"(8, 48)",taxation,6,0.25,False,True,False
206,27-4,33406.546875,"(5, 36)",taxation,6,0.25,False,True,False
206,121-4,37050.0,"(13, 31)",taxation,6,0.25,False,True,False
206,107-4,40635.65625,"(11, 34)",taxation,6,0.25,False,True,False
206,85-4,33448.3125,"(7, 39)",taxation,6,0.25,False,True,False
206,237-4,29804.484375,"(24, 32)",taxation,6,0.25,False,True,False
207,184-3,49326.9375,"(0, 26)",taxation,6,0.25,False,True,False
207,30-3,56652.9375,"(45, 11)",taxation,6,0.25,False,True,False
207,229-3,54236.6875,"(17, 31)",taxation,6,0.25,False,True,False
207,80-3,54203.625,"(45, 10)",taxation,6,0.25,False,True,False
207,160-3,44561.75,"(14, 32)",taxation,6,0.25,False,True,False
207,235-3,49371.9375,"(12, 22)",taxation,6,0.25,False,True,False
207,88-3,49396.0,"(32, 4)",taxation,6,0.25,False,True,False
207,248-3,49377.1875,"(12, 45)",taxation,6,0.25,False,True,False
207,108-3,27686.6875,"(48, 5)",taxation,6,0.25,False,True,False
207,82-3,51791.125,"(24, 39)",taxation,6,0.25,False,True,False
207,236-3,49392.9375,"(29, 40)",taxation,6,0.25,False,True,False
207,104-3,47012.125,"(16, 37)",taxation,6,0.25,False,True,False
207,152-3,51756.1875,"(7, 27)",taxation,6,0.25,False,True,False
207,109-3,49385.875,"(45, 0)",taxation,6,0.25,False,True,False
207,72-3,56607.875,"(11, 31)",taxation,6,0.25,False,True,False
207,127-3,51782.5,"(47, 2)",taxation,6,0.25,False,True,False
207,61-3,59036.1875,"(49, 1)",taxation,6,0.25,False,True,False
207,232-3,30006.6875,"(14, 24)",taxation,6,0.25,False,True,False
207,65-3,56600.9375,"(48, 4)",taxation,6,0.25,False,True,False
207,124-3,46933.1875,"(28, 41)",taxation,6,0.25,False,True,False
207,62-3,49363.125,"(9, 29)",taxation,6,0.25,False,True,False
207,59-3,44577.9375,"(28, 10)",taxation,6,0.25,False,True,False
207,26-3,39718.5625,"(4, 38)",taxation,6,0.25,False,True,False
207,14-3,13207.875,"(14, 29)",taxation,6,0.25,False,True,False
207,194-3,44548.625,"(27, 43)",taxation,6,0.25,False,True,False
207,37-3,51809.0625,"(37, 37)",taxation,6,0.25,False,True,False
207,36-3,37297.4375,"(1, 26)",taxation,6,0.25,False,True,False
207,7-3,37336.375,"(49, 6)",taxation,6,0.25,False,True,False
207,47-3,34862.3125,"(13, 49)",taxation,6,0.25,False,True,False
207,223-3,34906.5,"(30, 39)",taxation,6,0.25,False,True,False
207,129-3,46952.5,"(5, 26)",taxation,6,0.25,False,True,False
207,77-3,42120.125,"(47, 11)",taxation,6,0.25,False,True,False
207,43-3,49354.8125,"(45, 15)",taxation,6,0.25,False,True,False
207,128-3,54206.25,"(35, 39)",taxation,6,0.25,False,True,False
207,79-3,46952.1875,"(35, 1)",taxation,6,0.25,False,True,False
207,199-3,56570.25,"(13, 20)",taxation,6,0.25,False,True,False
207,136-3,39685.375,"(5, 38)",taxation,6,0.25,False,True,False
207,99-3,46919.9375,"(35, 38)",taxation,6,0.25,False,True,False
207,84-3,49370.625,"(15, 25)",taxation,6,0.25,False,True,False
207,123-3,56560.5625,"(9, 48)",taxation,6,0.25,False,True,False
207,119-3,49336.75,"(15, 32)",taxation,6,0.25,False,True,False
207,46-3,34870.5,"(35, 5)",taxation,6,0.25,False,True,False
207,190-3,49311.0625,"(12, 47)",taxation,6,0.25,False,True,False
207,215-3,54217.625,"(47, 8)",taxation,6,0.25,False,True,False
207,220-3,54187.25,"(43, 9)",taxation,6,0.25,False,True,False
207,157-3,46919.1875,"(2, 34)",taxation,6,0.25,False,True,False
207,245-3,54134.0625,"(37, 38)",taxation,6,0.25,False,True,False
207,195-3,22821.9375,"(19, 46)",taxation,6,0.25,False,True,False
207,15-3,44517.0625,"(16, 31)",taxation,6,0.25,False,True,False
207,224-3,42098.3125,"(30, 41)",taxation,6,0.25,False,True,False
207,87-3,49327.625,"(40, 7)",taxation,6,0.25,False,True,False
207,135-3,49308.0625,"(9, 27)",taxation,6,0.25,False,True,False
207,8-3,49361.25,"(15, 30)",taxation,6,0.25,False,True,False
207,227-3,54161.375,"(41, 9)",taxation,6,0.25,False,True,False
207,178-3,54139.1875,"(13, 45)",taxation,6,0.25,False,True,False
207,114-3,56580.3125,"(46, 16)",taxation,6,0.25,False,True,False
207,118-3,54104.625,"(48, 7)",taxation,6,0.25,False,True,False
207,244-3,56560.875,"(33, 1)",taxation,6,0.25,False,True,False
207,34-3,44496.5,"(49, 2)",taxation,6,0.25,False,True,False
207,60-3,51713.4375,"(14, 25)",taxation,6,0.25,False,True,False
207,218-3,56564.125,"(14, 26)",taxation,6,0.25,False,True,False
207,49-3,46933.875,"(32, 1)",taxation,6,0.25,False,True,False
207,185-3,49379.125,"(34, 39)",taxation,6,0.25,False,True,False
207,228-4,29395.9375,"(32, 3)",taxation,6,0.25,False,True,False
207,24-3,39730.125,"(49, 3)",taxation,6,0.25,False,True,False
207,9-3,42112.9375,"(41, 21)",taxation,6,0.25,False,True,False
207,39-3,34821.625,"(20, 36)",taxation,6,0.25,False,True,False
207,151-3,39647.1875,"(46, 3)",taxation,6,0.25,False,True,False
207,29-3,49347.9375,"(28, 7)",taxation,6,0.25,False,True,False
207,230-3,39676.0,"(32, 39)",taxation,6,0.25,False,True,False
207,131-3,49335.75,"(23, 38)",taxation,6,0.25,False,True,False
207,81-3,46947.6875,"(47, 3)",taxation,6,0.25,False,True,False
207,222-3,49294.125,"(14, 18)",taxation,6,0.25,False,True,False
207,171-3,49293.375,"(18, 36)",taxation,6,0.25,False,True,False
207,200-3,46914.5,"(27, 9)",taxation,6,0.25,False,True,False
207,238-3,49314.5,"(33, 40)",taxation,6,0.25,False,True,False
207,153-3,25190.25,"(11, 24)",taxation,6,0.25,False,True,False
207,197-3,39661.1875,"(47, 5)",taxation,6,0.25,False,True,False
207,139-4,44495.765625,"(26, 9)",taxation,6,0.25,False,True,False
207,204-3,54110.375,"(22, 35)",taxation,6,0.25,False,True,False
207,211-3,32387.8125,"(5, 29)",taxation,6,0.25,False,True,False
207,93-3,22784.0,"(49, 5)",taxation,6,0.25,False,True,False
207,101-3,49346.5625,"(39, 7)",taxation,6,0.25,False,True,False
207,213-3,49328.625,"(29, 42)",taxation,6,0.25,False,True,False
207,70-3,51715.0,"(21, 48)",taxation,6,0.25,False,True,False
207,239-3,49321.625,"(13, 24)",taxation,6,0.25,False,True,False
207,243-3,46881.125,"(4, 34)",taxation,6,0.25,False,True,False
207,192-3,44504.25,"(27, 39)",taxation,6,0.25,False,True,False
207,143-3,49308.3125,"(35, 40)",taxation,6,0.25,False,True,False
207,35-3,49314.875,"(41, 10)",taxation,6,0.25,False,True,False
207,3-3,29965.6875,"(26, 45)",taxation,6,0.25,False,True,False
207,181-3,49291.937500000015,"(13, 26)",taxation,6,0.25,False,True,False
207,105-3,44471.625,"(47, 13)",taxation,6,0.25,False,True,False
207,177-3,49356.3125,"(49, 13)",taxation,6,0.25,False,True,False
207,167-4,39046.734375,"(45, 7)",taxation,6,0.25,False,True,False
207,173-4,10727.8125,"(24, 10)",taxation,6,0.25,False,True,False
207,44-3,32408.0,"(33, 39)",taxation,6,0.25,False,True,False
207,216-3,54105.5,"(34, 40)",taxation,6,0.25,False,True,False
207,217-3,30005.375,"(44, 10)",taxation,6,0.25,False,True,False
207,138-3,51643.8125,"(27, 37)",taxation,6,0.25,False,True,False
207,75-4,35369.0625,"(20, 40)",taxation,6,0.25,False,True,False
207,74-4,43225.0,"(20, 37)",taxation,6,0.25,False,True,False
207,191-3,56503.5625,"(28, 5)",taxation,6,0.25,False,True,False
207,240-4,13078.3125,"(12, 43)",taxation,6,0.25,False,True,False
207,20-3,46894.75,"(42, 21)",taxation,6,0.25,False,True,False
207,159-3,39657.375,"(31, 40)",taxation,6,0.25,False,True,False
207,158-4,35996.0625,"(12, 21)",taxation,6,0.25,False,True,False
207,66-3,54141.8125,"(49, 11)",taxation,6,0.25,False,True,False
207,170-4,34253.734375,"(48, 13)",taxation,6,0.25,False,True,False
207,146-4,15529.3125,"(32, 41)",taxation,6,0.25,False,True,False
207,208-4,39631.703125,"(18, 30)",taxation,6,0.25,False,True,False
207,219-4,43239.3125,"(44, 16)",taxation,6,0.25,False,True,False
207,140-4,1037.0625,"(5, 49)",taxation,6,0.25,False,True,False
207,210-3,58921.5625,"(13, 47)",taxation,6,0.25,False,True,False
207,198-4,35424.71875,"(40, 2)",taxation,6,0.25,False,True,False
207,246-4,37241.3125,"(29, 39)",taxation,6,0.25,False,True,False
207,187-4,20321.1875,"(36, 0)",taxation,6,0.25,False,True,False
207,179-4,32447.53125,"(48, 2)",taxation,6,0.25,False,True,False
207,23-4,40216.5,"(46, 10)",taxation,6,0.25,False,True,False
207,31-4,44427.46875,"(8, 31)",taxation,6,0.25,False,True,False
207,150-3,42028.4375,"(46, 8)",taxation,6,0.25,False,True,False
207,12-3,46870.8125,"(45, 2)",taxation,6,0.25,False,True,False
207,98-4,20354.0625,"(47, 16)",taxation,6,0.25,False,True,False
207,126-3,49273.0625,"(36, 38)",taxation,6,0.25,False,True,False
207,176-4,1037.1875,"(26, 43)",taxation,6,0.25,False,True,False
207,28-4,34203.203125,"(36, 39)",taxation,6,0.25,False,True,False
207,154-4,17888.3125,"(7, 26)",taxation,6,0.25,False,True,False
207,40-4,40811.3125,"(13, 43)",taxation,6,0.25,False,True,False
207,1-4,28793.140625,"(21, 47)",taxation,6,0.25,False,True,False
207,76-4,37211.921875000015,"(29, 41)",taxation,6,0.25,False,True,False
207,67-3,37237.5625,"(38, 37)",taxation,6,0.25,False,True,False
207,182-4,38974.890625,"(14, 19)",taxation,6,0.25,False,True,False
207,241-4,35369.21875,"(17, 11)",taxation,6,0.25,False,True,False
207,149-4,33605.5625,"(16, 26)",taxation,6,0.25,False,True,False
207,17-4,40836.03125,"(13, 29)",taxation,6,0.25,False,True,False
207,0-4,26357.828125,"(39, 0)",taxation,6,0.25,False,True,False
207,22-4,42619.8125,"(39, 4)",taxation,6,0.25,False,True,False
207,10-4,38999.390625,"(34, 1)",taxation,6,0.25,False,True,False
207,242-4,17326.953125,"(47, 15)",taxation,6,0.25,False,True,False
207,142-4,24513.859375,"(44, 0)",taxation,6,0.25,False,True,False
207,189-4,33635.84375,"(47, 12)",taxation,6,0.25,False,True,False
207,63-4,35344.171875,"(42, 9)",taxation,6,0.25,False,True,False
207,165-4,44358.1875,"(42, 10)",taxation,6,0.25,False,True,False
207,94-4,13077.125,"(28, 40)",taxation,6,0.25,False,True,False
207,206-4,37777.328125,"(46, 2)",taxation,6,0.25,False,True,False
207,172-4,40763.484375,"(0, 35)",taxation,6,0.25,False,True,False
207,144-4,37209.90625,"(32, 40)",taxation,6,0.25,False,True,False
207,111-4,40772.515625,"(47, 4)",taxation,6,0.25,False,True,False
207,83-4,40766.671875,"(15, 23)",taxation,6,0.25,False,True,False
207,249-4,39018.5625,"(33, 38)",taxation,6,0.25,False,True,False
207,51-4,38995.40625,"(47, 0)",taxation,6,0.25,False,True,False
207,180-4,37169.265625,"(9, 25)",taxation,6,0.25,False,True,False
207,148-4,29913.953125,"(36, 37)",taxation,6,0.25,False,True,False
207,16-4,42600.34375,"(26, 39)",taxation,6,0.25,False,True,False
207,134-4,37174.25,"(48, 6)",taxation,6,0.25,False,True,False
207,73-4,38960.265625,"(46, 9)",taxation,6,0.25,False,True,False
207,54-4,37167.140625,"(41, 3)",taxation,6,0.25,False,True,False
207,38-4,38972.59375,"(48, 1)",taxation,6,0.25,False,True,False
207,6-4,42608.625,"(49, 0)",taxation,6,0.25,False,True,False
207,156-4,28083.96875,"(24, 40)",taxation,6,0.25,False,True,False
207,95-4,42597.65625,"(49, 8)",taxation,6,0.25,False,True,False
207,42-4,28172.21875,"(13, 22)",taxation,6,0.25,False,True,False
207,168-4,40779.15625,"(21, 45)",taxation,6,0.25,False,True,False
207,183-4,26311.796875,"(43, 10)",taxation,6,0.25,False,True,False
207,53-4,24485.765625,"(44, 9)",taxation,6,0.25,False,True,False
207,106-4,35350.859375,"(24, 34)",taxation,6,0.25,False,True,False
207,133-4,33555.1875,"(32, 2)",taxation,6,0.25,False,True,False
207,25-4,33532.6875,"(12, 41)",taxation,6,0.25,False,True,False
207,56-4,37172.171875,"(7, 25)",taxation,6,0.25,False,True,False
207,234-4,38908.34375,"(19, 36)",taxation,6,0.25,False,True,False
207,71-4,40776.203125,"(3, 27)",taxation,6,0.25,False,True,False
207,162-4,38938.15625,"(12, 44)",taxation,6,0.25,False,True,False
207,45-4,38939.109375,"(31, 37)",taxation,6,0.25,False,True,False
207,212-4,39005.609375,"(46, 0)",taxation,6,0.25,False,True,False
207,110-4,42556.3125,"(21, 46)",taxation,6,0.25,False,True,False
207,225-4,38963.421875,"(26, 44)",taxation,6,0.25,False,True,False
207,231-4,24475.109375,"(9, 49)",taxation,6,0.25,False,True,False
207,137-4,33524.53125,"(38, 38)",taxation,6,0.25,False,True,False
207,4-4,28107.515625,"(35, 3)",taxation,6,0.25,False,True,False
207,169-4,29901.4375,"(24, 37)",taxation,6,0.25,False,True,False
207,125-4,40714.125,"(31, 38)",taxation,6,0.25,False,True,False
207,122-4,31697.515625,"(14, 20)",taxation,6,0.25,False,True,False
207,226-4,37122.796875,"(12, 20)",taxation,6,0.25,False,True,False
207,5-4,17219.21875,"(48, 12)",taxation,6,0.25,False,True,False
207,209-4,42564.46875,"(21, 44)",taxation,6,0.25,False,True,False
207,205-4,19067.359375,"(46, 4)",taxation,6,0.25,False,True,False
207,130-4,40693.34375,"(27, 8)",taxation,6,0.25,False,True,False
207,91-4,40783.796875,"(13, 19)",taxation,6,0.25,False,True,False
207,214-4,24455.4375,"(45, 18)",taxation,6,0.25,False,True,False
207,196-4,26239.25,"(3, 49)",taxation,6,0.25,False,True,False
207,21-4,35302.015625,"(12, 28)",taxation,6,0.25,False,True,False
207,141-4,29918.53125,"(46, 14)",taxation,6,0.25,False,True,False
207,193-4,33489.84375,"(12, 48)",taxation,6,0.25,False,True,False
207,68-4,31693.984375,"(17, 48)",taxation,6,0.25,False,True,False
207,161-4,31683.875,"(39, 5)",taxation,6,0.25,False,True,False
207,147-4,37130.921875,"(46, 7)",taxation,6,0.25,False,True,False
207,175-4,31663.78125,"(5, 46)",taxation,6,0.25,False,True,False
207,55-4,40732.453125,"(28, 35)",taxation,6,0.25,False,True,False
207,50-4,42520.59375,"(22, 39)",taxation,6,0.25,False,True,False
207,113-4,38893.296875,"(6, 26)",taxation,6,0.25,False,True,False
207,201-4,26259.203125,"(27, 40)",taxation,6,0.25,False,True,False
207,102-4,26224.59375,"(31, 39)",taxation,6,0.25,False,True,False
207,112-4,40709.46875,"(18, 42)",taxation,6,0.25,False,True,False
207,41-4,40718.5,"(27, 5)",taxation,6,0.25,False,True,False
207,78-4,35305.515625,"(29, 36)",taxation,6,0.25,False,True,False
207,203-4,44336.765625,"(45, 16)",taxation,6,0.25,False,True,False
207,247-4,33493.5625,"(23, 39)",taxation,6,0.25,False,True,False
207,32-4,40697.359375,"(40, 8)",taxation,6,0.25,False,True,False
207,115-4,40702.484375,"(13, 46)",taxation,6,0.25,False,True,False
207,33-4,29851.703125,"(31, 41)",taxation,6,0.25,False,True,False
207,202-4,42516.375,"(11, 43)",taxation,6,0.25,False,True,False
207,155-4,38913.828125,"(30, 38)",taxation,6,0.25,False,True,False
207,207-4,29863.109375,"(46, 5)",taxation,6,0.25,False,True,False
207,145-4,38916.75,"(48, 3)",taxation,6,0.25,False,True,False
207,132-4,40717.484375,"(49, 12)",taxation,6,0.25,False,True,False
207,166-4,35226.578125,"(12, 29)",taxation,6,0.25,False,True,False
207,100-4,37116.671875,"(10, 34)",taxation,6,0.25,False,True,False
207,116-4,40709.84375,"(28, 39)",taxation,6,0.25,False,True,False
207,19-4,38915.75,"(46, 1)",taxation,6,0.25,False,True,False
207,233-4,35229.828125,"(10, 29)",taxation,6,0.25,False,True,False
207,64-4,37052.5,"(47, 10)",taxation,6,0.25,False,True,False
207,186-4,35312.640625,"(45, 3)",taxation,6,0.25,False,True,False
207,103-4,37079.40625,"(12, 46)",taxation,6,0.25,False,True,False
207,163-4,44288.125,"(48, 14)",taxation,6,0.25,False,True,False
207,221-4,35240.21875,"(45, 1)",taxation,6,0.25,False,True,False
207,86-4,37074.875,"(15, 26)",taxation,6,0.25,False,True,False
207,57-4,33444.765625,"(9, 26)",taxation,6,0.25,False,True,False
207,164-4,38911.828125,"(21, 37)",taxation,6,0.25,False,True,False
207,92-4,40690.1875,"(49, 4)",taxation,6,0.25,False,True,False
207,174-4,40699.84375,"(25, 39)",taxation,6,0.25,False,True,False
207,89-4,38857.296875,"(34, 38)",taxation,6,0.25,False,True,False
207,188-4,37068.34375,"(32, 8)",taxation,6,0.25,False,True,False
207,11-4,29840.890625,"(25, 37)",taxation,6,0.25,False,True,False
207,2-4,37092.859375,"(11, 26)",taxation,6,0.25,False,True,False
207,90-4,33423.90625,"(17, 32)",taxation,6,0.25,False,True,False
207,120-4,42489.875,"(10, 31)",taxation,6,0.25,False,True,False
207,48-4,38809.125,"(10, 27)",taxation,6,0.25,False,True,False
207,69-4,40636.90625,"(36, 10)",taxation,6,0.25,False,True,False
207,97-4,29793.484375,"(13, 30)",taxation,6,0.25,False,True,False
207,13-4,35265.515625,"(30, 40)",taxation,6,0.25,False,True,False
207,58-4,38837.90625,"(47, 1)",taxation,6,0.25,False,True,False
207,52-4,28020.328125,"(48, 0)",taxation,6,0.25,False,True,False
207,117-4,33419.21875,"(13, 48)",taxation,6,0.25,False,True,False
207,27-4,33411.546875,"(3, 31)",taxation,6,0.25,False,True,False
207,121-4,37058.0,"(11, 25)",taxation,6,0.25,False,True,False
207,107-4,40642.65625,"(16, 30)",taxation,6,0.25,False,True,False
207,85-4,33452.3125,"(12, 40)",taxation,6,0.25,False,True,False
207,237-4,29811.484375,"(27, 35)",taxation,6,0.25,False,True,False
207,18-4,42477.234375,"(49, 7)",taxation,6,0.25,False,True,False
207,96-4,42483.28125,"(39, 6)",taxation,6,0.25,False,True,False
208,184-3,49334.9375,"(0, 24)",taxation,6,0.25,False,True,False
208,229-3,54243.6875,"(19, 29)",taxation,6,0.25,False,True,False
208,80-3,54207.625,"(39, 16)",taxation,6,0.25,False,True,False
208,235-3,49380.9375,"(11, 22)",taxation,6,0.25,False,True,False
208,88-3,49403.0,"(27, 3)",taxation,6,0.25,False,True,False
208,248-3,49383.1875,"(17, 45)",taxation,6,0.25,False,True,False
208,108-3,27688.6875,"(42, 11)",taxation,6,0.25,False,True,False
208,82-3,51799.125,"(26, 42)",taxation,6,0.25,False,True,False
208,236-3,49400.9375,"(29, 46)",taxation,6,0.25,False,True,False
208,104-3,47019.125,"(21, 36)",taxation,6,0.25,False,True,False
208,152-3,51764.1875,"(8, 22)",taxation,6,0.25,False,True,False
208,109-3,49386.875,"(43, 2)",taxation,6,0.25,False,True,False
208,72-3,56614.875,"(11, 27)",taxation,6,0.25,False,True,False
208,127-3,51784.5,"(41, 8)",taxation,6,0.25,False,True,False
208,61-3,59037.1875,"(45, 4)",taxation,6,0.25,False,True,False
208,232-3,30014.6875,"(9, 20)",taxation,6,0.25,False,True,False
208,65-3,56601.9375,"(48, 8)",taxation,6,0.25,False,True,False
208,124-3,46941.1875,"(28, 47)",taxation,6,0.25,False,True,False
208,62-3,49372.125,"(8, 24)",taxation,6,0.25,False,True,False
208,59-3,44584.9375,"(26, 11)",taxation,6,0.25,False,True,False
208,26-3,39723.5625,"(3, 33)",taxation,6,0.25,False,True,False
208,14-3,13214.875,"(18, 27)",taxation,6,0.25,False,True,False
208,194-3,44556.625,"(27, 47)",taxation,6,0.25,False,True,False
208,36-3,37306.4375,"(6, 24)",taxation,6,0.25,False,True,False
208,7-3,37338.375,"(45, 12)",taxation,6,0.25,False,True,False
208,47-3,34868.3125,"(18, 49)",taxation,6,0.25,False,True,False
208,223-3,34914.5,"(30, 45)",taxation,6,0.25,False,True,False
208,129-3,46961.5,"(7, 24)",taxation,6,0.25,False,True,False
208,77-3,42129.125,"(49, 16)",taxation,6,0.25,False,True,False
208,43-3,49363.8125,"(46, 18)",taxation,6,0.25,False,True,False
208,128-3,54214.25,"(34, 41)",taxation,6,0.25,False,True,False
208,79-3,46956.1875,"(31, 3)",taxation,6,0.25,False,True,False
208,199-3,56578.25,"(11, 18)",taxation,6,0.25,False,True,False
208,136-3,39690.375,"(4, 33)",taxation,6,0.25,False,True,False
208,99-3,46928.9375,"(30, 43)",taxation,6,0.25,False,True,False
208,84-3,49378.625,"(17, 19)",taxation,6,0.25,False,True,False
208,123-3,56565.5625,"(14, 49)",taxation,6,0.25,False,True,False
208,119-3,49343.75,"(17, 29)",taxation,6,0.25,False,True,False
208,46-3,34877.5,"(33, 4)",taxation,6,0.25,False,True,False
208,190-3,49317.0625,"(18, 47)",taxation,6,0.25,False,True,False
208,215-3,54219.625,"(44, 12)",taxation,6,0.25,False,True,False
208,220-3,54193.25,"(37, 13)",taxation,6,0.25,False,True,False
208,157-3,46925.1875,"(2, 30)",taxation,6,0.25,False,True,False
208,245-3,54142.0625,"(34, 37)",taxation,6,0.25,False,True,False
208,195-3,22829.9375,"(24, 46)",taxation,6,0.25,False,True,False
208,15-3,44524.0625,"(21, 32)",taxation,6,0.25,False,True,False
208,224-3,42106.3125,"(29, 47)",taxation,6,0.25,False,True,False
208,87-3,49334.625,"(37, 12)",taxation,6,0.25,False,True,False
208,135-3,49316.0625,"(12, 24)",taxation,6,0.25,False,True,False
208,8-3,49368.25,"(13, 27)",taxation,6,0.25,False,True,False
208,227-3,54169.375,"(41, 14)",taxation,6,0.25,False,True,False
208,178-3,54146.1875,"(19, 48)",taxation,6,0.25,False,True,False
208,114-3,56589.3125,"(47, 17)",taxation,6,0.25,False,True,False
208,118-3,54106.625,"(46, 11)",taxation,6,0.25,False,True,False
208,244-3,56568.875,"(28, 1)",taxation,6,0.25,False,True,False
208,34-3,44497.5,"(47, 7)",taxation,6,0.25,False,True,False
208,60-3,51722.4375,"(10, 25)",taxation,6,0.25,False,True,False
208,218-3,56572.125,"(12, 25)",taxation,6,0.25,False,True,False
208,49-3,46940.875,"(27, 1)",taxation,6,0.25,False,True,False
208,185-3,49384.125,"(40, 34)",taxation,6,0.25,False,True,False
208,228-4,29403.9375,"(28, 3)",taxation,6,0.25,False,True,False
208,24-3,39731.125,"(46, 6)",taxation,6,0.25,False,True,False
208,9-3,42120.9375,"(42, 20)",taxation,6,0.25,False,True,False
208,39-3,34828.625,"(21, 33)",taxation,6,0.25,False,True,False
208,151-3,39654.1875,"(40, 9)",taxation,6,0.25,False,True,False
208,29-3,49354.9375,"(23, 6)",taxation,6,0.25,False,True,False
208,230-3,39680.0,"(37, 35)",taxation,6,0.25,False,True,False
208,131-3,49343.75,"(25, 42)",taxation,6,0.25,False,True,False
208,81-3,46948.6875,"(44, 4)",taxation,6,0.25,False,True,False
208,222-3,49302.125,"(13, 16)",taxation,6,0.25,False,True,False
208,171-3,49300.375,"(20, 33)",taxation,6,0.25,False,True,False
208,200-3,46921.5,"(26, 8)",taxation,6,0.25,False,True,False
208,238-3,49318.5,"(38, 36)",taxation,6,0.25,False,True,False
208,153-3,25198.25,"(12, 23)",taxation,6,0.25,False,True,False
208,197-3,39663.1875,"(44, 11)",taxation,6,0.25,False,True,False
208,139-4,44502.765625,"(23, 9)",taxation,6,0.25,False,True,False
208,204-3,54118.375,"(25, 41)",taxation,6,0.25,False,True,False
208,211-3,32395.8125,"(4, 23)",taxation,6,0.25,False,True,False
208,93-3,22785.0,"(47, 9)",taxation,6,0.25,False,True,False
208,101-3,49353.5625,"(35, 9)",taxation,6,0.25,False,True,False
208,213-3,49336.625,"(29, 44)",taxation,6,0.25,False,True,False
208,70-3,51724.0,"(26, 46)",taxation,6,0.25,False,True,False
208,239-3,49329.625,"(9, 22)",taxation,6,0.25,False,True,False
208,243-3,46887.125,"(4, 30)",taxation,6,0.25,False,True,False
208,192-3,44512.25,"(27, 42)",taxation,6,0.25,False,True,False
208,143-3,49313.3125,"(41, 34)",taxation,6,0.25,False,True,False
208,35-3,49321.875,"(39, 13)",taxation,6,0.25,False,True,False
208,3-3,29974.6875,"(27, 45)",taxation,6,0.25,False,True,False
208,181-3,49299.937500000015,"(10, 22)",taxation,6,0.25,False,True,False
208,105-3,44480.625,"(48, 17)",taxation,6,0.25,False,True,False
208,177-3,49365.3125,"(49, 17)",taxation,6,0.25,False,True,False
208,167-4,39048.734375,"(39, 9)",taxation,6,0.25,False,True,False
208,173-4,10734.8125,"(23, 10)",taxation,6,0.25,False,True,False
208,44-3,32415.0,"(28, 42)",taxation,6,0.25,False,True,False
208,216-3,54114.5,"(33, 41)",taxation,6,0.25,False,True,False
208,217-3,30013.375,"(41, 15)",taxation,6,0.25,False,True,False
208,138-3,51650.8125,"(22, 33)",taxation,6,0.25,False,True,False
208,75-4,35377.0625,"(24, 41)",taxation,6,0.25,False,True,False
208,74-4,43232.0,"(20, 41)",taxation,6,0.25,False,True,False
208,191-3,56511.5625,"(28, 4)",taxation,6,0.25,False,True,False
208,240-4,13084.3125,"(17, 42)",taxation,6,0.25,False,True,False
208,20-3,46902.75,"(43, 20)",taxation,6,0.25,False,True,False
208,159-3,39666.375,"(31, 42)",taxation,6,0.25,False,True,False
208,158-4,36004.0625,"(10, 19)",taxation,6,0.25,False,True,False
208,66-3,54144.8125,"(46, 15)",taxation,6,0.25,False,True,False
208,170-4,34261.734375,"(45, 19)",taxation,6,0.25,False,True,False
208,146-4,15537.3125,"(30, 46)",taxation,6,0.25,False,True,False
208,208-4,39638.703125,"(18, 29)",taxation,6,0.25,False,True,False
208,219-4,43247.3125,"(43, 19)",taxation,6,0.25,False,True,False
208,140-4,1041.0625,"(10, 48)",taxation,6,0.25,False,True,False
208,210-3,58927.5625,"(17, 47)",taxation,6,0.25,False,True,False
208,198-4,35427.71875,"(36, 1)",taxation,6,0.25,False,True,False
208,246-4,37248.3125,"(25, 44)",taxation,6,0.25,False,True,False
208,187-4,20325.1875,"(31, 0)",taxation,6,0.25,False,True,False
208,179-4,32448.53125,"(44, 3)",taxation,6,0.25,False,True,False
208,23-4,40224.5,"(44, 15)",taxation,6,0.25,False,True,False
208,31-4,44434.46875,"(11, 29)",taxation,6,0.25,False,True,False
208,150-3,42030.4375,"(43, 12)",taxation,6,0.25,False,True,False
208,12-3,46871.8125,"(43, 4)",taxation,6,0.25,False,True,False
208,98-4,20363.0625,"(47, 18)",taxation,6,0.25,False,True,False
208,126-3,49280.0625,"(38, 32)",taxation,6,0.25,False,True,False
208,176-4,1046.1875,"(27, 44)",taxation,6,0.25,False,True,False
208,28-4,34209.203125,"(41, 33)",taxation,6,0.25,False,True,False
208,154-4,17897.3125,"(8, 25)",taxation,6,0.25,False,True,False
208,40-4,40818.3125,"(19, 40)",taxation,6,0.25,False,True,False
208,1-4,28801.140625,"(24, 48)",taxation,6,0.25,False,True,False
208,76-4,37220.921875000015,"(29, 43)",taxation,6,0.25,False,True,False
208,67-3,37245.5625,"(39, 37)",taxation,6,0.25,False,True,False
208,182-4,38982.890625,"(15, 19)",taxation,6,0.25,False,True,False
208,241-4,35377.21875,"(16, 11)",taxation,6,0.25,False,True,False
208,149-4,33613.5625,"(13, 23)",taxation,6,0.25,False,True,False
208,17-4,40845.03125,"(10, 24)",taxation,6,0.25,False,True,False
208,0-4,26360.828125,"(34, 3)",taxation,6,0.25,False,True,False
208,22-4,42622.8125,"(34, 7)",taxation,6,0.25,False,True,False
208,10-4,39007.390625,"(28, 2)",taxation,6,0.25,False,True,False
208,242-4,17335.953125,"(49, 18)",taxation,6,0.25,False,True,False
208,142-4,24515.859375,"(38, 0)",taxation,6,0.25,False,True,False
208,189-4,33643.84375,"(41, 18)",taxation,6,0.25,False,True,False
208,63-4,35347.171875,"(39, 15)",taxation,6,0.25,False,True,False
208,165-4,44365.1875,"(39, 14)",taxation,6,0.25,False,True,False
208,94-4,13086.125,"(28, 43)",taxation,6,0.25,False,True,False
208,206-4,37778.328125,"(44, 5)",taxation,6,0.25,False,True,False
208,172-4,40769.484375,"(0, 30)",taxation,6,0.25,False,True,False
208,144-4,37217.90625,"(32, 38)",taxation,6,0.25,False,True,False
208,111-4,40773.515625,"(45, 6)",taxation,6,0.25,False,True,False
208,83-4,40774.671875,"(14, 22)",taxation,6,0.25,False,True,False
208,249-4,39026.5625,"(31, 44)",taxation,6,0.25,False,True,False
208,51-4,38996.40625,"(44, 2)",taxation,6,0.25,False,True,False
208,180-4,37178.265625,"(8, 23)",taxation,6,0.25,False,True,False
208,148-4,29921.953125,"(30, 37)",taxation,6,0.25,False,True,False
208,16-4,42608.34375,"(29, 45)",taxation,6,0.25,False,True,False
208,134-4,37176.25,"(42, 12)",taxation,6,0.25,False,True,False
208,73-4,38967.265625,"(40, 14)",taxation,6,0.25,False,True,False
208,54-4,37170.140625,"(35, 6)",taxation,6,0.25,False,True,False
208,38-4,38973.59375,"(42, 1)",taxation,6,0.25,False,True,False
208,6-4,42609.625,"(45, 5)",taxation,6,0.25,False,True,False
208,156-4,28090.96875,"(22, 42)",taxation,6,0.25,False,True,False
208,95-4,42600.65625,"(45, 14)",taxation,6,0.25,False,True,False
208,42-4,28181.21875,"(11, 21)",taxation,6,0.25,False,True,False
208,168-4,40787.15625,"(23, 43)",taxation,6,0.25,False,True,False
208,183-4,26319.796875,"(42, 14)",taxation,6,0.25,False,True,False
208,53-4,24493.765625,"(42, 15)",taxation,6,0.25,False,True,False
208,106-4,35357.859375,"(23, 33)",taxation,6,0.25,False,True,False
208,133-4,33562.1875,"(28, 0)",taxation,6,0.25,False,True,False
208,25-4,33538.6875,"(17, 41)",taxation,6,0.25,False,True,False
208,56-4,37180.171875,"(5, 24)",taxation,6,0.25,False,True,False
208,234-4,38916.34375,"(25, 40)",taxation,6,0.25,False,True,False
208,71-4,40784.203125,"(3, 23)",taxation,6,0.25,False,True,False
208,162-4,38944.15625,"(17, 44)",taxation,6,0.25,False,True,False
208,45-4,38948.109375,"(30, 42)",taxation,6,0.25,False,True,False
208,212-4,39006.609375,"(42, 0)",taxation,6,0.25,False,True,False
208,110-4,42565.3125,"(27, 46)",taxation,6,0.25,False,True,False
208,225-4,38971.421875,"(26, 47)",taxation,6,0.25,False,True,False
208,231-4,24480.109375,"(15, 49)",taxation,6,0.25,False,True,False
208,137-4,33532.53125,"(33, 37)",taxation,6,0.25,False,True,False
208,4-4,28113.515625,"(31, 8)",taxation,6,0.25,False,True,False
208,169-4,29909.4375,"(27, 41)",taxation,6,0.25,False,True,False
208,125-4,40723.125,"(28, 44)",taxation,6,0.25,False,True,False
208,122-4,31705.515625,"(12, 18)",taxation,6,0.25,False,True,False
208,226-4,37130.796875,"(13, 21)",taxation,6,0.25,False,True,False
208,5-4,17223.21875,"(42, 18)",taxation,6,0.25,False,True,False
208,209-4,42572.46875,"(25, 46)",taxation,6,0.25,False,True,False
208,205-4,19069.359375,"(40, 10)",taxation,6,0.25,False,True,False
208,130-4,40701.34375,"(27, 4)",taxation,6,0.25,False,True,False
208,91-4,40791.796875,"(11, 17)",taxation,6,0.25,False,True,False
208,214-4,24463.4375,"(44, 20)",taxation,6,0.25,False,True,False
208,196-4,26242.25,"(5, 48)",taxation,6,0.25,False,True,False
208,21-4,35309.015625,"(13, 25)",taxation,6,0.25,False,True,False
208,141-4,29927.53125,"(48, 18)",taxation,6,0.25,False,True,False
208,193-4,33495.84375,"(18, 45)",taxation,6,0.25,False,True,False
208,68-4,31701.984375,"(23, 47)",taxation,6,0.25,False,True,False
208,161-4,31686.875,"(34, 6)",taxation,6,0.25,False,True,False
208,147-4,37132.921875,"(43, 11)",taxation,6,0.25,False,True,False
208,175-4,31667.78125,"(11, 46)",taxation,6,0.25,False,True,False
208,55-4,40739.453125,"(22, 34)",taxation,6,0.25,False,True,False
208,50-4,42528.59375,"(28, 45)",taxation,6,0.25,False,True,False
208,113-4,38901.296875,"(3, 22)",taxation,6,0.25,False,True,False
208,201-4,26267.203125,"(30, 44)",taxation,6,0.25,False,True,False
208,102-4,26231.59375,"(26, 40)",taxation,6,0.25,False,True,False
208,112-4,40717.46875,"(24, 45)",taxation,6,0.25,False,True,False
208,41-4,40725.5,"(23, 5)",taxation,6,0.25,False,True,False
208,78-4,35312.515625,"(25, 38)",taxation,6,0.25,False,True,False
208,203-4,44344.765625,"(45, 20)",taxation,6,0.25,False,True,False
208,247-4,33501.5625,"(26, 41)",taxation,6,0.25,False,True,False
208,32-4,40704.359375,"(38, 13)",taxation,6,0.25,False,True,False
208,115-4,40708.484375,"(18, 46)",taxation,6,0.25,False,True,False
208,33-4,29859.703125,"(31, 45)",taxation,6,0.25,False,True,False
208,202-4,42522.375,"(17, 43)",taxation,6,0.25,False,True,False
208,155-4,38921.828125,"(32, 43)",taxation,6,0.25,False,True,False
208,207-4,29865.109375,"(41, 11)",taxation,6,0.25,False,True,False
208,145-4,38917.75,"(47, 6)",taxation,6,0.25,False,True,False
208,132-4,40720.484375,"(46, 17)",taxation,6,0.25,False,True,False
208,166-4,35233.578125,"(17, 27)",taxation,6,0.25,False,True,False
208,100-4,37123.671875,"(14, 28)",taxation,6,0.25,False,True,False
208,116-4,40717.84375,"(31, 43)",taxation,6,0.25,False,True,False
208,19-4,38916.75,"(44, 1)",taxation,6,0.25,False,True,False
208,233-4,35237.828125,"(11, 23)",taxation,6,0.25,False,True,False
208,64-4,37055.5,"(44, 14)",taxation,6,0.25,False,True,False
208,186-4,35314.640625,"(39, 8)",taxation,6,0.25,False,True,False
208,103-4,37085.40625,"(17, 46)",taxation,6,0.25,False,True,False
208,163-4,44296.125,"(47, 19)",taxation,6,0.25,False,True,False
208,221-4,35241.21875,"(43, 1)",taxation,6,0.25,False,True,False
208,86-4,37082.875,"(14, 23)",taxation,6,0.25,False,True,False
208,57-4,33453.765625,"(9, 24)",taxation,6,0.25,False,True,False
208,164-4,38918.828125,"(22, 37)",taxation,6,0.25,False,True,False
208,92-4,40691.1875,"(49, 9)",taxation,6,0.25,False,True,False
208,174-4,40706.84375,"(22, 41)",taxation,6,0.25,False,True,False
208,89-4,38866.296875,"(32, 42)",taxation,6,0.25,False,True,False
208,188-4,37075.34375,"(31, 11)",taxation,6,0.25,False,True,False
208,11-4,29847.890625,"(24, 38)",taxation,6,0.25,False,True,False
208,2-4,37100.859375,"(8, 21)",taxation,6,0.25,False,True,False
208,90-4,33430.90625,"(20, 32)",taxation,6,0.25,False,True,False
208,120-4,42496.875,"(11, 28)",taxation,6,0.25,False,True,False
208,48-4,38818.125,"(9, 23)",taxation,6,0.25,False,True,False
208,69-4,40643.90625,"(36, 12)",taxation,6,0.25,False,True,False
208,97-4,29800.484375,"(12, 27)",taxation,6,0.25,False,True,False
208,13-4,35273.515625,"(28, 46)",taxation,6,0.25,False,True,False
208,58-4,38838.90625,"(43, 0)",taxation,6,0.25,False,True,False
208,52-4,28021.328125,"(43, 3)",taxation,6,0.25,False,True,False
208,117-4,33425.21875,"(18, 48)",taxation,6,0.25,False,True,False
208,27-4,33418.546875,"(4, 27)",taxation,6,0.25,False,True,False
208,121-4,37067.0,"(10, 23)",taxation,6,0.25,False,True,False
208,107-4,40650.65625,"(15, 28)",taxation,6,0.25,False,True,False
208,85-4,33458.3125,"(17, 40)",taxation,6,0.25,False,True,False
208,237-4,29819.484375,"(28, 36)",taxation,6,0.25,False,True,False
208,18-4,42478.234375,"(48, 9)",taxation,6,0.25,False,True,False
208,96-4,42490.28125,"(36, 11)",taxation,6,0.25,False,True,False
208,160-4,33427.3125,"(16, 29)",taxation,6,0.25,False,True,False
208,37-4,38862.046875,"(40, 35)",taxation,6,0.25,False,True,False
208,30-4,42495.703125,"(41, 17)",taxation,6,0.25,False,True,False
209,184-3,49343.9375,"(0, 23)",taxation,6,0.25,False,True,False
209,229-3,54250.6875,"(20, 29)",taxation,6,0.25,False,True,False
209,80-3,54215.625,"(41, 22)",taxation,6,0.25,False,True,False
209,235-3,49389.9375,"(6, 17)",taxation,6,0.25,False,True,False
209,88-3,49411.0,"(23, 3)",taxation,6,0.25,False,True,False
209,248-3,49391.1875,"(23, 49)",taxation,6,0.25,False,True,False
209,108-3,27693.6875,"(36, 17)",taxation,6,0.25,False,True,False
209,82-3,51807.125,"(24, 44)",taxation,6,0.25,False,True,False
209,236-3,49408.9375,"(29, 49)",taxation,6,0.25,False,True,False
209,104-3,47026.125,"(21, 39)",taxation,6,0.25,False,True,False
209,152-3,51773.1875,"(4, 19)",taxation,6,0.25,False,True,False
209,109-3,49389.875,"(38, 2)",taxation,6,0.25,False,True,False
209,72-3,56622.875,"(6, 25)",taxation,6,0.25,False,True,False
209,127-3,51788.5,"(35, 11)",taxation,6,0.25,False,True,False
209,61-3,59040.1875,"(39, 10)",taxation,6,0.25,False,True,False
209,232-3,30023.6875,"(8, 18)",taxation,6,0.25,False,True,False
209,65-3,56603.9375,"(48, 10)",taxation,6,0.25,False,True,False
209,124-3,46942.1875,"(26, 45)",taxation,6,0.25,False,True,False
209,62-3,49381.125,"(3, 18)",taxation,6,0.25,False,True,False
209,59-3,44592.9375,"(23, 11)",taxation,6,0.25,False,True,False
209,26-3,39731.5625,"(1, 27)",taxation,6,0.25,False,True,False
209,14-3,13222.875,"(14, 21)",taxation,6,0.25,False,True,False
209,194-3,44559.625,"(23, 42)",taxation,6,0.25,False,True,False
209,36-3,37315.4375,"(3, 20)",taxation,6,0.25,False,True,False
209,7-3,37342.375,"(45, 17)",taxation,6,0.25,False,True,False
209,47-3,34876.3125,"(22, 49)",taxation,6,0.25,False,True,False
209,223-3,34916.5,"(24, 43)",taxation,6,0.25,False,True,False
209,129-3,46970.5,"(4, 18)",taxation,6,0.25,False,True,False
209,77-3,42137.125,"(46, 22)",taxation,6,0.25,False,True,False
209,43-3,49372.8125,"(45, 21)",taxation,6,0.25,False,True,False
209,128-3,54219.25,"(38, 35)",taxation,6,0.25,False,True,False
209,79-3,46963.1875,"(26, 0)",taxation,6,0.25,False,True,False
209,199-3,56587.25,"(9, 16)",taxation,6,0.25,False,True,False
209,136-3,39697.375,"(5, 30)",taxation,6,0.25,False,True,False
209,99-3,46930.9375,"(29, 38)",taxation,6,0.25,False,True,False
209,84-3,49387.625,"(13, 15)",taxation,6,0.25,False,True,False
209,123-3,56570.5625,"(14, 48)",taxation,6,0.25,False,True,False
209,119-3,49351.75,"(22, 32)",taxation,6,0.25,False,True,False
209,46-3,34882.5,"(30, 2)",taxation,6,0.25,False,True,False
209,190-3,49324.0625,"(20, 47)",taxation,6,0.25,False,True,False
209,215-3,54223.625,"(40, 18)",taxation,6,0.25,False,True,False
209,220-3,54198.25,"(31, 17)",taxation,6,0.25,False,True,False
209,157-3,46933.1875,"(2, 25)",taxation,6,0.25,False,True,False
209,245-3,54148.0625,"(40, 33)",taxation,6,0.25,False,True,False
209,195-3,22837.9375,"(22, 48)",taxation,6,0.25,False,True,False
209,15-3,44531.0625,"(21, 31)",taxation,6,0.25,False,True,False
209,224-3,42108.3125,"(23, 41)",taxation,6,0.25,False,True,False
209,87-3,49339.625,"(31, 16)",taxation,6,0.25,False,True,False
209,135-3,49325.0625,"(7, 18)",taxation,6,0.25,False,True,False
209,8-3,49376.25,"(7, 21)",taxation,6,0.25,False,True,False
209,227-3,54175.375,"(35, 19)",taxation,6,0.25,False,True,False
209,178-3,54152.1875,"(15, 44)",taxation,6,0.25,False,True,False
209,114-3,56597.3125,"(44, 23)",taxation,6,0.25,False,True,False
209,118-3,54109.625,"(48, 16)",taxation,6,0.25,False,True,False
209,244-3,56576.875,"(22, 1)",taxation,6,0.25,False,True,False
209,34-3,44499.5,"(44, 7)",taxation,6,0.25,False,True,False
209,60-3,51730.4375,"(5, 22)",taxation,6,0.25,False,True,False
209,218-3,56581.125,"(9, 19)",taxation,6,0.25,False,True,False
209,49-3,46947.875,"(27, 0)",taxation,6,0.25,False,True,False
209,185-3,49392.125,"(43, 32)",taxation,6,0.25,False,True,False
209,228-4,29410.9375,"(27, 2)",taxation,6,0.25,False,True,False
209,24-3,39734.125,"(41, 12)",taxation,6,0.25,False,True,False
209,9-3,42128.9375,"(42, 22)",taxation,6,0.25,False,True,False
209,39-3,34835.625,"(19, 33)",taxation,6,0.25,False,True,False
209,151-3,39658.1875,"(35, 12)",taxation,6,0.25,False,True,False
209,29-3,49362.9375,"(22, 6)",taxation,6,0.25,False,True,False
209,230-3,39688.0,"(42, 31)",taxation,6,0.25,False,True,False
209,131-3,49351.75,"(23, 48)",taxation,6,0.25,False,True,False
209,81-3,46951.6875,"(38, 9)",taxation,6,0.25,False,True,False
209,222-3,49311.125,"(12, 16)",taxation,6,0.25,False,True,False
209,171-3,49307.375,"(19, 32)",taxation,6,0.25,False,True,False
209,200-3,46929.5,"(22, 8)",taxation,6,0.25,False,True,False
209,238-3,49326.5,"(44, 34)",taxation,6,0.25,False,True,False
209,153-3,25207.25,"(9, 18)",taxation,6,0.25,False,True,False
209,197-3,39667.1875,"(43, 17)",taxation,6,0.25,False,True,False
209,139-4,44510.765625,"(22, 9)",taxation,6,0.25,False,True,False
209,204-3,54125.375,"(19, 41)",taxation,6,0.25,False,True,False
209,211-3,32404.8125,"(3, 21)",taxation,6,0.25,False,True,False
209,93-3,22787.0,"(45, 9)",taxation,6,0.25,False,True,False
209,101-3,49359.5625,"(31, 13)",taxation,6,0.25,False,True,False
209,213-3,49344.625,"(25, 48)",taxation,6,0.25,False,True,False
209,70-3,51732.0,"(24, 47)",taxation,6,0.25,False,True,False
209,239-3,49338.625,"(6, 18)",taxation,6,0.25,False,True,False
209,243-3,46895.125,"(6, 27)",taxation,6,0.25,False,True,False
209,192-3,44520.25,"(22, 47)",taxation,6,0.25,False,True,False
209,143-3,49321.3125,"(43, 33)",taxation,6,0.25,False,True,False
209,35-3,49327.875,"(36, 19)",taxation,6,0.25,False,True,False
209,3-3,29982.6875,"(24, 49)",taxation,6,0.25,False,True,False
209,181-3,49308.937500000015,"(6, 21)",taxation,6,0.25,False,True,False
209,105-3,44489.625,"(49, 22)",taxation,6,0.25,False,True,False
209,177-3,49371.3125,"(46, 21)",taxation,6,0.25,False,True,False
209,167-4,39052.734375,"(34, 9)",taxation,6,0.25,False,True,False
209,173-4,10742.8125,"(22, 10)",taxation,6,0.25,False,True,False
209,44-3,32417.0,"(26, 38)",taxation,6,0.25,False,True,False
209,216-3,54119.5,"(39, 36)",taxation,6,0.25,False,True,False
209,217-3,30019.375,"(40, 21)",taxation,6,0.25,False,True,False
209,138-3,51657.8125,"(19, 31)",taxation,6,0.25,False,True,False
209,75-4,35384.0625,"(19, 42)",taxation,6,0.25,False,True,False
209,74-4,43240.0,"(22, 44)",taxation,6,0.25,False,True,False
209,191-3,56519.5625,"(22, 2)",taxation,6,0.25,False,True,False
209,240-4,13091.3125,"(18, 41)",taxation,6,0.25,False,True,False
209,20-3,46911.75,"(45, 23)",taxation,6,0.25,False,True,False
209,159-3,39668.375,"(28, 38)",taxation,6,0.25,False,True,False
209,158-4,36013.0625,"(9, 17)",taxation,6,0.25,False,True,False
209,66-3,54153.8125,"(49, 20)",taxation,6,0.25,False,True,False
209,170-4,34269.734375,"(45, 22)",taxation,6,0.25,False,True,False
209,146-4,15546.3125,"(29, 48)",taxation,6,0.25,False,True,False
209,208-4,39645.703125,"(19, 28)",taxation,6,0.25,False,True,False
209,219-4,43255.3125,"(43, 22)",taxation,6,0.25,False,True,False
209,140-4,1047.0625,"(14, 45)",taxation,6,0.25,False,True,False
209,210-3,58935.5625,"(21, 49)",taxation,6,0.25,False,True,False
209,198-4,35432.71875,"(30, 1)",taxation,6,0.25,False,True,False
209,246-4,37255.3125,"(21, 43)",taxation,6,0.25,False,True,False
209,187-4,20331.1875,"(25, 0)",taxation,6,0.25,False,True,False
209,179-4,32450.53125,"(42, 3)",taxation,6,0.25,False,True,False
209,23-4,40230.5,"(41, 20)",taxation,6,0.25,False,True,False
209,31-4,44441.46875,"(8, 29)",taxation,6,0.25,False,True,False
209,150-3,42034.4375,"(38, 15)",taxation,6,0.25,False,True,False
209,12-3,46874.8125,"(38, 4)",taxation,6,0.25,False,True,False
209,98-4,20372.0625,"(48, 22)",taxation,6,0.25,False,True,False
209,126-3,49288.0625,"(39, 32)",taxation,6,0.25,False,True,False
209,176-4,1051.1875,"(22, 38)",taxation,6,0.25,False,True,False
209,28-4,34217.203125,"(44, 33)",taxation,6,0.25,False,True,False
209,154-4,17906.3125,"(4, 21)",taxation,6,0.25,False,True,False
209,40-4,40825.3125,"(19, 39)",taxation,6,0.25,False,True,False
209,1-4,28808.140625,"(19, 49)",taxation,6,0.25,False,True,False
209,76-4,37224.921875000015,"(23, 37)",taxation,6,0.25,False,True,False
209,67-3,37253.5625,"(44, 35)",taxation,6,0.25,False,True,False
209,182-4,38991.890625,"(12, 15)",taxation,6,0.25,False,True,False
209,241-4,35386.21875,"(16, 10)",taxation,6,0.25,False,True,False
209,149-4,33622.5625,"(8, 19)",taxation,6,0.25,False,True,False
209,17-4,40854.03125,"(5, 18)",taxation,6,0.25,False,True,False
209,0-4,26365.828125,"(31, 4)",taxation,6,0.25,False,True,False
209,22-4,42627.8125,"(30, 5)",taxation,6,0.25,False,True,False
209,10-4,39015.390625,"(23, 1)",taxation,6,0.25,False,True,False
209,242-4,17343.953125,"(47, 22)",taxation,6,0.25,False,True,False
209,142-4,24519.859375,"(33, 0)",taxation,6,0.25,False,True,False
209,189-4,33651.84375,"(41, 24)",taxation,6,0.25,False,True,False
209,63-4,35356.171875,"(42, 19)",taxation,6,0.25,False,True,False
209,165-4,44371.1875,"(38, 19)",taxation,6,0.25,False,True,False
209,94-4,13093.125,"(22, 45)",taxation,6,0.25,False,True,False
209,206-4,37781.328125,"(38, 6)",taxation,6,0.25,False,True,False
209,172-4,40777.484375,"(0, 25)",taxation,6,0.25,False,True,False
209,144-4,37222.90625,"(36, 34)",taxation,6,0.25,False,True,False
209,111-4,40776.515625,"(40, 11)",taxation,6,0.25,False,True,False
209,83-4,40783.671875,"(8, 16)",taxation,6,0.25,False,True,False
209,249-4,39034.5625,"(28, 49)",taxation,6,0.25,False,True,False
209,51-4,38999.40625,"(38, 7)",taxation,6,0.25,False,True,False
209,180-4,37187.265625,"(6, 19)",taxation,6,0.25,False,True,False
209,148-4,29928.953125,"(25, 43)",taxation,6,0.25,False,True,False
209,16-4,42616.34375,"(27, 49)",taxation,6,0.25,False,True,False
209,134-4,37183.25,"(37, 17)",taxation,6,0.25,False,True,False
209,73-4,38973.265625,"(37, 19)",taxation,6,0.25,False,True,False
209,54-4,37175.140625,"(30, 4)",taxation,6,0.25,False,True,False
209,38-4,38976.59375,"(37, 2)",taxation,6,0.25,False,True,False
209,6-4,42612.625,"(39, 11)",taxation,6,0.25,False,True,False
209,156-4,28099.96875,"(27, 48)",taxation,6,0.25,False,True,False
209,95-4,42608.65625,"(41, 19)",taxation,6,0.25,False,True,False
209,42-4,28190.21875,"(10, 17)",taxation,6,0.25,False,True,False
209,168-4,40794.15625,"(18, 37)",taxation,6,0.25,False,True,False
209,183-4,26327.796875,"(40, 19)",taxation,6,0.25,False,True,False
209,53-4,24499.765625,"(43, 21)",taxation,6,0.25,False,True,False
209,106-4,35364.859375,"(20, 30)",taxation,6,0.25,False,True,False
209,133-4,33570.1875,"(23, 0)",taxation,6,0.25,False,True,False
209,25-4,33545.6875,"(18, 43)",taxation,6,0.25,False,True,False
209,56-4,37189.171875,"(2, 20)",taxation,6,0.25,False,True,False
209,234-4,38924.34375,"(22, 46)",taxation,6,0.25,False,True,False
209,71-4,40793.203125,"(1, 23)",taxation,6,0.25,False,True,False
209,162-4,38952.15625,"(20, 42)",taxation,6,0.25,False,True,False
209,45-4,38950.109375,"(27, 38)",taxation,6,0.25,False,True,False
209,212-4,39009.609375,"(37, 0)",taxation,6,0.25,False,True,False
209,110-4,42571.3125,"(21, 40)",taxation,6,0.25,False,True,False
209,225-4,38979.421875,"(25, 47)",taxation,6,0.25,False,True,False
209,231-4,24486.109375,"(14, 43)",taxation,6,0.25,False,True,False
209,137-4,33538.53125,"(38, 31)",taxation,6,0.25,False,True,False
209,4-4,28120.515625,"(26, 12)",taxation,6,0.25,False,True,False
209,169-4,29917.4375,"(23, 45)",taxation,6,0.25,False,True,False
209,125-4,40731.125,"(25, 45)",taxation,6,0.25,False,True,False
209,122-4,31714.515625,"(11, 16)",taxation,6,0.25,False,True,False
209,226-4,37139.796875,"(10, 18)",taxation,6,0.25,False,True,False
209,5-4,17231.21875,"(43, 23)",taxation,6,0.25,False,True,False
209,209-4,42576.46875,"(19, 45)",taxation,6,0.25,False,True,False
209,205-4,19074.359375,"(38, 16)",taxation,6,0.25,False,True,False
209,130-4,40709.34375,"(23, 4)",taxation,6,0.25,False,True,False
209,91-4,40800.796875,"(10, 16)",taxation,6,0.25,False,True,False
209,214-4,24472.4375,"(44, 21)",taxation,6,0.25,False,True,False
209,196-4,26247.25,"(11, 47)",taxation,6,0.25,False,True,False
209,21-4,35317.015625,"(15, 20)",taxation,6,0.25,False,True,False
209,141-4,29936.53125,"(48, 20)",taxation,6,0.25,False,True,False
209,193-4,33502.84375,"(19, 44)",taxation,6,0.25,False,True,False
209,68-4,31709.984375,"(23, 46)",taxation,6,0.25,False,True,False
209,161-4,31691.875,"(30, 6)",taxation,6,0.25,False,True,False
209,147-4,37136.921875,"(37, 15)",taxation,6,0.25,False,True,False
209,175-4,31673.78125,"(15, 46)",taxation,6,0.25,False,True,False
209,55-4,40746.453125,"(21, 35)",taxation,6,0.25,False,True,False
209,50-4,42536.59375,"(25, 49)",taxation,6,0.25,False,True,False
209,113-4,38910.296875,"(2, 21)",taxation,6,0.25,False,True,False
209,201-4,26269.203125,"(24, 42)",taxation,6,0.25,False,True,False
209,102-4,26238.59375,"(20, 46)",taxation,6,0.25,False,True,False
209,112-4,40724.46875,"(20, 48)",taxation,6,0.25,False,True,False
209,41-4,40733.5,"(19, 4)",taxation,6,0.25,False,True,False
209,78-4,35319.515625,"(22, 36)",taxation,6,0.25,False,True,False
209,203-4,44353.765625,"(44, 22)",taxation,6,0.25,False,True,False
209,247-4,33507.5625,"(20, 35)",taxation,6,0.25,False,True,False
209,32-4,40711.359375,"(37, 18)",taxation,6,0.25,False,True,False
209,115-4,40716.484375,"(20, 49)",taxation,6,0.25,False,True,False
209,33-4,29867.703125,"(26, 49)",taxation,6,0.25,False,True,False
209,202-4,42530.375,"(21, 41)",taxation,6,0.25,False,True,False
209,155-4,38930.828125,"(28, 48)",taxation,6,0.25,False,True,False
209,207-4,29869.109375,"(36, 13)",taxation,6,0.25,False,True,False
209,145-4,38919.75,"(45, 8)",taxation,6,0.25,False,True,False
209,132-4,40729.484375,"(47, 21)",taxation,6,0.25,False,True,False
209,166-4,35240.578125,"(18, 26)",taxation,6,0.25,False,True,False
209,100-4,37130.671875,"(13, 28)",taxation,6,0.25,False,True,False
209,116-4,40719.84375,"(32, 37)",taxation,6,0.25,False,True,False
209,19-4,38919.75,"(38, 5)",taxation,6,0.25,False,True,False
209,233-4,35246.828125,"(7, 20)",taxation,6,0.25,False,True,False
209,64-4,37060.5,"(46, 20)",taxation,6,0.25,False,True,False
209,186-4,35318.640625,"(35, 10)",taxation,6,0.25,False,True,False
209,103-4,37092.40625,"(18, 44)",taxation,6,0.25,False,True,False
209,163-4,44305.125,"(48, 21)",taxation,6,0.25,False,True,False
209,221-4,35244.21875,"(37, 1)",taxation,6,0.25,False,True,False
209,86-4,37090.875,"(11, 19)",taxation,6,0.25,False,True,False
209,57-4,33461.765625,"(4, 24)",taxation,6,0.25,False,True,False
209,164-4,38925.828125,"(18, 35)",taxation,6,0.25,False,True,False
209,92-4,40693.1875,"(49, 10)",taxation,6,0.25,False,True,False
209,174-4,40713.84375,"(18, 40)",taxation,6,0.25,False,True,False
209,89-4,38870.296875,"(36, 36)",taxation,6,0.25,False,True,False
209,188-4,37082.34375,"(31, 12)",taxation,6,0.25,False,True,False
209,11-4,29855.890625,"(23, 44)",taxation,6,0.25,False,True,False
209,2-4,37109.859375,"(8, 20)",taxation,6,0.25,False,True,False
209,90-4,33437.90625,"(20, 31)",taxation,6,0.25,False,True,False
209,120-4,42504.875,"(5, 25)",taxation,6,0.25,False,True,False
209,48-4,38827.125,"(8, 17)",taxation,6,0.25,False,True,False
209,69-4,40648.90625,"(30, 12)",taxation,6,0.25,False,True,False
209,97-4,29807.484375,"(12, 26)",taxation,6,0.25,False,True,False
209,13-4,35281.515625,"(26, 48)",taxation,6,0.25,False,True,False
209,58-4,38841.90625,"(38, 1)",taxation,6,0.25,False,True,False
209,52-4,28024.328125,"(38, 8)",taxation,6,0.25,False,True,False
209,117-4,33431.21875,"(14, 42)",taxation,6,0.25,False,True,False
209,27-4,33426.546875,"(4, 25)",taxation,6,0.25,False,True,False
209,121-4,37076.0,"(7, 17)",taxation,6,0.25,False,True,False
209,107-4,40657.65625,"(16, 28)",taxation,6,0.25,False,True,False
209,85-4,33466.3125,"(22, 43)",taxation,6,0.25,False,True,False
209,237-4,29825.484375,"(22, 31)",taxation,6,0.25,False,True,False
209,18-4,42481.234375,"(43, 14)",taxation,6,0.25,False,True,False
209,96-4,42496.28125,"(31, 14)",taxation,6,0.25,False,True,False
209,160-4,33434.3125,"(17, 30)",taxation,6,0.25,False,True,False
209,37-4,38870.046875,"(45, 35)",taxation,6,0.25,False,True,False
209,30-4,42503.703125,"(42, 23)",taxation,6,0.25,False,True,False
210,184-3,49352.9375,"(0, 21)",taxation,6,0.25,False,True,False
210,229-3,54258.6875,"(19, 24)",taxation,6,0.25,False,True,False
210,88-3,49420.0,"(17, 8)",taxation,6,0.25,False,True,False
210,248-3,49394.1875,"(17, 49)",taxation,6,0.25,False,True,False
210,108-3,27700.6875,"(41, 23)",taxation,6,0.25,False,True,False
210,82-3,51810.125,"(23, 40)",taxation,6,0.25,False,True,False
210,236-3,49409.9375,"(29, 47)",taxation,6,0.25,False,True,False
210,152-3,51782.1875,"(5, 19)",taxation,6,0.25,False,True,False
210,109-3,49393.875,"(36, 2)",taxation,6,0.25,False,True,False
210,72-3,56630.875,"(6, 23)",taxation,6,0.25,False,True,False
210,127-3,51794.5,"(30, 13)",taxation,6,0.25,False,True,False
210,61-3,59045.1875,"(35, 13)",taxation,6,0.25,False,True,False
210,232-3,30033.6875,"(13, 14)",taxation,6,0.25,False,True,False
210,65-3,56606.9375,"(46, 12)",taxation,6,0.25,False,True,False
210,124-3,46946.1875,"(20, 44)",taxation,6,0.25,False,True,False
210,62-3,49390.125,"(3, 19)",taxation,6,0.25,False,True,False
210,59-3,44601.9375,"(18, 11)",taxation,6,0.25,False,True,False
210,26-3,39739.5625,"(0, 27)",taxation,6,0.25,False,True,False
210,194-3,44565.625,"(19, 38)",taxation,6,0.25,False,True,False
210,36-3,37324.4375,"(0, 20)",taxation,6,0.25,False,True,False
210,7-3,37349.375,"(39, 21)",taxation,6,0.25,False,True,False
210,47-3,34879.3125,"(16, 46)",taxation,6,0.25,False,True,False
210,223-3,34922.5,"(18, 38)",taxation,6,0.25,False,True,False
210,129-3,46979.5,"(3, 17)",taxation,6,0.25,False,True,False
210,77-3,42145.125,"(42, 26)",taxation,6,0.25,False,True,False
210,43-3,49381.8125,"(49, 25)",taxation,6,0.25,False,True,False
210,128-3,54227.25,"(41, 30)",taxation,6,0.25,False,True,False
210,79-3,46971.1875,"(20, 2)",taxation,6,0.25,False,True,False
210,199-3,56596.25,"(9, 14)",taxation,6,0.25,False,True,False
210,136-3,39705.375,"(3, 30)",taxation,6,0.25,False,True,False
210,99-3,46935.9375,"(33, 33)",taxation,6,0.25,False,True,False
210,84-3,49397.625,"(15, 12)",taxation,6,0.25,False,True,False
210,123-3,56576.5625,"(11, 44)",taxation,6,0.25,False,True,False
210,119-3,49359.75,"(18, 34)",taxation,6,0.25,False,True,False
210,46-3,34889.5,"(26, 4)",taxation,6,0.25,False,True,False
210,190-3,49330.0625,"(14, 41)",taxation,6,0.25,False,True,False
210,215-3,54231.625,"(40, 23)",taxation,6,0.25,False,True,False
210,220-3,54205.25,"(25, 18)",taxation,6,0.25,False,True,False
210,157-3,46942.1875,"(2, 24)",taxation,6,0.25,False,True,False
210,245-3,54157.0625,"(41, 28)",taxation,6,0.25,False,True,False
210,195-3,22840.9375,"(16, 48)",taxation,6,0.25,False,True,False
210,15-3,44539.0625,"(20, 27)",taxation,6,0.25,False,True,False
210,224-3,42111.3125,"(21, 38)",taxation,6,0.25,False,True,False
210,87-3,49346.625,"(26, 16)",taxation,6,0.25,False,True,False
210,135-3,49335.0625,"(10, 15)",taxation,6,0.25,False,True,False
210,8-3,49385.25,"(5, 20)",taxation,6,0.25,False,True,False
210,227-3,54183.375,"(38, 23)",taxation,6,0.25,False,True,False
210,178-3,54159.1875,"(13, 41)",taxation,6,0.25,False,True,False
210,114-3,56605.3125,"(45, 26)",taxation,6,0.25,False,True,False
210,118-3,54115.625,"(48, 19)",taxation,6,0.25,False,True,False
210,244-3,56585.875,"(18, 6)",taxation,6,0.25,False,True,False
210,34-3,44503.5,"(40, 12)",taxation,6,0.25,False,True,False
210,60-3,51740.4375,"(0, 19)",taxation,6,0.25,False,True,False
210,218-3,56590.125,"(12, 17)",taxation,6,0.25,False,True,False
210,49-3,46955.875,"(21, 4)",taxation,6,0.25,False,True,False
210,185-3,49401.125,"(42, 30)",taxation,6,0.25,False,True,False
210,228-4,29418.9375,"(22, 0)",taxation,6,0.25,False,True,False
210,24-3,39739.125,"(37, 16)",taxation,6,0.25,False,True,False
210,9-3,42137.9375,"(42, 28)",taxation,6,0.25,False,True,False
210,39-3,34842.625,"(20, 34)",taxation,6,0.25,False,True,False
210,151-3,39664.1875,"(30, 14)",taxation,6,0.25,False,True,False
210,29-3,49371.9375,"(19, 6)",taxation,6,0.25,False,True,False
210,230-3,39696.0,"(43, 30)",taxation,6,0.25,False,True,False
210,131-3,49353.75,"(21, 48)",taxation,6,0.25,False,True,False
210,81-3,46956.6875,"(34, 11)",taxation,6,0.25,False,True,False
210,222-3,49320.125,"(14, 16)",taxation,6,0.25,False,True,False
210,171-3,49315.375,"(18, 33)",taxation,6,0.25,False,True,False
210,200-3,46938.5,"(22, 11)",taxation,6,0.25,False,True,False
210,238-3,49335.5,"(44, 32)",taxation,6,0.25,False,True,False
210,153-3,25216.25,"(7, 15)",taxation,6,0.25,False,True,False
210,197-3,39675.1875,"(39, 23)",taxation,6,0.25,False,True,False
210,139-4,44519.765625,"(19, 11)",taxation,6,0.25,False,True,False
210,204-3,54133.375,"(17, 37)",taxation,6,0.25,False,True,False
210,211-3,32413.8125,"(1, 21)",taxation,6,0.25,False,True,False
210,93-3,22791.0,"(39, 12)",taxation,6,0.25,False,True,False
210,101-3,49366.5625,"(25, 13)",taxation,6,0.25,False,True,False
210,213-3,49346.625,"(21, 47)",taxation,6,0.25,False,True,False
210,70-3,51736.0,"(20, 43)",taxation,6,0.25,False,True,False
210,239-3,49347.625,"(6, 16)",taxation,6,0.25,False,True,False
210,243-3,46904.125,"(3, 25)",taxation,6,0.25,False,True,False
210,192-3,44525.25,"(16, 47)",taxation,6,0.25,False,True,False
210,143-3,49330.3125,"(44, 31)",taxation,6,0.25,False,True,False
210,35-3,49336.875,"(40, 25)",taxation,6,0.25,False,True,False
210,3-3,29986.6875,"(19, 43)",taxation,6,0.25,False,True,False
210,181-3,49317.937500000015,"(5, 21)",taxation,6,0.25,False,True,False
210,105-3,44497.625,"(49, 26)",taxation,6,0.25,False,True,False
210,177-3,49379.3125,"(48, 26)",taxation,6,0.25,False,True,False
210,167-4,39058.734375,"(30, 11)",taxation,6,0.25,False,True,False
210,173-4,10751.8125,"(18, 13)",taxation,6,0.25,False,True,False
210,44-3,32423.0,"(21, 34)",taxation,6,0.25,False,True,False
210,216-3,54128.5,"(45, 36)",taxation,6,0.25,False,True,False
210,217-3,30028.375,"(44, 27)",taxation,6,0.25,False,True,False
210,138-3,51665.8125,"(19, 27)",taxation,6,0.25,False,True,False
210,75-4,35391.0625,"(14, 36)",taxation,6,0.25,False,True,False
210,74-4,43245.0,"(17, 39)",taxation,6,0.25,False,True,False
210,191-3,56528.5625,"(18, 8)",taxation,6,0.25,False,True,False
210,240-4,13099.3125,"(17, 36)",taxation,6,0.25,False,True,False
210,20-3,46920.75,"(45, 27)",taxation,6,0.25,False,True,False
210,159-3,39673.375,"(32, 32)",taxation,6,0.25,False,True,False
210,158-4,36022.0625,"(10, 14)",taxation,6,0.25,False,True,False
210,66-3,54161.8125,"(47, 25)",taxation,6,0.25,False,True,False
210,170-4,34278.734375,"(45, 25)",taxation,6,0.25,False,True,False
210,146-4,15548.3125,"(29, 42)",taxation,6,0.25,False,True,False
210,208-4,39653.703125,"(15, 24)",taxation,6,0.25,False,True,False
210,219-4,43264.3125,"(46, 25)",taxation,6,0.25,False,True,False
210,140-4,1053.0625,"(13, 44)",taxation,6,0.25,False,True,False
210,210-3,58941.5625,"(15, 45)",taxation,6,0.25,False,True,False
210,198-4,35439.71875,"(25, 1)",taxation,6,0.25,False,True,False
210,246-4,37262.3125,"(15, 37)",taxation,6,0.25,False,True,False
210,187-4,20339.1875,"(21, 0)",taxation,6,0.25,False,True,False
210,179-4,32454.53125,"(36, 3)",taxation,6,0.25,False,True,False
210,23-4,40239.5,"(40, 24)",taxation,6,0.25,False,True,False
210,31-4,44449.46875,"(7, 30)",taxation,6,0.25,False,True,False
210,150-3,42040.4375,"(38, 20)",taxation,6,0.25,False,True,False
210,12-3,46879.8125,"(33, 10)",taxation,6,0.25,False,True,False
210,98-4,20381.0625,"(47, 27)",taxation,6,0.25,False,True,False
210,126-3,49296.0625,"(38, 28)",taxation,6,0.25,False,True,False
210,176-4,1058.1875,"(16, 35)",taxation,6,0.25,False,True,False
210,28-4,34226.203125,"(46, 33)",taxation,6,0.25,False,True,False
210,154-4,17915.3125,"(4, 20)",taxation,6,0.25,False,True,False
210,40-4,40832.3125,"(19, 35)",taxation,6,0.25,False,True,False
210,1-4,28813.140625,"(14, 47)",taxation,6,0.25,False,True,False
210,76-4,37231.921875000015,"(18, 31)",taxation,6,0.25,False,True,False
210,67-3,37261.5625,"(47, 35)",taxation,6,0.25,False,True,False
210,182-4,39001.890625,"(13, 13)",taxation,6,0.25,False,True,False
210,241-4,35395.21875,"(15, 10)",taxation,6,0.25,False,True,False
210,149-4,33632.5625,"(11, 14)",taxation,6,0.25,False,True,False
210,17-4,40863.03125,"(4, 17)",taxation,6,0.25,False,True,False
210,0-4,26372.828125,"(26, 5)",taxation,6,0.25,False,True,False
210,22-4,42634.8125,"(25, 5)",taxation,6,0.25,False,True,False
210,10-4,39023.390625,"(21, 1)",taxation,6,0.25,False,True,False
210,242-4,17352.953125,"(47, 28)",taxation,6,0.25,False,True,False
210,142-4,24525.859375,"(30, 0)",taxation,6,0.25,False,True,False
210,189-4,33659.84375,"(41, 25)",taxation,6,0.25,False,True,False
210,63-4,35364.171875,"(42, 25)",taxation,6,0.25,False,True,False
210,165-4,44379.1875,"(38, 22)",taxation,6,0.25,False,True,False
210,94-4,13100.125,"(16, 39)",taxation,6,0.25,False,True,False
210,206-4,37786.328125,"(34, 12)",taxation,6,0.25,False,True,False
210,172-4,40786.484375,"(0, 22)",taxation,6,0.25,False,True,False
210,144-4,37230.90625,"(40, 28)",taxation,6,0.25,False,True,False
210,111-4,40781.515625,"(36, 14)",taxation,6,0.25,False,True,False
210,83-4,40792.671875,"(8, 14)",taxation,6,0.25,False,True,False
210,249-4,39036.5625,"(26, 43)",taxation,6,0.25,False,True,False
210,51-4,39004.40625,"(33, 11)",taxation,6,0.25,False,True,False
210,180-4,37197.265625,"(11, 15)",taxation,6,0.25,False,True,False
210,148-4,29935.953125,"(19, 37)",taxation,6,0.25,False,True,False
210,16-4,42618.34375,"(27, 43)",taxation,6,0.25,False,True,False
210,134-4,37191.25,"(37, 22)",taxation,6,0.25,False,True,False
210,73-4,38981.265625,"(38, 25)",taxation,6,0.25,False,True,False
210,54-4,37183.140625,"(24, 8)",taxation,6,0.25,False,True,False
210,38-4,38981.59375,"(31, 2)",taxation,6,0.25,False,True,False
210,6-4,42617.625,"(36, 15)",taxation,6,0.25,False,True,False
210,156-4,28102.96875,"(21, 42)",taxation,6,0.25,False,True,False
210,95-4,42616.65625,"(39, 24)",taxation,6,0.25,False,True,False
210,42-4,28200.21875,"(14, 13)",taxation,6,0.25,False,True,False
210,168-4,40801.15625,"(16, 36)",taxation,6,0.25,False,True,False
210,183-4,26335.796875,"(39, 25)",taxation,6,0.25,False,True,False
210,53-4,24508.765625,"(43, 25)",taxation,6,0.25,False,True,False
210,106-4,35372.859375,"(19, 30)",taxation,6,0.25,False,True,False
210,133-4,33578.1875,"(20, 1)",taxation,6,0.25,False,True,False
210,25-4,33551.6875,"(12, 42)",taxation,6,0.25,False,True,False
210,56-4,37198.171875,"(2, 19)",taxation,6,0.25,False,True,False
210,234-4,38927.34375,"(22, 40)",taxation,6,0.25,False,True,False
210,71-4,40802.203125,"(1, 24)",taxation,6,0.25,False,True,False
210,162-4,38959.15625,"(15, 36)",taxation,6,0.25,False,True,False
210,45-4,38955.109375,"(25, 33)",taxation,6,0.25,False,True,False
210,212-4,39014.609375,"(33, 2)",taxation,6,0.25,False,True,False
210,110-4,42578.3125,"(15, 35)",taxation,6,0.25,False,True,False
210,225-4,38983.421875,"(20, 45)",taxation,6,0.25,False,True,False
210,231-4,24492.109375,"(13, 42)",taxation,6,0.25,False,True,False
210,137-4,33547.53125,"(41, 29)",taxation,6,0.25,False,True,False
210,4-4,28128.515625,"(23, 12)",taxation,6,0.25,False,True,False
210,169-4,29923.4375,"(20, 39)",taxation,6,0.25,False,True,False
210,125-4,40733.125,"(21, 45)",taxation,6,0.25,False,True,False
210,122-4,31723.515625,"(9, 15)",taxation,6,0.25,False,True,False
210,226-4,37148.796875,"(8, 15)",taxation,6,0.25,False,True,False
210,5-4,17239.21875,"(43, 26)",taxation,6,0.25,False,True,False
210,209-4,42583.46875,"(16, 41)",taxation,6,0.25,False,True,False
210,205-4,19081.359375,"(38, 21)",taxation,6,0.25,False,True,False
210,130-4,40718.34375,"(17, 10)",taxation,6,0.25,False,True,False
210,91-4,40810.796875,"(15, 11)",taxation,6,0.25,False,True,False
210,214-4,24480.4375,"(43, 24)",taxation,6,0.25,False,True,False
210,196-4,26253.25,"(11, 45)",taxation,6,0.25,False,True,False
210,21-4,35326.015625,"(15, 16)",taxation,6,0.25,False,True,False
210,141-4,29945.53125,"(49, 24)",taxation,6,0.25,False,True,False
210,193-4,33508.84375,"(14, 38)",taxation,6,0.25,False,True,False
210,68-4,31711.984375,"(21, 44)",taxation,6,0.25,False,True,False
210,161-4,31698.875,"(26, 6)",taxation,6,0.25,False,True,False
210,147-4,37143.921875,"(37, 21)",taxation,6,0.25,False,True,False
210,175-4,31679.78125,"(11, 42)",taxation,6,0.25,False,True,False
210,55-4,40753.453125,"(21, 30)",taxation,6,0.25,False,True,False
210,50-4,42540.59375,"(19, 47)",taxation,6,0.25,False,True,False
210,113-4,38919.296875,"(1, 22)",taxation,6,0.25,False,True,False
210,201-4,26274.203125,"(18, 39)",taxation,6,0.25,False,True,False
210,102-4,26245.59375,"(15, 40)",taxation,6,0.25,False,True,False
210,112-4,40729.46875,"(15, 48)",taxation,6,0.25,False,True,False
210,41-4,40742.5,"(18, 7)",taxation,6,0.25,False,True,False
210,78-4,35327.515625,"(17, 34)",taxation,6,0.25,False,True,False
210,203-4,44362.765625,"(44, 25)",taxation,6,0.25,False,True,False
210,247-4,33514.5625,"(17, 33)",taxation,6,0.25,False,True,False
210,32-4,40718.359375,"(37, 24)",taxation,6,0.25,False,True,False
210,115-4,40721.484375,"(15, 47)",taxation,6,0.25,False,True,False
210,33-4,29869.703125,"(26, 44)",taxation,6,0.25,False,True,False
210,202-4,42538.375,"(17, 35)",taxation,6,0.25,False,True,False
210,155-4,38931.828125,"(28, 47)",taxation,6,0.25,False,True,False
210,207-4,29875.109375,"(30, 16)",taxation,6,0.25,False,True,False
210,145-4,38923.75,"(40, 13)",taxation,6,0.25,False,True,False
210,132-4,40737.484375,"(47, 26)",taxation,6,0.25,False,True,False
210,166-4,35248.578125,"(19, 21)",taxation,6,0.25,False,True,False
210,100-4,37138.671875,"(10, 26)",taxation,6,0.25,False,True,False
210,116-4,40725.84375,"(37, 34)",taxation,6,0.25,False,True,False
210,19-4,38924.75,"(33, 7)",taxation,6,0.25,False,True,False
210,233-4,35255.828125,"(6, 20)",taxation,6,0.25,False,True,False
210,64-4,37068.5,"(45, 24)",taxation,6,0.25,False,True,False
210,186-4,35324.640625,"(29, 11)",taxation,6,0.25,False,True,False
210,103-4,37098.40625,"(15, 43)",taxation,6,0.25,False,True,False
210,163-4,44314.125,"(48, 25)",taxation,6,0.25,False,True,False
210,221-4,35249.21875,"(31, 1)",taxation,6,0.25,False,True,False
210,86-4,37100.875,"(12, 14)",taxation,6,0.25,False,True,False
210,57-4,33471.765625,"(2, 18)",taxation,6,0.25,False,True,False
210,164-4,38932.828125,"(16, 33)",taxation,6,0.25,False,True,False
210,92-4,40696.1875,"(48, 11)",taxation,6,0.25,False,True,False
210,174-4,40721.84375,"(17, 38)",taxation,6,0.25,False,True,False
210,89-4,38878.296875,"(40, 30)",taxation,6,0.25,False,True,False
210,188-4,37089.34375,"(26, 13)",taxation,6,0.25,False,True,False
210,11-4,29861.890625,"(20, 38)",taxation,6,0.25,False,True,False
210,2-4,37118.859375,"(7, 19)",taxation,6,0.25,False,True,False
210,90-4,33444.90625,"(21, 29)",taxation,6,0.25,False,True,False
210,120-4,42513.875,"(3, 24)",taxation,6,0.25,False,True,False
210,48-4,38836.125,"(7, 16)",taxation,6,0.25,False,True,False
210,69-4,40655.90625,"(25, 12)",taxation,6,0.25,False,True,False
210,97-4,29816.484375,"(18, 20)",taxation,6,0.25,False,True,False
210,13-4,35283.515625,"(21, 46)",taxation,6,0.25,False,True,False
210,58-4,38846.90625,"(32, 0)",taxation,6,0.25,False,True,False
210,52-4,28029.328125,"(33, 12)",taxation,6,0.25,False,True,False
210,117-4,33438.21875,"(13, 40)",taxation,6,0.25,False,True,False
210,27-4,33436.546875,"(1, 19)",taxation,6,0.25,False,True,False
210,121-4,37086.0,"(5, 17)",taxation,6,0.25,False,True,False
210,107-4,40665.65625,"(14, 30)",taxation,6,0.25,False,True,False
210,85-4,33470.3125,"(16, 49)",taxation,6,0.25,False,True,False
210,237-4,29832.484375,"(22, 30)",taxation,6,0.25,False,True,False
210,18-4,42487.234375,"(40, 20)",taxation,6,0.25,False,True,False
210,96-4,42503.28125,"(25, 14)",taxation,6,0.25,False,True,False
210,160-4,33442.3125,"(18, 32)",taxation,6,0.25,False,True,False
210,37-4,38879.046875,"(46, 35)",taxation,6,0.25,False,True,False
210,30-4,42512.703125,"(42, 27)",taxation,6,0.25,False,True,False
210,235-4,37049.953125,"(1, 18)",taxation,6,0.25,False,True,False
210,80-4,40668.46875,"(41, 27)",taxation,6,0.25,False,True,False
210,14-4,9923.90625,"(17, 16)",taxation,6,0.25,False,True,False
210,104-4,35274.84375,"(16, 34)",taxation,6,0.25,False,True,False
211,88-3,49430.0,"(13, 9)",taxation,6,0.25,False,True,False
211,248-3,49398.1875,"(12, 49)",taxation,6,0.25,False,True,False
211,108-3,27708.6875,"(47, 24)",taxation,6,0.25,False,True,False
211,82-3,51815.125,"(26, 34)",taxation,6,0.25,False,True,False
211,236-3,49412.9375,"(29, 41)",taxation,6,0.25,False,True,False
211,152-3,51792.1875,"(9, 13)",taxation,6,0.25,False,True,False
211,109-3,49399.875,"(31, 5)",taxation,6,0.25,False,True,False
211,72-3,56639.875,"(5, 23)",taxation,6,0.25,False,True,False
211,127-3,51802.5,"(24, 15)",taxation,6,0.25,False,True,False
211,61-3,59052.1875,"(29, 15)",taxation,6,0.25,False,True,False
211,232-3,30042.6875,"(16, 14)",taxation,6,0.25,False,True,False
211,65-3,56611.9375,"(41, 16)",taxation,6,0.25,False,True,False
211,124-3,46950.1875,"(16, 40)",taxation,6,0.25,False,True,False
211,62-3,49393.125,"(7, 25)",taxation,6,0.25,False,True,False
211,59-3,44611.9375,"(12, 11)",taxation,6,0.25,False,True,False
211,26-3,39748.5625,"(1, 28)",taxation,6,0.25,False,True,False
211,194-3,44573.625,"(13, 34)",taxation,6,0.25,False,True,False
211,36-3,37333.4375,"(1, 20)",taxation,6,0.25,False,True,False
211,7-3,37357.375,"(40, 27)",taxation,6,0.25,False,True,False
211,47-3,34884.3125,"(11, 48)",taxation,6,0.25,False,True,False
211,223-3,34929.5,"(14, 34)",taxation,6,0.25,False,True,False
211,129-3,46988.5,"(7, 22)",taxation,6,0.25,False,True,False
211,77-3,42153.125,"(42, 29)",taxation,6,0.25,False,True,False
211,43-3,49389.8125,"(48, 24)",taxation,6,0.25,False,True,False
211,128-3,54235.25,"(43, 31)",taxation,6,0.25,False,True,False
211,79-3,46980.1875,"(20, 4)",taxation,6,0.25,False,True,False
211,199-3,56606.25,"(11, 11)",taxation,6,0.25,False,True,False
211,136-3,39714.375,"(1, 30)",taxation,6,0.25,False,True,False
211,99-3,46943.9375,"(37, 29)",taxation,6,0.25,False,True,False
211,84-3,49407.625,"(14, 12)",taxation,6,0.25,False,True,False
211,123-3,56582.5625,"(9, 44)",taxation,6,0.25,False,True,False
211,119-3,49367.75,"(16, 32)",taxation,6,0.25,False,True,False
211,46-3,34898.5,"(20, 6)",taxation,6,0.25,False,True,False
211,190-3,49337.0625,"(10, 39)",taxation,6,0.25,False,True,False
211,215-3,54239.625,"(36, 27)",taxation,6,0.25,False,True,False
211,220-3,54214.25,"(20, 16)",taxation,6,0.25,False,True,False
211,157-3,46951.1875,"(1, 25)",taxation,6,0.25,False,True,False
211,245-3,54165.0625,"(41, 31)",taxation,6,0.25,False,True,False
211,195-3,22846.9375,"(10, 47)",taxation,6,0.25,False,True,False
211,15-3,44547.0625,"(20, 26)",taxation,6,0.25,False,True,False
211,224-3,42116.3125,"(26, 33)",taxation,6,0.25,False,True,False
211,87-3,49355.625,"(20, 12)",taxation,6,0.25,False,True,False
211,135-3,49345.0625,"(12, 13)",taxation,6,0.25,False,True,False
211,8-3,49394.25,"(10, 21)",taxation,6,0.25,False,True,False
211,227-3,54191.375,"(37, 25)",taxation,6,0.25,False,True,False
211,178-3,54166.1875,"(8, 37)",taxation,6,0.25,False,True,False
211,114-3,56614.3125,"(43, 27)",taxation,6,0.25,False,True,False
211,118-3,54122.625,"(47, 20)",taxation,6,0.25,False,True,False
211,244-3,56595.875,"(12, 10)",taxation,6,0.25,False,True,False
211,34-3,44509.5,"(35, 14)",taxation,6,0.25,False,True,False
211,60-3,51742.4375,"(3, 22)",taxation,6,0.25,False,True,False
211,218-3,56599.125,"(13, 18)",taxation,6,0.25,False,True,False
211,49-3,46964.875,"(19, 5)",taxation,6,0.25,False,True,False
211,185-3,49410.125,"(47, 32)",taxation,6,0.25,False,True,False
211,228-4,29427.9375,"(18, 4)",taxation,6,0.25,False,True,False
211,24-3,39746.125,"(37, 20)",taxation,6,0.25,False,True,False
211,9-3,42145.9375,"(42, 32)",taxation,6,0.25,False,True,False
211,39-3,34849.625,"(22, 29)",taxation,6,0.25,False,True,False
211,151-3,39672.1875,"(25, 11)",taxation,6,0.25,False,True,False
211,29-3,49381.9375,"(13, 10)",taxation,6,0.25,False,True,False
211,230-3,39705.0,"(44, 30)",taxation,6,0.25,False,True,False
211,131-3,49357.75,"(16, 44)",taxation,6,0.25,False,True,False
211,81-3,46963.6875,"(29, 14)",taxation,6,0.25,False,True,False
211,222-3,49330.125,"(12, 12)",taxation,6,0.25,False,True,False
211,171-3,49323.375,"(23, 28)",taxation,6,0.25,False,True,False
211,200-3,46948.5,"(16, 13)",taxation,6,0.25,False,True,False
211,238-3,49344.5,"(48, 32)",taxation,6,0.25,False,True,False
211,153-3,25226.25,"(10, 12)",taxation,6,0.25,False,True,False
211,197-3,39683.1875,"(39, 26)",taxation,6,0.25,False,True,False
211,139-4,44529.765625,"(17, 13)",taxation,6,0.25,False,True,False
211,204-3,54140.375,"(23, 31)",taxation,6,0.25,False,True,False
211,211-3,32422.8125,"(4, 22)",taxation,6,0.25,False,True,False
211,93-3,22797.0,"(35, 15)",taxation,6,0.25,False,True,False
211,101-3,49375.5625,"(21, 14)",taxation,6,0.25,False,True,False
211,213-3,49350.625,"(16, 45)",taxation,6,0.25,False,True,False
211,70-3,51741.0,"(14, 40)",taxation,6,0.25,False,True,False
211,239-3,49357.625,"(6, 15)",taxation,6,0.25,False,True,False
211,243-3,46913.125,"(4, 26)",taxation,6,0.25,False,True,False
211,192-3,44530.25,"(11, 49)",taxation,6,0.25,False,True,False
211,143-3,49339.3125,"(46, 31)",taxation,6,0.25,False,True,False
211,35-3,49344.875,"(40, 31)",taxation,6,0.25,False,True,False
211,3-3,29991.6875,"(13, 39)",taxation,6,0.25,False,True,False
211,181-3,49326.937500000015,"(7, 23)",taxation,6,0.25,False,True,False
211,105-3,44506.625,"(49, 29)",taxation,6,0.25,False,True,False
211,177-3,49388.3125,"(48, 30)",taxation,6,0.25,False,True,False
211,167-4,39066.734375,"(24, 9)",taxation,6,0.25,False,True,False
211,173-4,10761.8125,"(14, 14)",taxation,6,0.25,False,True,False
211,44-3,32430.0,"(23, 30)",taxation,6,0.25,False,True,False
211,216-3,54137.5,"(48, 35)",taxation,6,0.25,False,True,False
211,217-3,30037.375,"(47, 31)",taxation,6,0.25,False,True,False
211,138-3,51674.8125,"(15, 21)",taxation,6,0.25,False,True,False
211,75-4,35398.0625,"(10, 32)",taxation,6,0.25,False,True,False
211,74-4,43252.0,"(11, 36)",taxation,6,0.25,False,True,False
211,191-3,56538.5625,"(13, 11)",taxation,6,0.25,False,True,False
211,240-4,13107.3125,"(11, 32)",taxation,6,0.25,False,True,False
211,20-3,46929.75,"(48, 29)",taxation,6,0.25,False,True,False
211,159-3,39680.375,"(34, 30)",taxation,6,0.25,False,True,False
211,158-4,36032.0625,"(10, 13)",taxation,6,0.25,False,True,False
211,66-3,54170.8125,"(45, 28)",taxation,6,0.25,False,True,False
211,170-4,34287.734375,"(44, 28)",taxation,6,0.25,False,True,False
211,146-4,15552.3125,"(29, 37)",taxation,6,0.25,False,True,False
211,208-4,39662.703125,"(16, 20)",taxation,6,0.25,False,True,False
211,219-4,43272.3125,"(46, 26)",taxation,6,0.25,False,True,False
211,140-4,1059.0625,"(9, 43)",taxation,6,0.25,False,True,False
211,210-3,58948.5625,"(10, 40)",taxation,6,0.25,False,True,False
211,198-4,35448.71875,"(20, 5)",taxation,6,0.25,False,True,False
211,246-4,37269.3125,"(9, 36)",taxation,6,0.25,False,True,False
211,187-4,20348.1875,"(17, 3)",taxation,6,0.25,False,True,False
211,179-4,32460.53125,"(31, 6)",taxation,6,0.25,False,True,False
211,23-4,40248.5,"(38, 27)",taxation,6,0.25,False,True,False
211,31-4,44458.46875,"(5, 28)",taxation,6,0.25,False,True,False
211,150-3,42048.4375,"(37, 26)",taxation,6,0.25,False,True,False
211,12-3,46886.8125,"(28, 11)",taxation,6,0.25,False,True,False
211,98-4,20390.0625,"(47, 29)",taxation,6,0.25,False,True,False
211,126-3,49304.0625,"(39, 29)",taxation,6,0.25,False,True,False
211,176-4,1065.1875,"(12, 38)",taxation,6,0.25,False,True,False
211,28-4,34235.203125,"(47, 33)",taxation,6,0.25,False,True,False
211,154-4,17924.3125,"(10, 20)",taxation,6,0.25,False,True,False
211,40-4,40839.3125,"(15, 33)",taxation,6,0.25,False,True,False
211,1-4,28819.140625,"(14, 44)",taxation,6,0.25,False,True,False
211,76-4,37239.921875000015,"(22, 27)",taxation,6,0.25,False,True,False
211,67-3,37270.5625,"(48, 34)",taxation,6,0.25,False,True,False
211,182-4,39011.890625,"(13, 12)",taxation,6,0.25,False,True,False
211,241-4,35405.21875,"(14, 10)",taxation,6,0.25,False,True,False
211,149-4,33642.5625,"(11, 13)",taxation,6,0.25,False,True,False
211,17-4,40872.03125,"(9, 21)",taxation,6,0.25,False,True,False
211,0-4,26381.828125,"(20, 7)",taxation,6,0.25,False,True,False
211,22-4,42643.8125,"(21, 6)",taxation,6,0.25,False,True,False
211,10-4,39032.390625,"(17, 2)",taxation,6,0.25,False,True,False
211,242-4,17361.953125,"(49, 32)",taxation,6,0.25,False,True,False
211,142-4,24533.859375,"(25, 3)",taxation,6,0.25,False,True,False
211,189-4,33667.84375,"(40, 26)",taxation,6,0.25,False,True,False
211,63-4,35372.171875,"(46, 27)",taxation,6,0.25,False,True,False
211,165-4,44388.1875,"(43, 28)",taxation,6,0.25,False,True,False
211,94-4,13106.125,"(11, 38)",taxation,6,0.25,False,True,False
211,206-4,37793.328125,"(29, 16)",taxation,6,0.25,False,True,False
211,172-4,40795.484375,"(2, 28)",taxation,6,0.25,False,True,False
211,144-4,37239.90625,"(39, 27)",taxation,6,0.25,False,True,False
211,111-4,40788.515625,"(35, 20)",taxation,6,0.25,False,True,False
211,83-4,40801.671875,"(14, 8)",taxation,6,0.25,False,True,False
211,249-4,39040.5625,"(26, 37)",taxation,6,0.25,False,True,False
211,51-4,39011.40625,"(29, 13)",taxation,6,0.25,False,True,False
211,180-4,37206.265625,"(14, 17)",taxation,6,0.25,False,True,False
211,148-4,29940.953125,"(13, 38)",taxation,6,0.25,False,True,False
211,16-4,42622.34375,"(28, 37)",taxation,6,0.25,False,True,False
211,134-4,37199.25,"(38, 24)",taxation,6,0.25,False,True,False
211,73-4,38990.265625,"(38, 26)",taxation,6,0.25,False,True,False
211,54-4,37192.140625,"(21, 8)",taxation,6,0.25,False,True,False
211,38-4,38989.59375,"(25, 2)",taxation,6,0.25,False,True,False
211,6-4,42624.625,"(36, 20)",taxation,6,0.25,False,True,False
211,156-4,28106.96875,"(16, 42)",taxation,6,0.25,False,True,False
211,95-4,42625.65625,"(41, 26)",taxation,6,0.25,False,True,False
211,42-4,28209.21875,"(15, 13)",taxation,6,0.25,False,True,False
211,168-4,40809.15625,"(15, 34)",taxation,6,0.25,False,True,False
211,183-4,26344.796875,"(45, 30)",taxation,6,0.25,False,True,False
211,53-4,24516.765625,"(44, 26)",taxation,6,0.25,False,True,False
211,106-4,35380.859375,"(21, 26)",taxation,6,0.25,False,True,False
211,133-4,33587.1875,"(19, 2)",taxation,6,0.25,False,True,False
211,25-4,33558.6875,"(10, 38)",taxation,6,0.25,False,True,False
211,56-4,37207.171875,"(6, 22)",taxation,6,0.25,False,True,False
211,234-4,38932.34375,"(27, 34)",taxation,6,0.25,False,True,False
211,71-4,40812.203125,"(0, 18)",taxation,6,0.25,False,True,False
211,162-4,38965.15625,"(12, 35)",taxation,6,0.25,False,True,False
211,45-4,38963.109375,"(24, 29)",taxation,6,0.25,False,True,False
211,212-4,39021.609375,"(29, 2)",taxation,6,0.25,False,True,False
211,110-4,42586.3125,"(11, 33)",taxation,6,0.25,False,True,False
211,225-4,38989.421875,"(14, 39)",taxation,6,0.25,False,True,False
211,231-4,24499.109375,"(9, 39)",taxation,6,0.25,False,True,False
211,137-4,33556.53125,"(44, 29)",taxation,6,0.25,False,True,False
211,4-4,28137.515625,"(20, 10)",taxation,6,0.25,False,True,False
211,169-4,29927.4375,"(16, 38)",taxation,6,0.25,False,True,False
211,125-4,40738.125,"(15, 42)",taxation,6,0.25,False,True,False
211,122-4,31732.515625,"(13, 17)",taxation,6,0.25,False,True,False
211,226-4,37158.796875,"(11, 12)",taxation,6,0.25,False,True,False
211,5-4,17248.21875,"(46, 29)",taxation,6,0.25,False,True,False
211,209-4,42589.46875,"(10, 36)",taxation,6,0.25,False,True,False
211,205-4,19088.359375,"(39, 20)",taxation,6,0.25,False,True,False
211,130-4,40728.34375,"(16, 12)",taxation,6,0.25,False,True,False
211,91-4,40820.796875,"(14, 11)",taxation,6,0.25,False,True,False
211,214-4,24488.4375,"(46, 30)",taxation,6,0.25,False,True,False
211,196-4,26259.25,"(9, 45)",taxation,6,0.25,False,True,False
211,21-4,35335.015625,"(15, 15)",taxation,6,0.25,False,True,False
211,141-4,29953.53125,"(49, 27)",taxation,6,0.25,False,True,False
211,193-4,33515.84375,"(8, 36)",taxation,6,0.25,False,True,False
211,68-4,31715.984375,"(16, 43)",taxation,6,0.25,False,True,False
211,161-4,31707.875,"(21, 9)",taxation,6,0.25,False,True,False
211,147-4,37150.921875,"(36, 21)",taxation,6,0.25,False,True,False
211,175-4,31686.78125,"(11, 41)",taxation,6,0.25,False,True,False
211,55-4,40761.453125,"(23, 27)",taxation,6,0.25,False,True,False
211,50-4,42544.59375,"(15, 41)",taxation,6,0.25,False,True,False
211,113-4,38928.296875,"(2, 23)",taxation,6,0.25,False,True,False
211,201-4,26282.203125,"(14, 35)",taxation,6,0.25,False,True,False
211,102-4,26253.59375,"(12, 34)",taxation,6,0.25,False,True,False
211,112-4,40735.46875,"(14, 46)",taxation,6,0.25,False,True,False
211,41-4,40752.5,"(14, 9)",taxation,6,0.25,False,True,False
211,78-4,35334.515625,"(12, 30)",taxation,6,0.25,False,True,False
211,203-4,44370.765625,"(46, 28)",taxation,6,0.25,False,True,False
211,247-4,33522.5625,"(15, 31)",taxation,6,0.25,False,True,False
211,32-4,40726.359375,"(43, 29)",taxation,6,0.25,False,True,False
211,115-4,40727.484375,"(9, 42)",taxation,6,0.25,False,True,False
211,33-4,29872.703125,"(28, 41)",taxation,6,0.25,False,True,False
211,202-4,42545.375,"(11, 35)",taxation,6,0.25,False,True,False
211,155-4,38934.828125,"(30, 41)",taxation,6,0.25,False,True,False
211,207-4,29883.109375,"(25, 15)",taxation,6,0.25,False,True,False
211,145-4,38929.75,"(36, 16)",taxation,6,0.25,False,True,False
211,132-4,40745.484375,"(48, 27)",taxation,6,0.25,False,True,False
211,166-4,35257.578125,"(17, 20)",taxation,6,0.25,False,True,False
211,100-4,37147.671875,"(8, 26)",taxation,6,0.25,False,True,False
211,116-4,40733.84375,"(39, 31)",taxation,6,0.25,False,True,False
211,19-4,38931.75,"(29, 4)",taxation,6,0.25,False,True,False
211,233-4,35265.828125,"(5, 16)",taxation,6,0.25,False,True,False
211,64-4,37077.5,"(45, 29)",taxation,6,0.25,False,True,False
211,186-4,35332.640625,"(25, 7)",taxation,6,0.25,False,True,False
211,103-4,37105.40625,"(12, 39)",taxation,6,0.25,False,True,False
211,163-4,44323.125,"(48, 31)",taxation,6,0.25,False,True,False
211,221-4,35257.21875,"(25, 4)",taxation,6,0.25,False,True,False
211,86-4,37109.875,"(15, 14)",taxation,6,0.25,False,True,False
211,57-4,33480.765625,"(2, 22)",taxation,6,0.25,False,True,False
211,164-4,38939.828125,"(10, 33)",taxation,6,0.25,False,True,False
211,92-4,40701.1875,"(42, 17)",taxation,6,0.25,False,True,False
211,174-4,40727.84375,"(12, 36)",taxation,6,0.25,False,True,False
211,89-4,38886.296875,"(40, 29)",taxation,6,0.25,False,True,False
211,188-4,37098.34375,"(21, 13)",taxation,6,0.25,False,True,False
211,11-4,29866.890625,"(25, 32)",taxation,6,0.25,False,True,False
211,2-4,37127.859375,"(11, 20)",taxation,6,0.25,False,True,False
211,90-4,33452.90625,"(22, 28)",taxation,6,0.25,False,True,False
211,120-4,42522.875,"(3, 26)",taxation,6,0.25,False,True,False
211,48-4,38845.125,"(12, 19)",taxation,6,0.25,False,True,False
211,69-4,40664.90625,"(21, 11)",taxation,6,0.25,False,True,False
211,97-4,29826.484375,"(14, 15)",taxation,6,0.25,False,True,False
211,13-4,35286.515625,"(19, 46)",taxation,6,0.25,False,True,False
211,58-4,38853.90625,"(29, 1)",taxation,6,0.25,False,True,False
211,52-4,28036.328125,"(28, 12)",taxation,6,0.25,False,True,False
211,117-4,33445.21875,"(10, 37)",taxation,6,0.25,False,True,False
211,27-4,33438.546875,"(4, 23)",taxation,6,0.25,False,True,False
211,121-4,37088.0,"(9, 20)",taxation,6,0.25,False,True,False
211,107-4,40673.65625,"(9, 28)",taxation,6,0.25,False,True,False
211,85-4,33476.3125,"(10, 49)",taxation,6,0.25,False,True,False
211,237-4,29840.484375,"(22, 26)",taxation,6,0.25,False,True,False
211,18-4,42495.234375,"(36, 26)",taxation,6,0.25,False,True,False
211,96-4,42512.28125,"(19, 13)",taxation,6,0.25,False,True,False
211,160-4,33450.3125,"(21, 28)",taxation,6,0.25,False,True,False
211,37-4,38888.046875,"(47, 34)",taxation,6,0.25,False,True,False
211,30-4,42521.703125,"(48, 33)",taxation,6,0.25,False,True,False
211,235-4,37051.953125,"(3, 23)",taxation,6,0.25,False,True,False
211,80-4,40677.46875,"(46, 32)",taxation,6,0.25,False,True,False
211,14-4,9933.90625,"(17, 15)",taxation,6,0.25,False,True,False
211,104-4,35282.84375,"(10, 28)",taxation,6,0.25,False,True,False
211,184-4,37022.203125,"(2, 17)",taxation,6,0.25,False,True,False
211,229-4,40700.765625,"(19, 20)",taxation,6,0.25,False,True,False
212,88-3,49440.0,"(14, 7)",taxation,6,0.25,False,True,False
212,248-3,49405.1875,"(6, 46)",taxation,6,0.25,False,True,False
212,108-3,27716.6875,"(46, 24)",taxation,6,0.25,False,True,False
212,82-3,51823.125,"(25, 30)",taxation,6,0.25,False,True,False
212,236-3,49417.9375,"(30, 36)",taxation,6,0.25,False,True,False
212,152-3,51797.1875,"(15, 18)",taxation,6,0.25,False,True,False
212,109-3,49407.875,"(28, 6)",taxation,6,0.25,False,True,False
212,72-3,56644.875,"(6, 29)",taxation,6,0.25,False,True,False
212,127-3,51811.5,"(22, 15)",taxation,6,0.25,False,True,False
212,61-3,59061.1875,"(23, 21)",taxation,6,0.25,False,True,False
212,65-3,56618.9375,"(39, 19)",taxation,6,0.25,False,True,False
212,124-3,46956.1875,"(12, 37)",taxation,6,0.25,False,True,False
212,62-3,49402.125,"(2, 29)",taxation,6,0.25,False,True,False
212,59-3,44617.9375,"(18, 15)",taxation,6,0.25,False,True,False
212,26-3,39757.5625,"(0, 31)",taxation,6,0.25,False,True,False
212,194-3,44580.625,"(8, 34)",taxation,6,0.25,False,True,False
212,36-3,37337.4375,"(1, 26)",taxation,6,0.25,False,True,False
212,47-3,34891.3125,"(7, 47)",taxation,6,0.25,False,True,False
212,223-3,34935.5,"(12, 33)",taxation,6,0.25,False,True,False
212,129-3,46992.5,"(9, 25)",taxation,6,0.25,False,True,False
212,77-3,42162.125,"(42, 34)",taxation,6,0.25,False,True,False
212,43-3,49397.8125,"(49, 21)",taxation,6,0.25,False,True,False
212,128-3,54244.25,"(43, 34)",taxation,6,0.25,False,True,False
212,79-3,46990.1875,"(16, 4)",taxation,6,0.25,False,True,False
212,199-3,56611.25,"(16, 16)",taxation,6,0.25,False,True,False
212,99-3,46952.9375,"(42, 35)",taxation,6,0.25,False,True,False
212,84-3,49415.625,"(19, 7)",taxation,6,0.25,False,True,False
212,123-3,56589.5625,"(8, 43)",taxation,6,0.25,False,True,False
212,119-3,49374.75,"(19, 26)",taxation,6,0.25,False,True,False
212,46-3,34908.5,"(17, 5)",taxation,6,0.25,False,True,False
212,190-3,49344.0625,"(7, 41)",taxation,6,0.25,False,True,False
212,215-3,54247.625,"(35, 26)",taxation,6,0.25,False,True,False
212,220-3,54223.25,"(21, 15)",taxation,6,0.25,False,True,False
212,157-3,46961.1875,"(3, 28)",taxation,6,0.25,False,True,False
212,245-3,54173.0625,"(38, 33)",taxation,6,0.25,False,True,False
212,195-3,22853.9375,"(6, 47)",taxation,6,0.25,False,True,False
212,15-3,44556.0625,"(22, 23)",taxation,6,0.25,False,True,False
212,224-3,42124.3125,"(26, 29)",taxation,6,0.25,False,True,False
212,87-3,49365.625,"(16, 7)",taxation,6,0.25,False,True,False
212,135-3,49354.0625,"(17, 9)",taxation,6,0.25,False,True,False
212,8-3,49399.25,"(16, 23)",taxation,6,0.25,False,True,False
212,227-3,54199.375,"(35, 25)",taxation,6,0.25,False,True,False
212,178-3,54175.1875,"(4, 32)",taxation,6,0.25,False,True,False
212,114-3,56623.3125,"(47, 30)",taxation,6,0.25,False,True,False
212,118-3,54128.625,"(46, 19)",taxation,6,0.25,False,True,False
212,244-3,56600.875,"(18, 10)",taxation,6,0.25,False,True,False
212,34-3,44517.5,"(30, 17)",taxation,6,0.25,False,True,False
212,60-3,51746.4375,"(5, 26)",taxation,6,0.25,False,True,False
212,218-3,56609.125,"(18, 17)",taxation,6,0.25,False,True,False
212,49-3,46974.875,"(16, 5)",taxation,6,0.25,False,True,False
212,185-3,49413.125,"(41, 33)",taxation,6,0.25,False,True,False
212,228-4,29437.9375,"(15, 5)",taxation,6,0.25,False,True,False
212,24-3,39754.125,"(34, 24)",taxation,6,0.25,False,True,False
212,9-3,42154.9375,"(43, 36)",taxation,6,0.25,False,True,False
212,39-3,34857.625,"(25, 27)",taxation,6,0.25,False,True,False
212,151-3,39681.1875,"(23, 13)",taxation,6,0.25,False,True,False
212,29-3,49391.9375,"(16, 6)",taxation,6,0.25,False,True,False
212,230-3,39713.0,"(41, 32)",taxation,6,0.25,False,True,False
212,131-3,49363.75,"(10, 42)",taxation,6,0.25,False,True,False
212,81-3,46972.6875,"(24, 18)",taxation,6,0.25,False,True,False
212,222-3,49337.125,"(18, 9)",taxation,6,0.25,False,True,False
212,171-3,49331.375,"(24, 26)",taxation,6,0.25,False,True,False
212,200-3,46957.5,"(20, 13)",taxation,6,0.25,False,True,False
212,238-3,49346.5,"(44, 34)",taxation,6,0.25,False,True,False
212,153-3,25236.25,"(15, 9)",taxation,6,0.25,False,True,False
212,197-3,39691.1875,"(36, 28)",taxation,6,0.25,False,True,False
212,139-4,44538.765625,"(20, 11)",taxation,6,0.25,False,True,False
212,204-3,54149.375,"(23, 26)",taxation,6,0.25,False,True,False
212,211-3,32431.8125,"(2, 26)",taxation,6,0.25,False,True,False
212,93-3,22805.0,"(35, 21)",taxation,6,0.25,False,True,False
212,101-3,49385.5625,"(18, 14)",taxation,6,0.25,False,True,False
212,213-3,49356.625,"(10, 45)",taxation,6,0.25,False,True,False
212,70-3,51748.0,"(8, 42)",taxation,6,0.25,False,True,False
212,239-3,49361.625,"(12, 20)",taxation,6,0.25,False,True,False
212,243-3,46922.125,"(1, 31)",taxation,6,0.25,False,True,False
212,192-3,44537.25,"(6, 48)",taxation,6,0.25,False,True,False
212,143-3,49347.3125,"(40, 36)",taxation,6,0.25,False,True,False
212,35-3,49353.875,"(42, 36)",taxation,6,0.25,False,True,False
212,3-3,29998.6875,"(7, 42)",taxation,6,0.25,False,True,False
212,181-3,49334.937500000015,"(4, 29)",taxation,6,0.25,False,True,False
212,105-3,44508.625,"(43, 32)",taxation,6,0.25,False,True,False
212,177-3,49397.3125,"(49, 30)",taxation,6,0.25,False,True,False
212,167-4,39075.734375,"(23, 7)",taxation,6,0.25,False,True,False
212,173-4,10771.8125,"(18, 16)",taxation,6,0.25,False,True,False
212,44-3,32438.0,"(24, 27)",taxation,6,0.25,False,True,False
212,216-3,54146.5,"(44, 36)",taxation,6,0.25,False,True,False
212,217-3,30045.375,"(41, 36)",taxation,6,0.25,False,True,False
212,138-3,51684.8125,"(17, 18)",taxation,6,0.25,False,True,False
212,75-4,35407.0625,"(8, 27)",taxation,6,0.25,False,True,False
212,74-4,43259.0,"(6, 35)",taxation,6,0.25,False,True,False
212,191-3,56548.5625,"(15, 6)",taxation,6,0.25,False,True,False
212,240-4,13115.3125,"(5, 33)",taxation,6,0.25,False,True,False
212,20-3,46937.75,"(49, 23)",taxation,6,0.25,False,True,False
212,159-3,39688.375,"(35, 30)",taxation,6,0.25,False,True,False
212,158-4,36037.0625,"(15, 17)",taxation,6,0.25,False,True,False
212,66-3,54180.8125,"(49, 33)",taxation,6,0.25,False,True,False
212,170-4,34295.734375,"(48, 28)",taxation,6,0.25,False,True,False
212,146-4,15560.3125,"(35, 31)",taxation,6,0.25,False,True,False
212,208-4,39672.703125,"(16, 18)",taxation,6,0.25,False,True,False
212,219-4,43279.3125,"(48, 23)",taxation,6,0.25,False,True,False
212,140-4,1066.0625,"(6, 43)",taxation,6,0.25,False,True,False
212,210-3,58955.5625,"(6, 40)",taxation,6,0.25,False,True,False
212,198-4,35457.71875,"(21, 5)",taxation,6,0.25,False,True,False
212,246-4,37277.3125,"(3, 36)",taxation,6,0.25,False,True,False
212,187-4,20358.1875,"(16, 3)",taxation,6,0.25,False,True,False
212,179-4,32469.53125,"(25, 6)",taxation,6,0.25,False,True,False
212,23-4,40256.5,"(36, 29)",taxation,6,0.25,False,True,False
212,31-4,44467.46875,"(3, 32)",taxation,6,0.25,False,True,False
212,150-3,42057.4375,"(40, 32)",taxation,6,0.25,False,True,False
212,12-3,46895.8125,"(23, 14)",taxation,6,0.25,False,True,False
212,98-4,20397.0625,"(47, 23)",taxation,6,0.25,False,True,False
212,126-3,49312.0625,"(36, 30)",taxation,6,0.25,False,True,False
212,176-4,1072.1875,"(7, 37)",taxation,6,0.25,False,True,False
212,28-4,34244.203125,"(45, 33)",taxation,6,0.25,False,True,False
212,154-4,17929.3125,"(16, 22)",taxation,6,0.25,False,True,False
212,40-4,40847.3125,"(20, 28)",taxation,6,0.25,False,True,False
212,1-4,28825.140625,"(10, 44)",taxation,6,0.25,False,True,False
212,76-4,37248.921875000015,"(22, 24)",taxation,6,0.25,False,True,False
212,67-3,37279.5625,"(46, 34)",taxation,6,0.25,False,True,False
212,182-4,39021.890625,"(16, 8)",taxation,6,0.25,False,True,False
212,241-4,35415.21875,"(15, 7)",taxation,6,0.25,False,True,False
212,149-4,33652.5625,"(16, 15)",taxation,6,0.25,False,True,False
212,17-4,40877.03125,"(14, 27)",taxation,6,0.25,False,True,False
212,0-4,26391.828125,"(17, 6)",taxation,6,0.25,False,True,False
212,22-4,42653.8125,"(18, 5)",taxation,6,0.25,False,True,False
212,10-4,39041.390625,"(18, 2)",taxation,6,0.25,False,True,False
212,242-4,17363.953125,"(45, 35)",taxation,6,0.25,False,True,False
212,142-4,24542.859375,"(22, 4)",taxation,6,0.25,False,True,False
212,189-4,33675.84375,"(34, 27)",taxation,6,0.25,False,True,False
212,63-4,35378.171875,"(40, 22)",taxation,6,0.25,False,True,False
212,165-4,44397.1875,"(45, 31)",taxation,6,0.25,False,True,False
212,94-4,13114.125,"(6, 32)",taxation,6,0.25,False,True,False
212,206-4,37802.328125,"(24, 16)",taxation,6,0.25,False,True,False
212,172-4,40804.484375,"(2, 33)",taxation,6,0.25,False,True,False
212,144-4,37247.90625,"(37, 30)",taxation,6,0.25,False,True,False
212,111-4,40796.515625,"(34, 21)",taxation,6,0.25,False,True,False
212,83-4,40810.671875,"(16, 2)",taxation,6,0.25,False,True,False
212,249-4,39047.5625,"(32, 31)",taxation,6,0.25,False,True,False
212,51-4,39020.40625,"(24, 19)",taxation,6,0.25,False,True,False
212,180-4,37216.265625,"(16, 17)",taxation,6,0.25,False,True,False
212,148-4,29948.953125,"(7, 32)",taxation,6,0.25,False,True,False
212,16-4,42629.34375,"(33, 31)",taxation,6,0.25,False,True,False
212,134-4,37207.25,"(35, 24)",taxation,6,0.25,False,True,False
212,73-4,38998.265625,"(34, 26)",taxation,6,0.25,False,True,False
212,54-4,37201.140625,"(21, 7)",taxation,6,0.25,False,True,False
212,38-4,38998.59375,"(22, 3)",taxation,6,0.25,False,True,False
212,6-4,42632.625,"(35, 22)",taxation,6,0.25,False,True,False
212,156-4,28112.96875,"(11, 39)",taxation,6,0.25,False,True,False
212,95-4,42633.65625,"(42, 24)",taxation,6,0.25,False,True,False
212,42-4,28219.21875,"(17, 12)",taxation,6,0.25,False,True,False
212,168-4,40815.15625,"(9, 34)",taxation,6,0.25,False,True,False
212,183-4,26352.796875,"(41, 35)",taxation,6,0.25,False,True,False
212,53-4,24524.765625,"(44, 24)",taxation,6,0.25,False,True,False
212,106-4,35389.859375,"(20, 24)",taxation,6,0.25,False,True,False
212,133-4,33597.1875,"(17, 4)",taxation,6,0.25,False,True,False
212,25-4,33565.6875,"(6, 38)",taxation,6,0.25,False,True,False
212,56-4,37216.171875,"(0, 28)",taxation,6,0.25,False,True,False
212,234-4,38940.34375,"(27, 29)",taxation,6,0.25,False,True,False
212,71-4,40815.203125,"(0, 24)",taxation,6,0.25,False,True,False
212,162-4,38972.15625,"(7, 34)",taxation,6,0.25,False,True,False
212,45-4,38972.109375,"(18, 23)",taxation,6,0.25,False,True,False
212,212-4,39030.609375,"(24, 5)",taxation,6,0.25,False,True,False
212,110-4,42595.3125,"(7, 28)",taxation,6,0.25,False,True,False
212,225-4,38995.421875,"(11, 37)",taxation,6,0.25,False,True,False
212,231-4,24507.109375,"(3, 37)",taxation,6,0.25,False,True,False
212,137-4,33564.53125,"(39, 35)",taxation,6,0.25,False,True,False
212,4-4,28146.515625,"(21, 10)",taxation,6,0.25,False,True,False
212,169-4,29933.4375,"(13, 35)",taxation,6,0.25,False,True,False
212,125-4,40744.125,"(10, 41)",taxation,6,0.25,False,True,False
212,122-4,31742.515625,"(17, 17)",taxation,6,0.25,False,True,False
212,226-4,37168.796875,"(15, 8)",taxation,6,0.25,False,True,False
212,5-4,17257.21875,"(43, 35)",taxation,6,0.25,False,True,False
212,209-4,42596.46875,"(7, 36)",taxation,6,0.25,False,True,False
212,205-4,19096.359375,"(36, 23)",taxation,6,0.25,False,True,False
212,130-4,40737.34375,"(19, 9)",taxation,6,0.25,False,True,False
212,91-4,40828.796875,"(19, 8)",taxation,6,0.25,False,True,False
212,214-4,24491.4375,"(40, 34)",taxation,6,0.25,False,True,False
212,196-4,26266.25,"(6, 45)",taxation,6,0.25,False,True,False
212,21-4,35344.015625,"(19, 14)",taxation,6,0.25,False,True,False
212,141-4,29961.53125,"(49, 28)",taxation,6,0.25,False,True,False
212,193-4,33524.84375,"(5, 32)",taxation,6,0.25,False,True,False
212,68-4,31721.984375,"(10, 43)",taxation,6,0.25,False,True,False
212,161-4,31717.875,"(17, 7)",taxation,6,0.25,False,True,False
212,147-4,37158.921875,"(35, 23)",taxation,6,0.25,False,True,False
212,175-4,31694.78125,"(8, 35)",taxation,6,0.25,False,True,False
212,55-4,40770.453125,"(21, 25)",taxation,6,0.25,False,True,False
212,50-4,42551.59375,"(10, 35)",taxation,6,0.25,False,True,False
212,113-4,38933.296875,"(2, 27)",taxation,6,0.25,False,True,False
212,201-4,26290.203125,"(8, 30)",taxation,6,0.25,False,True,False
212,102-4,26262.59375,"(8, 28)",taxation,6,0.25,False,True,False
212,112-4,40741.46875,"(10, 46)",taxation,6,0.25,False,True,False
212,41-4,40762.5,"(16, 9)",taxation,6,0.25,False,True,False
212,78-4,35342.515625,"(18, 24)",taxation,6,0.25,False,True,False
212,203-4,44380.765625,"(49, 34)",taxation,6,0.25,False,True,False
212,247-4,33531.5625,"(20, 25)",taxation,6,0.25,False,True,False
212,32-4,40735.359375,"(42, 33)",taxation,6,0.25,False,True,False
212,115-4,40735.484375,"(4, 37)",taxation,6,0.25,False,True,False
212,33-4,29877.703125,"(27, 36)",taxation,6,0.25,False,True,False
212,202-4,42554.375,"(6, 31)",taxation,6,0.25,False,True,False
212,155-4,38941.828125,"(36, 35)",taxation,6,0.25,False,True,False
212,207-4,29893.109375,"(19, 17)",taxation,6,0.25,False,True,False
212,145-4,38937.75,"(34, 20)",taxation,6,0.25,False,True,False
212,132-4,40753.484375,"(46, 23)",taxation,6,0.25,False,True,False
212,166-4,35266.578125,"(18, 21)",taxation,6,0.25,False,True,False
212,100-4,37152.671875,"(7, 29)",taxation,6,0.25,False,True,False
212,116-4,40741.84375,"(37, 31)",taxation,6,0.25,False,True,False
212,19-4,38940.75,"(24, 4)",taxation,6,0.25,False,True,False
212,233-4,35268.828125,"(10, 19)",taxation,6,0.25,False,True,False
212,64-4,37086.5,"(45, 34)",taxation,6,0.25,False,True,False
212,186-4,35341.640625,"(24, 6)",taxation,6,0.25,False,True,False
212,103-4,37112.40625,"(9, 35)",taxation,6,0.25,False,True,False
212,163-4,44332.125,"(49, 31)",taxation,6,0.25,False,True,False
212,221-4,35267.21875,"(19, 10)",taxation,6,0.25,False,True,False
212,86-4,37118.875,"(20, 14)",taxation,6,0.25,False,True,False
212,57-4,33490.765625,"(5, 27)",taxation,6,0.25,False,True,False
212,164-4,38947.828125,"(4, 36)",taxation,6,0.25,False,True,False
212,92-4,40708.1875,"(44, 19)",taxation,6,0.25,False,True,False
212,174-4,40735.84375,"(7, 35)",taxation,6,0.25,False,True,False
212,89-4,38894.296875,"(37, 32)",taxation,6,0.25,False,True,False
212,188-4,37107.34375,"(21, 12)",taxation,6,0.25,False,True,False
212,11-4,29874.890625,"(25, 29)",taxation,6,0.25,False,True,False
212,2-4,37136.859375,"(16, 19)",taxation,6,0.25,False,True,False
212,90-4,33461.90625,"(22, 25)",taxation,6,0.25,False,True,False
212,120-4,42531.875,"(1, 32)",taxation,6,0.25,False,True,False
212,48-4,38854.125,"(16, 21)",taxation,6,0.25,False,True,False
212,69-4,40674.90625,"(17, 14)",taxation,6,0.25,False,True,False
212,97-4,29835.484375,"(18, 19)",taxation,6,0.25,False,True,False
212,13-4,35290.515625,"(17, 48)",taxation,6,0.25,False,True,False
212,58-4,38862.90625,"(24, 3)",taxation,6,0.25,False,True,False
212,52-4,28045.328125,"(22, 12)",taxation,6,0.25,False,True,False
212,117-4,33454.21875,"(5, 31)",taxation,6,0.25,False,True,False
212,27-4,33448.546875,"(4, 28)",taxation,6,0.25,False,True,False
212,121-4,37097.0,"(15, 22)",taxation,6,0.25,False,True,False
212,107-4,40682.65625,"(3, 29)",taxation,6,0.25,False,True,False
212,85-4,33483.3125,"(7, 49)",taxation,6,0.25,False,True,False
212,237-4,29849.484375,"(22, 22)",taxation,6,0.25,False,True,False
212,18-4,42503.234375,"(34, 25)",taxation,6,0.25,False,True,False
212,96-4,42522.28125,"(18, 12)",taxation,6,0.25,False,True,False
212,160-4,33459.3125,"(17, 24)",taxation,6,0.25,False,True,False
212,37-4,38891.046875,"(41, 34)",taxation,6,0.25,False,True,False
212,30-4,42523.703125,"(44, 33)",taxation,6,0.25,False,True,False
212,235-4,37061.953125,"(0, 29)",taxation,6,0.25,False,True,False
212,80-4,40686.46875,"(45, 32)",taxation,6,0.25,False,True,False
212,14-4,9942.90625,"(19, 18)",taxation,6,0.25,False,True,False
212,104-4,35291.84375,"(6, 28)",taxation,6,0.25,False,True,False
212,184-4,37025.203125,"(8, 21)",taxation,6,0.25,False,True,False
212,229-4,40709.765625,"(19, 19)",taxation,6,0.25,False,True,False
212,136-4,29793.28125,"(1, 29)",taxation,6,0.25,False,True,False
212,232-4,22538.765625,"(19, 12)",taxation,6,0.25,False,True,False
212,7-4,28024.03125,"(38, 30)",taxation,6,0.25,False,True,False
213,88-3,49443.0,"(16, 10)",taxation,6,0.25,False,True,False
213,108-3,27723.6875,"(49, 19)",taxation,6,0.25,False,True,False
213,82-3,51832.125,"(26, 28)",taxation,6,0.25,False,True,False
213,236-3,49425.9375,"(32, 30)",taxation,6,0.25,False,True,False
213,152-3,51804.1875,"(20, 18)",taxation,6,0.25,False,True,False
213,109-3,49416.875,"(27, 6)",taxation,6,0.25,False,True,False
213,72-3,56650.875,"(9, 32)",taxation,6,0.25,False,True,False
213,127-3,51820.5,"(25, 19)",taxation,6,0.25,False,True,False
213,65-3,56626.9375,"(35, 17)",taxation,6,0.25,False,True,False
213,124-3,46962.1875,"(13, 37)",taxation,6,0.25,False,True,False
213,62-3,49408.125,"(7, 31)",taxation,6,0.25,False,True,False
213,59-3,44624.9375,"(20, 17)",taxation,6,0.25,False,True,False
213,26-3,39764.5625,"(0, 36)",taxation,6,0.25,False,True,False
213,194-3,44589.625,"(2, 37)",taxation,6,0.25,False,True,False
213,36-3,37344.4375,"(0, 32)",taxation,6,0.25,False,True,False
213,47-3,34899.3125,"(5, 45)",taxation,6,0.25,False,True,False
213,223-3,34942.5,"(7, 38)",taxation,6,0.25,False,True,False
213,129-3,46998.5,"(9, 30)",taxation,6,0.25,False,True,False
213,77-3,42168.125,"(37, 36)",taxation,6,0.25,False,True,False
213,43-3,49403.8125,"(49, 15)",taxation,6,0.25,False,True,False
213,128-3,54251.25,"(39, 28)",taxation,6,0.25,False,True,False
213,79-3,46993.1875,"(19, 4)",taxation,6,0.25,False,True,False
213,199-3,56619.25,"(21, 16)",taxation,6,0.25,False,True,False
213,99-3,46959.9375,"(36, 33)",taxation,6,0.25,False,True,False
213,84-3,49425.625,"(19, 3)",taxation,6,0.25,False,True,False
213,123-3,56597.5625,"(3, 42)",taxation,6,0.25,False,True,False
213,119-3,49383.75,"(25, 20)",taxation,6,0.25,False,True,False
213,46-3,34918.5,"(21, 3)",taxation,6,0.25,False,True,False
213,190-3,49352.0625,"(3, 41)",taxation,6,0.25,False,True,False
213,215-3,54255.625,"(33, 24)",taxation,6,0.25,False,True,False
213,220-3,54232.25,"(25, 16)",taxation,6,0.25,False,True,False
213,157-3,46967.1875,"(4, 31)",taxation,6,0.25,False,True,False
213,245-3,54180.0625,"(34, 33)",taxation,6,0.25,False,True,False
213,195-3,22861.9375,"(5, 43)",taxation,6,0.25,False,True,False
213,15-3,44565.0625,"(24, 23)",taxation,6,0.25,False,True,False
213,224-3,42132.3125,"(28, 28)",taxation,6,0.25,False,True,False
213,87-3,49371.625,"(22, 13)",taxation,6,0.25,False,True,False
213,135-3,49361.0625,"(19, 15)",taxation,6,0.25,False,True,False
213,8-3,49406.25,"(20, 22)",taxation,6,0.25,False,True,False
213,227-3,54208.375,"(33, 28)",taxation,6,0.25,False,True,False
213,178-3,54182.1875,"(5, 37)",taxation,6,0.25,False,True,False
213,114-3,56626.3125,"(43, 33)",taxation,6,0.25,False,True,False
213,118-3,54135.625,"(40, 16)",taxation,6,0.25,False,True,False
213,244-3,56609.875,"(22, 7)",taxation,6,0.25,False,True,False
213,34-3,44526.5,"(29, 17)",taxation,6,0.25,False,True,False
213,60-3,51752.4375,"(9, 31)",taxation,6,0.25,False,True,False
213,218-3,56618.125,"(23, 18)",taxation,6,0.25,False,True,False
213,49-3,46978.875,"(16, 11)",taxation,6,0.25,False,True,False
213,185-3,49421.125,"(35, 32)",taxation,6,0.25,False,True,False
213,228-4,29444.9375,"(20, 9)",taxation,6,0.25,False,True,False
213,24-3,39763.125,"(34, 28)",taxation,6,0.25,False,True,False
213,9-3,42160.9375,"(39, 34)",taxation,6,0.25,False,True,False
213,39-3,34865.625,"(26, 25)",taxation,6,0.25,False,True,False
213,151-3,39690.1875,"(24, 12)",taxation,6,0.25,False,True,False
213,29-3,49401.9375,"(17, 1)",taxation,6,0.25,False,True,False
213,230-3,39722.0,"(37, 33)",taxation,6,0.25,False,True,False
213,131-3,49371.75,"(4, 41)",taxation,6,0.25,False,True,False
213,81-3,46981.6875,"(25, 17)",taxation,6,0.25,False,True,False
213,222-3,49342.125,"(24, 10)",taxation,6,0.25,False,True,False
213,171-3,49340.375,"(27, 21)",taxation,6,0.25,False,True,False
213,200-3,46966.5,"(23, 16)",taxation,6,0.25,False,True,False
213,238-3,49351.5,"(38, 38)",taxation,6,0.25,False,True,False
213,153-3,25245.25,"(18, 3)",taxation,6,0.25,False,True,False
213,197-3,39699.1875,"(33, 26)",taxation,6,0.25,False,True,False
213,139-4,44547.765625,"(25, 10)",taxation,6,0.25,False,True,False
213,204-3,54158.375,"(25, 26)",taxation,6,0.25,False,True,False
213,211-3,32437.8125,"(2, 31)",taxation,6,0.25,False,True,False
213,93-3,22814.0,"(29, 21)",taxation,6,0.25,False,True,False
213,101-3,49393.5625,"(24, 11)",taxation,6,0.25,False,True,False
213,213-3,49363.625,"(8, 41)",taxation,6,0.25,False,True,False
213,70-3,51756.0,"(2, 42)",taxation,6,0.25,False,True,False
213,239-3,49367.625,"(17, 21)",taxation,6,0.25,False,True,False
213,243-3,46929.125,"(2, 35)",taxation,6,0.25,False,True,False
213,192-3,44545.25,"(5, 47)",taxation,6,0.25,False,True,False
213,143-3,49355.3125,"(34, 32)",taxation,6,0.25,False,True,False
213,35-3,49360.875,"(36, 31)",taxation,6,0.25,False,True,False
213,3-3,30005.6875,"(7, 40)",taxation,6,0.25,False,True,False
213,181-3,49341.937500000015,"(4, 35)",taxation,6,0.25,False,True,False
213,105-3,44515.625,"(37, 28)",taxation,6,0.25,False,True,False
213,177-3,49400.3125,"(44, 35)",taxation,6,0.25,False,True,False
213,167-4,39084.734375,"(26, 7)",taxation,6,0.25,False,True,False
213,173-4,10780.8125,"(20, 19)",taxation,6,0.25,False,True,False
213,44-3,32447.0,"(26, 27)",taxation,6,0.25,False,True,False
213,216-3,54151.5,"(38, 37)",taxation,6,0.25,False,True,False
213,217-3,30052.375,"(35, 34)",taxation,6,0.25,False,True,False
213,138-3,51692.8125,"(22, 17)",taxation,6,0.25,False,True,False
213,75-4,35413.0625,"(11, 30)",taxation,6,0.25,False,True,False
213,74-4,43268.0,"(1, 35)",taxation,6,0.25,False,True,False
213,191-3,56558.5625,"(16, 1)",taxation,6,0.25,False,True,False
213,240-4,13125.3125,"(0, 33)",taxation,6,0.25,False,True,False
213,20-3,46942.75,"(45, 18)",taxation,6,0.25,False,True,False
213,159-3,39696.375,"(31, 27)",taxation,6,0.25,False,True,False
213,158-4,36044.0625,"(19, 16)",taxation,6,0.25,False,True,False
213,66-3,54182.8125,"(46, 35)",taxation,6,0.25,False,True,False
213,170-4,34298.734375,"(45, 23)",taxation,6,0.25,False,True,False
213,146-4,15568.3125,"(32, 28)",taxation,6,0.25,False,True,False
213,208-4,39680.703125,"(21, 18)",taxation,6,0.25,False,True,False
213,219-4,43285.3125,"(44, 18)",taxation,6,0.25,False,True,False
213,140-4,1074.0625,"(1, 43)",taxation,6,0.25,False,True,False
213,210-3,58964.5625,"(0, 37)",taxation,6,0.25,False,True,False
213,198-4,35467.71875,"(21, 2)",taxation,6,0.25,False,True,False
213,246-4,37285.3125,"(0, 40)",taxation,6,0.25,False,True,False
213,187-4,20368.1875,"(18, 1)",taxation,6,0.25,False,True,False
213,179-4,32479.53125,"(22, 5)",taxation,6,0.25,False,True,False
213,23-4,40264.5,"(33, 25)",taxation,6,0.25,False,True,False
213,31-4,44474.46875,"(3, 38)",taxation,6,0.25,False,True,False
213,150-3,42065.4375,"(35, 29)",taxation,6,0.25,False,True,False
213,12-3,46905.8125,"(22, 16)",taxation,6,0.25,False,True,False
213,98-4,20403.0625,"(43, 18)",taxation,6,0.25,False,True,False
213,126-3,49320.0625,"(35, 28)",taxation,6,0.25,False,True,False
213,176-4,1081.1875,"(3, 35)",taxation,6,0.25,False,True,False
213,28-4,34248.203125,"(40, 35)",taxation,6,0.25,False,True,False
213,154-4,17937.3125,"(22, 21)",taxation,6,0.25,False,True,False
213,40-4,40855.3125,"(26, 26)",taxation,6,0.25,False,True,False
213,1-4,28832.140625,"(8, 40)",taxation,6,0.25,False,True,False
213,76-4,37257.921875000015,"(25, 25)",taxation,6,0.25,False,True,False
213,67-3,37282.5625,"(42, 31)",taxation,6,0.25,False,True,False
213,182-4,39030.890625,"(20, 3)",taxation,6,0.25,False,True,False
213,241-4,35425.21875,"(19, 1)",taxation,6,0.25,False,True,False
213,149-4,33659.5625,"(20, 15)",taxation,6,0.25,False,True,False
213,17-4,40884.03125,"(20, 21)",taxation,6,0.25,False,True,False
213,0-4,26395.828125,"(23, 5)",taxation,6,0.25,False,True,False
213,22-4,42662.8125,"(24, 2)",taxation,6,0.25,False,True,False
213,10-4,39051.390625,"(18, 0)",taxation,6,0.25,False,True,False
213,242-4,17367.953125,"(39, 37)",taxation,6,0.25,False,True,False
213,142-4,24552.859375,"(16, 0)",taxation,6,0.25,False,True,False
213,189-4,33684.84375,"(29, 22)",taxation,6,0.25,False,True,False
213,63-4,35386.171875,"(36, 22)",taxation,6,0.25,False,True,False
213,165-4,44404.1875,"(39, 30)",taxation,6,0.25,False,True,False
213,94-4,13121.125,"(6, 37)",taxation,6,0.25,False,True,False
213,206-4,37811.328125,"(27, 16)",taxation,6,0.25,False,True,False
213,172-4,40812.484375,"(0, 39)",taxation,6,0.25,False,True,False
213,144-4,37255.90625,"(32, 29)",taxation,6,0.25,False,True,False
213,111-4,40805.515625,"(30, 23)",taxation,6,0.25,False,True,False
213,83-4,40818.671875,"(20, 8)",taxation,6,0.25,False,True,False
213,249-4,39055.5625,"(31, 29)",taxation,6,0.25,False,True,False
213,51-4,39030.40625,"(22, 19)",taxation,6,0.25,False,True,False
213,180-4,37224.265625,"(21, 17)",taxation,6,0.25,False,True,False
213,148-4,29955.953125,"(2, 38)",taxation,6,0.25,False,True,False
213,16-4,42637.34375,"(33, 30)",taxation,6,0.25,False,True,False
213,134-4,37215.25,"(34, 22)",taxation,6,0.25,False,True,False
213,73-4,39006.265625,"(32, 26)",taxation,6,0.25,False,True,False
213,54-4,37210.140625,"(24, 7)",taxation,6,0.25,False,True,False
213,38-4,39007.59375,"(23, 2)",taxation,6,0.25,False,True,False
213,6-4,42641.625,"(29, 18)",taxation,6,0.25,False,True,False
213,156-4,28119.96875,"(9, 40)",taxation,6,0.25,False,True,False
213,95-4,42640.65625,"(37, 23)",taxation,6,0.25,False,True,False
213,42-4,28229.21875,"(22, 18)",taxation,6,0.25,False,True,False
213,168-4,40823.15625,"(4, 40)",taxation,6,0.25,False,True,False
213,183-4,26358.796875,"(35, 35)",taxation,6,0.25,False,True,False
213,53-4,24531.765625,"(39, 22)",taxation,6,0.25,False,True,False
213,106-4,35398.859375,"(24, 24)",taxation,6,0.25,False,True,False
213,133-4,33607.1875,"(17, 0)",taxation,6,0.25,False,True,False
213,25-4,33573.6875,"(1, 41)",taxation,6,0.25,False,True,False
213,56-4,37222.171875,"(2, 32)",taxation,6,0.25,False,True,False
213,234-4,38948.34375,"(27, 28)",taxation,6,0.25,False,True,False
213,71-4,40821.203125,"(6, 30)",taxation,6,0.25,False,True,False
213,162-4,38980.15625,"(1, 40)",taxation,6,0.25,False,True,False
213,45-4,38981.109375,"(19, 25)",taxation,6,0.25,False,True,False
213,212-4,39039.609375,"(26, 3)",taxation,6,0.25,False,True,False
213,110-4,42603.3125,"(5, 34)",taxation,6,0.25,False,True,False
213,225-4,39003.421875,"(5, 41)",taxation,6,0.25,False,True,False
213,231-4,24516.109375,"(1, 37)",taxation,6,0.25,False,True,False
213,137-4,33573.53125,"(36, 32)",taxation,6,0.25,False,True,False
213,4-4,28155.515625,"(25, 8)",taxation,6,0.25,False,True,False
213,169-4,29940.4375,"(8, 39)",taxation,6,0.25,False,True,False
213,125-4,40752.125,"(6, 41)",taxation,6,0.25,False,True,False
213,122-4,31749.515625,"(21, 19)",taxation,6,0.25,False,True,False
213,226-4,37173.796875,"(17, 11)",taxation,6,0.25,False,True,False
213,5-4,17263.21875,"(38, 34)",taxation,6,0.25,False,True,False
213,209-4,42604.46875,"(1, 42)",taxation,6,0.25,False,True,False
213,205-4,19104.359375,"(34, 23)",taxation,6,0.25,False,True,False
213,130-4,40746.34375,"(23, 8)",taxation,6,0.25,False,True,False
213,91-4,40836.796875,"(25, 9)",taxation,6,0.25,False,True,False
213,214-4,24498.4375,"(34, 34)",taxation,6,0.25,False,True,False
213,196-4,26274.25,"(4, 42)",taxation,6,0.25,False,True,False
213,21-4,35351.015625,"(24, 14)",taxation,6,0.25,False,True,False
213,141-4,29964.53125,"(49, 22)",taxation,6,0.25,False,True,False
213,193-4,33533.84375,"(1, 36)",taxation,6,0.25,False,True,False
213,68-4,31728.984375,"(9, 41)",taxation,6,0.25,False,True,False
213,161-4,31721.875,"(23, 6)",taxation,6,0.25,False,True,False
213,147-4,37167.921875,"(29, 20)",taxation,6,0.25,False,True,False
213,175-4,31701.78125,"(5, 39)",taxation,6,0.25,False,True,False
213,55-4,40779.453125,"(26, 20)",taxation,6,0.25,False,True,False
213,50-4,42559.59375,"(6, 39)",taxation,6,0.25,False,True,False
213,113-4,38940.296875,"(7, 33)",taxation,6,0.25,False,True,False
213,201-4,26298.203125,"(3, 34)",taxation,6,0.25,False,True,False
213,102-4,26268.59375,"(10, 30)",taxation,6,0.25,False,True,False
213,112-4,40749.46875,"(6, 44)",taxation,6,0.25,False,True,False
213,41-4,40765.5,"(22, 9)",taxation,6,0.25,False,True,False
213,78-4,35351.515625,"(23, 19)",taxation,6,0.25,False,True,False
213,203-4,44382.765625,"(47, 35)",taxation,6,0.25,False,True,False
213,247-4,33540.5625,"(25, 23)",taxation,6,0.25,False,True,False
213,32-4,40742.359375,"(38, 29)",taxation,6,0.25,False,True,False
213,115-4,40743.484375,"(2, 40)",taxation,6,0.25,False,True,False
213,33-4,29885.703125,"(28, 30)",taxation,6,0.25,False,True,False
213,202-4,42561.375,"(6, 36)",taxation,6,0.25,False,True,False
213,155-4,38949.828125,"(34, 31)",taxation,6,0.25,False,True,False
213,207-4,29902.109375,"(23, 17)",taxation,6,0.25,False,True,False
213,145-4,38946.75,"(28, 20)",taxation,6,0.25,False,True,False
213,132-4,40759.484375,"(44, 17)",taxation,6,0.25,False,True,False
213,166-4,35275.578125,"(24, 20)",taxation,6,0.25,False,True,False
213,100-4,37159.671875,"(5, 35)",taxation,6,0.25,False,True,False
213,116-4,40749.84375,"(31, 28)",taxation,6,0.25,False,True,False
213,19-4,38950.75,"(20, 0)",taxation,6,0.25,False,True,False
213,233-4,35274.828125,"(16, 24)",taxation,6,0.25,False,True,False
213,64-4,37089.5,"(39, 36)",taxation,6,0.25,False,True,False
213,186-4,35351.640625,"(19, 0)",taxation,6,0.25,False,True,False
213,103-4,37120.40625,"(3, 39)",taxation,6,0.25,False,True,False
213,163-4,44334.125,"(46, 33)",taxation,6,0.25,False,True,False
213,221-4,35277.21875,"(22, 14)",taxation,6,0.25,False,True,False
213,86-4,37127.875,"(26, 17)",taxation,6,0.25,False,True,False
213,57-4,33499.765625,"(1, 33)",taxation,6,0.25,False,True,False
213,164-4,38955.828125,"(1, 39)",taxation,6,0.25,False,True,False
213,92-4,40715.1875,"(40, 17)",taxation,6,0.25,False,True,False
213,174-4,40743.84375,"(2, 41)",taxation,6,0.25,False,True,False
213,89-4,38902.296875,"(34, 29)",taxation,6,0.25,False,True,False
213,188-4,37116.34375,"(27, 12)",taxation,6,0.25,False,True,False
213,11-4,29882.890625,"(27, 27)",taxation,6,0.25,False,True,False
213,2-4,37143.859375,"(20, 20)",taxation,6,0.25,False,True,False
213,90-4,33470.90625,"(24, 25)",taxation,6,0.25,False,True,False
213,120-4,42538.875,"(2, 36)",taxation,6,0.25,False,True,False
213,48-4,38862.125,"(20, 23)",taxation,6,0.25,False,True,False
213,69-4,40683.90625,"(23, 15)",taxation,6,0.25,False,True,False
213,97-4,29843.484375,"(24, 22)",taxation,6,0.25,False,True,False
213,13-4,35295.515625,"(13, 48)",taxation,6,0.25,False,True,False
213,58-4,38871.90625,"(24, 1)",taxation,6,0.25,False,True,False
213,52-4,28054.328125,"(26, 14)",taxation,6,0.25,False,True,False
213,117-4,33460.21875,"(8, 33)",taxation,6,0.25,False,True,False
213,27-4,33454.546875,"(8, 32)",taxation,6,0.25,False,True,False
213,121-4,37104.0,"(19, 22)",taxation,6,0.25,False,True,False
213,107-4,40689.65625,"(0, 34)",taxation,6,0.25,False,True,False
213,85-4,33490.3125,"(6, 49)",taxation,6,0.25,False,True,False
213,237-4,29858.484375,"(23, 20)",taxation,6,0.25,False,True,False
213,18-4,42512.234375,"(28, 21)",taxation,6,0.25,False,True,False
213,96-4,42531.28125,"(24, 17)",taxation,6,0.25,False,True,False
213,160-4,33466.3125,"(19, 23)",taxation,6,0.25,False,True,False
213,37-4,38898.046875,"(35, 33)",taxation,6,0.25,False,True,False
213,30-4,42529.703125,"(39, 33)",taxation,6,0.25,False,True,False
213,235-4,37069.953125,"(1, 34)",taxation,6,0.25,False,True,False
213,80-4,40689.46875,"(40, 33)",taxation,6,0.25,False,True,False
213,14-4,9952.90625,"(22, 20)",taxation,6,0.25,False,True,False
213,104-4,35298.84375,"(6, 34)",taxation,6,0.25,False,True,False
213,184-4,37030.203125,"(12, 21)",taxation,6,0.25,False,True,False
213,229-4,40719.765625,"(21, 20)",taxation,6,0.25,False,True,False
213,136-4,29799.28125,"(6, 33)",taxation,6,0.25,False,True,False
213,232-4,22545.765625,"(24, 13)",taxation,6,0.25,False,True,False
213,7-4,28032.03125,"(33, 27)",taxation,6,0.25,False,True,False
213,248-4,37059.890625,"(5, 44)",taxation,6,0.25,False,True,False
213,61-4,44302.640625,"(24, 21)",taxation,6,0.25,False,True,False
214,108-3,27730.6875,"(48, 15)",taxation,6,0.25,False,True,False
214,82-3,51841.125,"(29, 24)",taxation,6,0.25,False,True,False
214,236-3,49433.9375,"(30, 30)",taxation,6,0.25,False,True,False
214,152-3,51811.1875,"(18, 22)",taxation,6,0.25,False,True,False
214,109-3,49426.875,"(27, 7)",taxation,6,0.25,False,True,False
214,127-3,51828.5,"(30, 24)",taxation,6,0.25,False,True,False
214,65-3,56635.9375,"(34, 17)",taxation,6,0.25,False,True,False
214,124-3,46969.1875,"(14, 37)",taxation,6,0.25,False,True,False
214,59-3,44633.9375,"(26, 23)",taxation,6,0.25,False,True,False
214,26-3,39771.5625,"(0, 38)",taxation,6,0.25,False,True,False
214,194-3,44598.625,"(0, 41)",taxation,6,0.25,False,True,False
214,36-3,37350.4375,"(2, 34)",taxation,6,0.25,False,True,False
214,47-3,34907.3125,"(4, 46)",taxation,6,0.25,False,True,False
214,223-3,34949.5,"(7, 44)",taxation,6,0.25,False,True,False
214,129-3,47005.5,"(12, 32)",taxation,6,0.25,False,True,False
214,77-3,42176.125,"(31, 31)",taxation,6,0.25,False,True,False
214,43-3,49410.8125,"(49, 14)",taxation,6,0.25,False,True,False
214,128-3,54260.25,"(33, 22)",taxation,6,0.25,False,True,False
214,79-3,46997.1875,"(23, 4)",taxation,6,0.25,False,True,False
214,199-3,56624.25,"(17, 19)",taxation,6,0.25,False,True,False
214,99-3,46967.9375,"(31, 32)",taxation,6,0.25,False,True,False
214,84-3,49430.625,"(23, 9)",taxation,6,0.25,False,True,False
214,123-3,56606.5625,"(0, 42)",taxation,6,0.25,False,True,False
214,119-3,49393.75,"(27, 19)",taxation,6,0.25,False,True,False
214,46-3,34924.5,"(27, 5)",taxation,6,0.25,False,True,False
214,190-3,49360.0625,"(1, 47)",taxation,6,0.25,False,True,False
214,215-3,54265.625,"(28, 18)",taxation,6,0.25,False,True,False
214,220-3,54242.25,"(28, 16)",taxation,6,0.25,False,True,False
214,157-3,46974.1875,"(9, 33)",taxation,6,0.25,False,True,False
214,245-3,54188.0625,"(30, 31)",taxation,6,0.25,False,True,False
214,195-3,22869.9375,"(4, 45)",taxation,6,0.25,False,True,False
214,15-3,44574.0625,"(25, 22)",taxation,6,0.25,False,True,False
214,224-3,42140.3125,"(28, 29)",taxation,6,0.25,False,True,False
214,87-3,49379.625,"(27, 14)",taxation,6,0.25,False,True,False
214,135-3,49370.0625,"(25, 21)",taxation,6,0.25,False,True,False
214,8-3,49413.25,"(17, 26)",taxation,6,0.25,False,True,False
214,227-3,54216.375,"(30, 27)",taxation,6,0.25,False,True,False
214,178-3,54189.1875,"(7, 39)",taxation,6,0.25,False,True,False
214,114-3,56632.3125,"(37, 37)",taxation,6,0.25,False,True,False
214,118-3,54144.625,"(35, 16)",taxation,6,0.25,False,True,False
214,244-3,56615.875,"(27, 9)",taxation,6,0.25,False,True,False
214,34-3,44535.5,"(30, 18)",taxation,6,0.25,False,True,False
214,60-3,51759.4375,"(13, 31)",taxation,6,0.25,False,True,False
214,218-3,56626.125,"(28, 14)",taxation,6,0.25,False,True,False
214,49-3,46983.875,"(13, 16)",taxation,6,0.25,False,True,False
214,185-3,49430.125,"(30, 29)",taxation,6,0.25,False,True,False
214,228-4,29452.9375,"(26, 15)",taxation,6,0.25,False,True,False
214,24-3,39772.125,"(31, 24)",taxation,6,0.25,False,True,False
214,9-3,42167.9375,"(35, 36)",taxation,6,0.25,False,True,False
214,39-3,34874.625,"(27, 25)",taxation,6,0.25,False,True,False
214,151-3,39700.1875,"(28, 17)",taxation,6,0.25,False,True,False
214,29-3,49405.9375,"(23, 0)",taxation,6,0.25,False,True,False
214,230-3,39730.0,"(33, 34)",taxation,6,0.25,False,True,False
214,131-3,49379.75,"(2, 45)",taxation,6,0.25,False,True,False
214,81-3,46990.6875,"(30, 19)",taxation,6,0.25,False,True,False
214,222-3,49351.125,"(30, 8)",taxation,6,0.25,False,True,False
214,171-3,49349.375,"(31, 20)",taxation,6,0.25,False,True,False
214,200-3,46975.5,"(29, 19)",taxation,6,0.25,False,True,False
214,238-3,49358.5,"(33, 36)",taxation,6,0.25,False,True,False
214,153-3,25249.25,"(22, 2)",taxation,6,0.25,False,True,False
214,197-3,39708.1875,"(31, 26)",taxation,6,0.25,False,True,False
214,139-4,44556.765625,"(28, 8)",taxation,6,0.25,False,True,False
214,204-3,54168.375,"(27, 20)",taxation,6,0.25,False,True,False
214,211-3,32444.8125,"(5, 36)",taxation,6,0.25,False,True,False
214,93-3,22824.0,"(28, 19)",taxation,6,0.25,False,True,False
214,101-3,49402.5625,"(29, 7)",taxation,6,0.25,False,True,False
214,213-3,49370.625,"(6, 42)",taxation,6,0.25,False,True,False
214,70-3,51764.0,"(1, 48)",taxation,6,0.25,False,True,False
214,239-3,49375.625,"(21, 21)",taxation,6,0.25,False,True,False
214,243-3,46935.125,"(4, 38)",taxation,6,0.25,False,True,False
214,192-3,44553.25,"(1, 49)",taxation,6,0.25,False,True,False
214,143-3,49364.3125,"(28, 26)",taxation,6,0.25,False,True,False
214,35-3,49368.875,"(33, 29)",taxation,6,0.25,False,True,False
214,3-3,30012.6875,"(7, 45)",taxation,6,0.25,False,True,False
214,181-3,49348.937500000015,"(2, 39)",taxation,6,0.25,False,True,False
214,105-3,44524.625,"(32, 25)",taxation,6,0.25,False,True,False
214,177-3,49405.3125,"(38, 36)",taxation,6,0.25,False,True,False
214,167-4,39093.734375,"(29, 6)",taxation,6,0.25,False,True,False
214,173-4,10787.8125,"(17, 22)",taxation,6,0.25,False,True,False
214,44-3,32456.0,"(27, 26)",taxation,6,0.25,False,True,False
214,216-3,54158.5,"(34, 36)",taxation,6,0.25,False,True,False
214,217-3,30060.375,"(30, 32)",taxation,6,0.25,False,True,False
214,138-3,51701.8125,"(27, 22)",taxation,6,0.25,False,True,False
214,75-4,35420.0625,"(12, 31)",taxation,6,0.25,False,True,False
214,74-4,43275.0,"(1, 38)",taxation,6,0.25,False,True,False
214,191-3,56562.5625,"(22, 6)",taxation,6,0.25,False,True,False
214,240-4,13131.3125,"(0, 35)",taxation,6,0.25,False,True,False
214,20-3,46949.75,"(43, 16)",taxation,6,0.25,False,True,False
214,159-3,39705.375,"(33, 23)",taxation,6,0.25,False,True,False
214,158-4,36051.0625,"(18, 18)",taxation,6,0.25,False,True,False
214,66-3,54185.8125,"(44, 32)",taxation,6,0.25,False,True,False
214,170-4,34306.734375,"(39, 18)",taxation,6,0.25,False,True,False
214,146-4,15577.3125,"(32, 22)",taxation,6,0.25,False,True,False
214,208-4,39688.703125,"(23, 22)",taxation,6,0.25,False,True,False
214,219-4,43293.3125,"(38, 18)",taxation,6,0.25,False,True,False
214,140-4,1082.0625,"(0, 47)",taxation,6,0.25,False,True,False
214,210-3,58971.5625,"(5, 40)",taxation,6,0.25,False,True,False
214,198-4,35473.71875,"(27, 8)",taxation,6,0.25,False,True,False
214,246-4,37292.3125,"(2, 46)",taxation,6,0.25,False,True,False
214,187-4,20372.1875,"(22, 1)",taxation,6,0.25,False,True,False
214,179-4,32486.53125,"(27, 10)",taxation,6,0.25,False,True,False
214,23-4,40273.5,"(32, 21)",taxation,6,0.25,False,True,False
214,31-4,44481.46875,"(5, 42)",taxation,6,0.25,False,True,False
214,150-3,42074.4375,"(32, 24)",taxation,6,0.25,False,True,False
214,12-3,46913.8125,"(26, 18)",taxation,6,0.25,False,True,False
214,98-4,20411.0625,"(39, 17)",taxation,6,0.25,False,True,False
214,126-3,49328.0625,"(30, 26)",taxation,6,0.25,False,True,False
214,176-4,1087.1875,"(9, 29)",taxation,6,0.25,False,True,False
214,28-4,34254.203125,"(37, 38)",taxation,6,0.25,False,True,False
214,154-4,17946.3125,"(26, 22)",taxation,6,0.25,False,True,False
214,40-4,40864.3125,"(27, 24)",taxation,6,0.25,False,True,False
214,1-4,28840.140625,"(4, 44)",taxation,6,0.25,False,True,False
214,76-4,37266.921875000015,"(28, 23)",taxation,6,0.25,False,True,False
214,67-3,37289.5625,"(36, 25)",taxation,6,0.25,False,True,False
214,182-4,39036.890625,"(26, 9)",taxation,6,0.25,False,True,False
214,241-4,35429.21875,"(23, 1)",taxation,6,0.25,False,True,False
214,149-4,33668.5625,"(26, 21)",taxation,6,0.25,False,True,False
214,17-4,40892.03125,"(21, 27)",taxation,6,0.25,False,True,False
214,0-4,26403.828125,"(29, 8)",taxation,6,0.25,False,True,False
214,22-4,42671.8125,"(29, 3)",taxation,6,0.25,False,True,False
214,10-4,39061.390625,"(24, 0)",taxation,6,0.25,False,True,False
214,242-4,17373.953125,"(36, 37)",taxation,6,0.25,False,True,False
214,142-4,24555.859375,"(20, 1)",taxation,6,0.25,False,True,False
214,189-4,33693.84375,"(28, 22)",taxation,6,0.25,False,True,False
214,63-4,35395.171875,"(34, 18)",taxation,6,0.25,False,True,False
214,165-4,44411.1875,"(33, 32)",taxation,6,0.25,False,True,False
214,94-4,13129.125,"(4, 43)",taxation,6,0.25,False,True,False
214,206-4,37820.328125,"(32, 16)",taxation,6,0.25,False,True,False
214,172-4,40820.484375,"(0, 45)",taxation,6,0.25,False,True,False
214,144-4,37264.90625,"(31, 25)",taxation,6,0.25,False,True,False
214,111-4,40814.515625,"(29, 23)",taxation,6,0.25,False,True,False
214,83-4,40825.671875,"(26, 10)",taxation,6,0.25,False,True,False
214,249-4,39063.5625,"(29, 29)",taxation,6,0.25,False,True,False
214,51-4,39038.40625,"(28, 13)",taxation,6,0.25,False,True,False
214,180-4,37232.265625,"(21, 22)",taxation,6,0.25,False,True,False
214,148-4,29963.953125,"(1, 44)",taxation,6,0.25,False,True,False
214,16-4,42646.34375,"(28, 27)",taxation,6,0.25,False,True,False
214,134-4,37224.25,"(33, 19)",taxation,6,0.25,False,True,False
214,73-4,39015.265625,"(32, 23)",taxation,6,0.25,False,True,False
214,54-4,37219.140625,"(30, 7)",taxation,6,0.25,False,True,False
214,38-4,39016.59375,"(29, 5)",taxation,6,0.25,False,True,False
214,6-4,42650.625,"(31, 19)",taxation,6,0.25,False,True,False
214,156-4,28126.96875,"(7, 43)",taxation,6,0.25,False,True,False
214,95-4,42649.65625,"(33, 20)",taxation,6,0.25,False,True,False
214,42-4,28238.21875,"(26, 24)",taxation,6,0.25,False,True,False
214,168-4,40831.15625,"(4, 39)",taxation,6,0.25,False,True,False
214,183-4,26366.796875,"(29, 32)",taxation,6,0.25,False,True,False
214,53-4,24540.765625,"(34, 19)",taxation,6,0.25,False,True,False
214,106-4,35407.859375,"(30, 22)",taxation,6,0.25,False,True,False
214,133-4,33610.1875,"(20, 2)",taxation,6,0.25,False,True,False
214,25-4,33581.6875,"(1, 45)",taxation,6,0.25,False,True,False
214,56-4,37228.171875,"(3, 31)",taxation,6,0.25,False,True,False
214,234-4,38957.34375,"(31, 22)",taxation,6,0.25,False,True,False
214,71-4,40827.203125,"(5, 29)",taxation,6,0.25,False,True,False
214,162-4,38988.15625,"(0, 43)",taxation,6,0.25,False,True,False
214,45-4,38989.109375,"(23, 29)",taxation,6,0.25,False,True,False
214,212-4,39049.609375,"(26, 2)",taxation,6,0.25,False,True,False
214,110-4,42609.3125,"(10, 34)",taxation,6,0.25,False,True,False
214,225-4,39011.421875,"(3, 40)",taxation,6,0.25,False,True,False
214,231-4,24524.109375,"(3, 43)",taxation,6,0.25,False,True,False
214,137-4,33581.53125,"(31, 30)",taxation,6,0.25,False,True,False
214,4-4,28165.515625,"(27, 11)",taxation,6,0.25,False,True,False
214,169-4,29947.4375,"(8, 38)",taxation,6,0.25,False,True,False
214,125-4,40760.125,"(3, 46)",taxation,6,0.25,False,True,False
214,122-4,31756.515625,"(17, 25)",taxation,6,0.25,False,True,False
214,226-4,37178.796875,"(23, 10)",taxation,6,0.25,False,True,False
214,5-4,17270.21875,"(34, 35)",taxation,6,0.25,False,True,False
214,209-4,42612.46875,"(0, 46)",taxation,6,0.25,False,True,False
214,205-4,19113.359375,"(32, 20)",taxation,6,0.25,False,True,False
214,130-4,40754.34375,"(29, 12)",taxation,6,0.25,False,True,False
214,91-4,40846.796875,"(28, 15)",taxation,6,0.25,False,True,False
214,214-4,24506.4375,"(30, 33)",taxation,6,0.25,False,True,False
214,196-4,26282.25,"(4, 48)",taxation,6,0.25,False,True,False
214,21-4,35360.015625,"(30, 15)",taxation,6,0.25,False,True,False
214,141-4,29970.53125,"(47, 16)",taxation,6,0.25,False,True,False
214,193-4,33538.84375,"(4, 33)",taxation,6,0.25,False,True,False
214,68-4,31736.984375,"(4, 47)",taxation,6,0.25,False,True,False
214,161-4,31731.875,"(26, 1)",taxation,6,0.25,False,True,False
214,147-4,37176.921875,"(30, 20)",taxation,6,0.25,False,True,False
214,175-4,31709.78125,"(3, 44)",taxation,6,0.25,False,True,False
214,55-4,40788.453125,"(27, 23)",taxation,6,0.25,False,True,False
214,50-4,42566.59375,"(8, 44)",taxation,6,0.25,False,True,False
214,113-4,38947.296875,"(11, 34)",taxation,6,0.25,False,True,False
214,201-4,26304.203125,"(4, 34)",taxation,6,0.25,False,True,False
214,102-4,26275.59375,"(14, 31)",taxation,6,0.25,False,True,False
214,112-4,40757.46875,"(3, 45)",taxation,6,0.25,False,True,False
214,41-4,40774.5,"(28, 9)",taxation,6,0.25,False,True,False
214,78-4,35358.515625,"(18, 25)",taxation,6,0.25,False,True,False
214,203-4,44385.765625,"(45, 36)",taxation,6,0.25,False,True,False
214,247-4,33549.5625,"(31, 21)",taxation,6,0.25,False,True,False
214,32-4,40750.359375,"(35, 27)",taxation,6,0.25,False,True,False
214,115-4,40751.484375,"(2, 44)",taxation,6,0.25,False,True,False
214,33-4,29894.703125,"(29, 28)",taxation,6,0.25,False,True,False
214,202-4,42568.375,"(9, 37)",taxation,6,0.25,False,True,False
214,155-4,38958.828125,"(28, 25)",taxation,6,0.25,False,True,False
214,207-4,29910.109375,"(27, 15)",taxation,6,0.25,False,True,False
214,145-4,38955.75,"(30, 21)",taxation,6,0.25,False,True,False
214,132-4,40767.484375,"(40, 15)",taxation,6,0.25,False,True,False
214,166-4,35283.578125,"(29, 25)",taxation,6,0.25,False,True,False
214,100-4,37166.671875,"(11, 40)",taxation,6,0.25,False,True,False
214,116-4,40758.84375,"(31, 23)",taxation,6,0.25,False,True,False
214,19-4,38954.75,"(23, 3)",taxation,6,0.25,False,True,False
214,233-4,35282.828125,"(21, 24)",taxation,6,0.25,False,True,False
214,64-4,37096.5,"(35, 37)",taxation,6,0.25,False,True,False
214,186-4,35355.640625,"(25, 0)",taxation,6,0.25,False,True,False
214,103-4,37128.40625,"(0, 44)",taxation,6,0.25,False,True,False
214,163-4,44337.125,"(44, 31)",taxation,6,0.25,False,True,False
214,221-4,35283.21875,"(28, 10)",taxation,6,0.25,False,True,False
214,86-4,37136.875,"(31, 18)",taxation,6,0.25,False,True,False
214,57-4,33505.765625,"(3, 27)",taxation,6,0.25,False,True,False
214,164-4,38963.828125,"(2, 43)",taxation,6,0.25,False,True,False
214,92-4,40724.1875,"(34, 16)",taxation,6,0.25,False,True,False
214,174-4,40751.84375,"(1, 46)",taxation,6,0.25,False,True,False
214,89-4,38910.296875,"(32, 27)",taxation,6,0.25,False,True,False
214,188-4,37125.34375,"(33, 13)",taxation,6,0.25,False,True,False
214,11-4,29891.890625,"(28, 24)",taxation,6,0.25,False,True,False
214,2-4,37153.859375,"(26, 19)",taxation,6,0.25,False,True,False
214,90-4,33479.90625,"(25, 24)",taxation,6,0.25,False,True,False
214,120-4,42544.875,"(8, 31)",taxation,6,0.25,False,True,False
214,48-4,38870.125,"(23, 23)",taxation,6,0.25,False,True,False
214,69-4,40690.90625,"(29, 10)",taxation,6,0.25,False,True,False
214,97-4,29851.484375,"(25, 28)",taxation,6,0.25,False,True,False
214,13-4,35302.515625,"(9, 47)",taxation,6,0.25,False,True,False
214,58-4,38880.90625,"(29, 0)",taxation,6,0.25,False,True,False
214,52-4,28063.328125,"(31, 15)",taxation,6,0.25,False,True,False
214,117-4,33467.21875,"(13, 36)",taxation,6,0.25,False,True,False
214,27-4,33461.546875,"(13, 32)",taxation,6,0.25,False,True,False
214,121-4,37112.0,"(23, 24)",taxation,6,0.25,False,True,False
214,107-4,40694.65625,"(3, 33)",taxation,6,0.25,False,True,False
214,85-4,33498.3125,"(4, 49)",taxation,6,0.25,False,True,False
214,237-4,29866.484375,"(29, 26)",taxation,6,0.25,False,True,False
214,18-4,42521.234375,"(32, 19)",taxation,6,0.25,False,True,False
214,96-4,42541.28125,"(27, 17)",taxation,6,0.25,False,True,False
214,160-4,33474.3125,"(21, 23)",taxation,6,0.25,False,True,False
214,37-4,38907.046875,"(30, 28)",taxation,6,0.25,False,True,False
214,30-4,42536.703125,"(33, 35)",taxation,6,0.25,False,True,False
214,235-4,37075.953125,"(5, 38)",taxation,6,0.25,False,True,False
214,80-4,40697.46875,"(37, 27)",taxation,6,0.25,False,True,False
214,14-4,9959.90625,"(17, 23)",taxation,6,0.25,False,True,False
214,104-4,35304.84375,"(10, 31)",taxation,6,0.25,False,True,False
214,184-4,37037.203125,"(16, 25)",taxation,6,0.25,False,True,False
214,229-4,40729.765625,"(27, 18)",taxation,6,0.25,False,True,False
214,136-4,29806.28125,"(9, 38)",taxation,6,0.25,False,True,False
214,232-4,22555.765625,"(27, 13)",taxation,6,0.25,False,True,False
214,7-4,28041.03125,"(33, 21)",taxation,6,0.25,False,True,False
214,248-4,37067.890625,"(2, 48)",taxation,6,0.25,False,True,False
214,61-4,44310.640625,"(23, 25)",taxation,6,0.25,False,True,False
214,88-4,37085.25,"(13, 15)",taxation,6,0.25,False,True,False
214,72-4,42493.40625,"(13, 33)",taxation,6,0.25,False,True,False
214,62-4,37060.59375,"(10, 29)",taxation,6,0.25,False,True,False
215,108-3,27738.6875,"(46, 13)",taxation,6,0.25,False,True,False
215,109-3,49435.875,"(31, 10)",taxation,6,0.25,False,True,False
215,127-3,51837.5,"(26, 30)",taxation,6,0.25,False,True,False
215,65-3,56644.9375,"(38, 14)",taxation,6,0.25,False,True,False
215,59-3,44638.9375,"(20, 29)",taxation,6,0.25,False,True,False
215,26-3,39773.5625,"(3, 36)",taxation,6,0.25,False,True,False
215,47-3,34916.3125,"(0, 49)",taxation,6,0.25,False,True,False
215,223-3,34956.5,"(9, 48)",taxation,6,0.25,False,True,False
215,129-3,47012.5,"(13, 29)",taxation,6,0.25,False,True,False
215,77-3,42184.125,"(29, 34)",taxation,6,0.25,False,True,False
215,43-3,49418.8125,"(47, 14)",taxation,6,0.25,False,True,False
215,128-3,54269.25,"(35, 18)",taxation,6,0.25,False,True,False
215,79-3,47003.1875,"(28, 1)",taxation,6,0.25,False,True,False
215,199-3,56631.25,"(14, 20)",taxation,6,0.25,False,True,False
215,99-3,46976.9375,"(29, 31)",taxation,6,0.25,False,True,False
215,84-3,49436.625,"(28, 4)",taxation,6,0.25,False,True,False
215,123-3,56608.5625,"(6, 43)",taxation,6,0.25,False,True,False
215,119-3,49402.75,"(32, 13)",taxation,6,0.25,False,True,False
215,46-3,34932.5,"(31, 7)",taxation,6,0.25,False,True,False
215,190-3,49366.0625,"(5, 48)",taxation,6,0.25,False,True,False
215,220-3,54251.25,"(34, 10)",taxation,6,0.25,False,True,False
215,157-3,46981.1875,"(11, 31)",taxation,6,0.25,False,True,False
215,245-3,54197.0625,"(27, 32)",taxation,6,0.25,False,True,False
215,195-3,22872.9375,"(10, 47)",taxation,6,0.25,False,True,False
215,15-3,44579.0625,"(19, 28)",taxation,6,0.25,False,True,False
215,224-3,42148.3125,"(29, 33)",taxation,6,0.25,False,True,False
215,87-3,49387.625,"(31, 9)",taxation,6,0.25,False,True,False
215,135-3,49374.0625,"(19, 21)",taxation,6,0.25,False,True,False
215,8-3,49421.25,"(17, 28)",taxation,6,0.25,False,True,False
215,227-3,54225.375,"(25, 31)",taxation,6,0.25,False,True,False
215,178-3,54197.1875,"(8, 45)",taxation,6,0.25,False,True,False
215,114-3,56640.3125,"(31, 35)",taxation,6,0.25,False,True,False
215,118-3,54153.625,"(37, 11)",taxation,6,0.25,False,True,False
215,244-3,56624.875,"(33, 6)",taxation,6,0.25,False,True,False
215,34-3,44541.5,"(36, 12)",taxation,6,0.25,False,True,False
215,60-3,51767.4375,"(15, 27)",taxation,6,0.25,False,True,False
215,218-3,56635.125,"(34, 8)",taxation,6,0.25,False,True,False
215,49-3,46990.875,"(14, 18)",taxation,6,0.25,False,True,False
215,185-3,49438.125,"(29, 35)",taxation,6,0.25,False,True,False
215,228-4,29460.9375,"(30, 9)",taxation,6,0.25,False,True,False
215,24-3,39777.125,"(35, 19)",taxation,6,0.25,False,True,False
215,9-3,42174.9375,"(35, 38)",taxation,6,0.25,False,True,False
215,39-3,34879.625,"(22, 31)",taxation,6,0.25,False,True,False
215,151-3,39706.1875,"(31, 11)",taxation,6,0.25,False,True,False
215,29-3,49412.9375,"(28, 5)",taxation,6,0.25,False,True,False
215,230-3,39737.0,"(31, 37)",taxation,6,0.25,False,True,False
215,131-3,49381.75,"(8, 43)",taxation,6,0.25,False,True,False
215,81-3,46999.6875,"(32, 14)",taxation,6,0.25,False,True,False
215,222-3,49360.125,"(33, 9)",taxation,6,0.25,False,True,False
215,171-3,49358.375,"(37, 14)",taxation,6,0.25,False,True,False
215,200-3,46980.5,"(31, 14)",taxation,6,0.25,False,True,False
215,238-3,49366.5,"(32, 34)",taxation,6,0.25,False,True,False
215,153-3,25256.25,"(28, 7)",taxation,6,0.25,False,True,False
215,197-3,39717.1875,"(26, 32)",taxation,6,0.25,False,True,False
215,139-4,44565.765625,"(34, 4)",taxation,6,0.25,False,True,False
215,204-3,54173.375,"(31, 17)",taxation,6,0.25,False,True,False
215,211-3,32450.8125,"(4, 30)",taxation,6,0.25,False,True,False
215,93-3,22829.0,"(31, 13)",taxation,6,0.25,False,True,False
215,101-3,49411.5625,"(35, 2)",taxation,6,0.25,False,True,False
215,213-3,49377.625,"(12, 45)",taxation,6,0.25,False,True,False
215,70-3,51772.0,"(7, 48)",taxation,6,0.25,False,True,False
215,239-3,49382.625,"(15, 23)",taxation,6,0.25,False,True,False
215,243-3,46938.125,"(8, 37)",taxation,6,0.25,False,True,False
215,192-3,44560.25,"(5, 49)",taxation,6,0.25,False,True,False
215,143-3,49373.3125,"(27, 30)",taxation,6,0.25,False,True,False
215,35-3,49375.875,"(28, 35)",taxation,6,0.25,False,True,False
215,3-3,30019.6875,"(9, 49)",taxation,6,0.25,False,True,False
215,181-3,49351.937500000015,"(8, 36)",taxation,6,0.25,False,True,False
215,105-3,44529.625,"(37, 19)",taxation,6,0.25,False,True,False
215,177-3,49413.3125,"(32, 36)",taxation,6,0.25,False,True,False
215,167-4,39102.734375,"(33, 3)",taxation,6,0.25,False,True,False
215,173-4,10794.8125,"(14, 24)",taxation,6,0.25,False,True,False
215,44-3,32462.0,"(21, 32)",taxation,6,0.25,False,True,False
215,216-3,54167.5,"(29, 30)",taxation,6,0.25,False,True,False
215,217-3,30068.375,"(28, 34)",taxation,6,0.25,False,True,False
215,138-3,51709.8125,"(24, 28)",taxation,6,0.25,False,True,False
215,75-4,35428.0625,"(15, 29)",taxation,6,0.25,False,True,False
215,74-4,43277.0,"(3, 37)",taxation,6,0.25,False,True,False
215,191-3,56568.5625,"(28, 2)",taxation,6,0.25,False,True,False
215,240-4,13137.3125,"(0, 30)",taxation,6,0.25,False,True,False
215,20-3,46957.75,"(43, 13)",taxation,6,0.25,False,True,False
215,159-3,39710.375,"(37, 18)",taxation,6,0.25,False,True,False
215,158-4,36058.0625,"(14, 19)",taxation,6,0.25,False,True,False
215,66-3,54190.8125,"(38, 31)",taxation,6,0.25,False,True,False
215,170-4,34314.734375,"(43, 15)",taxation,6,0.25,False,True,False
215,146-4,15582.3125,"(37, 17)",taxation,6,0.25,False,True,False
215,208-4,39694.703125,"(18, 27)",taxation,6,0.25,False,True,False
215,219-4,43301.3125,"(42, 16)",taxation,6,0.25,False,True,False
215,140-4,1084.0625,"(6, 47)",taxation,6,0.25,False,True,False
215,210-3,58977.5625,"(11, 46)",taxation,6,0.25,False,True,False
215,198-4,35483.71875,"(30, 3)",taxation,6,0.25,False,True,False
215,246-4,37294.3125,"(7, 47)",taxation,6,0.25,False,True,False
215,187-4,20378.1875,"(27, 3)",taxation,6,0.25,False,True,False
215,179-4,32495.53125,"(32, 10)",taxation,6,0.25,False,True,False
215,23-4,40278.5,"(38, 19)",taxation,6,0.25,False,True,False
215,31-4,44489.46875,"(8, 48)",taxation,6,0.25,False,True,False
215,150-3,42079.4375,"(36, 19)",taxation,6,0.25,False,True,False
215,12-3,46918.8125,"(30, 12)",taxation,6,0.25,False,True,False
215,98-4,20420.0625,"(38, 12)",taxation,6,0.25,False,True,False
215,126-3,49337.0625,"(26, 31)",taxation,6,0.25,False,True,False
215,176-4,1094.1875,"(10, 27)",taxation,6,0.25,False,True,False
215,28-4,34262.203125,"(31, 36)",taxation,6,0.25,False,True,False
215,154-4,17951.3125,"(31, 16)",taxation,6,0.25,False,True,False
215,40-4,40868.3125,"(21, 29)",taxation,6,0.25,False,True,False
215,1-4,28843.140625,"(9, 44)",taxation,6,0.25,False,True,False
215,76-4,37269.921875000015,"(22, 26)",taxation,6,0.25,False,True,False
215,67-3,37296.5625,"(41, 21)",taxation,6,0.25,False,True,False
215,182-4,39044.890625,"(32, 7)",taxation,6,0.25,False,True,False
215,241-4,35435.21875,"(27, 1)",taxation,6,0.25,False,True,False
215,149-4,33672.5625,"(26, 16)",taxation,6,0.25,False,True,False
215,17-4,40899.03125,"(18, 30)",taxation,6,0.25,False,True,False
215,0-4,26412.828125,"(35, 4)",taxation,6,0.25,False,True,False
215,22-4,42680.8125,"(34, 2)",taxation,6,0.25,False,True,False
215,10-4,39066.390625,"(27, 0)",taxation,6,0.25,False,True,False
215,242-4,17381.953125,"(32, 35)",taxation,6,0.25,False,True,False
215,142-4,24560.859375,"(26, 0)",taxation,6,0.25,False,True,False
215,189-4,33696.84375,"(29, 16)",taxation,6,0.25,False,True,False
215,63-4,35401.171875,"(39, 15)",taxation,6,0.25,False,True,False
215,165-4,44419.1875,"(31, 33)",taxation,6,0.25,False,True,False
215,94-4,13137.125,"(8, 47)",taxation,6,0.25,False,True,False
215,206-4,37829.328125,"(37, 10)",taxation,6,0.25,False,True,False
215,172-4,40822.484375,"(6, 45)",taxation,6,0.25,False,True,False
215,144-4,37273.90625,"(30, 25)",taxation,6,0.25,False,True,False
215,111-4,40817.515625,"(35, 20)",taxation,6,0.25,False,True,False
215,83-4,40833.671875,"(29, 9)",taxation,6,0.25,False,True,False
215,249-4,39071.5625,"(25, 34)",taxation,6,0.25,False,True,False
215,51-4,39045.40625,"(32, 8)",taxation,6,0.25,False,True,False
215,180-4,37238.265625,"(17, 27)",taxation,6,0.25,False,True,False
215,148-4,29970.953125,"(3, 49)",taxation,6,0.25,False,True,False
215,16-4,42655.34375,"(28, 31)",taxation,6,0.25,False,True,False
215,134-4,37234.25,"(33, 18)",taxation,6,0.25,False,True,False
215,73-4,39024.265625,"(38, 17)",taxation,6,0.25,False,True,False
215,54-4,37228.140625,"(30, 10)",taxation,6,0.25,False,True,False
215,38-4,39025.59375,"(34, 5)",taxation,6,0.25,False,True,False
215,6-4,42656.625,"(37, 13)",taxation,6,0.25,False,True,False
215,156-4,28133.96875,"(12, 43)",taxation,6,0.25,False,True,False
215,95-4,42659.65625,"(33, 15)",taxation,6,0.25,False,True,False
215,42-4,28243.21875,"(20, 30)",taxation,6,0.25,False,True,False
215,168-4,40834.15625,"(9, 42)",taxation,6,0.25,False,True,False
215,183-4,26375.796875,"(27, 33)",taxation,6,0.25,False,True,False
215,53-4,24550.765625,"(33, 17)",taxation,6,0.25,False,True,False
215,106-4,35417.859375,"(32, 18)",taxation,6,0.25,False,True,False
215,133-4,33616.1875,"(26, 8)",taxation,6,0.25,False,True,False
215,25-4,33588.6875,"(5, 46)",taxation,6,0.25,False,True,False
215,56-4,37235.171875,"(7, 27)",taxation,6,0.25,False,True,False
215,234-4,38967.34375,"(32, 17)",taxation,6,0.25,False,True,False
215,71-4,40834.203125,"(6, 26)",taxation,6,0.25,False,True,False
215,162-4,38996.15625,"(3, 48)",taxation,6,0.25,False,True,False
215,45-4,38997.109375,"(23, 32)",taxation,6,0.25,False,True,False
215,212-4,39057.609375,"(32, 5)",taxation,6,0.25,False,True,False
215,110-4,42616.3125,"(14, 32)",taxation,6,0.25,False,True,False
215,225-4,39014.421875,"(9, 39)",taxation,6,0.25,False,True,False
215,231-4,24532.109375,"(7, 46)",taxation,6,0.25,False,True,False
215,137-4,33589.53125,"(31, 34)",taxation,6,0.25,False,True,False
215,4-4,28173.515625,"(32, 9)",taxation,6,0.25,False,True,False
215,169-4,29954.4375,"(12, 41)",taxation,6,0.25,False,True,False
215,125-4,40768.125,"(2, 49)",taxation,6,0.25,False,True,False
215,122-4,31763.515625,"(15, 26)",taxation,6,0.25,False,True,False
215,226-4,37184.796875,"(27, 4)",taxation,6,0.25,False,True,False
215,5-4,17279.21875,"(28, 32)",taxation,6,0.25,False,True,False
215,209-4,42614.46875,"(6, 40)",taxation,6,0.25,False,True,False
215,205-4,19123.359375,"(33, 16)",taxation,6,0.25,False,True,False
215,130-4,40764.34375,"(33, 14)",taxation,6,0.25,False,True,False
215,91-4,40851.796875,"(23, 11)",taxation,6,0.25,False,True,False
215,214-4,24514.4375,"(30, 34)",taxation,6,0.25,False,True,False
215,196-4,26288.25,"(10, 48)",taxation,6,0.25,False,True,False
215,21-4,35369.015625,"(36, 9)",taxation,6,0.25,False,True,False
215,141-4,29978.53125,"(45, 13)",taxation,6,0.25,False,True,False
215,193-4,33544.84375,"(4, 27)",taxation,6,0.25,False,True,False
215,68-4,31739.984375,"(9, 45)",taxation,6,0.25,False,True,False
215,161-4,31739.875,"(32, 6)",taxation,6,0.25,False,True,False
215,147-4,37180.921875,"(30, 16)",taxation,6,0.25,False,True,False
215,175-4,31712.78125,"(9, 43)",taxation,6,0.25,False,True,False
215,55-4,40792.453125,"(25, 18)",taxation,6,0.25,False,True,False
215,50-4,42573.59375,"(12, 44)",taxation,6,0.25,False,True,False
215,113-4,38955.296875,"(15, 39)",taxation,6,0.25,False,True,False
215,201-4,26310.203125,"(2, 30)",taxation,6,0.25,False,True,False
215,102-4,26282.59375,"(16, 31)",taxation,6,0.25,False,True,False
215,112-4,40759.46875,"(7, 42)",taxation,6,0.25,False,True,False
215,41-4,40782.5,"(33, 8)",taxation,6,0.25,False,True,False
215,78-4,35367.515625,"(24, 31)",taxation,6,0.25,False,True,False
215,203-4,44390.765625,"(39, 32)",taxation,6,0.25,False,True,False
215,247-4,33558.5625,"(36, 18)",taxation,6,0.25,False,True,False
215,32-4,40758.359375,"(36, 24)",taxation,6,0.25,False,True,False
215,115-4,40759.484375,"(8, 46)",taxation,6,0.25,False,True,False
215,33-4,29902.703125,"(24, 33)",taxation,6,0.25,False,True,False
215,202-4,42576.375,"(15, 38)",taxation,6,0.25,False,True,False
215,155-4,38961.828125,"(24, 29)",taxation,6,0.25,False,True,False
215,207-4,29919.109375,"(32, 11)",taxation,6,0.25,False,True,False
215,145-4,38959.75,"(36, 15)",taxation,6,0.25,False,True,False
215,132-4,40776.484375,"(38, 10)",taxation,6,0.25,False,True,False
215,166-4,35286.578125,"(23, 27)",taxation,6,0.25,False,True,False
215,100-4,37173.671875,"(12, 40)",taxation,6,0.25,False,True,False
215,116-4,40763.84375,"(36, 17)",taxation,6,0.25,False,True,False
215,19-4,38960.75,"(28, 3)",taxation,6,0.25,False,True,False
215,233-4,35289.828125,"(16, 30)",taxation,6,0.25,False,True,False
215,64-4,37104.5,"(30, 35)",taxation,6,0.25,False,True,False
215,186-4,35361.640625,"(28, 0)",taxation,6,0.25,False,True,False
215,103-4,37137.40625,"(0, 48)",taxation,6,0.25,False,True,False
215,163-4,44343.125,"(38, 32)",taxation,6,0.25,False,True,False
215,221-4,35293.21875,"(34, 13)",taxation,6,0.25,False,True,False
215,86-4,37145.875,"(32, 12)",taxation,6,0.25,False,True,False
215,57-4,33512.765625,"(0, 26)",taxation,6,0.25,False,True,False
215,164-4,38971.828125,"(3, 47)",taxation,6,0.25,False,True,False
215,92-4,40733.1875,"(38, 11)",taxation,6,0.25,False,True,False
215,174-4,40753.84375,"(6, 46)",taxation,6,0.25,False,True,False
215,89-4,38914.296875,"(37, 24)",taxation,6,0.25,False,True,False
215,188-4,37135.34375,"(34, 14)",taxation,6,0.25,False,True,False
215,11-4,29895.890625,"(22, 30)",taxation,6,0.25,False,True,False
215,2-4,37157.859375,"(25, 14)",taxation,6,0.25,False,True,False
215,90-4,33485.90625,"(19, 29)",taxation,6,0.25,False,True,False
215,120-4,42552.875,"(14, 33)",taxation,6,0.25,False,True,False
215,48-4,38876.125,"(18, 29)",taxation,6,0.25,False,True,False
215,69-4,40698.90625,"(35, 8)",taxation,6,0.25,False,True,False
215,97-4,29859.484375,"(24, 32)",taxation,6,0.25,False,True,False
215,13-4,35310.515625,"(9, 46)",taxation,6,0.25,False,True,False
215,58-4,38889.90625,"(34, 0)",taxation,6,0.25,False,True,False
215,52-4,28073.328125,"(34, 15)",taxation,6,0.25,False,True,False
215,117-4,33474.21875,"(15, 32)",taxation,6,0.25,False,True,False
215,27-4,33468.546875,"(15, 30)",taxation,6,0.25,False,True,False
215,121-4,37121.0,"(24, 30)",taxation,6,0.25,False,True,False
215,107-4,40701.65625,"(9, 27)",taxation,6,0.25,False,True,False
215,85-4,33506.3125,"(8, 49)",taxation,6,0.25,False,True,False
215,237-4,29870.484375,"(32, 32)",taxation,6,0.25,False,True,False
215,18-4,42530.234375,"(32, 15)",taxation,6,0.25,False,True,False
215,96-4,42547.28125,"(26, 11)",taxation,6,0.25,False,True,False
215,160-4,33481.3125,"(16, 26)",taxation,6,0.25,False,True,False
215,37-4,38916.046875,"(29, 27)",taxation,6,0.25,False,True,False
215,30-4,42545.703125,"(28, 33)",taxation,6,0.25,False,True,False
215,235-4,37082.953125,"(11, 43)",taxation,6,0.25,False,True,False
215,80-4,40705.46875,"(32, 33)",taxation,6,0.25,False,True,False
215,14-4,9967.90625,"(16, 27)",taxation,6,0.25,False,True,False
215,104-4,35311.84375,"(13, 30)",taxation,6,0.25,False,True,False
215,184-4,37044.203125,"(15, 25)",taxation,6,0.25,False,True,False
215,229-4,40734.765625,"(26, 12)",taxation,6,0.25,False,True,False
215,136-4,29813.28125,"(13, 43)",taxation,6,0.25,False,True,False
215,232-4,22561.765625,"(31, 8)",taxation,6,0.25,False,True,False
215,7-4,28047.03125,"(39, 16)",taxation,6,0.25,False,True,False
215,248-4,37069.890625,"(6, 48)",taxation,6,0.25,False,True,False
215,61-4,44318.640625,"(18, 28)",taxation,6,0.25,False,True,False
215,88-4,37092.25,"(13, 19)",taxation,6,0.25,False,True,False
215,72-4,42501.40625,"(19, 34)",taxation,6,0.25,False,True,False
215,62-4,37067.59375,"(12, 29)",taxation,6,0.25,False,True,False
215,194-4,33454.96875,"(2, 47)",taxation,6,0.25,False,True,False
215,236-4,37082.203125,"(27, 31)",taxation,6,0.25,False,True,False
215,124-4,35232.140625,"(16, 37)",taxation,6,0.25,False,True,False
215,36-4,28016.578125,"(5, 30)",taxation,6,0.25,False,True,False
215,215-4,40702.96875,"(31, 12)",taxation,6,0.25,False,True,False
215,152-4,38863.640625,"(14, 25)",taxation,6,0.25,False,True,False
215,82-4,38883.09375,"(23, 28)",taxation,6,0.25,False,True,False
216,108-3,27747.6875,"(44, 13)",taxation,6,0.25,False,True,False
216,109-3,49445.875,"(37, 8)",taxation,6,0.25,False,True,False
216,65-3,56652.9375,"(42, 10)",taxation,6,0.25,False,True,False
216,59-3,44647.9375,"(23, 35)",taxation,6,0.25,False,True,False
216,26-3,39778.5625,"(3, 30)",taxation,6,0.25,False,True,False
216,129-3,47020.5,"(12, 28)",taxation,6,0.25,False,True,False
216,77-3,42192.125,"(29, 39)",taxation,6,0.25,False,True,False
216,43-3,49427.8125,"(44, 8)",taxation,6,0.25,False,True,False
216,128-3,54276.25,"(39, 14)",taxation,6,0.25,False,True,False
216,79-3,47009.1875,"(30, 2)",taxation,6,0.25,False,True,False
216,199-3,56639.25,"(13, 20)",taxation,6,0.25,False,True,False
216,99-3,46984.9375,"(27, 35)",taxation,6,0.25,False,True,False
216,84-3,49444.625,"(32, 2)",taxation,6,0.25,False,True,False
216,123-3,56612.5625,"(10, 40)",taxation,6,0.25,False,True,False
216,119-3,49412.75,"(37, 7)",taxation,6,0.25,False,True,False
216,46-3,34941.5,"(36, 4)",taxation,6,0.25,False,True,False
216,190-3,49372.0625,"(11, 47)",taxation,6,0.25,False,True,False
216,220-3,54260.25,"(40, 5)",taxation,6,0.25,False,True,False
216,157-3,46988.1875,"(11, 29)",taxation,6,0.25,False,True,False
216,245-3,54205.0625,"(27, 37)",taxation,6,0.25,False,True,False
216,195-3,22878.9375,"(15, 46)",taxation,6,0.25,False,True,False
216,15-3,44585.0625,"(17, 30)",taxation,6,0.25,False,True,False
216,224-3,42156.3125,"(30, 39)",taxation,6,0.25,False,True,False
216,87-3,49394.625,"(34, 3)",taxation,6,0.25,False,True,False
216,135-3,49382.0625,"(13, 22)",taxation,6,0.25,False,True,False
216,8-3,49428.25,"(16, 29)",taxation,6,0.25,False,True,False
216,227-3,54233.375,"(20, 37)",taxation,6,0.25,False,True,False
216,178-3,54205.1875,"(13, 49)",taxation,6,0.25,False,True,False
216,114-3,56648.3125,"(33, 39)",taxation,6,0.25,False,True,False
216,118-3,54163.625,"(37, 9)",taxation,6,0.25,False,True,False
216,244-3,56633.875,"(37, 3)",taxation,6,0.25,False,True,False
216,34-3,44550.5,"(40, 6)",taxation,6,0.25,False,True,False
216,60-3,51774.4375,"(15, 28)",taxation,6,0.25,False,True,False
216,218-3,56644.125,"(40, 4)",taxation,6,0.25,False,True,False
216,49-3,46997.875,"(15, 19)",taxation,6,0.25,False,True,False
216,185-3,49446.125,"(27, 39)",taxation,6,0.25,False,True,False
216,228-4,29470.9375,"(36, 8)",taxation,6,0.25,False,True,False
216,24-3,39784.125,"(41, 14)",taxation,6,0.25,False,True,False
216,9-3,42182.9375,"(35, 39)",taxation,6,0.25,False,True,False
216,39-3,34888.625,"(25, 35)",taxation,6,0.25,False,True,False
216,151-3,39715.1875,"(36, 5)",taxation,6,0.25,False,True,False
216,29-3,49420.9375,"(32, 3)",taxation,6,0.25,False,True,False
216,230-3,39745.0,"(31, 38)",taxation,6,0.25,False,True,False
216,131-3,49389.75,"(12, 47)",taxation,6,0.25,False,True,False
216,81-3,47006.6875,"(35, 9)",taxation,6,0.25,False,True,False
216,222-3,49369.125,"(37, 5)",taxation,6,0.25,False,True,False
216,171-3,49367.375,"(42, 8)",taxation,6,0.25,False,True,False
216,200-3,46986.5,"(35, 11)",taxation,6,0.25,False,True,False
216,238-3,49374.5,"(32, 39)",taxation,6,0.25,False,True,False
216,153-3,25262.25,"(30, 4)",taxation,6,0.25,False,True,False
216,197-3,39724.1875,"(20, 33)",taxation,6,0.25,False,True,False
216,139-4,44574.765625,"(39, 1)",taxation,6,0.25,False,True,False
216,204-3,54178.375,"(30, 14)",taxation,6,0.25,False,True,False
216,211-3,32457.8125,"(8, 24)",taxation,6,0.25,False,True,False
216,93-3,22836.0,"(34, 7)",taxation,6,0.25,False,True,False
216,101-3,49420.5625,"(39, 3)",taxation,6,0.25,False,True,False
216,213-3,49384.625,"(14, 49)",taxation,6,0.25,False,True,False
216,70-3,51776.0,"(11, 49)",taxation,6,0.25,False,True,False
216,239-3,49389.625,"(14, 23)",taxation,6,0.25,False,True,False
216,243-3,46943.125,"(14, 38)",taxation,6,0.25,False,True,False
216,192-3,44564.25,"(10, 49)",taxation,6,0.25,False,True,False
216,143-3,49382.3125,"(26, 35)",taxation,6,0.25,False,True,False
216,35-3,49384.875,"(23, 36)",taxation,6,0.25,False,True,False
216,3-3,30024.6875,"(15, 48)",taxation,6,0.25,False,True,False
216,181-3,49357.937500000015,"(14, 42)",taxation,6,0.25,False,True,False
216,105-3,44536.625,"(42, 20)",taxation,6,0.25,False,True,False
216,177-3,49421.3125,"(34, 39)",taxation,6,0.25,False,True,False
216,167-4,39112.734375,"(35, 0)",taxation,6,0.25,False,True,False
216,173-4,10801.8125,"(14, 22)",taxation,6,0.25,False,True,False
216,44-3,32470.0,"(21, 37)",taxation,6,0.25,False,True,False
216,216-3,54172.5,"(33, 33)",taxation,6,0.25,False,True,False
216,217-3,30076.375,"(28, 39)",taxation,6,0.25,False,True,False
216,138-3,51715.8125,"(21, 31)",taxation,6,0.25,False,True,False
216,75-4,35435.0625,"(12, 27)",taxation,6,0.25,False,True,False
216,74-4,43281.0,"(9, 36)",taxation,6,0.25,False,True,False
216,191-3,56576.5625,"(34, 1)",taxation,6,0.25,False,True,False
216,240-4,13144.3125,"(5, 24)",taxation,6,0.25,False,True,False
216,20-3,46966.75,"(43, 8)",taxation,6,0.25,False,True,False
216,159-3,39717.375,"(41, 15)",taxation,6,0.25,False,True,False
216,158-4,36066.0625,"(12, 22)",taxation,6,0.25,False,True,False
216,66-3,54197.8125,"(34, 37)",taxation,6,0.25,False,True,False
216,170-4,34322.734375,"(45, 15)",taxation,6,0.25,False,True,False
216,146-4,15589.3125,"(41, 17)",taxation,6,0.25,False,True,False
216,208-4,39701.703125,"(12, 25)",taxation,6,0.25,False,True,False
216,219-4,43310.3125,"(42, 13)",taxation,6,0.25,False,True,False
216,140-4,1088.0625,"(11, 48)",taxation,6,0.25,False,True,False
216,210-3,58984.5625,"(15, 49)",taxation,6,0.25,False,True,False
216,198-4,35491.71875,"(33, 1)",taxation,6,0.25,False,True,False
216,246-4,37299.3125,"(13, 44)",taxation,6,0.25,False,True,False
216,187-4,20385.1875,"(31, 3)",taxation,6,0.25,False,True,False
216,179-4,32501.53125,"(31, 4)",taxation,6,0.25,False,True,False
216,23-4,40285.5,"(43, 19)",taxation,6,0.25,False,True,False
216,31-4,44495.46875,"(14, 48)",taxation,6,0.25,False,True,False
216,150-3,42086.4375,"(41, 18)",taxation,6,0.25,False,True,False
216,12-3,46927.8125,"(35, 7)",taxation,6,0.25,False,True,False
216,98-4,20429.0625,"(42, 6)",taxation,6,0.25,False,True,False
216,126-3,49344.0625,"(21, 33)",taxation,6,0.25,False,True,False
216,176-4,1101.1875,"(10, 25)",taxation,6,0.25,False,True,False
216,28-4,34271.203125,"(25, 36)",taxation,6,0.25,False,True,False
216,154-4,17958.3125,"(36, 11)",taxation,6,0.25,False,True,False
216,40-4,40875.3125,"(20, 32)",taxation,6,0.25,False,True,False
216,1-4,28851.140625,"(12, 46)",taxation,6,0.25,False,True,False
216,76-4,37275.921875000015,"(18, 26)",taxation,6,0.25,False,True,False
216,67-3,37304.5625,"(46, 16)",taxation,6,0.25,False,True,False
216,182-4,39054.890625,"(36, 7)",taxation,6,0.25,False,True,False
216,241-4,35443.21875,"(32, 1)",taxation,6,0.25,False,True,False
216,149-4,33677.5625,"(26, 13)",taxation,6,0.25,False,True,False
216,17-4,40907.03125,"(20, 36)",taxation,6,0.25,False,True,False
216,0-4,26422.828125,"(36, 6)",taxation,6,0.25,False,True,False
216,22-4,42689.8125,"(39, 2)",taxation,6,0.25,False,True,False
216,10-4,39072.390625,"(27, 2)",taxation,6,0.25,False,True,False
216,242-4,17389.953125,"(29, 36)",taxation,6,0.25,False,True,False
216,142-4,24566.859375,"(30, 1)",taxation,6,0.25,False,True,False
216,189-4,33702.84375,"(35, 12)",taxation,6,0.25,False,True,False
216,63-4,35409.171875,"(44, 16)",taxation,6,0.25,False,True,False
216,165-4,44427.1875,"(34, 38)",taxation,6,0.25,False,True,False
216,94-4,13145.125,"(12, 48)",taxation,6,0.25,False,True,False
216,206-4,37838.328125,"(41, 5)",taxation,6,0.25,False,True,False
216,172-4,40827.484375,"(11, 42)",taxation,6,0.25,False,True,False
216,144-4,37277.90625,"(36, 26)",taxation,6,0.25,False,True,False
216,111-4,40823.515625,"(40, 21)",taxation,6,0.25,False,True,False
216,83-4,40839.671875,"(30, 5)",taxation,6,0.25,False,True,False
216,249-4,39079.5625,"(25, 39)",taxation,6,0.25,False,True,False
216,51-4,39052.40625,"(33, 4)",taxation,6,0.25,False,True,False
216,180-4,37246.265625,"(11, 25)",taxation,6,0.25,False,True,False
216,148-4,29972.953125,"(6, 49)",taxation,6,0.25,False,True,False
216,16-4,42664.34375,"(24, 36)",taxation,6,0.25,False,True,False
216,134-4,37241.25,"(39, 13)",taxation,6,0.25,False,True,False
216,73-4,39033.265625,"(41, 13)",taxation,6,0.25,False,True,False
216,54-4,37234.140625,"(34, 9)",taxation,6,0.25,False,True,False
216,38-4,39034.59375,"(40, 3)",taxation,6,0.25,False,True,False
216,6-4,42664.625,"(41, 9)",taxation,6,0.25,False,True,False
216,156-4,28141.96875,"(13, 45)",taxation,6,0.25,False,True,False
216,95-4,42666.65625,"(39, 9)",taxation,6,0.25,False,True,False
216,42-4,28249.21875,"(19, 31)",taxation,6,0.25,False,True,False
216,168-4,40839.15625,"(13, 42)",taxation,6,0.25,False,True,False
216,183-4,26383.796875,"(30, 38)",taxation,6,0.25,False,True,False
216,53-4,24557.765625,"(38, 13)",taxation,6,0.25,False,True,False
216,106-4,35423.859375,"(38, 16)",taxation,6,0.25,False,True,False
216,133-4,33624.1875,"(32, 4)",taxation,6,0.25,False,True,False
216,25-4,33593.6875,"(11, 45)",taxation,6,0.25,False,True,False
216,56-4,37243.171875,"(7, 26)",taxation,6,0.25,False,True,False
216,234-4,38974.34375,"(37, 12)",taxation,6,0.25,False,True,False
216,71-4,40841.203125,"(6, 24)",taxation,6,0.25,False,True,False
216,162-4,38998.15625,"(5, 45)",taxation,6,0.25,False,True,False
216,45-4,39004.109375,"(22, 34)",taxation,6,0.25,False,True,False
216,212-4,39065.609375,"(35, 1)",taxation,6,0.25,False,True,False
216,110-4,42624.3125,"(18, 36)",taxation,6,0.25,False,True,False
216,225-4,39019.421875,"(13, 40)",taxation,6,0.25,False,True,False
216,231-4,24537.109375,"(13, 41)",taxation,6,0.25,False,True,False
216,137-4,33597.53125,"(31, 40)",taxation,6,0.25,False,True,False
216,4-4,28182.515625,"(37, 4)",taxation,6,0.25,False,True,False
216,169-4,29961.4375,"(17, 41)",taxation,6,0.25,False,True,False
216,125-4,40771.125,"(7, 49)",taxation,6,0.25,False,True,False
216,122-4,31771.515625,"(13, 24)",taxation,6,0.25,False,True,False
216,226-4,37191.796875,"(31, 0)",taxation,6,0.25,False,True,False
216,5-4,17287.21875,"(33, 38)",taxation,6,0.25,False,True,False
216,209-4,42618.46875,"(10, 39)",taxation,6,0.25,False,True,False
216,205-4,19129.359375,"(37, 15)",taxation,6,0.25,False,True,False
216,130-4,40772.34375,"(36, 10)",taxation,6,0.25,False,True,False
216,91-4,40856.796875,"(22, 11)",taxation,6,0.25,False,True,False
216,214-4,24522.4375,"(31, 39)",taxation,6,0.25,False,True,False
216,196-4,26293.25,"(15, 47)",taxation,6,0.25,False,True,False
216,21-4,35378.015625,"(41, 6)",taxation,6,0.25,False,True,False
216,141-4,29987.53125,"(43, 7)",taxation,6,0.25,False,True,False
216,193-4,33551.84375,"(8, 23)",taxation,6,0.25,False,True,False
216,68-4,31747.984375,"(13, 46)",taxation,6,0.25,False,True,False
216,161-4,31747.875,"(35, 3)",taxation,6,0.25,False,True,False
216,147-4,37186.921875,"(36, 13)",taxation,6,0.25,False,True,False
216,175-4,31718.78125,"(15, 44)",taxation,6,0.25,False,True,False
216,55-4,40797.453125,"(25, 13)",taxation,6,0.25,False,True,False
216,50-4,42580.59375,"(17, 44)",taxation,6,0.25,False,True,False
216,113-4,38963.296875,"(20, 40)",taxation,6,0.25,False,True,False
216,201-4,26317.203125,"(7, 24)",taxation,6,0.25,False,True,False
216,102-4,26290.59375,"(17, 31)",taxation,6,0.25,False,True,False
216,112-4,40764.46875,"(12, 42)",taxation,6,0.25,False,True,False
216,41-4,40790.5,"(39, 6)",taxation,6,0.25,False,True,False
216,78-4,35375.515625,"(25, 37)",taxation,6,0.25,False,True,False
216,203-4,44398.765625,"(36, 38)",taxation,6,0.25,False,True,False
216,247-4,33565.5625,"(42, 18)",taxation,6,0.25,False,True,False
216,32-4,40766.359375,"(42, 21)",taxation,6,0.25,False,True,False
216,115-4,40765.484375,"(14, 45)",taxation,6,0.25,False,True,False
216,33-4,29910.703125,"(23, 38)",taxation,6,0.25,False,True,False
216,202-4,42584.375,"(19, 36)",taxation,6,0.25,False,True,False
216,155-4,38968.828125,"(22, 33)",taxation,6,0.25,False,True,False
216,207-4,29925.109375,"(35, 10)",taxation,6,0.25,False,True,False
216,145-4,38967.75,"(41, 10)",taxation,6,0.25,False,True,False
216,132-4,40785.484375,"(41, 7)",taxation,6,0.25,False,True,False
216,166-4,35292.578125,"(20, 31)",taxation,6,0.25,False,True,False
216,100-4,37181.671875,"(18, 42)",taxation,6,0.25,False,True,False
216,116-4,40770.84375,"(40, 14)",taxation,6,0.25,False,True,False
216,19-4,38966.75,"(33, 0)",taxation,6,0.25,False,True,False
216,233-4,35297.828125,"(17, 32)",taxation,6,0.25,False,True,False
216,64-4,37112.5,"(30, 40)",taxation,6,0.25,False,True,False
216,186-4,35370.640625,"(33, 5)",taxation,6,0.25,False,True,False
216,103-4,37139.40625,"(1, 43)",taxation,6,0.25,False,True,False
216,163-4,44350.125,"(37, 35)",taxation,6,0.25,False,True,False
216,221-4,35301.21875,"(39, 7)",taxation,6,0.25,False,True,False
216,86-4,37152.875,"(34, 6)",taxation,6,0.25,False,True,False
216,57-4,33518.765625,"(0, 25)",taxation,6,0.25,False,True,False
216,164-4,38974.828125,"(7, 41)",taxation,6,0.25,False,True,False
216,92-4,40742.1875,"(42, 7)",taxation,6,0.25,False,True,False
216,174-4,40757.84375,"(12, 49)",taxation,6,0.25,False,True,False
216,89-4,38921.296875,"(43, 20)",taxation,6,0.25,False,True,False
216,188-4,37143.34375,"(40, 8)",taxation,6,0.25,False,True,False
216,11-4,29904.890625,"(24, 35)",taxation,6,0.25,False,True,False
216,2-4,37163.859375,"(22, 10)",taxation,6,0.25,False,True,False
216,90-4,33492.90625,"(13, 23)",taxation,6,0.25,False,True,False
216,120-4,42559.875,"(11, 28)",taxation,6,0.25,False,True,False
216,48-4,38883.125,"(17, 29)",taxation,6,0.25,False,True,False
216,69-4,40707.90625,"(37, 6)",taxation,6,0.25,False,True,False
216,97-4,29867.484375,"(24, 37)",taxation,6,0.25,False,True,False
216,13-4,35316.515625,"(14, 43)",taxation,6,0.25,False,True,False
216,58-4,38898.90625,"(38, 3)",taxation,6,0.25,False,True,False
216,52-4,28080.328125,"(40, 10)",taxation,6,0.25,False,True,False
216,117-4,33481.21875,"(21, 36)",taxation,6,0.25,False,True,False
216,27-4,33476.546875,"(14, 29)",taxation,6,0.25,False,True,False
216,121-4,37129.0,"(24, 34)",taxation,6,0.25,False,True,False
216,107-4,40708.65625,"(11, 27)",taxation,6,0.25,False,True,False
216,85-4,33511.3125,"(14, 47)",taxation,6,0.25,False,True,False
216,237-4,29877.484375,"(33, 37)",taxation,6,0.25,False,True,False
216,18-4,42536.234375,"(38, 15)",taxation,6,0.25,False,True,False
216,96-4,42553.28125,"(30, 6)",taxation,6,0.25,False,True,False
216,160-4,33488.3125,"(13, 25)",taxation,6,0.25,False,True,False
216,37-4,38923.046875,"(23, 33)",taxation,6,0.25,False,True,False
216,30-4,42554.703125,"(26, 36)",taxation,6,0.25,False,True,False
216,235-4,37089.953125,"(17, 43)",taxation,6,0.25,False,True,False
216,80-4,40713.46875,"(36, 39)",taxation,6,0.25,False,True,False
216,14-4,9974.90625,"(13, 27)",taxation,6,0.25,False,True,False
216,104-4,35319.84375,"(11, 26)",taxation,6,0.25,False,True,False
216,184-4,37052.203125,"(14, 26)",taxation,6,0.25,False,True,False
216,229-4,40740.765625,"(22, 8)",taxation,6,0.25,False,True,False
216,136-4,29821.28125,"(13, 47)",taxation,6,0.25,False,True,False
216,232-4,22569.765625,"(35, 5)",taxation,6,0.25,False,True,False
216,7-4,28055.03125,"(45, 16)",taxation,6,0.25,False,True,False
216,248-4,37074.890625,"(11, 44)",taxation,6,0.25,False,True,False
216,61-4,44325.640625,"(14, 28)",taxation,6,0.25,False,True,False
216,88-4,37100.25,"(11, 24)",taxation,6,0.25,False,True,False
216,72-4,42509.40625,"(22, 39)",taxation,6,0.25,False,True,False
216,62-4,37075.59375,"(9, 26)",taxation,6,0.25,False,True,False
216,194-4,33457.96875,"(8, 42)",taxation,6,0.25,False,True,False
216,236-4,37089.203125,"(28, 36)",taxation,6,0.25,False,True,False
216,124-4,35239.140625,"(17, 40)",taxation,6,0.25,False,True,False
216,36-4,28023.578125,"(8, 25)",taxation,6,0.25,False,True,False
216,215-4,40709.96875,"(35, 6)",taxation,6,0.25,False,True,False
216,152-4,38871.640625,"(13, 26)",taxation,6,0.25,False,True,False
216,82-4,38892.09375,"(23, 34)",taxation,6,0.25,False,True,False
216,127-4,38884.125,"(22, 35)",taxation,6,0.25,False,True,False
216,47-4,26188.734375,"(5, 47)",taxation,6,0.25,False,True,False
216,223-4,26221.125,"(15, 45)",taxation,6,0.25,False,True,False
217,59-3,44654.9375,"(21, 40)",taxation,6,0.25,False,True,False
217,129-3,47027.5,"(8, 29)",taxation,6,0.25,False,True,False
217,77-3,42200.125,"(28, 42)",taxation,6,0.25,False,True,False
217,43-3,49437.8125,"(43, 5)",taxation,6,0.25,False,True,False
217,128-3,54285.25,"(44, 9)",taxation,6,0.25,False,True,False
217,79-3,47017.1875,"(36, 1)",taxation,6,0.25,False,True,False
217,199-3,56646.25,"(11, 19)",taxation,6,0.25,False,True,False
217,99-3,46991.9375,"(27, 38)",taxation,6,0.25,False,True,False
217,84-3,49450.625,"(36, 3)",taxation,6,0.25,False,True,False
217,123-3,56618.5625,"(15, 40)",taxation,6,0.25,False,True,False
217,119-3,49420.75,"(42, 11)",taxation,6,0.25,False,True,False
217,46-3,34951.5,"(40, 1)",taxation,6,0.25,False,True,False
217,190-3,49378.0625,"(16, 47)",taxation,6,0.25,False,True,False
217,220-3,54270.25,"(42, 4)",taxation,6,0.25,False,True,False
217,157-3,46995.1875,"(13, 28)",taxation,6,0.25,False,True,False
217,245-3,54213.0625,"(26, 41)",taxation,6,0.25,False,True,False
217,195-3,22885.9375,"(20, 46)",taxation,6,0.25,False,True,False
217,15-3,44592.0625,"(19, 32)",taxation,6,0.25,False,True,False
217,224-3,42165.3125,"(28, 40)",taxation,6,0.25,False,True,False
217,87-3,49401.625,"(38, 4)",taxation,6,0.25,False,True,False
217,135-3,49389.0625,"(10, 18)",taxation,6,0.25,False,True,False
217,8-3,49434.25,"(18, 31)",taxation,6,0.25,False,True,False
217,227-3,54241.375,"(23, 43)",taxation,6,0.25,False,True,False
217,178-3,54213.1875,"(18, 49)",taxation,6,0.25,False,True,False
217,114-3,56656.3125,"(32, 43)",taxation,6,0.25,False,True,False
217,118-3,54171.625,"(40, 9)",taxation,6,0.25,False,True,False
217,244-3,56641.875,"(42, 0)",taxation,6,0.25,False,True,False
217,34-3,44559.5,"(46, 5)",taxation,6,0.25,False,True,False
217,60-3,51780.4375,"(15, 24)",taxation,6,0.25,False,True,False
217,218-3,56653.125,"(45, 2)",taxation,6,0.25,False,True,False
217,49-3,47005.875,"(13, 21)",taxation,6,0.25,False,True,False
217,185-3,49455.125,"(31, 41)",taxation,6,0.25,False,True,False
217,228-4,29477.9375,"(39, 10)",taxation,6,0.25,False,True,False
217,24-3,39793.125,"(43, 10)",taxation,6,0.25,False,True,False
217,9-3,42191.9375,"(33, 40)",taxation,6,0.25,False,True,False
217,39-3,34895.625,"(23, 37)",taxation,6,0.25,False,True,False
217,151-3,39724.1875,"(39, 4)",taxation,6,0.25,False,True,False
217,29-3,49426.9375,"(26, 4)",taxation,6,0.25,False,True,False
217,230-3,39753.0,"(29, 43)",taxation,6,0.25,False,True,False
217,131-3,49394.75,"(14, 44)",taxation,6,0.25,False,True,False
217,81-3,47016.6875,"(41, 4)",taxation,6,0.25,False,True,False
217,222-3,49378.125,"(39, 0)",taxation,6,0.25,False,True,False
217,171-3,49376.375,"(48, 7)",taxation,6,0.25,False,True,False
217,200-3,46994.5,"(41, 8)",taxation,6,0.25,False,True,False
217,238-3,49382.5,"(30, 43)",taxation,6,0.25,False,True,False
217,153-3,25268.25,"(31, 1)",taxation,6,0.25,False,True,False
217,197-3,39731.1875,"(19, 39)",taxation,6,0.25,False,True,False
217,139-4,44583.765625,"(45, 0)",taxation,6,0.25,False,True,False
217,204-3,54184.375,"(30, 13)",taxation,6,0.25,False,True,False
217,211-3,32464.8125,"(6, 25)",taxation,6,0.25,False,True,False
217,93-3,22845.0,"(39, 5)",taxation,6,0.25,False,True,False
217,101-3,49430.5625,"(41, 2)",taxation,6,0.25,False,True,False
217,213-3,49391.625,"(20, 49)",taxation,6,0.25,False,True,False
217,70-3,51782.0,"(17, 49)",taxation,6,0.25,False,True,False
217,239-3,49397.625,"(12, 18)",taxation,6,0.25,False,True,False
217,243-3,46950.125,"(18, 37)",taxation,6,0.25,False,True,False
217,192-3,44569.25,"(14, 46)",taxation,6,0.25,False,True,False
217,143-3,49389.3125,"(29, 38)",taxation,6,0.25,False,True,False
217,35-3,49392.875,"(26, 40)",taxation,6,0.25,False,True,False
217,3-3,30031.6875,"(20, 48)",taxation,6,0.25,False,True,False
217,181-3,49365.937500000015,"(18, 45)",taxation,6,0.25,False,True,False
217,105-3,44545.625,"(48, 14)",taxation,6,0.25,False,True,False
217,177-3,49429.3125,"(34, 41)",taxation,6,0.25,False,True,False
217,167-4,39119.734375,"(38, 1)",taxation,6,0.25,False,True,False
217,173-4,10809.8125,"(10, 22)",taxation,6,0.25,False,True,False
217,44-3,32478.0,"(25, 41)",taxation,6,0.25,False,True,False
217,216-3,54180.5,"(30, 37)",taxation,6,0.25,False,True,False
217,217-3,30084.375,"(27, 41)",taxation,6,0.25,False,True,False
217,138-3,51722.8125,"(22, 32)",taxation,6,0.25,False,True,False
217,75-4,35442.0625,"(6, 27)",taxation,6,0.25,False,True,False
217,74-4,43287.0,"(14, 36)",taxation,6,0.25,False,True,False
217,191-3,56583.5625,"(37, 1)",taxation,6,0.25,False,True,False
217,240-4,13152.3125,"(8, 22)",taxation,6,0.25,False,True,False
217,20-3,46975.75,"(47, 5)",taxation,6,0.25,False,True,False
217,159-3,39726.375,"(47, 11)",taxation,6,0.25,False,True,False
217,158-4,36074.0625,"(11, 21)",taxation,6,0.25,False,True,False
217,66-3,54205.8125,"(32, 42)",taxation,6,0.25,False,True,False
217,170-4,34331.734375,"(49, 12)",taxation,6,0.25,False,True,False
217,146-4,15598.3125,"(46, 14)",taxation,6,0.25,False,True,False
217,208-4,39708.703125,"(9, 19)",taxation,6,0.25,False,True,False
217,219-4,43319.3125,"(45, 10)",taxation,6,0.25,False,True,False
217,140-4,1094.0625,"(16, 48)",taxation,6,0.25,False,True,False
217,210-3,58992.5625,"(18, 48)",taxation,6,0.25,False,True,False
217,198-4,35497.71875,"(36, 2)",taxation,6,0.25,False,True,False
217,246-4,37306.3125,"(19, 42)",taxation,6,0.25,False,True,False
217,187-4,20391.1875,"(33, 2)",taxation,6,0.25,False,True,False
217,179-4,32510.53125,"(36, 0)",taxation,6,0.25,False,True,False
217,23-4,40294.5,"(47, 15)",taxation,6,0.25,False,True,False
217,31-4,44502.46875,"(19, 49)",taxation,6,0.25,False,True,False
217,150-3,42095.4375,"(47, 12)",taxation,6,0.25,False,True,False
217,12-3,46934.8125,"(38, 7)",taxation,6,0.25,False,True,False
217,98-4,20438.0625,"(46, 7)",taxation,6,0.25,False,True,False
217,126-3,49353.0625,"(24, 39)",taxation,6,0.25,False,True,False
217,176-4,1108.1875,"(12, 26)",taxation,6,0.25,False,True,False
217,28-4,34279.203125,"(25, 42)",taxation,6,0.25,False,True,False
217,154-4,17966.3125,"(42, 12)",taxation,6,0.25,False,True,False
217,40-4,40882.3125,"(20, 35)",taxation,6,0.25,False,True,False
217,1-4,28859.140625,"(17, 46)",taxation,6,0.25,False,True,False
217,76-4,37281.921875000015,"(19, 27)",taxation,6,0.25,False,True,False
217,67-3,37313.5625,"(48, 13)",taxation,6,0.25,False,True,False
217,182-4,39061.890625,"(38, 8)",taxation,6,0.25,False,True,False
217,241-4,35451.21875,"(38, 0)",taxation,6,0.25,False,True,False
217,149-4,33683.5625,"(29, 11)",taxation,6,0.25,False,True,False
217,17-4,40914.03125,"(23, 41)",taxation,6,0.25,False,True,False
217,0-4,26430.828125,"(42, 1)",taxation,6,0.25,False,True,False
217,22-4,42698.8125,"(40, 2)",taxation,6,0.25,False,True,False
217,10-4,39078.390625,"(25, 1)",taxation,6,0.25,False,True,False
217,242-4,17398.953125,"(29, 40)",taxation,6,0.25,False,True,False
217,142-4,24572.859375,"(30, 0)",taxation,6,0.25,False,True,False
217,189-4,33709.84375,"(39, 11)",taxation,6,0.25,False,True,False
217,63-4,35418.171875,"(47, 13)",taxation,6,0.25,False,True,False
217,165-4,44435.1875,"(31, 43)",taxation,6,0.25,False,True,False
217,94-4,13153.125,"(18, 46)",taxation,6,0.25,False,True,False
217,206-4,37847.328125,"(45, 3)",taxation,6,0.25,False,True,False
217,172-4,40833.484375,"(16, 41)",taxation,6,0.25,False,True,False
217,144-4,37284.90625,"(41, 24)",taxation,6,0.25,False,True,False
217,111-4,40831.515625,"(45, 19)",taxation,6,0.25,False,True,False
217,83-4,40845.671875,"(31, 2)",taxation,6,0.25,False,True,False
217,249-4,39087.5625,"(25, 44)",taxation,6,0.25,False,True,False
217,51-4,39059.40625,"(37, 2)",taxation,6,0.25,False,True,False
217,180-4,37254.265625,"(10, 24)",taxation,6,0.25,False,True,False
217,148-4,29976.953125,"(10, 43)",taxation,6,0.25,False,True,False
217,16-4,42672.34375,"(25, 40)",taxation,6,0.25,False,True,False
217,134-4,37250.25,"(43, 9)",taxation,6,0.25,False,True,False
217,73-4,39042.265625,"(47, 10)",taxation,6,0.25,False,True,False
217,54-4,37241.140625,"(40, 11)",taxation,6,0.25,False,True,False
217,38-4,39044.59375,"(41, 1)",taxation,6,0.25,False,True,False
217,6-4,42673.625,"(46, 9)",taxation,6,0.25,False,True,False
217,156-4,28148.96875,"(18, 43)",taxation,6,0.25,False,True,False
217,95-4,42674.65625,"(43, 11)",taxation,6,0.25,False,True,False
217,42-4,28256.21875,"(18, 35)",taxation,6,0.25,False,True,False
217,168-4,40847.15625,"(17, 42)",taxation,6,0.25,False,True,False
217,183-4,26392.796875,"(32, 40)",taxation,6,0.25,False,True,False
217,53-4,24566.765625,"(42, 9)",taxation,6,0.25,False,True,False
217,106-4,35431.859375,"(42, 14)",taxation,6,0.25,False,True,False
217,133-4,33630.1875,"(26, 5)",taxation,6,0.25,False,True,False
217,25-4,33599.6875,"(15, 43)",taxation,6,0.25,False,True,False
217,56-4,37250.171875,"(4, 25)",taxation,6,0.25,False,True,False
217,234-4,38982.34375,"(41, 11)",taxation,6,0.25,False,True,False
217,71-4,40849.203125,"(11, 18)",taxation,6,0.25,False,True,False
217,162-4,39002.15625,"(10, 44)",taxation,6,0.25,False,True,False
217,45-4,39012.109375,"(25, 38)",taxation,6,0.25,False,True,False
217,212-4,39075.609375,"(40, 0)",taxation,6,0.25,False,True,False
217,110-4,42631.3125,"(21, 41)",taxation,6,0.25,False,True,False
217,225-4,39027.421875,"(19, 40)",taxation,6,0.25,False,True,False
217,231-4,24544.109375,"(19, 41)",taxation,6,0.25,False,True,False
217,137-4,33605.53125,"(31, 42)",taxation,6,0.25,False,True,False
217,4-4,28190.515625,"(43, 4)",taxation,6,0.25,False,True,False
217,169-4,29970.4375,"(23, 39)",taxation,6,0.25,False,True,False
217,125-4,40775.125,"(10, 45)",taxation,6,0.25,False,True,False
217,122-4,31779.515625,"(11, 23)",taxation,6,0.25,False,True,False
217,226-4,37197.796875,"(32, 0)",taxation,6,0.25,False,True,False
217,5-4,17295.21875,"(32, 38)",taxation,6,0.25,False,True,False
217,209-4,42624.46875,"(14, 41)",taxation,6,0.25,False,True,False
217,205-4,19137.359375,"(43, 12)",taxation,6,0.25,False,True,False
217,130-4,40780.34375,"(39, 8)",taxation,6,0.25,False,True,False
217,91-4,40862.796875,"(23, 12)",taxation,6,0.25,False,True,False
217,214-4,24531.4375,"(32, 41)",taxation,6,0.25,False,True,False
217,196-4,26301.25,"(17, 47)",taxation,6,0.25,False,True,False
217,21-4,35387.015625,"(41, 3)",taxation,6,0.25,False,True,False
217,141-4,29996.53125,"(45, 7)",taxation,6,0.25,False,True,False
217,193-4,33559.84375,"(11, 17)",taxation,6,0.25,False,True,False
217,68-4,31755.984375,"(19, 48)",taxation,6,0.25,False,True,False
217,161-4,31757.875,"(41, 0)",taxation,6,0.25,False,True,False
217,147-4,37195.921875,"(40, 7)",taxation,6,0.25,False,True,False
217,175-4,31725.78125,"(18, 44)",taxation,6,0.25,False,True,False
217,55-4,40803.453125,"(25, 12)",taxation,6,0.25,False,True,False
217,50-4,42588.59375,"(23, 47)",taxation,6,0.25,False,True,False
217,113-4,38971.296875,"(24, 41)",taxation,6,0.25,False,True,False
217,201-4,26324.203125,"(5, 22)",taxation,6,0.25,False,True,False
217,102-4,26298.59375,"(22, 37)",taxation,6,0.25,False,True,False
217,112-4,40770.46875,"(16, 39)",taxation,6,0.25,False,True,False
217,41-4,40799.5,"(45, 1)",taxation,6,0.25,False,True,False
217,78-4,35384.515625,"(26, 39)",taxation,6,0.25,False,True,False
217,203-4,44407.765625,"(35, 40)",taxation,6,0.25,False,True,False
217,247-4,33574.5625,"(48, 12)",taxation,6,0.25,False,True,False
217,32-4,40774.359375,"(44, 20)",taxation,6,0.25,False,True,False
217,115-4,40772.484375,"(19, 45)",taxation,6,0.25,False,True,False
217,33-4,29919.703125,"(27, 40)",taxation,6,0.25,False,True,False
217,202-4,42592.375,"(20, 41)",taxation,6,0.25,False,True,False
217,155-4,38976.828125,"(24, 38)",taxation,6,0.25,False,True,False
217,207-4,29932.109375,"(38, 9)",taxation,6,0.25,False,True,False
217,145-4,38976.75,"(47, 8)",taxation,6,0.25,False,True,False
217,132-4,40794.484375,"(46, 8)",taxation,6,0.25,False,True,False
217,166-4,35298.578125,"(21, 30)",taxation,6,0.25,False,True,False
217,100-4,37189.671875,"(22, 42)",taxation,6,0.25,False,True,False
217,116-4,40779.84375,"(44, 10)",taxation,6,0.25,False,True,False
217,19-4,38973.75,"(37, 0)",taxation,6,0.25,False,True,False
217,233-4,35304.828125,"(19, 33)",taxation,6,0.25,False,True,False
217,64-4,37120.5,"(30, 42)",taxation,6,0.25,False,True,False
217,186-4,35377.640625,"(38, 2)",taxation,6,0.25,False,True,False
217,103-4,37143.40625,"(4, 37)",taxation,6,0.25,False,True,False
217,163-4,44358.125,"(33, 41)",taxation,6,0.25,False,True,False
217,221-4,35311.21875,"(42, 2)",taxation,6,0.25,False,True,False
217,86-4,37159.875,"(38, 5)",taxation,6,0.25,False,True,False
217,57-4,33525.765625,"(2, 25)",taxation,6,0.25,False,True,False
217,164-4,38979.828125,"(11, 41)",taxation,6,0.25,False,True,False
217,92-4,40752.1875,"(44, 6)",taxation,6,0.25,False,True,False
217,174-4,40763.84375,"(16, 49)",taxation,6,0.25,False,True,False
217,89-4,38929.296875,"(45, 20)",taxation,6,0.25,False,True,False
217,188-4,37152.34375,"(46, 4)",taxation,6,0.25,False,True,False
217,11-4,29913.890625,"(24, 40)",taxation,6,0.25,False,True,False
217,2-4,37169.859375,"(19, 11)",taxation,6,0.25,False,True,False
217,90-4,33500.90625,"(11, 22)",taxation,6,0.25,False,True,False
217,120-4,42566.875,"(5, 25)",taxation,6,0.25,False,True,False
217,48-4,38890.125,"(16, 28)",taxation,6,0.25,False,True,False
217,69-4,40717.90625,"(42, 5)",taxation,6,0.25,False,True,False
217,97-4,29875.484375,"(26, 42)",taxation,6,0.25,False,True,False
217,13-4,35323.515625,"(18, 41)",taxation,6,0.25,False,True,False
217,58-4,38907.90625,"(44, 0)",taxation,6,0.25,False,True,False
217,52-4,28089.328125,"(46, 10)",taxation,6,0.25,False,True,False
217,117-4,33488.21875,"(22, 38)",taxation,6,0.25,False,True,False
217,27-4,33482.546875,"(14, 30)",taxation,6,0.25,False,True,False
217,121-4,37136.0,"(26, 38)",taxation,6,0.25,False,True,False
217,107-4,40716.65625,"(12, 24)",taxation,6,0.25,False,True,False
217,85-4,33519.3125,"(18, 47)",taxation,6,0.25,False,True,False
217,237-4,29885.484375,"(28, 43)",taxation,6,0.25,False,True,False
217,18-4,42544.234375,"(42, 15)",taxation,6,0.25,False,True,False
217,96-4,42559.28125,"(33, 7)",taxation,6,0.25,False,True,False
217,160-4,33495.3125,"(15, 20)",taxation,6,0.25,False,True,False
217,37-4,38930.046875,"(21, 35)",taxation,6,0.25,False,True,False
217,30-4,42561.703125,"(28, 38)",taxation,6,0.25,False,True,False
217,235-4,37096.953125,"(19, 44)",taxation,6,0.25,False,True,False
217,80-4,40722.46875,"(34, 40)",taxation,6,0.25,False,True,False
217,14-4,9982.90625,"(10, 23)",taxation,6,0.25,False,True,False
217,104-4,35326.84375,"(7, 21)",taxation,6,0.25,False,True,False
217,184-4,37060.203125,"(9, 22)",taxation,6,0.25,False,True,False
217,229-4,40746.765625,"(24, 8)",taxation,6,0.25,False,True,False
217,136-4,29827.28125,"(19, 47)",taxation,6,0.25,False,True,False
217,232-4,22575.765625,"(33, 10)",taxation,6,0.25,False,True,False
217,7-4,28064.03125,"(49, 13)",taxation,6,0.25,False,True,False
217,248-4,37080.890625,"(16, 46)",taxation,6,0.25,False,True,False
217,61-4,44333.640625,"(12, 23)",taxation,6,0.25,False,True,False
217,88-4,37107.25,"(14, 21)",taxation,6,0.25,False,True,False
217,72-4,42517.40625,"(22, 41)",taxation,6,0.25,False,True,False
217,62-4,37083.59375,"(9, 23)",taxation,6,0.25,False,True,False
217,194-4,33462.96875,"(10, 38)",taxation,6,0.25,False,True,False
217,236-4,37097.203125,"(27, 42)",taxation,6,0.25,False,True,False
217,124-4,35246.140625,"(18, 40)",taxation,6,0.25,False,True,False
217,36-4,28031.578125,"(9, 24)",taxation,6,0.25,False,True,False
217,215-4,40716.96875,"(38, 6)",taxation,6,0.25,False,True,False
217,152-4,38878.640625,"(8, 20)",taxation,6,0.25,False,True,False
217,82-4,38899.09375,"(22, 36)",taxation,6,0.25,False,True,False
217,127-4,38891.125,"(21, 39)",taxation,6,0.25,False,True,False
217,47-4,26192.734375,"(10, 46)",taxation,6,0.25,False,True,False
217,223-4,26229.125,"(17, 45)",taxation,6,0.25,False,True,False
217,108-4,20817.515625,"(45, 11)",taxation,6,0.25,False,True,False
217,65-4,42497.203125,"(43, 6)",taxation,6,0.25,False,True,False
217,109-4,37090.40625,"(43, 3)",taxation,6,0.25,False,True,False
217,26-4,29839.171875,"(1, 27)",taxation,6,0.25,False,True,False
218,129-3,47034.5,"(7, 30)",taxation,6,0.25,False,True,False
218,77-3,42208.125,"(27, 48)",taxation,6,0.25,False,True,False
218,43-3,49444.8125,"(48, 11)",taxation,6,0.25,False,True,False
218,79-3,47023.1875,"(31, 5)",taxation,6,0.25,False,True,False
218,199-3,56654.25,"(11, 16)",taxation,6,0.25,False,True,False
218,123-3,56626.5625,"(20, 42)",taxation,6,0.25,False,True,False
218,119-3,49429.75,"(45, 14)",taxation,6,0.25,False,True,False
218,46-3,34952.5,"(39, 2)",taxation,6,0.25,False,True,False
218,190-3,49385.0625,"(20, 45)",taxation,6,0.25,False,True,False
218,220-3,54280.25,"(47, 1)",taxation,6,0.25,False,True,False
218,157-3,47002.1875,"(10, 26)",taxation,6,0.25,False,True,False
218,245-3,54222.0625,"(29, 45)",taxation,6,0.25,False,True,False
218,195-3,22893.9375,"(24, 49)",taxation,6,0.25,False,True,False
218,15-3,44599.0625,"(17, 33)",taxation,6,0.25,False,True,False
218,224-3,42174.3125,"(27, 44)",taxation,6,0.25,False,True,False
218,87-3,49409.625,"(44, 7)",taxation,6,0.25,False,True,False
218,135-3,49397.0625,"(5, 18)",taxation,6,0.25,False,True,False
218,8-3,49441.25,"(18, 32)",taxation,6,0.25,False,True,False
218,227-3,54249.375,"(24, 47)",taxation,6,0.25,False,True,False
218,178-3,54222.1875,"(24, 48)",taxation,6,0.25,False,True,False
218,114-3,56665.3125,"(28, 46)",taxation,6,0.25,False,True,False
218,118-3,54178.625,"(40, 12)",taxation,6,0.25,False,True,False
218,244-3,56651.875,"(48, 0)",taxation,6,0.25,False,True,False
218,34-3,44569.5,"(48, 3)",taxation,6,0.25,False,True,False
218,60-3,51787.4375,"(19, 24)",taxation,6,0.25,False,True,False
218,218-3,56663.125,"(49, 2)",taxation,6,0.25,False,True,False
218,49-3,47013.875,"(9, 16)",taxation,6,0.25,False,True,False
218,185-3,49464.125,"(30, 44)",taxation,6,0.25,False,True,False
218,228-4,29485.9375,"(43, 14)",taxation,6,0.25,False,True,False
218,24-3,39800.125,"(46, 12)",taxation,6,0.25,False,True,False
218,9-3,42200.9375,"(31, 44)",taxation,6,0.25,False,True,False
218,39-3,34902.625,"(22, 40)",taxation,6,0.25,False,True,False
218,151-3,39732.1875,"(45, 8)",taxation,6,0.25,False,True,False
218,29-3,49433.9375,"(21, 1)",taxation,6,0.25,False,True,False
218,230-3,39762.0,"(29, 46)",taxation,6,0.25,False,True,False
218,131-3,49402.75,"(20, 47)",taxation,6,0.25,False,True,False
218,81-3,47026.6875,"(46, 2)",taxation,6,0.25,False,True,False
218,222-3,49380.125,"(34, 2)",taxation,6,0.25,False,True,False
218,171-3,49384.375,"(48, 10)",taxation,6,0.25,False,True,False
218,200-3,47003.5,"(45, 6)",taxation,6,0.25,False,True,False
218,238-3,49390.5,"(29, 48)",taxation,6,0.25,False,True,False
218,153-3,25274.25,"(29, 4)",taxation,6,0.25,False,True,False
218,197-3,39738.1875,"(19, 38)",taxation,6,0.25,False,True,False
218,139-4,44593.765625,"(47, 0)",taxation,6,0.25,False,True,False
218,204-3,54191.375,"(33, 12)",taxation,6,0.25,False,True,False
218,211-3,32472.8125,"(4, 24)",taxation,6,0.25,False,True,False
218,93-3,22847.0,"(36, 9)",taxation,6,0.25,False,True,False
218,101-3,49439.5625,"(45, 4)",taxation,6,0.25,False,True,False
218,213-3,49399.625,"(23, 49)",taxation,6,0.25,False,True,False
218,70-3,51789.0,"(21, 46)",taxation,6,0.25,False,True,False
218,239-3,49405.625,"(12, 16)",taxation,6,0.25,False,True,False
218,243-3,46958.125,"(21, 43)",taxation,6,0.25,False,True,False
218,192-3,44575.25,"(16, 43)",taxation,6,0.25,False,True,False
218,143-3,49396.3125,"(27, 43)",taxation,6,0.25,False,True,False
218,35-3,49399.875,"(26, 43)",taxation,6,0.25,False,True,False
218,3-3,30039.6875,"(25, 49)",taxation,6,0.25,False,True,False
218,181-3,49373.937500000015,"(23, 45)",taxation,6,0.25,False,True,False
218,105-3,44554.625,"(46, 15)",taxation,6,0.25,False,True,False
218,177-3,49437.3125,"(38, 35)",taxation,6,0.25,False,True,False
218,167-4,39128.734375,"(44, 1)",taxation,6,0.25,False,True,False
218,173-4,10817.8125,"(8, 19)",taxation,6,0.25,False,True,False
218,44-3,32487.0,"(27, 45)",taxation,6,0.25,False,True,False
218,216-3,54188.5,"(36, 34)",taxation,6,0.25,False,True,False
218,217-3,30093.375,"(27, 46)",taxation,6,0.25,False,True,False
218,138-3,51729.8125,"(25, 33)",taxation,6,0.25,False,True,False
218,75-4,35450.0625,"(3, 21)",taxation,6,0.25,False,True,False
218,74-4,43294.0,"(15, 35)",taxation,6,0.25,False,True,False
218,191-3,56592.5625,"(43, 1)",taxation,6,0.25,False,True,False
218,240-4,13160.3125,"(6, 19)",taxation,6,0.25,False,True,False
218,20-3,46985.75,"(48, 5)",taxation,6,0.25,False,True,False
218,159-3,39734.375,"(48, 16)",taxation,6,0.25,False,True,False
218,158-4,36082.0625,"(8, 16)",taxation,6,0.25,False,True,False
218,66-3,54214.8125,"(30, 46)",taxation,6,0.25,False,True,False
218,170-4,34340.734375,"(49, 9)",taxation,6,0.25,False,True,False
218,146-4,15607.3125,"(46, 17)",taxation,6,0.25,False,True,False
218,208-4,39716.703125,"(9, 17)",taxation,6,0.25,False,True,False
218,219-4,43328.3125,"(47, 7)",taxation,6,0.25,False,True,False
218,140-4,1101.0625,"(21, 48)",taxation,6,0.25,False,True,False
218,210-3,59000.5625,"(22, 48)",taxation,6,0.25,False,True,False
218,198-4,35505.71875,"(42, 3)",taxation,6,0.25,False,True,False
218,246-4,37313.3125,"(20, 43)",taxation,6,0.25,False,True,False
218,187-4,20396.1875,"(28, 6)",taxation,6,0.25,False,True,False
218,179-4,32512.53125,"(34, 0)",taxation,6,0.25,False,True,False
218,23-4,40303.5,"(48, 17)",taxation,6,0.25,False,True,False
218,31-4,44508.46875,"(16, 44)",taxation,6,0.25,False,True,False
218,150-3,42104.4375,"(46, 11)",taxation,6,0.25,False,True,False
218,12-3,46943.8125,"(44, 2)",taxation,6,0.25,False,True,False
218,98-4,20446.0625,"(49, 10)",taxation,6,0.25,False,True,False
218,126-3,49362.0625,"(28, 45)",taxation,6,0.25,False,True,False
218,176-4,1115.1875,"(6, 20)",taxation,6,0.25,False,True,False
218,28-4,34287.203125,"(25, 45)",taxation,6,0.25,False,True,False
218,154-4,17974.3125,"(45, 17)",taxation,6,0.25,False,True,False
218,40-4,40889.3125,"(19, 35)",taxation,6,0.25,False,True,False
218,1-4,28867.140625,"(21, 49)",taxation,6,0.25,False,True,False
218,76-4,37288.921875000015,"(20, 27)",taxation,6,0.25,False,True,False
218,67-3,37323.5625,"(49, 11)",taxation,6,0.25,False,True,False
218,182-4,39070.890625,"(44, 3)",taxation,6,0.25,False,True,False
218,241-4,35453.21875,"(34, 4)",taxation,6,0.25,False,True,False
218,149-4,33690.5625,"(30, 11)",taxation,6,0.25,False,True,False
218,17-4,40921.03125,"(21, 42)",taxation,6,0.25,False,True,False
218,0-4,26431.828125,"(40, 3)",taxation,6,0.25,False,True,False
218,22-4,42707.8125,"(43, 0)",taxation,6,0.25,False,True,False
218,10-4,39085.390625,"(22, 0)",taxation,6,0.25,False,True,False
218,242-4,17407.953125,"(30, 45)",taxation,6,0.25,False,True,False
218,142-4,24578.859375,"(29, 1)",taxation,6,0.25,False,True,False
218,189-4,33718.84375,"(44, 15)",taxation,6,0.25,False,True,False
218,63-4,35427.171875,"(49, 17)",taxation,6,0.25,False,True,False
218,165-4,44444.1875,"(31, 45)",taxation,6,0.25,False,True,False
218,94-4,13162.125,"(24, 46)",taxation,6,0.25,False,True,False
218,206-4,37857.328125,"(46, 3)",taxation,6,0.25,False,True,False
218,172-4,40841.484375,"(22, 44)",taxation,6,0.25,False,True,False
218,144-4,37293.90625,"(47, 19)",taxation,6,0.25,False,True,False
218,111-4,40840.515625,"(48, 18)",taxation,6,0.25,False,True,False
218,83-4,40851.671875,"(29, 2)",taxation,6,0.25,False,True,False
218,249-4,39095.5625,"(24, 44)",taxation,6,0.25,False,True,False
218,51-4,39061.40625,"(35, 4)",taxation,6,0.25,False,True,False
218,180-4,37262.265625,"(9, 18)",taxation,6,0.25,False,True,False
218,148-4,29982.953125,"(12, 39)",taxation,6,0.25,False,True,False
218,16-4,42679.34375,"(26, 44)",taxation,6,0.25,False,True,False
218,134-4,37259.25,"(46, 6)",taxation,6,0.25,False,True,False
218,73-4,39051.265625,"(48, 8)",taxation,6,0.25,False,True,False
218,54-4,37250.140625,"(44, 11)",taxation,6,0.25,False,True,False
218,38-4,39054.59375,"(46, 1)",taxation,6,0.25,False,True,False
218,6-4,42683.625,"(49, 8)",taxation,6,0.25,False,True,False
218,156-4,28157.96875,"(24, 45)",taxation,6,0.25,False,True,False
218,95-4,42683.65625,"(48, 9)",taxation,6,0.25,False,True,False
218,42-4,28263.21875,"(17, 35)",taxation,6,0.25,False,True,False
218,168-4,40854.15625,"(20, 44)",taxation,6,0.25,False,True,False
218,183-4,26398.796875,"(29, 41)",taxation,6,0.25,False,True,False
218,53-4,24576.765625,"(48, 4)",taxation,6,0.25,False,True,False
218,106-4,35440.859375,"(44, 14)",taxation,6,0.25,False,True,False
218,133-4,33637.1875,"(25, 5)",taxation,6,0.25,False,True,False
218,25-4,33606.6875,"(18, 39)",taxation,6,0.25,False,True,False
218,56-4,37258.171875,"(2, 21)",taxation,6,0.25,False,True,False
218,234-4,38991.34375,"(45, 12)",taxation,6,0.25,False,True,False
218,71-4,40857.203125,"(10, 16)",taxation,6,0.25,False,True,False
218,162-4,39008.15625,"(14, 40)",taxation,6,0.25,False,True,False
218,45-4,39020.109375,"(23, 42)",taxation,6,0.25,False,True,False
218,212-4,39077.609375,"(34, 5)",taxation,6,0.25,False,True,False
218,110-4,42640.3125,"(26, 47)",taxation,6,0.25,False,True,False
218,225-4,39035.421875,"(22, 43)",taxation,6,0.25,False,True,False
218,231-4,24553.109375,"(25, 46)",taxation,6,0.25,False,True,False
218,137-4,33612.53125,"(29, 47)",taxation,6,0.25,False,True,False
218,4-4,28200.515625,"(47, 2)",taxation,6,0.25,False,True,False
218,169-4,29977.4375,"(19, 37)",taxation,6,0.25,False,True,False
218,125-4,40781.125,"(15, 42)",taxation,6,0.25,False,True,False
218,122-4,31786.515625,"(7, 19)",taxation,6,0.25,False,True,False
218,226-4,37204.796875,"(26, 6)",taxation,6,0.25,False,True,False
218,5-4,17301.21875,"(29, 37)",taxation,6,0.25,False,True,False
218,209-4,42631.46875,"(17, 39)",taxation,6,0.25,False,True,False
218,205-4,19146.359375,"(47, 17)",taxation,6,0.25,False,True,False
218,130-4,40789.34375,"(45, 5)",taxation,6,0.25,False,True,False
218,91-4,40869.796875,"(18, 11)",taxation,6,0.25,False,True,False
218,214-4,24539.4375,"(32, 37)",taxation,6,0.25,False,True,False
218,196-4,26308.25,"(21, 47)",taxation,6,0.25,False,True,False
218,21-4,35397.015625,"(47, 3)",taxation,6,0.25,False,True,False
218,141-4,30006.53125,"(49, 3)",taxation,6,0.25,False,True,False
218,193-4,33567.84375,"(10, 17)",taxation,6,0.25,False,True,False
218,68-4,31761.984375,"(19, 46)",taxation,6,0.25,False,True,False
218,161-4,31758.875,"(39, 1)",taxation,6,0.25,False,True,False
218,147-4,37204.921875,"(44, 5)",taxation,6,0.25,False,True,False
218,175-4,31733.78125,"(23, 48)",taxation,6,0.25,False,True,False
218,55-4,40810.453125,"(19, 6)",taxation,6,0.25,False,True,False
218,50-4,42596.59375,"(23, 46)",taxation,6,0.25,False,True,False
218,113-4,38980.296875,"(27, 47)",taxation,6,0.25,False,True,False
218,201-4,26332.203125,"(6, 21)",taxation,6,0.25,False,True,False
218,102-4,26305.59375,"(20, 38)",taxation,6,0.25,False,True,False
218,112-4,40777.46875,"(17, 38)",taxation,6,0.25,False,True,False
218,41-4,40809.5,"(46, 0)",taxation,6,0.25,False,True,False
218,78-4,35391.515625,"(23, 40)",taxation,6,0.25,False,True,False
218,203-4,44413.765625,"(30, 41)",taxation,6,0.25,False,True,False
218,247-4,33583.5625,"(49, 18)",taxation,6,0.25,False,True,False
218,32-4,40783.359375,"(46, 18)",taxation,6,0.25,False,True,False
218,115-4,40780.484375,"(22, 46)",taxation,6,0.25,False,True,False
218,33-4,29926.703125,"(29, 42)",taxation,6,0.25,False,True,False
218,202-4,42600.375,"(25, 47)",taxation,6,0.25,False,True,False
218,155-4,38984.828125,"(24, 43)",taxation,6,0.25,False,True,False
218,207-4,29941.109375,"(44, 12)",taxation,6,0.25,False,True,False
218,145-4,38986.75,"(49, 6)",taxation,6,0.25,False,True,False
218,132-4,40804.484375,"(48, 6)",taxation,6,0.25,False,True,False
218,166-4,35305.578125,"(21, 34)",taxation,6,0.25,False,True,False
218,100-4,37197.671875,"(25, 48)",taxation,6,0.25,False,True,False
218,116-4,40788.84375,"(47, 9)",taxation,6,0.25,False,True,False
218,19-4,38975.75,"(35, 2)",taxation,6,0.25,False,True,False
218,233-4,35311.828125,"(18, 33)",taxation,6,0.25,False,True,False
218,64-4,37128.5,"(28, 48)",taxation,6,0.25,False,True,False
218,186-4,35386.640625,"(43, 2)",taxation,6,0.25,False,True,False
218,103-4,37149.40625,"(10, 37)",taxation,6,0.25,False,True,False
218,163-4,44366.125,"(36, 36)",taxation,6,0.25,False,True,False
218,221-4,35321.21875,"(48, 1)",taxation,6,0.25,False,True,False
218,86-4,37168.875,"(44, 4)",taxation,6,0.25,False,True,False
218,57-4,33533.765625,"(0, 23)",taxation,6,0.25,False,True,False
218,164-4,38986.828125,"(15, 37)",taxation,6,0.25,False,True,False
218,92-4,40762.1875,"(47, 4)",taxation,6,0.25,False,True,False
218,174-4,40771.84375,"(22, 49)",taxation,6,0.25,False,True,False
218,89-4,38938.296875,"(47, 18)",taxation,6,0.25,False,True,False
218,188-4,37162.34375,"(48, 2)",taxation,6,0.25,False,True,False
218,11-4,29921.890625,"(26, 45)",taxation,6,0.25,False,True,False
218,2-4,37176.859375,"(17, 10)",taxation,6,0.25,False,True,False
218,90-4,33508.90625,"(8, 17)",taxation,6,0.25,False,True,False
218,120-4,42574.875,"(4, 21)",taxation,6,0.25,False,True,False
218,48-4,38897.125,"(19, 30)",taxation,6,0.25,False,True,False
218,69-4,40725.90625,"(45, 9)",taxation,6,0.25,False,True,False
218,97-4,29883.484375,"(26, 48)",taxation,6,0.25,False,True,False
218,13-4,35330.515625,"(17, 37)",taxation,6,0.25,False,True,False
218,58-4,38917.90625,"(49, 0)",taxation,6,0.25,False,True,False
218,52-4,28099.328125,"(49, 4)",taxation,6,0.25,False,True,False
218,117-4,33495.21875,"(20, 39)",taxation,6,0.25,False,True,False
218,27-4,33489.546875,"(16, 33)",taxation,6,0.25,False,True,False
218,121-4,37142.0,"(26, 37)",taxation,6,0.25,False,True,False
218,107-4,40723.65625,"(6, 23)",taxation,6,0.25,False,True,False
218,85-4,33526.3125,"(21, 45)",taxation,6,0.25,False,True,False
218,237-4,29893.484375,"(28, 49)",taxation,6,0.25,False,True,False
218,18-4,42552.234375,"(43, 17)",taxation,6,0.25,False,True,False
218,96-4,42566.28125,"(34, 11)",taxation,6,0.25,False,True,False
218,160-4,33502.3125,"(18, 20)",taxation,6,0.25,False,True,False
218,37-4,38937.046875,"(20, 34)",taxation,6,0.25,False,True,False
218,30-4,42570.703125,"(28, 44)",taxation,6,0.25,False,True,False
218,235-4,37103.953125,"(21, 44)",taxation,6,0.25,False,True,False
218,80-4,40729.46875,"(37, 34)",taxation,6,0.25,False,True,False
218,14-4,9990.90625,"(7, 17)",taxation,6,0.25,False,True,False
218,104-4,35334.84375,"(4, 19)",taxation,6,0.25,False,True,False
218,184-4,37068.203125,"(8, 18)",taxation,6,0.25,False,True,False
218,229-4,40753.765625,"(21, 4)",taxation,6,0.25,False,True,False
218,136-4,29835.28125,"(22, 47)",taxation,6,0.25,False,True,False
218,232-4,22582.765625,"(33, 11)",taxation,6,0.25,False,True,False
218,7-4,28073.03125,"(49, 16)",taxation,6,0.25,False,True,False
218,248-4,37087.890625,"(19, 43)",taxation,6,0.25,False,True,False
218,61-4,44341.640625,"(6, 17)",taxation,6,0.25,False,True,False
218,88-4,37115.25,"(12, 15)",taxation,6,0.25,False,True,False
218,72-4,42525.40625,"(25, 43)",taxation,6,0.25,False,True,False
218,62-4,37091.59375,"(7, 18)",taxation,6,0.25,False,True,False
218,194-4,33469.96875,"(15, 36)",taxation,6,0.25,False,True,False
218,236-4,37106.203125,"(29, 44)",taxation,6,0.25,False,True,False
218,124-4,35254.140625,"(23, 44)",taxation,6,0.25,False,True,False
218,36-4,28039.578125,"(7, 20)",taxation,6,0.25,False,True,False
218,215-4,40724.96875,"(41, 12)",taxation,6,0.25,False,True,False
218,152-4,38886.640625,"(6, 18)",taxation,6,0.25,False,True,False
218,82-4,38906.09375,"(21, 38)",taxation,6,0.25,False,True,False
218,127-4,38898.125,"(18, 38)",taxation,6,0.25,False,True,False
218,47-4,26198.734375,"(16, 45)",taxation,6,0.25,False,True,False
218,223-4,26237.125,"(22, 45)",taxation,6,0.25,False,True,False
218,108-4,20827.515625,"(49, 7)",taxation,6,0.25,False,True,False
218,65-4,42507.203125,"(49, 5)",taxation,6,0.25,False,True,False
218,109-4,37100.40625,"(49, 1)",taxation,6,0.25,False,True,False
218,26-4,29847.171875,"(1, 23)",taxation,6,0.25,False,True,False
218,59-4,33497.953125,"(26, 46)",taxation,6,0.25,False,True,False
218,99-4,35249.953125,"(24, 42)",taxation,6,0.25,False,True,False
218,84-4,37092.46875,"(31, 6)",taxation,6,0.25,False,True,False
218,128-4,40720.6875,"(47, 6)",taxation,6,0.25,False,True,False
219,129-3,47042.5,"(3, 25)",taxation,6,0.25,False,True,False
219,77-3,42209.125,"(23, 47)",taxation,6,0.25,False,True,False
219,43-3,49451.8125,"(42, 17)",taxation,6,0.25,False,True,False
219,79-3,47030.1875,"(25, 11)",taxation,6,0.25,False,True,False
219,199-3,56662.25,"(11, 14)",taxation,6,0.25,False,True,False
219,123-3,56634.5625,"(17, 36)",taxation,6,0.25,False,True,False
219,119-3,49438.75,"(46, 20)",taxation,6,0.25,False,True,False
219,46-3,34955.5,"(33, 6)",taxation,6,0.25,False,True,False
219,190-3,49392.0625,"(16, 40)",taxation,6,0.25,False,True,False
219,220-3,54281.25,"(43, 3)",taxation,6,0.25,False,True,False
219,157-3,47009.1875,"(8, 26)",taxation,6,0.25,False,True,False
219,245-3,54224.0625,"(29, 39)",taxation,6,0.25,False,True,False
219,195-3,22894.9375,"(20, 49)",taxation,6,0.25,False,True,False
219,15-3,44606.0625,"(15, 33)",taxation,6,0.25,False,True,False
219,224-3,42176.3125,"(30, 39)",taxation,6,0.25,False,True,False
219,87-3,49412.625,"(38, 11)",taxation,6,0.25,False,True,False
219,135-3,49406.0625,"(3, 20)",taxation,6,0.25,False,True,False
219,8-3,49448.25,"(16, 32)",taxation,6,0.25,False,True,False
219,227-3,54250.375,"(19, 47)",taxation,6,0.25,False,True,False
219,178-3,54223.1875,"(19, 45)",taxation,6,0.25,False,True,False
219,114-3,56667.3125,"(30, 40)",taxation,6,0.25,False,True,False
219,118-3,54186.625,"(36, 14)",taxation,6,0.25,False,True,False
219,244-3,56653.875,"(42, 6)",taxation,6,0.25,False,True,False
219,34-3,44571.5,"(44, 8)",taxation,6,0.25,False,True,False
219,60-3,51794.4375,"(20, 26)",taxation,6,0.25,False,True,False
219,218-3,56664.125,"(47, 5)",taxation,6,0.25,False,True,False
219,49-3,47021.875,"(9, 15)",taxation,6,0.25,False,True,False
219,185-3,49471.125,"(28, 41)",taxation,6,0.25,False,True,False
219,228-4,29494.9375,"(40, 19)",taxation,6,0.25,False,True,False
219,24-3,39805.125,"(45, 18)",taxation,6,0.25,False,True,False
219,9-3,42204.9375,"(37, 38)",taxation,6,0.25,False,True,False
219,39-3,34905.625,"(19, 34)",taxation,6,0.25,False,True,False
219,151-3,39735.1875,"(47, 14)",taxation,6,0.25,False,True,False
219,29-3,49440.9375,"(20, 4)",taxation,6,0.25,False,True,False
219,230-3,39764.0,"(31, 40)",taxation,6,0.25,False,True,False
219,131-3,49409.75,"(15, 41)",taxation,6,0.25,False,True,False
219,81-3,47028.6875,"(40, 5)",taxation,6,0.25,False,True,False
219,222-3,49384.125,"(29, 0)",taxation,6,0.25,False,True,False
219,171-3,49388.375,"(47, 16)",taxation,6,0.25,False,True,False
219,200-3,47011.5,"(39, 12)",taxation,6,0.25,False,True,False
219,238-3,49391.5,"(29, 43)",taxation,6,0.25,False,True,False
219,153-3,25281.25,"(25, 4)",taxation,6,0.25,False,True,False
219,197-3,39744.1875,"(13, 35)",taxation,6,0.25,False,True,False
219,139-4,44594.765625,"(45, 0)",taxation,6,0.25,False,True,False
219,204-3,54199.375,"(37, 16)",taxation,6,0.25,False,True,False
219,211-3,32480.8125,"(3, 24)",taxation,6,0.25,False,True,False
219,93-3,22851.0,"(33, 13)",taxation,6,0.25,False,True,False
219,101-3,49441.5625,"(39, 9)",taxation,6,0.25,False,True,False
219,213-3,49400.625,"(19, 48)",taxation,6,0.25,False,True,False
219,70-3,51791.0,"(15, 46)",taxation,6,0.25,False,True,False
219,239-3,49413.625,"(12, 17)",taxation,6,0.25,False,True,False
219,243-3,46961.125,"(15, 38)",taxation,6,0.25,False,True,False
219,192-3,44582.25,"(16, 38)",taxation,6,0.25,False,True,False
219,143-3,49398.3125,"(27, 37)",taxation,6,0.25,False,True,False
219,35-3,49401.875,"(25, 37)",taxation,6,0.25,False,True,False
219,3-3,30040.6875,"(19, 49)",taxation,6,0.25,False,True,False
219,181-3,49374.937500000015,"(23, 41)",taxation,6,0.25,False,True,False
219,105-3,44563.625,"(44, 21)",taxation,6,0.25,False,True,False
219,177-3,49445.3125,"(41, 30)",taxation,6,0.25,False,True,False
219,167-4,39130.734375,"(39, 3)",taxation,6,0.25,False,True,False
219,173-4,10825.8125,"(5, 19)",taxation,6,0.25,False,True,False
219,44-3,32489.0,"(32, 39)",taxation,6,0.25,False,True,False
219,216-3,54196.5,"(40, 30)",taxation,6,0.25,False,True,False
219,217-3,30094.375,"(27, 42)",taxation,6,0.25,False,True,False
219,138-3,51736.8125,"(22, 29)",taxation,6,0.25,False,True,False
219,75-4,35458.0625,"(4, 20)",taxation,6,0.25,False,True,False
219,74-4,43301.0,"(14, 34)",taxation,6,0.25,False,True,False
219,191-3,56594.5625,"(40, 4)",taxation,6,0.25,False,True,False
219,240-4,13169.3125,"(2, 20)",taxation,6,0.25,False,True,False
219,20-3,46986.75,"(46, 7)",taxation,6,0.25,False,True,False
219,159-3,39743.375,"(48, 20)",taxation,6,0.25,False,True,False
219,158-4,36090.0625,"(8, 15)",taxation,6,0.25,False,True,False
219,66-3,54223.8125,"(29, 49)",taxation,6,0.25,False,True,False
219,170-4,34344.734375,"(49, 14)",taxation,6,0.25,False,True,False
219,146-4,15616.3125,"(46, 21)",taxation,6,0.25,False,True,False
219,208-4,39724.703125,"(10, 15)",taxation,6,0.25,False,True,False
219,219-4,43331.3125,"(45, 13)",taxation,6,0.25,False,True,False
219,140-4,1103.0625,"(17, 44)",taxation,6,0.25,False,True,False
219,210-3,59001.5625,"(20, 46)",taxation,6,0.25,False,True,False
219,198-4,35507.71875,"(37, 3)",taxation,6,0.25,False,True,False
219,246-4,37317.3125,"(14, 37)",taxation,6,0.25,False,True,False
219,187-4,20403.1875,"(25, 7)",taxation,6,0.25,False,True,False
219,179-4,32516.53125,"(29, 5)",taxation,6,0.25,False,True,False
219,23-4,40312.5,"(47, 22)",taxation,6,0.25,False,True,False
219,31-4,44515.46875,"(14, 39)",taxation,6,0.25,False,True,False
219,150-3,42109.4375,"(40, 16)",taxation,6,0.25,False,True,False
219,12-3,46945.8125,"(39, 7)",taxation,6,0.25,False,True,False
219,98-4,20450.0625,"(43, 16)",taxation,6,0.25,False,True,False
219,126-3,49364.0625,"(27, 39)",taxation,6,0.25,False,True,False
219,176-4,1123.1875,"(2, 19)",taxation,6,0.25,False,True,False
219,28-4,34288.203125,"(26, 42)",taxation,6,0.25,False,True,False
219,154-4,17983.3125,"(45, 21)",taxation,6,0.25,False,True,False
219,40-4,40895.3125,"(25, 30)",taxation,6,0.25,False,True,False
219,1-4,28869.140625,"(15, 49)",taxation,6,0.25,False,True,False
219,76-4,37295.921875000015,"(21, 26)",taxation,6,0.25,False,True,False
219,67-3,37328.5625,"(44, 17)",taxation,6,0.25,False,True,False
219,182-4,39072.890625,"(40, 8)",taxation,6,0.25,False,True,False
219,241-4,35457.21875,"(30, 7)",taxation,6,0.25,False,True,False
219,149-4,33698.5625,"(35, 13)",taxation,6,0.25,False,True,False
219,17-4,40924.03125,"(16, 37)",taxation,6,0.25,False,True,False
219,0-4,26434.828125,"(35, 8)",taxation,6,0.25,False,True,False
219,22-4,42709.8125,"(38, 3)",taxation,6,0.25,False,True,False
219,10-4,39092.390625,"(19, 2)",taxation,6,0.25,False,True,False
219,242-4,17416.953125,"(27, 49)",taxation,6,0.25,False,True,False
219,142-4,24585.859375,"(25, 2)",taxation,6,0.25,False,True,False
219,189-4,33727.84375,"(41, 19)",taxation,6,0.25,False,True,False
219,63-4,35436.171875,"(48, 21)",taxation,6,0.25,False,True,False
219,165-4,44446.1875,"(31, 39)",taxation,6,0.25,False,True,False
219,94-4,13163.125,"(24, 41)",taxation,6,0.25,False,True,False
219,206-4,37859.328125,"(41, 7)",taxation,6,0.25,False,True,False
219,172-4,40842.484375,"(22, 42)",taxation,6,0.25,False,True,False
219,144-4,37302.90625,"(47, 21)",taxation,6,0.25,False,True,False
219,111-4,40849.515625,"(44, 22)",taxation,6,0.25,False,True,False
219,83-4,40857.671875,"(24, 3)",taxation,6,0.25,False,True,False
219,249-4,39097.5625,"(22, 39)",taxation,6,0.25,False,True,False
219,51-4,39065.40625,"(29, 6)",taxation,6,0.25,False,True,False
219,180-4,37270.265625,"(9, 14)",taxation,6,0.25,False,True,False
219,148-4,29989.953125,"(11, 38)",taxation,6,0.25,False,True,False
219,16-4,42681.34375,"(30, 38)",taxation,6,0.25,False,True,False
219,134-4,37261.25,"(43, 8)",taxation,6,0.25,False,True,False
219,73-4,39053.265625,"(42, 13)",taxation,6,0.25,False,True,False
219,54-4,37258.140625,"(40, 13)",taxation,6,0.25,False,True,False
219,38-4,39056.59375,"(41, 5)",taxation,6,0.25,False,True,False
219,6-4,42685.625,"(44, 13)",taxation,6,0.25,False,True,False
219,156-4,28159.96875,"(25, 39)",taxation,6,0.25,False,True,False
219,95-4,42687.65625,"(48, 15)",taxation,6,0.25,False,True,False
219,42-4,28271.21875,"(17, 34)",taxation,6,0.25,False,True,False
219,168-4,40857.15625,"(15, 39)",taxation,6,0.25,False,True,False
219,183-4,26404.796875,"(30, 36)",taxation,6,0.25,False,True,False
219,53-4,24578.765625,"(42, 7)",taxation,6,0.25,False,True,False
219,106-4,35449.859375,"(42, 19)",taxation,6,0.25,False,True,False
219,133-4,33644.1875,"(25, 3)",taxation,6,0.25,False,True,False
219,25-4,33613.6875,"(13, 38)",taxation,6,0.25,False,True,False
219,56-4,37266.171875,"(1, 21)",taxation,6,0.25,False,True,False
219,234-4,38998.34375,"(41, 16)",taxation,6,0.25,False,True,False
219,71-4,40865.203125,"(10, 14)",taxation,6,0.25,False,True,False
219,162-4,39015.15625,"(11, 36)",taxation,6,0.25,False,True,False
219,45-4,39026.109375,"(27, 36)",taxation,6,0.25,False,True,False
219,212-4,39081.609375,"(30, 8)",taxation,6,0.25,False,True,False
219,110-4,42641.3125,"(28, 43)",taxation,6,0.25,False,True,False
219,225-4,39037.421875,"(21, 37)",taxation,6,0.25,False,True,False
219,231-4,24555.109375,"(20, 40)",taxation,6,0.25,False,True,False
219,137-4,33613.53125,"(30, 43)",taxation,6,0.25,False,True,False
219,4-4,28202.515625,"(42, 8)",taxation,6,0.25,False,True,False
219,169-4,29984.4375,"(14, 35)",taxation,6,0.25,False,True,False
219,125-4,40787.125,"(11, 39)",taxation,6,0.25,False,True,False
219,122-4,31794.515625,"(4, 17)",taxation,6,0.25,False,True,False
219,226-4,37212.796875,"(21, 0)",taxation,6,0.25,False,True,False
219,5-4,17308.21875,"(28, 37)",taxation,6,0.25,False,True,False
219,209-4,42638.46875,"(12, 38)",taxation,6,0.25,False,True,False
219,205-4,19155.359375,"(43, 21)",taxation,6,0.25,False,True,False
219,130-4,40791.34375,"(41, 9)",taxation,6,0.25,False,True,False
219,91-4,40877.796875,"(18, 13)",taxation,6,0.25,False,True,False
219,214-4,24546.4375,"(26, 33)",taxation,6,0.25,False,True,False
219,196-4,26310.25,"(17, 43)",taxation,6,0.25,False,True,False
219,21-4,35399.015625,"(41, 6)",taxation,6,0.25,False,True,False
219,141-4,30007.53125,"(46, 5)",taxation,6,0.25,False,True,False
219,193-4,33575.84375,"(11, 15)",taxation,6,0.25,False,True,False
219,68-4,31768.984375,"(16, 42)",taxation,6,0.25,False,True,False
219,161-4,31761.875,"(33, 3)",taxation,6,0.25,False,True,False
219,147-4,37206.921875,"(40, 10)",taxation,6,0.25,False,True,False
219,175-4,31734.78125,"(20, 48)",taxation,6,0.25,False,True,False
219,55-4,40818.453125,"(18, 7)",taxation,6,0.25,False,True,False
219,50-4,42598.59375,"(18, 42)",taxation,6,0.25,False,True,False
219,113-4,38981.296875,"(28, 42)",taxation,6,0.25,False,True,False
219,201-4,26340.203125,"(5, 21)",taxation,6,0.25,False,True,False
219,102-4,26312.59375,"(25, 32)",taxation,6,0.25,False,True,False
219,112-4,40784.46875,"(12, 36)",taxation,6,0.25,False,True,False
219,41-4,40811.5,"(40, 6)",taxation,6,0.25,False,True,False
219,78-4,35398.515625,"(27, 34)",taxation,6,0.25,False,True,False
219,203-4,44419.765625,"(36, 35)",taxation,6,0.25,False,True,False
219,247-4,33592.5625,"(48, 22)",taxation,6,0.25,False,True,False
219,32-4,40792.359375,"(46, 22)",taxation,6,0.25,False,True,False
219,115-4,40781.484375,"(23, 43)",taxation,6,0.25,False,True,False
219,33-4,29930.703125,"(33, 36)",taxation,6,0.25,False,True,False
219,202-4,42601.375,"(25, 42)",taxation,6,0.25,False,True,False
219,155-4,38986.828125,"(24, 37)",taxation,6,0.25,False,True,False
219,207-4,29950.109375,"(40, 18)",taxation,6,0.25,False,True,False
219,145-4,38987.75,"(48, 7)",taxation,6,0.25,False,True,False
219,132-4,40806.484375,"(42, 10)",taxation,6,0.25,False,True,False
219,166-4,35312.578125,"(23, 30)",taxation,6,0.25,False,True,False
219,100-4,37198.671875,"(25, 44)",taxation,6,0.25,False,True,False
219,116-4,40791.84375,"(46, 13)",taxation,6,0.25,False,True,False
219,19-4,38979.75,"(29, 3)",taxation,6,0.25,False,True,False
219,233-4,35318.828125,"(15, 31)",taxation,6,0.25,False,True,False
219,64-4,37129.5,"(31, 43)",taxation,6,0.25,False,True,False
219,186-4,35388.640625,"(39, 6)",taxation,6,0.25,False,True,False
219,103-4,37156.40625,"(10, 36)",taxation,6,0.25,False,True,False
219,163-4,44374.125,"(42, 30)",taxation,6,0.25,False,True,False
219,221-4,35322.21875,"(44, 0)",taxation,6,0.25,False,True,False
219,86-4,37171.875,"(38, 10)",taxation,6,0.25,False,True,False
219,57-4,33541.765625,"(0, 22)",taxation,6,0.25,False,True,False
219,164-4,38994.828125,"(16, 36)",taxation,6,0.25,False,True,False
219,92-4,40763.1875,"(45, 3)",taxation,6,0.25,False,True,False
219,174-4,40777.84375,"(17, 48)",taxation,6,0.25,False,True,False
219,89-4,38947.296875,"(45, 22)",taxation,6,0.25,False,True,False
219,188-4,37163.34375,"(46, 4)",taxation,6,0.25,False,True,False
219,11-4,29922.890625,"(27, 41)",taxation,6,0.25,False,True,False
219,2-4,37184.859375,"(17, 8)",taxation,6,0.25,False,True,False
219,90-4,33516.90625,"(8, 14)",taxation,6,0.25,False,True,False
219,120-4,42582.875,"(3, 19)",taxation,6,0.25,False,True,False
219,48-4,38904.125,"(21, 28)",taxation,6,0.25,False,True,False
219,69-4,40730.90625,"(49, 15)",taxation,6,0.25,False,True,False
219,97-4,29884.484375,"(30, 42)",taxation,6,0.25,False,True,False
219,13-4,35337.515625,"(15, 34)",taxation,6,0.25,False,True,False
219,58-4,38918.90625,"(45, 2)",taxation,6,0.25,False,True,False
219,52-4,28100.328125,"(47, 8)",taxation,6,0.25,False,True,False
219,117-4,33498.21875,"(25, 34)",taxation,6,0.25,False,True,False
219,27-4,33497.546875,"(16, 34)",taxation,6,0.25,False,True,False
219,121-4,37149.0,"(26, 34)",taxation,6,0.25,False,True,False
219,107-4,40731.65625,"(2, 24)",taxation,6,0.25,False,True,False
219,85-4,33535.3125,"(26, 49)",taxation,6,0.25,False,True,False
219,237-4,29894.484375,"(32, 43)",taxation,6,0.25,False,True,False
219,18-4,42561.234375,"(41, 20)",taxation,6,0.25,False,True,False
219,96-4,42573.28125,"(35, 15)",taxation,6,0.25,False,True,False
219,160-4,33510.3125,"(17, 16)",taxation,6,0.25,False,True,False
219,37-4,38944.046875,"(23, 31)",taxation,6,0.25,False,True,False
219,30-4,42572.703125,"(28, 39)",taxation,6,0.25,False,True,False
219,235-4,37105.953125,"(15, 44)",taxation,6,0.25,False,True,False
219,80-4,40737.46875,"(38, 28)",taxation,6,0.25,False,True,False
219,14-4,9999.90625,"(3, 18)",taxation,6,0.25,False,True,False
219,104-4,35343.84375,"(4, 18)",taxation,6,0.25,False,True,False
219,184-4,37076.203125,"(7, 15)",taxation,6,0.25,False,True,False
219,229-4,40761.765625,"(18, 6)",taxation,6,0.25,False,True,False
219,136-4,29837.28125,"(17, 41)",taxation,6,0.25,False,True,False
219,232-4,22590.765625,"(34, 12)",taxation,6,0.25,False,True,False
219,7-4,28082.03125,"(49, 20)",taxation,6,0.25,False,True,False
219,248-4,37094.890625,"(13, 39)",taxation,6,0.25,False,True,False
219,61-4,44349.640625,"(6, 16)",taxation,6,0.25,False,True,False
219,88-4,37123.25,"(12, 14)",taxation,6,0.25,False,True,False
219,72-4,42528.40625,"(31, 37)",taxation,6,0.25,False,True,False
219,62-4,37099.59375,"(7, 16)",taxation,6,0.25,False,True,False
219,194-4,33476.96875,"(13, 34)",taxation,6,0.25,False,True,False
219,236-4,37109.203125,"(35, 38)",taxation,6,0.25,False,True,False
219,124-4,35262.140625,"(28, 47)",taxation,6,0.25,False,True,False
219,36-4,28047.578125,"(5, 20)",taxation,6,0.25,False,True,False
219,215-4,40731.96875,"(35, 14)",taxation,6,0.25,False,True,False
219,152-4,38894.640625,"(5, 17)",taxation,6,0.25,False,True,False
219,82-4,38914.09375,"(18, 34)",taxation,6,0.25,False,True,False
219,127-4,38906.125,"(16, 35)",taxation,6,0.25,False,True,False
219,47-4,26204.734375,"(10, 42)",taxation,6,0.25,False,True,False
219,223-4,26239.125,"(17, 40)",taxation,6,0.25,False,True,False
219,108-4,20830.515625,"(43, 13)",taxation,6,0.25,False,True,False
219,65-4,42509.203125,"(43, 7)",taxation,6,0.25,False,True,False
219,109-4,37101.40625,"(45, 1)",taxation,6,0.25,False,True,False
219,26-4,29855.171875,"(1, 22)",taxation,6,0.25,False,True,False
219,59-4,33498.953125,"(26, 41)",taxation,6,0.25,False,True,False
219,99-4,35251.953125,"(23, 38)",taxation,6,0.25,False,True,False
219,84-4,37099.46875,"(28, 11)",taxation,6,0.25,False,True,False
219,128-4,40722.6875,"(41, 10)",taxation,6,0.25,False,True,False
220,129-3,47051.5,"(0, 27)",taxation,6,0.25,False,True,False
220,43-3,49460.8125,"(38, 21)",taxation,6,0.25,False,True,False
220,79-3,47038.1875,"(25, 15)",taxation,6,0.25,False,True,False
220,199-3,56671.25,"(14, 13)",taxation,6,0.25,False,True,False
220,46-3,34963.5,"(28, 12)",taxation,6,0.25,False,True,False
220,190-3,49397.0625,"(11, 34)",taxation,6,0.25,False,True,False
220,220-3,54284.25,"(37, 4)",taxation,6,0.25,False,True,False
220,245-3,54230.0625,"(34, 34)",taxation,6,0.25,False,True,False
220,15-3,44614.0625,"(9, 28)",taxation,6,0.25,False,True,False
220,224-3,42182.3125,"(34, 33)",taxation,6,0.25,False,True,False
220,135-3,49415.0625,"(0, 20)",taxation,6,0.25,False,True,False
220,227-3,54254.375,"(13, 43)",taxation,6,0.25,False,True,False
220,178-3,54226.1875,"(15, 45)",taxation,6,0.25,False,True,False
220,114-3,56672.3125,"(35, 36)",taxation,6,0.25,False,True,False
220,118-3,54194.625,"(37, 20)",taxation,6,0.25,False,True,False
220,244-3,56656.875,"(37, 6)",taxation,6,0.25,False,True,False
220,34-3,44574.5,"(41, 14)",taxation,6,0.25,False,True,False
220,60-3,51802.4375,"(22, 27)",taxation,6,0.25,False,True,False
220,218-3,56666.125,"(46, 9)",taxation,6,0.25,False,True,False
220,49-3,47030.875,"(15, 16)",taxation,6,0.25,False,True,False
220,185-3,49476.125,"(34, 36)",taxation,6,0.25,False,True,False
220,228-4,29504.9375,"(42, 23)",taxation,6,0.25,False,True,False
220,24-3,39815.125,"(43, 22)",taxation,6,0.25,False,True,False
220,9-3,42212.9375,"(42, 32)",taxation,6,0.25,False,True,False
220,39-3,34911.625,"(13, 37)",taxation,6,0.25,False,True,False
220,151-3,39742.1875,"(44, 19)",taxation,6,0.25,False,True,False
220,29-3,49449.9375,"(15, 10)",taxation,6,0.25,False,True,False
220,230-3,39770.0,"(35, 35)",taxation,6,0.25,False,True,False
220,131-3,49417.75,"(12, 35)",taxation,6,0.25,False,True,False
220,81-3,47031.6875,"(37, 5)",taxation,6,0.25,False,True,False
220,222-3,49390.125,"(26, 3)",taxation,6,0.25,False,True,False
220,171-3,49394.375,"(43, 18)",taxation,6,0.25,False,True,False
220,200-3,47017.5,"(35, 17)",taxation,6,0.25,False,True,False
220,238-3,49396.5,"(35, 37)",taxation,6,0.25,False,True,False
220,153-3,25289.25,"(21, 6)",taxation,6,0.25,False,True,False
220,197-3,39751.1875,"(8, 34)",taxation,6,0.25,False,True,False
220,139-4,44596.765625,"(42, 1)",taxation,6,0.25,False,True,False
220,204-3,54208.375,"(37, 22)",taxation,6,0.25,False,True,False
220,211-3,32488.8125,"(3, 23)",taxation,6,0.25,False,True,False
220,93-3,22858.0,"(30, 17)",taxation,6,0.25,False,True,False
220,101-3,49445.5625,"(37, 14)",taxation,6,0.25,False,True,False
220,213-3,49406.625,"(13, 48)",taxation,6,0.25,False,True,False
220,70-3,51795.0,"(12, 44)",taxation,6,0.25,False,True,False
220,239-3,49422.625,"(14, 16)",taxation,6,0.25,False,True,False
220,243-3,46969.125,"(11, 33)",taxation,6,0.25,False,True,False
220,192-3,44587.25,"(13, 33)",taxation,6,0.25,False,True,False
220,143-3,49405.3125,"(32, 31)",taxation,6,0.25,False,True,False
220,35-3,49406.875,"(29, 32)",taxation,6,0.25,False,True,False
220,3-3,30043.6875,"(14, 49)",taxation,6,0.25,False,True,False
220,181-3,49378.937500000015,"(29, 35)",taxation,6,0.25,False,True,False
220,105-3,44573.625,"(43, 23)",taxation,6,0.25,False,True,False
220,177-3,49454.3125,"(41, 28)",taxation,6,0.25,False,True,False
220,167-4,39134.734375,"(33, 8)",taxation,6,0.25,False,True,False
220,173-4,10833.8125,"(6, 22)",taxation,6,0.25,False,True,False
220,44-3,32496.0,"(38, 33)",taxation,6,0.25,False,True,False
220,216-3,54205.5,"(41, 29)",taxation,6,0.25,False,True,False
220,217-3,30098.375,"(32, 36)",taxation,6,0.25,False,True,False
220,138-3,51743.8125,"(20, 28)",taxation,6,0.25,False,True,False
220,75-4,35467.0625,"(1, 18)",taxation,6,0.25,False,True,False
220,74-4,43309.0,"(10, 28)",taxation,6,0.25,False,True,False
220,191-3,56598.5625,"(34, 10)",taxation,6,0.25,False,True,False
220,240-4,13177.3125,"(1, 20)",taxation,6,0.25,False,True,False
220,20-3,46988.75,"(45, 7)",taxation,6,0.25,False,True,False
220,159-3,39752.375,"(49, 24)",taxation,6,0.25,False,True,False
220,158-4,36098.0625,"(6, 15)",taxation,6,0.25,False,True,False
220,66-3,54224.8125,"(29, 48)",taxation,6,0.25,False,True,False
220,170-4,34350.734375,"(49, 19)",taxation,6,0.25,False,True,False
220,146-4,15626.3125,"(44, 23)",taxation,6,0.25,False,True,False
220,208-4,39732.703125,"(9, 13)",taxation,6,0.25,False,True,False
220,219-4,43337.3125,"(44, 18)",taxation,6,0.25,False,True,False
220,140-4,1108.0625,"(11, 40)",taxation,6,0.25,False,True,False
220,210-3,59004.5625,"(14, 45)",taxation,6,0.25,False,True,False
220,198-4,35511.71875,"(32, 5)",taxation,6,0.25,False,True,False
220,246-4,37323.3125,"(9, 40)",taxation,6,0.25,False,True,False
220,187-4,20411.1875,"(24, 9)",taxation,6,0.25,False,True,False
220,179-4,32523.53125,"(24, 5)",taxation,6,0.25,False,True,False
220,23-4,40321.5,"(47, 25)",taxation,6,0.25,False,True,False
220,31-4,44521.46875,"(8, 39)",taxation,6,0.25,False,True,False
220,150-3,42118.4375,"(39, 21)",taxation,6,0.25,False,True,False
220,12-3,46948.8125,"(37, 7)",taxation,6,0.25,False,True,False
220,98-4,20459.0625,"(37, 21)",taxation,6,0.25,False,True,False
220,126-3,49368.0625,"(30, 35)",taxation,6,0.25,False,True,False
220,176-4,1132.1875,"(1, 19)",taxation,6,0.25,False,True,False
220,28-4,34291.203125,"(26, 36)",taxation,6,0.25,False,True,False
220,154-4,17992.3125,"(43, 24)",taxation,6,0.25,False,True,False
220,40-4,40902.3125,"(25, 29)",taxation,6,0.25,False,True,False
220,1-4,28874.140625,"(9, 47)",taxation,6,0.25,False,True,False
220,76-4,37303.921875000015,"(19, 20)",taxation,6,0.25,False,True,False
220,67-3,37337.5625,"(40, 23)",taxation,6,0.25,False,True,False
220,182-4,39076.890625,"(34, 13)",taxation,6,0.25,False,True,False
220,241-4,35464.21875,"(24, 6)",taxation,6,0.25,False,True,False
220,149-4,33706.5625,"(29, 15)",taxation,6,0.25,False,True,False
220,17-4,40932.03125,"(11, 32)",taxation,6,0.25,False,True,False
220,0-4,26442.828125,"(29, 14)",taxation,6,0.25,False,True,False
220,22-4,42713.8125,"(32, 6)",taxation,6,0.25,False,True,False
220,10-4,39100.390625,"(17, 2)",taxation,6,0.25,False,True,False
220,242-4,17417.953125,"(28, 49)",taxation,6,0.25,False,True,False
220,142-4,24593.859375,"(20, 5)",taxation,6,0.25,False,True,False
220,189-4,33737.84375,"(41, 22)",taxation,6,0.25,False,True,False
220,63-4,35445.171875,"(48, 25)",taxation,6,0.25,False,True,False
220,165-4,44452.1875,"(35, 34)",taxation,6,0.25,False,True,False
220,94-4,13166.125,"(24, 36)",taxation,6,0.25,False,True,False
220,206-4,37863.328125,"(38, 12)",taxation,6,0.25,False,True,False
220,172-4,40845.484375,"(21, 36)",taxation,6,0.25,False,True,False
220,144-4,37311.90625,"(46, 25)",taxation,6,0.25,False,True,False
220,111-4,40858.515625,"(44, 25)",taxation,6,0.25,False,True,False
220,83-4,40865.671875,"(20, 6)",taxation,6,0.25,False,True,False
220,249-4,39101.5625,"(24, 33)",taxation,6,0.25,False,True,False
220,51-4,39072.40625,"(24, 4)",taxation,6,0.25,False,True,False
220,180-4,37279.265625,"(15, 12)",taxation,6,0.25,False,True,False
220,148-4,29996.953125,"(7, 36)",taxation,6,0.25,False,True,False
220,16-4,42687.34375,"(35, 33)",taxation,6,0.25,False,True,False
220,134-4,37265.25,"(38, 14)",taxation,6,0.25,False,True,False
220,73-4,39062.265625,"(48, 19)",taxation,6,0.25,False,True,False
220,54-4,37263.140625,"(39, 17)",taxation,6,0.25,False,True,False
220,38-4,39060.59375,"(37, 11)",taxation,6,0.25,False,True,False
220,6-4,42692.625,"(39, 19)",taxation,6,0.25,False,True,False
220,156-4,28163.96875,"(28, 34)",taxation,6,0.25,False,True,False
220,95-4,42695.65625,"(47, 20)",taxation,6,0.25,False,True,False
220,42-4,28276.21875,"(13, 32)",taxation,6,0.25,False,True,False
220,168-4,40864.15625,"(10, 35)",taxation,6,0.25,False,True,False
220,183-4,26411.796875,"(35, 30)",taxation,6,0.25,False,True,False
220,53-4,24582.765625,"(36, 12)",taxation,6,0.25,False,True,False
220,106-4,35458.859375,"(40, 20)",taxation,6,0.25,False,True,False
220,133-4,33652.1875,"(19, 5)",taxation,6,0.25,False,True,False
220,25-4,33620.6875,"(7, 37)",taxation,6,0.25,False,True,False
220,56-4,37274.171875,"(2, 22)",taxation,6,0.25,False,True,False
220,234-4,39007.34375,"(38, 22)",taxation,6,0.25,False,True,False
220,71-4,40873.203125,"(10, 13)",taxation,6,0.25,False,True,False
220,162-4,39022.15625,"(8, 35)",taxation,6,0.25,False,True,False
220,45-4,39033.109375,"(33, 31)",taxation,6,0.25,False,True,False
220,212-4,39087.609375,"(26, 7)",taxation,6,0.25,False,True,False
220,110-4,42644.3125,"(31, 38)",taxation,6,0.25,False,True,False
220,225-4,39041.421875,"(21, 32)",taxation,6,0.25,False,True,False
220,231-4,24558.109375,"(20, 37)",taxation,6,0.25,False,True,False
220,137-4,33616.53125,"(34, 39)",taxation,6,0.25,False,True,False
220,4-4,28206.515625,"(37, 13)",taxation,6,0.25,False,True,False
220,169-4,29991.4375,"(8, 30)",taxation,6,0.25,False,True,False
220,125-4,40794.125,"(6, 38)",taxation,6,0.25,False,True,False
220,122-4,31803.515625,"(3, 17)",taxation,6,0.25,False,True,False
220,226-4,37220.796875,"(18, 4)",taxation,6,0.25,False,True,False
220,5-4,17314.21875,"(34, 32)",taxation,6,0.25,False,True,False
220,209-4,42645.46875,"(9, 35)",taxation,6,0.25,False,True,False
220,205-4,19164.359375,"(41, 23)",taxation,6,0.25,False,True,False
220,130-4,40796.34375,"(40, 15)",taxation,6,0.25,False,True,False
220,91-4,40885.796875,"(19, 13)",taxation,6,0.25,False,True,False
220,214-4,24552.4375,"(26, 28)",taxation,6,0.25,False,True,False
220,196-4,26314.25,"(12, 43)",taxation,6,0.25,False,True,False
220,21-4,35403.015625,"(37, 10)",taxation,6,0.25,False,True,False
220,141-4,30009.53125,"(44, 6)",taxation,6,0.25,False,True,False
220,193-4,33584.84375,"(15, 11)",taxation,6,0.25,False,True,False
220,68-4,31775.984375,"(10, 41)",taxation,6,0.25,False,True,False
220,161-4,31767.875,"(27, 6)",taxation,6,0.25,False,True,False
220,147-4,37211.921875,"(35, 16)",taxation,6,0.25,False,True,False
220,175-4,31737.78125,"(15, 47)",taxation,6,0.25,False,True,False
220,55-4,40826.453125,"(20, 7)",taxation,6,0.25,False,True,False
220,50-4,42605.59375,"(12, 37)",taxation,6,0.25,False,True,False
220,113-4,38984.296875,"(33, 39)",taxation,6,0.25,False,True,False
220,201-4,26349.203125,"(2, 18)",taxation,6,0.25,False,True,False
220,102-4,26319.59375,"(25, 27)",taxation,6,0.25,False,True,False
220,112-4,40791.46875,"(9, 34)",taxation,6,0.25,False,True,False
220,41-4,40815.5,"(34, 8)",taxation,6,0.25,False,True,False
220,78-4,35405.515625,"(27, 29)",taxation,6,0.25,False,True,False
220,203-4,44427.765625,"(39, 31)",taxation,6,0.25,False,True,False
220,247-4,33601.5625,"(48, 26)",taxation,6,0.25,False,True,False
220,32-4,40801.359375,"(45, 24)",taxation,6,0.25,False,True,False
220,115-4,40783.484375,"(22, 41)",taxation,6,0.25,False,True,False
220,33-4,29938.703125,"(34, 30)",taxation,6,0.25,False,True,False
220,202-4,42605.375,"(31, 36)",taxation,6,0.25,False,True,False
220,155-4,38991.828125,"(30, 33)",taxation,6,0.25,False,True,False
220,207-4,29960.109375,"(42, 22)",taxation,6,0.25,False,True,False
220,145-4,38989.75,"(46, 8)",taxation,6,0.25,False,True,False
220,132-4,40810.484375,"(43, 15)",taxation,6,0.25,False,True,False
220,166-4,35320.578125,"(22, 28)",taxation,6,0.25,False,True,False
220,100-4,37200.671875,"(25, 41)",taxation,6,0.25,False,True,False
220,116-4,40798.84375,"(46, 19)",taxation,6,0.25,False,True,False
220,19-4,38986.75,"(25, 6)",taxation,6,0.25,False,True,False
220,233-4,35325.828125,"(14, 27)",taxation,6,0.25,False,True,False
220,64-4,37134.5,"(36, 37)",taxation,6,0.25,False,True,False
220,186-4,35392.640625,"(33, 9)",taxation,6,0.25,False,True,False
220,103-4,37164.40625,"(11, 35)",taxation,6,0.25,False,True,False
220,163-4,44383.125,"(43, 30)",taxation,6,0.25,False,True,False
220,221-4,35324.21875,"(42, 0)",taxation,6,0.25,False,True,False
220,86-4,37176.875,"(34, 16)",taxation,6,0.25,False,True,False
220,57-4,33550.765625,"(0, 21)",taxation,6,0.25,False,True,False
220,164-4,39002.828125,"(12, 34)",taxation,6,0.25,False,True,False
220,92-4,40765.1875,"(43, 4)",taxation,6,0.25,False,True,False
220,174-4,40781.84375,"(12, 45)",taxation,6,0.25,False,True,False
220,89-4,38956.296875,"(45, 25)",taxation,6,0.25,False,True,False
220,188-4,37165.34375,"(43, 5)",taxation,6,0.25,False,True,False
220,11-4,29927.890625,"(33, 35)",taxation,6,0.25,False,True,False
220,2-4,37192.859375,"(14, 8)",taxation,6,0.25,False,True,False
220,90-4,33525.90625,"(13, 13)",taxation,6,0.25,False,True,False
220,120-4,42590.875,"(3, 22)",taxation,6,0.25,False,True,False
220,48-4,38911.125,"(19, 26)",taxation,6,0.25,False,True,False
220,69-4,40737.90625,"(49, 21)",taxation,6,0.25,False,True,False
220,97-4,29887.484375,"(33, 38)",taxation,6,0.25,False,True,False
220,13-4,35343.515625,"(11, 30)",taxation,6,0.25,False,True,False
220,58-4,38920.90625,"(42, 2)",taxation,6,0.25,False,True,False
220,52-4,28103.328125,"(41, 13)",taxation,6,0.25,False,True,False
220,117-4,33504.21875,"(28, 30)",taxation,6,0.25,False,True,False
220,27-4,33503.546875,"(10, 30)",taxation,6,0.25,False,True,False
220,121-4,37156.0,"(26, 29)",taxation,6,0.25,False,True,False
220,107-4,40740.65625,"(1, 24)",taxation,6,0.25,False,True,False
220,85-4,33536.3125,"(25, 49)",taxation,6,0.25,False,True,False
220,237-4,29900.484375,"(38, 38)",taxation,6,0.25,False,True,False
220,18-4,42570.234375,"(39, 23)",taxation,6,0.25,False,True,False
220,96-4,42581.28125,"(36, 20)",taxation,6,0.25,False,True,False
220,160-4,33518.3125,"(17, 15)",taxation,6,0.25,False,True,False
220,37-4,38951.046875,"(24, 27)",taxation,6,0.25,False,True,False
220,30-4,42577.703125,"(33, 34)",taxation,6,0.25,False,True,False
220,235-4,37111.953125,"(9, 41)",taxation,6,0.25,False,True,False
220,80-4,40746.46875,"(40, 28)",taxation,6,0.25,False,True,False
220,14-4,10007.90625,"(0, 18)",taxation,6,0.25,False,True,False
220,104-4,35351.84375,"(4, 22)",taxation,6,0.25,False,True,False
220,184-4,37085.203125,"(13, 14)",taxation,6,0.25,False,True,False
220,229-4,40770.765625,"(18, 8)",taxation,6,0.25,False,True,False
220,136-4,29841.28125,"(12, 41)",taxation,6,0.25,False,True,False
220,232-4,22598.765625,"(36, 16)",taxation,6,0.25,False,True,False
220,7-4,28091.03125,"(49, 25)",taxation,6,0.25,False,True,False
220,248-4,37102.890625,"(10, 33)",taxation,6,0.25,False,True,False
220,61-4,44357.640625,"(5, 16)",taxation,6,0.25,False,True,False
220,88-4,37131.25,"(12, 13)",taxation,6,0.25,False,True,False
220,72-4,42535.40625,"(35, 31)",taxation,6,0.25,False,True,False
220,62-4,37107.59375,"(9, 20)",taxation,6,0.25,False,True,False
220,194-4,33483.96875,"(7, 34)",taxation,6,0.25,False,True,False
220,236-4,37116.203125,"(39, 35)",taxation,6,0.25,False,True,False
220,124-4,35264.140625,"(31, 42)",taxation,6,0.25,False,True,False
220,36-4,28056.578125,"(0, 19)",taxation,6,0.25,False,True,False
220,215-4,40740.96875,"(38, 20)",taxation,6,0.25,False,True,False
220,152-4,38902.640625,"(2, 17)",taxation,6,0.25,False,True,False
220,82-4,38919.09375,"(14, 31)",taxation,6,0.25,False,True,False
220,127-4,38914.125,"(10, 32)",taxation,6,0.25,False,True,False
220,47-4,26211.734375,"(11, 37)",taxation,6,0.25,False,True,False
220,223-4,26244.125,"(13, 36)",taxation,6,0.25,False,True,False
220,108-4,20835.515625,"(39, 18)",taxation,6,0.25,False,True,False
220,65-4,42512.203125,"(37, 8)",taxation,6,0.25,False,True,False
220,109-4,37103.40625,"(41, 1)",taxation,6,0.25,False,True,False
220,26-4,29863.171875,"(2, 23)",taxation,6,0.25,False,True,False
220,59-4,33502.953125,"(28, 35)",taxation,6,0.25,False,True,False
220,99-4,35255.953125,"(23, 32)",taxation,6,0.25,False,True,False
220,84-4,37107.46875,"(29, 13)",taxation,6,0.25,False,True,False
220,128-4,40726.6875,"(39, 15)",taxation,6,0.25,False,True,False
220,8-4,37092.1875,"(12, 30)",taxation,6,0.25,False,True,False
220,77-4,31658.34375,"(18, 47)",taxation,6,0.25,False,True,False
220,157-4,35262.890625,"(7, 25)",taxation,6,0.25,False,True,False
220,123-4,42481.171875,"(12, 33)",taxation,6,0.25,False,True,False
220,195-4,17173.453125,"(15, 48)",taxation,6,0.25,False,True,False
220,87-4,37063.96875,"(40, 17)",taxation,6,0.25,False,True,False
220,119-4,37085.8125,"(43, 25)",taxation,6,0.25,False,True,False
221,129-3,47060.5,"(1, 28)",taxation,6,0.25,False,True,False
221,43-3,49469.8125,"(39, 27)",taxation,6,0.25,False,True,False
221,79-3,47047.1875,"(21, 14)",taxation,6,0.25,False,True,False
221,46-3,34971.5,"(23, 13)",taxation,6,0.25,False,True,False
221,190-3,49405.0625,"(5, 31)",taxation,6,0.25,False,True,False
221,220-3,54289.25,"(31, 7)",taxation,6,0.25,False,True,False
221,245-3,54239.0625,"(37, 29)",taxation,6,0.25,False,True,False
221,15-3,44622.0625,"(6, 28)",taxation,6,0.25,False,True,False
221,224-3,42191.3125,"(40, 27)",taxation,6,0.25,False,True,False
221,135-3,49423.0625,"(2, 26)",taxation,6,0.25,False,True,False
221,227-3,54260.375,"(7, 43)",taxation,6,0.25,False,True,False
221,178-3,54231.1875,"(11, 46)",taxation,6,0.25,False,True,False
221,114-3,56680.3125,"(37, 31)",taxation,6,0.25,False,True,False
221,118-3,54204.625,"(38, 23)",taxation,6,0.25,False,True,False
221,244-3,56661.875,"(32, 7)",taxation,6,0.25,False,True,False
221,34-3,44580.5,"(38, 18)",taxation,6,0.25,False,True,False
221,60-3,51810.4375,"(22, 25)",taxation,6,0.25,False,True,False
221,218-3,56670.125,"(45, 15)",taxation,6,0.25,False,True,False
221,49-3,47039.875,"(15, 15)",taxation,6,0.25,False,True,False
221,185-3,49484.125,"(38, 30)",taxation,6,0.25,False,True,False
221,228-4,29513.9375,"(41, 26)",taxation,6,0.25,False,True,False
221,24-3,39825.125,"(41, 25)",taxation,6,0.25,False,True,False
221,9-3,42221.9375,"(43, 31)",taxation,6,0.25,False,True,False
221,39-3,34918.625,"(7, 38)",taxation,6,0.25,False,True,False
221,151-3,39750.1875,"(46, 23)",taxation,6,0.25,False,True,False
221,29-3,49458.9375,"(14, 10)",taxation,6,0.25,False,True,False
221,230-3,39778.0,"(40, 32)",taxation,6,0.25,False,True,False
221,131-3,49424.75,"(6, 36)",taxation,6,0.25,False,True,False
221,81-3,47036.6875,"(31, 8)",taxation,6,0.25,False,True,False
221,222-3,49398.125,"(22, 3)",taxation,6,0.25,False,True,False
221,171-3,49402.375,"(42, 24)",taxation,6,0.25,False,True,False
221,200-3,47025.5,"(35, 22)",taxation,6,0.25,False,True,False
221,238-3,49404.5,"(40, 34)",taxation,6,0.25,False,True,False
221,153-3,25298.25,"(20, 12)",taxation,6,0.25,False,True,False
221,197-3,39759.1875,"(4, 29)",taxation,6,0.25,False,True,False
221,139-4,44600.765625,"(36, 6)",taxation,6,0.25,False,True,False
221,204-3,54218.375,"(42, 27)",taxation,6,0.25,False,True,False
221,211-3,32497.8125,"(9, 21)",taxation,6,0.25,False,True,False
221,93-3,22866.0,"(24, 19)",taxation,6,0.25,False,True,False
221,101-3,49451.5625,"(34, 19)",taxation,6,0.25,False,True,False
221,213-3,49412.625,"(8, 44)",taxation,6,0.25,False,True,False
221,70-3,51802.0,"(6, 44)",taxation,6,0.25,False,True,False
221,239-3,49431.625,"(14, 15)",taxation,6,0.25,False,True,False
221,243-3,46977.125,"(6, 29)",taxation,6,0.25,False,True,False
221,192-3,44594.25,"(9, 32)",taxation,6,0.25,False,True,False
221,143-3,49414.3125,"(36, 27)",taxation,6,0.25,False,True,False
221,35-3,49414.875,"(34, 27)",taxation,6,0.25,False,True,False
221,3-3,30048.6875,"(9, 49)",taxation,6,0.25,False,True,False
221,181-3,49385.937500000015,"(31, 29)",taxation,6,0.25,False,True,False
221,105-3,44583.625,"(42, 26)",taxation,6,0.25,False,True,False
221,177-3,49463.3125,"(43, 28)",taxation,6,0.25,False,True,False
221,167-4,39141.734375,"(27, 12)",taxation,6,0.25,False,True,False
221,173-4,10842.8125,"(7, 22)",taxation,6,0.25,False,True,False
221,44-3,32505.0,"(40, 29)",taxation,6,0.25,False,True,False
221,216-3,54214.5,"(42, 29)",taxation,6,0.25,False,True,False
221,217-3,30106.375,"(37, 32)",taxation,6,0.25,False,True,False
221,138-3,51751.8125,"(20, 25)",taxation,6,0.25,False,True,False
221,75-4,35476.0625,"(5, 23)",taxation,6,0.25,False,True,False
221,74-4,43317.0,"(8, 27)",taxation,6,0.25,False,True,False
221,191-3,56604.5625,"(29, 10)",taxation,6,0.25,False,True,False
221,240-4,13182.3125,"(0, 26)",taxation,6,0.25,False,True,False
221,20-3,46992.75,"(39, 13)",taxation,6,0.25,False,True,False
221,159-3,39762.375,"(47, 27)",taxation,6,0.25,False,True,False
221,158-4,36107.0625,"(10, 12)",taxation,6,0.25,False,True,False
221,66-3,54227.8125,"(32, 42)",taxation,6,0.25,False,True,False
221,170-4,34358.734375,"(49, 23)",taxation,6,0.25,False,True,False
221,146-4,15635.3125,"(44, 26)",taxation,6,0.25,False,True,False
221,208-4,39741.703125,"(11, 11)",taxation,6,0.25,False,True,False
221,219-4,43345.3125,"(47, 23)",taxation,6,0.25,False,True,False
221,140-4,1115.0625,"(6, 37)",taxation,6,0.25,False,True,False
221,210-3,59011.5625,"(8, 40)",taxation,6,0.25,False,True,False
221,198-4,35517.71875,"(29, 7)",taxation,6,0.25,False,True,False
221,246-4,37331.3125,"(4, 36)",taxation,6,0.25,False,True,False
221,187-4,20420.1875,"(21, 9)",taxation,6,0.25,False,True,False
221,179-4,32531.53125,"(23, 7)",taxation,6,0.25,False,True,False
221,23-4,40331.5,"(47, 28)",taxation,6,0.25,False,True,False
221,31-4,44529.46875,"(7, 35)",taxation,6,0.25,False,True,False
221,150-3,42127.4375,"(40, 26)",taxation,6,0.25,False,True,False
221,12-3,46953.8125,"(32, 9)",taxation,6,0.25,False,True,False
221,98-4,20468.0625,"(37, 26)",taxation,6,0.25,False,True,False
221,126-3,49375.0625,"(34, 31)",taxation,6,0.25,False,True,False
221,176-4,1136.1875,"(0, 25)",taxation,6,0.25,False,True,False
221,28-4,34297.203125,"(31, 32)",taxation,6,0.25,False,True,False
221,154-4,18002.3125,"(45, 27)",taxation,6,0.25,False,True,False
221,40-4,40910.3125,"(24, 26)",taxation,6,0.25,False,True,False
221,1-4,28881.140625,"(5, 44)",taxation,6,0.25,False,True,False
221,76-4,37312.921875000015,"(16, 20)",taxation,6,0.25,False,True,False
221,67-3,37347.5625,"(40, 24)",taxation,6,0.25,False,True,False
221,182-4,39083.890625,"(29, 18)",taxation,6,0.25,False,True,False
221,241-4,35472.21875,"(22, 4)",taxation,6,0.25,False,True,False
221,149-4,33714.5625,"(24, 18)",taxation,6,0.25,False,True,False
221,17-4,40940.03125,"(5, 27)",taxation,6,0.25,False,True,False
221,0-4,26451.828125,"(24, 15)",taxation,6,0.25,False,True,False
221,22-4,42719.8125,"(28, 8)",taxation,6,0.25,False,True,False
221,10-4,39109.390625,"(17, 3)",taxation,6,0.25,False,True,False
221,242-4,17419.953125,"(28, 48)",taxation,6,0.25,False,True,False
221,142-4,24601.859375,"(18, 5)",taxation,6,0.25,False,True,False
221,189-4,33746.84375,"(43, 27)",taxation,6,0.25,False,True,False
221,63-4,35454.171875,"(48, 27)",taxation,6,0.25,False,True,False
221,165-4,44461.1875,"(40, 31)",taxation,6,0.25,False,True,False
221,94-4,13172.125,"(30, 32)",taxation,6,0.25,False,True,False
221,206-4,37869.328125,"(32, 16)",taxation,6,0.25,False,True,False
221,172-4,40850.484375,"(24, 32)",taxation,6,0.25,False,True,False
221,144-4,37320.90625,"(46, 27)",taxation,6,0.25,False,True,False
221,111-4,40868.515625,"(44, 27)",taxation,6,0.25,False,True,False
221,83-4,40874.671875,"(21, 8)",taxation,6,0.25,False,True,False
221,249-4,39108.5625,"(27, 28)",taxation,6,0.25,False,True,False
221,51-4,39081.40625,"(20, 10)",taxation,6,0.25,False,True,False
221,180-4,37288.265625,"(15, 13)",taxation,6,0.25,False,True,False
221,148-4,30005.953125,"(1, 30)",taxation,6,0.25,False,True,False
221,16-4,42697.34375,"(41, 27)",taxation,6,0.25,False,True,False
221,134-4,37273.25,"(34, 20)",taxation,6,0.25,False,True,False
221,73-4,39072.265625,"(42, 25)",taxation,6,0.25,False,True,False
221,54-4,37272.140625,"(36, 21)",taxation,6,0.25,False,True,False
221,38-4,39066.59375,"(34, 17)",taxation,6,0.25,False,True,False
221,6-4,42700.625,"(36, 23)",taxation,6,0.25,False,True,False
221,156-4,28170.96875,"(28, 28)",taxation,6,0.25,False,True,False
221,95-4,42704.65625,"(46, 26)",taxation,6,0.25,False,True,False
221,42-4,28284.21875,"(7, 32)",taxation,6,0.25,False,True,False
221,168-4,40871.15625,"(7, 33)",taxation,6,0.25,False,True,False
221,183-4,26419.796875,"(36, 28)",taxation,6,0.25,False,True,False
221,53-4,24588.765625,"(30, 15)",taxation,6,0.25,False,True,False
221,106-4,35467.859375,"(38, 24)",taxation,6,0.25,False,True,False
221,133-4,33661.1875,"(13, 10)",taxation,6,0.25,False,True,False
221,25-4,33628.6875,"(1, 32)",taxation,6,0.25,False,True,False
221,56-4,37282.171875,"(5, 26)",taxation,6,0.25,False,True,False
221,234-4,39016.34375,"(38, 26)",taxation,6,0.25,False,True,False
221,71-4,40882.203125,"(11, 12)",taxation,6,0.25,False,True,False
221,162-4,39030.15625,"(4, 32)",taxation,6,0.25,False,True,False
221,45-4,39041.109375,"(36, 29)",taxation,6,0.25,False,True,False
221,212-4,39095.609375,"(21, 7)",taxation,6,0.25,False,True,False
221,110-4,42651.3125,"(37, 36)",taxation,6,0.25,False,True,False
221,225-4,39049.421875,"(23, 26)",taxation,6,0.25,False,True,False
221,231-4,24563.109375,"(22, 31)",taxation,6,0.25,False,True,False
221,137-4,33624.53125,"(40, 36)",taxation,6,0.25,False,True,False
221,4-4,28212.515625,"(33, 19)",taxation,6,0.25,False,True,False
221,169-4,29999.4375,"(7, 28)",taxation,6,0.25,False,True,False
221,125-4,40802.125,"(2, 33)",taxation,6,0.25,False,True,False
221,122-4,31812.515625,"(4, 23)",taxation,6,0.25,False,True,False
221,226-4,37229.796875,"(13, 9)",taxation,6,0.25,False,True,False
221,5-4,17323.21875,"(38, 27)",taxation,6,0.25,False,True,False
221,209-4,42653.46875,"(6, 35)",taxation,6,0.25,False,True,False
221,205-4,19174.359375,"(39, 25)",taxation,6,0.25,False,True,False
221,130-4,40802.34375,"(34, 18)",taxation,6,0.25,False,True,False
221,91-4,40894.796875,"(17, 13)",taxation,6,0.25,False,True,False
221,214-4,24560.4375,"(22, 24)",taxation,6,0.25,False,True,False
221,196-4,26321.25,"(8, 41)",taxation,6,0.25,False,True,False
221,21-4,35409.015625,"(31, 15)",taxation,6,0.25,False,True,False
221,141-4,30012.53125,"(43, 6)",taxation,6,0.25,False,True,False
221,193-4,33593.84375,"(14, 11)",taxation,6,0.25,False,True,False
221,68-4,31782.984375,"(7, 40)",taxation,6,0.25,False,True,False
221,161-4,31776.875,"(21, 11)",taxation,6,0.25,False,True,False
221,147-4,37219.921875,"(34, 21)",taxation,6,0.25,False,True,False
221,175-4,31742.78125,"(10, 47)",taxation,6,0.25,False,True,False
221,55-4,40835.453125,"(21, 13)",taxation,6,0.25,False,True,False
221,50-4,42612.59375,"(8, 33)",taxation,6,0.25,False,True,False
221,113-4,38991.296875,"(38, 37)",taxation,6,0.25,False,True,False
221,201-4,26353.203125,"(5, 24)",taxation,6,0.25,False,True,False
221,102-4,26327.59375,"(21, 25)",taxation,6,0.25,False,True,False
221,112-4,40799.46875,"(5, 32)",taxation,6,0.25,False,True,False
221,41-4,40821.5,"(29, 8)",taxation,6,0.25,False,True,False
221,78-4,35412.515625,"(27, 27)",taxation,6,0.25,False,True,False
221,203-4,44436.765625,"(43, 29)",taxation,6,0.25,False,True,False
221,247-4,33611.5625,"(47, 26)",taxation,6,0.25,False,True,False
221,32-4,40810.359375,"(45, 28)",taxation,6,0.25,False,True,False
221,115-4,40787.484375,"(23, 36)",taxation,6,0.25,False,True,False
221,33-4,29948.703125,"(38, 25)",taxation,6,0.25,False,True,False
221,202-4,42613.375,"(37, 30)",taxation,6,0.25,False,True,False
221,155-4,38998.828125,"(33, 30)",taxation,6,0.25,False,True,False
221,207-4,29970.109375,"(40, 25)",taxation,6,0.25,False,True,False
221,145-4,38993.75,"(40, 14)",taxation,6,0.25,False,True,False
221,132-4,40815.484375,"(42, 16)",taxation,6,0.25,False,True,False
221,166-4,35328.578125,"(20, 24)",taxation,6,0.25,False,True,False
221,100-4,37205.671875,"(31, 35)",taxation,6,0.25,False,True,False
221,116-4,40807.84375,"(47, 24)",taxation,6,0.25,False,True,False
221,19-4,38994.75,"(21, 5)",taxation,6,0.25,False,True,False
221,233-4,35334.828125,"(15, 21)",taxation,6,0.25,False,True,False
221,64-4,37142.5,"(41, 35)",taxation,6,0.25,False,True,False
221,186-4,35398.640625,"(29, 12)",taxation,6,0.25,False,True,False
221,103-4,37172.40625,"(6, 32)",taxation,6,0.25,False,True,False
221,163-4,44393.125,"(42, 28)",taxation,6,0.25,False,True,False
221,221-4,35328.21875,"(36, 5)",taxation,6,0.25,False,True,False
221,86-4,37183.875,"(29, 17)",taxation,6,0.25,False,True,False
221,57-4,33558.765625,"(1, 26)",taxation,6,0.25,False,True,False
221,164-4,39009.828125,"(9, 31)",taxation,6,0.25,False,True,False
221,92-4,40768.1875,"(42, 4)",taxation,6,0.25,False,True,False
221,174-4,40788.84375,"(6, 39)",taxation,6,0.25,False,True,False
221,89-4,38966.296875,"(45, 26)",taxation,6,0.25,False,True,False
221,188-4,37169.34375,"(37, 9)",taxation,6,0.25,False,True,False
221,11-4,29934.890625,"(35, 32)",taxation,6,0.25,False,True,False
221,2-4,37201.859375,"(12, 10)",taxation,6,0.25,False,True,False
221,90-4,33534.90625,"(13, 12)",taxation,6,0.25,False,True,False
221,120-4,42599.875,"(2, 28)",taxation,6,0.25,False,True,False
221,48-4,38920.125,"(17, 20)",taxation,6,0.25,False,True,False
221,69-4,40746.90625,"(48, 24)",taxation,6,0.25,False,True,False
221,97-4,29894.484375,"(36, 33)",taxation,6,0.25,False,True,False
221,13-4,35351.515625,"(8, 28)",taxation,6,0.25,False,True,False
221,58-4,38924.90625,"(36, 4)",taxation,6,0.25,False,True,False
221,52-4,28108.328125,"(39, 16)",taxation,6,0.25,False,True,False
221,117-4,33512.21875,"(34, 26)",taxation,6,0.25,False,True,False
221,27-4,33512.546875,"(4, 26)",taxation,6,0.25,False,True,False
221,121-4,37164.0,"(22, 23)",taxation,6,0.25,False,True,False
221,107-4,40749.65625,"(3, 26)",taxation,6,0.25,False,True,False
221,85-4,33539.3125,"(19, 44)",taxation,6,0.25,False,True,False
221,237-4,29908.484375,"(41, 36)",taxation,6,0.25,False,True,False
221,18-4,42580.234375,"(39, 24)",taxation,6,0.25,False,True,False
221,96-4,42590.28125,"(39, 26)",taxation,6,0.25,False,True,False
221,160-4,33527.3125,"(16, 14)",taxation,6,0.25,False,True,False
221,37-4,38959.046875,"(22, 22)",taxation,6,0.25,False,True,False
221,30-4,42585.703125,"(36, 30)",taxation,6,0.25,False,True,False
221,235-4,37118.953125,"(5, 41)",taxation,6,0.25,False,True,False
221,80-4,40755.46875,"(44, 28)",taxation,6,0.25,False,True,False
221,14-4,10015.90625,"(0, 24)",taxation,6,0.25,False,True,False
221,104-4,35360.84375,"(10, 21)",taxation,6,0.25,False,True,False
221,184-4,37094.203125,"(15, 14)",taxation,6,0.25,False,True,False
221,229-4,40779.765625,"(14, 9)",taxation,6,0.25,False,True,False
221,136-4,29848.28125,"(6, 41)",taxation,6,0.25,False,True,False
221,232-4,22605.765625,"(36, 22)",taxation,6,0.25,False,True,False
221,7-4,28101.03125,"(49, 26)",taxation,6,0.25,False,True,False
221,248-4,37110.890625,"(6, 31)",taxation,6,0.25,False,True,False
221,61-4,44366.640625,"(10, 20)",taxation,6,0.25,False,True,False
221,88-4,37140.25,"(11, 13)",taxation,6,0.25,False,True,False
221,72-4,42544.40625,"(39, 29)",taxation,6,0.25,False,True,False
221,62-4,37116.59375,"(11, 20)",taxation,6,0.25,False,True,False
221,194-4,33491.96875,"(3, 32)",taxation,6,0.25,False,True,False
221,236-4,37125.203125,"(41, 31)",taxation,6,0.25,False,True,False
221,124-4,35270.140625,"(37, 37)",taxation,6,0.25,False,True,False
221,36-4,28065.578125,"(1, 25)",taxation,6,0.25,False,True,False
221,215-4,40749.96875,"(37, 25)",taxation,6,0.25,False,True,False
221,152-4,38910.640625,"(8, 21)",taxation,6,0.25,False,True,False
221,82-4,38926.09375,"(9, 30)",taxation,6,0.25,False,True,False
221,127-4,38923.125,"(5, 28)",taxation,6,0.25,False,True,False
221,47-4,26219.734375,"(5, 33)",taxation,6,0.25,False,True,False
221,223-4,26251.125,"(8, 32)",taxation,6,0.25,False,True,False
221,108-4,20843.515625,"(40, 22)",taxation,6,0.25,False,True,False
221,65-4,42517.203125,"(32, 8)",taxation,6,0.25,False,True,False
221,109-4,37107.40625,"(35, 1)",taxation,6,0.25,False,True,False
221,26-4,29871.171875,"(2, 27)",taxation,6,0.25,False,True,False
221,59-4,33509.953125,"(32, 30)",taxation,6,0.25,False,True,False
221,99-4,35262.953125,"(26, 27)",taxation,6,0.25,False,True,False
221,84-4,37115.46875,"(24, 16)",taxation,6,0.25,False,True,False
221,128-4,40735.6875,"(39, 20)",taxation,6,0.25,False,True,False
221,8-4,37100.1875,"(9, 25)",taxation,6,0.25,False,True,False
221,77-4,31662.34375,"(14, 47)",taxation,6,0.25,False,True,False
221,157-4,35271.890625,"(7, 23)",taxation,6,0.25,False,True,False
221,123-4,42489.171875,"(7, 29)",taxation,6,0.25,False,True,False
221,195-4,17178.453125,"(10, 48)",taxation,6,0.25,False,True,False
221,87-4,37071.96875,"(35, 21)",taxation,6,0.25,False,True,False
221,119-4,37095.8125,"(43, 26)",taxation,6,0.25,False,True,False
221,199-4,42510.1875,"(14, 14)",taxation,6,0.25,False,True,False
222,79-3,47056.1875,"(20, 14)",taxation,6,0.25,False,True,False
222,220-3,54297.25,"(25, 8)",taxation,6,0.25,False,True,False
222,245-3,54247.0625,"(38, 34)",taxation,6,0.25,False,True,False
222,224-3,42201.3125,"(44, 29)",taxation,6,0.25,False,True,False
222,135-3,49430.0625,"(3, 31)",taxation,6,0.25,False,True,False
222,227-3,54268.375,"(4, 42)",taxation,6,0.25,False,True,False
222,178-3,54239.1875,"(5, 43)",taxation,6,0.25,False,True,False
222,114-3,56689.3125,"(42, 35)",taxation,6,0.25,False,True,False
222,118-3,54213.625,"(44, 24)",taxation,6,0.25,False,True,False
222,244-3,56668.875,"(27, 7)",taxation,6,0.25,False,True,False
222,34-3,44587.5,"(33, 20)",taxation,6,0.25,False,True,False
222,60-3,51819.4375,"(17, 24)",taxation,6,0.25,False,True,False
222,218-3,56676.125,"(41, 21)",taxation,6,0.25,False,True,False
222,49-3,47048.875,"(16, 16)",taxation,6,0.25,False,True,False
222,185-3,49493.125,"(44, 34)",taxation,6,0.25,False,True,False
222,228-4,29521.9375,"(39, 30)",taxation,6,0.25,False,True,False
222,24-3,39834.125,"(47, 30)",taxation,6,0.25,False,True,False
222,9-3,42231.9375,"(47, 32)",taxation,6,0.25,False,True,False
222,39-3,34926.625,"(3, 38)",taxation,6,0.25,False,True,False
222,151-3,39759.1875,"(48, 23)",taxation,6,0.25,False,True,False
222,29-3,49468.9375,"(12, 12)",taxation,6,0.25,False,True,False
222,230-3,39788.0,"(46, 32)",taxation,6,0.25,False,True,False
222,131-3,49432.75,"(5, 37)",taxation,6,0.25,False,True,False
222,81-3,47044.6875,"(25, 9)",taxation,6,0.25,False,True,False
222,222-3,49407.125,"(18, 2)",taxation,6,0.25,False,True,False
222,171-3,49412.375,"(47, 29)",taxation,6,0.25,False,True,False
222,200-3,47033.5,"(32, 26)",taxation,6,0.25,False,True,False
222,238-3,49413.5,"(45, 34)",taxation,6,0.25,False,True,False
222,153-3,25308.25,"(16, 12)",taxation,6,0.25,False,True,False
222,197-3,39766.1875,"(4, 33)",taxation,6,0.25,False,True,False
222,139-4,44606.765625,"(32, 11)",taxation,6,0.25,False,True,False
222,204-3,54228.375,"(45, 30)",taxation,6,0.25,False,True,False
222,211-3,32507.8125,"(13, 17)",taxation,6,0.25,False,True,False
222,93-3,22875.0,"(19, 19)",taxation,6,0.25,False,True,False
222,101-3,49460.5625,"(34, 24)",taxation,6,0.25,False,True,False
222,213-3,49420.625,"(2, 42)",taxation,6,0.25,False,True,False
222,70-3,51810.0,"(2, 41)",taxation,6,0.25,False,True,False
222,239-3,49440.625,"(16, 15)",taxation,6,0.25,False,True,False
222,243-3,46986.125,"(1, 29)",taxation,6,0.25,False,True,False
222,192-3,44602.25,"(5, 35)",taxation,6,0.25,False,True,False
222,143-3,49422.3125,"(35, 29)",taxation,6,0.25,False,True,False
222,35-3,49422.875,"(33, 28)",taxation,6,0.25,False,True,False
222,3-3,30055.6875,"(7, 45)",taxation,6,0.25,False,True,False
222,181-3,49394.937500000015,"(34, 25)",taxation,6,0.25,False,True,False
222,105-3,44590.625,"(44, 31)",taxation,6,0.25,False,True,False
222,177-3,49473.3125,"(46, 31)",taxation,6,0.25,False,True,False
222,167-4,39150.734375,"(22, 12)",taxation,6,0.25,False,True,False
222,173-4,10851.8125,"(12, 20)",taxation,6,0.25,False,True,False
222,44-3,32513.0,"(40, 33)",taxation,6,0.25,False,True,False
222,216-3,54224.5,"(48, 33)",taxation,6,0.25,False,True,False
222,217-3,30115.375,"(41, 32)",taxation,6,0.25,False,True,False
222,138-3,51760.8125,"(18, 19)",taxation,6,0.25,False,True,False
222,75-4,35485.0625,"(10, 19)",taxation,6,0.25,False,True,False
222,74-4,43326.0,"(2, 29)",taxation,6,0.25,False,True,False
222,191-3,56612.5625,"(25, 10)",taxation,6,0.25,False,True,False
222,240-4,13191.3125,"(0, 28)",taxation,6,0.25,False,True,False
222,20-3,46998.75,"(36, 15)",taxation,6,0.25,False,True,False
222,159-3,39772.375,"(46, 28)",taxation,6,0.25,False,True,False
222,158-4,36117.0625,"(14, 17)",taxation,6,0.25,False,True,False
222,66-3,54234.8125,"(38, 36)",taxation,6,0.25,False,True,False
222,170-4,34368.734375,"(48, 29)",taxation,6,0.25,False,True,False
222,146-4,15644.3125,"(48, 28)",taxation,6,0.25,False,True,False
222,208-4,39750.703125,"(15, 7)",taxation,6,0.25,False,True,False
222,219-4,43353.3125,"(45, 23)",taxation,6,0.25,False,True,False
222,140-4,1124.0625,"(0, 31)",taxation,6,0.25,False,True,False
222,210-3,59019.5625,"(4, 40)",taxation,6,0.25,False,True,False
222,198-4,35525.71875,"(24, 7)",taxation,6,0.25,False,True,False
222,246-4,37339.3125,"(4, 35)",taxation,6,0.25,False,True,False
222,187-4,20429.1875,"(21, 10)",taxation,6,0.25,False,True,False
222,179-4,32540.53125,"(20, 11)",taxation,6,0.25,False,True,False
222,23-4,40341.5,"(48, 32)",taxation,6,0.25,False,True,False
222,31-4,44537.46875,"(1, 37)",taxation,6,0.25,False,True,False
222,150-3,42136.4375,"(45, 32)",taxation,6,0.25,False,True,False
222,12-3,46960.8125,"(28, 9)",taxation,6,0.25,False,True,False
222,98-4,20476.0625,"(37, 28)",taxation,6,0.25,False,True,False
222,126-3,49383.0625,"(36, 31)",taxation,6,0.25,False,True,False
222,176-4,1142.1875,"(4, 27)",taxation,6,0.25,False,True,False
222,28-4,34306.203125,"(35, 26)",taxation,6,0.25,False,True,False
222,154-4,18011.3125,"(49, 33)",taxation,6,0.25,False,True,False
222,40-4,40918.3125,"(24, 25)",taxation,6,0.25,False,True,False
222,1-4,28889.140625,"(3, 42)",taxation,6,0.25,False,True,False
222,76-4,37321.921875000015,"(16, 21)",taxation,6,0.25,False,True,False
222,67-3,37357.5625,"(45, 29)",taxation,6,0.25,False,True,False
222,182-4,39091.890625,"(28, 20)",taxation,6,0.25,False,True,False
222,241-4,35481.21875,"(19, 7)",taxation,6,0.25,False,True,False
222,149-4,33723.5625,"(19, 18)",taxation,6,0.25,False,True,False
222,17-4,40949.03125,"(3, 28)",taxation,6,0.25,False,True,False
222,0-4,26460.828125,"(21, 15)",taxation,6,0.25,False,True,False
222,22-4,42727.8125,"(24, 10)",taxation,6,0.25,False,True,False
222,10-4,39118.390625,"(16, 3)",taxation,6,0.25,False,True,False
222,242-4,17422.953125,"(27, 48)",taxation,6,0.25,False,True,False
222,142-4,24610.859375,"(17, 5)",taxation,6,0.25,False,True,False
222,189-4,33755.84375,"(45, 33)",taxation,6,0.25,False,True,False
222,63-4,35464.171875,"(48, 30)",taxation,6,0.25,False,True,False
222,165-4,44470.1875,"(43, 34)",taxation,6,0.25,False,True,False
222,94-4,13180.125,"(32, 29)",taxation,6,0.25,False,True,False
222,206-4,37877.328125,"(28, 21)",taxation,6,0.25,False,True,False
222,172-4,40857.484375,"(23, 29)",taxation,6,0.25,False,True,False
222,144-4,37330.90625,"(49, 32)",taxation,6,0.25,False,True,False
222,111-4,40878.515625,"(46, 29)",taxation,6,0.25,False,True,False
222,83-4,40884.671875,"(16, 13)",taxation,6,0.25,False,True,False
222,249-4,39116.5625,"(25, 25)",taxation,6,0.25,False,True,False
222,51-4,39090.40625,"(19, 10)",taxation,6,0.25,False,True,False
222,180-4,37298.265625,"(13, 11)",taxation,6,0.25,False,True,False
222,148-4,30013.953125,"(1, 33)",taxation,6,0.25,False,True,False
222,16-4,42705.34375,"(39, 33)",taxation,6,0.25,False,True,False
222,134-4,37282.25,"(35, 23)",taxation,6,0.25,False,True,False
222,73-4,39080.265625,"(42, 31)",taxation,6,0.25,False,True,False
222,54-4,37280.140625,"(30, 23)",taxation,6,0.25,False,True,False
222,38-4,39074.59375,"(29, 20)",taxation,6,0.25,False,True,False
222,6-4,42709.625,"(35, 24)",taxation,6,0.25,False,True,False
222,156-4,28178.96875,"(31, 28)",taxation,6,0.25,False,True,False
222,95-4,42712.65625,"(49, 22)",taxation,6,0.25,False,True,False
222,42-4,28292.21875,"(2, 37)",taxation,6,0.25,False,True,False
222,168-4,40879.15625,"(6, 33)",taxation,6,0.25,False,True,False
222,183-4,26427.796875,"(34, 28)",taxation,6,0.25,False,True,False
222,53-4,24596.765625,"(25, 16)",taxation,6,0.25,False,True,False
222,106-4,35475.859375,"(34, 23)",taxation,6,0.25,False,True,False
222,133-4,33670.1875,"(16, 8)",taxation,6,0.25,False,True,False
222,25-4,33637.6875,"(1, 31)",taxation,6,0.25,False,True,False
222,56-4,37291.171875,"(3, 29)",taxation,6,0.25,False,True,False
222,234-4,39024.34375,"(35, 28)",taxation,6,0.25,False,True,False
222,71-4,40891.203125,"(14, 7)",taxation,6,0.25,False,True,False
222,162-4,39038.15625,"(4, 31)",taxation,6,0.25,False,True,False
222,45-4,39050.109375,"(41, 34)",taxation,6,0.25,False,True,False
222,212-4,39104.609375,"(19, 9)",taxation,6,0.25,False,True,False
222,110-4,42660.3125,"(43, 36)",taxation,6,0.25,False,True,False
222,225-4,39058.421875,"(18, 24)",taxation,6,0.25,False,True,False
222,231-4,24571.109375,"(25, 26)",taxation,6,0.25,False,True,False
222,137-4,33634.53125,"(44, 30)",taxation,6,0.25,False,True,False
222,4-4,28220.515625,"(29, 21)",taxation,6,0.25,False,True,False
222,169-4,30006.4375,"(10, 31)",taxation,6,0.25,False,True,False
222,125-4,40810.125,"(1, 36)",taxation,6,0.25,False,True,False
222,122-4,31821.515625,"(4, 28)",taxation,6,0.25,False,True,False
222,226-4,37238.796875,"(15, 8)",taxation,6,0.25,False,True,False
222,5-4,17332.21875,"(44, 33)",taxation,6,0.25,False,True,False
222,209-4,42661.46875,"(2, 38)",taxation,6,0.25,False,True,False
222,205-4,19183.359375,"(45, 31)",taxation,6,0.25,False,True,False
222,130-4,40810.34375,"(34, 22)",taxation,6,0.25,False,True,False
222,91-4,40903.796875,"(17, 12)",taxation,6,0.25,False,True,False
222,214-4,24569.4375,"(18, 23)",taxation,6,0.25,False,True,False
222,196-4,26329.25,"(5, 39)",taxation,6,0.25,False,True,False
222,21-4,35417.015625,"(27, 16)",taxation,6,0.25,False,True,False
222,141-4,30017.53125,"(37, 12)",taxation,6,0.25,False,True,False
222,193-4,33602.84375,"(16, 9)",taxation,6,0.25,False,True,False
222,68-4,31790.984375,"(4, 41)",taxation,6,0.25,False,True,False
222,161-4,31785.875,"(21, 12)",taxation,6,0.25,False,True,False
222,147-4,37227.921875,"(33, 25)",taxation,6,0.25,False,True,False
222,175-4,31749.78125,"(4, 47)",taxation,6,0.25,False,True,False
222,55-4,40844.453125,"(20, 13)",taxation,6,0.25,False,True,False
222,50-4,42620.59375,"(6, 34)",taxation,6,0.25,False,True,False
222,113-4,39000.296875,"(44, 36)",taxation,6,0.25,False,True,False
222,201-4,26360.203125,"(10, 29)",taxation,6,0.25,False,True,False
222,102-4,26336.59375,"(16, 23)",taxation,6,0.25,False,True,False
222,112-4,40807.46875,"(2, 36)",taxation,6,0.25,False,True,False
222,41-4,40830.5,"(23, 14)",taxation,6,0.25,False,True,False
222,78-4,35420.515625,"(26, 26)",taxation,6,0.25,False,True,False
222,203-4,44446.765625,"(47, 31)",taxation,6,0.25,False,True,False
222,247-4,33620.5625,"(49, 28)",taxation,6,0.25,False,True,False
222,32-4,40820.359375,"(46, 30)",taxation,6,0.25,False,True,False
222,115-4,40793.484375,"(27, 33)",taxation,6,0.25,False,True,False
222,33-4,29956.703125,"(38, 29)",taxation,6,0.25,False,True,False
222,202-4,42622.375,"(43, 35)",taxation,6,0.25,False,True,False
222,155-4,39006.828125,"(34, 29)",taxation,6,0.25,False,True,False
222,207-4,29977.109375,"(37, 27)",taxation,6,0.25,False,True,False
222,145-4,38999.75,"(37, 17)",taxation,6,0.25,False,True,False
222,132-4,40821.484375,"(38, 17)",taxation,6,0.25,False,True,False
222,166-4,35337.578125,"(17, 18)",taxation,6,0.25,False,True,False
222,100-4,37213.671875,"(36, 32)",taxation,6,0.25,False,True,False
222,116-4,40817.84375,"(49, 27)",taxation,6,0.25,False,True,False
222,19-4,39003.75,"(19, 8)",taxation,6,0.25,False,True,False
222,233-4,35343.828125,"(15, 22)",taxation,6,0.25,False,True,False
222,64-4,37152.5,"(47, 34)",taxation,6,0.25,False,True,False
222,186-4,35406.640625,"(26, 14)",taxation,6,0.25,False,True,False
222,103-4,37180.40625,"(1, 34)",taxation,6,0.25,False,True,False
222,163-4,44403.125,"(47, 33)",taxation,6,0.25,False,True,False
222,221-4,35334.21875,"(30, 3)",taxation,6,0.25,False,True,False
222,86-4,37191.875,"(26, 17)",taxation,6,0.25,False,True,False
222,57-4,33565.765625,"(3, 27)",taxation,6,0.25,False,True,False
222,164-4,39016.828125,"(9, 33)",taxation,6,0.25,False,True,False
222,92-4,40773.1875,"(36, 7)",taxation,6,0.25,False,True,False
222,174-4,40796.84375,"(3, 39)",taxation,6,0.25,False,True,False
222,89-4,38975.296875,"(49, 31)",taxation,6,0.25,False,True,False
222,188-4,37175.34375,"(32, 10)",taxation,6,0.25,False,True,False
222,11-4,29942.890625,"(37, 33)",taxation,6,0.25,False,True,False
222,2-4,37211.859375,"(12, 11)",taxation,6,0.25,False,True,False
222,90-4,33543.90625,"(17, 9)",taxation,6,0.25,False,True,False
222,120-4,42607.875,"(2, 32)",taxation,6,0.25,False,True,False
222,48-4,38929.125,"(16, 19)",taxation,6,0.25,False,True,False
222,69-4,40751.90625,"(43, 20)",taxation,6,0.25,False,True,False
222,97-4,29903.484375,"(41, 33)",taxation,6,0.25,False,True,False
222,13-4,35358.515625,"(9, 29)",taxation,6,0.25,False,True,False
222,58-4,38930.90625,"(31, 9)",taxation,6,0.25,False,True,False
222,52-4,28116.328125,"(39, 22)",taxation,6,0.25,False,True,False
222,117-4,33520.21875,"(33, 26)",taxation,6,0.25,False,True,False
222,27-4,33519.546875,"(8, 31)",taxation,6,0.25,False,True,False
222,121-4,37173.0,"(18, 21)",taxation,6,0.25,False,True,False
222,107-4,40758.65625,"(0, 29)",taxation,6,0.25,False,True,False
222,85-4,33544.3125,"(14, 43)",taxation,6,0.25,False,True,False
222,237-4,29917.484375,"(46, 34)",taxation,6,0.25,False,True,False
222,18-4,42588.234375,"(39, 28)",taxation,6,0.25,False,True,False
222,96-4,42598.28125,"(33, 27)",taxation,6,0.25,False,True,False
222,160-4,33536.3125,"(18, 14)",taxation,6,0.25,False,True,False
222,37-4,38968.046875,"(23, 21)",taxation,6,0.25,False,True,False
222,30-4,42594.703125,"(42, 33)",taxation,6,0.25,False,True,False
222,235-4,37126.953125,"(3, 41)",taxation,6,0.25,False,True,False
222,80-4,40765.46875,"(48, 31)",taxation,6,0.25,False,True,False
222,14-4,10022.90625,"(5, 29)",taxation,6,0.25,False,True,False
222,104-4,35369.84375,"(16, 18)",taxation,6,0.25,False,True,False
222,184-4,37103.203125,"(17, 14)",taxation,6,0.25,False,True,False
222,229-4,40788.765625,"(15, 9)",taxation,6,0.25,False,True,False
222,136-4,29856.28125,"(2, 40)",taxation,6,0.25,False,True,False
222,232-4,22613.765625,"(33, 24)",taxation,6,0.25,False,True,False
222,7-4,28111.03125,"(49, 29)",taxation,6,0.25,False,True,False
222,248-4,37118.890625,"(3, 34)",taxation,6,0.25,False,True,False
222,61-4,44375.640625,"(15, 18)",taxation,6,0.25,False,True,False
222,88-4,37149.25,"(15, 17)",taxation,6,0.25,False,True,False
222,72-4,42553.40625,"(42, 34)",taxation,6,0.25,False,True,False
222,62-4,37125.59375,"(16, 22)",taxation,6,0.25,False,True,False
222,194-4,33499.96875,"(0, 34)",taxation,6,0.25,False,True,False
222,236-4,37134.203125,"(45, 35)",taxation,6,0.25,False,True,False
222,124-4,35279.140625,"(42, 36)",taxation,6,0.25,False,True,False
222,36-4,28071.578125,"(0, 30)",taxation,6,0.25,False,True,False
222,215-4,40758.96875,"(35, 25)",taxation,6,0.25,False,True,False
222,152-4,38920.640625,"(13, 18)",taxation,6,0.25,False,True,False
222,82-4,38934.09375,"(7, 31)",taxation,6,0.25,False,True,False
222,127-4,38931.125,"(6, 30)",taxation,6,0.25,False,True,False
222,47-4,26227.734375,"(3, 35)",taxation,6,0.25,False,True,False
222,223-4,26259.125,"(5, 34)",taxation,6,0.25,False,True,False
222,108-4,20852.515625,"(46, 24)",taxation,6,0.25,False,True,False
222,65-4,42524.203125,"(28, 10)",taxation,6,0.25,False,True,False
222,109-4,37112.40625,"(35, 0)",taxation,6,0.25,False,True,False
222,26-4,29879.171875,"(2, 31)",taxation,6,0.25,False,True,False
222,59-4,33517.953125,"(32, 28)",taxation,6,0.25,False,True,False
222,99-4,35270.953125,"(26, 25)",taxation,6,0.25,False,True,False
222,84-4,37125.46875,"(20, 16)",taxation,6,0.25,False,True,False
222,128-4,40743.6875,"(37, 23)",taxation,6,0.25,False,True,False
222,8-4,37110.1875,"(12, 19)",taxation,6,0.25,False,True,False
222,77-4,31668.34375,"(11, 43)",taxation,6,0.25,False,True,False
222,157-4,35279.890625,"(12, 21)",taxation,6,0.25,False,True,False
222,123-4,42497.171875,"(1, 35)",taxation,6,0.25,False,True,False
222,195-4,17185.453125,"(7, 44)",taxation,6,0.25,False,True,False
222,87-4,37079.96875,"(29, 22)",taxation,6,0.25,False,True,False
222,119-4,37104.8125,"(49, 30)",taxation,6,0.25,False,True,False
222,199-4,42520.1875,"(14, 12)",taxation,6,0.25,False,True,False
222,129-4,35301.375,"(0, 32)",taxation,6,0.25,False,True,False
222,43-4,37109.109375,"(43, 32)",taxation,6,0.25,False,True,False
222,190-4,37059.796875,"(2, 35)",taxation,6,0.25,False,True,False
222,46-4,26235.375,"(22, 15)",taxation,6,0.25,False,True,False
222,15-4,33472.546875,"(0, 33)",taxation,6,0.25,False,True,False
223,79-3,47065.1875,"(21, 16)",taxation,6,0.25,False,True,False
223,220-3,54306.25,"(23, 8)",taxation,6,0.25,False,True,False
223,224-3,42206.3125,"(41, 24)",taxation,6,0.25,False,True,False
223,135-3,49438.0625,"(4, 34)",taxation,6,0.25,False,True,False
223,227-3,54276.375,"(4, 43)",taxation,6,0.25,False,True,False
223,178-3,54247.1875,"(4, 44)",taxation,6,0.25,False,True,False
223,114-3,56693.3125,"(37, 34)",taxation,6,0.25,False,True,False
223,118-3,54220.625,"(38, 19)",taxation,6,0.25,False,True,False
223,244-3,56677.875,"(23, 6)",taxation,6,0.25,False,True,False
223,34-3,44595.5,"(32, 20)",taxation,6,0.25,False,True,False
223,60-3,51828.4375,"(16, 24)",taxation,6,0.25,False,True,False
223,218-3,56683.125,"(37, 24)",taxation,6,0.25,False,True,False
223,49-3,47057.875,"(19, 15)",taxation,6,0.25,False,True,False
223,185-3,49504.125,"(48, 35)",taxation,6,0.25,False,True,False
223,228-4,29530.9375,"(39, 34)",taxation,6,0.25,False,True,False
223,24-3,39836.125,"(45, 24)",taxation,6,0.25,False,True,False
223,9-3,42234.9375,"(41, 30)",taxation,6,0.25,False,True,False
223,39-3,34934.625,"(0, 43)",taxation,6,0.25,False,True,False
223,151-3,39765.1875,"(43, 19)",taxation,6,0.25,False,True,False
223,29-3,49477.9375,"(16, 10)",taxation,6,0.25,False,True,False
223,230-3,39797.0,"(40, 35)",taxation,6,0.25,False,True,False
223,131-3,49441.75,"(0, 40)",taxation,6,0.25,False,True,False
223,81-3,47053.6875,"(24, 11)",taxation,6,0.25,False,True,False
223,222-3,49416.125,"(18, 1)",taxation,6,0.25,False,True,False
223,171-3,49414.375,"(49, 24)",taxation,6,0.25,False,True,False
223,200-3,47042.5,"(26, 20)",taxation,6,0.25,False,True,False
223,238-3,49415.5,"(39, 35)",taxation,6,0.25,False,True,False
223,153-3,25317.25,"(16, 11)",taxation,6,0.25,False,True,False
223,197-3,39774.1875,"(5, 36)",taxation,6,0.25,False,True,False
223,139-4,44614.765625,"(28, 13)",taxation,6,0.25,False,True,False
223,204-3,54230.375,"(41, 29)",taxation,6,0.25,False,True,False
223,211-3,32516.8125,"(17, 11)",taxation,6,0.25,False,True,False
223,93-3,22884.0,"(20, 19)",taxation,6,0.25,False,True,False
223,101-3,49468.5625,"(32, 24)",taxation,6,0.25,False,True,False
223,213-3,49428.625,"(2, 43)",taxation,6,0.25,False,True,False
223,70-3,51818.0,"(0, 41)",taxation,6,0.25,False,True,False
223,239-3,49450.625,"(18, 15)",taxation,6,0.25,False,True,False
223,243-3,46993.125,"(7, 27)",taxation,6,0.25,False,True,False
223,192-3,44608.25,"(7, 41)",taxation,6,0.25,False,True,False
223,143-3,49430.3125,"(30, 29)",taxation,6,0.25,False,True,False
223,35-3,49430.875,"(30, 26)",taxation,6,0.25,False,True,False
223,3-3,30064.6875,"(1, 42)",taxation,6,0.25,False,True,False
223,181-3,49402.937500000015,"(30, 24)",taxation,6,0.25,False,True,False
223,105-3,44592.625,"(40, 28)",taxation,6,0.25,False,True,False
223,177-3,49475.3125,"(41, 28)",taxation,6,0.25,False,True,False
223,167-4,39159.734375,"(22, 13)",taxation,6,0.25,False,True,False
223,173-4,10859.8125,"(13, 16)",taxation,6,0.25,False,True,False
223,44-3,32519.0,"(34, 37)",taxation,6,0.25,False,True,False
223,216-3,54233.5,"(46, 33)",taxation,6,0.25,False,True,False
223,217-3,30124.375,"(43, 33)",taxation,6,0.25,False,True,False
223,138-3,51769.8125,"(21, 19)",taxation,6,0.25,False,True,False
223,75-4,35492.0625,"(13, 19)",taxation,6,0.25,False,True,False
223,74-4,43334.0,"(0, 35)",taxation,6,0.25,False,True,False
223,191-3,56622.5625,"(19, 12)",taxation,6,0.25,False,True,False
223,240-4,13198.3125,"(2, 30)",taxation,6,0.25,False,True,False
223,20-3,47006.75,"(32, 19)",taxation,6,0.25,False,True,False
223,159-3,39775.375,"(46, 22)",taxation,6,0.25,False,True,False
223,158-4,36126.0625,"(19, 16)",taxation,6,0.25,False,True,False
223,66-3,54241.8125,"(32, 35)",taxation,6,0.25,False,True,False
223,170-4,34370.734375,"(48, 25)",taxation,6,0.25,False,True,False
223,146-4,15647.3125,"(47, 22)",taxation,6,0.25,False,True,False
223,208-4,39759.703125,"(18, 3)",taxation,6,0.25,False,True,False
223,219-4,43359.3125,"(42, 21)",taxation,6,0.25,False,True,False
223,140-4,1129.0625,"(2, 25)",taxation,6,0.25,False,True,False
223,210-3,59027.5625,"(3, 40)",taxation,6,0.25,False,True,False
223,198-4,35534.71875,"(22, 7)",taxation,6,0.25,False,True,False
223,246-4,37345.3125,"(9, 36)",taxation,6,0.25,False,True,False
223,187-4,20438.1875,"(22, 5)",taxation,6,0.25,False,True,False
223,179-4,32550.53125,"(18, 10)",taxation,6,0.25,False,True,False
223,23-4,40352.5,"(48, 34)",taxation,6,0.25,False,True,False
223,31-4,44545.46875,"(1, 38)",taxation,6,0.25,False,True,False
223,150-3,42138.4375,"(43, 30)",taxation,6,0.25,False,True,False
223,12-3,46969.8125,"(24, 13)",taxation,6,0.25,False,True,False
223,98-4,20484.0625,"(32, 27)",taxation,6,0.25,False,True,False
223,126-3,49392.0625,"(39, 37)",taxation,6,0.25,False,True,False
223,176-4,1150.1875,"(3, 33)",taxation,6,0.25,False,True,False
223,28-4,34314.203125,"(31, 22)",taxation,6,0.25,False,True,False
223,154-4,18019.3125,"(45, 36)",taxation,6,0.25,False,True,False
223,40-4,40927.3125,"(24, 22)",taxation,6,0.25,False,True,False
223,1-4,28897.140625,"(2, 44)",taxation,6,0.25,False,True,False
223,76-4,37330.921875000015,"(20, 21)",taxation,6,0.25,False,True,False
223,67-3,37359.5625,"(45, 25)",taxation,6,0.25,False,True,False
223,182-4,39100.890625,"(23, 20)",taxation,6,0.25,False,True,False
223,241-4,35490.21875,"(20, 8)",taxation,6,0.25,False,True,False
223,149-4,33733.5625,"(19, 17)",taxation,6,0.25,False,True,False
223,17-4,40956.03125,"(4, 30)",taxation,6,0.25,False,True,False
223,0-4,26469.828125,"(22, 16)",taxation,6,0.25,False,True,False
223,22-4,42736.8125,"(22, 9)",taxation,6,0.25,False,True,False
223,10-4,39127.390625,"(16, 1)",taxation,6,0.25,False,True,False
223,242-4,17426.953125,"(26, 48)",taxation,6,0.25,False,True,False
223,142-4,24620.859375,"(16, 4)",taxation,6,0.25,False,True,False
223,189-4,33762.84375,"(39, 32)",taxation,6,0.25,False,True,False
223,63-4,35466.171875,"(43, 25)",taxation,6,0.25,False,True,False
223,165-4,44474.1875,"(38, 35)",taxation,6,0.25,False,True,False
223,94-4,13188.125,"(31, 30)",taxation,6,0.25,False,True,False
223,206-4,37886.328125,"(25, 20)",taxation,6,0.25,False,True,False
223,172-4,40866.484375,"(20, 23)",taxation,6,0.25,False,True,False
223,144-4,37331.90625,"(47, 28)",taxation,6,0.25,False,True,False
223,111-4,40887.515625,"(46, 35)",taxation,6,0.25,False,True,False
223,83-4,40894.671875,"(18, 12)",taxation,6,0.25,False,True,False
223,249-4,39125.5625,"(22, 21)",taxation,6,0.25,False,True,False
223,51-4,39100.40625,"(17, 4)",taxation,6,0.25,False,True,False
223,180-4,37308.265625,"(15, 5)",taxation,6,0.25,False,True,False
223,148-4,30022.953125,"(0, 37)",taxation,6,0.25,False,True,False
223,16-4,42713.34375,"(34, 35)",taxation,6,0.25,False,True,False
223,134-4,37290.25,"(32, 23)",taxation,6,0.25,False,True,False
223,73-4,39086.265625,"(36, 26)",taxation,6,0.25,False,True,False
223,54-4,37289.140625,"(27, 21)",taxation,6,0.25,False,True,False
223,38-4,39083.59375,"(25, 17)",taxation,6,0.25,False,True,False
223,6-4,42717.625,"(32, 22)",taxation,6,0.25,False,True,False
223,156-4,28187.96875,"(25, 23)",taxation,6,0.25,False,True,False
223,95-4,42718.65625,"(46, 16)",taxation,6,0.25,False,True,False
223,42-4,28300.21875,"(4, 39)",taxation,6,0.25,False,True,False
223,168-4,40887.15625,"(7, 39)",taxation,6,0.25,False,True,False
223,183-4,26435.796875,"(31, 26)",taxation,6,0.25,False,True,False
223,53-4,24605.765625,"(23, 17)",taxation,6,0.25,False,True,False
223,106-4,35483.859375,"(33, 23)",taxation,6,0.25,False,True,False
223,133-4,33680.1875,"(16, 5)",taxation,6,0.25,False,True,False
223,25-4,33645.6875,"(2, 34)",taxation,6,0.25,False,True,False
223,56-4,37298.171875,"(5, 30)",taxation,6,0.25,False,True,False
223,234-4,39033.34375,"(31, 27)",taxation,6,0.25,False,True,False
223,71-4,40901.203125,"(15, 6)",taxation,6,0.25,False,True,False
223,162-4,39046.15625,"(9, 37)",taxation,6,0.25,False,True,False
223,45-4,39055.109375,"(35, 40)",taxation,6,0.25,False,True,False
223,212-4,39114.609375,"(17, 7)",taxation,6,0.25,False,True,False
223,110-4,42669.3125,"(44, 35)",taxation,6,0.25,False,True,False
223,225-4,39067.421875,"(19, 25)",taxation,6,0.25,False,True,False
223,231-4,24580.109375,"(24, 24)",taxation,6,0.25,False,True,False
223,137-4,33637.53125,"(38, 28)",taxation,6,0.25,False,True,False
223,4-4,28229.515625,"(25, 19)",taxation,6,0.25,False,True,False
223,169-4,30014.4375,"(12, 31)",taxation,6,0.25,False,True,False
223,125-4,40818.125,"(0, 38)",taxation,6,0.25,False,True,False
223,122-4,31828.515625,"(10, 27)",taxation,6,0.25,False,True,False
223,226-4,37248.796875,"(16, 2)",taxation,6,0.25,False,True,False
223,5-4,17339.21875,"(38, 32)",taxation,6,0.25,False,True,False
223,209-4,42669.46875,"(2, 39)",taxation,6,0.25,False,True,False
223,205-4,19185.359375,"(42, 32)",taxation,6,0.25,False,True,False
223,130-4,40818.34375,"(33, 21)",taxation,6,0.25,False,True,False
223,91-4,40913.796875,"(16, 6)",taxation,6,0.25,False,True,False
223,214-4,24578.4375,"(19, 23)",taxation,6,0.25,False,True,False
223,196-4,26338.25,"(1, 41)",taxation,6,0.25,False,True,False
223,21-4,35426.015625,"(23, 16)",taxation,6,0.25,False,True,False
223,141-4,30025.53125,"(31, 18)",taxation,6,0.25,False,True,False
223,193-4,33612.84375,"(18, 9)",taxation,6,0.25,False,True,False
223,68-4,31798.984375,"(3, 43)",taxation,6,0.25,False,True,False
223,161-4,31794.875,"(22, 14)",taxation,6,0.25,False,True,False
223,147-4,37235.921875,"(31, 25)",taxation,6,0.25,False,True,False
223,175-4,31757.78125,"(4, 48)",taxation,6,0.25,False,True,False
223,55-4,40854.453125,"(16, 7)",taxation,6,0.25,False,True,False
223,50-4,42627.59375,"(9, 39)",taxation,6,0.25,False,True,False
223,113-4,39007.296875,"(38, 31)",taxation,6,0.25,False,True,False
223,201-4,26368.203125,"(16, 25)",taxation,6,0.25,False,True,False
223,102-4,26346.59375,"(17, 17)",taxation,6,0.25,False,True,False
223,112-4,40814.46875,"(6, 40)",taxation,6,0.25,False,True,False
223,41-4,40839.5,"(23, 15)",taxation,6,0.25,False,True,False
223,78-4,35429.515625,"(24, 23)",taxation,6,0.25,False,True,False
223,203-4,44448.765625,"(47, 25)",taxation,6,0.25,False,True,False
223,247-4,33628.5625,"(44, 32)",taxation,6,0.25,False,True,False
223,32-4,40822.359375,"(46, 25)",taxation,6,0.25,False,True,False
223,115-4,40801.484375,"(30, 31)",taxation,6,0.25,False,True,False
223,33-4,29964.703125,"(33, 29)",taxation,6,0.25,False,True,False
223,202-4,42625.375,"(37, 38)",taxation,6,0.25,False,True,False
223,155-4,39014.828125,"(30, 30)",taxation,6,0.25,False,True,False
223,207-4,29985.109375,"(35, 27)",taxation,6,0.25,False,True,False
223,145-4,39007.75,"(31, 19)",taxation,6,0.25,False,True,False
223,132-4,40829.484375,"(32, 21)",taxation,6,0.25,False,True,False
223,166-4,35346.578125,"(20, 18)",taxation,6,0.25,False,True,False
223,100-4,37221.671875,"(33, 32)",taxation,6,0.25,False,True,False
223,116-4,40820.84375,"(48, 22)",taxation,6,0.25,False,True,False
223,19-4,39013.75,"(17, 6)",taxation,6,0.25,False,True,False
223,233-4,35353.828125,"(16, 17)",taxation,6,0.25,False,True,False
223,64-4,37161.5,"(47, 35)",taxation,6,0.25,False,True,False
223,186-4,35415.640625,"(24, 14)",taxation,6,0.25,False,True,False
223,103-4,37189.40625,"(0, 36)",taxation,6,0.25,False,True,False
223,163-4,44404.125,"(43, 31)",taxation,6,0.25,False,True,False
223,221-4,35343.21875,"(24, 2)",taxation,6,0.25,False,True,False
223,86-4,37200.875,"(24, 17)",taxation,6,0.25,False,True,False
223,57-4,33572.765625,"(6, 26)",taxation,6,0.25,False,True,False
223,164-4,39024.828125,"(10, 34)",taxation,6,0.25,False,True,False
223,92-4,40780.1875,"(31, 10)",taxation,6,0.25,False,True,False
223,174-4,40805.84375,"(1, 39)",taxation,6,0.25,False,True,False
223,89-4,38977.296875,"(44, 25)",taxation,6,0.25,False,True,False
223,188-4,37183.34375,"(27, 10)",taxation,6,0.25,False,True,False
223,11-4,29950.890625,"(31, 31)",taxation,6,0.25,False,True,False
223,2-4,37216.859375,"(11, 17)",taxation,6,0.25,False,True,False
223,90-4,33552.90625,"(19, 4)",taxation,6,0.25,False,True,False
223,120-4,42614.875,"(3, 37)",taxation,6,0.25,False,True,False
223,48-4,38938.125,"(20, 20)",taxation,6,0.25,False,True,False
223,69-4,40758.90625,"(37, 19)",taxation,6,0.25,False,True,False
223,97-4,29909.484375,"(35, 39)",taxation,6,0.25,False,True,False
223,13-4,35366.515625,"(13, 31)",taxation,6,0.25,False,True,False
223,58-4,38938.90625,"(27, 9)",taxation,6,0.25,False,True,False
223,52-4,28124.328125,"(33, 22)",taxation,6,0.25,False,True,False
223,117-4,33528.21875,"(32, 25)",taxation,6,0.25,False,True,False
223,27-4,33527.546875,"(12, 32)",taxation,6,0.25,False,True,False
223,121-4,37182.0,"(20, 22)",taxation,6,0.25,False,True,False
223,107-4,40764.65625,"(6, 24)",taxation,6,0.25,False,True,False
223,85-4,33552.3125,"(9, 38)",taxation,6,0.25,False,True,False
223,237-4,29920.484375,"(42, 30)",taxation,6,0.25,False,True,False
223,18-4,42595.234375,"(36, 24)",taxation,6,0.25,False,True,False
223,96-4,42606.28125,"(30, 27)",taxation,6,0.25,False,True,False
223,160-4,33545.3125,"(22, 17)",taxation,6,0.25,False,True,False
223,37-4,38977.046875,"(24, 21)",taxation,6,0.25,False,True,False
223,30-4,42600.703125,"(36, 39)",taxation,6,0.25,False,True,False
223,235-4,37134.953125,"(3, 44)",taxation,6,0.25,False,True,False
223,80-4,40767.46875,"(48, 26)",taxation,6,0.25,False,True,False
223,14-4,10029.90625,"(11, 31)",taxation,6,0.25,False,True,False
223,104-4,35379.84375,"(18, 17)",taxation,6,0.25,False,True,False
223,184-4,37112.203125,"(20, 17)",taxation,6,0.25,False,True,False
223,229-4,40797.765625,"(20, 9)",taxation,6,0.25,False,True,False
223,136-4,29864.28125,"(0, 42)",taxation,6,0.25,False,True,False
223,232-4,22621.765625,"(31, 23)",taxation,6,0.25,False,True,False
223,7-4,28121.03125,"(49, 34)",taxation,6,0.25,False,True,False
223,248-4,37125.890625,"(8, 37)",taxation,6,0.25,False,True,False
223,61-4,44384.640625,"(21, 18)",taxation,6,0.25,False,True,False
223,88-4,37159.25,"(18, 16)",taxation,6,0.25,False,True,False
223,72-4,42559.40625,"(37, 35)",taxation,6,0.25,False,True,False
223,62-4,37134.59375,"(19, 22)",taxation,6,0.25,False,True,False
223,194-4,33508.96875,"(0, 39)",taxation,6,0.25,False,True,False
223,236-4,37137.203125,"(40, 30)",taxation,6,0.25,False,True,False
223,124-4,35285.140625,"(36, 38)",taxation,6,0.25,False,True,False
223,36-4,28076.578125,"(1, 27)",taxation,6,0.25,False,True,False
223,215-4,40766.96875,"(31, 24)",taxation,6,0.25,False,True,False
223,152-4,38929.640625,"(17, 21)",taxation,6,0.25,False,True,False
223,82-4,38941.09375,"(8, 36)",taxation,6,0.25,False,True,False
223,127-4,38938.125,"(9, 27)",taxation,6,0.25,False,True,False
223,47-4,26235.734375,"(5, 40)",taxation,6,0.25,False,True,False
223,223-4,26267.125,"(8, 38)",taxation,6,0.25,False,True,False
223,108-4,20858.515625,"(42, 20)",taxation,6,0.25,False,True,False
223,65-4,42533.203125,"(24, 12)",taxation,6,0.25,False,True,False
223,109-4,37118.40625,"(34, 1)",taxation,6,0.25,False,True,False
223,26-4,29886.171875,"(3, 36)",taxation,6,0.25,False,True,False
223,59-4,33525.953125,"(30, 28)",taxation,6,0.25,False,True,False
223,99-4,35279.953125,"(22, 20)",taxation,6,0.25,False,True,False
223,84-4,37134.46875,"(21, 17)",taxation,6,0.25,False,True,False
223,128-4,40751.6875,"(36, 25)",taxation,6,0.25,False,True,False
223,8-4,37118.1875,"(13, 15)",taxation,6,0.25,False,True,False
223,77-4,31676.34375,"(6, 42)",taxation,6,0.25,False,True,False
223,157-4,35287.890625,"(17, 22)",taxation,6,0.25,False,True,False
223,123-4,42505.171875,"(5, 38)",taxation,6,0.25,False,True,False
223,195-4,17193.453125,"(5, 42)",taxation,6,0.25,False,True,False
223,87-4,37088.96875,"(24, 20)",taxation,6,0.25,False,True,False
223,119-4,37106.8125,"(49, 25)",taxation,6,0.25,False,True,False
223,199-4,42529.1875,"(20, 15)",taxation,6,0.25,False,True,False
223,129-4,35307.375,"(3, 30)",taxation,6,0.25,False,True,False
223,43-4,37118.109375,"(39, 36)",taxation,6,0.25,False,True,False
223,190-4,37068.796875,"(1, 40)",taxation,6,0.25,False,True,False
223,46-4,26245.375,"(19, 14)",taxation,6,0.25,False,True,False
223,15-4,33480.546875,"(4, 38)",taxation,6,0.25,False,True,False
223,245-4,40690.546875,"(32, 34)",taxation,6,0.25,False,True,False
224,79-3,47073.1875,"(26, 12)",taxation,6,0.25,False,True,False
224,220-3,54315.25,"(26, 2)",taxation,6,0.25,False,True,False
224,224-3,42214.3125,"(35, 19)",taxation,6,0.25,False,True,False
224,135-3,49445.0625,"(10, 39)",taxation,6,0.25,False,True,False
224,227-3,54284.375,"(5, 46)",taxation,6,0.25,False,True,False
224,114-3,56701.3125,"(31, 33)",taxation,6,0.25,False,True,False
224,118-3,54228.625,"(37, 18)",taxation,6,0.25,False,True,False
224,244-3,56687.875,"(23, 5)",taxation,6,0.25,False,True,False
224,34-3,44604.5,"(29, 19)",taxation,6,0.25,False,True,False
224,60-3,51837.4375,"(21, 27)",taxation,6,0.25,False,True,False
224,218-3,56691.125,"(35, 20)",taxation,6,0.25,False,True,False
224,49-3,47064.875,"(22, 11)",taxation,6,0.25,False,True,False
224,185-3,49506.125,"(43, 29)",taxation,6,0.25,False,True,False
224,228-4,29534.9375,"(35, 38)",taxation,6,0.25,False,True,False
224,24-3,39843.125,"(42, 18)",taxation,6,0.25,False,True,False
224,9-3,42237.9375,"(35, 30)",taxation,6,0.25,False,True,False
224,39-3,34943.625,"(0, 44)",taxation,6,0.25,False,True,False
224,151-3,39772.1875,"(41, 15)",taxation,6,0.25,False,True,False
224,29-3,49484.9375,"(22, 10)",taxation,6,0.25,False,True,False
224,230-3,39804.0,"(34, 38)",taxation,6,0.25,False,True,False
224,131-3,49450.75,"(0, 45)",taxation,6,0.25,False,True,False
224,81-3,47062.6875,"(26, 10)",taxation,6,0.25,False,True,False
224,222-3,49426.125,"(19, 1)",taxation,6,0.25,False,True,False
224,171-3,49419.375,"(47, 19)",taxation,6,0.25,False,True,False
224,200-3,47051.5,"(27, 22)",taxation,6,0.25,False,True,False
224,238-3,49421.5,"(33, 40)",taxation,6,0.25,False,True,False
224,153-3,25326.25,"(22, 6)",taxation,6,0.25,False,True,False
224,197-3,39782.1875,"(7, 42)",taxation,6,0.25,False,True,False
224,139-4,44624.765625,"(23, 18)",taxation,6,0.25,False,True,False
224,204-3,54234.375,"(36, 35)",taxation,6,0.25,False,True,False
224,211-3,32522.8125,"(19, 11)",taxation,6,0.25,False,True,False
224,93-3,22893.0,"(23, 25)",taxation,6,0.25,False,True,False
224,101-3,49477.5625,"(30, 22)",taxation,6,0.25,False,True,False
224,213-3,49437.625,"(2, 45)",taxation,6,0.25,False,True,False
224,70-3,51827.0,"(0, 46)",taxation,6,0.25,False,True,False
224,239-3,49460.625,"(22, 19)",taxation,6,0.25,False,True,False
224,243-3,47001.125,"(12, 29)",taxation,6,0.25,False,True,False
224,192-3,44617.25,"(4, 45)",taxation,6,0.25,False,True,False
224,143-3,49438.3125,"(29, 30)",taxation,6,0.25,False,True,False
224,35-3,49439.875,"(27, 24)",taxation,6,0.25,False,True,False
224,3-3,30072.6875,"(3, 47)",taxation,6,0.25,False,True,False
224,181-3,49411.937500000015,"(29, 25)",taxation,6,0.25,False,True,False
224,105-3,44595.625,"(40, 23)",taxation,6,0.25,False,True,False
224,177-3,49480.3125,"(36, 34)",taxation,6,0.25,False,True,False
224,167-4,39168.734375,"(26, 9)",taxation,6,0.25,False,True,False
224,173-4,10866.8125,"(13, 20)",taxation,6,0.25,False,True,False
224,44-3,32527.0,"(28, 33)",taxation,6,0.25,False,True,False
224,216-3,54235.5,"(45, 28)",taxation,6,0.25,False,True,False
224,217-3,30127.375,"(38, 33)",taxation,6,0.25,False,True,False
224,138-3,51778.8125,"(27, 20)",taxation,6,0.25,False,True,False
224,75-4,35500.0625,"(14, 20)",taxation,6,0.25,False,True,False
224,74-4,43337.0,"(6, 38)",taxation,6,0.25,False,True,False
224,191-3,56631.5625,"(23, 10)",taxation,6,0.25,False,True,False
224,240-4,13204.3125,"(6, 27)",taxation,6,0.25,False,True,False
224,20-3,47015.75,"(30, 18)",taxation,6,0.25,False,True,False
224,159-3,39782.375,"(41, 18)",taxation,6,0.25,False,True,False
224,158-4,36135.0625,"(17, 19)",taxation,6,0.25,False,True,False
224,66-3,54249.8125,"(29, 33)",taxation,6,0.25,False,True,False
224,170-4,34374.734375,"(48, 21)",taxation,6,0.25,False,True,False
224,146-4,15654.3125,"(41, 17)",taxation,6,0.25,False,True,False
224,208-4,39768.703125,"(22, 2)",taxation,6,0.25,False,True,False
224,219-4,43367.3125,"(36, 17)",taxation,6,0.25,False,True,False
224,140-4,1135.0625,"(4, 25)",taxation,6,0.25,False,True,False
224,210-3,59036.5625,"(1, 45)",taxation,6,0.25,False,True,False
224,198-4,35543.71875,"(23, 3)",taxation,6,0.25,False,True,False
224,246-4,37353.3125,"(14, 33)",taxation,6,0.25,False,True,False
224,187-4,20447.1875,"(23, 1)",taxation,6,0.25,False,True,False
224,179-4,32557.53125,"(22, 8)",taxation,6,0.25,False,True,False
224,23-4,40354.5,"(43, 28)",taxation,6,0.25,False,True,False
224,31-4,44548.46875,"(7, 37)",taxation,6,0.25,False,True,False
224,150-3,42141.4375,"(43, 24)",taxation,6,0.25,False,True,False
224,12-3,46978.8125,"(27, 13)",taxation,6,0.25,False,True,False
224,98-4,20493.0625,"(28, 27)",taxation,6,0.25,False,True,False
224,126-3,49398.0625,"(33, 41)",taxation,6,0.25,False,True,False
224,176-4,1156.1875,"(4, 37)",taxation,6,0.25,False,True,False
224,28-4,34323.203125,"(30, 20)",taxation,6,0.25,False,True,False
224,154-4,18021.3125,"(41, 36)",taxation,6,0.25,False,True,False
224,40-4,40936.3125,"(23, 22)",taxation,6,0.25,False,True,False
224,1-4,28906.140625,"(1, 48)",taxation,6,0.25,False,True,False
224,76-4,37338.921875000015,"(22, 26)",taxation,6,0.25,False,True,False
224,67-3,37363.5625,"(45, 21)",taxation,6,0.25,False,True,False
224,182-4,39109.890625,"(26, 22)",taxation,6,0.25,False,True,False
224,241-4,35500.21875,"(21, 2)",taxation,6,0.25,False,True,False
224,149-4,33742.5625,"(18, 22)",taxation,6,0.25,False,True,False
224,17-4,40963.03125,"(9, 26)",taxation,6,0.25,False,True,False
224,0-4,26478.828125,"(28, 16)",taxation,6,0.25,False,True,False
224,22-4,42746.8125,"(21, 3)",taxation,6,0.25,False,True,False
224,10-4,39137.390625,"(20, 0)",taxation,6,0.25,False,True,False
224,242-4,17431.953125,"(26, 47)",taxation,6,0.25,False,True,False
224,142-4,24630.859375,"(17, 1)",taxation,6,0.25,False,True,False
224,189-4,33766.84375,"(33, 36)",taxation,6,0.25,False,True,False
224,63-4,35473.171875,"(40, 21)",taxation,6,0.25,False,True,False
224,165-4,44480.1875,"(32, 38)",taxation,6,0.25,False,True,False
224,94-4,13197.125,"(29, 29)",taxation,6,0.25,False,True,False
224,206-4,37895.328125,"(26, 21)",taxation,6,0.25,False,True,False
224,172-4,40876.484375,"(21, 20)",taxation,6,0.25,False,True,False
224,144-4,37334.90625,"(44, 23)",taxation,6,0.25,False,True,False
224,111-4,40889.515625,"(40, 34)",taxation,6,0.25,False,True,False
224,83-4,40902.671875,"(23, 11)",taxation,6,0.25,False,True,False
224,249-4,39134.5625,"(21, 22)",taxation,6,0.25,False,True,False
224,51-4,39109.40625,"(22, 1)",taxation,6,0.25,False,True,False
224,180-4,37318.265625,"(19, 3)",taxation,6,0.25,False,True,False
224,148-4,30030.953125,"(6, 43)",taxation,6,0.25,False,True,False
224,16-4,42721.34375,"(31, 34)",taxation,6,0.25,False,True,False
224,134-4,37299.25,"(28, 23)",taxation,6,0.25,False,True,False
224,73-4,39095.265625,"(31, 20)",taxation,6,0.25,False,True,False
224,54-4,37299.140625,"(23, 19)",taxation,6,0.25,False,True,False
224,38-4,39092.59375,"(27, 18)",taxation,6,0.25,False,True,False
224,6-4,42726.625,"(28, 22)",taxation,6,0.25,False,True,False
224,156-4,28195.96875,"(23, 27)",taxation,6,0.25,False,True,False
224,95-4,42725.65625,"(44, 16)",taxation,6,0.25,False,True,False
224,42-4,28308.21875,"(6, 45)",taxation,6,0.25,False,True,False
224,168-4,40895.15625,"(8, 45)",taxation,6,0.25,False,True,False
224,183-4,26444.796875,"(28, 25)",taxation,6,0.25,False,True,False
224,53-4,24614.765625,"(27, 19)",taxation,6,0.25,False,True,False
224,106-4,35492.859375,"(30, 21)",taxation,6,0.25,False,True,False
224,133-4,33685.1875,"(19, 6)",taxation,6,0.25,False,True,False
224,25-4,33651.6875,"(8, 29)",taxation,6,0.25,False,True,False
224,56-4,37305.171875,"(7, 26)",taxation,6,0.25,False,True,False
224,234-4,39042.34375,"(28, 24)",taxation,6,0.25,False,True,False
224,71-4,40911.203125,"(18, 0)",taxation,6,0.25,False,True,False
224,162-4,39054.15625,"(15, 32)",taxation,6,0.25,False,True,False
224,45-4,39062.109375,"(29, 36)",taxation,6,0.25,False,True,False
224,212-4,39124.609375,"(23, 2)",taxation,6,0.25,False,True,False
224,110-4,42672.3125,"(38, 38)",taxation,6,0.25,False,True,False
224,225-4,39075.421875,"(18, 27)",taxation,6,0.25,False,True,False
224,231-4,24589.109375,"(25, 24)",taxation,6,0.25,False,True,False
224,137-4,33641.53125,"(44, 22)",taxation,6,0.25,False,True,False
224,4-4,28238.515625,"(26, 19)",taxation,6,0.25,False,True,False
224,169-4,30023.4375,"(17, 25)",taxation,6,0.25,False,True,False
224,125-4,40820.125,"(4, 36)",taxation,6,0.25,False,True,False
224,122-4,31836.515625,"(13, 29)",taxation,6,0.25,False,True,False
224,226-4,37257.796875,"(20, 1)",taxation,6,0.25,False,True,False
224,5-4,17346.21875,"(33, 33)",taxation,6,0.25,False,True,False
224,209-4,42672.46875,"(7, 36)",taxation,6,0.25,False,True,False
224,205-4,19190.359375,"(36, 36)",taxation,6,0.25,False,True,False
224,130-4,40827.34375,"(28, 18)",taxation,6,0.25,False,True,False
224,91-4,40923.796875,"(16, 0)",taxation,6,0.25,False,True,False
224,214-4,24586.4375,"(19, 21)",taxation,6,0.25,False,True,False
224,196-4,26347.25,"(1, 47)",taxation,6,0.25,False,True,False
224,21-4,35435.015625,"(26, 15)",taxation,6,0.25,False,True,False
224,141-4,30034.53125,"(28, 17)",taxation,6,0.25,False,True,False
224,193-4,33622.84375,"(20, 3)",taxation,6,0.25,False,True,False
224,68-4,31807.984375,"(3, 46)",taxation,6,0.25,False,True,False
224,161-4,31803.875,"(23, 9)",taxation,6,0.25,False,True,False
224,147-4,37244.921875,"(27, 25)",taxation,6,0.25,False,True,False
224,175-4,31766.78125,"(4, 49)",taxation,6,0.25,False,True,False
224,55-4,40863.453125,"(20, 2)",taxation,6,0.25,False,True,False
224,50-4,42635.59375,"(9, 45)",taxation,6,0.25,False,True,False
224,113-4,39014.296875,"(33, 37)",taxation,6,0.25,False,True,False
224,201-4,26377.203125,"(18, 25)",taxation,6,0.25,False,True,False
224,102-4,26353.59375,"(15, 19)",taxation,6,0.25,False,True,False
224,112-4,40823.46875,"(2, 46)",taxation,6,0.25,False,True,False
224,41-4,40848.5,"(28, 15)",taxation,6,0.25,False,True,False
224,78-4,35438.515625,"(26, 23)",taxation,6,0.25,False,True,False
224,203-4,44452.765625,"(45, 22)",taxation,6,0.25,False,True,False
224,247-4,33630.5625,"(41, 31)",taxation,6,0.25,False,True,False
224,32-4,40826.359375,"(46, 21)",taxation,6,0.25,False,True,False
224,115-4,40809.484375,"(29, 31)",taxation,6,0.25,False,True,False
224,33-4,29973.703125,"(28, 29)",taxation,6,0.25,False,True,False
224,202-4,42633.375,"(32, 33)",taxation,6,0.25,False,True,False
224,155-4,39023.828125,"(25, 28)",taxation,6,0.25,False,True,False
224,207-4,29993.109375,"(29, 27)",taxation,6,0.25,False,True,False
224,145-4,39016.75,"(28, 19)",taxation,6,0.25,False,True,False
224,132-4,40838.484375,"(31, 21)",taxation,6,0.25,False,True,False
224,166-4,35355.578125,"(26, 24)",taxation,6,0.25,False,True,False
224,100-4,37230.671875,"(29, 28)",taxation,6,0.25,False,True,False
224,116-4,40827.84375,"(45, 16)",taxation,6,0.25,False,True,False
224,19-4,39023.75,"(17, 0)",taxation,6,0.25,False,True,False
224,233-4,35362.828125,"(17, 23)",taxation,6,0.25,False,True,False
224,64-4,37163.5,"(41, 35)",taxation,6,0.25,False,True,False
224,186-4,35424.640625,"(27, 14)",taxation,6,0.25,False,True,False
224,103-4,37191.40625,"(2, 33)",taxation,6,0.25,False,True,False
224,163-4,44407.125,"(39, 31)",taxation,6,0.25,False,True,False
224,221-4,35353.21875,"(24, 1)",taxation,6,0.25,False,True,False
224,86-4,37209.875,"(27, 15)",taxation,6,0.25,False,True,False
224,57-4,33579.765625,"(8, 23)",taxation,6,0.25,False,True,False
224,164-4,39032.828125,"(15, 30)",taxation,6,0.25,False,True,False
224,92-4,40789.1875,"(27, 5)",taxation,6,0.25,False,True,False
224,174-4,40812.84375,"(5, 45)",taxation,6,0.25,False,True,False
224,89-4,38983.296875,"(44, 20)",taxation,6,0.25,False,True,False
224,188-4,37192.34375,"(28, 14)",taxation,6,0.25,False,True,False
224,11-4,29959.890625,"(28, 26)",taxation,6,0.25,False,True,False
224,2-4,37224.859375,"(14, 19)",taxation,6,0.25,False,True,False
224,90-4,33562.90625,"(19, 0)",taxation,6,0.25,False,True,False
224,120-4,42622.875,"(9, 42)",taxation,6,0.25,False,True,False
224,48-4,38947.125,"(21, 24)",taxation,6,0.25,False,True,False
224,69-4,40766.90625,"(36, 18)",taxation,6,0.25,False,True,False
224,97-4,29915.484375,"(32, 40)",taxation,6,0.25,False,True,False
224,13-4,35375.515625,"(17, 26)",taxation,6,0.25,False,True,False
224,58-4,38947.90625,"(27, 8)",taxation,6,0.25,False,True,False
224,52-4,28133.328125,"(30, 19)",taxation,6,0.25,False,True,False
224,117-4,33537.21875,"(29, 23)",taxation,6,0.25,False,True,False
224,27-4,33535.546875,"(14, 32)",taxation,6,0.25,False,True,False
224,121-4,37191.0,"(23, 24)",taxation,6,0.25,False,True,False
224,107-4,40771.65625,"(8, 24)",taxation,6,0.25,False,True,False
224,85-4,33560.3125,"(9, 44)",taxation,6,0.25,False,True,False
224,237-4,29922.484375,"(42, 29)",taxation,6,0.25,False,True,False
224,18-4,42603.234375,"(35, 18)",taxation,6,0.25,False,True,False
224,96-4,42615.28125,"(29, 26)",taxation,6,0.25,False,True,False
224,160-4,33554.3125,"(27, 17)",taxation,6,0.25,False,True,False
224,37-4,38986.046875,"(25, 22)",taxation,6,0.25,False,True,False
224,30-4,42608.703125,"(30, 34)",taxation,6,0.25,False,True,False
224,235-4,37143.953125,"(0, 47)",taxation,6,0.25,False,True,False
224,80-4,40773.46875,"(45, 20)",taxation,6,0.25,False,True,False
224,14-4,10037.90625,"(13, 30)",taxation,6,0.25,False,True,False
224,104-4,35388.84375,"(23, 23)",taxation,6,0.25,False,True,False
224,184-4,37120.203125,"(26, 16)",taxation,6,0.25,False,True,False
224,229-4,40806.765625,"(23, 4)",taxation,6,0.25,False,True,False
224,136-4,29872.28125,"(2, 47)",taxation,6,0.25,False,True,False
224,232-4,22630.765625,"(27, 23)",taxation,6,0.25,False,True,False
224,7-4,28123.03125,"(44, 28)",taxation,6,0.25,False,True,False
224,248-4,37133.890625,"(12, 40)",taxation,6,0.25,False,True,False
224,61-4,44393.640625,"(18, 18)",taxation,6,0.25,False,True,False
224,88-4,37169.25,"(22, 18)",taxation,6,0.25,False,True,False
224,72-4,42567.40625,"(32, 32)",taxation,6,0.25,False,True,False
224,62-4,37142.59375,"(15, 23)",taxation,6,0.25,False,True,False
224,194-4,33515.96875,"(1, 43)",taxation,6,0.25,False,True,False
224,236-4,37140.203125,"(35, 31)",taxation,6,0.25,False,True,False
224,124-4,35291.140625,"(34, 40)",taxation,6,0.25,False,True,False
224,36-4,28083.578125,"(7, 24)",taxation,6,0.25,False,True,False
224,215-4,40775.96875,"(29, 24)",taxation,6,0.25,False,True,False
224,152-4,38937.640625,"(14, 24)",taxation,6,0.25,False,True,False
224,82-4,38948.09375,"(10, 40)",taxation,6,0.25,False,True,False
224,127-4,38946.125,"(14, 25)",taxation,6,0.25,False,True,False
224,47-4,26244.734375,"(3, 45)",taxation,6,0.25,False,True,False
224,223-4,26275.125,"(9, 43)",taxation,6,0.25,False,True,False
224,108-4,20866.515625,"(36, 19)",taxation,6,0.25,False,True,False
224,65-4,42542.203125,"(27, 11)",taxation,6,0.25,False,True,False
224,109-4,37126.40625,"(28, 1)",taxation,6,0.25,False,True,False
224,26-4,29893.171875,"(8, 42)",taxation,6,0.25,False,True,False
224,59-4,33534.953125,"(27, 26)",taxation,6,0.25,False,True,False
224,99-4,35288.953125,"(21, 21)",taxation,6,0.25,False,True,False
224,84-4,37143.46875,"(26, 18)",taxation,6,0.25,False,True,False
224,128-4,40759.6875,"(30, 25)",taxation,6,0.25,False,True,False
224,8-4,37126.1875,"(14, 18)",taxation,6,0.25,False,True,False
224,77-4,31685.34375,"(4, 46)",taxation,6,0.25,False,True,False
224,157-4,35296.890625,"(21, 23)",taxation,6,0.25,False,True,False
224,123-4,42513.171875,"(8, 43)",taxation,6,0.25,False,True,False
224,195-4,17202.453125,"(2, 48)",taxation,6,0.25,False,True,False
224,87-4,37097.96875,"(25, 21)",taxation,6,0.25,False,True,False
224,119-4,37112.8125,"(45, 19)",taxation,6,0.25,False,True,False
224,199-4,42537.1875,"(25, 18)",taxation,6,0.25,False,True,False
224,129-4,35314.375,"(8, 25)",taxation,6,0.25,False,True,False
224,43-4,37124.109375,"(34, 41)",taxation,6,0.25,False,True,False
224,190-4,37077.796875,"(1, 46)",taxation,6,0.25,False,True,False
224,46-4,26253.375,"(25, 14)",taxation,6,0.25,False,True,False
224,15-4,33489.546875,"(1, 44)",taxation,6,0.25,False,True,False
224,245-4,40698.546875,"(29, 34)",taxation,6,0.25,False,True,False
224,178-4,40692.140625,"(1, 49)",taxation,6,0.25,False,True,False
225,220-3,54323.25,"(30, 2)",taxation,6,0.25,False,True,False
225,224-3,42219.3125,"(37, 16)",taxation,6,0.25,False,True,False
225,135-3,49453.0625,"(13, 41)",taxation,6,0.25,False,True,False
225,227-3,54292.375,"(10, 49)",taxation,6,0.25,False,True,False
225,118-3,54237.625,"(34, 14)",taxation,6,0.25,False,True,False
225,244-3,56697.875,"(26, 1)",taxation,6,0.25,False,True,False
225,34-3,44609.5,"(35, 14)",taxation,6,0.25,False,True,False
225,60-3,51845.4375,"(20, 31)",taxation,6,0.25,False,True,False
225,218-3,56699.125,"(30, 14)",taxation,6,0.25,False,True,False
225,49-3,47073.875,"(28, 7)",taxation,6,0.25,False,True,False
225,185-3,49510.125,"(43, 23)",taxation,6,0.25,False,True,False
225,228-4,29541.9375,"(29, 38)",taxation,6,0.25,False,True,False
225,24-3,39851.125,"(39, 14)",taxation,6,0.25,False,True,False
225,9-3,42242.9375,"(30, 36)",taxation,6,0.25,False,True,False
225,39-3,34951.625,"(5, 47)",taxation,6,0.25,False,True,False
225,29-3,49493.9375,"(26, 8)",taxation,6,0.25,False,True,False
225,230-3,39810.0,"(29, 41)",taxation,6,0.25,False,True,False
225,131-3,49459.75,"(2, 49)",taxation,6,0.25,False,True,False
225,81-3,47071.6875,"(30, 10)",taxation,6,0.25,False,True,False
225,222-3,49436.125,"(25, 0)",taxation,6,0.25,False,True,False
225,171-3,49426.375,"(46, 14)",taxation,6,0.25,False,True,False
225,200-3,47060.5,"(33, 17)",taxation,6,0.25,False,True,False
225,238-3,49429.5,"(28, 36)",taxation,6,0.25,False,True,False
225,153-3,25335.25,"(28, 3)",taxation,6,0.25,False,True,False
225,197-3,39791.1875,"(7, 48)",taxation,6,0.25,False,True,False
225,139-4,44632.765625,"(26, 13)",taxation,6,0.25,False,True,False
225,204-3,54239.375,"(31, 37)",taxation,6,0.25,False,True,False
225,211-3,32530.8125,"(25, 13)",taxation,6,0.25,False,True,False
225,93-3,22901.0,"(19, 31)",taxation,6,0.25,False,True,False
225,101-3,49481.5625,"(30, 17)",taxation,6,0.25,False,True,False
225,213-3,49446.625,"(3, 48)",taxation,6,0.25,False,True,False
225,70-3,51830.0,"(5, 41)",taxation,6,0.25,False,True,False
225,239-3,49466.625,"(19, 24)",taxation,6,0.25,False,True,False
225,243-3,47009.125,"(12, 28)",taxation,6,0.25,False,True,False
225,192-3,44626.25,"(8, 49)",taxation,6,0.25,False,True,False
225,143-3,49446.3125,"(26, 35)",taxation,6,0.25,False,True,False
225,35-3,49448.875,"(22, 30)",taxation,6,0.25,False,True,False
225,3-3,30076.6875,"(9, 47)",taxation,6,0.25,False,True,False
225,181-3,49420.937500000015,"(24, 31)",taxation,6,0.25,False,True,False
225,105-3,44601.625,"(43, 17)",taxation,6,0.25,False,True,False
225,177-3,49485.3125,"(31, 39)",taxation,6,0.25,False,True,False
225,167-4,39176.734375,"(30, 6)",taxation,6,0.25,False,True,False
225,173-4,10874.8125,"(13, 22)",taxation,6,0.25,False,True,False
225,44-3,32535.0,"(24, 34)",taxation,6,0.25,False,True,False
225,216-3,54239.5,"(42, 22)",taxation,6,0.25,False,True,False
225,217-3,30132.375,"(32, 39)",taxation,6,0.25,False,True,False
225,138-3,51782.8125,"(29, 15)",taxation,6,0.25,False,True,False
225,75-4,35508.0625,"(13, 24)",taxation,6,0.25,False,True,False
225,74-4,43345.0,"(11, 42)",taxation,6,0.25,False,True,False
225,191-3,56638.5625,"(23, 12)",taxation,6,0.25,False,True,False
225,240-4,13212.3125,"(11, 27)",taxation,6,0.25,False,True,False
225,20-3,47024.75,"(30, 16)",taxation,6,0.25,False,True,False
225,159-3,39790.375,"(37, 15)",taxation,6,0.25,False,True,False
225,158-4,36143.0625,"(14, 23)",taxation,6,0.25,False,True,False
225,66-3,54258.8125,"(27, 32)",taxation,6,0.25,False,True,False
225,170-4,34380.734375,"(48, 18)",taxation,6,0.25,False,True,False
225,146-4,15662.3125,"(38, 13)",taxation,6,0.25,False,True,False
225,208-4,39777.703125,"(26, 0)",taxation,6,0.25,False,True,False
225,219-4,43376.3125,"(31, 11)",taxation,6,0.25,False,True,False
225,140-4,1143.0625,"(10, 25)",taxation,6,0.25,False,True,False
225,210-3,59045.5625,"(0, 48)",taxation,6,0.25,False,True,False
225,198-4,35549.71875,"(28, 6)",taxation,6,0.25,False,True,False
225,246-4,37362.3125,"(16, 31)",taxation,6,0.25,False,True,False
225,187-4,20456.1875,"(28, 2)",taxation,6,0.25,False,True,False
225,179-4,32566.53125,"(27, 3)",taxation,6,0.25,False,True,False
225,23-4,40358.5,"(43, 22)",taxation,6,0.25,False,True,False
225,31-4,44555.46875,"(11, 41)",taxation,6,0.25,False,True,False
225,150-3,42147.4375,"(46, 18)",taxation,6,0.25,False,True,False
225,12-3,46987.8125,"(30, 12)",taxation,6,0.25,False,True,False
225,98-4,20502.0625,"(25, 31)",taxation,6,0.25,False,True,False
225,126-3,49405.0625,"(31, 41)",taxation,6,0.25,False,True,False
225,176-4,1163.1875,"(10, 38)",taxation,6,0.25,False,True,False
225,28-4,34332.203125,"(32, 18)",taxation,6,0.25,False,True,False
225,154-4,18025.3125,"(36, 37)",taxation,6,0.25,False,True,False
225,40-4,40945.3125,"(17, 28)",taxation,6,0.25,False,True,False
225,1-4,28908.140625,"(4, 47)",taxation,6,0.25,False,True,False
225,76-4,37347.921875000015,"(23, 28)",taxation,6,0.25,False,True,False
225,67-3,37369.5625,"(45, 17)",taxation,6,0.25,False,True,False
225,182-4,39115.890625,"(20, 27)",taxation,6,0.25,False,True,False
225,241-4,35510.21875,"(23, 0)",taxation,6,0.25,False,True,False
225,149-4,33750.5625,"(13, 27)",taxation,6,0.25,False,True,False
225,17-4,40971.03125,"(11, 28)",taxation,6,0.25,False,True,False
225,0-4,26485.828125,"(29, 11)",taxation,6,0.25,False,True,False
225,22-4,42755.8125,"(27, 0)",taxation,6,0.25,False,True,False
225,10-4,39143.390625,"(25, 5)",taxation,6,0.25,False,True,False
225,242-4,17438.953125,"(21, 41)",taxation,6,0.25,False,True,False
225,142-4,24635.859375,"(19, 2)",taxation,6,0.25,False,True,False
225,189-4,33773.84375,"(28, 38)",taxation,6,0.25,False,True,False
225,63-4,35482.171875,"(34, 15)",taxation,6,0.25,False,True,False
225,165-4,44487.1875,"(27, 40)",taxation,6,0.25,False,True,False
225,94-4,13205.125,"(23, 34)",taxation,6,0.25,False,True,False
225,206-4,37900.328125,"(21, 26)",taxation,6,0.25,False,True,False
225,172-4,40884.484375,"(18, 26)",taxation,6,0.25,False,True,False
225,144-4,37340.90625,"(46, 17)",taxation,6,0.25,False,True,False
225,111-4,40893.515625,"(35, 36)",taxation,6,0.25,False,True,False
225,83-4,40911.671875,"(28, 5)",taxation,6,0.25,False,True,False
225,249-4,39143.5625,"(19, 28)",taxation,6,0.25,False,True,False
225,51-4,39114.40625,"(21, 0)",taxation,6,0.25,False,True,False
225,180-4,37325.265625,"(25, 1)",taxation,6,0.25,False,True,False
225,148-4,30039.953125,"(7, 46)",taxation,6,0.25,False,True,False
225,16-4,42729.34375,"(25, 36)",taxation,6,0.25,False,True,False
225,134-4,37308.25,"(33, 18)",taxation,6,0.25,False,True,False
225,73-4,39104.265625,"(33, 15)",taxation,6,0.25,False,True,False
225,54-4,37305.140625,"(18, 20)",taxation,6,0.25,False,True,False
225,38-4,39101.59375,"(33, 14)",taxation,6,0.25,False,True,False
225,6-4,42735.625,"(31, 17)",taxation,6,0.25,False,True,False
225,156-4,28204.96875,"(20, 30)",taxation,6,0.25,False,True,False
225,95-4,42732.65625,"(42, 14)",taxation,6,0.25,False,True,False
225,42-4,28317.21875,"(6, 46)",taxation,6,0.25,False,True,False
225,168-4,40903.15625,"(11, 45)",taxation,6,0.25,False,True,False
225,183-4,26449.796875,"(23, 30)",taxation,6,0.25,False,True,False
225,53-4,24619.765625,"(33, 13)",taxation,6,0.25,False,True,False
225,106-4,35501.859375,"(33, 16)",taxation,6,0.25,False,True,False
225,133-4,33692.1875,"(24, 8)",taxation,6,0.25,False,True,False
225,25-4,33659.6875,"(11, 29)",taxation,6,0.25,False,True,False
225,56-4,37313.171875,"(11, 26)",taxation,6,0.25,False,True,False
225,234-4,39051.34375,"(27, 30)",taxation,6,0.25,False,True,False
225,71-4,40917.203125,"(21, 1)",taxation,6,0.25,False,True,False
225,162-4,39063.15625,"(18, 29)",taxation,6,0.25,False,True,False
225,45-4,39071.109375,"(26, 32)",taxation,6,0.25,False,True,False
225,212-4,39133.609375,"(27, 1)",taxation,6,0.25,False,True,False
225,110-4,42679.3125,"(32, 41)",taxation,6,0.25,False,True,False
225,225-4,39084.421875,"(18, 28)",taxation,6,0.25,False,True,False
225,231-4,24598.109375,"(24, 28)",taxation,6,0.25,False,True,False
225,137-4,33649.53125,"(38, 16)",taxation,6,0.25,False,True,False
225,4-4,28247.515625,"(32, 13)",taxation,6,0.25,False,True,False
225,169-4,30031.4375,"(16, 29)",taxation,6,0.25,False,True,False
225,125-4,40826.125,"(10, 37)",taxation,6,0.25,False,True,False
225,122-4,31845.515625,"(15, 29)",taxation,6,0.25,False,True,False
225,226-4,37264.796875,"(26, 4)",taxation,6,0.25,False,True,False
225,5-4,17352.21875,"(29, 37)",taxation,6,0.25,False,True,False
225,209-4,42680.46875,"(13, 42)",taxation,6,0.25,False,True,False
225,205-4,19197.359375,"(30, 37)",taxation,6,0.25,False,True,False
225,130-4,40832.34375,"(34, 12)",taxation,6,0.25,False,True,False
225,91-4,40929.796875,"(22, 0)",taxation,6,0.25,False,True,False
225,214-4,24595.4375,"(16, 26)",taxation,6,0.25,False,True,False
225,196-4,26350.25,"(6, 41)",taxation,6,0.25,False,True,False
225,21-4,35444.015625,"(32, 14)",taxation,6,0.25,False,True,False
225,141-4,30040.53125,"(30, 11)",taxation,6,0.25,False,True,False
225,193-4,33627.84375,"(20, 4)",taxation,6,0.25,False,True,False
225,68-4,31816.984375,"(5, 48)",taxation,6,0.25,False,True,False
225,161-4,31812.875,"(28, 4)",taxation,6,0.25,False,True,False
225,147-4,37253.921875,"(24, 30)",taxation,6,0.25,False,True,False
225,175-4,31775.78125,"(5, 49)",taxation,6,0.25,False,True,False
225,55-4,40870.453125,"(26, 5)",taxation,6,0.25,False,True,False
225,50-4,42644.59375,"(8, 48)",taxation,6,0.25,False,True,False
225,113-4,39021.296875,"(27, 38)",taxation,6,0.25,False,True,False
225,201-4,26385.203125,"(14, 26)",taxation,6,0.25,False,True,False
225,102-4,26361.59375,"(13, 23)",taxation,6,0.25,False,True,False
225,112-4,40831.46875,"(6, 49)",taxation,6,0.25,False,True,False
225,41-4,40857.5,"(30, 9)",taxation,6,0.25,False,True,False
225,78-4,35447.515625,"(21, 29)",taxation,6,0.25,False,True,False
225,203-4,44458.765625,"(47, 18)",taxation,6,0.25,False,True,False
225,247-4,33634.5625,"(35, 33)",taxation,6,0.25,False,True,False
225,32-4,40833.359375,"(47, 15)",taxation,6,0.25,False,True,False
225,115-4,40817.484375,"(24, 35)",taxation,6,0.25,False,True,False
225,33-4,29982.703125,"(28, 31)",taxation,6,0.25,False,True,False
225,202-4,42640.375,"(26, 38)",taxation,6,0.25,False,True,False
225,155-4,39032.828125,"(24, 29)",taxation,6,0.25,False,True,False
225,207-4,29999.109375,"(25, 33)",taxation,6,0.25,False,True,False
225,145-4,39023.75,"(30, 13)",taxation,6,0.25,False,True,False
225,132-4,40843.484375,"(35, 15)",taxation,6,0.25,False,True,False
225,166-4,35362.578125,"(21, 30)",taxation,6,0.25,False,True,False
225,100-4,37238.671875,"(23, 33)",taxation,6,0.25,False,True,False
225,116-4,40834.84375,"(47, 13)",taxation,6,0.25,False,True,False
225,19-4,39029.75,"(21, 4)",taxation,6,0.25,False,True,False
225,233-4,35371.828125,"(17, 27)",taxation,6,0.25,False,True,False
225,64-4,37167.5,"(35, 35)",taxation,6,0.25,False,True,False
225,186-4,35430.640625,"(33, 11)",taxation,6,0.25,False,True,False
225,103-4,37197.40625,"(7, 30)",taxation,6,0.25,False,True,False
225,163-4,44411.125,"(35, 34)",taxation,6,0.25,False,True,False
225,221-4,35361.21875,"(27, 2)",taxation,6,0.25,False,True,False
225,86-4,37216.875,"(33, 10)",taxation,6,0.25,False,True,False
225,57-4,33587.765625,"(12, 27)",taxation,6,0.25,False,True,False
225,164-4,39041.828125,"(16, 30)",taxation,6,0.25,False,True,False
225,92-4,40798.1875,"(27, 4)",taxation,6,0.25,False,True,False
225,174-4,40821.84375,"(6, 48)",taxation,6,0.25,False,True,False
225,89-4,38989.296875,"(47, 17)",taxation,6,0.25,False,True,False
225,188-4,37201.34375,"(31, 13)",taxation,6,0.25,False,True,False
225,11-4,29966.890625,"(22, 32)",taxation,6,0.25,False,True,False
225,2-4,37233.859375,"(15, 25)",taxation,6,0.25,False,True,False
225,90-4,33572.90625,"(24, 0)",taxation,6,0.25,False,True,False
225,120-4,42631.875,"(8, 47)",taxation,6,0.25,False,True,False
225,48-4,38956.125,"(16, 27)",taxation,6,0.25,False,True,False
225,69-4,40774.90625,"(35, 12)",taxation,6,0.25,False,True,False
225,97-4,29922.484375,"(28, 40)",taxation,6,0.25,False,True,False
225,13-4,35383.515625,"(15, 28)",taxation,6,0.25,False,True,False
225,58-4,38955.90625,"(30, 5)",taxation,6,0.25,False,True,False
225,52-4,28142.328125,"(32, 15)",taxation,6,0.25,False,True,False
225,117-4,33541.21875,"(25, 27)",taxation,6,0.25,False,True,False
225,27-4,33544.546875,"(18, 30)",taxation,6,0.25,False,True,False
225,121-4,37200.0,"(20, 29)",taxation,6,0.25,False,True,False
225,107-4,40779.65625,"(11, 24)",taxation,6,0.25,False,True,False
225,85-4,33569.3125,"(7, 47)",taxation,6,0.25,False,True,False
225,237-4,29926.484375,"(42, 23)",taxation,6,0.25,False,True,False
225,18-4,42612.234375,"(32, 12)",taxation,6,0.25,False,True,False
225,96-4,42624.28125,"(26, 31)",taxation,6,0.25,False,True,False
225,160-4,33560.3125,"(33, 12)",taxation,6,0.25,False,True,False
225,37-4,38995.046875,"(31, 16)",taxation,6,0.25,False,True,False
225,30-4,42617.703125,"(28, 32)",taxation,6,0.25,False,True,False
225,235-4,37146.953125,"(6, 44)",taxation,6,0.25,False,True,False
225,80-4,40780.46875,"(48, 14)",taxation,6,0.25,False,True,False
225,14-4,10046.90625,"(15, 27)",taxation,6,0.25,False,True,False
225,104-4,35396.84375,"(17, 29)",taxation,6,0.25,False,True,False
225,184-4,37125.203125,"(25, 11)",taxation,6,0.25,False,True,False
225,229-4,40812.765625,"(26, 6)",taxation,6,0.25,False,True,False
225,136-4,29875.28125,"(8, 44)",taxation,6,0.25,False,True,False
225,232-4,22639.765625,"(32, 17)",taxation,6,0.25,False,True,False
225,7-4,28127.03125,"(41, 23)",taxation,6,0.25,False,True,False
225,248-4,37141.890625,"(13, 40)",taxation,6,0.25,False,True,False
225,61-4,44401.640625,"(14, 22)",taxation,6,0.25,False,True,False
225,88-4,37176.25,"(25, 12)",taxation,6,0.25,False,True,False
225,72-4,42576.40625,"(27, 31)",taxation,6,0.25,False,True,False
225,62-4,37150.59375,"(13, 26)",taxation,6,0.25,False,True,False
225,194-4,33524.96875,"(3, 49)",taxation,6,0.25,False,True,False
225,236-4,37146.203125,"(32, 37)",taxation,6,0.25,False,True,False
225,124-4,35298.140625,"(29, 40)",taxation,6,0.25,False,True,False
225,36-4,28091.578125,"(12, 25)",taxation,6,0.25,False,True,False
225,215-4,40780.96875,"(25, 30)",taxation,6,0.25,False,True,False
225,152-4,38946.640625,"(15, 26)",taxation,6,0.25,False,True,False
225,82-4,38956.09375,"(12, 42)",taxation,6,0.25,False,True,False
225,127-4,38954.125,"(13, 25)",taxation,6,0.25,False,True,False
225,47-4,26248.734375,"(9, 41)",taxation,6,0.25,False,True,False
225,223-4,26284.125,"(9, 48)",taxation,6,0.25,False,True,False
225,108-4,20874.515625,"(36, 13)",taxation,6,0.25,False,True,False
225,65-4,42551.203125,"(26, 11)",taxation,6,0.25,False,True,False
225,109-4,37135.40625,"(28, 0)",taxation,6,0.25,False,True,False
225,26-4,29902.171875,"(8, 46)",taxation,6,0.25,False,True,False
225,59-4,33542.953125,"(21, 31)",taxation,6,0.25,False,True,False
225,99-4,35295.953125,"(15, 20)",taxation,6,0.25,False,True,False
225,84-4,37147.46875,"(25, 15)",taxation,6,0.25,False,True,False
225,128-4,40768.6875,"(26, 30)",taxation,6,0.25,False,True,False
225,8-4,37134.1875,"(12, 22)",taxation,6,0.25,False,True,False
225,77-4,31694.34375,"(6, 47)",taxation,6,0.25,False,True,False
225,157-4,35305.890625,"(19, 29)",taxation,6,0.25,False,True,False
225,123-4,42522.171875,"(9, 46)",taxation,6,0.25,False,True,False
225,195-4,17210.453125,"(7, 49)",taxation,6,0.25,False,True,False
225,87-4,37106.96875,"(29, 16)",taxation,6,0.25,False,True,False
225,119-4,37119.8125,"(42, 15)",taxation,6,0.25,False,True,False
225,199-4,42546.1875,"(31, 12)",taxation,6,0.25,False,True,False
225,129-4,35322.375,"(11, 25)",taxation,6,0.25,False,True,False
225,43-4,37130.109375,"(30, 41)",taxation,6,0.25,False,True,False
225,190-4,37080.796875,"(7, 43)",taxation,6,0.25,False,True,False
225,46-4,26262.375,"(31, 14)",taxation,6,0.25,False,True,False
225,15-4,33492.546875,"(5, 44)",taxation,6,0.25,False,True,False
225,245-4,40706.546875,"(25, 35)",taxation,6,0.25,False,True,False
225,178-4,40701.140625,"(0, 49)",taxation,6,0.25,False,True,False
225,151-4,29835.140625,"(38, 15)",taxation,6,0.25,False,True,False
225,79-4,35311.640625,"(29, 9)",taxation,6,0.25,False,True,False
225,114-4,42531.984375,"(27, 35)",taxation,6,0.25,False,True,False
226,220-3,54332.25,"(33, 1)",taxation,6,0.25,False,True,False
226,135-3,49461.0625,"(15, 40)",taxation,6,0.25,False,True,False
226,227-3,54300.375,"(16, 49)",taxation,6,0.25,False,True,False
226,118-3,54246.625,"(36, 11)",taxation,6,0.25,False,True,False
226,244-3,56706.875,"(30, 1)",taxation,6,0.25,False,True,False
226,34-3,44618.5,"(35, 10)",taxation,6,0.25,False,True,False
226,60-3,51854.4375,"(17, 31)",taxation,6,0.25,False,True,False
226,218-3,56706.125,"(36, 9)",taxation,6,0.25,False,True,False
226,49-3,47082.875,"(32, 4)",taxation,6,0.25,False,True,False
226,185-3,49517.125,"(49, 18)",taxation,6,0.25,False,True,False
226,228-4,29550.9375,"(23, 35)",taxation,6,0.25,False,True,False
226,24-3,39859.125,"(40, 11)",taxation,6,0.25,False,True,False
226,9-3,42249.9375,"(24, 42)",taxation,6,0.25,False,True,False
226,39-3,34959.625,"(10, 45)",taxation,6,0.25,False,True,False
226,29-3,49499.9375,"(29, 5)",taxation,6,0.25,False,True,False
226,131-3,49462.75,"(7, 44)",taxation,6,0.25,False,True,False
226,81-3,47078.6875,"(35, 4)",taxation,6,0.25,False,True,False
226,222-3,49443.125,"(29, 4)",taxation,6,0.25,False,True,False
226,171-3,49434.375,"(47, 12)",taxation,6,0.25,False,True,False
226,200-3,47068.5,"(39, 11)",taxation,6,0.25,False,True,False
226,238-3,49437.5,"(25, 38)",taxation,6,0.25,False,True,False
226,153-3,25344.25,"(34, 3)",taxation,6,0.25,False,True,False
226,197-3,39800.1875,"(12, 47)",taxation,6,0.25,False,True,False
226,139-4,44638.765625,"(28, 11)",taxation,6,0.25,False,True,False
226,204-3,54246.375,"(26, 37)",taxation,6,0.25,False,True,False
226,211-3,32535.8125,"(24, 9)",taxation,6,0.25,False,True,False
226,93-3,22909.0,"(18, 31)",taxation,6,0.25,False,True,False
226,101-3,49486.5625,"(34, 16)",taxation,6,0.25,False,True,False
226,213-3,49449.625,"(7, 45)",taxation,6,0.25,False,True,False
226,70-3,51838.0,"(10, 44)",taxation,6,0.25,False,True,False
226,239-3,49471.625,"(19, 26)",taxation,6,0.25,False,True,False
226,243-3,47017.125,"(12, 26)",taxation,6,0.25,False,True,False
226,192-3,44635.25,"(12, 49)",taxation,6,0.25,False,True,False
226,143-3,49454.3125,"(24, 38)",taxation,6,0.25,False,True,False
226,35-3,49457.875,"(18, 36)",taxation,6,0.25,False,True,False
226,3-3,30085.6875,"(11, 48)",taxation,6,0.25,False,True,False
226,181-3,49429.937500000015,"(20, 33)",taxation,6,0.25,False,True,False
226,105-3,44609.625,"(43, 11)",taxation,6,0.25,False,True,False
226,177-3,49492.3125,"(30, 44)",taxation,6,0.25,False,True,False
226,167-4,39185.734375,"(31, 4)",taxation,6,0.25,False,True,False
226,173-4,10882.8125,"(11, 19)",taxation,6,0.25,False,True,False
226,44-3,32543.0,"(18, 37)",taxation,6,0.25,False,True,False
226,216-3,54245.5,"(43, 21)",taxation,6,0.25,False,True,False
226,217-3,30139.375,"(29, 44)",taxation,6,0.25,False,True,False
226,138-3,51787.8125,"(35, 17)",taxation,6,0.25,False,True,False
226,75-4,35516.0625,"(15, 24)",taxation,6,0.25,False,True,False
226,74-4,43354.0,"(13, 46)",taxation,6,0.25,False,True,False
226,191-3,56644.5625,"(18, 13)",taxation,6,0.25,False,True,False
226,240-4,13220.3125,"(5, 25)",taxation,6,0.25,False,True,False
226,20-3,47029.75,"(29, 13)",taxation,6,0.25,False,True,False
226,159-3,39798.375,"(42, 9)",taxation,6,0.25,False,True,False
226,158-4,36151.0625,"(14, 21)",taxation,6,0.25,False,True,False
226,66-3,54265.8125,"(21, 38)",taxation,6,0.25,False,True,False
226,170-4,34388.734375,"(49, 13)",taxation,6,0.25,False,True,False
226,146-4,15670.3125,"(41, 8)",taxation,6,0.25,False,True,False
226,208-4,39785.703125,"(31, 1)",taxation,6,0.25,False,True,False
226,219-4,43385.3125,"(34, 7)",taxation,6,0.25,False,True,False
226,140-4,1151.0625,"(7, 21)",taxation,6,0.25,False,True,False
226,210-3,59048.5625,"(2, 42)",taxation,6,0.25,False,True,False
226,198-4,35557.71875,"(33, 2)",taxation,6,0.25,False,True,False
226,246-4,37370.3125,"(14, 36)",taxation,6,0.25,False,True,False
226,187-4,20465.1875,"(33, 4)",taxation,6,0.25,False,True,False
226,179-4,32574.53125,"(32, 0)",taxation,6,0.25,False,True,False
226,23-4,40365.5,"(49, 17)",taxation,6,0.25,False,True,False
226,31-4,44564.46875,"(11, 44)",taxation,6,0.25,False,True,False
226,150-3,42155.4375,"(48, 13)",taxation,6,0.25,False,True,False
226,12-3,46996.8125,"(34, 6)",taxation,6,0.25,False,True,False
226,98-4,20509.0625,"(19, 35)",taxation,6,0.25,False,True,False
226,126-3,49412.0625,"(31, 44)",taxation,6,0.25,False,True,False
226,176-4,1172.1875,"(14, 38)",taxation,6,0.25,False,True,False
226,28-4,34338.203125,"(35, 13)",taxation,6,0.25,False,True,False
226,154-4,18031.3125,"(31, 40)",taxation,6,0.25,False,True,False
226,40-4,40953.3125,"(11, 23)",taxation,6,0.25,False,True,False
226,1-4,28916.140625,"(10, 46)",taxation,6,0.25,False,True,False
226,76-4,37353.921875000015,"(26, 34)",taxation,6,0.25,False,True,False
226,67-3,37377.5625,"(43, 12)",taxation,6,0.25,False,True,False
226,182-4,39123.890625,"(19, 33)",taxation,6,0.25,False,True,False
226,241-4,35517.21875,"(29, 1)",taxation,6,0.25,False,True,False
226,149-4,33758.5625,"(9, 24)",taxation,6,0.25,False,True,False
226,17-4,40979.03125,"(9, 22)",taxation,6,0.25,False,True,False
226,0-4,26492.828125,"(34, 5)",taxation,6,0.25,False,True,False
226,22-4,42763.8125,"(30, 0)",taxation,6,0.25,False,True,False
226,10-4,39152.390625,"(30, 4)",taxation,6,0.25,False,True,False
226,242-4,17446.953125,"(20, 41)",taxation,6,0.25,False,True,False
226,142-4,24641.859375,"(18, 6)",taxation,6,0.25,False,True,False
226,189-4,33781.84375,"(24, 39)",taxation,6,0.25,False,True,False
226,63-4,35491.171875,"(35, 9)",taxation,6,0.25,False,True,False
226,165-4,44494.1875,"(25, 43)",taxation,6,0.25,False,True,False
226,94-4,13213.125,"(21, 35)",taxation,6,0.25,False,True,False
226,206-4,37906.328125,"(20, 26)",taxation,6,0.25,False,True,False
226,172-4,40890.484375,"(22, 29)",taxation,6,0.25,False,True,False
226,144-4,37348.90625,"(48, 12)",taxation,6,0.25,False,True,False
226,111-4,40899.515625,"(30, 40)",taxation,6,0.25,False,True,False
226,83-4,40920.671875,"(33, 5)",taxation,6,0.25,False,True,False
226,249-4,39149.5625,"(21, 28)",taxation,6,0.25,False,True,False
226,51-4,39120.40625,"(24, 3)",taxation,6,0.25,False,True,False
226,180-4,37334.265625,"(31, 0)",taxation,6,0.25,False,True,False
226,148-4,30044.953125,"(9, 40)",taxation,6,0.25,False,True,False
226,16-4,42738.34375,"(22, 35)",taxation,6,0.25,False,True,False
226,134-4,37314.25,"(36, 14)",taxation,6,0.25,False,True,False
226,73-4,39110.265625,"(39, 12)",taxation,6,0.25,False,True,False
226,54-4,37312.140625,"(12, 16)",taxation,6,0.25,False,True,False
226,38-4,39109.59375,"(39, 8)",taxation,6,0.25,False,True,False
226,6-4,42744.625,"(35, 11)",taxation,6,0.25,False,True,False
226,156-4,28212.96875,"(20, 35)",taxation,6,0.25,False,True,False
226,95-4,42740.65625,"(42, 12)",taxation,6,0.25,False,True,False
226,42-4,28322.21875,"(10, 41)",taxation,6,0.25,False,True,False
226,168-4,40911.15625,"(15, 43)",taxation,6,0.25,False,True,False
226,183-4,26457.796875,"(19, 32)",taxation,6,0.25,False,True,False
226,53-4,24628.765625,"(36, 8)",taxation,6,0.25,False,True,False
226,106-4,35507.859375,"(38, 11)",taxation,6,0.25,False,True,False
226,133-4,33699.1875,"(18, 11)",taxation,6,0.25,False,True,False
226,25-4,33666.6875,"(10, 26)",taxation,6,0.25,False,True,False
226,56-4,37321.171875,"(9, 23)",taxation,6,0.25,False,True,False
226,234-4,39057.34375,"(25, 32)",taxation,6,0.25,False,True,False
226,71-4,40923.203125,"(25, 2)",taxation,6,0.25,False,True,False
226,162-4,39071.15625,"(18, 35)",taxation,6,0.25,False,True,False
226,45-4,39080.109375,"(22, 33)",taxation,6,0.25,False,True,False
226,212-4,39142.609375,"(32, 1)",taxation,6,0.25,False,True,False
226,110-4,42687.3125,"(26, 40)",taxation,6,0.25,False,True,False
226,225-4,39091.421875,"(18, 33)",taxation,6,0.25,False,True,False
226,231-4,24606.109375,"(19, 27)",taxation,6,0.25,False,True,False
226,137-4,33657.53125,"(44, 10)",taxation,6,0.25,False,True,False
226,4-4,28253.515625,"(30, 8)",taxation,6,0.25,False,True,False
226,169-4,30040.4375,"(17, 30)",taxation,6,0.25,False,True,False
226,125-4,40835.125,"(14, 42)",taxation,6,0.25,False,True,False
226,122-4,31854.515625,"(14, 29)",taxation,6,0.25,False,True,False
226,226-4,37272.796875,"(31, 2)",taxation,6,0.25,False,True,False
226,5-4,17359.21875,"(27, 43)",taxation,6,0.25,False,True,False
226,209-4,42688.46875,"(14, 41)",taxation,6,0.25,False,True,False
226,205-4,19205.359375,"(26, 39)",taxation,6,0.25,False,True,False
226,130-4,40840.34375,"(40, 7)",taxation,6,0.25,False,True,False
226,91-4,40935.796875,"(25, 3)",taxation,6,0.25,False,True,False
226,214-4,24603.4375,"(10, 22)",taxation,6,0.25,False,True,False
226,196-4,26359.25,"(12, 46)",taxation,6,0.25,False,True,False
226,21-4,35453.015625,"(36, 10)",taxation,6,0.25,False,True,False
226,141-4,30049.53125,"(34, 9)",taxation,6,0.25,False,True,False
226,193-4,33633.84375,"(18, 7)",taxation,6,0.25,False,True,False
226,68-4,31822.984375,"(10, 42)",taxation,6,0.25,False,True,False
226,161-4,31819.875,"(34, 4)",taxation,6,0.25,False,True,False
226,147-4,37260.921875,"(21, 34)",taxation,6,0.25,False,True,False
226,175-4,31784.78125,"(11, 49)",taxation,6,0.25,False,True,False
226,55-4,40876.453125,"(25, 4)",taxation,6,0.25,False,True,False
226,50-4,42653.59375,"(12, 48)",taxation,6,0.25,False,True,False
226,113-4,39028.296875,"(23, 40)",taxation,6,0.25,False,True,False
226,201-4,26393.203125,"(8, 20)",taxation,6,0.25,False,True,False
226,102-4,26369.59375,"(12, 23)",taxation,6,0.25,False,True,False
226,112-4,40836.46875,"(12, 44)",taxation,6,0.25,False,True,False
226,41-4,40866.5,"(35, 5)",taxation,6,0.25,False,True,False
226,78-4,35454.515625,"(17, 33)",taxation,6,0.25,False,True,False
226,203-4,44465.765625,"(48, 16)",taxation,6,0.25,False,True,False
226,247-4,33640.5625,"(29, 39)",taxation,6,0.25,False,True,False
226,32-4,40841.359375,"(49, 12)",taxation,6,0.25,False,True,False
226,115-4,40825.484375,"(21, 40)",taxation,6,0.25,False,True,False
226,33-4,29990.703125,"(23, 37)",taxation,6,0.25,False,True,False
226,202-4,42648.375,"(23, 39)",taxation,6,0.25,False,True,False
226,155-4,39039.828125,"(20, 34)",taxation,6,0.25,False,True,False
226,207-4,30007.109375,"(21, 39)",taxation,6,0.25,False,True,False
226,145-4,39031.75,"(33, 7)",taxation,6,0.25,False,True,False
226,132-4,40851.484375,"(40, 9)",taxation,6,0.25,False,True,False
226,166-4,35371.578125,"(17, 32)",taxation,6,0.25,False,True,False
226,100-4,37246.671875,"(22, 37)",taxation,6,0.25,False,True,False
226,116-4,40842.84375,"(47, 11)",taxation,6,0.25,False,True,False
226,19-4,39036.75,"(17, 10)",taxation,6,0.25,False,True,False
226,233-4,35379.828125,"(11, 22)",taxation,6,0.25,False,True,False
226,64-4,37173.5,"(30, 39)",taxation,6,0.25,False,True,False
226,186-4,35439.640625,"(35, 6)",taxation,6,0.25,False,True,False
226,103-4,37205.40625,"(6, 25)",taxation,6,0.25,False,True,False
226,163-4,44417.125,"(30, 38)",taxation,6,0.25,False,True,False
226,221-4,35370.21875,"(32, 2)",taxation,6,0.25,False,True,False
226,86-4,37224.875,"(38, 6)",taxation,6,0.25,False,True,False
226,57-4,33596.765625,"(14, 28)",taxation,6,0.25,False,True,False
226,164-4,39049.828125,"(14, 30)",taxation,6,0.25,False,True,False
226,92-4,40807.1875,"(31, 3)",taxation,6,0.25,False,True,False
226,174-4,40826.84375,"(12, 43)",taxation,6,0.25,False,True,False
226,89-4,38997.296875,"(45, 11)",taxation,6,0.25,False,True,False
226,188-4,37207.34375,"(30, 7)",taxation,6,0.25,False,True,False
226,11-4,29975.890625,"(19, 36)",taxation,6,0.25,False,True,False
226,2-4,37239.859375,"(15, 31)",taxation,6,0.25,False,True,False
226,90-4,33579.90625,"(29, 2)",taxation,6,0.25,False,True,False
226,120-4,42639.875,"(14, 46)",taxation,6,0.25,False,True,False
226,48-4,38963.125,"(16, 33)",taxation,6,0.25,False,True,False
226,69-4,40782.90625,"(38, 8)",taxation,6,0.25,False,True,False
226,97-4,29929.484375,"(26, 43)",taxation,6,0.25,False,True,False
226,13-4,35391.515625,"(16, 28)",taxation,6,0.25,False,True,False
226,58-4,38964.90625,"(32, 3)",taxation,6,0.25,False,True,False
226,52-4,28150.328125,"(38, 9)",taxation,6,0.25,False,True,False
226,117-4,33547.21875,"(23, 31)",taxation,6,0.25,False,True,False
226,27-4,33551.546875,"(17, 35)",taxation,6,0.25,False,True,False
226,121-4,37207.0,"(15, 35)",taxation,6,0.25,False,True,False
226,107-4,40787.65625,"(10, 24)",taxation,6,0.25,False,True,False
226,85-4,33578.3125,"(13, 47)",taxation,6,0.25,False,True,False
226,237-4,29933.484375,"(48, 17)",taxation,6,0.25,False,True,False
226,18-4,42618.234375,"(35, 8)",taxation,6,0.25,False,True,False
226,96-4,42633.28125,"(20, 36)",taxation,6,0.25,False,True,False
226,160-4,33568.3125,"(38, 7)",taxation,6,0.25,False,True,False
226,37-4,39000.046875,"(35, 16)",taxation,6,0.25,False,True,False
226,30-4,42626.703125,"(22, 34)",taxation,6,0.25,False,True,False
226,235-4,37152.953125,"(11, 38)",taxation,6,0.25,False,True,False
226,80-4,40788.46875,"(47, 10)",taxation,6,0.25,False,True,False
226,14-4,10054.90625,"(13, 21)",taxation,6,0.25,False,True,False
226,104-4,35403.84375,"(19, 30)",taxation,6,0.25,False,True,False
226,184-4,37132.203125,"(31, 6)",taxation,6,0.25,False,True,False
226,229-4,40818.765625,"(29, 6)",taxation,6,0.25,False,True,False
226,136-4,29882.28125,"(12, 39)",taxation,6,0.25,False,True,False
226,232-4,22646.765625,"(34, 11)",taxation,6,0.25,False,True,False
226,7-4,28133.03125,"(41, 20)",taxation,6,0.25,False,True,False
226,248-4,37150.890625,"(13, 44)",taxation,6,0.25,False,True,False
226,61-4,44409.640625,"(11, 21)",taxation,6,0.25,False,True,False
226,88-4,37182.25,"(25, 7)",taxation,6,0.25,False,True,False
226,72-4,42584.40625,"(22, 36)",taxation,6,0.25,False,True,False
226,62-4,37158.59375,"(8, 22)",taxation,6,0.25,False,True,False
226,194-4,33528.96875,"(9, 49)",taxation,6,0.25,False,True,False
226,236-4,37153.203125,"(29, 42)",taxation,6,0.25,False,True,False
226,124-4,35305.140625,"(28, 44)",taxation,6,0.25,False,True,False
226,36-4,28099.578125,"(10, 23)",taxation,6,0.25,False,True,False
226,215-4,40786.96875,"(25, 34)",taxation,6,0.25,False,True,False
226,152-4,38954.640625,"(13, 28)",taxation,6,0.25,False,True,False
226,82-4,38964.09375,"(10, 43)",taxation,6,0.25,False,True,False
226,127-4,38962.125,"(9, 19)",taxation,6,0.25,False,True,False
226,47-4,26257.734375,"(13, 45)",taxation,6,0.25,False,True,False
226,223-4,26293.125,"(14, 48)",taxation,6,0.25,False,True,False
226,108-4,20882.515625,"(39, 10)",taxation,6,0.25,False,True,False
226,65-4,42558.203125,"(31, 5)",taxation,6,0.25,False,True,False
226,109-4,37144.40625,"(33, 0)",taxation,6,0.25,False,True,False
226,26-4,29911.171875,"(11, 47)",taxation,6,0.25,False,True,False
226,59-4,33551.953125,"(20, 32)",taxation,6,0.25,False,True,False
226,99-4,35303.953125,"(12, 18)",taxation,6,0.25,False,True,False
226,84-4,37152.46875,"(29, 14)",taxation,6,0.25,False,True,False
226,128-4,40774.6875,"(26, 33)",taxation,6,0.25,False,True,False
226,8-4,37142.1875,"(11, 18)",taxation,6,0.25,False,True,False
226,77-4,31699.34375,"(12, 45)",taxation,6,0.25,False,True,False
226,157-4,35312.890625,"(18, 32)",taxation,6,0.25,False,True,False
226,123-4,42530.171875,"(14, 44)",taxation,6,0.25,False,True,False
226,195-4,17215.453125,"(13, 48)",taxation,6,0.25,False,True,False
226,87-4,37111.96875,"(28, 12)",taxation,6,0.25,False,True,False
226,119-4,37127.8125,"(42, 11)",taxation,6,0.25,False,True,False
226,199-4,42555.1875,"(35, 7)",taxation,6,0.25,False,True,False
226,129-4,35330.375,"(12, 24)",taxation,6,0.25,False,True,False
226,43-4,37138.109375,"(24, 40)",taxation,6,0.25,False,True,False
226,190-4,37089.796875,"(13, 49)",taxation,6,0.25,False,True,False
226,46-4,26267.375,"(34, 13)",taxation,6,0.25,False,True,False
226,15-4,33498.546875,"(11, 39)",taxation,6,0.25,False,True,False
226,245-4,40714.546875,"(22, 38)",taxation,6,0.25,False,True,False
226,178-4,40704.140625,"(5, 43)",taxation,6,0.25,False,True,False
226,151-4,29843.140625,"(41, 11)",taxation,6,0.25,False,True,False
226,79-4,35320.640625,"(35, 3)",taxation,6,0.25,False,True,False
226,114-4,42540.984375,"(21, 33)",taxation,6,0.25,False,True,False
226,230-4,29863.5,"(25, 40)",taxation,6,0.25,False,True,False
226,224-4,31670.484375,"(43, 10)",taxation,6,0.25,False,True,False
227,220-3,54338.25,"(37, 7)",taxation,6,0.25,False,True,False
227,135-3,49469.0625,"(20, 45)",taxation,6,0.25,False,True,False
227,227-3,54308.375,"(21, 49)",taxation,6,0.25,False,True,False
227,118-3,54253.625,"(38, 10)",taxation,6,0.25,False,True,False
227,244-3,56712.875,"(32, 6)",taxation,6,0.25,False,True,False
227,34-3,44627.5,"(39, 5)",taxation,6,0.25,False,True,False
227,60-3,51861.4375,"(14, 37)",taxation,6,0.25,False,True,False
227,218-3,56715.125,"(38, 5)",taxation,6,0.25,False,True,False
227,49-3,47091.875,"(36, 3)",taxation,6,0.25,False,True,False
227,185-3,49525.125,"(49, 16)",taxation,6,0.25,False,True,False
227,228-4,29559.9375,"(18, 41)",taxation,6,0.25,False,True,False
227,24-3,39867.125,"(44, 12)",taxation,6,0.25,False,True,False
227,9-3,42258.9375,"(18, 46)",taxation,6,0.25,False,True,False
227,39-3,34967.625,"(15, 42)",taxation,6,0.25,False,True,False
227,29-3,49505.9375,"(32, 5)",taxation,6,0.25,False,True,False
227,131-3,49469.75,"(12, 38)",taxation,6,0.25,False,True,False
227,81-3,47087.6875,"(41, 0)",taxation,6,0.25,False,True,False
227,222-3,49449.125,"(34, 8)",taxation,6,0.25,False,True,False
227,171-3,49443.375,"(44, 9)",taxation,6,0.25,False,True,False
227,200-3,47076.5,"(43, 14)",taxation,6,0.25,False,True,False
227,238-3,49445.5,"(24, 44)",taxation,6,0.25,False,True,False
227,153-3,25353.25,"(39, 0)",taxation,6,0.25,False,True,False
227,197-3,39807.1875,"(15, 46)",taxation,6,0.25,False,True,False
227,139-4,44644.765625,"(27, 6)",taxation,6,0.25,False,True,False
227,204-3,54254.375,"(20, 43)",taxation,6,0.25,False,True,False
227,211-3,32541.8125,"(24, 6)",taxation,6,0.25,False,True,False
227,101-3,49494.5625,"(40, 12)",taxation,6,0.25,False,True,False
227,213-3,49456.625,"(13, 39)",taxation,6,0.25,False,True,False
227,70-3,51847.0,"(16, 48)",taxation,6,0.25,False,True,False
227,239-3,49477.625,"(20, 28)",taxation,6,0.25,False,True,False
227,243-3,47023.125,"(10, 28)",taxation,6,0.25,False,True,False
227,192-3,44644.25,"(17, 49)",taxation,6,0.25,False,True,False
227,143-3,49462.3125,"(21, 43)",taxation,6,0.25,False,True,False
227,35-3,49466.875,"(19, 42)",taxation,6,0.25,False,True,False
227,3-3,30092.6875,"(16, 42)",taxation,6,0.25,False,True,False
227,181-3,49436.937500000015,"(25, 37)",taxation,6,0.25,False,True,False
227,105-3,44617.625,"(44, 11)",taxation,6,0.25,False,True,False
227,177-3,49500.3125,"(31, 45)",taxation,6,0.25,False,True,False
227,167-4,39194.734375,"(37, 1)",taxation,6,0.25,False,True,False
227,173-4,10890.8125,"(9, 17)",taxation,6,0.25,False,True,False
227,44-3,32552.0,"(17, 42)",taxation,6,0.25,False,True,False
227,216-3,54253.5,"(46, 15)",taxation,6,0.25,False,True,False
227,217-3,30147.375,"(29, 46)",taxation,6,0.25,False,True,False
227,138-3,51794.8125,"(40, 18)",taxation,6,0.25,False,True,False
227,75-4,35522.0625,"(14, 27)",taxation,6,0.25,False,True,False
227,74-4,43361.0,"(17, 43)",taxation,6,0.25,False,True,False
227,191-3,56651.5625,"(17, 16)",taxation,6,0.25,False,True,False
227,240-4,13228.3125,"(4, 21)",taxation,6,0.25,False,True,False
227,20-3,47035.75,"(33, 9)",taxation,6,0.25,False,True,False
227,159-3,39807.375,"(42, 5)",taxation,6,0.25,False,True,False
227,158-4,36159.0625,"(8, 16)",taxation,6,0.25,False,True,False
227,66-3,54273.8125,"(18, 39)",taxation,6,0.25,False,True,False
227,170-4,34396.734375,"(49, 9)",taxation,6,0.25,False,True,False
227,146-4,15679.3125,"(41, 4)",taxation,6,0.25,False,True,False
227,208-4,39794.703125,"(36, 1)",taxation,6,0.25,False,True,False
227,219-4,43394.3125,"(40, 2)",taxation,6,0.25,False,True,False
227,140-4,1159.0625,"(6, 21)",taxation,6,0.25,False,True,False
227,210-3,59053.5625,"(6, 39)",taxation,6,0.25,False,True,False
227,198-4,35563.71875,"(37, 8)",taxation,6,0.25,False,True,False
227,246-4,37379.3125,"(18, 40)",taxation,6,0.25,False,True,False
227,187-4,20472.1875,"(39, 3)",taxation,6,0.25,False,True,False
227,179-4,32581.53125,"(29, 0)",taxation,6,0.25,False,True,False
227,23-4,40372.5,"(49, 15)",taxation,6,0.25,False,True,False
227,31-4,44572.46875,"(16, 44)",taxation,6,0.25,False,True,False
227,150-3,42163.4375,"(48, 11)",taxation,6,0.25,False,True,False
227,12-3,47005.8125,"(38, 1)",taxation,6,0.25,False,True,False
227,98-4,20516.0625,"(17, 36)",taxation,6,0.25,False,True,False
227,126-3,49420.0625,"(30, 46)",taxation,6,0.25,False,True,False
227,176-4,1180.1875,"(20, 44)",taxation,6,0.25,False,True,False
227,28-4,34345.203125,"(41, 10)",taxation,6,0.25,False,True,False
227,154-4,18039.3125,"(28, 46)",taxation,6,0.25,False,True,False
227,40-4,40961.3125,"(6, 19)",taxation,6,0.25,False,True,False
227,1-4,28924.140625,"(16, 45)",taxation,6,0.25,False,True,False
227,76-4,37361.921875000015,"(22, 40)",taxation,6,0.25,False,True,False
227,67-3,37385.5625,"(47, 9)",taxation,6,0.25,False,True,False
227,182-4,39131.890625,"(17, 39)",taxation,6,0.25,False,True,False
227,241-4,35523.21875,"(25, 6)",taxation,6,0.25,False,True,False
227,149-4,33766.5625,"(7, 19)",taxation,6,0.25,False,True,False
227,17-4,40988.03125,"(10, 18)",taxation,6,0.25,False,True,False
227,0-4,26501.828125,"(36, 2)",taxation,6,0.25,False,True,False
227,22-4,42768.8125,"(35, 1)",taxation,6,0.25,False,True,False
227,10-4,39159.390625,"(33, 3)",taxation,6,0.25,False,True,False
227,242-4,17454.953125,"(21, 44)",taxation,6,0.25,False,True,False
227,142-4,24647.859375,"(19, 5)",taxation,6,0.25,False,True,False
227,189-4,33790.84375,"(19, 40)",taxation,6,0.25,False,True,False
227,63-4,35499.171875,"(40, 3)",taxation,6,0.25,False,True,False
227,165-4,44502.1875,"(24, 43)",taxation,6,0.25,False,True,False
227,94-4,13220.125,"(24, 37)",taxation,6,0.25,False,True,False
227,206-4,37913.328125,"(16, 32)",taxation,6,0.25,False,True,False
227,172-4,40897.484375,"(27, 34)",taxation,6,0.25,False,True,False
227,144-4,37357.90625,"(46, 10)",taxation,6,0.25,False,True,False
227,111-4,40907.515625,"(30, 45)",taxation,6,0.25,False,True,False
227,83-4,40928.671875,"(39, 1)",taxation,6,0.25,False,True,False
227,249-4,39156.5625,"(18, 34)",taxation,6,0.25,False,True,False
227,51-4,39127.40625,"(29, 3)",taxation,6,0.25,False,True,False
227,180-4,37343.265625,"(37, 0)",taxation,6,0.25,False,True,False
227,148-4,30051.953125,"(10, 36)",taxation,6,0.25,False,True,False
227,16-4,42745.34375,"(21, 37)",taxation,6,0.25,False,True,False
227,134-4,37321.25,"(40, 13)",taxation,6,0.25,False,True,False
227,73-4,39118.265625,"(45, 14)",taxation,6,0.25,False,True,False
227,54-4,37320.140625,"(11, 16)",taxation,6,0.25,False,True,False
227,38-4,39117.59375,"(44, 4)",taxation,6,0.25,False,True,False
227,6-4,42751.625,"(39, 7)",taxation,6,0.25,False,True,False
227,156-4,28219.96875,"(23, 38)",taxation,6,0.25,False,True,False
227,95-4,42749.65625,"(43, 9)",taxation,6,0.25,False,True,False
227,42-4,28331.21875,"(16, 41)",taxation,6,0.25,False,True,False
227,168-4,40920.15625,"(18, 45)",taxation,6,0.25,False,True,False
227,183-4,26465.796875,"(17, 38)",taxation,6,0.25,False,True,False
227,53-4,24635.765625,"(39, 6)",taxation,6,0.25,False,True,False
227,106-4,35515.859375,"(44, 14)",taxation,6,0.25,False,True,False
227,133-4,33707.1875,"(12, 15)",taxation,6,0.25,False,True,False
227,25-4,33673.6875,"(5, 21)",taxation,6,0.25,False,True,False
227,56-4,37329.171875,"(3, 21)",taxation,6,0.25,False,True,False
227,234-4,39065.34375,"(20, 38)",taxation,6,0.25,False,True,False
227,71-4,40929.203125,"(24, 5)",taxation,6,0.25,False,True,False
227,162-4,39078.15625,"(16, 38)",taxation,6,0.25,False,True,False
227,45-4,39087.109375,"(25, 39)",taxation,6,0.25,False,True,False
227,212-4,39149.609375,"(37, 3)",taxation,6,0.25,False,True,False
227,110-4,42695.3125,"(23, 42)",taxation,6,0.25,False,True,False
227,225-4,39099.421875,"(17, 37)",taxation,6,0.25,False,True,False
227,231-4,24612.109375,"(22, 27)",taxation,6,0.25,False,True,False
227,137-4,33665.53125,"(45, 9)",taxation,6,0.25,False,True,False
227,4-4,28261.515625,"(34, 2)",taxation,6,0.25,False,True,False
227,169-4,30047.4375,"(15, 33)",taxation,6,0.25,False,True,False
227,125-4,40844.125,"(18, 43)",taxation,6,0.25,False,True,False
227,122-4,31861.515625,"(14, 34)",taxation,6,0.25,False,True,False
227,226-4,37278.796875,"(37, 6)",taxation,6,0.25,False,True,False
227,5-4,17367.21875,"(25, 45)",taxation,6,0.25,False,True,False
227,209-4,42696.46875,"(16, 43)",taxation,6,0.25,False,True,False
227,205-4,19213.359375,"(23, 44)",taxation,6,0.25,False,True,False
227,130-4,40849.34375,"(41, 2)",taxation,6,0.25,False,True,False
227,91-4,40941.796875,"(26, 3)",taxation,6,0.25,False,True,False
227,214-4,24611.4375,"(9, 18)",taxation,6,0.25,False,True,False
227,196-4,26368.25,"(16, 47)",taxation,6,0.25,False,True,False
227,21-4,35460.015625,"(39, 9)",taxation,6,0.25,False,True,False
227,141-4,30058.53125,"(38, 4)",taxation,6,0.25,False,True,False
227,193-4,33639.84375,"(18, 8)",taxation,6,0.25,False,True,False
227,68-4,31829.984375,"(14, 39)",taxation,6,0.25,False,True,False
227,161-4,31828.875,"(40, 0)",taxation,6,0.25,False,True,False
227,147-4,37268.921875,"(19, 38)",taxation,6,0.25,False,True,False
227,175-4,31791.78125,"(17, 44)",taxation,6,0.25,False,True,False
227,55-4,40882.453125,"(21, 6)",taxation,6,0.25,False,True,False
227,50-4,42662.59375,"(18, 48)",taxation,6,0.25,False,True,False
227,113-4,39037.296875,"(18, 44)",taxation,6,0.25,False,True,False
227,201-4,26401.203125,"(6, 18)",taxation,6,0.25,False,True,False
227,102-4,26377.59375,"(8, 19)",taxation,6,0.25,False,True,False
227,112-4,40845.46875,"(17, 46)",taxation,6,0.25,False,True,False
227,41-4,40875.5,"(40, 1)",taxation,6,0.25,False,True,False
227,78-4,35461.515625,"(16, 34)",taxation,6,0.25,False,True,False
227,203-4,44473.765625,"(49, 11)",taxation,6,0.25,False,True,False
227,247-4,33648.5625,"(27, 44)",taxation,6,0.25,False,True,False
227,32-4,40849.359375,"(49, 10)",taxation,6,0.25,False,True,False
227,115-4,40833.484375,"(20, 42)",taxation,6,0.25,False,True,False
227,33-4,29998.703125,"(20, 39)",taxation,6,0.25,False,True,False
227,202-4,42656.375,"(22, 43)",taxation,6,0.25,False,True,False
227,155-4,39047.828125,"(19, 37)",taxation,6,0.25,False,True,False
227,207-4,30015.109375,"(21, 45)",taxation,6,0.25,False,True,False
227,145-4,39039.75,"(39, 2)",taxation,6,0.25,False,True,False
227,132-4,40860.484375,"(41, 3)",taxation,6,0.25,False,True,False
227,166-4,35378.578125,"(17, 34)",taxation,6,0.25,False,True,False
227,100-4,37255.671875,"(19, 41)",taxation,6,0.25,False,True,False
227,116-4,40850.84375,"(46, 11)",taxation,6,0.25,False,True,False
227,19-4,39043.75,"(17, 8)",taxation,6,0.25,False,True,False
227,233-4,35387.828125,"(7, 18)",taxation,6,0.25,False,True,False
227,64-4,37181.5,"(28, 45)",taxation,6,0.25,False,True,False
227,186-4,35448.640625,"(38, 2)",taxation,6,0.25,False,True,False
227,103-4,37213.40625,"(4, 24)",taxation,6,0.25,False,True,False
227,163-4,44425.125,"(26, 44)",taxation,6,0.25,False,True,False
227,221-4,35376.21875,"(37, 4)",taxation,6,0.25,False,True,False
227,86-4,37232.875,"(42, 3)",taxation,6,0.25,False,True,False
227,57-4,33603.765625,"(8, 26)",taxation,6,0.25,False,True,False
227,164-4,39057.828125,"(15, 36)",taxation,6,0.25,False,True,False
227,92-4,40813.1875,"(37, 5)",taxation,6,0.25,False,True,False
227,174-4,40833.84375,"(15, 44)",taxation,6,0.25,False,True,False
227,89-4,39006.296875,"(45, 10)",taxation,6,0.25,False,True,False
227,188-4,37213.34375,"(33, 8)",taxation,6,0.25,False,True,False
227,11-4,29983.890625,"(18, 38)",taxation,6,0.25,False,True,False
227,2-4,37246.859375,"(13, 35)",taxation,6,0.25,False,True,False
227,90-4,33585.90625,"(24, 4)",taxation,6,0.25,False,True,False
227,120-4,42648.875,"(16, 46)",taxation,6,0.25,False,True,False
227,48-4,38970.125,"(13, 34)",taxation,6,0.25,False,True,False
227,69-4,40790.90625,"(44, 7)",taxation,6,0.25,False,True,False
227,97-4,29937.484375,"(26, 45)",taxation,6,0.25,False,True,False
227,13-4,35397.515625,"(14, 31)",taxation,6,0.25,False,True,False
227,58-4,38971.90625,"(38, 3)",taxation,6,0.25,False,True,False
227,52-4,28158.328125,"(44, 5)",taxation,6,0.25,False,True,False
227,117-4,33554.21875,"(28, 37)",taxation,6,0.25,False,True,False
227,27-4,33558.546875,"(16, 37)",taxation,6,0.25,False,True,False
227,121-4,37214.0,"(14, 35)",taxation,6,0.25,False,True,False
227,107-4,40796.65625,"(5, 22)",taxation,6,0.25,False,True,False
227,85-4,33587.3125,"(18, 49)",taxation,6,0.25,False,True,False
227,237-4,29940.484375,"(47, 16)",taxation,6,0.25,False,True,False
227,18-4,42627.234375,"(37, 2)",taxation,6,0.25,False,True,False
227,96-4,42640.28125,"(22, 39)",taxation,6,0.25,False,True,False
227,160-4,33576.3125,"(43, 2)",taxation,6,0.25,False,True,False
227,37-4,39008.046875,"(41, 12)",taxation,6,0.25,False,True,False
227,30-4,42635.703125,"(19, 39)",taxation,6,0.25,False,True,False
227,235-4,37161.953125,"(16, 39)",taxation,6,0.25,False,True,False
227,80-4,40796.46875,"(48, 10)",taxation,6,0.25,False,True,False
227,14-4,10062.90625,"(9, 16)",taxation,6,0.25,False,True,False
227,104-4,35410.84375,"(19, 34)",taxation,6,0.25,False,True,False
227,184-4,37140.203125,"(35, 2)",taxation,6,0.25,False,True,False
227,229-4,40823.765625,"(29, 7)",taxation,6,0.25,False,True,False
227,136-4,29889.28125,"(13, 38)",taxation,6,0.25,False,True,False
227,232-4,22653.765625,"(40, 10)",taxation,6,0.25,False,True,False
227,7-4,28141.03125,"(44, 15)",taxation,6,0.25,False,True,False
227,248-4,37157.890625,"(17, 41)",taxation,6,0.25,False,True,False
227,61-4,44417.640625,"(8, 18)",taxation,6,0.25,False,True,False
227,88-4,37188.25,"(26, 7)",taxation,6,0.25,False,True,False
227,72-4,42591.40625,"(20, 40)",taxation,6,0.25,False,True,False
227,62-4,37166.59375,"(6, 20)",taxation,6,0.25,False,True,False
227,194-4,33535.96875,"(15, 49)",taxation,6,0.25,False,True,False
227,236-4,37161.203125,"(29, 45)",taxation,6,0.25,False,True,False
227,124-4,35313.140625,"(27, 45)",taxation,6,0.25,False,True,False
227,36-4,28107.578125,"(7, 20)",taxation,6,0.25,False,True,False
227,215-4,40793.96875,"(27, 36)",taxation,6,0.25,False,True,False
227,152-4,38960.640625,"(12, 30)",taxation,6,0.25,False,True,False
227,82-4,38972.09375,"(14, 40)",taxation,6,0.25,False,True,False
227,127-4,38970.125,"(8, 17)",taxation,6,0.25,False,True,False
227,47-4,26266.734375,"(17, 45)",taxation,6,0.25,False,True,False
227,223-4,26301.125,"(20, 47)",taxation,6,0.25,False,True,False
227,108-4,20890.515625,"(45, 6)",taxation,6,0.25,False,True,False
227,65-4,42566.203125,"(34, 0)",taxation,6,0.25,False,True,False
227,109-4,37153.40625,"(36, 0)",taxation,6,0.25,False,True,False
227,26-4,29918.171875,"(17, 48)",taxation,6,0.25,False,True,False
227,59-4,33558.953125,"(15, 34)",taxation,6,0.25,False,True,False
227,99-4,35311.953125,"(10, 17)",taxation,6,0.25,False,True,False
227,84-4,37158.46875,"(34, 10)",taxation,6,0.25,False,True,False
227,128-4,40781.6875,"(27, 37)",taxation,6,0.25,False,True,False
227,8-4,37150.1875,"(10, 16)",taxation,6,0.25,False,True,False
227,77-4,31706.34375,"(15, 41)",taxation,6,0.25,False,True,False
227,157-4,35319.890625,"(16, 35)",taxation,6,0.25,False,True,False
227,123-4,42538.171875,"(19, 43)",taxation,6,0.25,False,True,False
227,195-4,17223.453125,"(19, 46)",taxation,6,0.25,False,True,False
227,87-4,37118.96875,"(33, 6)",taxation,6,0.25,False,True,False
227,119-4,37135.8125,"(46, 12)",taxation,6,0.25,False,True,False
227,199-4,42564.1875,"(39, 4)",taxation,6,0.25,False,True,False
227,129-4,35338.375,"(6, 23)",taxation,6,0.25,False,True,False
227,43-4,37146.109375,"(24, 45)",taxation,6,0.25,False,True,False
227,190-4,37098.796875,"(17, 47)",taxation,6,0.25,False,True,False
227,46-4,26274.375,"(40, 16)",taxation,6,0.25,False,True,False
227,15-4,33506.546875,"(15, 37)",taxation,6,0.25,False,True,False
227,245-4,40722.546875,"(21, 42)",taxation,6,0.25,False,True,False
227,178-4,40710.140625,"(8, 39)",taxation,6,0.25,False,True,False
227,151-4,29851.140625,"(45, 12)",taxation,6,0.25,False,True,False
227,79-4,35329.640625,"(38, 0)",taxation,6,0.25,False,True,False
227,114-4,42547.984375,"(15, 38)",taxation,6,0.25,False,True,False
227,230-4,29871.5,"(22, 44)",taxation,6,0.25,False,True,False
227,224-4,31678.484375,"(45, 8)",taxation,6,0.25,False,True,False
227,93-4,17187.0,"(16, 36)",taxation,6,0.25,False,True,False
228,220-3,54345.25,"(41, 13)",taxation,6,0.25,False,True,False
228,135-3,49476.0625,"(25, 49)",taxation,6,0.25,False,True,False
228,227-3,54317.375,"(23, 49)",taxation,6,0.25,False,True,False
228,118-3,54261.625,"(42, 8)",taxation,6,0.25,False,True,False
228,244-3,56719.875,"(36, 12)",taxation,6,0.25,False,True,False
228,34-3,44635.5,"(45, 2)",taxation,6,0.25,False,True,False
228,60-3,51868.4375,"(11, 32)",taxation,6,0.25,False,True,False
228,218-3,56722.125,"(43, 4)",taxation,6,0.25,False,True,False
228,49-3,47098.875,"(41, 1)",taxation,6,0.25,False,True,False
228,185-3,49533.125,"(49, 20)",taxation,6,0.25,False,True,False
228,228-4,29567.9375,"(23, 47)",taxation,6,0.25,False,True,False
228,24-3,39875.125,"(46, 7)",taxation,6,0.25,False,True,False
228,9-3,42265.9375,"(14, 49)",taxation,6,0.25,False,True,False
228,39-3,34975.625,"(20, 48)",taxation,6,0.25,False,True,False
228,29-3,49512.9375,"(37, 10)",taxation,6,0.25,False,True,False
228,131-3,49476.75,"(11, 37)",taxation,6,0.25,False,True,False
228,81-3,47096.6875,"(44, 1)",taxation,6,0.25,False,True,False
228,222-3,49457.125,"(40, 8)",taxation,6,0.25,False,True,False
228,171-3,49452.375,"(48, 5)",taxation,6,0.25,False,True,False
228,200-3,47085.5,"(48, 8)",taxation,6,0.25,False,True,False
228,238-3,49454.5,"(24, 47)",taxation,6,0.25,False,True,False
228,153-3,25361.25,"(45, 0)",taxation,6,0.25,False,True,False
228,197-3,39814.1875,"(15, 48)",taxation,6,0.25,False,True,False
228,139-4,44650.765625,"(29, 8)",taxation,6,0.25,False,True,False
228,204-3,54263.375,"(21, 47)",taxation,6,0.25,False,True,False
228,211-3,32548.8125,"(20, 6)",taxation,6,0.25,False,True,False
228,101-3,49502.5625,"(42, 17)",taxation,6,0.25,False,True,False
228,213-3,49464.625,"(15, 39)",taxation,6,0.25,False,True,False
228,70-3,51855.0,"(19, 48)",taxation,6,0.25,False,True,False
228,239-3,49484.625,"(22, 28)",taxation,6,0.25,False,True,False
228,243-3,47030.125,"(9, 28)",taxation,6,0.25,False,True,False
228,192-3,44653.25,"(22, 48)",taxation,6,0.25,False,True,False
228,143-3,49471.3125,"(25, 48)",taxation,6,0.25,False,True,False
228,3-3,30101.6875,"(22, 45)",taxation,6,0.25,False,True,False
228,181-3,49444.937500000015,"(28, 43)",taxation,6,0.25,False,True,False
228,105-3,44626.625,"(48, 6)",taxation,6,0.25,False,True,False
228,177-3,49508.3125,"(31, 43)",taxation,6,0.25,False,True,False
228,167-4,39202.734375,"(41, 7)",taxation,6,0.25,False,True,False
228,173-4,10898.8125,"(7, 15)",taxation,6,0.25,False,True,False
228,44-3,32559.0,"(13, 43)",taxation,6,0.25,False,True,False
228,216-3,54261.5,"(44, 17)",taxation,6,0.25,False,True,False
228,217-3,30156.375,"(27, 46)",taxation,6,0.25,False,True,False
228,138-3,51802.8125,"(40, 19)",taxation,6,0.25,False,True,False
228,75-4,35529.0625,"(10, 30)",taxation,6,0.25,False,True,False
228,74-4,43368.0,"(14, 45)",taxation,6,0.25,False,True,False
228,191-3,56659.5625,"(11, 14)",taxation,6,0.25,False,True,False
228,240-4,13237.3125,"(1, 23)",taxation,6,0.25,False,True,False
228,20-3,47042.75,"(37, 13)",taxation,6,0.25,False,True,False
228,159-3,39816.375,"(47, 2)",taxation,6,0.25,False,True,False
228,158-4,36167.0625,"(8, 15)",taxation,6,0.25,False,True,False
228,66-3,54280.8125,"(21, 36)",taxation,6,0.25,False,True,False
228,170-4,34405.734375,"(49, 4)",taxation,6,0.25,False,True,False
228,146-4,15688.3125,"(47, 3)",taxation,6,0.25,False,True,False
228,208-4,39802.703125,"(40, 5)",taxation,6,0.25,False,True,False
228,219-4,43403.3125,"(45, 4)",taxation,6,0.25,False,True,False
228,140-4,1167.0625,"(3, 19)",taxation,6,0.25,False,True,False
228,210-3,59061.5625,"(11, 36)",taxation,6,0.25,False,True,False
228,198-4,35571.71875,"(41, 9)",taxation,6,0.25,False,True,False
228,246-4,37388.3125,"(22, 46)",taxation,6,0.25,False,True,False
228,187-4,20480.1875,"(43, 7)",taxation,6,0.25,False,True,False
228,179-4,32586.53125,"(30, 3)",taxation,6,0.25,False,True,False
228,23-4,40380.5,"(48, 15)",taxation,6,0.25,False,True,False
228,31-4,44578.46875,"(10, 48)",taxation,6,0.25,False,True,False
228,150-3,42171.4375,"(46, 13)",taxation,6,0.25,False,True,False
228,12-3,47012.8125,"(42, 1)",taxation,6,0.25,False,True,False
228,98-4,20524.0625,"(22, 42)",taxation,6,0.25,False,True,False
228,126-3,49428.0625,"(29, 49)",taxation,6,0.25,False,True,False
228,176-4,1188.1875,"(26, 49)",taxation,6,0.25,False,True,False
228,28-4,34353.203125,"(42, 10)",taxation,6,0.25,False,True,False
228,154-4,18047.3125,"(28, 47)",taxation,6,0.25,False,True,False
228,40-4,40969.3125,"(5, 17)",taxation,6,0.25,False,True,False
228,1-4,28931.140625,"(15, 45)",taxation,6,0.25,False,True,False
228,76-4,37369.921875000015,"(27, 42)",taxation,6,0.25,False,True,False
228,67-3,37394.5625,"(48, 9)",taxation,6,0.25,False,True,False
228,182-4,39138.890625,"(20, 37)",taxation,6,0.25,False,True,False
228,241-4,35530.21875,"(20, 7)",taxation,6,0.25,False,True,False
228,149-4,33775.5625,"(5, 18)",taxation,6,0.25,False,True,False
228,17-4,40996.03125,"(12, 17)",taxation,6,0.25,False,True,False
228,0-4,26509.828125,"(40, 4)",taxation,6,0.25,False,True,False
228,22-4,42774.8125,"(36, 6)",taxation,6,0.25,False,True,False
228,10-4,39165.390625,"(36, 4)",taxation,6,0.25,False,True,False
228,242-4,17463.953125,"(24, 49)",taxation,6,0.25,False,True,False
228,142-4,24654.859375,"(18, 4)",taxation,6,0.25,False,True,False
228,189-4,33797.84375,"(24, 36)",taxation,6,0.25,False,True,False
228,63-4,35507.171875,"(45, 3)",taxation,6,0.25,False,True,False
228,165-4,44510.1875,"(27, 49)",taxation,6,0.25,False,True,False
228,94-4,13228.125,"(28, 41)",taxation,6,0.25,False,True,False
228,206-4,37921.328125,"(12, 36)",taxation,6,0.25,False,True,False
228,172-4,40904.484375,"(28, 34)",taxation,6,0.25,False,True,False
228,144-4,37366.90625,"(49, 6)",taxation,6,0.25,False,True,False
228,111-4,40915.515625,"(30, 43)",taxation,6,0.25,False,True,False
228,83-4,40936.671875,"(43, 3)",taxation,6,0.25,False,True,False
228,249-4,39163.5625,"(21, 32)",taxation,6,0.25,False,True,False
228,51-4,39133.40625,"(31, 7)",taxation,6,0.25,False,True,False
228,180-4,37350.265625,"(42, 0)",taxation,6,0.25,False,True,False
228,148-4,30058.953125,"(10, 35)",taxation,6,0.25,False,True,False
228,16-4,42753.34375,"(26, 41)",taxation,6,0.25,False,True,False
228,134-4,37329.25,"(42, 13)",taxation,6,0.25,False,True,False
228,73-4,39126.265625,"(45, 13)",taxation,6,0.25,False,True,False
228,54-4,37329.140625,"(7, 17)",taxation,6,0.25,False,True,False
228,38-4,39126.59375,"(46, 3)",taxation,6,0.25,False,True,False
228,6-4,42760.625,"(44, 3)",taxation,6,0.25,False,True,False
228,156-4,28227.96875,"(28, 42)",taxation,6,0.25,False,True,False
228,95-4,42758.65625,"(49, 3)",taxation,6,0.25,False,True,False
228,42-4,28337.21875,"(19, 44)",taxation,6,0.25,False,True,False
228,168-4,40927.15625,"(15, 47)",taxation,6,0.25,False,True,False
228,183-4,26469.796875,"(12, 32)",taxation,6,0.25,False,True,False
228,53-4,24643.765625,"(41, 6)",taxation,6,0.25,False,True,False
228,106-4,35524.859375,"(49, 8)",taxation,6,0.25,False,True,False
228,133-4,33715.1875,"(11, 15)",taxation,6,0.25,False,True,False
228,25-4,33682.6875,"(0, 23)",taxation,6,0.25,False,True,False
228,56-4,37337.171875,"(3, 20)",taxation,6,0.25,False,True,False
228,234-4,39073.34375,"(23, 41)",taxation,6,0.25,False,True,False
228,71-4,40935.203125,"(22, 4)",taxation,6,0.25,False,True,False
228,162-4,39085.15625,"(10, 33)",taxation,6,0.25,False,True,False
228,45-4,39095.109375,"(29, 43)",taxation,6,0.25,False,True,False
228,212-4,39155.609375,"(42, 4)",taxation,6,0.25,False,True,False
228,110-4,42704.3125,"(23, 45)",taxation,6,0.25,False,True,False
228,225-4,39105.421875,"(22, 31)",taxation,6,0.25,False,True,False
228,231-4,24619.109375,"(24, 27)",taxation,6,0.25,False,True,False
228,137-4,33674.53125,"(48, 3)",taxation,6,0.25,False,True,False
228,4-4,28267.515625,"(36, 5)",taxation,6,0.25,False,True,False
228,169-4,30054.4375,"(12, 33)",taxation,6,0.25,False,True,False
228,125-4,40849.125,"(14, 43)",taxation,6,0.25,False,True,False
228,122-4,31868.515625,"(11, 34)",taxation,6,0.25,False,True,False
228,226-4,37285.796875,"(43, 5)",taxation,6,0.25,False,True,False
228,5-4,17374.21875,"(29, 48)",taxation,6,0.25,False,True,False
228,209-4,42705.46875,"(21, 46)",taxation,6,0.25,False,True,False
228,205-4,19222.359375,"(24, 46)",taxation,6,0.25,False,True,False
228,130-4,40858.34375,"(46, 2)",taxation,6,0.25,False,True,False
228,91-4,40947.796875,"(22, 3)",taxation,6,0.25,False,True,False
228,214-4,24619.4375,"(9, 14)",taxation,6,0.25,False,True,False
228,196-4,26374.25,"(14, 47)",taxation,6,0.25,False,True,False
228,21-4,35468.015625,"(43, 8)",taxation,6,0.25,False,True,False
228,141-4,30066.53125,"(44, 8)",taxation,6,0.25,False,True,False
228,193-4,33646.84375,"(15, 10)",taxation,6,0.25,False,True,False
228,68-4,31836.984375,"(9, 35)",taxation,6,0.25,False,True,False
228,161-4,31837.875,"(46, 0)",taxation,6,0.25,False,True,False
228,147-4,37276.921875,"(16, 40)",taxation,6,0.25,False,True,False
228,175-4,31799.78125,"(19, 47)",taxation,6,0.25,False,True,False
228,55-4,40889.453125,"(17, 2)",taxation,6,0.25,False,True,False
228,50-4,42671.59375,"(22, 47)",taxation,6,0.25,False,True,False
228,113-4,39040.296875,"(12, 40)",taxation,6,0.25,False,True,False
228,201-4,26409.203125,"(5, 19)",taxation,6,0.25,False,True,False
228,102-4,26386.59375,"(2, 21)",taxation,6,0.25,False,True,False
228,112-4,40853.46875,"(20, 49)",taxation,6,0.25,False,True,False
228,41-4,40883.5,"(45, 1)",taxation,6,0.25,False,True,False
228,78-4,35468.515625,"(13, 33)",taxation,6,0.25,False,True,False
228,203-4,44481.765625,"(49, 14)",taxation,6,0.25,False,True,False
228,247-4,33656.5625,"(32, 43)",taxation,6,0.25,False,True,False
228,32-4,40858.359375,"(49, 7)",taxation,6,0.25,False,True,False
228,115-4,40840.484375,"(22, 41)",taxation,6,0.25,False,True,False
228,33-4,30006.703125,"(23, 43)",taxation,6,0.25,False,True,False
228,202-4,42662.375,"(28, 48)",taxation,6,0.25,False,True,False
228,155-4,39054.828125,"(24, 33)",taxation,6,0.25,False,True,False
228,207-4,30024.109375,"(23, 48)",taxation,6,0.25,False,True,False
228,145-4,39046.75,"(45, 7)",taxation,6,0.25,False,True,False
228,132-4,40869.484375,"(43, 1)",taxation,6,0.25,False,True,False
228,166-4,35383.578125,"(23, 29)",taxation,6,0.25,False,True,False
228,100-4,37257.671875,"(21, 41)",taxation,6,0.25,False,True,False
228,116-4,40859.84375,"(47, 7)",taxation,6,0.25,False,True,False
228,19-4,39051.75,"(12, 14)",taxation,6,0.25,False,True,False
228,233-4,35395.828125,"(6, 16)",taxation,6,0.25,False,True,False
228,64-4,37189.5,"(30, 42)",taxation,6,0.25,False,True,False
228,186-4,35455.640625,"(44, 6)",taxation,6,0.25,False,True,False
228,103-4,37221.40625,"(2, 24)",taxation,6,0.25,False,True,False
228,163-4,44434.125,"(25, 46)",taxation,6,0.25,False,True,False
228,221-4,35382.21875,"(37, 9)",taxation,6,0.25,False,True,False
228,86-4,37241.875,"(44, 2)",taxation,6,0.25,False,True,False
228,57-4,33611.765625,"(3, 25)",taxation,6,0.25,False,True,False
228,164-4,39064.828125,"(12, 35)",taxation,6,0.25,False,True,False
228,92-4,40819.1875,"(32, 7)",taxation,6,0.25,False,True,False
228,174-4,40839.84375,"(10, 47)",taxation,6,0.25,False,True,False
228,89-4,39015.296875,"(49, 5)",taxation,6,0.25,False,True,False
228,188-4,37220.34375,"(37, 11)",taxation,6,0.25,False,True,False
228,11-4,29991.890625,"(17, 40)",taxation,6,0.25,False,True,False
228,2-4,37253.859375,"(11, 33)",taxation,6,0.25,False,True,False
228,90-4,33592.90625,"(20, 5)",taxation,6,0.25,False,True,False
228,120-4,42654.875,"(11, 46)",taxation,6,0.25,False,True,False
228,48-4,38977.125,"(8, 34)",taxation,6,0.25,False,True,False
228,69-4,40799.90625,"(46, 6)",taxation,6,0.25,False,True,False
228,97-4,29946.484375,"(26, 46)",taxation,6,0.25,False,True,False
228,13-4,35404.515625,"(13, 32)",taxation,6,0.25,False,True,False
228,58-4,38979.90625,"(42, 7)",taxation,6,0.25,False,True,False
228,52-4,28167.328125,"(48, 2)",taxation,6,0.25,False,True,False
228,117-4,33562.21875,"(28, 39)",taxation,6,0.25,False,True,False
228,27-4,33566.546875,"(18, 42)",taxation,6,0.25,False,True,False
228,121-4,37221.0,"(13, 36)",taxation,6,0.25,False,True,False
228,107-4,40804.65625,"(4, 20)",taxation,6,0.25,False,True,False
228,85-4,33596.3125,"(22, 49)",taxation,6,0.25,False,True,False
228,237-4,29948.484375,"(47, 14)",taxation,6,0.25,False,True,False
228,18-4,42634.234375,"(42, 2)",taxation,6,0.25,False,True,False
228,96-4,42648.28125,"(24, 41)",taxation,6,0.25,False,True,False
228,160-4,33585.3125,"(46, 1)",taxation,6,0.25,False,True,False
228,37-4,39017.046875,"(47, 6)",taxation,6,0.25,False,True,False
228,30-4,42643.703125,"(25, 42)",taxation,6,0.25,False,True,False
228,235-4,37168.953125,"(12, 41)",taxation,6,0.25,False,True,False
228,80-4,40804.46875,"(47, 8)",taxation,6,0.25,False,True,False
228,14-4,10070.90625,"(9, 15)",taxation,6,0.25,False,True,False
228,104-4,35417.84375,"(23, 32)",taxation,6,0.25,False,True,False
228,184-4,37148.203125,"(41, 5)",taxation,6,0.25,False,True,False
228,229-4,40829.765625,"(31, 8)",taxation,6,0.25,False,True,False
228,136-4,29896.28125,"(9, 34)",taxation,6,0.25,False,True,False
228,232-4,22662.765625,"(45, 5)",taxation,6,0.25,False,True,False
228,7-4,28149.03125,"(43, 16)",taxation,6,0.25,False,True,False
228,248-4,37163.890625,"(23, 36)",taxation,6,0.25,False,True,False
228,61-4,44425.640625,"(7, 16)",taxation,6,0.25,False,True,False
228,88-4,37194.25,"(28, 8)",taxation,6,0.25,False,True,False
228,72-4,42599.40625,"(26, 42)",taxation,6,0.25,False,True,False
228,62-4,37174.59375,"(4, 18)",taxation,6,0.25,False,True,False
228,194-4,33543.96875,"(19, 49)",taxation,6,0.25,False,True,False
228,236-4,37170.203125,"(29, 47)",taxation,6,0.25,False,True,False
228,124-4,35322.140625,"(27, 47)",taxation,6,0.25,False,True,False
228,36-4,28115.578125,"(5, 20)",taxation,6,0.25,False,True,False
228,215-4,40801.96875,"(27, 39)",taxation,6,0.25,False,True,False
228,152-4,38967.640625,"(11, 30)",taxation,6,0.25,False,True,False
228,82-4,38980.09375,"(19, 45)",taxation,6,0.25,False,True,False
228,127-4,38979.125,"(6, 17)",taxation,6,0.25,False,True,False
228,47-4,26275.734375,"(21, 48)",taxation,6,0.25,False,True,False
228,223-4,26305.125,"(26, 48)",taxation,6,0.25,False,True,False
228,108-4,20899.515625,"(47, 4)",taxation,6,0.25,False,True,False
228,65-4,42574.203125,"(40, 6)",taxation,6,0.25,False,True,False
228,109-4,37161.40625,"(42, 6)",taxation,6,0.25,False,True,False
228,26-4,29923.171875,"(11, 43)",taxation,6,0.25,False,True,False
228,59-4,33565.953125,"(11, 35)",taxation,6,0.25,False,True,False
228,99-4,35319.953125,"(10, 15)",taxation,6,0.25,False,True,False
228,84-4,37165.46875,"(38, 12)",taxation,6,0.25,False,True,False
228,128-4,40789.6875,"(27, 41)",taxation,6,0.25,False,True,False
228,8-4,37159.1875,"(4, 19)",taxation,6,0.25,False,True,False
228,77-4,31714.34375,"(20, 46)",taxation,6,0.25,False,True,False
228,157-4,35326.890625,"(12, 34)",taxation,6,0.25,False,True,False
228,123-4,42547.171875,"(23, 46)",taxation,6,0.25,False,True,False
228,195-4,17232.453125,"(24, 48)",taxation,6,0.25,False,True,False
228,87-4,37124.96875,"(32, 8)",taxation,6,0.25,False,True,False
228,119-4,37143.8125,"(44, 13)",taxation,6,0.25,False,True,False
228,199-4,42573.1875,"(43, 0)",taxation,6,0.25,False,True,False
228,129-4,35346.375,"(3, 24)",taxation,6,0.25,False,True,False
228,43-4,37155.109375,"(25, 47)",taxation,6,0.25,False,True,False
228,190-4,37105.796875,"(18, 47)",taxation,6,0.25,False,True,False
228,46-4,26282.375,"(41, 16)",taxation,6,0.25,False,True,False
228,15-4,33513.546875,"(13, 37)",taxation,6,0.25,False,True,False
228,245-4,40730.546875,"(25, 44)",taxation,6,0.25,False,True,False
228,178-4,40717.140625,"(11, 40)",taxation,6,0.25,False,True,False
228,151-4,29859.140625,"(43, 13)",taxation,6,0.25,False,True,False
228,79-4,35337.640625,"(44, 0)",taxation,6,0.25,False,True,False
228,114-4,42554.984375,"(10, 32)",taxation,6,0.25,False,True,False
228,230-4,29878.5,"(28, 49)",taxation,6,0.25,False,True,False
228,224-4,31687.484375,"(48, 4)",taxation,6,0.25,False,True,False
228,93-4,17194.0,"(12, 37)",taxation,6,0.25,False,True,False
228,35-4,37105.40625,"(25, 41)",taxation,6,0.25,False,True,False
229,227-3,54319.375,"(27, 43)",taxation,6,0.25,False,True,False
229,118-3,54270.625,"(46, 5)",taxation,6,0.25,False,True,False
229,244-3,56727.875,"(36, 16)",taxation,6,0.25,False,True,False
229,218-3,56724.125,"(38, 8)",taxation,6,0.25,False,True,False
229,185-3,49541.125,"(49, 21)",taxation,6,0.25,False,True,False
229,228-4,29569.9375,"(24, 42)",taxation,6,0.25,False,True,False
229,9-3,42269.9375,"(8, 45)",taxation,6,0.25,False,True,False
229,39-3,34977.625,"(14, 46)",taxation,6,0.25,False,True,False
229,29-3,49519.9375,"(39, 16)",taxation,6,0.25,False,True,False
229,131-3,49483.75,"(6, 32)",taxation,6,0.25,False,True,False
229,81-3,47097.6875,"(41, 2)",taxation,6,0.25,False,True,False
229,222-3,49464.125,"(39, 13)",taxation,6,0.25,False,True,False
229,171-3,49462.375,"(49, 0)",taxation,6,0.25,False,True,False
229,200-3,47087.5,"(49, 12)",taxation,6,0.25,False,True,False
229,238-3,49456.5,"(29, 42)",taxation,6,0.25,False,True,False
229,153-3,25362.25,"(43, 2)",taxation,6,0.25,False,True,False
229,197-3,39818.1875,"(9, 45)",taxation,6,0.25,False,True,False
229,139-4,44657.765625,"(27, 12)",taxation,6,0.25,False,True,False
229,204-3,54264.375,"(20, 47)",taxation,6,0.25,False,True,False
229,211-3,32556.8125,"(15, 12)",taxation,6,0.25,False,True,False
229,101-3,49511.5625,"(42, 19)",taxation,6,0.25,False,True,False
229,213-3,49470.625,"(9, 33)",taxation,6,0.25,False,True,False
229,70-3,51857.0,"(16, 49)",taxation,6,0.25,False,True,False
229,239-3,49491.625,"(23, 26)",taxation,6,0.25,False,True,False
229,243-3,47038.125,"(3, 22)",taxation,6,0.25,False,True,False
229,192-3,44654.25,"(21, 45)",taxation,6,0.25,False,True,False
229,143-3,49473.3125,"(30, 44)",taxation,6,0.25,False,True,False
229,3-3,30103.6875,"(20, 41)",taxation,6,0.25,False,True,False
229,181-3,49449.937500000015,"(34, 37)",taxation,6,0.25,False,True,False
229,105-3,44628.625,"(45, 11)",taxation,6,0.25,False,True,False
229,177-3,49516.3125,"(33, 39)",taxation,6,0.25,False,True,False
229,167-4,39211.734375,"(46, 4)",taxation,6,0.25,False,True,False
229,173-4,10907.8125,"(1, 21)",taxation,6,0.25,False,True,False
229,44-3,32564.0,"(7, 41)",taxation,6,0.25,False,True,False
229,216-3,54270.5,"(47, 21)",taxation,6,0.25,False,True,False
229,217-3,30160.375,"(32, 40)",taxation,6,0.25,False,True,False
229,138-3,51811.8125,"(41, 19)",taxation,6,0.25,False,True,False
229,75-4,35537.0625,"(7, 25)",taxation,6,0.25,False,True,False
229,74-4,43372.0,"(9, 42)",taxation,6,0.25,False,True,False
229,191-3,56667.5625,"(10, 13)",taxation,6,0.25,False,True,False
229,240-4,13245.3125,"(1, 24)",taxation,6,0.25,False,True,False
229,20-3,47050.75,"(40, 15)",taxation,6,0.25,False,True,False
229,159-3,39817.375,"(44, 5)",taxation,6,0.25,False,True,False
229,158-4,36176.0625,"(3, 18)",taxation,6,0.25,False,True,False
229,66-3,54286.8125,"(27, 33)",taxation,6,0.25,False,True,False
229,170-4,34407.734375,"(43, 10)",taxation,6,0.25,False,True,False
229,146-4,15689.3125,"(44, 7)",taxation,6,0.25,False,True,False
229,208-4,39808.703125,"(35, 0)",taxation,6,0.25,False,True,False
229,219-4,43405.3125,"(39, 10)",taxation,6,0.25,False,True,False
229,140-4,1175.0625,"(2, 18)",taxation,6,0.25,False,True,False
229,210-3,59068.5625,"(6, 36)",taxation,6,0.25,False,True,False
229,198-4,35578.71875,"(45, 15)",taxation,6,0.25,False,True,False
229,246-4,37390.3125,"(23, 40)",taxation,6,0.25,False,True,False
229,187-4,20483.1875,"(38, 13)",taxation,6,0.25,False,True,False
229,179-4,32592.53125,"(27, 7)",taxation,6,0.25,False,True,False
229,23-4,40389.5,"(48, 20)",taxation,6,0.25,False,True,False
229,31-4,44584.46875,"(4, 42)",taxation,6,0.25,False,True,False
229,150-3,42179.4375,"(43, 15)",taxation,6,0.25,False,True,False
229,12-3,47013.8125,"(40, 1)",taxation,6,0.25,False,True,False
229,98-4,20527.0625,"(26, 38)",taxation,6,0.25,False,True,False
229,126-3,49429.0625,"(30, 46)",taxation,6,0.25,False,True,False
229,176-4,1190.1875,"(28, 44)",taxation,6,0.25,False,True,False
229,28-4,34361.203125,"(41, 14)",taxation,6,0.25,False,True,False
229,154-4,18051.3125,"(33, 41)",taxation,6,0.25,False,True,False
229,40-4,40978.3125,"(2, 20)",taxation,6,0.25,False,True,False
229,1-4,28936.140625,"(9, 39)",taxation,6,0.25,False,True,False
229,76-4,37377.921875000015,"(31, 42)",taxation,6,0.25,False,True,False
229,67-3,37397.5625,"(47, 15)",taxation,6,0.25,False,True,False
229,182-4,39145.890625,"(24, 32)",taxation,6,0.25,False,True,False
229,241-4,35538.21875,"(19, 13)",taxation,6,0.25,False,True,False
229,149-4,33783.5625,"(1, 18)",taxation,6,0.25,False,True,False
229,17-4,41004.03125,"(14, 16)",taxation,6,0.25,False,True,False
229,0-4,26511.828125,"(35, 4)",taxation,6,0.25,False,True,False
229,22-4,42781.8125,"(32, 9)",taxation,6,0.25,False,True,False
229,10-4,39170.390625,"(34, 1)",taxation,6,0.25,False,True,False
229,242-4,17464.953125,"(24, 45)",taxation,6,0.25,False,True,False
229,142-4,24662.859375,"(14, 8)",taxation,6,0.25,False,True,False
229,189-4,33805.84375,"(29, 32)",taxation,6,0.25,False,True,False
229,63-4,35509.171875,"(42, 9)",taxation,6,0.25,False,True,False
229,165-4,44512.1875,"(29, 44)",taxation,6,0.25,False,True,False
229,94-4,13236.125,"(31, 38)",taxation,6,0.25,False,True,False
229,206-4,37928.328125,"(7, 35)",taxation,6,0.25,False,True,False
229,172-4,40912.484375,"(30, 33)",taxation,6,0.25,False,True,False
229,144-4,37376.90625,"(49, 2)",taxation,6,0.25,False,True,False
229,111-4,40920.515625,"(35, 40)",taxation,6,0.25,False,True,False
229,83-4,40938.671875,"(41, 8)",taxation,6,0.25,False,True,False
229,249-4,39171.5625,"(26, 28)",taxation,6,0.25,False,True,False
229,51-4,39139.40625,"(28, 9)",taxation,6,0.25,False,True,False
229,180-4,37357.265625,"(43, 6)",taxation,6,0.25,False,True,False
229,148-4,30066.953125,"(8, 35)",taxation,6,0.25,False,True,False
229,16-4,42761.34375,"(30, 35)",taxation,6,0.25,False,True,False
229,134-4,37337.25,"(40, 17)",taxation,6,0.25,False,True,False
229,73-4,39134.265625,"(43, 18)",taxation,6,0.25,False,True,False
229,54-4,37338.140625,"(4, 17)",taxation,6,0.25,False,True,False
229,38-4,39127.59375,"(45, 8)",taxation,6,0.25,False,True,False
229,6-4,42762.625,"(40, 7)",taxation,6,0.25,False,True,False
229,156-4,28235.96875,"(34, 39)",taxation,6,0.25,False,True,False
229,95-4,42768.65625,"(49, 1)",taxation,6,0.25,False,True,False
229,42-4,28340.21875,"(13, 41)",taxation,6,0.25,False,True,False
229,168-4,40931.15625,"(9, 43)",taxation,6,0.25,False,True,False
229,183-4,26476.796875,"(7, 29)",taxation,6,0.25,False,True,False
229,53-4,24651.765625,"(46, 9)",taxation,6,0.25,False,True,False
229,106-4,35527.859375,"(48, 14)",taxation,6,0.25,False,True,False
229,133-4,33724.1875,"(8, 14)",taxation,6,0.25,False,True,False
229,25-4,33691.6875,"(0, 22)",taxation,6,0.25,False,True,False
229,56-4,37345.171875,"(1, 20)",taxation,6,0.25,False,True,False
229,234-4,39077.34375,"(29, 36)",taxation,6,0.25,False,True,False
229,71-4,40942.203125,"(21, 5)",taxation,6,0.25,False,True,False
229,162-4,39092.15625,"(8, 33)",taxation,6,0.25,False,True,False
229,45-4,39103.109375,"(35, 37)",taxation,6,0.25,False,True,False
229,212-4,39157.609375,"(38, 7)",taxation,6,0.25,False,True,False
229,110-4,42706.3125,"(25, 40)",taxation,6,0.25,False,True,False
229,225-4,39113.421875,"(27, 29)",taxation,6,0.25,False,True,False
229,231-4,24626.109375,"(24, 26)",taxation,6,0.25,False,True,False
229,137-4,33675.53125,"(44, 4)",taxation,6,0.25,False,True,False
229,4-4,28273.515625,"(32, 10)",taxation,6,0.25,False,True,False
229,169-4,30061.4375,"(8, 32)",taxation,6,0.25,False,True,False
229,125-4,40854.125,"(9, 38)",taxation,6,0.25,False,True,False
229,122-4,31875.515625,"(6, 35)",taxation,6,0.25,False,True,False
229,226-4,37287.796875,"(40, 9)",taxation,6,0.25,False,True,False
229,5-4,17375.21875,"(29, 46)",taxation,6,0.25,False,True,False
229,209-4,42707.46875,"(24, 40)",taxation,6,0.25,False,True,False
229,205-4,19225.359375,"(30, 41)",taxation,6,0.25,False,True,False
229,130-4,40859.34375,"(42, 5)",taxation,6,0.25,False,True,False
229,91-4,40954.796875,"(21, 7)",taxation,6,0.25,False,True,False
229,214-4,24627.4375,"(9, 13)",taxation,6,0.25,False,True,False
229,196-4,26378.25,"(9, 44)",taxation,6,0.25,False,True,False
229,21-4,35471.015625,"(42, 14)",taxation,6,0.25,False,True,False
229,141-4,30075.53125,"(48, 7)",taxation,6,0.25,False,True,False
229,193-4,33655.84375,"(10, 14)",taxation,6,0.25,False,True,False
229,68-4,31843.984375,"(4, 32)",taxation,6,0.25,False,True,False
229,161-4,31846.875,"(47, 5)",taxation,6,0.25,False,True,False
229,147-4,37281.921875,"(10, 34)",taxation,6,0.25,False,True,False
229,175-4,31801.78125,"(14, 44)",taxation,6,0.25,False,True,False
229,55-4,40896.453125,"(17, 3)",taxation,6,0.25,False,True,False
229,50-4,42675.59375,"(26, 47)",taxation,6,0.25,False,True,False
229,113-4,39047.296875,"(7, 38)",taxation,6,0.25,False,True,False
229,201-4,26417.203125,"(6, 22)",taxation,6,0.25,False,True,False
229,102-4,26394.59375,"(2, 22)",taxation,6,0.25,False,True,False
229,112-4,40854.46875,"(18, 49)",taxation,6,0.25,False,True,False
229,41-4,40884.5,"(42, 3)",taxation,6,0.25,False,True,False
229,78-4,35475.515625,"(9, 31)",taxation,6,0.25,False,True,False
229,203-4,44489.765625,"(49, 19)",taxation,6,0.25,False,True,False
229,247-4,33663.5625,"(37, 37)",taxation,6,0.25,False,True,False
229,32-4,40860.359375,"(49, 13)",taxation,6,0.25,False,True,False
229,115-4,40843.484375,"(27, 38)",taxation,6,0.25,False,True,False
229,33-4,30009.703125,"(27, 40)",taxation,6,0.25,False,True,False
229,202-4,42663.375,"(28, 45)",taxation,6,0.25,False,True,False
229,155-4,39062.828125,"(25, 29)",taxation,6,0.25,False,True,False
229,207-4,30026.109375,"(25, 43)",taxation,6,0.25,False,True,False
229,145-4,39048.75,"(42, 11)",taxation,6,0.25,False,True,False
229,132-4,40870.484375,"(41, 3)",taxation,6,0.25,False,True,False
229,166-4,35391.578125,"(26, 29)",taxation,6,0.25,False,True,False
229,100-4,37260.671875,"(25, 36)",taxation,6,0.25,False,True,False
229,116-4,40861.84375,"(48, 12)",taxation,6,0.25,False,True,False
229,19-4,39059.75,"(12, 13)",taxation,6,0.25,False,True,False
229,233-4,35403.828125,"(2, 17)",taxation,6,0.25,False,True,False
229,64-4,37197.5,"(33, 38)",taxation,6,0.25,False,True,False
229,186-4,35457.640625,"(44, 10)",taxation,6,0.25,False,True,False
229,103-4,37230.40625,"(1, 22)",taxation,6,0.25,False,True,False
229,163-4,44437.125,"(29, 40)",taxation,6,0.25,False,True,False
229,221-4,35389.21875,"(40, 14)",taxation,6,0.25,False,True,False
229,86-4,37242.875,"(40, 2)",taxation,6,0.25,False,True,False
229,57-4,33619.765625,"(3, 23)",taxation,6,0.25,False,True,False
229,164-4,39071.828125,"(6, 31)",taxation,6,0.25,False,True,False
229,92-4,40826.1875,"(29, 12)",taxation,6,0.25,False,True,False
229,174-4,40845.84375,"(4, 41)",taxation,6,0.25,False,True,False
229,89-4,39017.296875,"(47, 11)",taxation,6,0.25,False,True,False
229,188-4,37228.34375,"(39, 15)",taxation,6,0.25,False,True,False
229,11-4,29994.890625,"(11, 41)",taxation,6,0.25,False,True,False
229,2-4,37260.859375,"(9, 30)",taxation,6,0.25,False,True,False
229,90-4,33600.90625,"(15, 11)",taxation,6,0.25,False,True,False
229,120-4,42659.875,"(6, 42)",taxation,6,0.25,False,True,False
229,48-4,38984.125,"(5, 31)",taxation,6,0.25,False,True,False
229,69-4,40809.90625,"(48, 1)",taxation,6,0.25,False,True,False
229,97-4,29949.484375,"(31, 41)",taxation,6,0.25,False,True,False
229,13-4,35412.515625,"(8, 30)",taxation,6,0.25,False,True,False
229,58-4,38982.90625,"(36, 13)",taxation,6,0.25,False,True,False
229,52-4,28168.328125,"(45, 6)",taxation,6,0.25,False,True,False
229,117-4,33570.21875,"(32, 36)",taxation,6,0.25,False,True,False
229,27-4,33569.546875,"(13, 42)",taxation,6,0.25,False,True,False
229,121-4,37227.0,"(10, 31)",taxation,6,0.25,False,True,False
229,107-4,40812.65625,"(1, 19)",taxation,6,0.25,False,True,False
229,85-4,33597.3125,"(21, 49)",taxation,6,0.25,False,True,False
229,237-4,29956.484375,"(48, 19)",taxation,6,0.25,False,True,False
229,18-4,42644.234375,"(47, 1)",taxation,6,0.25,False,True,False
229,96-4,42656.28125,"(26, 36)",taxation,6,0.25,False,True,False
229,160-4,33586.3125,"(41, 4)",taxation,6,0.25,False,True,False
229,37-4,39019.046875,"(47, 12)",taxation,6,0.25,False,True,False
229,30-4,42646.703125,"(29, 38)",taxation,6,0.25,False,True,False
229,235-4,37175.953125,"(8, 41)",taxation,6,0.25,False,True,False
229,80-4,40807.46875,"(46, 14)",taxation,6,0.25,False,True,False
229,14-4,10078.90625,"(6, 15)",taxation,6,0.25,False,True,False
229,104-4,35425.84375,"(28, 30)",taxation,6,0.25,False,True,False
229,184-4,37154.203125,"(36, 7)",taxation,6,0.25,False,True,False
229,229-4,40837.765625,"(37, 14)",taxation,6,0.25,False,True,False
229,136-4,29903.28125,"(5, 32)",taxation,6,0.25,False,True,False
229,232-4,22664.765625,"(43, 11)",taxation,6,0.25,False,True,False
229,7-4,28158.03125,"(46, 20)",taxation,6,0.25,False,True,False
229,248-4,37171.890625,"(29, 35)",taxation,6,0.25,False,True,False
229,61-4,44433.640625,"(9, 20)",taxation,6,0.25,False,True,False
229,88-4,37201.25,"(29, 10)",taxation,6,0.25,False,True,False
229,72-4,42607.40625,"(31, 36)",taxation,6,0.25,False,True,False
229,62-4,37183.59375,"(2, 19)",taxation,6,0.25,False,True,False
229,194-4,33545.96875,"(14, 48)",taxation,6,0.25,False,True,False
229,236-4,37174.203125,"(34, 41)",taxation,6,0.25,False,True,False
229,124-4,35329.140625,"(32, 42)",taxation,6,0.25,False,True,False
229,36-4,28123.578125,"(4, 22)",taxation,6,0.25,False,True,False
229,215-4,40809.96875,"(28, 35)",taxation,6,0.25,False,True,False
229,152-4,38974.640625,"(8, 28)",taxation,6,0.25,False,True,False
229,82-4,38983.09375,"(13, 40)",taxation,6,0.25,False,True,False
229,127-4,38987.125,"(5, 16)",taxation,6,0.25,False,True,False
229,47-4,26277.734375,"(15, 43)",taxation,6,0.25,False,True,False
229,223-4,26307.125,"(31, 44)",taxation,6,0.25,False,True,False
229,108-4,20909.515625,"(48, 0)",taxation,6,0.25,False,True,False
229,65-4,42582.203125,"(46, 8)",taxation,6,0.25,False,True,False
229,109-4,37167.40625,"(37, 12)",taxation,6,0.25,False,True,False
229,26-4,29930.171875,"(7, 40)",taxation,6,0.25,False,True,False
229,59-4,33572.953125,"(5, 33)",taxation,6,0.25,False,True,False
229,99-4,35327.953125,"(13, 14)",taxation,6,0.25,False,True,False
229,84-4,37173.46875,"(38, 14)",taxation,6,0.25,False,True,False
229,128-4,40797.6875,"(33, 35)",taxation,6,0.25,False,True,False
229,8-4,37167.1875,"(3, 17)",taxation,6,0.25,False,True,False
229,77-4,31716.34375,"(21, 40)",taxation,6,0.25,False,True,False
229,157-4,35333.890625,"(9, 32)",taxation,6,0.25,False,True,False
229,123-4,42550.171875,"(28, 40)",taxation,6,0.25,False,True,False
229,195-4,17234.453125,"(26, 43)",taxation,6,0.25,False,True,False
229,87-4,37130.96875,"(31, 9)",taxation,6,0.25,False,True,False
229,119-4,37151.8125,"(44, 18)",taxation,6,0.25,False,True,False
229,199-4,42574.1875,"(41, 0)",taxation,6,0.25,False,True,False
229,129-4,35354.375,"(2, 23)",taxation,6,0.25,False,True,False
229,43-4,37158.109375,"(29, 41)",taxation,6,0.25,False,True,False
229,190-4,37108.796875,"(12, 42)",taxation,6,0.25,False,True,False
229,46-4,26291.375,"(44, 21)",taxation,6,0.25,False,True,False
229,15-4,33521.546875,"(7, 34)",taxation,6,0.25,False,True,False
229,245-4,40733.546875,"(28, 38)",taxation,6,0.25,False,True,False
229,178-4,40724.140625,"(6, 37)",taxation,6,0.25,False,True,False
229,151-4,29868.140625,"(45, 18)",taxation,6,0.25,False,True,False
229,79-4,35347.640625,"(47, 0)",taxation,6,0.25,False,True,False
229,114-4,42561.984375,"(7, 32)",taxation,6,0.25,False,True,False
229,230-4,29879.5,"(28, 46)",taxation,6,0.25,False,True,False
229,224-4,31689.484375,"(47, 10)",taxation,6,0.25,False,True,False
229,93-4,17201.0,"(8, 40)",taxation,6,0.25,False,True,False
229,35-4,37112.40625,"(31, 35)",taxation,6,0.25,False,True,False
229,135-4,37111.546875,"(27, 48)",taxation,6,0.25,False,True,False
229,24-4,29908.59375,"(47, 13)",taxation,6,0.25,False,True,False
229,49-4,35325.65625,"(38, 6)",taxation,6,0.25,False,True,False
229,34-4,33478.125,"(39, 8)",taxation,6,0.25,False,True,False
229,60-4,38906.578125,"(7, 33)",taxation,6,0.25,False,True,False
229,220-4,40764.9375,"(39, 17)",taxation,6,0.25,False,True,False
230,118-3,54273.625,"(41, 11)",taxation,6,0.25,False,True,False
230,244-3,56735.875,"(34, 19)",taxation,6,0.25,False,True,False
230,218-3,56728.125,"(34, 12)",taxation,6,0.25,False,True,False
230,185-3,49549.125,"(49, 23)",taxation,6,0.25,False,True,False
230,9-3,42276.9375,"(3, 42)",taxation,6,0.25,False,True,False
230,39-3,34982.625,"(8, 42)",taxation,6,0.25,False,True,False
230,29-3,49528.9375,"(39, 19)",taxation,6,0.25,False,True,False
230,131-3,49490.75,"(6, 33)",taxation,6,0.25,False,True,False
230,81-3,47100.6875,"(35, 5)",taxation,6,0.25,False,True,False
230,222-3,49472.125,"(34, 17)",taxation,6,0.25,False,True,False
230,171-3,49463.375,"(47, 2)",taxation,6,0.25,False,True,False
230,200-3,47092.5,"(44, 16)",taxation,6,0.25,False,True,False
230,238-3,49462.5,"(35, 39)",taxation,6,0.25,False,True,False
230,153-3,25364.25,"(40, 3)",taxation,6,0.25,False,True,False
230,197-3,39825.1875,"(3, 41)",taxation,6,0.25,False,True,False
230,139-4,44665.765625,"(24, 15)",taxation,6,0.25,False,True,False
230,204-3,54267.375,"(14, 42)",taxation,6,0.25,False,True,False
230,211-3,32565.8125,"(17, 15)",taxation,6,0.25,False,True,False
230,101-3,49520.5625,"(37, 22)",taxation,6,0.25,False,True,False
230,213-3,49477.625,"(8, 31)",taxation,6,0.25,False,True,False
230,70-3,51861.0,"(10, 49)",taxation,6,0.25,False,True,False
230,239-3,49499.625,"(22, 25)",taxation,6,0.25,False,True,False
230,243-3,47047.125,"(0, 21)",taxation,6,0.25,False,True,False
230,192-3,44657.25,"(21, 39)",taxation,6,0.25,False,True,False
230,143-3,49479.3125,"(36, 38)",taxation,6,0.25,False,True,False
230,3-3,30107.6875,"(24, 35)",taxation,6,0.25,False,True,False
230,181-3,49457.937500000015,"(36, 33)",taxation,6,0.25,False,True,False
230,105-3,44633.625,"(45, 16)",taxation,6,0.25,False,True,False
230,177-3,49523.3125,"(38, 36)",taxation,6,0.25,False,True,False
230,167-4,39213.734375,"(45, 9)",taxation,6,0.25,False,True,False
230,173-4,10916.8125,"(0, 20)",taxation,6,0.25,False,True,False
230,44-3,32571.0,"(2, 41)",taxation,6,0.25,False,True,False
230,216-3,54279.5,"(44, 19)",taxation,6,0.25,False,True,False
230,217-3,30169.375,"(34, 36)",taxation,6,0.25,False,True,False
230,138-3,51820.8125,"(38, 22)",taxation,6,0.25,False,True,False
230,75-4,35545.0625,"(9, 25)",taxation,6,0.25,False,True,False
230,74-4,43379.0,"(3, 38)",taxation,6,0.25,False,True,False
230,191-3,56675.5625,"(11, 11)",taxation,6,0.25,False,True,False
230,240-4,13253.3125,"(1, 26)",taxation,6,0.25,False,True,False
230,20-3,47059.75,"(39, 21)",taxation,6,0.25,False,True,False
230,159-3,39820.375,"(40, 11)",taxation,6,0.25,False,True,False
230,158-4,36185.0625,"(0, 18)",taxation,6,0.25,False,True,False
230,66-3,54294.8125,"(33, 30)",taxation,6,0.25,False,True,False
230,170-4,34411.734375,"(38, 16)",taxation,6,0.25,False,True,False
230,146-4,15692.3125,"(39, 12)",taxation,6,0.25,False,True,False
230,208-4,39812.703125,"(30, 2)",taxation,6,0.25,False,True,False
230,219-4,43409.3125,"(38, 15)",taxation,6,0.25,False,True,False
230,140-4,1183.0625,"(4, 23)",taxation,6,0.25,False,True,False
230,210-3,59076.5625,"(3, 32)",taxation,6,0.25,False,True,False
230,198-4,35586.71875,"(39, 20)",taxation,6,0.25,False,True,False
230,246-4,37394.3125,"(25, 35)",taxation,6,0.25,False,True,False
230,187-4,20491.1875,"(33, 19)",taxation,6,0.25,False,True,False
230,179-4,32600.53125,"(23, 7)",taxation,6,0.25,False,True,False
230,23-4,40397.5,"(47, 23)",taxation,6,0.25,False,True,False
230,31-4,44591.46875,"(2, 40)",taxation,6,0.25,False,True,False
230,150-3,42188.4375,"(38, 21)",taxation,6,0.25,False,True,False
230,12-3,47016.8125,"(35, 3)",taxation,6,0.25,False,True,False
230,98-4,20535.0625,"(30, 32)",taxation,6,0.25,False,True,False
230,126-3,49432.0625,"(30, 40)",taxation,6,0.25,False,True,False
230,176-4,1195.1875,"(33, 40)",taxation,6,0.25,False,True,False
230,28-4,34370.203125,"(36, 20)",taxation,6,0.25,False,True,False
230,154-4,18057.3125,"(37, 35)",taxation,6,0.25,False,True,False
230,40-4,40986.3125,"(7, 23)",taxation,6,0.25,False,True,False
230,1-4,28943.140625,"(5, 37)",taxation,6,0.25,False,True,False
230,76-4,37383.921875000015,"(37, 38)",taxation,6,0.25,False,True,False
230,67-3,37404.5625,"(43, 20)",taxation,6,0.25,False,True,False
230,182-4,39153.890625,"(27, 28)",taxation,6,0.25,False,True,False
230,241-4,35546.21875,"(20, 12)",taxation,6,0.25,False,True,False
230,149-4,33791.5625,"(5, 24)",taxation,6,0.25,False,True,False
230,17-4,41012.03125,"(14, 15)",taxation,6,0.25,False,True,False
230,0-4,26517.828125,"(31, 10)",taxation,6,0.25,False,True,False
230,22-4,42789.8125,"(31, 15)",taxation,6,0.25,False,True,False
230,10-4,39175.390625,"(28, 1)",taxation,6,0.25,False,True,False
230,242-4,17467.953125,"(24, 39)",taxation,6,0.25,False,True,False
230,142-4,24670.859375,"(14, 9)",taxation,6,0.25,False,True,False
230,189-4,33813.84375,"(34, 27)",taxation,6,0.25,False,True,False
230,63-4,35513.171875,"(42, 15)",taxation,6,0.25,False,True,False
230,165-4,44517.1875,"(35, 38)",taxation,6,0.25,False,True,False
230,94-4,13245.125,"(34, 33)",taxation,6,0.25,False,True,False
230,206-4,37935.328125,"(4, 33)",taxation,6,0.25,False,True,False
230,172-4,40920.484375,"(36, 29)",taxation,6,0.25,False,True,False
230,144-4,37377.90625,"(48, 2)",taxation,6,0.25,False,True,False
230,111-4,40927.515625,"(38, 34)",taxation,6,0.25,False,True,False
230,83-4,40942.671875,"(39, 14)",taxation,6,0.25,False,True,False
230,249-4,39179.5625,"(28, 28)",taxation,6,0.25,False,True,False
230,51-4,39147.40625,"(23, 13)",taxation,6,0.25,False,True,False
230,180-4,37360.265625,"(39, 11)",taxation,6,0.25,False,True,False
230,148-4,30074.953125,"(4, 29)",taxation,6,0.25,False,True,False
230,16-4,42769.34375,"(32, 30)",taxation,6,0.25,False,True,False
230,134-4,37346.25,"(38, 20)",taxation,6,0.25,False,True,False
230,73-4,39143.265625,"(41, 22)",taxation,6,0.25,False,True,False
230,54-4,37346.140625,"(8, 21)",taxation,6,0.25,False,True,False
230,38-4,39130.59375,"(42, 12)",taxation,6,0.25,False,True,False
230,6-4,42766.625,"(35, 12)",taxation,6,0.25,False,True,False
230,156-4,28243.96875,"(37, 36)",taxation,6,0.25,False,True,False
230,95-4,42769.65625,"(49, 3)",taxation,6,0.25,False,True,False
230,42-4,28346.21875,"(7, 39)",taxation,6,0.25,False,True,False
230,168-4,40937.15625,"(5, 42)",taxation,6,0.25,False,True,False
230,183-4,26483.796875,"(6, 30)",taxation,6,0.25,False,True,False
230,53-4,24656.765625,"(41, 15)",taxation,6,0.25,False,True,False
230,106-4,35536.859375,"(46, 19)",taxation,6,0.25,False,True,False
230,133-4,33732.1875,"(11, 12)",taxation,6,0.25,False,True,False
230,25-4,33699.6875,"(0, 25)",taxation,6,0.25,False,True,False
230,56-4,37353.171875,"(0, 26)",taxation,6,0.25,False,True,False
230,234-4,39085.34375,"(34, 31)",taxation,6,0.25,False,True,False
230,71-4,40950.203125,"(21, 9)",taxation,6,0.25,False,True,False
230,162-4,39100.15625,"(5, 27)",taxation,6,0.25,False,True,False
230,45-4,39111.109375,"(35, 32)",taxation,6,0.25,False,True,False
230,212-4,39161.609375,"(33, 11)",taxation,6,0.25,False,True,False
230,110-4,42711.3125,"(30, 34)",taxation,6,0.25,False,True,False
230,225-4,39122.421875,"(32, 31)",taxation,6,0.25,False,True,False
230,231-4,24634.109375,"(22, 24)",taxation,6,0.25,False,True,False
230,137-4,33677.53125,"(39, 4)",taxation,6,0.25,False,True,False
230,4-4,28280.515625,"(28, 10)",taxation,6,0.25,False,True,False
230,169-4,30069.4375,"(6, 28)",taxation,6,0.25,False,True,False
230,125-4,40861.125,"(6, 34)",taxation,6,0.25,False,True,False
230,122-4,31882.515625,"(5, 34)",taxation,6,0.25,False,True,False
230,226-4,37294.796875,"(36, 15)",taxation,6,0.25,False,True,False
230,5-4,17378.21875,"(31, 40)",taxation,6,0.25,False,True,False
230,209-4,42712.46875,"(29, 34)",taxation,6,0.25,False,True,False
230,205-4,19230.359375,"(33, 36)",taxation,6,0.25,False,True,False
230,130-4,40862.34375,"(38, 11)",taxation,6,0.25,False,True,False
230,91-4,40962.796875,"(21, 8)",taxation,6,0.25,False,True,False
230,214-4,24636.4375,"(13, 13)",taxation,6,0.25,False,True,False
230,196-4,26385.25,"(3, 39)",taxation,6,0.25,False,True,False
230,21-4,35479.015625,"(38, 18)",taxation,6,0.25,False,True,False
230,141-4,30077.53125,"(49, 9)",taxation,6,0.25,False,True,False
230,193-4,33663.84375,"(11, 13)",taxation,6,0.25,False,True,False
230,68-4,31851.984375,"(1, 32)",taxation,6,0.25,False,True,False
230,161-4,31848.875,"(47, 9)",taxation,6,0.25,False,True,False
230,147-4,37289.921875,"(5, 28)",taxation,6,0.25,False,True,False
230,175-4,31806.78125,"(10, 40)",taxation,6,0.25,False,True,False
230,55-4,40904.453125,"(18, 5)",taxation,6,0.25,False,True,False
230,50-4,42679.59375,"(32, 41)",taxation,6,0.25,False,True,False
230,113-4,39054.296875,"(4, 35)",taxation,6,0.25,False,True,False
230,201-4,26425.203125,"(9, 21)",taxation,6,0.25,False,True,False
230,102-4,26402.59375,"(1, 25)",taxation,6,0.25,False,True,False
230,112-4,40857.46875,"(13, 49)",taxation,6,0.25,False,True,False
230,41-4,40887.5,"(38, 9)",taxation,6,0.25,False,True,False
230,78-4,35482.515625,"(9, 29)",taxation,6,0.25,False,True,False
230,203-4,44498.765625,"(47, 20)",taxation,6,0.25,False,True,False
230,247-4,33672.5625,"(34, 32)",taxation,6,0.25,False,True,False
230,32-4,40866.359375,"(43, 19)",taxation,6,0.25,False,True,False
230,115-4,40848.484375,"(28, 33)",taxation,6,0.25,False,True,False
230,33-4,30015.703125,"(32, 34)",taxation,6,0.25,False,True,False
230,202-4,42668.375,"(34, 40)",taxation,6,0.25,False,True,False
230,155-4,39070.828125,"(27, 27)",taxation,6,0.25,False,True,False
230,207-4,30030.109375,"(29, 37)",taxation,6,0.25,False,True,False
230,145-4,39055.75,"(38, 17)",taxation,6,0.25,False,True,False
230,132-4,40873.484375,"(35, 7)",taxation,6,0.25,False,True,False
230,166-4,35399.578125,"(26, 27)",taxation,6,0.25,False,True,False
230,100-4,37268.671875,"(31, 32)",taxation,6,0.25,False,True,False
230,116-4,40866.84375,"(42, 18)",taxation,6,0.25,False,True,False
230,19-4,39067.75,"(13, 12)",taxation,6,0.25,False,True,False
230,233-4,35412.828125,"(0, 19)",taxation,6,0.25,False,True,False
230,64-4,37205.5,"(37, 32)",taxation,6,0.25,False,True,False
230,186-4,35463.640625,"(46, 16)",taxation,6,0.25,False,True,False
230,103-4,37238.40625,"(0, 24)",taxation,6,0.25,False,True,False
230,163-4,44442.125,"(33, 37)",taxation,6,0.25,False,True,False
230,221-4,35397.21875,"(34, 18)",taxation,6,0.25,False,True,False
230,86-4,37245.875,"(34, 3)",taxation,6,0.25,False,True,False
230,57-4,33627.765625,"(3, 26)",taxation,6,0.25,False,True,False
230,164-4,39078.828125,"(4, 31)",taxation,6,0.25,False,True,False
230,92-4,40834.1875,"(29, 17)",taxation,6,0.25,False,True,False
230,174-4,40852.84375,"(2, 38)",taxation,6,0.25,False,True,False
230,89-4,39021.296875,"(47, 17)",taxation,6,0.25,False,True,False
230,188-4,37237.34375,"(37, 21)",taxation,6,0.25,False,True,False
230,11-4,30001.890625,"(5, 39)",taxation,6,0.25,False,True,False
230,2-4,37268.859375,"(7, 28)",taxation,6,0.25,False,True,False
230,90-4,33609.90625,"(14, 13)",taxation,6,0.25,False,True,False
230,120-4,42666.875,"(1, 37)",taxation,6,0.25,False,True,False
230,48-4,38992.125,"(2, 27)",taxation,6,0.25,False,True,False
230,69-4,40810.90625,"(46, 1)",taxation,6,0.25,False,True,False
230,97-4,29955.484375,"(34, 35)",taxation,6,0.25,False,True,False
230,13-4,35419.515625,"(7, 31)",taxation,6,0.25,False,True,False
230,58-4,38990.90625,"(32, 16)",taxation,6,0.25,False,True,False
230,52-4,28171.328125,"(43, 12)",taxation,6,0.25,False,True,False
230,117-4,33578.21875,"(37, 31)",taxation,6,0.25,False,True,False
230,27-4,33575.546875,"(8, 38)",taxation,6,0.25,False,True,False
230,121-4,37235.0,"(4, 26)",taxation,6,0.25,False,True,False
230,107-4,40818.65625,"(2, 25)",taxation,6,0.25,False,True,False
230,85-4,33599.3125,"(18, 48)",taxation,6,0.25,False,True,False
230,237-4,29964.484375,"(48, 24)",taxation,6,0.25,False,True,False
230,18-4,42645.234375,"(46, 2)",taxation,6,0.25,False,True,False
230,96-4,42662.28125,"(30, 31)",taxation,6,0.25,False,True,False
230,160-4,33589.3125,"(36, 8)",taxation,6,0.25,False,True,False
230,37-4,39024.046875,"(41, 17)",taxation,6,0.25,False,True,False
230,30-4,42652.703125,"(33, 32)",taxation,6,0.25,False,True,False
230,235-4,37182.953125,"(4, 40)",taxation,6,0.25,False,True,False
230,80-4,40813.46875,"(42, 20)",taxation,6,0.25,False,True,False
230,14-4,10086.90625,"(10, 12)",taxation,6,0.25,False,True,False
230,104-4,35434.84375,"(33, 31)",taxation,6,0.25,False,True,False
230,184-4,37161.203125,"(32, 11)",taxation,6,0.25,False,True,False
230,229-4,40846.765625,"(39, 18)",taxation,6,0.25,False,True,False
230,136-4,29911.28125,"(2, 26)",taxation,6,0.25,False,True,False
230,232-4,22672.765625,"(42, 16)",taxation,6,0.25,False,True,False
230,7-4,28166.03125,"(47, 24)",taxation,6,0.25,False,True,False
230,248-4,37179.890625,"(31, 29)",taxation,6,0.25,False,True,False
230,61-4,44442.640625,"(15, 16)",taxation,6,0.25,False,True,False
230,88-4,37209.25,"(30, 15)",taxation,6,0.25,False,True,False
230,72-4,42615.40625,"(37, 30)",taxation,6,0.25,False,True,False
230,62-4,37191.59375,"(7, 22)",taxation,6,0.25,False,True,False
230,194-4,33550.96875,"(8, 43)",taxation,6,0.25,False,True,False
230,236-4,37182.203125,"(40, 36)",taxation,6,0.25,False,True,False
230,124-4,35337.140625,"(38, 37)",taxation,6,0.25,False,True,False
230,36-4,28131.578125,"(5, 23)",taxation,6,0.25,False,True,False
230,215-4,40818.96875,"(33, 34)",taxation,6,0.25,False,True,False
230,152-4,38982.640625,"(5, 26)",taxation,6,0.25,False,True,False
230,82-4,38989.09375,"(9, 36)",taxation,6,0.25,False,True,False
230,127-4,38995.125,"(10, 20)",taxation,6,0.25,False,True,False
230,47-4,26283.734375,"(9, 37)",taxation,6,0.25,False,True,False
230,223-4,26313.125,"(36, 39)",taxation,6,0.25,False,True,False
230,108-4,20910.515625,"(48, 3)",taxation,6,0.25,False,True,False
230,65-4,42585.203125,"(48, 13)",taxation,6,0.25,False,True,False
230,109-4,37174.40625,"(37, 17)",taxation,6,0.25,False,True,False
230,26-4,29937.171875,"(2, 37)",taxation,6,0.25,False,True,False
230,59-4,33580.953125,"(1, 30)",taxation,6,0.25,False,True,False
230,99-4,35336.953125,"(19, 20)",taxation,6,0.25,False,True,False
230,84-4,37182.46875,"(37, 20)",taxation,6,0.25,False,True,False
230,128-4,40805.6875,"(36, 30)",taxation,6,0.25,False,True,False
230,8-4,37172.1875,"(8, 23)",taxation,6,0.25,False,True,False
230,77-4,31720.34375,"(23, 34)",taxation,6,0.25,False,True,False
230,157-4,35341.890625,"(6, 29)",taxation,6,0.25,False,True,False
230,123-4,42556.171875,"(32, 35)",taxation,6,0.25,False,True,False
230,195-4,17238.453125,"(31, 39)",taxation,6,0.25,False,True,False
230,87-4,37137.96875,"(25, 9)",taxation,6,0.25,False,True,False
230,119-4,37160.8125,"(40, 20)",taxation,6,0.25,False,True,False
230,199-4,42577.1875,"(35, 6)",taxation,6,0.25,False,True,False
230,129-4,35363.375,"(0, 27)",taxation,6,0.25,False,True,False
230,43-4,37163.109375,"(34, 38)",taxation,6,0.25,False,True,False
230,190-4,37114.796875,"(6, 40)",taxation,6,0.25,False,True,False
230,46-4,26300.375,"(39, 23)",taxation,6,0.25,False,True,False
230,15-4,33529.546875,"(2, 28)",taxation,6,0.25,False,True,False
230,245-4,40742.546875,"(34, 34)",taxation,6,0.25,False,True,False
230,178-4,40731.140625,"(5, 35)",taxation,6,0.25,False,True,False
230,151-4,29876.140625,"(46, 23)",taxation,6,0.25,False,True,False
230,79-4,35348.640625,"(46, 0)",taxation,6,0.25,False,True,False
230,114-4,42569.984375,"(1, 28)",taxation,6,0.25,False,True,False
230,230-4,29882.5,"(26, 40)",taxation,6,0.25,False,True,False
230,224-4,31692.484375,"(48, 16)",taxation,6,0.25,False,True,False
230,93-4,17208.0,"(3, 35)",taxation,6,0.25,False,True,False
230,35-4,37121.40625,"(34, 30)",taxation,6,0.25,False,True,False
230,135-4,37113.546875,"(27, 45)",taxation,6,0.25,False,True,False
230,24-4,29913.59375,"(47, 19)",taxation,6,0.25,False,True,False
230,49-4,35329.65625,"(33, 10)",taxation,6,0.25,False,True,False
230,34-4,33482.125,"(33, 12)",taxation,6,0.25,False,True,False
230,60-4,38914.578125,"(8, 27)",taxation,6,0.25,False,True,False
230,220-4,40772.9375,"(36, 21)",taxation,6,0.25,False,True,False
230,227-4,40743.28125,"(32, 38)",taxation,6,0.25,False,True,False
230,228-5,22180.453125,"(28, 36)",taxation,6,0.25,False,True,False
231,118-3,54278.625,"(37, 15)",taxation,6,0.25,False,True,False
231,244-3,56743.875,"(34, 24)",taxation,6,0.25,False,True,False
231,185-3,49558.125,"(49, 26)",taxation,6,0.25,False,True,False
231,9-3,42284.9375,"(1, 36)",taxation,6,0.25,False,True,False
231,39-3,34989.625,"(5, 40)",taxation,6,0.25,False,True,False
231,29-3,49537.9375,"(38, 23)",taxation,6,0.25,False,True,False
231,131-3,49497.75,"(3, 37)",taxation,6,0.25,False,True,False
231,81-3,47105.6875,"(30, 9)",taxation,6,0.25,False,True,False
231,222-3,49480.125,"(34, 22)",taxation,6,0.25,False,True,False
231,171-3,49465.375,"(47, 4)",taxation,6,0.25,False,True,False
231,200-3,47099.5,"(47, 22)",taxation,6,0.25,False,True,False
231,238-3,49470.5,"(41, 34)",taxation,6,0.25,False,True,False
231,153-3,25368.25,"(34, 5)",taxation,6,0.25,False,True,False
231,197-3,39832.1875,"(3, 43)",taxation,6,0.25,False,True,False
231,139-4,44674.765625,"(24, 19)",taxation,6,0.25,False,True,False
231,204-3,54274.375,"(8, 36)",taxation,6,0.25,False,True,False
231,211-3,32574.8125,"(16, 14)",taxation,6,0.25,False,True,False
231,101-3,49529.5625,"(41, 26)",taxation,6,0.25,False,True,False
231,213-3,49485.625,"(10, 29)",taxation,6,0.25,False,True,False
231,70-3,51868.0,"(4, 48)",taxation,6,0.25,False,True,False
231,239-3,49508.625,"(20, 24)",taxation,6,0.25,False,True,False
231,243-3,47054.125,"(6, 26)",taxation,6,0.25,False,True,False
231,192-3,44662.25,"(24, 34)",taxation,6,0.25,False,True,False
231,143-3,49487.3125,"(42, 36)",taxation,6,0.25,False,True,False
231,3-3,30114.6875,"(30, 29)",taxation,6,0.25,False,True,False
231,181-3,49466.937500000015,"(42, 28)",taxation,6,0.25,False,True,False
231,105-3,44640.625,"(46, 22)",taxation,6,0.25,False,True,False
231,177-3,49531.3125,"(39, 33)",taxation,6,0.25,False,True,False
231,167-4,39216.734375,"(45, 10)",taxation,6,0.25,False,True,False
231,173-4,10923.8125,"(6, 24)",taxation,6,0.25,False,True,False
231,44-3,32578.0,"(1, 41)",taxation,6,0.25,False,True,False
231,216-3,54287.5,"(45, 23)",taxation,6,0.25,False,True,False
231,217-3,30177.375,"(39, 30)",taxation,6,0.25,False,True,False
231,138-3,51829.8125,"(40, 26)",taxation,6,0.25,False,True,False
231,75-4,35553.0625,"(12, 21)",taxation,6,0.25,False,True,False
231,74-4,43387.0,"(0, 34)",taxation,6,0.25,False,True,False
231,191-3,56684.5625,"(13, 10)",taxation,6,0.25,False,True,False
231,240-4,13259.3125,"(7, 26)",taxation,6,0.25,False,True,False
231,20-3,47068.75,"(40, 25)",taxation,6,0.25,False,True,False
231,159-3,39825.375,"(37, 16)",taxation,6,0.25,False,True,False
231,158-4,36188.0625,"(3, 21)",taxation,6,0.25,False,True,False
231,66-3,54303.8125,"(37, 26)",taxation,6,0.25,False,True,False
231,170-4,34420.734375,"(34, 20)",taxation,6,0.25,False,True,False
231,146-4,15698.3125,"(36, 17)",taxation,6,0.25,False,True,False
231,208-4,39820.703125,"(24, 7)",taxation,6,0.25,False,True,False
231,219-4,43416.3125,"(37, 19)",taxation,6,0.25,False,True,False
231,140-4,1191.0625,"(0, 29)",taxation,6,0.25,False,True,False
231,210-3,59084.5625,"(1, 33)",taxation,6,0.25,False,True,False
231,198-4,35595.71875,"(39, 25)",taxation,6,0.25,False,True,False
231,246-4,37401.3125,"(30, 30)",taxation,6,0.25,False,True,False
231,187-4,20499.1875,"(29, 20)",taxation,6,0.25,False,True,False
231,179-4,32608.53125,"(25, 8)",taxation,6,0.25,False,True,False
231,23-4,40406.5,"(47, 26)",taxation,6,0.25,False,True,False
231,31-4,44598.46875,"(2, 39)",taxation,6,0.25,False,True,False
231,150-3,42197.4375,"(38, 24)",taxation,6,0.25,False,True,False
231,12-3,47021.8125,"(29, 9)",taxation,6,0.25,False,True,False
231,98-4,20543.0625,"(32, 28)",taxation,6,0.25,False,True,False
231,126-3,49438.0625,"(36, 36)",taxation,6,0.25,False,True,False
231,176-4,1202.1875,"(39, 35)",taxation,6,0.25,False,True,False
231,28-4,34378.203125,"(35, 24)",taxation,6,0.25,False,True,False
231,154-4,18065.3125,"(41, 33)",taxation,6,0.25,False,True,False
231,40-4,40994.3125,"(10, 19)",taxation,6,0.25,False,True,False
231,1-4,28951.140625,"(2, 35)",taxation,6,0.25,False,True,False
231,76-4,37391.921875000015,"(43, 36)",taxation,6,0.25,False,True,False
231,67-3,37413.5625,"(43, 26)",taxation,6,0.25,False,True,False
231,182-4,39162.890625,"(21, 25)",taxation,6,0.25,False,True,False
231,241-4,35555.21875,"(21, 13)",taxation,6,0.25,False,True,False
231,149-4,33799.5625,"(3, 27)",taxation,6,0.25,False,True,False
231,17-4,41021.03125,"(15, 15)",taxation,6,0.25,False,True,False
231,0-4,26525.828125,"(25, 10)",taxation,6,0.25,False,True,False
231,22-4,42798.8125,"(29, 18)",taxation,6,0.25,False,True,False
231,10-4,39182.390625,"(24, 2)",taxation,6,0.25,False,True,False
231,242-4,17473.953125,"(29, 33)",taxation,6,0.25,False,True,False
231,142-4,24679.859375,"(14, 10)",taxation,6,0.25,False,True,False
231,189-4,33821.84375,"(34, 28)",taxation,6,0.25,False,True,False
231,63-4,35520.171875,"(38, 19)",taxation,6,0.25,False,True,False
231,165-4,44525.1875,"(40, 33)",taxation,6,0.25,False,True,False
231,94-4,13254.125,"(36, 27)",taxation,6,0.25,False,True,False
231,206-4,37942.328125,"(0, 35)",taxation,6,0.25,False,True,False
231,172-4,40929.484375,"(41, 27)",taxation,6,0.25,False,True,False
231,144-4,37379.90625,"(47, 3)",taxation,6,0.25,False,True,False
231,111-4,40935.515625,"(41, 32)",taxation,6,0.25,False,True,False
231,83-4,40948.671875,"(37, 18)",taxation,6,0.25,False,True,False
231,249-4,39188.5625,"(22, 23)",taxation,6,0.25,False,True,False
231,51-4,39156.40625,"(21, 14)",taxation,6,0.25,False,True,False
231,180-4,37365.265625,"(35, 15)",taxation,6,0.25,False,True,False
231,148-4,30082.953125,"(1, 31)",taxation,6,0.25,False,True,False
231,16-4,42778.34375,"(37, 25)",taxation,6,0.25,False,True,False
231,134-4,37355.25,"(42, 26)",taxation,6,0.25,False,True,False
231,73-4,39152.265625,"(40, 22)",taxation,6,0.25,False,True,False
231,54-4,37354.140625,"(13, 18)",taxation,6,0.25,False,True,False
231,38-4,39136.59375,"(41, 18)",taxation,6,0.25,False,True,False
231,6-4,42773.625,"(31, 18)",taxation,6,0.25,False,True,False
231,156-4,28251.96875,"(42, 34)",taxation,6,0.25,False,True,False
231,95-4,42772.65625,"(43, 9)",taxation,6,0.25,False,True,False
231,42-4,28353.21875,"(5, 38)",taxation,6,0.25,False,True,False
231,168-4,40944.15625,"(4, 43)",taxation,6,0.25,False,True,False
231,183-4,26490.796875,"(4, 30)",taxation,6,0.25,False,True,False
231,53-4,24665.765625,"(35, 21)",taxation,6,0.25,False,True,False
231,106-4,35545.859375,"(42, 24)",taxation,6,0.25,False,True,False
231,133-4,33741.1875,"(12, 10)",taxation,6,0.25,False,True,False
231,25-4,33707.6875,"(0, 28)",taxation,6,0.25,False,True,False
231,56-4,37357.171875,"(5, 25)",taxation,6,0.25,False,True,False
231,234-4,39093.34375,"(35, 28)",taxation,6,0.25,False,True,False
231,71-4,40958.203125,"(21, 10)",taxation,6,0.25,False,True,False
231,162-4,39108.15625,"(4, 27)",taxation,6,0.25,False,True,False
231,45-4,39120.109375,"(39, 29)",taxation,6,0.25,False,True,False
231,212-4,39168.609375,"(27, 10)",taxation,6,0.25,False,True,False
231,110-4,42719.3125,"(32, 29)",taxation,6,0.25,False,True,False
231,225-4,39131.421875,"(38, 27)",taxation,6,0.25,False,True,False
231,231-4,24643.109375,"(16, 20)",taxation,6,0.25,False,True,False
231,137-4,33681.53125,"(34, 4)",taxation,6,0.25,False,True,False
231,4-4,28289.515625,"(24, 16)",taxation,6,0.25,False,True,False
231,169-4,30077.4375,"(5, 29)",taxation,6,0.25,False,True,False
231,125-4,40868.125,"(4, 34)",taxation,6,0.25,False,True,False
231,122-4,31889.515625,"(2, 34)",taxation,6,0.25,False,True,False
231,226-4,37301.796875,"(32, 19)",taxation,6,0.25,False,True,False
231,5-4,17385.21875,"(37, 34)",taxation,6,0.25,False,True,False
231,209-4,42720.46875,"(34, 29)",taxation,6,0.25,False,True,False
231,205-4,19237.359375,"(39, 36)",taxation,6,0.25,False,True,False
231,130-4,40867.34375,"(34, 14)",taxation,6,0.25,False,True,False
231,91-4,40971.796875,"(20, 10)",taxation,6,0.25,False,True,False
231,214-4,24645.4375,"(14, 14)",taxation,6,0.25,False,True,False
231,196-4,26392.25,"(4, 39)",taxation,6,0.25,False,True,False
231,21-4,35488.015625,"(34, 21)",taxation,6,0.25,False,True,False
231,141-4,30080.53125,"(49, 10)",taxation,6,0.25,False,True,False
231,193-4,33672.84375,"(17, 13)",taxation,6,0.25,False,True,False
231,68-4,31859.984375,"(0, 33)",taxation,6,0.25,False,True,False
231,161-4,31851.875,"(48, 10)",taxation,6,0.25,False,True,False
231,147-4,37297.921875,"(3, 28)",taxation,6,0.25,False,True,False
231,175-4,31813.78125,"(8, 37)",taxation,6,0.25,False,True,False
231,55-4,40913.453125,"(13, 9)",taxation,6,0.25,False,True,False
231,50-4,42685.59375,"(38, 38)",taxation,6,0.25,False,True,False
231,113-4,39061.296875,"(5, 36)",taxation,6,0.25,False,True,False
231,201-4,26433.203125,"(12, 20)",taxation,6,0.25,False,True,False
231,102-4,26410.59375,"(1, 29)",taxation,6,0.25,False,True,False
231,112-4,40862.46875,"(9, 48)",taxation,6,0.25,False,True,False
231,41-4,40892.5,"(35, 14)",taxation,6,0.25,False,True,False
231,78-4,35490.515625,"(3, 29)",taxation,6,0.25,False,True,False
231,203-4,44507.765625,"(46, 26)",taxation,6,0.25,False,True,False
231,247-4,33681.5625,"(39, 27)",taxation,6,0.25,False,True,False
231,32-4,40875.359375,"(41, 25)",taxation,6,0.25,False,True,False
231,115-4,40856.484375,"(31, 28)",taxation,6,0.25,False,True,False
231,33-4,30023.703125,"(38, 29)",taxation,6,0.25,False,True,False
231,202-4,42675.375,"(39, 37)",taxation,6,0.25,False,True,False
231,155-4,39079.828125,"(22, 22)",taxation,6,0.25,False,True,False
231,207-4,30036.109375,"(32, 33)",taxation,6,0.25,False,True,False
231,145-4,39064.75,"(36, 22)",taxation,6,0.25,False,True,False
231,132-4,40878.484375,"(31, 11)",taxation,6,0.25,False,True,False
231,166-4,35408.578125,"(20, 25)",taxation,6,0.25,False,True,False
231,100-4,37276.671875,"(33, 28)",taxation,6,0.25,False,True,False
231,116-4,40874.84375,"(39, 22)",taxation,6,0.25,False,True,False
231,19-4,39076.75,"(15, 13)",taxation,6,0.25,False,True,False
231,233-4,35418.828125,"(4, 25)",taxation,6,0.25,False,True,False
231,64-4,37214.5,"(42, 27)",taxation,6,0.25,False,True,False
231,186-4,35471.640625,"(49, 22)",taxation,6,0.25,False,True,False
231,103-4,37245.40625,"(1, 27)",taxation,6,0.25,False,True,False
231,163-4,44449.125,"(38, 35)",taxation,6,0.25,False,True,False
231,221-4,35405.21875,"(34, 23)",taxation,6,0.25,False,True,False
231,86-4,37250.875,"(30, 5)",taxation,6,0.25,False,True,False
231,57-4,33635.765625,"(2, 29)",taxation,6,0.25,False,True,False
231,164-4,39085.828125,"(3, 33)",taxation,6,0.25,False,True,False
231,92-4,40843.1875,"(24, 18)",taxation,6,0.25,False,True,False
231,174-4,40860.84375,"(2, 36)",taxation,6,0.25,False,True,False
231,89-4,39029.296875,"(48, 23)",taxation,6,0.25,False,True,False
231,188-4,37246.34375,"(36, 23)",taxation,6,0.25,False,True,False
231,11-4,30009.890625,"(1, 34)",taxation,6,0.25,False,True,False
231,2-4,37276.859375,"(4, 28)",taxation,6,0.25,False,True,False
231,90-4,33617.90625,"(14, 12)",taxation,6,0.25,False,True,False
231,120-4,42673.875,"(0, 37)",taxation,6,0.25,False,True,False
231,48-4,39000.125,"(0, 32)",taxation,6,0.25,False,True,False
231,69-4,40813.90625,"(40, 0)",taxation,6,0.25,False,True,False
231,97-4,29963.484375,"(36, 31)",taxation,6,0.25,False,True,False
231,13-4,35426.515625,"(5, 30)",taxation,6,0.25,False,True,False
231,58-4,38998.90625,"(33, 20)",taxation,6,0.25,False,True,False
231,52-4,28176.328125,"(43, 17)",taxation,6,0.25,False,True,False
231,117-4,33587.21875,"(40, 29)",taxation,6,0.25,False,True,False
231,27-4,33583.546875,"(2, 32)",taxation,6,0.25,False,True,False
231,121-4,37242.0,"(7, 27)",taxation,6,0.25,False,True,False
231,107-4,40824.65625,"(6, 27)",taxation,6,0.25,False,True,False
231,85-4,33603.3125,"(13, 48)",taxation,6,0.25,False,True,False
231,237-4,29973.484375,"(48, 27)",taxation,6,0.25,False,True,False
231,18-4,42647.234375,"(46, 3)",taxation,6,0.25,False,True,False
231,96-4,42670.28125,"(33, 27)",taxation,6,0.25,False,True,False
231,160-4,33594.3125,"(32, 12)",taxation,6,0.25,False,True,False
231,37-4,39031.046875,"(42, 21)",taxation,6,0.25,False,True,False
231,30-4,42661.703125,"(38, 26)",taxation,6,0.25,False,True,False
231,235-4,37189.953125,"(3, 40)",taxation,6,0.25,False,True,False
231,80-4,40822.46875,"(40, 24)",taxation,6,0.25,False,True,False
231,14-4,10095.90625,"(14, 11)",taxation,6,0.25,False,True,False
231,104-4,35442.84375,"(37, 28)",taxation,6,0.25,False,True,False
231,184-4,37169.203125,"(26, 14)",taxation,6,0.25,False,True,False
231,229-4,40854.765625,"(35, 23)",taxation,6,0.25,False,True,False
231,136-4,29918.28125,"(2, 30)",taxation,6,0.25,False,True,False
231,232-4,22680.765625,"(41, 21)",taxation,6,0.25,False,True,False
231,7-4,28175.03125,"(47, 27)",taxation,6,0.25,False,True,False
231,248-4,37188.890625,"(34, 26)",taxation,6,0.25,False,True,False
231,61-4,44451.640625,"(15, 14)",taxation,6,0.25,False,True,False
231,88-4,37217.25,"(26, 17)",taxation,6,0.25,False,True,False
231,72-4,42624.40625,"(40, 27)",taxation,6,0.25,False,True,False
231,62-4,37200.59375,"(10, 21)",taxation,6,0.25,False,True,False
231,194-4,33557.96875,"(4, 44)",taxation,6,0.25,False,True,False
231,236-4,37191.203125,"(40, 31)",taxation,6,0.25,False,True,False
231,124-4,35345.140625,"(42, 35)",taxation,6,0.25,False,True,False
231,36-4,28140.578125,"(11, 20)",taxation,6,0.25,False,True,False
231,215-4,40827.96875,"(37, 29)",taxation,6,0.25,False,True,False
231,152-4,38990.640625,"(0, 31)",taxation,6,0.25,False,True,False
231,82-4,38996.09375,"(11, 31)",taxation,6,0.25,False,True,False
231,127-4,39004.125,"(15, 21)",taxation,6,0.25,False,True,False
231,47-4,26291.734375,"(3, 34)",taxation,6,0.25,False,True,False
231,223-4,26321.125,"(42, 33)",taxation,6,0.25,False,True,False
231,108-4,20913.515625,"(44, 9)",taxation,6,0.25,False,True,False
231,65-4,42591.203125,"(45, 19)",taxation,6,0.25,False,True,False
231,109-4,37182.40625,"(37, 23)",taxation,6,0.25,False,True,False
231,26-4,29944.171875,"(1, 38)",taxation,6,0.25,False,True,False
231,59-4,33588.953125,"(0, 30)",taxation,6,0.25,False,True,False
231,99-4,35345.953125,"(17, 20)",taxation,6,0.25,False,True,False
231,84-4,37191.46875,"(38, 25)",taxation,6,0.25,False,True,False
231,128-4,40814.6875,"(38, 30)",taxation,6,0.25,False,True,False
231,8-4,37180.1875,"(12, 19)",taxation,6,0.25,False,True,False
231,77-4,31726.34375,"(25, 28)",taxation,6,0.25,False,True,False
231,157-4,35348.890625,"(9, 27)",taxation,6,0.25,False,True,False
231,123-4,42564.171875,"(35, 29)",taxation,6,0.25,False,True,False
231,195-4,17244.453125,"(31, 33)",taxation,6,0.25,False,True,False
231,87-4,37146.96875,"(21, 11)",taxation,6,0.25,False,True,False
231,119-4,37169.8125,"(39, 24)",taxation,6,0.25,False,True,False
231,199-4,42582.1875,"(30, 6)",taxation,6,0.25,False,True,False
231,129-4,35370.375,"(3, 30)",taxation,6,0.25,False,True,False
231,43-4,37171.109375,"(36, 32)",taxation,6,0.25,False,True,False
231,190-4,37122.796875,"(1, 35)",taxation,6,0.25,False,True,False
231,46-4,26309.375,"(39, 26)",taxation,6,0.25,False,True,False
231,15-4,33537.546875,"(2, 31)",taxation,6,0.25,False,True,False
231,245-4,40751.546875,"(40, 32)",taxation,6,0.25,False,True,False
231,178-4,40738.140625,"(4, 38)",taxation,6,0.25,False,True,False
231,151-4,29885.140625,"(45, 26)",taxation,6,0.25,False,True,False
231,79-4,35350.640625,"(45, 0)",taxation,6,0.25,False,True,False
231,114-4,42575.984375,"(2, 33)",taxation,6,0.25,False,True,False
231,230-4,29888.5,"(31, 34)",taxation,6,0.25,False,True,False
231,224-4,31699.484375,"(48, 22)",taxation,6,0.25,False,True,False
231,93-4,17215.0,"(3, 36)",taxation,6,0.25,False,True,False
231,35-4,37130.40625,"(36, 28)",taxation,6,0.25,False,True,False
231,135-4,37118.546875,"(32, 39)",taxation,6,0.25,False,True,False
231,24-4,29922.59375,"(42, 25)",taxation,6,0.25,False,True,False
231,49-4,35337.65625,"(27, 16)",taxation,6,0.25,False,True,False
231,34-4,33489.125,"(28, 13)",taxation,6,0.25,False,True,False
231,60-4,38922.578125,"(3, 31)",taxation,6,0.25,False,True,False
231,220-4,40781.9375,"(35, 22)",taxation,6,0.25,False,True,False
231,227-4,40751.28125,"(37, 33)",taxation,6,0.25,False,True,False
231,228-5,22187.453125,"(31, 31)",taxation,6,0.25,False,True,False
231,218-4,42550.59375,"(35, 18)",taxation,6,0.25,False,True,False
232,118-3,54285.625,"(36, 19)",taxation,6,0.25,False,True,False
232,244-3,56751.875,"(30, 24)",taxation,6,0.25,False,True,False
232,185-3,49567.125,"(49, 29)",taxation,6,0.25,False,True,False
232,9-3,42289.9375,"(2, 42)",taxation,6,0.25,False,True,False
232,29-3,49545.9375,"(36, 26)",taxation,6,0.25,False,True,False
232,131-3,49505.75,"(0, 41)",taxation,6,0.25,False,True,False
232,222-3,49488.125,"(32, 23)",taxation,6,0.25,False,True,False
232,171-3,49468.375,"(48, 4)",taxation,6,0.25,False,True,False
232,200-3,47108.5,"(49, 27)",taxation,6,0.25,False,True,False
232,238-3,49479.5,"(47, 34)",taxation,6,0.25,False,True,False
232,153-3,25374.25,"(28, 5)",taxation,6,0.25,False,True,False
232,197-3,39839.1875,"(1, 43)",taxation,6,0.25,False,True,False
232,139-4,44683.765625,"(23, 21)",taxation,6,0.25,False,True,False
232,204-3,54281.375,"(10, 39)",taxation,6,0.25,False,True,False
232,211-3,32583.8125,"(18, 14)",taxation,6,0.25,False,True,False
232,101-3,49538.5625,"(45, 31)",taxation,6,0.25,False,True,False
232,213-3,49494.625,"(16, 23)",taxation,6,0.25,False,True,False
232,70-3,51876.0,"(2, 44)",taxation,6,0.25,False,True,False
232,239-3,49517.625,"(18, 23)",taxation,6,0.25,False,True,False
232,243-3,47062.125,"(10, 27)",taxation,6,0.25,False,True,False
232,192-3,44670.25,"(30, 28)",taxation,6,0.25,False,True,False
232,143-3,49496.3125,"(45, 35)",taxation,6,0.25,False,True,False
232,3-3,30122.6875,"(30, 27)",taxation,6,0.25,False,True,False
232,105-3,44649.625,"(49, 28)",taxation,6,0.25,False,True,False
232,177-3,49539.3125,"(39, 32)",taxation,6,0.25,False,True,False
232,167-4,39220.734375,"(46, 10)",taxation,6,0.25,False,True,False
232,173-4,10930.8125,"(8, 24)",taxation,6,0.25,False,True,False
232,44-3,32586.0,"(1, 42)",taxation,6,0.25,False,True,False
232,216-3,54295.5,"(45, 24)",taxation,6,0.25,False,True,False
232,217-3,30186.375,"(45, 30)",taxation,6,0.25,False,True,False
232,138-3,51839.8125,"(44, 27)",taxation,6,0.25,False,True,False
232,75-4,35562.0625,"(16, 22)",taxation,6,0.25,False,True,False
232,74-4,43391.0,"(6, 39)",taxation,6,0.25,False,True,False
232,191-3,56693.5625,"(12, 11)",taxation,6,0.25,False,True,False
232,240-4,13266.3125,"(12, 29)",taxation,6,0.25,False,True,False
232,20-3,47076.75,"(41, 29)",taxation,6,0.25,False,True,False
232,159-3,39833.375,"(33, 21)",taxation,6,0.25,False,True,False
232,158-4,36195.0625,"(9, 26)",taxation,6,0.25,False,True,False
232,66-3,54312.8125,"(33, 26)",taxation,6,0.25,False,True,False
232,170-4,34429.734375,"(30, 23)",taxation,6,0.25,False,True,False
232,146-4,15706.3125,"(31, 23)",taxation,6,0.25,False,True,False
232,208-4,39829.703125,"(19, 7)",taxation,6,0.25,False,True,False
232,219-4,43424.3125,"(31, 24)",taxation,6,0.25,False,True,False
232,140-4,1196.0625,"(6, 25)",taxation,6,0.25,False,True,False
232,210-3,59091.5625,"(4, 36)",taxation,6,0.25,False,True,False
232,198-4,35603.71875,"(41, 28)",taxation,6,0.25,False,True,False
232,246-4,37410.3125,"(26, 25)",taxation,6,0.25,False,True,False
232,187-4,20508.1875,"(29, 21)",taxation,6,0.25,False,True,False
232,179-4,32617.53125,"(22, 12)",taxation,6,0.25,False,True,False
232,23-4,40416.5,"(46, 27)",taxation,6,0.25,False,True,False
232,31-4,44606.46875,"(0, 43)",taxation,6,0.25,False,True,False
232,150-3,42207.4375,"(43, 27)",taxation,6,0.25,False,True,False
232,12-3,47029.8125,"(24, 11)",taxation,6,0.25,False,True,False
232,98-4,20552.0625,"(26, 26)",taxation,6,0.25,False,True,False
232,126-3,49446.0625,"(39, 34)",taxation,6,0.25,False,True,False
232,176-4,1211.1875,"(43, 35)",taxation,6,0.25,False,True,False
232,28-4,34386.203125,"(36, 24)",taxation,6,0.25,False,True,False
232,154-4,18074.3125,"(44, 33)",taxation,6,0.25,False,True,False
232,40-4,41003.3125,"(15, 18)",taxation,6,0.25,False,True,False
232,1-4,28958.140625,"(6, 38)",taxation,6,0.25,False,True,False
232,76-4,37400.921875000015,"(46, 34)",taxation,6,0.25,False,True,False
232,67-3,37422.5625,"(47, 31)",taxation,6,0.25,False,True,False
232,182-4,39171.890625,"(24, 25)",taxation,6,0.25,False,True,False
232,241-4,35564.21875,"(20, 13)",taxation,6,0.25,False,True,False
232,149-4,33804.5625,"(8, 22)",taxation,6,0.25,False,True,False
232,17-4,41030.03125,"(16, 15)",taxation,6,0.25,False,True,False
232,0-4,26534.828125,"(24, 10)",taxation,6,0.25,False,True,False
232,22-4,42807.8125,"(28, 20)",taxation,6,0.25,False,True,False
232,10-4,39191.390625,"(18, 2)",taxation,6,0.25,False,True,False
232,242-4,17480.953125,"(29, 31)",taxation,6,0.25,False,True,False
232,142-4,24688.859375,"(15, 9)",taxation,6,0.25,False,True,False
232,189-4,33829.84375,"(31, 25)",taxation,6,0.25,False,True,False
232,63-4,35527.171875,"(40, 21)",taxation,6,0.25,False,True,False
232,165-4,44534.1875,"(44, 34)",taxation,6,0.25,False,True,False
232,94-4,13262.125,"(32, 25)",taxation,6,0.25,False,True,False
232,206-4,37948.328125,"(5, 41)",taxation,6,0.25,False,True,False
232,172-4,40938.484375,"(42, 31)",taxation,6,0.25,False,True,False
232,144-4,37382.90625,"(48, 5)",taxation,6,0.25,False,True,False
232,111-4,40944.515625,"(47, 32)",taxation,6,0.25,False,True,False
232,83-4,40956.671875,"(31, 22)",taxation,6,0.25,False,True,False
232,249-4,39197.5625,"(19, 19)",taxation,6,0.25,False,True,False
232,51-4,39165.40625,"(20, 14)",taxation,6,0.25,False,True,False
232,180-4,37373.265625,"(32, 20)",taxation,6,0.25,False,True,False
232,148-4,30084.953125,"(5, 31)",taxation,6,0.25,False,True,False
232,16-4,42786.34375,"(40, 28)",taxation,6,0.25,False,True,False
232,134-4,37364.25,"(47, 30)",taxation,6,0.25,False,True,False
232,73-4,39161.265625,"(46, 28)",taxation,6,0.25,False,True,False
232,54-4,37363.140625,"(15, 17)",taxation,6,0.25,False,True,False
232,38-4,39144.59375,"(41, 24)",taxation,6,0.25,False,True,False
232,6-4,42781.625,"(27, 21)",taxation,6,0.25,False,True,False
232,156-4,28260.96875,"(45, 33)",taxation,6,0.25,False,True,False
232,95-4,42776.65625,"(41, 10)",taxation,6,0.25,False,True,False
232,42-4,28361.21875,"(1, 39)",taxation,6,0.25,False,True,False
232,168-4,40951.15625,"(3, 45)",taxation,6,0.25,False,True,False
232,183-4,26495.796875,"(10, 24)",taxation,6,0.25,False,True,False
232,53-4,24674.765625,"(33, 24)",taxation,6,0.25,False,True,False
232,106-4,35553.859375,"(44, 25)",taxation,6,0.25,False,True,False
232,133-4,33750.1875,"(14, 7)",taxation,6,0.25,False,True,False
232,25-4,33711.6875,"(6, 23)",taxation,6,0.25,False,True,False
232,56-4,37364.171875,"(8, 25)",taxation,6,0.25,False,True,False
232,234-4,39101.34375,"(38, 31)",taxation,6,0.25,False,True,False
232,71-4,40967.203125,"(19, 10)",taxation,6,0.25,False,True,False
232,162-4,39113.15625,"(10, 26)",taxation,6,0.25,False,True,False
232,45-4,39128.109375,"(44, 32)",taxation,6,0.25,False,True,False
232,212-4,39176.609375,"(24, 13)",taxation,6,0.25,False,True,False
232,110-4,42728.3125,"(32, 26)",taxation,6,0.25,False,True,False
232,225-4,39140.421875,"(33, 25)",taxation,6,0.25,False,True,False
232,231-4,24652.109375,"(16, 19)",taxation,6,0.25,False,True,False
232,137-4,33687.53125,"(28, 4)",taxation,6,0.25,False,True,False
232,4-4,28298.515625,"(22, 15)",taxation,6,0.25,False,True,False
232,169-4,30083.4375,"(11, 29)",taxation,6,0.25,False,True,False
232,125-4,40874.125,"(10, 37)",taxation,6,0.25,False,True,False
232,122-4,31897.515625,"(0, 38)",taxation,6,0.25,False,True,False
232,226-4,37309.796875,"(32, 21)",taxation,6,0.25,False,True,False
232,5-4,17394.21875,"(43, 34)",taxation,6,0.25,False,True,False
232,209-4,42728.46875,"(33, 29)",taxation,6,0.25,False,True,False
232,205-4,19246.359375,"(45, 34)",taxation,6,0.25,False,True,False
232,130-4,40875.34375,"(31, 19)",taxation,6,0.25,False,True,False
232,91-4,40980.796875,"(20, 11)",taxation,6,0.25,False,True,False
232,214-4,24654.4375,"(16, 16)",taxation,6,0.25,False,True,False
232,196-4,26399.25,"(1, 44)",taxation,6,0.25,False,True,False
232,21-4,35497.015625,"(34, 25)",taxation,6,0.25,False,True,False
232,141-4,30084.53125,"(49, 11)",taxation,6,0.25,False,True,False
232,193-4,33681.84375,"(17, 14)",taxation,6,0.25,False,True,False
232,68-4,31861.984375,"(5, 33)",taxation,6,0.25,False,True,False
232,161-4,31855.875,"(48, 11)",taxation,6,0.25,False,True,False
232,147-4,37302.921875,"(9, 22)",taxation,6,0.25,False,True,False
232,175-4,31820.78125,"(6, 43)",taxation,6,0.25,False,True,False
232,55-4,40922.453125,"(15, 8)",taxation,6,0.25,False,True,False
232,50-4,42693.59375,"(40, 35)",taxation,6,0.25,False,True,False
232,113-4,39067.296875,"(10, 38)",taxation,6,0.25,False,True,False
232,201-4,26442.203125,"(13, 17)",taxation,6,0.25,False,True,False
232,102-4,26413.59375,"(3, 24)",taxation,6,0.25,False,True,False
232,112-4,40869.46875,"(6, 45)",taxation,6,0.25,False,True,False
232,41-4,40899.5,"(36, 18)",taxation,6,0.25,False,True,False
232,78-4,35495.515625,"(9, 24)",taxation,6,0.25,False,True,False
232,203-4,44516.765625,"(46, 24)",taxation,6,0.25,False,True,False
232,247-4,33690.5625,"(44, 30)",taxation,6,0.25,False,True,False
232,32-4,40884.359375,"(46, 29)",taxation,6,0.25,False,True,False
232,115-4,40864.484375,"(30, 26)",taxation,6,0.25,False,True,False
232,33-4,30032.703125,"(43, 32)",taxation,6,0.25,False,True,False
232,202-4,42684.375,"(44, 36)",taxation,6,0.25,False,True,False
232,155-4,39088.828125,"(18, 21)",taxation,6,0.25,False,True,False
232,207-4,30045.109375,"(37, 27)",taxation,6,0.25,False,True,False
232,145-4,39072.75,"(32, 24)",taxation,6,0.25,False,True,False
232,132-4,40886.484375,"(25, 17)",taxation,6,0.25,False,True,False
232,166-4,35417.578125,"(18, 24)",taxation,6,0.25,False,True,False
232,100-4,37284.671875,"(32, 27)",taxation,6,0.25,False,True,False
232,116-4,40883.84375,"(35, 25)",taxation,6,0.25,False,True,False
232,19-4,39085.75,"(16, 12)",taxation,6,0.25,False,True,False
232,233-4,35424.828125,"(10, 25)",taxation,6,0.25,False,True,False
232,64-4,37223.5,"(46, 30)",taxation,6,0.25,False,True,False
232,186-4,35479.640625,"(49, 24)",taxation,6,0.25,False,True,False
232,103-4,37252.40625,"(7, 24)",taxation,6,0.25,False,True,False
232,163-4,44457.125,"(42, 32)",taxation,6,0.25,False,True,False
232,221-4,35414.21875,"(28, 21)",taxation,6,0.25,False,True,False
232,86-4,37257.875,"(27, 5)",taxation,6,0.25,False,True,False
232,57-4,33641.765625,"(7, 30)",taxation,6,0.25,False,True,False
232,164-4,39092.828125,"(7, 36)",taxation,6,0.25,False,True,False
232,92-4,40852.1875,"(25, 16)",taxation,6,0.25,False,True,False
232,174-4,40866.84375,"(6, 41)",taxation,6,0.25,False,True,False
232,89-4,39038.296875,"(44, 24)",taxation,6,0.25,False,True,False
232,188-4,37254.34375,"(36, 25)",taxation,6,0.25,False,True,False
232,11-4,30017.890625,"(0, 36)",taxation,6,0.25,False,True,False
232,2-4,37281.859375,"(9, 23)",taxation,6,0.25,False,True,False
232,90-4,33626.90625,"(13, 11)",taxation,6,0.25,False,True,False
232,120-4,42681.875,"(0, 39)",taxation,6,0.25,False,True,False
232,48-4,39002.125,"(4, 32)",taxation,6,0.25,False,True,False
232,69-4,40818.90625,"(34, 6)",taxation,6,0.25,False,True,False
232,97-4,29970.484375,"(35, 31)",taxation,6,0.25,False,True,False
232,13-4,35432.515625,"(11, 28)",taxation,6,0.25,False,True,False
232,58-4,39007.90625,"(29, 22)",taxation,6,0.25,False,True,False
232,52-4,28183.328125,"(44, 20)",taxation,6,0.25,False,True,False
232,117-4,33595.21875,"(40, 30)",taxation,6,0.25,False,True,False
232,27-4,33585.546875,"(5, 32)",taxation,6,0.25,False,True,False
232,121-4,37250.0,"(12, 31)",taxation,6,0.25,False,True,False
232,107-4,40830.65625,"(11, 27)",taxation,6,0.25,False,True,False
232,85-4,33610.3125,"(7, 42)",taxation,6,0.25,False,True,False
232,237-4,29982.484375,"(48, 28)",taxation,6,0.25,False,True,False
232,18-4,42650.234375,"(45, 3)",taxation,6,0.25,False,True,False
232,96-4,42678.28125,"(31, 26)",taxation,6,0.25,False,True,False
232,160-4,33602.3125,"(27, 9)",taxation,6,0.25,False,True,False
232,37-4,39041.046875,"(45, 27)",taxation,6,0.25,False,True,False
232,30-4,42670.703125,"(44, 31)",taxation,6,0.25,False,True,False
232,235-4,37197.953125,"(1, 40)",taxation,6,0.25,False,True,False
232,80-4,40830.46875,"(45, 25)",taxation,6,0.25,False,True,False
232,14-4,10104.90625,"(12, 12)",taxation,6,0.25,False,True,False
232,104-4,35451.84375,"(39, 28)",taxation,6,0.25,False,True,False
232,184-4,37178.203125,"(23, 14)",taxation,6,0.25,False,True,False
232,229-4,40862.765625,"(33, 23)",taxation,6,0.25,False,True,False
232,136-4,29921.28125,"(2, 24)",taxation,6,0.25,False,True,False
232,232-4,22688.765625,"(43, 25)",taxation,6,0.25,False,True,False
232,7-4,28184.03125,"(48, 29)",taxation,6,0.25,False,True,False
232,248-4,37197.890625,"(35, 26)",taxation,6,0.25,False,True,False
232,61-4,44460.640625,"(16, 13)",taxation,6,0.25,False,True,False
232,88-4,37226.25,"(20, 16)",taxation,6,0.25,False,True,False
232,72-4,42633.40625,"(46, 31)",taxation,6,0.25,False,True,False
232,62-4,37209.59375,"(16, 18)",taxation,6,0.25,False,True,False
232,194-4,33564.96875,"(4, 45)",taxation,6,0.25,False,True,False
232,236-4,37199.203125,"(41, 30)",taxation,6,0.25,False,True,False
232,124-4,35354.140625,"(46, 32)",taxation,6,0.25,False,True,False
232,36-4,28149.578125,"(15, 22)",taxation,6,0.25,False,True,False
232,215-4,40835.96875,"(43, 30)",taxation,6,0.25,False,True,False
232,152-4,38993.640625,"(3, 25)",taxation,6,0.25,False,True,False
232,82-4,39004.09375,"(13, 31)",taxation,6,0.25,False,True,False
232,127-4,39013.125,"(16, 21)",taxation,6,0.25,False,True,False
232,47-4,26298.734375,"(7, 37)",taxation,6,0.25,False,True,False
232,223-4,26330.125,"(47, 33)",taxation,6,0.25,False,True,False
232,108-4,20917.515625,"(44, 11)",taxation,6,0.25,False,True,False
232,65-4,42599.203125,"(46, 25)",taxation,6,0.25,False,True,False
232,109-4,37190.40625,"(37, 24)",taxation,6,0.25,False,True,False
232,26-4,29952.171875,"(0, 42)",taxation,6,0.25,False,True,False
232,59-4,33592.953125,"(4, 24)",taxation,6,0.25,False,True,False
232,99-4,35354.953125,"(18, 19)",taxation,6,0.25,False,True,False
232,84-4,37199.46875,"(42, 30)",taxation,6,0.25,False,True,False
232,128-4,40822.6875,"(43, 31)",taxation,6,0.25,False,True,False
232,8-4,37189.1875,"(14, 17)",taxation,6,0.25,False,True,False
232,77-4,31735.34375,"(25, 25)",taxation,6,0.25,False,True,False
232,157-4,35355.890625,"(13, 29)",taxation,6,0.25,False,True,False
232,123-4,42572.171875,"(38, 28)",taxation,6,0.25,False,True,False
232,195-4,17252.453125,"(31, 27)",taxation,6,0.25,False,True,False
232,87-4,37155.96875,"(21, 12)",taxation,6,0.25,False,True,False
232,119-4,37178.8125,"(45, 29)",taxation,6,0.25,False,True,False
232,199-4,42589.1875,"(27, 8)",taxation,6,0.25,False,True,False
232,129-4,35377.375,"(8, 29)",taxation,6,0.25,False,True,False
232,43-4,37179.109375,"(38, 32)",taxation,6,0.25,False,True,False
232,190-4,37130.796875,"(0, 40)",taxation,6,0.25,False,True,False
232,46-4,26319.375,"(44, 26)",taxation,6,0.25,False,True,False
232,15-4,33541.546875,"(8, 26)",taxation,6,0.25,False,True,False
232,245-4,40760.546875,"(45, 32)",taxation,6,0.25,False,True,False
232,178-4,40746.140625,"(3, 44)",taxation,6,0.25,False,True,False
232,151-4,29894.140625,"(47, 29)",taxation,6,0.25,False,True,False
232,79-4,35354.640625,"(39, 0)",taxation,6,0.25,False,True,False
232,114-4,42582.984375,"(4, 37)",taxation,6,0.25,False,True,False
232,230-4,29896.5,"(31, 30)",taxation,6,0.25,False,True,False
232,224-4,31707.484375,"(48, 25)",taxation,6,0.25,False,True,False
232,93-4,17221.0,"(9, 41)",taxation,6,0.25,False,True,False
232,35-4,37138.40625,"(35, 27)",taxation,6,0.25,False,True,False
232,135-4,37125.546875,"(36, 35)",taxation,6,0.25,False,True,False
232,24-4,29931.59375,"(48, 30)",taxation,6,0.25,False,True,False
232,49-4,35346.65625,"(21, 15)",taxation,6,0.25,False,True,False
232,34-4,33497.125,"(24, 14)",taxation,6,0.25,False,True,False
232,60-4,38925.578125,"(8, 34)",taxation,6,0.25,False,True,False
232,220-4,40789.9375,"(32, 22)",taxation,6,0.25,False,True,False
232,227-4,40759.28125,"(43, 33)",taxation,6,0.25,False,True,False
232,228-5,22196.453125,"(25, 26)",taxation,6,0.25,False,True,False
232,218-4,42558.59375,"(33, 22)",taxation,6,0.25,False,True,False
232,181-4,37106.953125000015,"(44, 29)",taxation,6,0.25,False,True,False
232,39-4,26248.21875,"(2, 43)",taxation,6,0.25,False,True,False
232,81-4,35335.265625,"(24, 12)",taxation,6,0.25,False,True,False
233,185-3,49577.125,"(49, 32)",taxation,6,0.25,False,True,False
233,29-3,49553.9375,"(40, 23)",taxation,6,0.25,False,True,False
233,131-3,49513.75,"(1, 45)",taxation,6,0.25,False,True,False
233,222-3,49496.125,"(27, 23)",taxation,6,0.25,False,True,False
233,171-3,49472.375,"(49, 4)",taxation,6,0.25,False,True,False
233,200-3,47116.5,"(48, 21)",taxation,6,0.25,False,True,False
233,238-3,49488.5,"(48, 35)",taxation,6,0.25,False,True,False
233,153-3,25383.25,"(23, 6)",taxation,6,0.25,False,True,False
233,197-3,39847.1875,"(1, 47)",taxation,6,0.25,False,True,False
233,139-4,44692.765625,"(24, 21)",taxation,6,0.25,False,True,False
233,211-3,32592.8125,"(19, 14)",taxation,6,0.25,False,True,False
233,213-3,49503.625,"(20, 20)",taxation,6,0.25,False,True,False
233,70-3,51884.0,"(1, 46)",taxation,6,0.25,False,True,False
233,239-3,49526.625,"(19, 22)",taxation,6,0.25,False,True,False
233,192-3,44678.25,"(29, 28)",taxation,6,0.25,False,True,False
233,143-3,49506.3125,"(48, 32)",taxation,6,0.25,False,True,False
233,3-3,30130.6875,"(28, 27)",taxation,6,0.25,False,True,False
233,105-3,44651.625,"(49, 23)",taxation,6,0.25,False,True,False
233,177-3,49546.3125,"(35, 36)",taxation,6,0.25,False,True,False
233,167-4,39225.734375,"(46, 12)",taxation,6,0.25,False,True,False
233,173-4,10938.8125,"(14, 19)",taxation,6,0.25,False,True,False
233,44-3,32594.0,"(0, 46)",taxation,6,0.25,False,True,False
233,216-3,54303.5,"(43, 24)",taxation,6,0.25,False,True,False
233,217-3,30188.375,"(47, 24)",taxation,6,0.25,False,True,False
233,138-3,51846.8125,"(42, 23)",taxation,6,0.25,False,True,False
233,75-4,35571.0625,"(17, 22)",taxation,6,0.25,False,True,False
233,74-4,43399.0,"(2, 45)",taxation,6,0.25,False,True,False
233,191-3,56703.5625,"(17, 5)",taxation,6,0.25,False,True,False
233,240-4,13274.3125,"(15, 30)",taxation,6,0.25,False,True,False
233,20-3,47078.75,"(37, 31)",taxation,6,0.25,False,True,False
233,159-3,39841.375,"(28, 18)",taxation,6,0.25,False,True,False
233,158-4,36203.0625,"(14, 25)",taxation,6,0.25,False,True,False
233,66-3,54320.8125,"(29, 25)",taxation,6,0.25,False,True,False
233,170-4,34438.734375,"(25, 19)",taxation,6,0.25,False,True,False
233,146-4,15714.3125,"(28, 23)",taxation,6,0.25,False,True,False
233,208-4,39838.703125,"(20, 8)",taxation,6,0.25,False,True,False
233,219-4,43432.3125,"(28, 24)",taxation,6,0.25,False,True,False
233,140-4,1203.0625,"(11, 25)",taxation,6,0.25,False,True,False
233,210-3,59097.5625,"(9, 40)",taxation,6,0.25,False,True,False
233,198-4,35612.71875,"(47, 28)",taxation,6,0.25,False,True,False
233,246-4,37419.3125,"(24, 22)",taxation,6,0.25,False,True,False
233,187-4,20517.1875,"(23, 17)",taxation,6,0.25,False,True,False
233,179-4,32626.53125,"(22, 13)",taxation,6,0.25,False,True,False
233,23-4,40424.5,"(43, 28)",taxation,6,0.25,False,True,False
233,31-4,44614.46875,"(0, 45)",taxation,6,0.25,False,True,False
233,150-3,42217.4375,"(48, 31)",taxation,6,0.25,False,True,False
233,12-3,47038.8125,"(20, 9)",taxation,6,0.25,False,True,False
233,98-4,20561.0625,"(22, 21)",taxation,6,0.25,False,True,False
233,126-3,49454.0625,"(40, 34)",taxation,6,0.25,False,True,False
233,176-4,1219.1875,"(41, 36)",taxation,6,0.25,False,True,False
233,28-4,34394.203125,"(30, 18)",taxation,6,0.25,False,True,False
233,154-4,18076.3125,"(38, 36)",taxation,6,0.25,False,True,False
233,40-4,41012.3125,"(19, 15)",taxation,6,0.25,False,True,False
233,1-4,28965.140625,"(8, 44)",taxation,6,0.25,False,True,False
233,76-4,37401.921875000015,"(43, 36)",taxation,6,0.25,False,True,False
233,67-3,37423.5625,"(47, 27)",taxation,6,0.25,False,True,False
233,182-4,39180.890625,"(24, 23)",taxation,6,0.25,False,True,False
233,241-4,35574.21875,"(17, 12)",taxation,6,0.25,False,True,False
233,149-4,33813.5625,"(11, 17)",taxation,6,0.25,False,True,False
233,17-4,41039.03125,"(18, 15)",taxation,6,0.25,False,True,False
233,0-4,26543.828125,"(18, 10)",taxation,6,0.25,False,True,False
233,22-4,42816.8125,"(26, 20)",taxation,6,0.25,False,True,False
233,10-4,39201.390625,"(16, 3)",taxation,6,0.25,False,True,False
233,242-4,17488.953125,"(29, 30)",taxation,6,0.25,False,True,False
233,142-4,24697.859375,"(16, 10)",taxation,6,0.25,False,True,False
233,189-4,33837.84375,"(27, 25)",taxation,6,0.25,False,True,False
233,63-4,35534.171875,"(42, 22)",taxation,6,0.25,False,True,False
233,165-4,44542.1875,"(41, 35)",taxation,6,0.25,False,True,False
233,94-4,13270.125,"(29, 24)",taxation,6,0.25,False,True,False
233,206-4,37956.328125,"(5, 46)",taxation,6,0.25,False,True,False
233,172-4,40945.484375,"(36, 37)",taxation,6,0.25,False,True,False
233,144-4,37387.90625,"(46, 11)",taxation,6,0.25,False,True,False
233,111-4,40953.515625,"(49, 34)",taxation,6,0.25,False,True,False
233,83-4,40964.671875,"(30, 20)",taxation,6,0.25,False,True,False
233,249-4,39206.5625,"(20, 19)",taxation,6,0.25,False,True,False
233,51-4,39175.40625,"(16, 9)",taxation,6,0.25,False,True,False
233,180-4,37381.265625,"(31, 20)",taxation,6,0.25,False,True,False
233,148-4,30089.953125,"(10, 28)",taxation,6,0.25,False,True,False
233,16-4,42794.34375,"(36, 34)",taxation,6,0.25,False,True,False
233,134-4,37373.25,"(48, 34)",taxation,6,0.25,False,True,False
233,73-4,39163.265625,"(41, 22)",taxation,6,0.25,False,True,False
233,54-4,37372.140625,"(16, 17)",taxation,6,0.25,False,True,False
233,38-4,39152.59375,"(45, 21)",taxation,6,0.25,False,True,False
233,6-4,42790.625,"(22, 20)",taxation,6,0.25,False,True,False
233,156-4,28270.96875,"(49, 33)",taxation,6,0.25,False,True,False
233,95-4,42782.65625,"(36, 10)",taxation,6,0.25,False,True,False
233,42-4,28367.21875,"(5, 43)",taxation,6,0.25,False,True,False
233,168-4,40959.15625,"(3, 47)",taxation,6,0.25,False,True,False
233,183-4,26503.796875,"(13, 20)",taxation,6,0.25,False,True,False
233,53-4,24682.765625,"(29, 23)",taxation,6,0.25,False,True,False
233,106-4,35562.859375,"(49, 25)",taxation,6,0.25,False,True,False
233,133-4,33760.1875,"(15, 7)",taxation,6,0.25,False,True,False
233,25-4,33718.6875,"(12, 22)",taxation,6,0.25,False,True,False
233,56-4,37372.171875,"(14, 24)",taxation,6,0.25,False,True,False
233,234-4,39109.34375,"(39, 31)",taxation,6,0.25,False,True,False
233,71-4,40977.203125,"(19, 9)",taxation,6,0.25,False,True,False
233,162-4,39122.15625,"(16, 25)",taxation,6,0.25,False,True,False
233,45-4,39129.109375,"(41, 32)",taxation,6,0.25,False,True,False
233,212-4,39186.609375,"(19, 8)",taxation,6,0.25,False,True,False
233,110-4,42736.3125,"(29, 26)",taxation,6,0.25,False,True,False
233,225-4,39148.421875,"(28, 25)",taxation,6,0.25,False,True,False
233,231-4,24662.109375,"(17, 18)",taxation,6,0.25,False,True,False
233,137-4,33696.53125,"(22, 9)",taxation,6,0.25,False,True,False
233,4-4,28307.515625,"(22, 16)",taxation,6,0.25,False,True,False
233,169-4,30092.4375,"(16, 24)",taxation,6,0.25,False,True,False
233,125-4,40882.125,"(15, 32)",taxation,6,0.25,False,True,False
233,122-4,31900.515625,"(4, 42)",taxation,6,0.25,False,True,False
233,226-4,37317.796875,"(31, 21)",taxation,6,0.25,False,True,False
233,5-4,17403.21875,"(45, 36)",taxation,6,0.25,False,True,False
233,209-4,42736.46875,"(32, 32)",taxation,6,0.25,False,True,False
233,205-4,19256.359375,"(48, 33)",taxation,6,0.25,False,True,False
233,130-4,40883.34375,"(29, 19)",taxation,6,0.25,False,True,False
233,91-4,40990.796875,"(17, 9)",taxation,6,0.25,False,True,False
233,214-4,24663.4375,"(18, 16)",taxation,6,0.25,False,True,False
233,196-4,26407.25,"(3, 46)",taxation,6,0.25,False,True,False
233,21-4,35505.015625,"(28, 26)",taxation,6,0.25,False,True,False
233,141-4,30091.53125,"(46, 17)",taxation,6,0.25,False,True,False
233,193-4,33691.84375,"(16, 8)",taxation,6,0.25,False,True,False
233,68-4,31867.984375,"(11, 38)",taxation,6,0.25,False,True,False
233,161-4,31862.875,"(45, 17)",taxation,6,0.25,False,True,False
233,147-4,37310.921875,"(15, 19)",taxation,6,0.25,False,True,False
233,175-4,31828.78125,"(5, 45)",taxation,6,0.25,False,True,False
233,55-4,40931.453125,"(15, 6)",taxation,6,0.25,False,True,False
233,50-4,42702.59375,"(44, 35)",taxation,6,0.25,False,True,False
233,113-4,39073.296875,"(12, 39)",taxation,6,0.25,False,True,False
233,201-4,26451.203125,"(19, 17)",taxation,6,0.25,False,True,False
233,102-4,26419.59375,"(9, 19)",taxation,6,0.25,False,True,False
233,112-4,40877.46875,"(4, 49)",taxation,6,0.25,False,True,False
233,41-4,40907.5,"(35, 19)",taxation,6,0.25,False,True,False
233,78-4,35504.515625,"(13, 19)",taxation,6,0.25,False,True,False
233,203-4,44524.765625,"(45, 22)",taxation,6,0.25,False,True,False
233,247-4,33699.5625,"(47, 35)",taxation,6,0.25,False,True,False
233,32-4,40886.359375,"(46, 23)",taxation,6,0.25,False,True,False
233,115-4,40873.484375,"(24, 20)",taxation,6,0.25,False,True,False
233,33-4,30041.703125,"(46, 35)",taxation,6,0.25,False,True,False
233,202-4,42686.375,"(38, 37)",taxation,6,0.25,False,True,False
233,155-4,39097.828125,"(20, 18)",taxation,6,0.25,False,True,False
233,207-4,30053.109375,"(35, 30)",taxation,6,0.25,False,True,False
233,145-4,39080.75,"(30, 22)",taxation,6,0.25,False,True,False
233,132-4,40895.484375,"(24, 17)",taxation,6,0.25,False,True,False
233,166-4,35426.578125,"(19, 23)",taxation,6,0.25,False,True,False
233,100-4,37292.671875,"(28, 29)",taxation,6,0.25,False,True,False
233,116-4,40891.84375,"(30, 25)",taxation,6,0.25,False,True,False
233,19-4,39094.75,"(17, 11)",taxation,6,0.25,False,True,False
233,233-4,35432.828125,"(15, 23)",taxation,6,0.25,False,True,False
233,64-4,37224.5,"(48, 27)",taxation,6,0.25,False,True,False
233,186-4,35487.640625,"(46, 21)",taxation,6,0.25,False,True,False
233,103-4,37259.40625,"(11, 24)",taxation,6,0.25,False,True,False
233,163-4,44459.125,"(37, 35)",taxation,6,0.25,False,True,False
233,221-4,35423.21875,"(25, 20)",taxation,6,0.25,False,True,False
233,86-4,37266.875,"(22, 5)",taxation,6,0.25,False,True,False
233,57-4,33648.765625,"(12, 28)",taxation,6,0.25,False,True,False
233,164-4,39099.828125,"(11, 42)",taxation,6,0.25,False,True,False
233,92-4,40861.1875,"(23, 16)",taxation,6,0.25,False,True,False
233,174-4,40873.84375,"(6, 46)",taxation,6,0.25,False,True,False
233,89-4,39047.296875,"(47, 25)",taxation,6,0.25,False,True,False
233,188-4,37262.34375,"(35, 20)",taxation,6,0.25,False,True,False
233,11-4,30020.890625,"(6, 36)",taxation,6,0.25,False,True,False
233,2-4,37289.859375,"(14, 18)",taxation,6,0.25,False,True,False
233,90-4,33635.90625,"(16, 7)",taxation,6,0.25,False,True,False
233,120-4,42688.875,"(6, 44)",taxation,6,0.25,False,True,False
233,48-4,39007.125,"(10, 36)",taxation,6,0.25,False,True,False
233,69-4,40825.90625,"(30, 10)",taxation,6,0.25,False,True,False
233,97-4,29978.484375,"(33, 33)",taxation,6,0.25,False,True,False
233,13-4,35442.515625,"(17, 24)",taxation,6,0.25,False,True,False
233,58-4,39016.90625,"(23, 20)",taxation,6,0.25,False,True,False
233,52-4,28191.328125,"(45, 20)",taxation,6,0.25,False,True,False
233,117-4,33602.21875,"(35, 34)",taxation,6,0.25,False,True,False
233,27-4,33592.546875,"(11, 26)",taxation,6,0.25,False,True,False
233,121-4,37258.0,"(13, 30)",taxation,6,0.25,False,True,False
233,107-4,40839.65625,"(17, 21)",taxation,6,0.25,False,True,False
233,85-4,33618.3125,"(2, 47)",taxation,6,0.25,False,True,False
233,237-4,29990.484375,"(45, 28)",taxation,6,0.25,False,True,False
233,18-4,42655.234375,"(39, 3)",taxation,6,0.25,False,True,False
233,96-4,42686.28125,"(27, 26)",taxation,6,0.25,False,True,False
233,160-4,33611.3125,"(23, 8)",taxation,6,0.25,False,True,False
233,37-4,39049.046875,"(44, 22)",taxation,6,0.25,False,True,False
233,30-4,42672.703125,"(38, 34)",taxation,6,0.25,False,True,False
233,235-4,37204.953125,"(5, 44)",taxation,6,0.25,False,True,False
233,80-4,40840.46875,"(49, 30)",taxation,6,0.25,False,True,False
233,14-4,10113.90625,"(13, 15)",taxation,6,0.25,False,True,False
233,104-4,35459.84375,"(42, 29)",taxation,6,0.25,False,True,False
233,184-4,37188.203125,"(19, 18)",taxation,6,0.25,False,True,False
233,229-4,40870.765625,"(30, 21)",taxation,6,0.25,False,True,False
233,136-4,29927.28125,"(8, 20)",taxation,6,0.25,False,True,False
233,232-4,22695.765625,"(43, 23)",taxation,6,0.25,False,True,False
233,7-4,28185.03125,"(49, 26)",taxation,6,0.25,False,True,False
233,248-4,37203.890625,"(41, 20)",taxation,6,0.25,False,True,False
233,61-4,44469.640625,"(16, 11)",taxation,6,0.25,False,True,False
233,88-4,37235.25,"(19, 16)",taxation,6,0.25,False,True,False
233,72-4,42634.40625,"(42, 28)",taxation,6,0.25,False,True,False
233,62-4,37218.59375,"(17, 17)",taxation,6,0.25,False,True,False
233,194-4,33572.96875,"(2, 48)",taxation,6,0.25,False,True,False
233,236-4,37206.203125,"(35, 33)",taxation,6,0.25,False,True,False
233,124-4,35355.140625,"(42, 34)",taxation,6,0.25,False,True,False
233,36-4,28158.578125,"(20, 22)",taxation,6,0.25,False,True,False
233,215-4,40837.96875,"(37, 30)",taxation,6,0.25,False,True,False
233,152-4,38998.640625,"(5, 22)",taxation,6,0.25,False,True,False
233,82-4,39013.09375,"(19, 25)",taxation,6,0.25,False,True,False
233,127-4,39022.125,"(20, 21)",taxation,6,0.25,False,True,False
233,47-4,26304.734375,"(11, 39)",taxation,6,0.25,False,True,False
233,223-4,26339.125,"(46, 33)",taxation,6,0.25,False,True,False
233,108-4,20923.515625,"(48, 17)",taxation,6,0.25,False,True,False
233,65-4,42607.203125,"(44, 23)",taxation,6,0.25,False,True,False
233,109-4,37198.40625,"(43, 29)",taxation,6,0.25,False,True,False
233,26-4,29960.171875,"(0, 47)",taxation,6,0.25,False,True,False
233,59-4,33598.953125,"(7, 21)",taxation,6,0.25,False,True,False
233,99-4,35363.953125,"(18, 17)",taxation,6,0.25,False,True,False
233,84-4,37207.46875,"(41, 31)",taxation,6,0.25,False,True,False
233,128-4,40825.6875,"(37, 37)",taxation,6,0.25,False,True,False
233,8-4,37198.1875,"(13, 16)",taxation,6,0.25,False,True,False
233,77-4,31744.34375,"(24, 24)",taxation,6,0.25,False,True,False
233,157-4,35363.890625,"(17, 26)",taxation,6,0.25,False,True,False
233,123-4,42574.171875,"(36, 29)",taxation,6,0.25,False,True,False
233,195-4,17260.453125,"(29, 27)",taxation,6,0.25,False,True,False
233,87-4,37164.96875,"(19, 12)",taxation,6,0.25,False,True,False
233,119-4,37186.8125,"(44, 28)",taxation,6,0.25,False,True,False
233,199-4,42598.1875,"(22, 7)",taxation,6,0.25,False,True,False
233,129-4,35385.375,"(14, 32)",taxation,6,0.25,False,True,False
233,43-4,37187.109375,"(38, 33)",taxation,6,0.25,False,True,False
233,190-4,37133.796875,"(4, 41)",taxation,6,0.25,False,True,False
233,46-4,26326.375,"(43, 22)",taxation,6,0.25,False,True,False
233,15-4,33549.546875,"(14, 20)",taxation,6,0.25,False,True,False
233,245-4,40761.546875,"(42, 33)",taxation,6,0.25,False,True,False
233,178-4,40754.140625,"(1, 48)",taxation,6,0.25,False,True,False
233,151-4,29904.140625,"(49, 31)",taxation,6,0.25,False,True,False
233,79-4,35360.640625,"(33, 0)",taxation,6,0.25,False,True,False
233,114-4,42589.984375,"(7, 43)",taxation,6,0.25,False,True,False
233,230-4,29904.5,"(29, 29)",taxation,6,0.25,False,True,False
233,224-4,31716.484375,"(48, 26)",taxation,6,0.25,False,True,False
233,93-4,17229.0,"(4, 46)",taxation,6,0.25,False,True,False
233,35-4,37145.40625,"(41, 23)",taxation,6,0.25,False,True,False
233,135-4,37132.546875,"(35, 35)",taxation,6,0.25,False,True,False
233,24-4,29933.59375,"(48, 24)",taxation,6,0.25,False,True,False
233,49-4,35355.65625,"(20, 15)",taxation,6,0.25,False,True,False
233,34-4,33506.125,"(23, 15)",taxation,6,0.25,False,True,False
233,60-4,38933.578125,"(14, 33)",taxation,6,0.25,False,True,False
233,220-4,40797.9375,"(28, 19)",taxation,6,0.25,False,True,False
233,227-4,40761.28125,"(37, 32)",taxation,6,0.25,False,True,False
233,228-5,22205.453125,"(20, 23)",taxation,6,0.25,False,True,False
233,218-4,42566.59375,"(28, 22)",taxation,6,0.25,False,True,False
233,181-4,37108.953125000015,"(47, 23)",taxation,6,0.25,False,True,False
233,39-4,26256.21875,"(2, 46)",taxation,6,0.25,False,True,False
233,81-4,35344.265625,"(22, 14)",taxation,6,0.25,False,True,False
233,9-4,31723.453125,"(0, 44)",taxation,6,0.25,False,True,False
233,244-4,42570.65625,"(25, 23)",taxation,6,0.25,False,True,False
233,118-4,40720.21875,"(30, 19)",taxation,6,0.25,False,True,False
233,204-4,40716.28125,"(11, 45)",taxation,6,0.25,False,True,False
233,101-4,37155.421875,"(40, 36)",taxation,6,0.25,False,True,False
233,243-4,35301.84375,"(12, 27)",taxation,6,0.25,False,True,False
234,185-3,49579.125,"(46, 26)",taxation,6,0.25,False,True,False
234,29-3,49557.9375,"(41, 19)",taxation,6,0.25,False,True,False
234,131-3,49520.75,"(7, 45)",taxation,6,0.25,False,True,False
234,171-3,49477.375,"(49, 5)",taxation,6,0.25,False,True,False
234,200-3,47122.5,"(49, 15)",taxation,6,0.25,False,True,False
234,238-3,49490.5,"(42, 35)",taxation,6,0.25,False,True,False
234,197-3,39855.1875,"(0, 48)",taxation,6,0.25,False,True,False
234,139-4,44701.765625,"(26, 15)",taxation,6,0.25,False,True,False
234,213-3,49513.625,"(20, 17)",taxation,6,0.25,False,True,False
234,70-3,51892.0,"(2, 49)",taxation,6,0.25,False,True,False
234,239-3,49536.625,"(21, 19)",taxation,6,0.25,False,True,False
234,192-3,44687.25,"(23, 25)",taxation,6,0.25,False,True,False
234,143-3,49508.3125,"(42, 27)",taxation,6,0.25,False,True,False
234,3-3,30138.6875,"(27, 31)",taxation,6,0.25,False,True,False
234,105-3,44655.625,"(49, 19)",taxation,6,0.25,False,True,False
234,177-3,49553.3125,"(30, 39)",taxation,6,0.25,False,True,False
234,167-4,39231.734375,"(45, 12)",taxation,6,0.25,False,True,False
234,173-4,10945.8125,"(13, 21)",taxation,6,0.25,False,True,False
234,44-3,32597.0,"(3, 42)",taxation,6,0.25,False,True,False
234,216-3,54307.5,"(43, 18)",taxation,6,0.25,False,True,False
234,217-3,30192.375,"(48, 19)",taxation,6,0.25,False,True,False
234,138-3,51852.8125,"(40, 18)",taxation,6,0.25,False,True,False
234,75-4,35580.0625,"(21, 22)",taxation,6,0.25,False,True,False
234,74-4,43407.0,"(5, 47)",taxation,6,0.25,False,True,False
234,191-3,56713.5625,"(16, 2)",taxation,6,0.25,False,True,False
234,240-4,13283.3125,"(18, 27)",taxation,6,0.25,False,True,False
234,20-3,47082.75,"(31, 36)",taxation,6,0.25,False,True,False
234,159-3,39850.375,"(27, 18)",taxation,6,0.25,False,True,False
234,158-4,36211.0625,"(14, 26)",taxation,6,0.25,False,True,False
234,66-3,54328.8125,"(25, 30)",taxation,6,0.25,False,True,False
234,170-4,34448.734375,"(22, 17)",taxation,6,0.25,False,True,False
234,146-4,15722.3125,"(25, 27)",taxation,6,0.25,False,True,False
234,219-4,43440.3125,"(24, 28)",taxation,6,0.25,False,True,False
234,140-4,1211.0625,"(12, 25)",taxation,6,0.25,False,True,False
234,210-3,59104.5625,"(10, 42)",taxation,6,0.25,False,True,False
234,198-4,35614.71875,"(48, 23)",taxation,6,0.25,False,True,False
234,246-4,37427.3125,"(20, 27)",taxation,6,0.25,False,True,False
234,187-4,20526.1875,"(23, 19)",taxation,6,0.25,False,True,False
234,179-4,32635.53125,"(26, 12)",taxation,6,0.25,False,True,False
234,23-4,40427.5,"(37, 22)",taxation,6,0.25,False,True,False
234,31-4,44623.46875,"(1, 49)",taxation,6,0.25,False,True,False
234,150-3,42219.4375,"(43, 26)",taxation,6,0.25,False,True,False
234,12-3,47048.8125,"(18, 9)",taxation,6,0.25,False,True,False
234,98-4,20570.0625,"(21, 21)",taxation,6,0.25,False,True,False
234,126-3,49458.0625,"(35, 37)",taxation,6,0.25,False,True,False
234,176-4,1223.1875,"(35, 40)",taxation,6,0.25,False,True,False
234,28-4,34403.203125,"(28, 17)",taxation,6,0.25,False,True,False
234,154-4,18080.3125,"(33, 39)",taxation,6,0.25,False,True,False
234,40-4,41021.3125,"(22, 18)",taxation,6,0.25,False,True,False
234,1-4,28973.140625,"(8, 46)",taxation,6,0.25,False,True,False
234,76-4,37403.921875000015,"(41, 34)",taxation,6,0.25,False,True,False
234,67-3,37430.5625,"(43, 21)",taxation,6,0.25,False,True,False
234,182-4,39189.890625,"(23, 23)",taxation,6,0.25,False,True,False
234,241-4,35583.21875,"(19, 6)",taxation,6,0.25,False,True,False
234,149-4,33820.5625,"(11, 18)",taxation,6,0.25,False,True,False
234,17-4,41048.03125,"(19, 11)",taxation,6,0.25,False,True,False
234,0-4,26552.828125,"(22, 10)",taxation,6,0.25,False,True,False
234,22-4,42825.8125,"(26, 19)",taxation,6,0.25,False,True,False
234,10-4,39211.390625,"(16, 1)",taxation,6,0.25,False,True,False
234,242-4,17496.953125,"(28, 31)",taxation,6,0.25,False,True,False
234,142-4,24707.859375,"(17, 7)",taxation,6,0.25,False,True,False
234,189-4,33846.84375,"(23, 22)",taxation,6,0.25,False,True,False
234,63-4,35539.171875,"(42, 17)",taxation,6,0.25,False,True,False
234,165-4,44545.1875,"(37, 38)",taxation,6,0.25,False,True,False
234,94-4,13279.125,"(26, 22)",taxation,6,0.25,False,True,False
234,206-4,37964.328125,"(8, 49)",taxation,6,0.25,False,True,False
234,172-4,40950.484375,"(30, 42)",taxation,6,0.25,False,True,False
234,144-4,37393.90625,"(44, 12)",taxation,6,0.25,False,True,False
234,111-4,40954.515625,"(47, 34)",taxation,6,0.25,False,True,False
234,83-4,40973.671875,"(27, 14)",taxation,6,0.25,False,True,False
234,249-4,39215.5625,"(26, 18)",taxation,6,0.25,False,True,False
234,51-4,39185.40625,"(17, 6)",taxation,6,0.25,False,True,False
234,180-4,37390.265625,"(28, 16)",taxation,6,0.25,False,True,False
234,148-4,30097.953125,"(13, 26)",taxation,6,0.25,False,True,False
234,16-4,42802.34375,"(32, 37)",taxation,6,0.25,False,True,False
234,134-4,37374.25,"(46, 34)",taxation,6,0.25,False,True,False
234,73-4,39170.265625,"(35, 17)",taxation,6,0.25,False,True,False
234,54-4,37380.140625,"(14, 22)",taxation,6,0.25,False,True,False
234,38-4,39158.59375,"(44, 15)",taxation,6,0.25,False,True,False
234,6-4,42799.625,"(21, 20)",taxation,6,0.25,False,True,False
234,156-4,28271.96875,"(47, 33)",taxation,6,0.25,False,True,False
234,95-4,42790.65625,"(33, 13)",taxation,6,0.25,False,True,False
234,42-4,28375.21875,"(7, 46)",taxation,6,0.25,False,True,False
234,168-4,40967.15625,"(7, 48)",taxation,6,0.25,False,True,False
234,183-4,26512.796875,"(17, 19)",taxation,6,0.25,False,True,False
234,53-4,24691.765625,"(26, 21)",taxation,6,0.25,False,True,False
234,106-4,35567.859375,"(49, 20)",taxation,6,0.25,False,True,False
234,133-4,33770.1875,"(16, 4)",taxation,6,0.25,False,True,False
234,25-4,33726.6875,"(13, 25)",taxation,6,0.25,False,True,False
234,56-4,37381.171875,"(18, 25)",taxation,6,0.25,False,True,False
234,234-4,39113.34375,"(33, 35)",taxation,6,0.25,False,True,False
234,71-4,40987.203125,"(18, 3)",taxation,6,0.25,False,True,False
234,162-4,39131.15625,"(22, 26)",taxation,6,0.25,False,True,False
234,45-4,39132.109375,"(36, 33)",taxation,6,0.25,False,True,False
234,212-4,39196.609375,"(16, 5)",taxation,6,0.25,False,True,False
234,110-4,42744.3125,"(26, 30)",taxation,6,0.25,False,True,False
234,225-4,39157.421875,"(25, 22)",taxation,6,0.25,False,True,False
234,231-4,24670.109375,"(18, 20)",taxation,6,0.25,False,True,False
234,137-4,33705.53125,"(22, 6)",taxation,6,0.25,False,True,False
234,4-4,28316.515625,"(27, 15)",taxation,6,0.25,False,True,False
234,169-4,30100.4375,"(15, 25)",taxation,6,0.25,False,True,False
234,125-4,40891.125,"(21, 27)",taxation,6,0.25,False,True,False
234,122-4,31908.515625,"(4, 47)",taxation,6,0.25,False,True,False
234,226-4,37326.796875,"(27, 22)",taxation,6,0.25,False,True,False
234,5-4,17405.21875,"(40, 33)",taxation,6,0.25,False,True,False
234,209-4,42744.46875,"(28, 32)",taxation,6,0.25,False,True,False
234,205-4,19257.359375,"(47, 32)",taxation,6,0.25,False,True,False
234,130-4,40892.34375,"(27, 17)",taxation,6,0.25,False,True,False
234,91-4,41000.796875,"(15, 5)",taxation,6,0.25,False,True,False
234,214-4,24672.4375,"(23, 10)",taxation,6,0.25,False,True,False
234,196-4,26415.25,"(7, 49)",taxation,6,0.25,False,True,False
234,21-4,35514.015625,"(27, 24)",taxation,6,0.25,False,True,False
234,141-4,30097.53125,"(46, 15)",taxation,6,0.25,False,True,False
234,193-4,33700.84375,"(19, 3)",taxation,6,0.25,False,True,False
234,68-4,31874.984375,"(14, 41)",taxation,6,0.25,False,True,False
234,161-4,31870.875,"(46, 18)",taxation,6,0.25,False,True,False
234,147-4,37317.921875,"(14, 21)",taxation,6,0.25,False,True,False
234,175-4,31836.78125,"(5, 48)",taxation,6,0.25,False,True,False
234,55-4,40941.453125,"(17, 4)",taxation,6,0.25,False,True,False
234,50-4,42704.59375,"(39, 35)",taxation,6,0.25,False,True,False
234,113-4,39080.296875,"(14, 38)",taxation,6,0.25,False,True,False
234,201-4,26460.203125,"(18, 18)",taxation,6,0.25,False,True,False
234,102-4,26427.59375,"(13, 23)",taxation,6,0.25,False,True,False
234,112-4,40885.46875,"(5, 49)",taxation,6,0.25,False,True,False
234,41-4,40915.5,"(33, 18)",taxation,6,0.25,False,True,False
234,78-4,35511.515625,"(12, 18)",taxation,6,0.25,False,True,False
234,203-4,44532.765625,"(47, 18)",taxation,6,0.25,False,True,False
234,247-4,33700.5625,"(45, 35)",taxation,6,0.25,False,True,False
234,32-4,40893.359375,"(49, 17)",taxation,6,0.25,False,True,False
234,115-4,40882.484375,"(25, 21)",taxation,6,0.25,False,True,False
234,33-4,30043.703125,"(42, 36)",taxation,6,0.25,False,True,False
234,202-4,42691.375,"(32, 43)",taxation,6,0.25,False,True,False
234,155-4,39105.828125,"(25, 13)",taxation,6,0.25,False,True,False
234,207-4,30061.109375,"(30, 36)",taxation,6,0.25,False,True,False
234,145-4,39089.75,"(27, 20)",taxation,6,0.25,False,True,False
234,132-4,40904.484375,"(26, 16)",taxation,6,0.25,False,True,False
234,166-4,35435.578125,"(23, 24)",taxation,6,0.25,False,True,False
234,100-4,37300.671875,"(27, 30)",taxation,6,0.25,False,True,False
234,116-4,40900.84375,"(26, 23)",taxation,6,0.25,False,True,False
234,19-4,39103.75,"(23, 9)",taxation,6,0.25,False,True,False
234,233-4,35440.828125,"(14, 23)",taxation,6,0.25,False,True,False
234,64-4,37228.5,"(47, 21)",taxation,6,0.25,False,True,False
234,186-4,35495.640625,"(48, 18)",taxation,6,0.25,False,True,False
234,103-4,37267.40625,"(13, 24)",taxation,6,0.25,False,True,False
234,163-4,44463.125,"(34, 37)",taxation,6,0.25,False,True,False
234,221-4,35433.21875,"(21, 17)",taxation,6,0.25,False,True,False
234,86-4,37276.875,"(18, 1)",taxation,6,0.25,False,True,False
234,57-4,33656.765625,"(13, 27)",taxation,6,0.25,False,True,False
234,164-4,39107.828125,"(9, 47)",taxation,6,0.25,False,True,False
234,92-4,40870.1875,"(23, 18)",taxation,6,0.25,False,True,False
234,174-4,40881.84375,"(6, 47)",taxation,6,0.25,False,True,False
234,89-4,39051.296875,"(44, 21)",taxation,6,0.25,False,True,False
234,188-4,37270.34375,"(32, 18)",taxation,6,0.25,False,True,False
234,11-4,30027.890625,"(10, 41)",taxation,6,0.25,False,True,False
234,2-4,37297.859375,"(19, 24)",taxation,6,0.25,False,True,False
234,90-4,33645.90625,"(16, 6)",taxation,6,0.25,False,True,False
234,120-4,42696.875,"(7, 47)",taxation,6,0.25,False,True,False
234,48-4,39014.125,"(14, 36)",taxation,6,0.25,False,True,False
234,69-4,40834.90625,"(27, 11)",taxation,6,0.25,False,True,False
234,97-4,29986.484375,"(27, 32)",taxation,6,0.25,False,True,False
234,13-4,35451.515625,"(17, 23)",taxation,6,0.25,False,True,False
234,58-4,39025.90625,"(22, 19)",taxation,6,0.25,False,True,False
234,52-4,28197.328125,"(47, 16)",taxation,6,0.25,False,True,False
234,117-4,33609.21875,"(30, 38)",taxation,6,0.25,False,True,False
234,27-4,33600.546875,"(15, 26)",taxation,6,0.25,False,True,False
234,121-4,37266.0,"(15, 29)",taxation,6,0.25,False,True,False
234,107-4,40848.65625,"(18, 22)",taxation,6,0.25,False,True,False
234,85-4,33626.3125,"(3, 49)",taxation,6,0.25,False,True,False
234,237-4,29992.484375,"(45, 26)",taxation,6,0.25,False,True,False
234,18-4,42662.234375,"(33, 4)",taxation,6,0.25,False,True,False
234,96-4,42695.28125,"(25, 24)",taxation,6,0.25,False,True,False
234,160-4,33620.3125,"(23, 5)",taxation,6,0.25,False,True,False
234,37-4,39054.046875,"(43, 16)",taxation,6,0.25,False,True,False
234,30-4,42676.703125,"(32, 40)",taxation,6,0.25,False,True,False
234,235-4,37212.953125,"(6, 48)",taxation,6,0.25,False,True,False
234,80-4,40842.46875,"(47, 26)",taxation,6,0.25,False,True,False
234,14-4,10121.90625,"(15, 20)",taxation,6,0.25,False,True,False
234,104-4,35462.84375,"(36, 30)",taxation,6,0.25,False,True,False
234,184-4,37195.203125,"(18, 13)",taxation,6,0.25,False,True,False
234,229-4,40879.765625,"(27, 19)",taxation,6,0.25,False,True,False
234,136-4,29934.28125,"(10, 22)",taxation,6,0.25,False,True,False
234,232-4,22700.765625,"(40, 19)",taxation,6,0.25,False,True,False
234,7-4,28189.03125,"(49, 21)",taxation,6,0.25,False,True,False
234,248-4,37210.890625,"(35, 16)",taxation,6,0.25,False,True,False
234,61-4,44479.640625,"(18, 12)",taxation,6,0.25,False,True,False
234,88-4,37243.25,"(25, 12)",taxation,6,0.25,False,True,False
234,72-4,42637.40625,"(39, 23)",taxation,6,0.25,False,True,False
234,62-4,37226.59375,"(23, 12)",taxation,6,0.25,False,True,False
234,194-4,33580.96875,"(3, 48)",taxation,6,0.25,False,True,False
234,236-4,37214.203125,"(30, 37)",taxation,6,0.25,False,True,False
234,124-4,35358.140625,"(36, 38)",taxation,6,0.25,False,True,False
234,36-4,28167.578125,"(25, 18)",taxation,6,0.25,False,True,False
234,215-4,40841.96875,"(31, 35)",taxation,6,0.25,False,True,False
234,152-4,39005.640625,"(10, 23)",taxation,6,0.25,False,True,False
234,82-4,39022.09375,"(21, 24)",taxation,6,0.25,False,True,False
234,127-4,39032.125,"(21, 18)",taxation,6,0.25,False,True,False
234,47-4,26311.734375,"(12, 43)",taxation,6,0.25,False,True,False
234,223-4,26341.125,"(41, 33)",taxation,6,0.25,False,True,False
234,108-4,20929.515625,"(49, 16)",taxation,6,0.25,False,True,False
234,65-4,42614.203125,"(49, 18)",taxation,6,0.25,False,True,False
234,109-4,37200.40625,"(41, 27)",taxation,6,0.25,False,True,False
234,26-4,29964.171875,"(6, 42)",taxation,6,0.25,False,True,False
234,59-4,33606.953125,"(13, 22)",taxation,6,0.25,False,True,False
234,99-4,35370.953125,"(18, 11)",taxation,6,0.25,False,True,False
234,84-4,37210.46875,"(35, 32)",taxation,6,0.25,False,True,False
234,128-4,40830.6875,"(31, 43)",taxation,6,0.25,False,True,False
234,8-4,37207.1875,"(19, 21)",taxation,6,0.25,False,True,False
234,77-4,31752.34375,"(24, 29)",taxation,6,0.25,False,True,False
234,157-4,35371.890625,"(16, 26)",taxation,6,0.25,False,True,False
234,123-4,42578.171875,"(30, 33)",taxation,6,0.25,False,True,False
234,195-4,17269.453125,"(26, 24)",taxation,6,0.25,False,True,False
234,87-4,37173.96875,"(23, 11)",taxation,6,0.25,False,True,False
234,119-4,37189.8125,"(38, 22)",taxation,6,0.25,False,True,False
234,199-4,42607.1875,"(23, 4)",taxation,6,0.25,False,True,False
234,129-4,35393.375,"(16, 30)",taxation,6,0.25,False,True,False
234,43-4,37191.109375,"(32, 36)",taxation,6,0.25,False,True,False
234,190-4,37141.796875,"(9, 46)",taxation,6,0.25,False,True,False
234,46-4,26332.375,"(40, 16)",taxation,6,0.25,False,True,False
234,15-4,33557.546875,"(18, 26)",taxation,6,0.25,False,True,False
234,245-4,40764.546875,"(37, 36)",taxation,6,0.25,False,True,False
234,178-4,40762.140625,"(0, 49)",taxation,6,0.25,False,True,False
234,151-4,29905.140625,"(48, 30)",taxation,6,0.25,False,True,False
234,79-4,35368.640625,"(28, 0)",taxation,6,0.25,False,True,False
234,114-4,42597.984375,"(8, 47)",taxation,6,0.25,False,True,False
234,230-4,29913.5,"(23, 27)",taxation,6,0.25,False,True,False
234,224-4,31720.484375,"(48, 20)",taxation,6,0.25,False,True,False
234,93-4,17237.0,"(8, 48)",taxation,6,0.25,False,True,False
234,35-4,37149.40625,"(42, 19)",taxation,6,0.25,False,True,False
234,135-4,37140.546875,"(31, 37)",taxation,6,0.25,False,True,False
234,24-4,29937.59375,"(46, 20)",taxation,6,0.25,False,True,False
234,49-4,35365.65625,"(21, 16)",taxation,6,0.25,False,True,False
234,34-4,33515.125,"(25, 14)",taxation,6,0.25,False,True,False
234,60-4,38941.578125,"(16, 31)",taxation,6,0.25,False,True,False
234,220-4,40806.9375,"(28, 14)",taxation,6,0.25,False,True,False
234,227-4,40765.28125,"(33, 38)",taxation,6,0.25,False,True,False
234,228-5,22214.453125,"(21, 23)",taxation,6,0.25,False,True,False
234,218-4,42574.59375,"(30, 17)",taxation,6,0.25,False,True,False
234,181-4,37113.953125000015,"(44, 17)",taxation,6,0.25,False,True,False
234,39-4,26263.21875,"(7, 44)",taxation,6,0.25,False,True,False
234,81-4,35353.265625,"(22, 11)",taxation,6,0.25,False,True,False
234,9-4,31731.453125,"(6, 49)",taxation,6,0.25,False,True,False
234,244-4,42578.65625,"(21, 26)",taxation,6,0.25,False,True,False
234,118-4,40729.21875,"(28, 15)",taxation,6,0.25,False,True,False
234,204-4,40723.28125,"(10, 45)",taxation,6,0.25,False,True,False
234,101-4,37159.421875,"(34, 39)",taxation,6,0.25,False,True,False
234,243-4,35310.84375,"(17, 25)",taxation,6,0.25,False,True,False
234,153-4,19044.9375,"(19, 4)",taxation,6,0.25,False,True,False
234,208-5,29885.77734375,"(22, 8)",taxation,6,0.25,False,True,False
234,222-4,37128.09375,"(23, 28)",taxation,6,0.25,False,True,False
234,211-4,24450.609375,"(25, 15)",taxation,6,0.25,False,True,False
235,29-3,49565.9375,"(35, 13)",taxation,6,0.25,False,True,False
235,131-3,49527.75,"(13, 39)",taxation,6,0.25,False,True,False
235,171-3,49483.375,"(49, 6)",taxation,6,0.25,False,True,False
235,200-3,47128.5,"(44, 13)",taxation,6,0.25,False,True,False
235,238-3,49493.5,"(39, 33)",taxation,6,0.25,False,True,False
235,197-3,39859.1875,"(5, 42)",taxation,6,0.25,False,True,False
235,239-3,49543.625,"(17, 16)",taxation,6,0.25,False,True,False
235,192-3,44695.25,"(17, 31)",taxation,6,0.25,False,True,False
235,143-3,49512.3125,"(39, 21)",taxation,6,0.25,False,True,False
235,3-3,30147.6875,"(22, 32)",taxation,6,0.25,False,True,False
235,105-3,44661.625,"(43, 13)",taxation,6,0.25,False,True,False
235,177-3,49561.3125,"(24, 38)",taxation,6,0.25,False,True,False
235,167-4,39238.734375,"(39, 9)",taxation,6,0.25,False,True,False
235,173-4,10953.8125,"(11, 21)",taxation,6,0.25,False,True,False
235,44-3,32604.0,"(8, 39)",taxation,6,0.25,False,True,False
235,216-3,54314.5,"(40, 13)",taxation,6,0.25,False,True,False
235,217-3,30198.375,"(49, 14)",taxation,6,0.25,False,True,False
235,138-3,51860.8125,"(34, 16)",taxation,6,0.25,False,True,False
235,75-4,35589.0625,"(19, 28)",taxation,6,0.25,False,True,False
235,74-4,43415.0,"(11, 44)",taxation,6,0.25,False,True,False
235,191-3,56723.5625,"(20, 0)",taxation,6,0.25,False,True,False
235,240-4,13291.3125,"(17, 30)",taxation,6,0.25,False,True,False
235,20-3,47090.75,"(26, 37)",taxation,6,0.25,False,True,False
235,159-3,39859.375,"(31, 16)",taxation,6,0.25,False,True,False
235,158-4,36220.0625,"(18, 29)",taxation,6,0.25,False,True,False
235,66-3,54337.8125,"(25, 31)",taxation,6,0.25,False,True,False
235,170-4,34452.734375,"(24, 15)",taxation,6,0.25,False,True,False
235,146-4,15731.3125,"(21, 31)",taxation,6,0.25,False,True,False
235,219-4,43448.3125,"(25, 32)",taxation,6,0.25,False,True,False
235,140-4,1220.0625,"(15, 27)",taxation,6,0.25,False,True,False
235,210-3,59112.5625,"(10, 44)",taxation,6,0.25,False,True,False
235,198-4,35619.71875,"(45, 18)",taxation,6,0.25,False,True,False
235,246-4,37436.3125,"(20, 30)",taxation,6,0.25,False,True,False
235,187-4,20535.1875,"(29, 15)",taxation,6,0.25,False,True,False
235,179-4,32644.53125,"(31, 12)",taxation,6,0.25,False,True,False
235,23-4,40432.5,"(40, 17)",taxation,6,0.25,False,True,False
235,31-4,44626.46875,"(4, 44)",taxation,6,0.25,False,True,False
235,150-3,42223.4375,"(40, 20)",taxation,6,0.25,False,True,False
235,12-3,47057.8125,"(20, 4)",taxation,6,0.25,False,True,False
235,98-4,20578.0625,"(19, 26)",taxation,6,0.25,False,True,False
235,126-3,49464.0625,"(29, 43)",taxation,6,0.25,False,True,False
235,176-4,1230.1875,"(31, 45)",taxation,6,0.25,False,True,False
235,28-4,34411.203125,"(28, 11)",taxation,6,0.25,False,True,False
235,154-4,18087.3125,"(27, 37)",taxation,6,0.25,False,True,False
235,40-4,41029.3125,"(28, 12)",taxation,6,0.25,False,True,False
235,1-4,28980.140625,"(14, 40)",taxation,6,0.25,False,True,False
235,76-4,37407.921875000015,"(36, 39)",taxation,6,0.25,False,True,False
235,67-3,37436.5625,"(41, 16)",taxation,6,0.25,False,True,False
235,182-4,39197.890625,"(20, 26)",taxation,6,0.25,False,True,False
235,241-4,35593.21875,"(20, 3)",taxation,6,0.25,False,True,False
235,149-4,33828.5625,"(11, 19)",taxation,6,0.25,False,True,False
235,17-4,41056.03125,"(18, 7)",taxation,6,0.25,False,True,False
235,0-4,26561.828125,"(24, 8)",taxation,6,0.25,False,True,False
235,22-4,42834.8125,"(32, 14)",taxation,6,0.25,False,True,False
235,10-4,39221.390625,"(17, 0)",taxation,6,0.25,False,True,False
235,242-4,17504.953125,"(26, 33)",taxation,6,0.25,False,True,False
235,142-4,24717.859375,"(21, 2)",taxation,6,0.25,False,True,False
235,189-4,33852.84375,"(24, 27)",taxation,6,0.25,False,True,False
235,63-4,35547.171875,"(36, 11)",taxation,6,0.25,False,True,False
235,165-4,44550.1875,"(31, 38)",taxation,6,0.25,False,True,False
235,94-4,13286.125,"(22, 27)",taxation,6,0.25,False,True,False
235,206-4,37970.328125,"(11, 46)",taxation,6,0.25,False,True,False
235,172-4,40958.484375,"(25, 38)",taxation,6,0.25,False,True,False
235,144-4,37400.90625,"(44, 14)",taxation,6,0.25,False,True,False
235,111-4,40956.515625,"(45, 34)",taxation,6,0.25,False,True,False
235,83-4,40982.671875,"(26, 11)",taxation,6,0.25,False,True,False
235,249-4,39220.5625,"(27, 12)",taxation,6,0.25,False,True,False
235,51-4,39195.40625,"(19, 1)",taxation,6,0.25,False,True,False
235,180-4,37398.265625,"(34, 11)",taxation,6,0.25,False,True,False
235,148-4,30105.953125,"(13, 28)",taxation,6,0.25,False,True,False
235,16-4,42809.34375,"(27, 36)",taxation,6,0.25,False,True,False
235,134-4,37377.25,"(40, 32)",taxation,6,0.25,False,True,False
235,73-4,39178.265625,"(35, 11)",taxation,6,0.25,False,True,False
235,54-4,37387.140625,"(10, 18)",taxation,6,0.25,False,True,False
235,38-4,39165.59375,"(40, 12)",taxation,6,0.25,False,True,False
235,6-4,42804.625,"(23, 26)",taxation,6,0.25,False,True,False
235,156-4,28273.96875,"(46, 32)",taxation,6,0.25,False,True,False
235,95-4,42799.65625,"(32, 13)",taxation,6,0.25,False,True,False
235,42-4,28383.21875,"(12, 46)",taxation,6,0.25,False,True,False
235,168-4,40975.15625,"(9, 49)",taxation,6,0.25,False,True,False
235,183-4,26520.796875,"(15, 24)",taxation,6,0.25,False,True,False
235,53-4,24700.765625,"(32, 15)",taxation,6,0.25,False,True,False
235,106-4,35574.859375,"(45, 14)",taxation,6,0.25,False,True,False
235,133-4,33780.1875,"(19, 0)",taxation,6,0.25,False,True,False
235,25-4,33735.6875,"(18, 28)",taxation,6,0.25,False,True,False
235,56-4,37389.171875,"(14, 28)",taxation,6,0.25,False,True,False
235,234-4,39120.34375,"(27, 34)",taxation,6,0.25,False,True,False
235,71-4,40997.203125,"(20, 1)",taxation,6,0.25,False,True,False
235,162-4,39140.15625,"(21, 29)",taxation,6,0.25,False,True,False
235,45-4,39137.109375,"(30, 35)",taxation,6,0.25,False,True,False
235,212-4,39206.609375,"(16, 0)",taxation,6,0.25,False,True,False
235,110-4,42753.3125,"(23, 33)",taxation,6,0.25,False,True,False
235,225-4,39166.421875,"(30, 16)",taxation,6,0.25,False,True,False
235,231-4,24676.109375,"(12, 17)",taxation,6,0.25,False,True,False
235,137-4,33715.53125,"(21, 3)",taxation,6,0.25,False,True,False
235,4-4,28323.515625,"(33, 9)",taxation,6,0.25,False,True,False
235,169-4,30109.4375,"(15, 28)",taxation,6,0.25,False,True,False
235,125-4,40900.125,"(21, 30)",taxation,6,0.25,False,True,False
235,122-4,31916.515625,"(10, 46)",taxation,6,0.25,False,True,False
235,226-4,37335.796875,"(33, 16)",taxation,6,0.25,False,True,False
235,5-4,17409.21875,"(34, 33)",taxation,6,0.25,False,True,False
235,209-4,42753.46875,"(26, 32)",taxation,6,0.25,False,True,False
235,205-4,19260.359375,"(41, 26)",taxation,6,0.25,False,True,False
235,130-4,40901.34375,"(31, 14)",taxation,6,0.25,False,True,False
235,91-4,41010.796875,"(17, 1)",taxation,6,0.25,False,True,False
235,214-4,24681.4375,"(26, 5)",taxation,6,0.25,False,True,False
235,196-4,26423.25,"(11, 47)",taxation,6,0.25,False,True,False
235,21-4,35523.015625,"(24, 30)",taxation,6,0.25,False,True,False
235,141-4,30104.53125,"(40, 10)",taxation,6,0.25,False,True,False
235,193-4,33710.84375,"(24, 1)",taxation,6,0.25,False,True,False
235,68-4,31882.984375,"(13, 44)",taxation,6,0.25,False,True,False
235,161-4,31876.875,"(45, 13)",taxation,6,0.25,False,True,False
235,147-4,37325.921875,"(12, 23)",taxation,6,0.25,False,True,False
235,175-4,31844.78125,"(11, 48)",taxation,6,0.25,False,True,False
235,55-4,40951.453125,"(18, 0)",taxation,6,0.25,False,True,False
235,50-4,42709.59375,"(33, 41)",taxation,6,0.25,False,True,False
235,113-4,39088.296875,"(15, 40)",taxation,6,0.25,False,True,False
235,201-4,26467.203125,"(12, 15)",taxation,6,0.25,False,True,False
235,102-4,26435.59375,"(12, 24)",taxation,6,0.25,False,True,False
235,112-4,40891.46875,"(11, 43)",taxation,6,0.25,False,True,False
235,41-4,40924.5,"(33, 15)",taxation,6,0.25,False,True,False
235,78-4,35519.515625,"(12, 16)",taxation,6,0.25,False,True,False
235,203-4,44539.765625,"(41, 12)",taxation,6,0.25,False,True,False
235,247-4,33703.5625,"(39, 36)",taxation,6,0.25,False,True,False
235,32-4,40898.359375,"(48, 14)",taxation,6,0.25,False,True,False
235,115-4,40891.484375,"(29, 16)",taxation,6,0.25,False,True,False
235,33-4,30046.703125,"(39, 37)",taxation,6,0.25,False,True,False
235,202-4,42699.375,"(26, 39)",taxation,6,0.25,False,True,False
235,155-4,39114.828125,"(26, 8)",taxation,6,0.25,False,True,False
235,207-4,30070.109375,"(25, 33)",taxation,6,0.25,False,True,False
235,145-4,39098.75,"(31, 17)",taxation,6,0.25,False,True,False
235,132-4,40913.484375,"(30, 14)",taxation,6,0.25,False,True,False
235,166-4,35442.578125,"(20, 28)",taxation,6,0.25,False,True,False
235,100-4,37309.671875,"(24, 31)",taxation,6,0.25,False,True,False
235,116-4,40908.84375,"(21, 28)",taxation,6,0.25,False,True,False
235,19-4,39112.75,"(26, 6)",taxation,6,0.25,False,True,False
235,233-4,35449.828125,"(17, 28)",taxation,6,0.25,False,True,False
235,64-4,37232.5,"(47, 19)",taxation,6,0.25,False,True,False
235,186-4,35501.640625,"(47, 14)",taxation,6,0.25,False,True,False
235,103-4,37275.40625,"(14, 30)",taxation,6,0.25,False,True,False
235,163-4,44471.125,"(29, 39)",taxation,6,0.25,False,True,False
235,221-4,35438.21875,"(15, 12)",taxation,6,0.25,False,True,False
235,86-4,37286.875,"(22, 1)",taxation,6,0.25,False,True,False
235,57-4,33665.765625,"(18, 30)",taxation,6,0.25,False,True,False
235,164-4,39114.828125,"(15, 46)",taxation,6,0.25,False,True,False
235,92-4,40878.1875,"(29, 14)",taxation,6,0.25,False,True,False
235,174-4,40889.84375,"(12, 49)",taxation,6,0.25,False,True,False
235,89-4,39056.296875,"(44, 18)",taxation,6,0.25,False,True,False
235,188-4,37279.34375,"(32, 17)",taxation,6,0.25,False,True,False
235,11-4,30035.890625,"(12, 44)",taxation,6,0.25,False,True,False
235,2-4,37305.859375,"(14, 29)",taxation,6,0.25,False,True,False
235,90-4,33655.90625,"(22, 2)",taxation,6,0.25,False,True,False
235,120-4,42702.875,"(10, 47)",taxation,6,0.25,False,True,False
235,48-4,39022.125,"(15, 35)",taxation,6,0.25,False,True,False
235,69-4,40843.90625,"(30, 11)",taxation,6,0.25,False,True,False
235,97-4,29995.484375,"(26, 31)",taxation,6,0.25,False,True,False
235,13-4,35460.515625,"(19, 29)",taxation,6,0.25,False,True,False
235,58-4,39034.90625,"(26, 13)",taxation,6,0.25,False,True,False
235,52-4,28203.328125,"(42, 13)",taxation,6,0.25,False,True,False
235,117-4,33616.21875,"(25, 39)",taxation,6,0.25,False,True,False
235,27-4,33609.546875,"(16, 27)",taxation,6,0.25,False,True,False
235,121-4,37275.0,"(20, 31)",taxation,6,0.25,False,True,False
235,107-4,40856.65625,"(19, 27)",taxation,6,0.25,False,True,False
235,85-4,33631.3125,"(9, 45)",taxation,6,0.25,False,True,False
235,237-4,29996.484375,"(42, 20)",taxation,6,0.25,False,True,False
235,18-4,42671.234375,"(28, 3)",taxation,6,0.25,False,True,False
235,96-4,42704.28125,"(22, 30)",taxation,6,0.25,False,True,False
235,160-4,33630.3125,"(23, 1)",taxation,6,0.25,False,True,False
235,37-4,39061.046875,"(43, 14)",taxation,6,0.25,False,True,False
235,30-4,42683.703125,"(30, 45)",taxation,6,0.25,False,True,False
235,235-4,37218.953125,"(10, 48)",taxation,6,0.25,False,True,False
235,80-4,40846.46875,"(43, 20)",taxation,6,0.25,False,True,False
235,14-4,10129.90625,"(11, 22)",taxation,6,0.25,False,True,False
235,104-4,35466.84375,"(34, 30)",taxation,6,0.25,False,True,False
235,184-4,37203.203125,"(24, 9)",taxation,6,0.25,False,True,False
235,229-4,40883.765625,"(29, 17)",taxation,6,0.25,False,True,False
235,136-4,29942.28125,"(11, 23)",taxation,6,0.25,False,True,False
235,232-4,22706.765625,"(37, 13)",taxation,6,0.25,False,True,False
235,7-4,28195.03125,"(48, 15)",taxation,6,0.25,False,True,False
235,248-4,37219.890625,"(34, 15)",taxation,6,0.25,False,True,False
235,61-4,44487.640625,"(18, 6)",taxation,6,0.25,False,True,False
235,88-4,37252.25,"(29, 11)",taxation,6,0.25,False,True,False
235,72-4,42642.40625,"(39, 17)",taxation,6,0.25,False,True,False
235,62-4,37235.59375,"(25, 11)",taxation,6,0.25,False,True,False
235,194-4,33585.96875,"(9, 44)",taxation,6,0.25,False,True,False
235,236-4,37222.203125,"(25, 34)",taxation,6,0.25,False,True,False
235,124-4,35364.140625,"(30, 43)",taxation,6,0.25,False,True,False
235,36-4,28175.578125,"(29, 13)",taxation,6,0.25,False,True,False
235,215-4,40849.96875,"(26, 34)",taxation,6,0.25,False,True,False
235,152-4,39013.640625,"(12, 26)",taxation,6,0.25,False,True,False
235,82-4,39030.09375,"(19, 30)",taxation,6,0.25,False,True,False
235,127-4,39042.125,"(27, 13)",taxation,6,0.25,False,True,False
235,47-4,26319.734375,"(13, 45)",taxation,6,0.25,False,True,False
235,223-4,26345.125,"(35, 38)",taxation,6,0.25,False,True,False
235,108-4,20935.515625,"(46, 13)",taxation,6,0.25,False,True,False
235,65-4,42619.203125,"(47, 15)",taxation,6,0.25,False,True,False
235,109-4,37204.40625,"(38, 21)",taxation,6,0.25,False,True,False
235,26-4,29972.171875,"(10, 43)",taxation,6,0.25,False,True,False
235,59-4,33613.953125,"(9, 18)",taxation,6,0.25,False,True,False
235,99-4,35378.953125,"(17, 10)",taxation,6,0.25,False,True,False
235,84-4,37215.46875,"(29, 32)",taxation,6,0.25,False,True,False
235,128-4,40837.6875,"(29, 45)",taxation,6,0.25,False,True,False
235,8-4,37214.1875,"(14, 27)",taxation,6,0.25,False,True,False
235,77-4,31760.34375,"(23, 31)",taxation,6,0.25,False,True,False
235,157-4,35379.890625,"(16, 28)",taxation,6,0.25,False,True,False
235,123-4,42587.171875,"(27, 35)",taxation,6,0.25,False,True,False
235,195-4,17278.453125,"(23, 30)",taxation,6,0.25,False,True,False
235,87-4,37183.96875,"(26, 9)",taxation,6,0.25,False,True,False
235,119-4,37198.8125,"(33, 17)",taxation,6,0.25,False,True,False
235,199-4,42617.1875,"(23, 2)",taxation,6,0.25,False,True,False
235,129-4,35402.375,"(16, 29)",taxation,6,0.25,False,True,False
235,43-4,37197.109375,"(28, 34)",taxation,6,0.25,False,True,False
235,190-4,37149.796875,"(13, 46)",taxation,6,0.25,False,True,False
235,46-4,26340.375,"(34, 13)",taxation,6,0.25,False,True,False
235,15-4,33566.546875,"(20, 29)",taxation,6,0.25,False,True,False
235,245-4,40769.546875,"(34, 41)",taxation,6,0.25,False,True,False
235,178-4,40765.140625,"(4, 48)",taxation,6,0.25,False,True,False
235,151-4,29908.140625,"(42, 26)",taxation,6,0.25,False,True,False
235,79-4,35378.640625,"(26, 2)",taxation,6,0.25,False,True,False
235,114-4,42605.984375,"(12, 47)",taxation,6,0.25,False,True,False
235,230-4,29921.5,"(20, 32)",taxation,6,0.25,False,True,False
235,224-4,31725.484375,"(45, 15)",taxation,6,0.25,False,True,False
235,93-4,17245.0,"(12, 48)",taxation,6,0.25,False,True,False
235,35-4,37157.40625,"(36, 14)",taxation,6,0.25,False,True,False
235,135-4,37149.546875,"(26, 35)",taxation,6,0.25,False,True,False
235,24-4,29942.59375,"(43, 15)",taxation,6,0.25,False,True,False
235,49-4,35375.65625,"(26, 10)",taxation,6,0.25,False,True,False
235,34-4,33521.125,"(28, 8)",taxation,6,0.25,False,True,False
235,60-4,38950.578125,"(17, 29)",taxation,6,0.25,False,True,False
235,220-4,40814.9375,"(30, 8)",taxation,6,0.25,False,True,False
235,227-4,40772.28125,"(28, 37)",taxation,6,0.25,False,True,False
235,228-5,22223.453125,"(17, 27)",taxation,6,0.25,False,True,False
235,218-4,42583.59375,"(33, 14)",taxation,6,0.25,False,True,False
235,181-4,37119.953125000015,"(41, 13)",taxation,6,0.25,False,True,False
235,39-4,26271.21875,"(12, 45)",taxation,6,0.25,False,True,False
235,81-4,35362.265625,"(25, 5)",taxation,6,0.25,False,True,False
235,9-4,31739.453125,"(11, 49)",taxation,6,0.25,False,True,False
235,244-4,42586.65625,"(18, 31)",taxation,6,0.25,False,True,False
235,118-4,40738.21875,"(30, 13)",taxation,6,0.25,False,True,False
235,204-4,40731.28125,"(13, 47)",taxation,6,0.25,False,True,False
235,101-4,37165.421875,"(28, 39)",taxation,6,0.25,False,True,False
235,243-4,35319.84375,"(19, 31)",taxation,6,0.25,False,True,False
235,153-4,19054.9375,"(20, 2)",taxation,6,0.25,False,True,False
235,208-5,29895.77734375,"(23, 3)",taxation,6,0.25,False,True,False
235,222-4,37136.09375,"(22, 29)",taxation,6,0.25,False,True,False
235,211-4,24459.609375,"(31, 13)",taxation,6,0.25,False,True,False
235,185-4,37187.34375,"(47, 20)",taxation,6,0.25,False,True,False
235,70-4,38922.75,"(8, 45)",taxation,6,0.25,False,True,False
235,139-5,33533.07421875,"(30, 12)",taxation,6,0.25,False,True,False
235,213-4,37138.96875,"(19, 13)",taxation,6,0.25,False,True,False
236,29-3,49574.9375,"(35, 9)",taxation,6,0.25,False,True,False
236,131-3,49535.75,"(14, 37)",taxation,6,0.25,False,True,False
236,171-3,49490.375,"(49, 7)",taxation,6,0.25,False,True,False
236,238-3,49498.5,"(34, 34)",taxation,6,0.25,False,True,False
236,197-3,39866.1875,"(11, 40)",taxation,6,0.25,False,True,False
236,239-3,49551.625,"(11, 16)",taxation,6,0.25,False,True,False
236,192-3,44704.25,"(17, 33)",taxation,6,0.25,False,True,False
236,143-3,49518.3125,"(39, 16)",taxation,6,0.25,False,True,False
236,3-3,30156.6875,"(18, 36)",taxation,6,0.25,False,True,False
236,105-3,44668.625,"(42, 10)",taxation,6,0.25,False,True,False
236,177-3,49570.3125,"(22, 38)",taxation,6,0.25,False,True,False
236,167-4,39247.734375,"(36, 9)",taxation,6,0.25,False,True,False
236,44-3,32612.0,"(13, 35)",taxation,6,0.25,False,True,False
236,216-3,54322.5,"(37, 7)",taxation,6,0.25,False,True,False
236,217-3,30205.375,"(48, 9)",taxation,6,0.25,False,True,False
236,138-3,51866.8125,"(39, 13)",taxation,6,0.25,False,True,False
236,75-4,35597.0625,"(16, 32)",taxation,6,0.25,False,True,False
236,74-4,43423.0,"(16, 43)",taxation,6,0.25,False,True,False
236,191-3,56732.5625,"(24, 3)",taxation,6,0.25,False,True,False
236,240-4,13299.3125,"(18, 34)",taxation,6,0.25,False,True,False
236,20-3,47098.75,"(25, 37)",taxation,6,0.25,False,True,False
236,159-3,39865.375,"(37, 12)",taxation,6,0.25,False,True,False
236,158-4,36229.0625,"(18, 32)",taxation,6,0.25,False,True,False
236,66-3,54346.8125,"(20, 35)",taxation,6,0.25,False,True,False
236,170-4,34458.734375,"(28, 9)",taxation,6,0.25,False,True,False
236,146-4,15740.3125,"(20, 36)",taxation,6,0.25,False,True,False
236,219-4,43457.3125,"(22, 33)",taxation,6,0.25,False,True,False
236,140-4,1227.0625,"(11, 30)",taxation,6,0.25,False,True,False
236,210-3,59120.5625,"(15, 44)",taxation,6,0.25,False,True,False
236,198-4,35625.71875,"(47, 13)",taxation,6,0.25,False,True,False
236,246-4,37444.3125,"(16, 36)",taxation,6,0.25,False,True,False
236,187-4,20543.1875,"(34, 10)",taxation,6,0.25,False,True,False
236,179-4,32652.53125,"(27, 6)",taxation,6,0.25,False,True,False
236,23-4,40438.5,"(38, 14)",taxation,6,0.25,False,True,False
236,31-4,44632.46875,"(7, 41)",taxation,6,0.25,False,True,False
236,150-3,42229.4375,"(40, 15)",taxation,6,0.25,False,True,False
236,12-3,47067.8125,"(25, 0)",taxation,6,0.25,False,True,False
236,98-4,20587.0625,"(19, 32)",taxation,6,0.25,False,True,False
236,126-3,49472.0625,"(27, 44)",taxation,6,0.25,False,True,False
236,176-4,1238.1875,"(26, 45)",taxation,6,0.25,False,True,False
236,28-4,34419.203125,"(32, 5)",taxation,6,0.25,False,True,False
236,154-4,18095.3125,"(21, 42)",taxation,6,0.25,False,True,False
236,40-4,41037.3125,"(26, 7)",taxation,6,0.25,False,True,False
236,1-4,28988.140625,"(16, 39)",taxation,6,0.25,False,True,False
236,76-4,37413.921875000015,"(32, 42)",taxation,6,0.25,False,True,False
236,67-3,37444.5625,"(38, 10)",taxation,6,0.25,False,True,False
236,182-4,39204.890625,"(22, 28)",taxation,6,0.25,False,True,False
236,241-4,35603.21875,"(22, 0)",taxation,6,0.25,False,True,False
236,149-4,33836.5625,"(8, 18)",taxation,6,0.25,False,True,False
236,17-4,41066.03125,"(21, 4)",taxation,6,0.25,False,True,False
236,0-4,26570.828125,"(25, 3)",taxation,6,0.25,False,True,False
236,22-4,42842.8125,"(33, 8)",taxation,6,0.25,False,True,False
236,10-4,39229.390625,"(19, 5)",taxation,6,0.25,False,True,False
236,242-4,17513.953125,"(21, 38)",taxation,6,0.25,False,True,False
236,142-4,24725.859375,"(26, 3)",taxation,6,0.25,False,True,False
236,189-4,33859.84375,"(22, 31)",taxation,6,0.25,False,True,False
236,63-4,35556.171875,"(33, 5)",taxation,6,0.25,False,True,False
236,165-4,44557.1875,"(28, 42)",taxation,6,0.25,False,True,False
236,94-4,13293.125,"(23, 32)",taxation,6,0.25,False,True,False
236,206-4,37978.328125,"(17, 49)",taxation,6,0.25,False,True,False
236,172-4,40967.484375,"(22, 36)",taxation,6,0.25,False,True,False
236,144-4,37407.90625,"(40, 8)",taxation,6,0.25,False,True,False
236,111-4,40960.515625,"(40, 29)",taxation,6,0.25,False,True,False
236,83-4,40991.671875,"(29, 5)",taxation,6,0.25,False,True,False
236,249-4,39228.5625,"(24, 6)",taxation,6,0.25,False,True,False
236,51-4,39204.40625,"(25, 2)",taxation,6,0.25,False,True,False
236,180-4,37407.265625,"(30, 7)",taxation,6,0.25,False,True,False
236,148-4,30112.953125,"(10, 30)",taxation,6,0.25,False,True,False
236,16-4,42818.34375,"(23, 37)",taxation,6,0.25,False,True,False
236,134-4,37382.25,"(34, 32)",taxation,6,0.25,False,True,False
236,73-4,39187.265625,"(31, 6)",taxation,6,0.25,False,True,False
236,54-4,37395.140625,"(10, 17)",taxation,6,0.25,False,True,False
236,38-4,39174.59375,"(35, 10)",taxation,6,0.25,False,True,False
236,6-4,42810.625,"(24, 26)",taxation,6,0.25,False,True,False
236,156-4,28277.96875,"(40, 31)",taxation,6,0.25,False,True,False
236,95-4,42808.65625,"(35, 8)",taxation,6,0.25,False,True,False
236,42-4,28391.21875,"(17, 43)",taxation,6,0.25,False,True,False
236,168-4,40982.15625,"(14, 49)",taxation,6,0.25,False,True,False
236,183-4,26527.796875,"(9, 28)",taxation,6,0.25,False,True,False
236,53-4,24706.765625,"(32, 10)",taxation,6,0.25,False,True,False
236,106-4,35581.859375,"(44, 8)",taxation,6,0.25,False,True,False
236,133-4,33787.1875,"(17, 2)",taxation,6,0.25,False,True,False
236,25-4,33744.6875,"(18, 33)",taxation,6,0.25,False,True,False
236,56-4,37397.171875,"(14, 34)",taxation,6,0.25,False,True,False
236,234-4,39129.34375,"(21, 35)",taxation,6,0.25,False,True,False
236,71-4,41007.203125,"(21, 0)",taxation,6,0.25,False,True,False
236,162-4,39148.15625,"(16, 34)",taxation,6,0.25,False,True,False
236,45-4,39144.109375,"(27, 39)",taxation,6,0.25,False,True,False
236,212-4,39214.609375,"(21, 6)",taxation,6,0.25,False,True,False
236,110-4,42762.3125,"(21, 34)",taxation,6,0.25,False,True,False
236,225-4,39172.421875,"(36, 16)",taxation,6,0.25,False,True,False
236,231-4,24684.109375,"(9, 16)",taxation,6,0.25,False,True,False
236,137-4,33723.53125,"(24, 4)",taxation,6,0.25,False,True,False
236,4-4,28332.515625,"(31, 5)",taxation,6,0.25,False,True,False
236,169-4,30117.4375,"(13, 34)",taxation,6,0.25,False,True,False
236,125-4,40909.125,"(19, 36)",taxation,6,0.25,False,True,False
236,122-4,31924.515625,"(15, 49)",taxation,6,0.25,False,True,False
236,226-4,37341.796875,"(37, 14)",taxation,6,0.25,False,True,False
236,5-4,17415.21875,"(29, 35)",taxation,6,0.25,False,True,False
236,209-4,42760.46875,"(24, 36)",taxation,6,0.25,False,True,False
236,205-4,19265.359375,"(39, 20)",taxation,6,0.25,False,True,False
236,130-4,40908.34375,"(32, 8)",taxation,6,0.25,False,True,False
236,91-4,41020.796875,"(21, 1)",taxation,6,0.25,False,True,False
236,214-4,24691.4375,"(26, 4)",taxation,6,0.25,False,True,False
236,196-4,26431.25,"(16, 47)",taxation,6,0.25,False,True,False
236,21-4,35532.015625,"(21, 33)",taxation,6,0.25,False,True,False
236,141-4,30113.53125,"(34, 7)",taxation,6,0.25,False,True,False
236,193-4,33719.84375,"(29, 1)",taxation,6,0.25,False,True,False
236,68-4,31890.984375,"(16, 42)",taxation,6,0.25,False,True,False
236,161-4,31884.875,"(39, 7)",taxation,6,0.25,False,True,False
236,147-4,37333.921875,"(7, 20)",taxation,6,0.25,False,True,False
236,175-4,31852.78125,"(17, 42)",taxation,6,0.25,False,True,False
236,55-4,40961.453125,"(19, 2)",taxation,6,0.25,False,True,False
236,50-4,42716.59375,"(28, 41)",taxation,6,0.25,False,True,False
236,113-4,39097.296875,"(18, 37)",taxation,6,0.25,False,True,False
236,201-4,26475.203125,"(8, 16)",taxation,6,0.25,False,True,False
236,102-4,26443.59375,"(12, 30)",taxation,6,0.25,False,True,False
236,112-4,40899.46875,"(16, 41)",taxation,6,0.25,False,True,False
236,41-4,40930.5,"(38, 13)",taxation,6,0.25,False,True,False
236,78-4,35527.515625,"(10, 16)",taxation,6,0.25,False,True,False
236,203-4,44547.765625,"(39, 6)",taxation,6,0.25,False,True,False
236,247-4,33708.5625,"(35, 39)",taxation,6,0.25,False,True,False
236,32-4,40905.359375,"(49, 8)",taxation,6,0.25,False,True,False
236,115-4,40897.484375,"(29, 12)",taxation,6,0.25,False,True,False
236,33-4,30051.703125,"(34, 38)",taxation,6,0.25,False,True,False
236,202-4,42708.375,"(22, 37)",taxation,6,0.25,False,True,False
236,155-4,39124.828125,"(28, 7)",taxation,6,0.25,False,True,False
236,207-4,30078.109375,"(24, 37)",taxation,6,0.25,False,True,False
236,145-4,39103.75,"(32, 16)",taxation,6,0.25,False,True,False
236,132-4,40919.484375,"(29, 10)",taxation,6,0.25,False,True,False
236,166-4,35451.578125,"(20, 33)",taxation,6,0.25,False,True,False
236,100-4,37318.671875,"(22, 34)",taxation,6,0.25,False,True,False
236,116-4,40915.84375,"(23, 29)",taxation,6,0.25,False,True,False
236,19-4,39122.75,"(27, 2)",taxation,6,0.25,False,True,False
236,233-4,35456.828125,"(13, 32)",taxation,6,0.25,False,True,False
236,64-4,37238.5,"(49, 13)",taxation,6,0.25,False,True,False
236,186-4,35508.640625,"(47, 8)",taxation,6,0.25,False,True,False
236,103-4,37283.40625,"(14, 35)",taxation,6,0.25,False,True,False
236,163-4,44479.125,"(24, 44)",taxation,6,0.25,False,True,False
236,221-4,35446.21875,"(17, 8)",taxation,6,0.25,False,True,False
236,86-4,37296.875,"(27, 0)",taxation,6,0.25,False,True,False
236,57-4,33674.765625,"(18, 35)",taxation,6,0.25,False,True,False
236,164-4,39122.828125,"(17, 46)",taxation,6,0.25,False,True,False
236,92-4,40885.1875,"(29, 8)",taxation,6,0.25,False,True,False
236,174-4,40897.84375,"(18, 46)",taxation,6,0.25,False,True,False
236,89-4,39062.296875,"(49, 12)",taxation,6,0.25,False,True,False
236,188-4,37285.34375,"(36, 13)",taxation,6,0.25,False,True,False
236,11-4,30043.890625,"(15, 42)",taxation,6,0.25,False,True,False
236,2-4,37314.859375,"(15, 31)",taxation,6,0.25,False,True,False
236,90-4,33665.90625,"(28, 2)",taxation,6,0.25,False,True,False
236,120-4,42710.875,"(16, 48)",taxation,6,0.25,False,True,False
236,48-4,39030.125,"(15, 36)",taxation,6,0.25,False,True,False
236,69-4,40851.90625,"(32, 6)",taxation,6,0.25,False,True,False
236,97-4,30003.484375,"(21, 37)",taxation,6,0.25,False,True,False
236,13-4,35468.515625,"(16, 35)",taxation,6,0.25,False,True,False
236,58-4,39041.90625,"(20, 7)",taxation,6,0.25,False,True,False
236,52-4,28211.328125,"(37, 8)",taxation,6,0.25,False,True,False
236,117-4,33624.21875,"(24, 43)",taxation,6,0.25,False,True,False
236,27-4,33616.546875,"(12, 32)",taxation,6,0.25,False,True,False
236,121-4,37284.0,"(17, 35)",taxation,6,0.25,False,True,False
236,107-4,40864.65625,"(15, 33)",taxation,6,0.25,False,True,False
236,85-4,33639.3125,"(15, 41)",taxation,6,0.25,False,True,False
236,237-4,30002.484375,"(42, 14)",taxation,6,0.25,False,True,False
236,18-4,42680.234375,"(29, 2)",taxation,6,0.25,False,True,False
236,96-4,42713.28125,"(19, 35)",taxation,6,0.25,False,True,False
236,160-4,33640.3125,"(23, 0)",taxation,6,0.25,False,True,False
236,37-4,39068.046875,"(42, 8)",taxation,6,0.25,False,True,False
236,30-4,42691.703125,"(25, 45)",taxation,6,0.25,False,True,False
236,235-4,37226.953125,"(16, 44)",taxation,6,0.25,False,True,False
236,80-4,40852.46875,"(41, 14)",taxation,6,0.25,False,True,False
236,14-4,10137.90625,"(7, 19)",taxation,6,0.25,False,True,False
236,104-4,35472.84375,"(28, 30)",taxation,6,0.25,False,True,False
236,184-4,37212.203125,"(25, 4)",taxation,6,0.25,False,True,False
236,229-4,40888.765625,"(30, 15)",taxation,6,0.25,False,True,False
236,136-4,29950.28125,"(8, 19)",taxation,6,0.25,False,True,False
236,232-4,22713.765625,"(37, 10)",taxation,6,0.25,False,True,False
236,7-4,28201.03125,"(48, 12)",taxation,6,0.25,False,True,False
236,248-4,37226.890625,"(37, 11)",taxation,6,0.25,False,True,False
236,61-4,44495.640625,"(24, 5)",taxation,6,0.25,False,True,False
236,88-4,37260.25,"(25, 6)",taxation,6,0.25,False,True,False
236,72-4,42648.40625,"(40, 14)",taxation,6,0.25,False,True,False
236,62-4,37245.59375,"(28, 6)",taxation,6,0.25,False,True,False
236,194-4,33593.96875,"(12, 38)",taxation,6,0.25,False,True,False
236,236-4,37230.203125,"(22, 39)",taxation,6,0.25,False,True,False
236,124-4,35372.140625,"(26, 44)",taxation,6,0.25,False,True,False
236,36-4,28183.578125,"(29, 7)",taxation,6,0.25,False,True,False
236,215-4,40857.96875,"(23, 38)",taxation,6,0.25,False,True,False
236,152-4,39021.640625,"(6, 20)",taxation,6,0.25,False,True,False
236,82-4,39039.09375,"(19, 33)",taxation,6,0.25,False,True,False
236,127-4,39049.125,"(31, 8)",taxation,6,0.25,False,True,False
236,47-4,26327.734375,"(17, 44)",taxation,6,0.25,False,True,False
236,223-4,26351.125,"(31, 41)",taxation,6,0.25,False,True,False
236,108-4,20942.515625,"(48, 8)",taxation,6,0.25,False,True,False
236,65-4,42626.203125,"(41, 9)",taxation,6,0.25,False,True,False
236,109-4,37210.40625,"(39, 15)",taxation,6,0.25,False,True,False
236,26-4,29980.171875,"(13, 38)",taxation,6,0.25,False,True,False
236,59-4,33621.953125,"(9, 17)",taxation,6,0.25,False,True,False
236,99-4,35386.953125,"(18, 8)",taxation,6,0.25,False,True,False
236,84-4,37222.46875,"(24, 33)",taxation,6,0.25,False,True,False
236,128-4,40846.6875,"(23, 39)",taxation,6,0.25,False,True,False
236,8-4,37222.1875,"(14, 31)",taxation,6,0.25,False,True,False
236,77-4,31768.34375,"(19, 34)",taxation,6,0.25,False,True,False
236,157-4,35388.890625,"(17, 32)",taxation,6,0.25,False,True,False
236,123-4,42595.171875,"(22, 40)",taxation,6,0.25,False,True,False
236,195-4,17286.453125,"(17, 36)",taxation,6,0.25,False,True,False
236,87-4,37192.96875,"(29, 6)",taxation,6,0.25,False,True,False
236,119-4,37205.8125,"(36, 12)",taxation,6,0.25,False,True,False
236,199-4,42627.1875,"(24, 0)",taxation,6,0.25,False,True,False
236,129-4,35409.375,"(13, 33)",taxation,6,0.25,False,True,False
236,43-4,37206.109375,"(23, 35)",taxation,6,0.25,False,True,False
236,190-4,37157.796875,"(17, 48)",taxation,6,0.25,False,True,False
236,46-4,26349.375,"(33, 7)",taxation,6,0.25,False,True,False
236,15-4,33572.546875,"(25, 29)",taxation,6,0.25,False,True,False
236,245-4,40776.546875,"(28, 43)",taxation,6,0.25,False,True,False
236,178-4,40771.140625,"(9, 43)",taxation,6,0.25,False,True,False
236,151-4,29913.140625,"(37, 21)",taxation,6,0.25,False,True,False
236,79-4,35388.640625,"(27, 1)",taxation,6,0.25,False,True,False
236,114-4,42613.984375,"(17, 47)",taxation,6,0.25,False,True,False
236,230-4,29930.5,"(20, 34)",taxation,6,0.25,False,True,False
236,224-4,31731.484375,"(47, 12)",taxation,6,0.25,False,True,False
236,93-4,17253.0,"(16, 46)",taxation,6,0.25,False,True,False
236,35-4,37165.40625,"(34, 8)",taxation,6,0.25,False,True,False
236,135-4,37157.546875,"(20, 38)",taxation,6,0.25,False,True,False
236,24-4,29949.59375,"(38, 12)",taxation,6,0.25,False,True,False
236,49-4,35384.65625,"(29, 4)",taxation,6,0.25,False,True,False
236,34-4,33531.125,"(27, 3)",taxation,6,0.25,False,True,False
236,60-4,38958.578125,"(17, 34)",taxation,6,0.25,False,True,False
236,220-4,40824.9375,"(27, 4)",taxation,6,0.25,False,True,False
236,227-4,40780.28125,"(23, 42)",taxation,6,0.25,False,True,False
236,228-5,22232.453125,"(16, 33)",taxation,6,0.25,False,True,False
236,218-4,42589.59375,"(32, 9)",taxation,6,0.25,False,True,False
236,181-4,37126.953125000015,"(37, 9)",taxation,6,0.25,False,True,False
236,39-4,26279.21875,"(17, 45)",taxation,6,0.25,False,True,False
236,81-4,35372.265625,"(26, 1)",taxation,6,0.25,False,True,False
236,9-4,31746.453125,"(14, 47)",taxation,6,0.25,False,True,False
236,244-4,42594.65625,"(17, 37)",taxation,6,0.25,False,True,False
236,118-4,40745.21875,"(31, 7)",taxation,6,0.25,False,True,False
236,204-4,40739.28125,"(16, 45)",taxation,6,0.25,False,True,False
236,101-4,37174.421875,"(22, 35)",taxation,6,0.25,False,True,False
236,243-4,35327.84375,"(15, 34)",taxation,6,0.25,False,True,False
236,153-4,19064.9375,"(26, 0)",taxation,6,0.25,False,True,False
236,208-5,29905.77734375,"(25, 1)",taxation,6,0.25,False,True,False
236,222-4,37143.09375,"(21, 32)",taxation,6,0.25,False,True,False
236,211-4,24468.609375,"(34, 9)",taxation,6,0.25,False,True,False
236,185-4,37193.34375,"(46, 14)",taxation,6,0.25,False,True,False
236,70-4,38930.75,"(14, 39)",taxation,6,0.25,False,True,False
236,139-5,33541.07421875,"(33, 6)",taxation,6,0.25,False,True,False
236,213-4,37147.96875,"(25, 7)",taxation,6,0.25,False,True,False
236,200-4,35351.625,"(43, 8)",taxation,6,0.25,False,True,False
236,173-5,8221.359375,"(6, 21)",taxation,6,0.25,False,True,False
237,29-3,49584.9375,"(32, 3)",taxation,6,0.25,False,True,False
237,131-3,49543.75,"(13, 43)",taxation,6,0.25,False,True,False
237,171-3,49498.375,"(47, 6)",taxation,6,0.25,False,True,False
237,239-3,49559.625,"(11, 15)",taxation,6,0.25,False,True,False
237,192-3,44710.25,"(21, 39)",taxation,6,0.25,False,True,False
237,143-3,49525.3125,"(42, 11)",taxation,6,0.25,False,True,False
237,3-3,30163.6875,"(20, 41)",taxation,6,0.25,False,True,False
237,105-3,44676.625,"(44, 6)",taxation,6,0.25,False,True,False
237,177-3,49578.3125,"(23, 41)",taxation,6,0.25,False,True,False
237,167-4,39256.734375,"(38, 4)",taxation,6,0.25,False,True,False
237,216-3,54331.5,"(38, 1)",taxation,6,0.25,False,True,False
237,217-3,30213.375,"(46, 7)",taxation,6,0.25,False,True,False
237,138-3,51874.8125,"(43, 7)",taxation,6,0.25,False,True,False
237,75-4,35605.0625,"(12, 33)",taxation,6,0.25,False,True,False
237,191-3,56737.5625,"(29, 9)",taxation,6,0.25,False,True,False
237,240-4,13305.3125,"(24, 35)",taxation,6,0.25,False,True,False
237,20-3,47106.75,"(23, 43)",taxation,6,0.25,False,True,False
237,159-3,39873.375,"(40, 6)",taxation,6,0.25,False,True,False
237,158-4,36238.0625,"(17, 38)",taxation,6,0.25,False,True,False
237,66-3,54353.8125,"(25, 40)",taxation,6,0.25,False,True,False
237,170-4,34467.734375,"(29, 3)",taxation,6,0.25,False,True,False
237,146-4,15747.3125,"(24, 42)",taxation,6,0.25,False,True,False
237,140-4,1235.0625,"(9, 34)",taxation,6,0.25,False,True,False
237,210-3,59129.5625,"(18, 44)",taxation,6,0.25,False,True,False
237,198-4,35632.71875,"(46, 9)",taxation,6,0.25,False,True,False
237,246-4,37451.3125,"(13, 41)",taxation,6,0.25,False,True,False
237,187-4,20551.1875,"(40, 4)",taxation,6,0.25,False,True,False
237,179-4,32662.53125,"(31, 0)",taxation,6,0.25,False,True,False
237,23-4,40445.5,"(39, 10)",taxation,6,0.25,False,True,False
237,31-4,44640.46875,"(11, 37)",taxation,6,0.25,False,True,False
237,150-3,42236.4375,"(43, 10)",taxation,6,0.25,False,True,False
237,12-3,47075.8125,"(22, 4)",taxation,6,0.25,False,True,False
237,98-4,20595.0625,"(13, 36)",taxation,6,0.25,False,True,False
237,126-3,49480.0625,"(27, 46)",taxation,6,0.25,False,True,False
237,176-4,1246.1875,"(26, 46)",taxation,6,0.25,False,True,False
237,28-4,34429.203125,"(32, 1)",taxation,6,0.25,False,True,False
237,154-4,18104.3125,"(20, 42)",taxation,6,0.25,False,True,False
237,40-4,41044.3125,"(27, 7)",taxation,6,0.25,False,True,False
237,1-4,28996.140625,"(16, 40)",taxation,6,0.25,False,True,False
237,76-4,37421.921875000015,"(29, 47)",taxation,6,0.25,False,True,False
237,67-3,37452.5625,"(41, 6)",taxation,6,0.25,False,True,False
237,182-4,39211.890625,"(27, 29)",taxation,6,0.25,False,True,False
237,241-4,35607.21875,"(18, 2)",taxation,6,0.25,False,True,False
237,149-4,33844.5625,"(6, 17)",taxation,6,0.25,False,True,False
237,17-4,41073.03125,"(21, 7)",taxation,6,0.25,False,True,False
237,0-4,26580.828125,"(30, 0)",taxation,6,0.25,False,True,False
237,22-4,42849.8125,"(36, 7)",taxation,6,0.25,False,True,False
237,10-4,39236.390625,"(21, 5)",taxation,6,0.25,False,True,False
237,242-4,17522.953125,"(19, 40)",taxation,6,0.25,False,True,False
237,142-4,24730.859375,"(30, 6)",taxation,6,0.25,False,True,False
237,189-4,33866.84375,"(28, 35)",taxation,6,0.25,False,True,False
237,63-4,35566.171875,"(32, 4)",taxation,6,0.25,False,True,False
237,165-4,44565.1875,"(27, 42)",taxation,6,0.25,False,True,False
237,94-4,13300.125,"(24, 32)",taxation,6,0.25,False,True,False
237,206-4,37986.328125,"(19, 49)",taxation,6,0.25,False,True,False
237,172-4,40974.484375,"(24, 40)",taxation,6,0.25,False,True,False
237,144-4,37416.90625,"(38, 2)",taxation,6,0.25,False,True,False
237,111-4,40966.515625,"(34, 27)",taxation,6,0.25,False,True,False
237,83-4,40998.671875,"(35, 0)",taxation,6,0.25,False,True,False
237,249-4,39238.5625,"(30, 4)",taxation,6,0.25,False,True,False
237,51-4,39209.40625,"(24, 7)",taxation,6,0.25,False,True,False
237,180-4,37417.265625,"(31, 4)",taxation,6,0.25,False,True,False
237,148-4,30120.953125,"(10, 32)",taxation,6,0.25,False,True,False
237,16-4,42827.34375,"(20, 40)",taxation,6,0.25,False,True,False
237,134-4,37389.25,"(29, 38)",taxation,6,0.25,False,True,False
237,73-4,39196.265625,"(36, 0)",taxation,6,0.25,False,True,False
237,54-4,37404.140625,"(8, 17)",taxation,6,0.25,False,True,False
237,38-4,39182.59375,"(36, 4)",taxation,6,0.25,False,True,False
237,6-4,42816.625,"(26, 27)",taxation,6,0.25,False,True,False
237,156-4,28283.96875,"(34, 31)",taxation,6,0.25,False,True,False
237,95-4,42817.65625,"(38, 5)",taxation,6,0.25,False,True,False
237,42-4,28399.21875,"(18, 42)",taxation,6,0.25,False,True,False
237,168-4,40991.15625,"(18, 45)",taxation,6,0.25,False,True,False
237,183-4,26535.796875,"(10, 33)",taxation,6,0.25,False,True,False
237,53-4,24715.765625,"(37, 6)",taxation,6,0.25,False,True,False
237,106-4,35590.859375,"(39, 2)",taxation,6,0.25,False,True,False
237,133-4,33795.1875,"(18, 4)",taxation,6,0.25,False,True,False
237,25-4,33752.6875,"(13, 37)",taxation,6,0.25,False,True,False
237,56-4,37405.171875,"(11, 34)",taxation,6,0.25,False,True,False
237,234-4,39138.34375,"(17, 39)",taxation,6,0.25,False,True,False
237,71-4,41015.203125,"(22, 3)",taxation,6,0.25,False,True,False
237,162-4,39156.15625,"(11, 36)",taxation,6,0.25,False,True,False
237,45-4,39152.109375,"(26, 42)",taxation,6,0.25,False,True,False
237,212-4,39221.609375,"(15, 11)",taxation,6,0.25,False,True,False
237,110-4,42771.3125,"(19, 39)",taxation,6,0.25,False,True,False
237,225-4,39178.421875,"(36, 15)",taxation,6,0.25,False,True,False
237,231-4,24693.109375,"(4, 21)",taxation,6,0.25,False,True,False
237,137-4,33729.53125,"(21, 9)",taxation,6,0.25,False,True,False
237,4-4,28341.515625,"(37, 0)",taxation,6,0.25,False,True,False
237,169-4,30125.4375,"(12, 34)",taxation,6,0.25,False,True,False
237,125-4,40918.125,"(19, 38)",taxation,6,0.25,False,True,False
237,122-4,31932.515625,"(15, 48)",taxation,6,0.25,False,True,False
237,226-4,37348.796875,"(40, 9)",taxation,6,0.25,False,True,False
237,5-4,17422.21875,"(28, 38)",taxation,6,0.25,False,True,False
237,209-4,42769.46875,"(20, 39)",taxation,6,0.25,False,True,False
237,205-4,19271.359375,"(38, 20)",taxation,6,0.25,False,True,False
237,130-4,40917.34375,"(36, 3)",taxation,6,0.25,False,True,False
237,91-4,41026.796875,"(18, 5)",taxation,6,0.25,False,True,False
237,214-4,24697.4375,"(23, 7)",taxation,6,0.25,False,True,False
237,196-4,26440.25,"(18, 43)",taxation,6,0.25,False,True,False
237,21-4,35539.015625,"(27, 38)",taxation,6,0.25,False,True,False
237,141-4,30122.53125,"(36, 2)",taxation,6,0.25,False,True,False
237,193-4,33729.84375,"(30, 1)",taxation,6,0.25,False,True,False
237,68-4,31899.984375,"(17, 41)",taxation,6,0.25,False,True,False
237,161-4,31893.875,"(39, 1)",taxation,6,0.25,False,True,False
237,147-4,37342.921875,"(6, 19)",taxation,6,0.25,False,True,False
237,175-4,31860.78125,"(15, 45)",taxation,6,0.25,False,True,False
237,55-4,40966.453125,"(25, 8)",taxation,6,0.25,False,True,False
237,50-4,42724.59375,"(25, 42)",taxation,6,0.25,False,True,False
237,113-4,39106.296875,"(18, 38)",taxation,6,0.25,False,True,False
237,201-4,26484.203125,"(6, 18)",taxation,6,0.25,False,True,False
237,102-4,26451.59375,"(11, 32)",taxation,6,0.25,False,True,False
237,112-4,40908.46875,"(18, 41)",taxation,6,0.25,False,True,False
237,41-4,40938.5,"(42, 7)",taxation,6,0.25,False,True,False
237,78-4,35535.515625,"(10, 15)",taxation,6,0.25,False,True,False
237,203-4,44556.765625,"(38, 3)",taxation,6,0.25,False,True,False
237,247-4,33715.5625,"(31, 42)",taxation,6,0.25,False,True,False
237,32-4,40913.359375,"(48, 6)",taxation,6,0.25,False,True,False
237,115-4,40903.484375,"(28, 10)",taxation,6,0.25,False,True,False
237,33-4,30058.703125,"(30, 41)",taxation,6,0.25,False,True,False
237,202-4,42715.375,"(27, 40)",taxation,6,0.25,False,True,False
237,155-4,39134.828125,"(32, 2)",taxation,6,0.25,False,True,False
237,207-4,30086.109375,"(26, 41)",taxation,6,0.25,False,True,False
237,145-4,39109.75,"(31, 15)",taxation,6,0.25,False,True,False
237,132-4,40926.484375,"(31, 9)",taxation,6,0.25,False,True,False
237,166-4,35460.578125,"(18, 39)",taxation,6,0.25,False,True,False
237,100-4,37325.671875,"(26, 38)",taxation,6,0.25,False,True,False
237,116-4,40922.84375,"(26, 29)",taxation,6,0.25,False,True,False
237,19-4,39128.75,"(30, 2)",taxation,6,0.25,False,True,False
237,233-4,35464.828125,"(11, 33)",taxation,6,0.25,False,True,False
237,64-4,37246.5,"(47, 7)",taxation,6,0.25,False,True,False
237,186-4,35516.640625,"(45, 7)",taxation,6,0.25,False,True,False
237,103-4,37292.40625,"(16, 38)",taxation,6,0.25,False,True,False
237,163-4,44488.125,"(23, 44)",taxation,6,0.25,False,True,False
237,221-4,35454.21875,"(15, 10)",taxation,6,0.25,False,True,False
237,86-4,37301.875,"(24, 2)",taxation,6,0.25,False,True,False
237,57-4,33681.765625,"(23, 40)",taxation,6,0.25,False,True,False
237,164-4,39130.828125,"(18, 47)",taxation,6,0.25,False,True,False
237,92-4,40892.1875,"(35, 4)",taxation,6,0.25,False,True,False
237,174-4,40905.84375,"(19, 45)",taxation,6,0.25,False,True,False
237,89-4,39069.296875,"(46, 8)",taxation,6,0.25,False,True,False
237,188-4,37293.34375,"(32, 7)",taxation,6,0.25,False,True,False
237,11-4,30052.890625,"(19, 42)",taxation,6,0.25,False,True,False
237,2-4,37321.859375,"(9, 31)",taxation,6,0.25,False,True,False
237,90-4,33672.90625,"(34, 1)",taxation,6,0.25,False,True,False
237,120-4,42719.875,"(20, 45)",taxation,6,0.25,False,True,False
237,48-4,39039.125,"(15, 37)",taxation,6,0.25,False,True,False
237,69-4,40860.90625,"(34, 0)",taxation,6,0.25,False,True,False
237,97-4,30011.484375,"(21, 41)",taxation,6,0.25,False,True,False
237,13-4,35475.515625,"(13, 40)",taxation,6,0.25,False,True,False
237,58-4,39048.90625,"(14, 8)",taxation,6,0.25,False,True,False
237,52-4,28221.328125,"(33, 2)",taxation,6,0.25,False,True,False
237,117-4,33633.21875,"(22, 43)",taxation,6,0.25,False,True,False
237,27-4,33623.546875,"(10, 31)",taxation,6,0.25,False,True,False
237,121-4,37293.0,"(16, 37)",taxation,6,0.25,False,True,False
237,107-4,40872.65625,"(12, 35)",taxation,6,0.25,False,True,False
237,85-4,33648.3125,"(21, 44)",taxation,6,0.25,False,True,False
237,237-4,30009.484375,"(45, 11)",taxation,6,0.25,False,True,False
237,18-4,42689.234375,"(34, 2)",taxation,6,0.25,False,True,False
237,96-4,42721.28125,"(17, 40)",taxation,6,0.25,False,True,False
237,160-4,33647.3125,"(17, 3)",taxation,6,0.25,False,True,False
237,37-4,39077.046875,"(39, 5)",taxation,6,0.25,False,True,False
237,30-4,42699.703125,"(25, 46)",taxation,6,0.25,False,True,False
237,235-4,37234.953125,"(15, 47)",taxation,6,0.25,False,True,False
237,80-4,40859.46875,"(44, 10)",taxation,6,0.25,False,True,False
237,14-4,10146.90625,"(7, 18)",taxation,6,0.25,False,True,False
237,104-4,35479.84375,"(27, 33)",taxation,6,0.25,False,True,False
237,184-4,37220.203125,"(20, 5)",taxation,6,0.25,False,True,False
237,229-4,40894.765625,"(33, 12)",taxation,6,0.25,False,True,False
237,136-4,29958.28125,"(7, 17)",taxation,6,0.25,False,True,False
237,232-4,22721.765625,"(36, 5)",taxation,6,0.25,False,True,False
237,7-4,28208.03125,"(47, 10)",taxation,6,0.25,False,True,False
237,248-4,37235.890625,"(37, 5)",taxation,6,0.25,False,True,False
237,61-4,44503.640625,"(20, 6)",taxation,6,0.25,False,True,False
237,88-4,37266.25,"(21, 8)",taxation,6,0.25,False,True,False
237,72-4,42655.40625,"(43, 11)",taxation,6,0.25,False,True,False
237,62-4,37255.59375,"(31, 2)",taxation,6,0.25,False,True,False
237,194-4,33601.96875,"(12, 37)",taxation,6,0.25,False,True,False
237,236-4,37238.203125,"(22, 41)",taxation,6,0.25,False,True,False
237,124-4,35381.140625,"(22, 44)",taxation,6,0.25,False,True,False
237,36-4,28193.578125,"(33, 1)",taxation,6,0.25,False,True,False
237,215-4,40865.96875,"(24, 41)",taxation,6,0.25,False,True,False
237,152-4,39029.640625,"(5, 20)",taxation,6,0.25,False,True,False
237,82-4,39046.09375,"(25, 36)",taxation,6,0.25,False,True,False
237,127-4,39059.125,"(31, 3)",taxation,6,0.25,False,True,False
237,47-4,26335.734375,"(19, 44)",taxation,6,0.25,False,True,False
237,223-4,26359.125,"(27, 41)",taxation,6,0.25,False,True,False
237,108-4,20950.515625,"(46, 6)",taxation,6,0.25,False,True,False
237,65-4,42634.203125,"(42, 6)",taxation,6,0.25,False,True,False
237,109-4,37217.40625,"(42, 9)",taxation,6,0.25,False,True,False
237,26-4,29988.171875,"(10, 35)",taxation,6,0.25,False,True,False
237,59-4,33629.953125,"(9, 15)",taxation,6,0.25,False,True,False
237,99-4,35394.953125,"(12, 14)",taxation,6,0.25,False,True,False
237,84-4,37230.46875,"(23, 36)",taxation,6,0.25,False,True,False
237,128-4,40855.6875,"(19, 41)",taxation,6,0.25,False,True,False
237,8-4,37229.1875,"(9, 30)",taxation,6,0.25,False,True,False
237,77-4,31775.34375,"(21, 40)",taxation,6,0.25,False,True,False
237,157-4,35394.890625,"(23, 34)",taxation,6,0.25,False,True,False
237,123-4,42604.171875,"(21, 43)",taxation,6,0.25,False,True,False
237,195-4,17294.453125,"(15, 39)",taxation,6,0.25,False,True,False
237,87-4,37201.96875,"(35, 2)",taxation,6,0.25,False,True,False
237,119-4,37213.8125,"(36, 6)",taxation,6,0.25,False,True,False
237,199-4,42636.1875,"(29, 0)",taxation,6,0.25,False,True,False
237,129-4,35417.375,"(9, 35)",taxation,6,0.25,False,True,False
237,43-4,37214.109375,"(25, 41)",taxation,6,0.25,False,True,False
237,190-4,37165.796875,"(19, 48)",taxation,6,0.25,False,True,False
237,46-4,26358.375,"(36, 1)",taxation,6,0.25,False,True,False
237,15-4,33579.546875,"(26, 28)",taxation,6,0.25,False,True,False
237,245-4,40784.546875,"(25, 44)",taxation,6,0.25,False,True,False
237,178-4,40779.140625,"(12, 41)",taxation,6,0.25,False,True,False
237,151-4,29919.140625,"(37, 20)",taxation,6,0.25,False,True,False
237,79-4,35394.640625,"(28, 1)",taxation,6,0.25,False,True,False
237,114-4,42622.984375,"(19, 46)",taxation,6,0.25,False,True,False
237,230-4,29938.5,"(21, 36)",taxation,6,0.25,False,True,False
237,224-4,31738.484375,"(45, 8)",taxation,6,0.25,False,True,False
237,93-4,17262.0,"(20, 44)",taxation,6,0.25,False,True,False
237,35-4,37174.40625,"(37, 2)",taxation,6,0.25,False,True,False
237,135-4,37166.546875,"(20, 43)",taxation,6,0.25,False,True,False
237,24-4,29957.59375,"(41, 7)",taxation,6,0.25,False,True,False
237,49-4,35390.65625,"(34, 3)",taxation,6,0.25,False,True,False
237,34-4,33537.125,"(25, 9)",taxation,6,0.25,False,True,False
237,60-4,38967.578125,"(18, 40)",taxation,6,0.25,False,True,False
237,220-4,40834.9375,"(32, 0)",taxation,6,0.25,False,True,False
237,227-4,40788.28125,"(22, 42)",taxation,6,0.25,False,True,False
237,228-5,22240.453125,"(11, 35)",taxation,6,0.25,False,True,False
237,218-4,42598.59375,"(33, 3)",taxation,6,0.25,False,True,False
237,181-4,37135.953125000015,"(37, 4)",taxation,6,0.25,False,True,False
237,39-4,26287.21875,"(20, 46)",taxation,6,0.25,False,True,False
237,81-4,35382.265625,"(31, 1)",taxation,6,0.25,False,True,False
237,9-4,31754.453125,"(19, 47)",taxation,6,0.25,False,True,False
237,244-4,42602.65625,"(14, 43)",taxation,6,0.25,False,True,False
237,118-4,40754.21875,"(37, 1)",taxation,6,0.25,False,True,False
237,204-4,40748.28125,"(19, 43)",taxation,6,0.25,False,True,False
237,101-4,37181.421875,"(26, 36)",taxation,6,0.25,False,True,False
237,243-4,35334.84375,"(10, 34)",taxation,6,0.25,False,True,False
237,153-4,19069.9375,"(30, 5)",taxation,6,0.25,False,True,False
237,208-5,29913.77734375,"(30, 3)",taxation,6,0.25,False,True,False
237,222-4,37152.09375,"(19, 37)",taxation,6,0.25,False,True,False
237,211-4,24476.609375,"(40, 5)",taxation,6,0.25,False,True,False
237,185-4,37200.34375,"(47, 11)",taxation,6,0.25,False,True,False
237,70-4,38939.75,"(15, 38)",taxation,6,0.25,False,True,False
237,139-5,33550.07421875,"(35, 1)",taxation,6,0.25,False,True,False
237,213-4,37153.96875,"(23, 13)",taxation,6,0.25,False,True,False
237,200-4,35360.625,"(37, 3)",taxation,6,0.25,False,True,False
237,173-5,8230.359375,"(5, 21)",taxation,6,0.25,False,True,False
237,238-4,37129.125,"(29, 36)",taxation,6,0.25,False,True,False
237,197-4,29905.640625,"(12, 40)",taxation,6,0.25,False,True,False
237,219-5,32598.984375,"(20, 37)",taxation,6,0.25,False,True,False
237,44-4,24465.0,"(12, 36)",taxation,6,0.25,False,True,False
237,74-5,32573.25,"(14, 45)",taxation,6,0.25,False,True,False
238,29-3,49591.9375,"(36, 8)",taxation,6,0.25,False,True,False
238,131-3,49550.75,"(8, 43)",taxation,6,0.25,False,True,False
238,239-3,49568.625,"(5, 17)",taxation,6,0.25,False,True,False
238,143-3,49533.3125,"(40, 7)",taxation,6,0.25,False,True,False
238,3-3,30172.6875,"(23, 47)",taxation,6,0.25,False,True,False
238,105-3,44684.625,"(48, 1)",taxation,6,0.25,False,True,False
238,177-3,49586.3125,"(29, 46)",taxation,6,0.25,False,True,False
238,216-3,54339.5,"(43, 2)",taxation,6,0.25,False,True,False
238,217-3,30221.375,"(47, 1)",taxation,6,0.25,False,True,False
238,138-3,51882.8125,"(44, 5)",taxation,6,0.25,False,True,False
238,75-4,35613.0625,"(7, 33)",taxation,6,0.25,False,True,False
238,191-3,56744.5625,"(31, 10)",taxation,6,0.25,False,True,False
238,240-4,13312.3125,"(29, 34)",taxation,6,0.25,False,True,False
238,20-3,47115.75,"(24, 48)",taxation,6,0.25,False,True,False
238,159-3,39882.375,"(44, 0)",taxation,6,0.25,False,True,False
238,158-4,36242.0625,"(15, 32)",taxation,6,0.25,False,True,False
238,66-3,54361.8125,"(28, 44)",taxation,6,0.25,False,True,False
238,170-4,34474.734375,"(35, 7)",taxation,6,0.25,False,True,False
238,146-4,15756.3125,"(28, 48)",taxation,6,0.25,False,True,False
238,140-4,1243.0625,"(7, 34)",taxation,6,0.25,False,True,False
238,210-3,59138.5625,"(21, 47)",taxation,6,0.25,False,True,False
238,198-4,35640.71875,"(48, 7)",taxation,6,0.25,False,True,False
238,246-4,37459.3125,"(13, 42)",taxation,6,0.25,False,True,False
238,187-4,20558.1875,"(46, 2)",taxation,6,0.25,False,True,False
238,179-4,32668.53125,"(34, 5)",taxation,6,0.25,False,True,False
238,23-4,40453.5,"(43, 6)",taxation,6,0.25,False,True,False
238,31-4,44648.46875,"(7, 38)",taxation,6,0.25,False,True,False
238,150-3,42244.4375,"(41, 8)",taxation,6,0.25,False,True,False
238,12-3,47080.8125,"(24, 10)",taxation,6,0.25,False,True,False
238,98-4,20602.0625,"(9, 36)",taxation,6,0.25,False,True,False
238,126-3,49488.0625,"(30, 46)",taxation,6,0.25,False,True,False
238,176-4,1255.1875,"(26, 49)",taxation,6,0.25,False,True,False
238,28-4,34433.203125,"(33, 0)",taxation,6,0.25,False,True,False
238,154-4,18112.3125,"(26, 47)",taxation,6,0.25,False,True,False
238,40-4,41051.3125,"(32, 11)",taxation,6,0.25,False,True,False
238,1-4,29001.140625,"(10, 39)",taxation,6,0.25,False,True,False
238,76-4,37430.921875000015,"(29, 48)",taxation,6,0.25,False,True,False
238,67-3,37460.5625,"(44, 4)",taxation,6,0.25,False,True,False
238,182-4,39218.890625,"(30, 31)",taxation,6,0.25,False,True,False
238,241-4,35612.21875,"(19, 7)",taxation,6,0.25,False,True,False
238,149-4,33853.5625,"(6, 16)",taxation,6,0.25,False,True,False
238,17-4,41079.03125,"(21, 10)",taxation,6,0.25,False,True,False
238,0-4,26585.828125,"(28, 4)",taxation,6,0.25,False,True,False
238,22-4,42857.8125,"(42, 5)",taxation,6,0.25,False,True,False
238,10-4,39242.390625,"(21, 11)",taxation,6,0.25,False,True,False
238,242-4,17525.953125,"(14, 38)",taxation,6,0.25,False,True,False
238,142-4,24737.859375,"(33, 11)",taxation,6,0.25,False,True,False
238,189-4,33874.84375,"(29, 41)",taxation,6,0.25,False,True,False
238,63-4,35570.171875,"(30, 10)",taxation,6,0.25,False,True,False
238,165-4,44574.1875,"(27, 47)",taxation,6,0.25,False,True,False
238,94-4,13307.125,"(30, 32)",taxation,6,0.25,False,True,False
238,206-4,37995.328125,"(24, 49)",taxation,6,0.25,False,True,False
238,172-4,40982.484375,"(28, 46)",taxation,6,0.25,False,True,False
238,144-4,37425.90625,"(42, 0)",taxation,6,0.25,False,True,False
238,111-4,40973.515625,"(33, 30)",taxation,6,0.25,False,True,False
238,83-4,41006.671875,"(41, 0)",taxation,6,0.25,False,True,False
238,249-4,39242.5625,"(36, 10)",taxation,6,0.25,False,True,False
238,51-4,39215.40625,"(27, 10)",taxation,6,0.25,False,True,False
238,180-4,37422.265625,"(28, 5)",taxation,6,0.25,False,True,False
238,148-4,30128.953125,"(8, 32)",taxation,6,0.25,False,True,False
238,16-4,42836.34375,"(21, 46)",taxation,6,0.25,False,True,False
238,134-4,37397.25,"(27, 43)",taxation,6,0.25,False,True,False
238,73-4,39204.265625,"(41, 2)",taxation,6,0.25,False,True,False
238,54-4,37413.140625,"(4, 18)",taxation,6,0.25,False,True,False
238,38-4,39190.59375,"(41, 4)",taxation,6,0.25,False,True,False
238,6-4,42823.625,"(27, 27)",taxation,6,0.25,False,True,False
238,156-4,28290.96875,"(33, 31)",taxation,6,0.25,False,True,False
238,95-4,42826.65625,"(44, 1)",taxation,6,0.25,False,True,False
238,42-4,28405.21875,"(13, 48)",taxation,6,0.25,False,True,False
238,168-4,41000.15625,"(20, 48)",taxation,6,0.25,False,True,False
238,183-4,26543.796875,"(8, 33)",taxation,6,0.25,False,True,False
238,53-4,24722.765625,"(38, 11)",taxation,6,0.25,False,True,False
238,106-4,35600.859375,"(38, 0)",taxation,6,0.25,False,True,False
238,133-4,33801.1875,"(13, 10)",taxation,6,0.25,False,True,False
238,25-4,33760.6875,"(8, 35)",taxation,6,0.25,False,True,False
238,56-4,37412.171875,"(8, 31)",taxation,6,0.25,False,True,False
238,234-4,39142.34375,"(11, 38)",taxation,6,0.25,False,True,False
238,71-4,41020.203125,"(27, 9)",taxation,6,0.25,False,True,False
238,162-4,39164.15625,"(9, 38)",taxation,6,0.25,False,True,False
238,45-4,39161.109375,"(26, 48)",taxation,6,0.25,False,True,False
238,212-4,39229.609375,"(13, 14)",taxation,6,0.25,False,True,False
238,110-4,42774.3125,"(14, 36)",taxation,6,0.25,False,True,False
238,225-4,39185.421875,"(38, 15)",taxation,6,0.25,False,True,False
238,231-4,24702.109375,"(3, 20)",taxation,6,0.25,False,True,False
238,137-4,33736.53125,"(17, 15)",taxation,6,0.25,False,True,False
238,4-4,28347.515625,"(40, 0)",taxation,6,0.25,False,True,False
238,169-4,30133.4375,"(6, 32)",taxation,6,0.25,False,True,False
238,125-4,40922.125,"(14, 33)",taxation,6,0.25,False,True,False
238,122-4,31940.515625,"(14, 48)",taxation,6,0.25,False,True,False
238,226-4,37357.796875,"(42, 4)",taxation,6,0.25,False,True,False
238,5-4,17430.21875,"(30, 44)",taxation,6,0.25,False,True,False
238,209-4,42776.46875,"(26, 40)",taxation,6,0.25,False,True,False
238,205-4,19278.359375,"(39, 19)",taxation,6,0.25,False,True,False
238,130-4,40925.34375,"(42, 3)",taxation,6,0.25,False,True,False
238,91-4,41033.796875,"(14, 9)",taxation,6,0.25,False,True,False
238,214-4,24703.4375,"(21, 13)",taxation,6,0.25,False,True,False
238,196-4,26447.25,"(18, 48)",taxation,6,0.25,False,True,False
238,21-4,35547.015625,"(26, 43)",taxation,6,0.25,False,True,False
238,141-4,30126.53125,"(39, 3)",taxation,6,0.25,False,True,False
238,193-4,33732.84375,"(28, 0)",taxation,6,0.25,False,True,False
238,68-4,31903.984375,"(12, 39)",taxation,6,0.25,False,True,False
238,161-4,31899.875,"(45, 0)",taxation,6,0.25,False,True,False
238,147-4,37351.921875,"(5, 19)",taxation,6,0.25,False,True,False
238,175-4,31868.78125,"(16, 49)",taxation,6,0.25,False,True,False
238,55-4,40972.453125,"(28, 13)",taxation,6,0.25,False,True,False
238,50-4,42732.59375,"(24, 45)",taxation,6,0.25,False,True,False
238,113-4,39114.296875,"(14, 44)",taxation,6,0.25,False,True,False
238,201-4,26493.203125,"(5, 18)",taxation,6,0.25,False,True,False
238,102-4,26459.59375,"(8, 28)",taxation,6,0.25,False,True,False
238,112-4,40916.46875,"(21, 45)",taxation,6,0.25,False,True,False
238,41-4,40947.5,"(43, 5)",taxation,6,0.25,False,True,False
238,78-4,35544.515625,"(9, 14)",taxation,6,0.25,False,True,False
238,203-4,44565.765625,"(43, 0)",taxation,6,0.25,False,True,False
238,247-4,33724.5625,"(28, 47)",taxation,6,0.25,False,True,False
238,32-4,40922.359375,"(44, 2)",taxation,6,0.25,False,True,False
238,115-4,40909.484375,"(31, 11)",taxation,6,0.25,False,True,False
238,33-4,30066.703125,"(29, 42)",taxation,6,0.25,False,True,False
238,202-4,42723.375,"(31, 44)",taxation,6,0.25,False,True,False
238,155-4,39142.828125,"(38, 8)",taxation,6,0.25,False,True,False
238,207-4,30095.109375,"(24, 47)",taxation,6,0.25,False,True,False
238,145-4,39116.75,"(34, 17)",taxation,6,0.25,False,True,False
238,132-4,40933.484375,"(34, 12)",taxation,6,0.25,False,True,False
238,166-4,35468.578125,"(12, 42)",taxation,6,0.25,False,True,False
238,100-4,37333.671875,"(29, 44)",taxation,6,0.25,False,True,False
238,116-4,40929.84375,"(27, 28)",taxation,6,0.25,False,True,False
238,19-4,39131.75,"(33, 4)",taxation,6,0.25,False,True,False
238,233-4,35472.828125,"(9, 32)",taxation,6,0.25,False,True,False
238,64-4,37254.5,"(49, 2)",taxation,6,0.25,False,True,False
238,186-4,35525.640625,"(45, 4)",taxation,6,0.25,False,True,False
238,103-4,37299.40625,"(10, 40)",taxation,6,0.25,False,True,False
238,163-4,44497.125,"(29, 49)",taxation,6,0.25,False,True,False
238,221-4,35462.21875,"(10, 13)",taxation,6,0.25,False,True,False
238,86-4,37306.875,"(27, 5)",taxation,6,0.25,False,True,False
238,57-4,33690.765625,"(23, 46)",taxation,6,0.25,False,True,False
238,164-4,39139.828125,"(20, 49)",taxation,6,0.25,False,True,False
238,92-4,40897.1875,"(41, 10)",taxation,6,0.25,False,True,False
238,174-4,40914.84375,"(23, 49)",taxation,6,0.25,False,True,False
238,89-4,39077.296875,"(45, 6)",taxation,6,0.25,False,True,False
238,188-4,37301.34375,"(38, 7)",taxation,6,0.25,False,True,False
238,11-4,30061.890625,"(21, 48)",taxation,6,0.25,False,True,False
238,2-4,37329.859375,"(7, 29)",taxation,6,0.25,False,True,False
238,90-4,33679.90625,"(40, 3)",taxation,6,0.25,False,True,False
238,120-4,42727.875,"(21, 49)",taxation,6,0.25,False,True,False
238,48-4,39046.125,"(9, 37)",taxation,6,0.25,False,True,False
238,69-4,40868.90625,"(40, 1)",taxation,6,0.25,False,True,False
238,97-4,30018.484375,"(27, 45)",taxation,6,0.25,False,True,False
238,13-4,35483.515625,"(9, 42)",taxation,6,0.25,False,True,False
238,58-4,39056.90625,"(12, 13)",taxation,6,0.25,False,True,False
238,52-4,28226.328125,"(27, 8)",taxation,6,0.25,False,True,False
238,117-4,33641.21875,"(28, 45)",taxation,6,0.25,False,True,False
238,27-4,33631.546875,"(7, 32)",taxation,6,0.25,False,True,False
238,121-4,37301.0,"(11, 41)",taxation,6,0.25,False,True,False
238,107-4,40880.65625,"(6, 31)",taxation,6,0.25,False,True,False
238,85-4,33656.3125,"(27, 48)",taxation,6,0.25,False,True,False
238,237-4,30017.484375,"(46, 5)",taxation,6,0.25,False,True,False
238,18-4,42697.234375,"(38, 6)",taxation,6,0.25,False,True,False
238,96-4,42725.28125,"(11, 39)",taxation,6,0.25,False,True,False
238,160-4,33653.3125,"(13, 9)",taxation,6,0.25,False,True,False
238,37-4,39086.046875,"(43, 3)",taxation,6,0.25,False,True,False
238,30-4,42708.703125,"(25, 47)",taxation,6,0.25,False,True,False
238,235-4,37242.953125,"(14, 46)",taxation,6,0.25,False,True,False
238,80-4,40867.46875,"(44, 7)",taxation,6,0.25,False,True,False
238,14-4,10155.90625,"(7, 16)",taxation,6,0.25,False,True,False
238,104-4,35486.84375,"(28, 33)",taxation,6,0.25,False,True,False
238,184-4,37226.203125,"(20, 10)",taxation,6,0.25,False,True,False
238,229-4,40901.765625,"(35, 12)",taxation,6,0.25,False,True,False
238,136-4,29967.28125,"(7, 15)",taxation,6,0.25,False,True,False
238,232-4,22728.765625,"(39, 11)",taxation,6,0.25,False,True,False
238,7-4,28215.03125,"(47, 9)",taxation,6,0.25,False,True,False
238,248-4,37242.890625,"(40, 11)",taxation,6,0.25,False,True,False
238,61-4,44509.640625,"(14, 10)",taxation,6,0.25,False,True,False
238,88-4,37272.25,"(21, 14)",taxation,6,0.25,False,True,False
238,72-4,42663.40625,"(47, 5)",taxation,6,0.25,False,True,False
238,62-4,37262.59375,"(35, 6)",taxation,6,0.25,False,True,False
238,194-4,33609.96875,"(9, 39)",taxation,6,0.25,False,True,False
238,236-4,37247.203125,"(24, 46)",taxation,6,0.25,False,True,False
238,124-4,35390.140625,"(27, 49)",taxation,6,0.25,False,True,False
238,36-4,28200.578125,"(39, 4)",taxation,6,0.25,False,True,False
238,215-4,40872.96875,"(30, 40)",taxation,6,0.25,False,True,False
238,152-4,39038.640625,"(4, 20)",taxation,6,0.25,False,True,False
238,82-4,39054.09375,"(28, 40)",taxation,6,0.25,False,True,False
238,127-4,39066.125,"(35, 3)",taxation,6,0.25,False,True,False
238,47-4,26344.734375,"(22, 49)",taxation,6,0.25,False,True,False
238,223-4,26368.125,"(23, 45)",taxation,6,0.25,False,True,False
238,108-4,20959.515625,"(44, 3)",taxation,6,0.25,False,True,False
238,65-4,42643.203125,"(45, 1)",taxation,6,0.25,False,True,False
238,109-4,37226.40625,"(41, 5)",taxation,6,0.25,False,True,False
238,26-4,29996.171875,"(7, 35)",taxation,6,0.25,False,True,False
238,59-4,33638.953125,"(8, 15)",taxation,6,0.25,False,True,False
238,99-4,35403.953125,"(11, 14)",taxation,6,0.25,False,True,False
238,84-4,37237.46875,"(24, 39)",taxation,6,0.25,False,True,False
238,128-4,40864.6875,"(22, 47)",taxation,6,0.25,False,True,False
238,8-4,37237.1875,"(8, 30)",taxation,6,0.25,False,True,False
238,77-4,31784.34375,"(22, 45)",taxation,6,0.25,False,True,False
238,157-4,35401.890625,"(28, 36)",taxation,6,0.25,False,True,False
238,123-4,42613.171875,"(25, 49)",taxation,6,0.25,False,True,False
238,195-4,17299.453125,"(10, 38)",taxation,6,0.25,False,True,False
238,87-4,37206.96875,"(39, 0)",taxation,6,0.25,False,True,False
238,119-4,37221.8125,"(39, 8)",taxation,6,0.25,False,True,False
238,199-4,42642.1875,"(34, 4)",taxation,6,0.25,False,True,False
238,129-4,35425.375,"(6, 35)",taxation,6,0.25,False,True,False
238,43-4,37222.109375,"(25, 43)",taxation,6,0.25,False,True,False
238,190-4,37173.796875,"(20, 47)",taxation,6,0.25,False,True,False
238,46-4,26359.375,"(32, 5)",taxation,6,0.25,False,True,False
238,15-4,33586.546875,"(28, 28)",taxation,6,0.25,False,True,False
238,245-4,40793.546875,"(28, 49)",taxation,6,0.25,False,True,False
238,178-4,40786.140625,"(8, 42)",taxation,6,0.25,False,True,False
238,151-4,29926.140625,"(36, 20)",taxation,6,0.25,False,True,False
238,79-4,35398.640625,"(23, 6)",taxation,6,0.25,False,True,False
238,114-4,42629.984375,"(13, 49)",taxation,6,0.25,False,True,False
238,230-4,29945.5,"(25, 35)",taxation,6,0.25,False,True,False
238,224-4,31747.484375,"(45, 2)",taxation,6,0.25,False,True,False
238,93-4,17271.0,"(23, 48)",taxation,6,0.25,False,True,False
238,35-4,37183.40625,"(43, 1)",taxation,6,0.25,False,True,False
238,135-4,37175.546875,"(25, 48)",taxation,6,0.25,False,True,False
238,24-4,29966.59375,"(43, 4)",taxation,6,0.25,False,True,False
238,49-4,35398.65625,"(40, 2)",taxation,6,0.25,False,True,False
238,34-4,33543.125,"(25, 10)",taxation,6,0.25,False,True,False
238,60-4,38973.578125,"(24, 34)",taxation,6,0.25,False,True,False
238,220-4,40839.9375,"(34, 6)",taxation,6,0.25,False,True,False
238,227-4,40797.28125,"(22, 46)",taxation,6,0.25,False,True,False
238,228-5,22248.453125,"(6, 37)",taxation,6,0.25,False,True,False
238,218-4,42605.59375,"(38, 9)",taxation,6,0.25,False,True,False
238,181-4,37143.953125000015,"(41, 3)",taxation,6,0.25,False,True,False
238,39-4,26295.21875,"(18, 49)",taxation,6,0.25,False,True,False
238,81-4,35389.265625,"(35, 5)",taxation,6,0.25,False,True,False
238,9-4,31763.453125,"(22, 48)",taxation,6,0.25,False,True,False
238,244-4,42610.65625,"(8, 41)",taxation,6,0.25,False,True,False
238,118-4,40763.21875,"(42, 1)",taxation,6,0.25,False,True,False
238,204-4,40751.28125,"(14, 41)",taxation,6,0.25,False,True,False
238,101-4,37188.421875,"(29, 37)",taxation,6,0.25,False,True,False
238,243-4,35342.84375,"(9, 33)",taxation,6,0.25,False,True,False
238,153-4,19076.9375,"(33, 10)",taxation,6,0.25,False,True,False
238,208-5,29919.77734375,"(30, 9)",taxation,6,0.25,False,True,False
238,222-4,37160.09375,"(15, 43)",taxation,6,0.25,False,True,False
238,211-4,24484.609375,"(46, 4)",taxation,6,0.25,False,True,False
238,185-4,37207.34375,"(48, 13)",taxation,6,0.25,False,True,False
238,70-4,38946.75,"(14, 42)",taxation,6,0.25,False,True,False
238,139-5,33551.07421875,"(33, 5)",taxation,6,0.25,False,True,False
238,213-4,37160.96875,"(20, 12)",taxation,6,0.25,False,True,False
238,200-4,35369.625,"(41, 1)",taxation,6,0.25,False,True,False
238,173-5,8239.359375,"(4, 19)",taxation,6,0.25,False,True,False
238,238-4,37137.125,"(29, 40)",taxation,6,0.25,False,True,False
238,197-4,29913.640625,"(7, 40)",taxation,6,0.25,False,True,False
238,219-5,32602.984375,"(14, 32)",taxation,6,0.25,False,True,False
238,44-4,24473.0,"(8, 40)",taxation,6,0.25,False,True,False
238,74-5,32580.25,"(10, 49)",taxation,6,0.25,False,True,False
238,171-4,37130.53125,"(45, 5)",taxation,6,0.25,False,True,False
238,167-5,29449.30078125,"(42, 2)",taxation,6,0.25,False,True,False
238,192-4,33534.1875,"(24, 38)",taxation,6,0.25,False,True,False
239,131-3,49558.75,"(2, 41)",taxation,6,0.25,False,True,False
239,239-3,49577.625,"(3, 17)",taxation,6,0.25,False,True,False
239,143-3,49538.3125,"(46, 11)",taxation,6,0.25,False,True,False
239,3-3,30174.6875,"(24, 43)",taxation,6,0.25,False,True,False
239,177-3,49590.3125,"(35, 40)",taxation,6,0.25,False,True,False
239,138-3,51884.8125,"(48, 8)",taxation,6,0.25,False,True,False
239,75-4,35621.0625,"(6, 33)",taxation,6,0.25,False,True,False
239,191-3,56751.5625,"(35, 15)",taxation,6,0.25,False,True,False
239,240-4,13320.3125,"(32, 34)",taxation,6,0.25,False,True,False
239,20-3,47116.75,"(26, 46)",taxation,6,0.25,False,True,False
239,159-3,39883.375,"(40, 4)",taxation,6,0.25,False,True,False
239,158-4,36249.0625,"(9, 27)",taxation,6,0.25,False,True,False
239,66-3,54369.8125,"(32, 38)",taxation,6,0.25,False,True,False
239,170-4,34478.734375,"(33, 13)",taxation,6,0.25,False,True,False
239,146-4,15758.3125,"(28, 42)",taxation,6,0.25,False,True,False
239,140-4,1251.0625,"(5, 34)",taxation,6,0.25,False,True,False
239,210-3,59140.5625,"(17, 46)",taxation,6,0.25,False,True,False
239,198-4,35647.71875,"(48, 10)",taxation,6,0.25,False,True,False
239,246-4,37467.3125,"(8, 38)",taxation,6,0.25,False,True,False
239,187-4,20564.1875,"(48, 5)",taxation,6,0.25,False,True,False
239,179-4,32671.53125,"(36, 11)",taxation,6,0.25,False,True,False
239,23-4,40459.5,"(49, 11)",taxation,6,0.25,False,True,False
239,31-4,44656.46875,"(3, 38)",taxation,6,0.25,False,True,False
239,150-3,42250.4375,"(46, 10)",taxation,6,0.25,False,True,False
239,12-3,47087.8125,"(24, 16)",taxation,6,0.25,False,True,False
239,98-4,20610.0625,"(4, 31)",taxation,6,0.25,False,True,False
239,126-3,49496.0625,"(34, 40)",taxation,6,0.25,False,True,False
239,176-4,1259.1875,"(32, 43)",taxation,6,0.25,False,True,False
239,28-4,34436.203125,"(28, 3)",taxation,6,0.25,False,True,False
239,154-4,18120.3125,"(32, 41)",taxation,6,0.25,False,True,False
239,40-4,41059.3125,"(38, 17)",taxation,6,0.25,False,True,False
239,1-4,29009.140625,"(4, 33)",taxation,6,0.25,False,True,False
239,76-4,37431.921875000015,"(29, 47)",taxation,6,0.25,False,True,False
239,67-3,37463.5625,"(49, 6)",taxation,6,0.25,False,True,False
239,182-4,39226.890625,"(33, 32)",taxation,6,0.25,False,True,False
239,241-4,35620.21875,"(14, 13)",taxation,6,0.25,False,True,False
239,149-4,33862.5625,"(2, 17)",taxation,6,0.25,False,True,False
239,17-4,41086.03125,"(17, 13)",taxation,6,0.25,False,True,False
239,0-4,26590.828125,"(22, 7)",taxation,6,0.25,False,True,False
239,22-4,42865.8125,"(45, 9)",taxation,6,0.25,False,True,False
239,10-4,39250.390625,"(15, 16)",taxation,6,0.25,False,True,False
239,242-4,17532.953125,"(8, 37)",taxation,6,0.25,False,True,False
239,142-4,24745.859375,"(37, 17)",taxation,6,0.25,False,True,False
239,189-4,33882.84375,"(34, 36)",taxation,6,0.25,False,True,False
239,63-4,35577.171875,"(35, 14)",taxation,6,0.25,False,True,False
239,165-4,44576.1875,"(28, 41)",taxation,6,0.25,False,True,False
239,94-4,13315.125,"(32, 31)",taxation,6,0.25,False,True,False
239,206-4,37998.328125,"(30, 43)",taxation,6,0.25,False,True,False
239,172-4,40985.484375,"(29, 43)",taxation,6,0.25,False,True,False
239,144-4,37426.90625,"(38, 1)",taxation,6,0.25,False,True,False
239,111-4,40981.515625,"(32, 30)",taxation,6,0.25,False,True,False
239,83-4,41007.671875,"(39, 1)",taxation,6,0.25,False,True,False
239,249-4,39250.5625,"(38, 16)",taxation,6,0.25,False,True,False
239,51-4,39222.40625,"(27, 16)",taxation,6,0.25,False,True,False
239,180-4,37427.265625,"(22, 5)",taxation,6,0.25,False,True,False
239,148-4,30136.953125,"(6, 29)",taxation,6,0.25,False,True,False
239,16-4,42838.34375,"(24, 44)",taxation,6,0.25,False,True,False
239,134-4,37401.25,"(30, 37)",taxation,6,0.25,False,True,False
239,73-4,39213.265625,"(47, 0)",taxation,6,0.25,False,True,False
239,54-4,37423.140625,"(2, 21)",taxation,6,0.25,False,True,False
239,38-4,39192.59375,"(41, 9)",taxation,6,0.25,False,True,False
239,6-4,42831.625,"(22, 25)",taxation,6,0.25,False,True,False
239,156-4,28298.96875,"(33, 34)",taxation,6,0.25,False,True,False
239,95-4,42827.65625,"(44, 6)",taxation,6,0.25,False,True,False
239,42-4,28411.21875,"(7, 42)",taxation,6,0.25,False,True,False
239,168-4,41002.15625,"(16, 48)",taxation,6,0.25,False,True,False
239,183-4,26551.796875,"(3, 32)",taxation,6,0.25,False,True,False
239,53-4,24730.765625,"(39, 14)",taxation,6,0.25,False,True,False
239,106-4,35602.859375,"(39, 6)",taxation,6,0.25,False,True,False
239,133-4,33809.1875,"(11, 11)",taxation,6,0.25,False,True,False
239,25-4,33768.6875,"(5, 35)",taxation,6,0.25,False,True,False
239,56-4,37421.171875,"(7, 25)",taxation,6,0.25,False,True,False
239,234-4,39149.34375,"(5, 38)",taxation,6,0.25,False,True,False
239,71-4,41026.203125,"(24, 13)",taxation,6,0.25,False,True,False
239,162-4,39172.15625,"(5, 39)",taxation,6,0.25,False,True,False
239,45-4,39165.109375,"(30, 42)",taxation,6,0.25,False,True,False
239,212-4,39238.609375,"(9, 20)",taxation,6,0.25,False,True,False
239,110-4,42781.3125,"(11, 31)",taxation,6,0.25,False,True,False
239,225-4,39193.421875,"(38, 18)",taxation,6,0.25,False,True,False
239,231-4,24711.109375,"(2, 20)",taxation,6,0.25,False,True,False
239,137-4,33744.53125,"(19, 20)",taxation,6,0.25,False,True,False
239,4-4,28355.515625,"(46, 0)",taxation,6,0.25,False,True,False
239,169-4,30141.4375,"(6, 28)",taxation,6,0.25,False,True,False
239,125-4,40929.125,"(10, 29)",taxation,6,0.25,False,True,False
239,122-4,31945.515625,"(8, 44)",taxation,6,0.25,False,True,False
239,226-4,37359.796875,"(43, 8)",taxation,6,0.25,False,True,False
239,5-4,17434.21875,"(33, 39)",taxation,6,0.25,False,True,False
239,209-4,42784.46875,"(32, 35)",taxation,6,0.25,False,True,False
239,205-4,19286.359375,"(39, 18)",taxation,6,0.25,False,True,False
239,130-4,40928.34375,"(39, 9)",taxation,6,0.25,False,True,False
239,91-4,41041.796875,"(13, 12)",taxation,6,0.25,False,True,False
239,214-4,24710.4375,"(16, 14)",taxation,6,0.25,False,True,False
239,196-4,26450.25,"(13, 47)",taxation,6,0.25,False,True,False
239,21-4,35555.015625,"(31, 39)",taxation,6,0.25,False,True,False
239,141-4,30133.53125,"(43, 9)",taxation,6,0.25,False,True,False
239,193-4,33736.84375,"(23, 4)",taxation,6,0.25,False,True,False
239,68-4,31909.984375,"(7, 37)",taxation,6,0.25,False,True,False
239,161-4,31908.875,"(49, 0)",taxation,6,0.25,False,True,False
239,147-4,37361.921875,"(1, 23)",taxation,6,0.25,False,True,False
239,175-4,31872.78125,"(10, 45)",taxation,6,0.25,False,True,False
239,55-4,40980.453125,"(33, 19)",taxation,6,0.25,False,True,False
239,50-4,42735.59375,"(28, 39)",taxation,6,0.25,False,True,False
239,113-4,39120.296875,"(9, 41)",taxation,6,0.25,False,True,False
239,201-4,26503.203125,"(0, 23)",taxation,6,0.25,False,True,False
239,102-4,26468.59375,"(6, 22)",taxation,6,0.25,False,True,False
239,112-4,40919.46875,"(15, 40)",taxation,6,0.25,False,True,False
239,41-4,40955.5,"(47, 2)",taxation,6,0.25,False,True,False
239,78-4,35553.515625,"(9, 13)",taxation,6,0.25,False,True,False
239,203-4,44569.765625,"(49, 5)",taxation,6,0.25,False,True,False
239,247-4,33727.5625,"(33, 41)",taxation,6,0.25,False,True,False
239,32-4,40928.359375,"(48, 4)",taxation,6,0.25,False,True,False
239,115-4,40916.484375,"(34, 14)",taxation,6,0.25,False,True,False
239,33-4,30074.703125,"(33, 37)",taxation,6,0.25,False,True,False
239,202-4,42731.375,"(33, 40)",taxation,6,0.25,False,True,False
239,155-4,39150.828125,"(42, 12)",taxation,6,0.25,False,True,False
239,207-4,30097.109375,"(26, 44)",taxation,6,0.25,False,True,False
239,145-4,39124.75,"(34, 19)",taxation,6,0.25,False,True,False
239,132-4,40941.484375,"(34, 18)",taxation,6,0.25,False,True,False
239,166-4,35474.578125,"(6, 41)",taxation,6,0.25,False,True,False
239,100-4,37337.671875,"(32, 40)",taxation,6,0.25,False,True,False
239,116-4,40937.84375,"(22, 24)",taxation,6,0.25,False,True,False
239,19-4,39134.75,"(30, 8)",taxation,6,0.25,False,True,False
239,233-4,35480.828125,"(7, 31)",taxation,6,0.25,False,True,False
239,64-4,37256.5,"(49, 8)",taxation,6,0.25,False,True,False
239,186-4,35527.640625,"(44, 8)",taxation,6,0.25,False,True,False
239,103-4,37306.40625,"(5, 40)",taxation,6,0.25,False,True,False
239,163-4,44500.125,"(30, 45)",taxation,6,0.25,False,True,False
239,221-4,35470.21875,"(10, 12)",taxation,6,0.25,False,True,False
239,86-4,37311.875,"(23, 8)",taxation,6,0.25,False,True,False
239,57-4,33692.765625,"(22, 40)",taxation,6,0.25,False,True,False
239,164-4,39142.828125,"(15, 46)",taxation,6,0.25,False,True,False
239,92-4,40905.1875,"(42, 16)",taxation,6,0.25,False,True,False
239,174-4,40916.84375,"(17, 45)",taxation,6,0.25,False,True,False
239,89-4,39082.296875,"(46, 12)",taxation,6,0.25,False,True,False
239,188-4,37309.34375,"(41, 11)",taxation,6,0.25,False,True,False
239,11-4,30063.890625,"(17, 48)",taxation,6,0.25,False,True,False
239,2-4,37338.859375,"(3, 23)",taxation,6,0.25,False,True,False
239,90-4,33681.90625,"(40, 8)",taxation,6,0.25,False,True,False
239,120-4,42729.875,"(17, 49)",taxation,6,0.25,False,True,False
239,48-4,39054.125,"(5, 37)",taxation,6,0.25,False,True,False
239,69-4,40870.90625,"(37, 7)",taxation,6,0.25,False,True,False
239,97-4,30025.484375,"(32, 39)",taxation,6,0.25,False,True,False
239,13-4,35490.515625,"(4, 43)",taxation,6,0.25,False,True,False
239,58-4,39064.90625,"(11, 13)",taxation,6,0.25,False,True,False
239,52-4,28233.328125,"(32, 12)",taxation,6,0.25,False,True,False
239,117-4,33645.21875,"(34, 39)",taxation,6,0.25,False,True,False
239,27-4,33639.546875,"(6, 30)",taxation,6,0.25,False,True,False
239,121-4,37309.0,"(6, 40)",taxation,6,0.25,False,True,False
239,107-4,40888.65625,"(4, 29)",taxation,6,0.25,False,True,False
239,85-4,33658.3125,"(32, 42)",taxation,6,0.25,False,True,False
239,237-4,30024.484375,"(44, 9)",taxation,6,0.25,False,True,False
239,18-4,42701.234375,"(44, 12)",taxation,6,0.25,False,True,False
239,96-4,42732.28125,"(8, 36)",taxation,6,0.25,False,True,False
239,160-4,33662.3125,"(10, 14)",taxation,6,0.25,False,True,False
239,37-4,39094.046875,"(48, 3)",taxation,6,0.25,False,True,False
239,30-4,42710.703125,"(28, 43)",taxation,6,0.25,False,True,False
239,235-4,37246.953125,"(9, 46)",taxation,6,0.25,False,True,False
239,80-4,40874.46875,"(49, 10)",taxation,6,0.25,False,True,False
239,14-4,10164.90625,"(6, 15)",taxation,6,0.25,False,True,False
239,104-4,35494.84375,"(31, 32)",taxation,6,0.25,False,True,False
239,184-4,37234.203125,"(14, 15)",taxation,6,0.25,False,True,False
239,229-4,40909.765625,"(41, 17)",taxation,6,0.25,False,True,False
239,136-4,29976.28125,"(8, 14)",taxation,6,0.25,False,True,False
239,232-4,22736.765625,"(43, 12)",taxation,6,0.25,False,True,False
239,7-4,28223.03125,"(49, 9)",taxation,6,0.25,False,True,False
239,248-4,37250.890625,"(41, 15)",taxation,6,0.25,False,True,False
239,61-4,44517.640625,"(13, 13)",taxation,6,0.25,False,True,False
239,88-4,37279.25,"(24, 18)",taxation,6,0.25,False,True,False
239,72-4,42671.40625,"(49, 3)",taxation,6,0.25,False,True,False
239,62-4,37265.59375,"(30, 11)",taxation,6,0.25,False,True,False
239,194-4,33617.96875,"(3, 39)",taxation,6,0.25,False,True,False
239,236-4,37250.203125,"(29, 45)",taxation,6,0.25,False,True,False
239,124-4,35394.140625,"(31, 43)",taxation,6,0.25,False,True,False
239,36-4,28207.578125,"(45, 10)",taxation,6,0.25,False,True,False
239,215-4,40880.96875,"(33, 36)",taxation,6,0.25,False,True,False
239,152-4,39048.640625,"(3, 19)",taxation,6,0.25,False,True,False
239,82-4,39058.09375,"(31, 37)",taxation,6,0.25,False,True,False
239,127-4,39069.125,"(33, 9)",taxation,6,0.25,False,True,False
239,47-4,26346.734375,"(18, 46)",taxation,6,0.25,False,True,False
239,223-4,26371.125,"(26, 39)",taxation,6,0.25,False,True,False
239,108-4,20968.515625,"(49, 1)",taxation,6,0.25,False,True,False
239,65-4,42651.203125,"(48, 2)",taxation,6,0.25,False,True,False
239,109-4,37229.40625,"(40, 10)",taxation,6,0.25,False,True,False
239,26-4,30004.171875,"(6, 34)",taxation,6,0.25,False,True,False
239,59-4,33647.953125,"(4, 17)",taxation,6,0.25,False,True,False
239,99-4,35412.953125,"(5, 16)",taxation,6,0.25,False,True,False
239,84-4,37244.46875,"(29, 33)",taxation,6,0.25,False,True,False
239,128-4,40866.6875,"(26, 45)",taxation,6,0.25,False,True,False
239,8-4,37245.1875,"(7, 28)",taxation,6,0.25,False,True,False
239,77-4,31787.34375,"(25, 39)",taxation,6,0.25,False,True,False
239,157-4,35409.890625,"(34, 35)",taxation,6,0.25,False,True,False
239,123-4,42614.171875,"(25, 46)",taxation,6,0.25,False,True,False
239,195-4,17306.453125,"(5, 36)",taxation,6,0.25,False,True,False
239,87-4,37212.96875,"(45, 3)",taxation,6,0.25,False,True,False
239,119-4,37227.8125,"(44, 11)",taxation,6,0.25,False,True,False
239,199-4,42644.1875,"(33, 6)",taxation,6,0.25,False,True,False
239,129-4,35433.375,"(4, 35)",taxation,6,0.25,False,True,False
239,43-4,37226.109375,"(30, 39)",taxation,6,0.25,False,True,False
239,190-4,37175.796875,"(17, 47)",taxation,6,0.25,False,True,False
239,46-4,26362.375,"(28, 8)",taxation,6,0.25,False,True,False
239,15-4,33594.546875,"(31, 29)",taxation,6,0.25,False,True,False
239,245-4,40795.546875,"(27, 44)",taxation,6,0.25,False,True,False
239,178-4,40794.140625,"(3, 41)",taxation,6,0.25,False,True,False
239,151-4,29934.140625,"(36, 21)",taxation,6,0.25,False,True,False
239,79-4,35404.640625,"(24, 11)",taxation,6,0.25,False,True,False
239,114-4,42634.984375,"(11, 45)",taxation,6,0.25,False,True,False
239,230-4,29952.5,"(31, 34)",taxation,6,0.25,False,True,False
239,224-4,31754.484375,"(47, 3)",taxation,6,0.25,False,True,False
239,93-4,17273.0,"(21, 42)",taxation,6,0.25,False,True,False
239,35-4,37185.40625,"(49, 7)",taxation,6,0.25,False,True,False
239,135-4,37178.546875,"(31, 45)",taxation,6,0.25,False,True,False
239,24-4,29973.59375,"(47, 4)",taxation,6,0.25,False,True,False
239,49-4,35400.65625,"(42, 8)",taxation,6,0.25,False,True,False
239,34-4,33550.125,"(26, 14)",taxation,6,0.25,False,True,False
239,60-4,38981.578125,"(30, 34)",taxation,6,0.25,False,True,False
239,220-4,40842.9375,"(34, 11)",taxation,6,0.25,False,True,False
239,227-4,40799.28125,"(23, 42)",taxation,6,0.25,False,True,False
239,228-5,22256.453125,"(3, 35)",taxation,6,0.25,False,True,False
239,218-4,42613.59375,"(42, 15)",taxation,6,0.25,False,True,False
239,181-4,37150.953125000015,"(46, 3)",taxation,6,0.25,False,True,False
239,39-4,26299.21875,"(12, 43)",taxation,6,0.25,False,True,False
239,81-4,35392.265625,"(35, 11)",taxation,6,0.25,False,True,False
239,9-4,31765.453125,"(25, 45)",taxation,6,0.25,False,True,False
239,244-4,42618.65625,"(7, 39)",taxation,6,0.25,False,True,False
239,118-4,40764.21875,"(39, 2)",taxation,6,0.25,False,True,False
239,204-4,40756.28125,"(11, 42)",taxation,6,0.25,False,True,False
239,101-4,37195.421875,"(31, 33)",taxation,6,0.25,False,True,False
239,243-4,35350.84375,"(9, 29)",taxation,6,0.25,False,True,False
239,153-4,19083.9375,"(37, 15)",taxation,6,0.25,False,True,False
239,208-5,29925.77734375,"(24, 12)",taxation,6,0.25,False,True,False
239,222-4,37166.09375,"(10, 37)",taxation,6,0.25,False,True,False
239,211-4,24486.609375,"(47, 8)",taxation,6,0.25,False,True,False
239,185-4,37215.34375,"(48, 16)",taxation,6,0.25,False,True,False
239,70-4,38951.75,"(9, 40)",taxation,6,0.25,False,True,False
239,139-5,33555.07421875,"(27, 11)",taxation,6,0.25,False,True,False
239,213-4,37169.96875,"(14, 16)",taxation,6,0.25,False,True,False
239,200-4,35377.625,"(46, 1)",taxation,6,0.25,False,True,False
239,173-5,8248.359375,"(3, 18)",taxation,6,0.25,False,True,False
239,238-4,37145.125,"(31, 40)",taxation,6,0.25,False,True,False
239,197-4,29921.640625,"(2, 40)",taxation,6,0.25,False,True,False
239,219-5,32610.984375,"(8, 27)",taxation,6,0.25,False,True,False
239,44-4,24481.0,"(4, 40)",taxation,6,0.25,False,True,False
239,74-5,32587.25,"(9, 48)",taxation,6,0.25,False,True,False
239,171-4,37136.53125,"(48, 11)",taxation,6,0.25,False,True,False
239,167-5,29451.30078125,"(39, 7)",taxation,6,0.25,False,True,False
239,192-4,33538.1875,"(30, 38)",taxation,6,0.25,False,True,False
239,29-4,37199.953125,"(39, 12)",taxation,6,0.25,False,True,False
239,216-4,40761.375,"(48, 0)",taxation,6,0.25,False,True,False
239,105-4,33517.21875,"(49, 4)",taxation,6,0.25,False,True,False
239,217-4,22666.78125,"(47, 6)",taxation,6,0.25,False,True,False
240,131-3,49565.75,"(2, 42)",taxation,6,0.25,False,True,False
240,239-3,49586.625,"(0, 18)",taxation,6,0.25,False,True,False
240,143-3,49544.3125,"(48, 17)",taxation,6,0.25,False,True,False
240,3-3,30178.6875,"(26, 37)",taxation,6,0.25,False,True,False
240,177-3,49596.3125,"(37, 35)",taxation,6,0.25,False,True,False
240,138-3,51888.8125,"(45, 13)",taxation,6,0.25,False,True,False
240,191-3,56759.5625,"(29, 20)",taxation,6,0.25,False,True,False
240,240-4,13328.3125,"(36, 32)",taxation,6,0.25,False,True,False
240,20-3,47118.75,"(27, 46)",taxation,6,0.25,False,True,False
240,158-4,36259.0625,"(3, 22)",taxation,6,0.25,False,True,False
240,170-4,34486.734375,"(35, 18)",taxation,6,0.25,False,True,False
240,146-4,15761.3125,"(25, 37)",taxation,6,0.25,False,True,False
240,140-4,1259.0625,"(2, 33)",taxation,6,0.25,False,True,False
240,210-3,59144.5625,"(13, 46)",taxation,6,0.25,False,True,False
240,198-4,35652.71875,"(43, 16)",taxation,6,0.25,False,True,False
240,246-4,37475.3125,"(3, 33)",taxation,6,0.25,False,True,False
240,187-4,20567.1875,"(42, 10)",taxation,6,0.25,False,True,False
240,179-4,32676.53125,"(35, 17)",taxation,6,0.25,False,True,False
240,23-4,40464.5,"(49, 17)",taxation,6,0.25,False,True,False
240,31-4,44664.46875,"(1, 36)",taxation,6,0.25,False,True,False
240,150-3,42255.4375,"(47, 16)",taxation,6,0.25,False,True,False
240,12-3,47095.8125,"(29, 18)",taxation,6,0.25,False,True,False
240,98-4,20619.0625,"(2, 28)",taxation,6,0.25,False,True,False
240,126-3,49503.0625,"(40, 35)",taxation,6,0.25,False,True,False
240,176-4,1265.1875,"(38, 37)",taxation,6,0.25,False,True,False
240,28-4,34442.203125,"(22, 9)",taxation,6,0.25,False,True,False
240,154-4,18125.3125,"(36, 38)",taxation,6,0.25,False,True,False
240,40-4,41068.3125,"(44, 19)",taxation,6,0.25,False,True,False
240,1-4,29018.140625,"(1, 32)",taxation,6,0.25,False,True,False
240,76-4,37433.921875000015,"(25, 44)",taxation,6,0.25,False,True,False
240,67-3,37466.5625,"(49, 12)",taxation,6,0.25,False,True,False
240,182-4,39234.890625,"(34, 29)",taxation,6,0.25,False,True,False
240,241-4,35628.21875,"(12, 19)",taxation,6,0.25,False,True,False
240,149-4,33872.5625,"(1, 21)",taxation,6,0.25,False,True,False
240,17-4,41095.03125,"(11, 12)",taxation,6,0.25,False,True,False
240,0-4,26597.828125,"(19, 10)",taxation,6,0.25,False,True,False
240,22-4,42870.8125,"(46, 15)",taxation,6,0.25,False,True,False
240,10-4,39259.390625,"(10, 20)",taxation,6,0.25,False,True,False
240,242-4,17540.953125,"(3, 36)",taxation,6,0.25,False,True,False
240,142-4,24753.859375,"(37, 19)",taxation,6,0.25,False,True,False
240,189-4,33890.84375,"(37, 33)",taxation,6,0.25,False,True,False
240,63-4,35585.171875,"(37, 16)",taxation,6,0.25,False,True,False
240,165-4,44581.1875,"(32, 37)",taxation,6,0.25,False,True,False
240,94-4,13323.125,"(32, 29)",taxation,6,0.25,False,True,False
240,206-4,38003.328125,"(34, 37)",taxation,6,0.25,False,True,False
240,172-4,40990.484375,"(35, 37)",taxation,6,0.25,False,True,False
240,144-4,37429.90625,"(33, 7)",taxation,6,0.25,False,True,False
240,111-4,40989.515625,"(32, 28)",taxation,6,0.25,False,True,False
240,83-4,41009.671875,"(38, 2)",taxation,6,0.25,False,True,False
240,249-4,39259.5625,"(42, 18)",taxation,6,0.25,False,True,False
240,51-4,39230.40625,"(22, 22)",taxation,6,0.25,False,True,False
240,180-4,37434.265625,"(20, 11)",taxation,6,0.25,False,True,False
240,148-4,30146.953125,"(1, 24)",taxation,6,0.25,False,True,False
240,16-4,42841.34375,"(22, 39)",taxation,6,0.25,False,True,False
240,134-4,37409.25,"(32, 33)",taxation,6,0.25,False,True,False
240,73-4,39215.265625,"(41, 6)",taxation,6,0.25,False,True,False
240,54-4,37432.140625,"(0, 21)",taxation,6,0.25,False,True,False
240,38-4,39197.59375,"(45, 12)",taxation,6,0.25,False,True,False
240,6-4,42839.625,"(21, 25)",taxation,6,0.25,False,True,False
240,156-4,28306.96875,"(34, 28)",taxation,6,0.25,False,True,False
240,95-4,42830.65625,"(47, 12)",taxation,6,0.25,False,True,False
240,42-4,28419.21875,"(3, 43)",taxation,6,0.25,False,True,False
240,168-4,41007.15625,"(10, 42)",taxation,6,0.25,False,True,False
240,183-4,26560.796875,"(1, 28)",taxation,6,0.25,False,True,False
240,53-4,24738.765625,"(45, 19)",taxation,6,0.25,False,True,False
240,106-4,35605.859375,"(37, 9)",taxation,6,0.25,False,True,False
240,133-4,33817.1875,"(15, 13)",taxation,6,0.25,False,True,False
240,25-4,33777.6875,"(2, 37)",taxation,6,0.25,False,True,False
240,56-4,37430.171875,"(7, 23)",taxation,6,0.25,False,True,False
240,234-4,39157.34375,"(3, 37)",taxation,6,0.25,False,True,False
240,71-4,41033.203125,"(22, 15)",taxation,6,0.25,False,True,False
240,162-4,39180.15625,"(0, 34)",taxation,6,0.25,False,True,False
240,45-4,39169.109375,"(28, 37)",taxation,6,0.25,False,True,False
240,212-4,39247.609375,"(9, 21)",taxation,6,0.25,False,True,False
240,110-4,42789.3125,"(7, 27)",taxation,6,0.25,False,True,False
240,225-4,39201.421875,"(39, 22)",taxation,6,0.25,False,True,False
240,231-4,24721.109375,"(2, 19)",taxation,6,0.25,False,True,False
240,137-4,33752.53125,"(17, 20)",taxation,6,0.25,False,True,False
240,4-4,28357.515625,"(40, 5)",taxation,6,0.25,False,True,False
240,169-4,30150.4375,"(3, 26)",taxation,6,0.25,False,True,False
240,125-4,40938.125,"(9, 25)",taxation,6,0.25,False,True,False
240,122-4,31952.515625,"(4, 45)",taxation,6,0.25,False,True,False
240,226-4,37363.796875,"(43, 13)",taxation,6,0.25,False,True,False
240,5-4,17440.21875,"(35, 34)",taxation,6,0.25,False,True,False
240,209-4,42792.46875,"(35, 29)",taxation,6,0.25,False,True,False
240,205-4,19295.359375,"(43, 19)",taxation,6,0.25,False,True,False
240,130-4,40933.34375,"(44, 15)",taxation,6,0.25,False,True,False
240,91-4,41049.796875,"(15, 15)",taxation,6,0.25,False,True,False
240,214-4,24718.4375,"(15, 14)",taxation,6,0.25,False,True,False
240,196-4,26455.25,"(8, 47)",taxation,6,0.25,False,True,False
240,21-4,35563.015625,"(37, 34)",taxation,6,0.25,False,True,False
240,141-4,30138.53125,"(49, 15)",taxation,6,0.25,False,True,False
240,193-4,33742.84375,"(20, 8)",taxation,6,0.25,False,True,False
240,68-4,31917.984375,"(2, 35)",taxation,6,0.25,False,True,False
240,161-4,31909.875,"(48, 1)",taxation,6,0.25,False,True,False
240,147-4,37371.921875,"(1, 22)",taxation,6,0.25,False,True,False
240,175-4,31878.78125,"(7, 43)",taxation,6,0.25,False,True,False
240,55-4,40988.453125,"(34, 21)",taxation,6,0.25,False,True,False
240,50-4,42740.59375,"(32, 36)",taxation,6,0.25,False,True,False
240,113-4,39128.296875,"(4, 39)",taxation,6,0.25,False,True,False
240,201-4,26513.203125,"(0, 22)",taxation,6,0.25,False,True,False
240,102-4,26478.59375,"(2, 22)",taxation,6,0.25,False,True,False
240,112-4,40925.46875,"(10, 36)",taxation,6,0.25,False,True,False
240,41-4,40957.5,"(42, 7)",taxation,6,0.25,False,True,False
240,78-4,35560.515625,"(12, 12)",taxation,6,0.25,False,True,False
240,203-4,44571.765625,"(46, 7)",taxation,6,0.25,False,True,False
240,247-4,33733.5625,"(38, 36)",taxation,6,0.25,False,True,False
240,32-4,40931.359375,"(48, 9)",taxation,6,0.25,False,True,False
240,115-4,40924.484375,"(32, 19)",taxation,6,0.25,False,True,False
240,33-4,30082.703125,"(36, 36)",taxation,6,0.25,False,True,False
240,202-4,42738.375,"(39, 34)",taxation,6,0.25,False,True,False
240,155-4,39155.828125,"(42, 17)",taxation,6,0.25,False,True,False
240,207-4,30100.109375,"(23, 39)",taxation,6,0.25,False,True,False
240,145-4,39132.75,"(33, 20)",taxation,6,0.25,False,True,False
240,132-4,40949.484375,"(34, 20)",taxation,6,0.25,False,True,False
240,166-4,35482.578125,"(2, 36)",taxation,6,0.25,False,True,False
240,100-4,37345.671875,"(38, 35)",taxation,6,0.25,False,True,False
240,116-4,40945.84375,"(22, 23)",taxation,6,0.25,False,True,False
240,19-4,39139.75,"(26, 12)",taxation,6,0.25,False,True,False
240,233-4,35489.828125,"(5, 27)",taxation,6,0.25,False,True,False
240,64-4,37260.5,"(49, 14)",taxation,6,0.25,False,True,False
240,186-4,35531.640625,"(41, 12)",taxation,6,0.25,False,True,False
240,103-4,37314.40625,"(2, 39)",taxation,6,0.25,False,True,False
240,163-4,44504.125,"(36, 39)",taxation,6,0.25,False,True,False
240,221-4,35478.21875,"(12, 10)",taxation,6,0.25,False,True,False
240,86-4,37318.875,"(22, 12)",taxation,6,0.25,False,True,False
240,57-4,33696.765625,"(27, 37)",taxation,6,0.25,False,True,False
240,164-4,39147.828125,"(9, 47)",taxation,6,0.25,False,True,False
240,92-4,40913.1875,"(41, 21)",taxation,6,0.25,False,True,False
240,174-4,40920.84375,"(13, 44)",taxation,6,0.25,False,True,False
240,89-4,39091.296875,"(46, 16)",taxation,6,0.25,False,True,False
240,188-4,37315.34375,"(46, 17)",taxation,6,0.25,False,True,False
240,11-4,30067.890625,"(12, 48)",taxation,6,0.25,False,True,False
240,2-4,37347.859375,"(4, 23)",taxation,6,0.25,False,True,False
240,90-4,33685.90625,"(40, 13)",taxation,6,0.25,False,True,False
240,120-4,42733.875,"(12, 49)",taxation,6,0.25,False,True,False
240,48-4,39063.125,"(2, 38)",taxation,6,0.25,False,True,False
240,69-4,40874.90625,"(37, 13)",taxation,6,0.25,False,True,False
240,97-4,30031.484375,"(35, 36)",taxation,6,0.25,False,True,False
240,13-4,35498.515625,"(3, 40)",taxation,6,0.25,False,True,False
240,58-4,39072.90625,"(14, 12)",taxation,6,0.25,False,True,False
240,52-4,28241.328125,"(31, 18)",taxation,6,0.25,False,True,False
240,117-4,33651.21875,"(35, 35)",taxation,6,0.25,False,True,False
240,27-4,33648.546875,"(5, 26)",taxation,6,0.25,False,True,False
240,121-4,37317.0,"(1, 35)",taxation,6,0.25,False,True,False
240,107-4,40897.65625,"(2, 27)",taxation,6,0.25,False,True,False
240,85-4,33663.3125,"(37, 38)",taxation,6,0.25,False,True,False
240,237-4,30028.484375,"(44, 14)",taxation,6,0.25,False,True,False
240,18-4,42709.234375,"(41, 18)",taxation,6,0.25,False,True,False
240,96-4,42740.28125,"(4, 34)",taxation,6,0.25,False,True,False
240,160-4,33670.3125,"(14, 11)",taxation,6,0.25,False,True,False
240,37-4,39096.046875,"(46, 9)",taxation,6,0.25,False,True,False
240,30-4,42715.703125,"(33, 38)",taxation,6,0.25,False,True,False
240,235-4,37253.953125,"(3, 45)",taxation,6,0.25,False,True,False
240,80-4,40879.46875,"(49, 16)",taxation,6,0.25,False,True,False
240,14-4,10174.90625,"(1, 18)",taxation,6,0.25,False,True,False
240,104-4,35502.84375,"(31, 31)",taxation,6,0.25,False,True,False
240,184-4,37242.203125,"(13, 18)",taxation,6,0.25,False,True,False
240,229-4,40917.765625,"(38, 19)",taxation,6,0.25,False,True,False
240,136-4,29984.28125,"(10, 19)",taxation,6,0.25,False,True,False
240,232-4,22742.765625,"(45, 17)",taxation,6,0.25,False,True,False
240,7-4,28227.03125,"(48, 14)",taxation,6,0.25,False,True,False
240,248-4,37259.890625,"(46, 19)",taxation,6,0.25,False,True,False
240,61-4,44525.640625,"(14, 14)",taxation,6,0.25,False,True,False
240,88-4,37287.25,"(24, 19)",taxation,6,0.25,False,True,False
240,72-4,42672.40625,"(49, 2)",taxation,6,0.25,False,True,False
240,62-4,37272.59375,"(24, 14)",taxation,6,0.25,False,True,False
240,194-4,33625.96875,"(1, 38)",taxation,6,0.25,False,True,False
240,236-4,37253.203125,"(35, 39)",taxation,6,0.25,False,True,False
240,124-4,35400.140625,"(37, 37)",taxation,6,0.25,False,True,False
240,36-4,28216.578125,"(44, 16)",taxation,6,0.25,False,True,False
240,215-4,40888.96875,"(38, 30)",taxation,6,0.25,False,True,False
240,152-4,39057.640625,"(0, 19)",taxation,6,0.25,False,True,False
240,82-4,39065.09375,"(29, 31)",taxation,6,0.25,False,True,False
240,127-4,39074.125,"(28, 14)",taxation,6,0.25,False,True,False
240,47-4,26350.734375,"(13, 45)",taxation,6,0.25,False,True,False
240,223-4,26376.125,"(31, 36)",taxation,6,0.25,False,True,False
240,108-4,20970.515625,"(47, 7)",taxation,6,0.25,False,True,False
240,65-4,42652.203125,"(47, 1)",taxation,6,0.25,False,True,False
240,109-4,37234.40625,"(40, 16)",taxation,6,0.25,False,True,False
240,26-4,30013.171875,"(1, 30)",taxation,6,0.25,False,True,False
240,59-4,33657.953125,"(2, 18)",taxation,6,0.25,False,True,False
240,99-4,35422.953125,"(1, 19)",taxation,6,0.25,False,True,False
240,84-4,37252.46875,"(25, 28)",taxation,6,0.25,False,True,False
240,128-4,40870.6875,"(29, 39)",taxation,6,0.25,False,True,False
240,8-4,37255.1875,"(2, 23)",taxation,6,0.25,False,True,False
240,77-4,31792.34375,"(30, 36)",taxation,6,0.25,False,True,False
240,157-4,35417.890625,"(36, 31)",taxation,6,0.25,False,True,False
240,123-4,42617.171875,"(31, 41)",taxation,6,0.25,False,True,False
240,195-4,17314.453125,"(2, 34)",taxation,6,0.25,False,True,False
240,87-4,37214.96875,"(43, 7)",taxation,6,0.25,False,True,False
240,119-4,37235.8125,"(43, 17)",taxation,6,0.25,False,True,False
240,199-4,42648.1875,"(31, 12)",taxation,6,0.25,False,True,False
240,129-4,35441.375,"(1, 34)",taxation,6,0.25,False,True,False
240,43-4,37233.109375,"(36, 35)",taxation,6,0.25,False,True,False
240,190-4,37179.796875,"(12, 47)",taxation,6,0.25,False,True,False
240,46-4,26369.375,"(23, 14)",taxation,6,0.25,False,True,False
240,15-4,33602.546875,"(30, 29)",taxation,6,0.25,False,True,False
240,245-4,40799.546875,"(31, 38)",taxation,6,0.25,False,True,False
240,178-4,40802.140625,"(0, 35)",taxation,6,0.25,False,True,False
240,151-4,29942.140625,"(35, 21)",taxation,6,0.25,False,True,False
240,79-4,35411.640625,"(21, 12)",taxation,6,0.25,False,True,False
240,114-4,42641.984375,"(5, 41)",taxation,6,0.25,False,True,False
240,230-4,29960.5,"(30, 30)",taxation,6,0.25,False,True,False
240,224-4,31756.484375,"(46, 8)",taxation,6,0.25,False,True,False
240,93-4,17277.0,"(27, 36)",taxation,6,0.25,False,True,False
240,35-4,37189.40625,"(44, 13)",taxation,6,0.25,False,True,False
240,135-4,37182.546875,"(34, 41)",taxation,6,0.25,False,True,False
240,24-4,29975.59375,"(45, 8)",taxation,6,0.25,False,True,False
240,49-4,35404.65625,"(42, 13)",taxation,6,0.25,False,True,False
240,34-4,33557.125,"(25, 17)",taxation,6,0.25,False,True,False
240,60-4,38989.578125,"(31, 28)",taxation,6,0.25,False,True,False
240,220-4,40850.9375,"(36, 17)",taxation,6,0.25,False,True,False
240,227-4,40803.28125,"(25, 38)",taxation,6,0.25,False,True,False
240,228-5,22264.453125,"(3, 34)",taxation,6,0.25,False,True,False
240,218-4,42621.59375,"(42, 21)",taxation,6,0.25,False,True,False
240,181-4,37152.953125000015,"(48, 6)",taxation,6,0.25,False,True,False
240,39-4,26306.21875,"(6, 43)",taxation,6,0.25,False,True,False
240,81-4,35397.265625,"(35, 16)",taxation,6,0.25,False,True,False
240,9-4,31768.453125,"(27, 39)",taxation,6,0.25,False,True,False
240,244-4,42627.65625,"(1, 37)",taxation,6,0.25,False,True,False
240,118-4,40767.21875,"(34, 7)",taxation,6,0.25,False,True,False
240,204-4,40763.28125,"(6, 39)",taxation,6,0.25,False,True,False
240,101-4,37203.421875,"(33, 28)",taxation,6,0.25,False,True,False
240,243-4,35359.84375,"(4, 26)",taxation,6,0.25,False,True,False
240,153-4,19091.9375,"(37, 18)",taxation,6,0.25,False,True,False
240,208-5,29933.77734375,"(26, 17)",taxation,6,0.25,False,True,False
240,222-4,37173.09375,"(7, 36)",taxation,6,0.25,False,True,False
240,211-4,24490.609375,"(46, 13)",taxation,6,0.25,False,True,False
240,185-4,37224.34375,"(47, 17)",taxation,6,0.25,False,True,False
240,70-4,38959.75,"(4, 38)",taxation,6,0.25,False,True,False
240,139-5,33562.07421875,"(25, 16)",taxation,6,0.25,False,True,False
240,213-4,37178.96875,"(8, 21)",taxation,6,0.25,False,True,False
240,200-4,35379.625,"(46, 6)",taxation,6,0.25,False,True,False
240,173-5,8258.359375,"(1, 20)",taxation,6,0.25,False,True,False
240,238-4,37151.125,"(36, 37)",taxation,6,0.25,False,True,False
240,197-4,29929.640625,"(1, 41)",taxation,6,0.25,False,True,False
240,219-5,32620.984375,"(4, 22)",taxation,6,0.25,False,True,False
240,44-4,24489.0,"(0, 37)",taxation,6,0.25,False,True,False
240,74-5,32594.25,"(6, 45)",taxation,6,0.25,False,True,False
240,171-4,37145.53125,"(45, 16)",taxation,6,0.25,False,True,False
240,167-5,29455.30078125,"(40, 12)",taxation,6,0.25,False,True,False
240,192-4,33544.1875,"(33, 33)",taxation,6,0.25,False,True,False
240,29-4,37206.953125,"(36, 18)",taxation,6,0.25,False,True,False
240,216-4,40763.375,"(42, 6)",taxation,6,0.25,False,True,False
240,105-4,33519.21875,"(45, 7)",taxation,6,0.25,False,True,False
240,217-4,22669.78125,"(48, 12)",taxation,6,0.25,False,True,False
240,66-4,40783.359375,"(38, 38)",taxation,6,0.25,False,True,False
240,159-4,29914.78125,"(37, 8)",taxation,6,0.25,False,True,False
240,75-5,26722.546875,"(5, 28)",taxation,6,0.25,False,True,False
241,131-3,49573.75,"(1, 42)",taxation,6,0.25,False,True,False
241,239-3,49594.625,"(2, 24)",taxation,6,0.25,False,True,False
241,3-3,30184.6875,"(28, 32)",taxation,6,0.25,False,True,False
241,177-3,49604.3125,"(40, 30)",taxation,6,0.25,False,True,False
241,138-3,51894.8125,"(46, 18)",taxation,6,0.25,False,True,False
241,191-3,56767.5625,"(29, 21)",taxation,6,0.25,False,True,False
241,240-4,13337.3125,"(38, 26)",taxation,6,0.25,False,True,False
241,20-3,47121.75,"(27, 42)",taxation,6,0.25,False,True,False
241,158-4,36269.0625,"(5, 23)",taxation,6,0.25,False,True,False
241,146-4,15767.3125,"(27, 32)",taxation,6,0.25,False,True,False
241,140-4,1268.0625,"(2, 30)",taxation,6,0.25,False,True,False
241,210-3,59150.5625,"(8, 49)",taxation,6,0.25,False,True,False
241,198-4,35661.71875,"(48, 22)",taxation,6,0.25,False,True,False
241,246-4,37484.3125,"(3, 31)",taxation,6,0.25,False,True,False
241,187-4,20572.1875,"(41, 16)",taxation,6,0.25,False,True,False
241,179-4,32684.53125,"(33, 21)",taxation,6,0.25,False,True,False
241,23-4,40471.5,"(48, 21)",taxation,6,0.25,False,True,False
241,31-4,44672.46875,"(0, 40)",taxation,6,0.25,False,True,False
241,150-3,42262.4375,"(42, 22)",taxation,6,0.25,False,True,False
241,12-3,47104.8125,"(34, 24)",taxation,6,0.25,False,True,False
241,98-4,20628.0625,"(2, 29)",taxation,6,0.25,False,True,False
241,126-3,49511.0625,"(43, 34)",taxation,6,0.25,False,True,False
241,176-4,1273.1875,"(44, 36)",taxation,6,0.25,False,True,False
241,28-4,34450.203125,"(20, 13)",taxation,6,0.25,False,True,False
241,154-4,18132.3125,"(38, 33)",taxation,6,0.25,False,True,False
241,40-4,41077.3125,"(45, 23)",taxation,6,0.25,False,True,False
241,1-4,29027.140625,"(1, 29)",taxation,6,0.25,False,True,False
241,76-4,37437.921875000015,"(23, 38)",taxation,6,0.25,False,True,False
241,67-3,37471.5625,"(48, 15)",taxation,6,0.25,False,True,False
241,182-4,39243.890625,"(36, 28)",taxation,6,0.25,False,True,False
241,241-4,35637.21875,"(12, 21)",taxation,6,0.25,False,True,False
241,149-4,33882.5625,"(0, 20)",taxation,6,0.25,False,True,False
241,17-4,41103.03125,"(13, 17)",taxation,6,0.25,False,True,False
241,0-4,26605.828125,"(14, 7)",taxation,6,0.25,False,True,False
241,22-4,42876.8125,"(48, 19)",taxation,6,0.25,False,True,False
241,10-4,39269.390625,"(7, 22)",taxation,6,0.25,False,True,False
241,242-4,17549.953125,"(3, 30)",taxation,6,0.25,False,True,False
241,142-4,24762.859375,"(35, 22)",taxation,6,0.25,False,True,False
241,189-4,33899.84375,"(38, 27)",taxation,6,0.25,False,True,False
241,63-4,35594.171875,"(36, 22)",taxation,6,0.25,False,True,False
241,165-4,44589.1875,"(35, 31)",taxation,6,0.25,False,True,False
241,94-4,13332.125,"(37, 26)",taxation,6,0.25,False,True,False
241,206-4,38010.328125,"(38, 34)",taxation,6,0.25,False,True,False
241,172-4,40997.484375,"(40, 34)",taxation,6,0.25,False,True,False
241,144-4,37434.90625,"(29, 11)",taxation,6,0.25,False,True,False
241,111-4,40998.515625,"(36, 27)",taxation,6,0.25,False,True,False
241,83-4,41013.671875,"(35, 8)",taxation,6,0.25,False,True,False
241,249-4,39267.5625,"(41, 24)",taxation,6,0.25,False,True,False
241,51-4,39239.40625,"(20, 25)",taxation,6,0.25,False,True,False
241,180-4,37442.265625,"(16, 16)",taxation,6,0.25,False,True,False
241,148-4,30155.953125,"(1, 27)",taxation,6,0.25,False,True,False
241,16-4,42846.34375,"(25, 34)",taxation,6,0.25,False,True,False
241,134-4,37418.25,"(37, 28)",taxation,6,0.25,False,True,False
241,73-4,39219.265625,"(38, 10)",taxation,6,0.25,False,True,False
241,54-4,37440.140625,"(4, 24)",taxation,6,0.25,False,True,False
241,38-4,39203.59375,"(47, 18)",taxation,6,0.25,False,True,False
241,6-4,42847.625,"(24, 25)",taxation,6,0.25,False,True,False
241,156-4,28315.96875,"(34, 26)",taxation,6,0.25,False,True,False
241,95-4,42835.65625,"(47, 15)",taxation,6,0.25,False,True,False
241,42-4,28427.21875,"(1, 44)",taxation,6,0.25,False,True,False
241,168-4,41015.15625,"(4, 37)",taxation,6,0.25,False,True,False
241,183-4,26570.796875,"(0, 27)",taxation,6,0.25,False,True,False
241,53-4,24747.765625,"(42, 25)",taxation,6,0.25,False,True,False
241,106-4,35610.859375,"(36, 14)",taxation,6,0.25,False,True,False
241,133-4,33825.1875,"(16, 13)",taxation,6,0.25,False,True,False
241,25-4,33785.6875,"(0, 36)",taxation,6,0.25,False,True,False
241,56-4,37440.171875,"(8, 23)",taxation,6,0.25,False,True,False
241,234-4,39165.34375,"(5, 33)",taxation,6,0.25,False,True,False
241,71-4,41041.203125,"(19, 19)",taxation,6,0.25,False,True,False
241,162-4,39189.15625,"(0, 29)",taxation,6,0.25,False,True,False
241,45-4,39175.109375,"(30, 33)",taxation,6,0.25,False,True,False
241,212-4,39255.609375,"(9, 22)",taxation,6,0.25,False,True,False
241,110-4,42799.3125,"(1, 26)",taxation,6,0.25,False,True,False
241,225-4,39210.421875,"(38, 24)",taxation,6,0.25,False,True,False
241,231-4,24729.109375,"(3, 24)",taxation,6,0.25,False,True,False
241,137-4,33761.53125,"(15, 21)",taxation,6,0.25,False,True,False
241,4-4,28361.515625,"(36, 9)",taxation,6,0.25,False,True,False
241,169-4,30160.4375,"(0, 26)",taxation,6,0.25,False,True,False
241,125-4,40947.125,"(7, 26)",taxation,6,0.25,False,True,False
241,122-4,31960.515625,"(0, 42)",taxation,6,0.25,False,True,False
241,226-4,37369.796875,"(43, 18)",taxation,6,0.25,False,True,False
241,5-4,17449.21875,"(37, 29)",taxation,6,0.25,False,True,False
241,209-4,42801.46875,"(35, 28)",taxation,6,0.25,False,True,False
241,205-4,19304.359375,"(40, 24)",taxation,6,0.25,False,True,False
241,130-4,40939.34375,"(41, 19)",taxation,6,0.25,False,True,False
241,91-4,41058.796875,"(16, 20)",taxation,6,0.25,False,True,False
241,214-4,24726.4375,"(16, 15)",taxation,6,0.25,False,True,False
241,196-4,26463.25,"(2, 43)",taxation,6,0.25,False,True,False
241,21-4,35571.015625,"(41, 30)",taxation,6,0.25,False,True,False
241,141-4,30144.53125,"(49, 18)",taxation,6,0.25,False,True,False
241,193-4,33750.84375,"(15, 8)",taxation,6,0.25,False,True,False
241,68-4,31926.984375,"(1, 33)",taxation,6,0.25,False,True,False
241,161-4,31911.875,"(45, 1)",taxation,6,0.25,False,True,False
241,147-4,37380.921875,"(3, 21)",taxation,6,0.25,False,True,False
241,175-4,31886.78125,"(1, 43)",taxation,6,0.25,False,True,False
241,55-4,40997.453125,"(37, 25)",taxation,6,0.25,False,True,False
241,50-4,42748.59375,"(38, 31)",taxation,6,0.25,False,True,False
241,113-4,39136.296875,"(1, 39)",taxation,6,0.25,False,True,False
241,201-4,26522.203125,"(0, 28)",taxation,6,0.25,False,True,False
241,102-4,26488.59375,"(2, 25)",taxation,6,0.25,False,True,False
241,112-4,40934.46875,"(4, 30)",taxation,6,0.25,False,True,False
241,41-4,40961.5,"(38, 12)",taxation,6,0.25,False,True,False
241,78-4,35568.515625,"(12, 11)",taxation,6,0.25,False,True,False
241,203-4,44575.765625,"(47, 13)",taxation,6,0.25,False,True,False
241,247-4,33741.5625,"(39, 32)",taxation,6,0.25,False,True,False
241,32-4,40936.359375,"(47, 14)",taxation,6,0.25,False,True,False
241,115-4,40933.484375,"(34, 22)",taxation,6,0.25,False,True,False
241,33-4,30090.703125,"(42, 30)",taxation,6,0.25,False,True,False
241,202-4,42746.375,"(42, 32)",taxation,6,0.25,False,True,False
241,155-4,39164.828125,"(38, 23)",taxation,6,0.25,False,True,False
241,207-4,30105.109375,"(26, 35)",taxation,6,0.25,False,True,False
241,145-4,39141.75,"(35, 23)",taxation,6,0.25,False,True,False
241,132-4,40958.484375,"(36, 23)",taxation,6,0.25,False,True,False
241,166-4,35491.578125,"(2, 31)",taxation,6,0.25,False,True,False
241,100-4,37354.671875,"(38, 29)",taxation,6,0.25,False,True,False
241,116-4,40954.84375,"(20, 24)",taxation,6,0.25,False,True,False
241,19-4,39147.75,"(20, 16)",taxation,6,0.25,False,True,False
241,233-4,35498.828125,"(6, 27)",taxation,6,0.25,False,True,False
241,64-4,37266.5,"(49, 19)",taxation,6,0.25,False,True,False
241,186-4,35536.640625,"(43, 15)",taxation,6,0.25,False,True,False
241,103-4,37322.40625,"(0, 39)",taxation,6,0.25,False,True,False
241,163-4,44511.125,"(41, 36)",taxation,6,0.25,False,True,False
241,221-4,35486.21875,"(15, 9)",taxation,6,0.25,False,True,False
241,86-4,37326.875,"(16, 18)",taxation,6,0.25,False,True,False
241,57-4,33702.765625,"(27, 31)",taxation,6,0.25,False,True,False
241,164-4,39154.828125,"(5, 46)",taxation,6,0.25,False,True,False
241,92-4,40922.1875,"(39, 24)",taxation,6,0.25,False,True,False
241,174-4,40926.84375,"(10, 41)",taxation,6,0.25,False,True,False
241,89-4,39098.296875,"(45, 22)",taxation,6,0.25,False,True,False
241,188-4,37322.34375,"(46, 21)",taxation,6,0.25,False,True,False
241,11-4,30074.890625,"(6, 46)",taxation,6,0.25,False,True,False
241,2-4,37356.859375,"(6, 26)",taxation,6,0.25,False,True,False
241,90-4,33693.90625,"(36, 19)",taxation,6,0.25,False,True,False
241,120-4,42740.875,"(6, 44)",taxation,6,0.25,False,True,False
241,48-4,39072.125,"(0, 32)",taxation,6,0.25,False,True,False
241,69-4,40882.90625,"(31, 19)",taxation,6,0.25,False,True,False
241,97-4,30040.484375,"(39, 30)",taxation,6,0.25,False,True,False
241,13-4,35506.515625,"(1, 40)",taxation,6,0.25,False,True,False
241,58-4,39080.90625,"(16, 12)",taxation,6,0.25,False,True,False
241,52-4,28250.328125,"(34, 23)",taxation,6,0.25,False,True,False
241,117-4,33660.21875,"(39, 29)",taxation,6,0.25,False,True,False
241,27-4,33657.546875,"(5, 25)",taxation,6,0.25,False,True,False
241,121-4,37326.0,"(0, 31)",taxation,6,0.25,False,True,False
241,107-4,40906.65625,"(3, 27)",taxation,6,0.25,False,True,False
241,85-4,33671.3125,"(43, 33)",taxation,6,0.25,False,True,False
241,237-4,30035.484375,"(41, 20)",taxation,6,0.25,False,True,False
241,18-4,42718.234375,"(42, 24)",taxation,6,0.25,False,True,False
241,96-4,42749.28125,"(4, 28)",taxation,6,0.25,False,True,False
241,160-4,33678.3125,"(13, 11)",taxation,6,0.25,False,True,False
241,37-4,39101.046875,"(43, 14)",taxation,6,0.25,False,True,False
241,30-4,42722.703125,"(37, 32)",taxation,6,0.25,False,True,False
241,235-4,37261.953125,"(3, 44)",taxation,6,0.25,False,True,False
241,80-4,40886.46875,"(44, 22)",taxation,6,0.25,False,True,False
241,14-4,10184.90625,"(5, 24)",taxation,6,0.25,False,True,False
241,104-4,35510.84375,"(33, 29)",taxation,6,0.25,False,True,False
241,184-4,37250.203125,"(14, 17)",taxation,6,0.25,False,True,False
241,229-4,40926.765625,"(40, 22)",taxation,6,0.25,False,True,False
241,136-4,29993.28125,"(11, 20)",taxation,6,0.25,False,True,False
241,232-4,22750.765625,"(40, 21)",taxation,6,0.25,False,True,False
241,7-4,28235.03125,"(44, 20)",taxation,6,0.25,False,True,False
241,248-4,37268.890625,"(47, 22)",taxation,6,0.25,False,True,False
241,61-4,44534.640625,"(12, 20)",taxation,6,0.25,False,True,False
241,88-4,37295.25,"(23, 21)",taxation,6,0.25,False,True,False
241,72-4,42674.40625,"(46, 2)",taxation,6,0.25,False,True,False
241,62-4,37280.59375,"(20, 14)",taxation,6,0.25,False,True,False
241,194-4,33633.96875,"(0, 38)",taxation,6,0.25,False,True,False
241,236-4,37260.203125,"(36, 34)",taxation,6,0.25,False,True,False
241,124-4,35408.140625,"(43, 32)",taxation,6,0.25,False,True,False
241,36-4,28223.578125,"(45, 21)",taxation,6,0.25,False,True,False
241,215-4,40897.96875,"(40, 27)",taxation,6,0.25,False,True,False
241,152-4,39067.640625,"(0, 25)",taxation,6,0.25,False,True,False
241,82-4,39073.09375,"(30, 28)",taxation,6,0.25,False,True,False
241,127-4,39082.125,"(32, 20)",taxation,6,0.25,False,True,False
241,47-4,26356.734375,"(8, 46)",taxation,6,0.25,False,True,False
241,223-4,26384.125,"(31, 30)",taxation,6,0.25,False,True,False
241,108-4,20973.515625,"(47, 11)",taxation,6,0.25,False,True,False
241,65-4,42655.203125,"(41, 7)",taxation,6,0.25,False,True,False
241,109-4,37241.40625,"(35, 19)",taxation,6,0.25,False,True,False
241,26-4,30021.171875,"(4, 32)",taxation,6,0.25,False,True,False
241,59-4,33666.953125,"(6, 24)",taxation,6,0.25,False,True,False
241,99-4,35432.953125,"(1, 25)",taxation,6,0.25,False,True,False
241,84-4,37260.46875,"(25, 26)",taxation,6,0.25,False,True,False
241,128-4,40877.6875,"(35, 33)",taxation,6,0.25,False,True,False
241,8-4,37264.1875,"(4, 27)",taxation,6,0.25,False,True,False
241,77-4,31799.34375,"(35, 30)",taxation,6,0.25,False,True,False
241,157-4,35426.890625,"(39, 27)",taxation,6,0.25,False,True,False
241,123-4,42623.171875,"(33, 35)",taxation,6,0.25,False,True,False
241,195-4,17323.453125,"(1, 31)",taxation,6,0.25,False,True,False
241,87-4,37219.96875,"(41, 13)",taxation,6,0.25,False,True,False
241,119-4,37242.8125,"(43, 22)",taxation,6,0.25,False,True,False
241,199-4,42655.1875,"(30, 18)",taxation,6,0.25,False,True,False
241,129-4,35450.375,"(0, 30)",taxation,6,0.25,False,True,False
241,43-4,37241.109375,"(38, 32)",taxation,6,0.25,False,True,False
241,190-4,37185.796875,"(8, 48)",taxation,6,0.25,False,True,False
241,46-4,26377.375,"(17, 14)",taxation,6,0.25,False,True,False
241,15-4,33610.546875,"(32, 27)",taxation,6,0.25,False,True,False
241,245-4,40806.546875,"(32, 32)",taxation,6,0.25,False,True,False
241,178-4,40811.140625,"(3, 29)",taxation,6,0.25,False,True,False
241,151-4,29951.140625,"(35, 24)",taxation,6,0.25,False,True,False
241,79-4,35419.640625,"(18, 14)",taxation,6,0.25,False,True,False
241,114-4,42649.984375,"(6, 38)",taxation,6,0.25,False,True,False
241,230-4,29968.5,"(30, 27)",taxation,6,0.25,False,True,False
241,224-4,31760.484375,"(46, 14)",taxation,6,0.25,False,True,False
241,93-4,17284.0,"(29, 30)",taxation,6,0.25,False,True,False
241,35-4,37195.40625,"(42, 19)",taxation,6,0.25,False,True,False
241,135-4,37189.546875,"(40, 36)",taxation,6,0.25,False,True,False
241,24-4,29980.59375,"(45, 14)",taxation,6,0.25,False,True,False
241,49-4,35410.65625,"(44, 17)",taxation,6,0.25,False,True,False
241,34-4,33565.125,"(28, 20)",taxation,6,0.25,False,True,False
241,60-4,38997.578125,"(31, 27)",taxation,6,0.25,False,True,False
241,220-4,40858.9375,"(32, 21)",taxation,6,0.25,False,True,False
241,227-4,40809.28125,"(31, 35)",taxation,6,0.25,False,True,False
241,228-5,22273.453125,"(3, 28)",taxation,6,0.25,False,True,False
241,218-4,42630.59375,"(41, 25)",taxation,6,0.25,False,True,False
241,181-4,37155.953125000015,"(47, 10)",taxation,6,0.25,False,True,False
241,39-4,26314.21875,"(0, 43)",taxation,6,0.25,False,True,False
241,81-4,35405.265625,"(31, 22)",taxation,6,0.25,False,True,False
241,9-4,31773.453125,"(27, 35)",taxation,6,0.25,False,True,False
241,244-4,42636.65625,"(2, 32)",taxation,6,0.25,False,True,False
241,118-4,40772.21875,"(34, 13)",taxation,6,0.25,False,True,False
241,204-4,40771.28125,"(8, 34)",taxation,6,0.25,False,True,False
241,101-4,37212.421875,"(38, 25)",taxation,6,0.25,False,True,False
241,243-4,35369.84375,"(2, 26)",taxation,6,0.25,False,True,False
241,153-4,19100.9375,"(37, 23)",taxation,6,0.25,False,True,False
241,208-5,29941.77734375,"(27, 21)",taxation,6,0.25,False,True,False
241,222-4,37182.09375,"(5, 30)",taxation,6,0.25,False,True,False
241,211-4,24496.609375,"(48, 18)",taxation,6,0.25,False,True,False
241,185-4,37231.34375,"(45, 20)",taxation,6,0.25,False,True,False
241,70-4,38967.75,"(4, 36)",taxation,6,0.25,False,True,False
241,139-5,33570.07421875,"(21, 15)",taxation,6,0.25,False,True,False
241,213-4,37187.96875,"(10, 21)",taxation,6,0.25,False,True,False
241,200-4,35382.625,"(44, 10)",taxation,6,0.25,False,True,False
241,173-5,8268.359375,"(0, 24)",taxation,6,0.25,False,True,False
241,238-4,37159.125,"(42, 31)",taxation,6,0.25,False,True,False
241,197-4,29937.640625,"(0, 41)",taxation,6,0.25,False,True,False
241,219-5,32629.984375,"(4, 25)",taxation,6,0.25,False,True,False
241,44-4,24498.0,"(0, 33)",taxation,6,0.25,False,True,False
241,74-5,32602.25,"(2, 44)",taxation,6,0.25,False,True,False
241,171-4,37154.53125,"(46, 22)",taxation,6,0.25,False,True,False
241,167-5,29461.30078125,"(40, 18)",taxation,6,0.25,False,True,False
241,192-4,33553.1875,"(33, 27)",taxation,6,0.25,False,True,False
241,29-4,37214.953125,"(32, 22)",taxation,6,0.25,False,True,False
241,216-4,40767.375,"(37, 10)",taxation,6,0.25,False,True,False
241,105-4,33523.21875,"(49, 13)",taxation,6,0.25,False,True,False
241,217-4,22674.78125,"(45, 15)",taxation,6,0.25,False,True,False
241,66-4,40791.359375,"(43, 35)",taxation,6,0.25,False,True,False
241,159-4,29919.78125,"(35, 13)",taxation,6,0.25,False,True,False
241,75-5,26731.546875,"(5, 29)",taxation,6,0.25,False,True,False
241,143-4,37164.984375,"(49, 22)",taxation,6,0.25,False,True,False
241,170-5,25871.05078125,"(33, 22)",taxation,6,0.25,False,True,False
242,131-3,49581.75,"(1, 45)",taxation,6,0.25,False,True,False
242,239-3,49602.625,"(7, 21)",taxation,6,0.25,False,True,False
242,191-3,56776.5625,"(29, 22)",taxation,6,0.25,False,True,False
242,240-4,13346.3125,"(34, 25)",taxation,6,0.25,False,True,False
242,20-3,47126.75,"(24, 37)",taxation,6,0.25,False,True,False
242,158-4,36277.0625,"(11, 24)",taxation,6,0.25,False,True,False
242,140-4,1271.0625,"(7, 29)",taxation,6,0.25,False,True,False
242,198-4,35670.71875,"(48, 28)",taxation,6,0.25,False,True,False
242,246-4,37488.3125,"(9, 34)",taxation,6,0.25,False,True,False
242,187-4,20580.1875,"(41, 22)",taxation,6,0.25,False,True,False
242,179-4,32693.53125,"(32, 24)",taxation,6,0.25,False,True,False
242,23-4,40480.5,"(49, 27)",taxation,6,0.25,False,True,False
242,31-4,44680.46875,"(1, 46)",taxation,6,0.25,False,True,False
242,150-3,42271.4375,"(44, 26)",taxation,6,0.25,False,True,False
242,12-3,47112.8125,"(30, 22)",taxation,6,0.25,False,True,False
242,98-4,20631.0625,"(8, 28)",taxation,6,0.25,False,True,False
242,126-3,49520.0625,"(45, 33)",taxation,6,0.25,False,True,False
242,176-4,1282.1875,"(44, 33)",taxation,6,0.25,False,True,False
242,28-4,34458.203125,"(19, 12)",taxation,6,0.25,False,True,False
242,154-4,18141.3125,"(41, 29)",taxation,6,0.25,False,True,False
242,40-4,41086.3125,"(45, 24)",taxation,6,0.25,False,True,False
242,1-4,29030.140625,"(7, 32)",taxation,6,0.25,False,True,False
242,76-4,37443.921875000015,"(26, 34)",taxation,6,0.25,False,True,False
242,67-3,37478.5625,"(47, 21)",taxation,6,0.25,False,True,False
242,182-4,39251.890625,"(42, 33)",taxation,6,0.25,False,True,False
242,241-4,35645.21875,"(12, 22)",taxation,6,0.25,False,True,False
242,149-4,33886.5625,"(6, 19)",taxation,6,0.25,False,True,False
242,17-4,41111.03125,"(13, 16)",taxation,6,0.25,False,True,False
242,0-4,26613.828125,"(15, 7)",taxation,6,0.25,False,True,False
242,22-4,42884.8125,"(48, 24)",taxation,6,0.25,False,True,False
242,10-4,39278.390625,"(8, 22)",taxation,6,0.25,False,True,False
242,242-4,17554.953125,"(9, 28)",taxation,6,0.25,False,True,False
242,142-4,24770.859375,"(35, 20)",taxation,6,0.25,False,True,False
242,189-4,33907.84375,"(42, 28)",taxation,6,0.25,False,True,False
242,63-4,35603.171875,"(30, 24)",taxation,6,0.25,False,True,False
242,165-4,44598.1875,"(35, 27)",taxation,6,0.25,False,True,False
242,94-4,13341.125,"(31, 25)",taxation,6,0.25,False,True,False
242,206-4,38018.328125,"(42, 34)",taxation,6,0.25,False,True,False
242,172-4,41006.484375,"(44, 34)",taxation,6,0.25,False,True,False
242,144-4,37442.90625,"(23, 15)",taxation,6,0.25,False,True,False
242,111-4,41006.515625,"(39, 31)",taxation,6,0.25,False,True,False
242,83-4,41019.671875,"(30, 12)",taxation,6,0.25,False,True,False
242,249-4,39276.5625,"(47, 29)",taxation,6,0.25,False,True,False
242,51-4,39248.40625,"(18, 24)",taxation,6,0.25,False,True,False
242,180-4,37451.265625,"(16, 21)",taxation,6,0.25,False,True,False
242,148-4,30158.953125,"(7, 33)",taxation,6,0.25,False,True,False
242,16-4,42854.34375,"(28, 29)",taxation,6,0.25,False,True,False
242,134-4,37426.25,"(36, 29)",taxation,6,0.25,False,True,False
242,73-4,39225.265625,"(33, 14)",taxation,6,0.25,False,True,False
242,54-4,37449.140625,"(6, 25)",taxation,6,0.25,False,True,False
242,38-4,39211.59375,"(47, 24)",taxation,6,0.25,False,True,False
242,6-4,42855.625,"(24, 24)",taxation,6,0.25,False,True,False
242,156-4,28324.96875,"(32, 25)",taxation,6,0.25,False,True,False
242,95-4,42841.65625,"(47, 20)",taxation,6,0.25,False,True,False
242,42-4,28435.21875,"(1, 47)",taxation,6,0.25,False,True,False
242,168-4,41024.15625,"(5, 32)",taxation,6,0.25,False,True,False
242,183-4,26574.796875,"(4, 21)",taxation,6,0.25,False,True,False
242,53-4,24756.765625,"(43, 25)",taxation,6,0.25,False,True,False
242,106-4,35617.859375,"(32, 18)",taxation,6,0.25,False,True,False
242,133-4,33833.1875,"(17, 12)",taxation,6,0.25,False,True,False
242,25-4,33793.6875,"(6, 36)",taxation,6,0.25,False,True,False
242,56-4,37449.171875,"(8, 24)",taxation,6,0.25,False,True,False
242,234-4,39174.34375,"(11, 29)",taxation,6,0.25,False,True,False
242,71-4,41050.203125,"(18, 21)",taxation,6,0.25,False,True,False
242,162-4,39191.15625,"(4, 29)",taxation,6,0.25,False,True,False
242,45-4,39183.109375,"(29, 29)",taxation,6,0.25,False,True,False
242,212-4,39264.609375,"(10, 26)",taxation,6,0.25,False,True,False
242,110-4,42804.3125,"(6, 20)",taxation,6,0.25,False,True,False
242,225-4,39219.421875,"(37, 27)",taxation,6,0.25,False,True,False
242,231-4,24737.109375,"(9, 19)",taxation,6,0.25,False,True,False
242,137-4,33770.53125,"(15, 22)",taxation,6,0.25,False,True,False
242,4-4,28367.515625,"(34, 15)",taxation,6,0.25,False,True,False
242,169-4,30164.4375,"(5, 20)",taxation,6,0.25,False,True,False
242,125-4,40956.125,"(8, 26)",taxation,6,0.25,False,True,False
242,122-4,31968.515625,"(0, 46)",taxation,6,0.25,False,True,False
242,226-4,37377.796875,"(41, 23)",taxation,6,0.25,False,True,False
242,5-4,17458.21875,"(38, 28)",taxation,6,0.25,False,True,False
242,209-4,42810.46875,"(35, 26)",taxation,6,0.25,False,True,False
242,205-4,19313.359375,"(40, 28)",taxation,6,0.25,False,True,False
242,130-4,40949.34375,"(40, 25)",taxation,6,0.25,False,True,False
242,91-4,41067.796875,"(16, 19)",taxation,6,0.25,False,True,False
242,214-4,24734.4375,"(16, 17)",taxation,6,0.25,False,True,False
242,196-4,26471.25,"(4, 42)",taxation,6,0.25,False,True,False
242,21-4,35580.015625,"(43, 31)",taxation,6,0.25,False,True,False
242,141-4,30152.53125,"(49, 23)",taxation,6,0.25,False,True,False
242,193-4,33758.84375,"(16, 8)",taxation,6,0.25,False,True,False
242,68-4,31929.984375,"(6, 35)",taxation,6,0.25,False,True,False
242,161-4,31915.875,"(40, 6)",taxation,6,0.25,False,True,False
242,147-4,37389.921875,"(9, 26)",taxation,6,0.25,False,True,False
242,175-4,31894.78125,"(2, 46)",taxation,6,0.25,False,True,False
242,55-4,41006.453125,"(36, 26)",taxation,6,0.25,False,True,False
242,50-4,42756.59375,"(41, 31)",taxation,6,0.25,False,True,False
242,113-4,39143.296875,"(6, 42)",taxation,6,0.25,False,True,False
242,201-4,26531.203125,"(6, 23)",taxation,6,0.25,False,True,False
242,102-4,26496.59375,"(8, 20)",taxation,6,0.25,False,True,False
242,112-4,40943.46875,"(7, 30)",taxation,6,0.25,False,True,False
242,41-4,40968.5,"(33, 18)",taxation,6,0.25,False,True,False
242,78-4,35576.515625,"(16, 11)",taxation,6,0.25,False,True,False
242,203-4,44581.765625,"(45, 18)",taxation,6,0.25,False,True,False
242,247-4,33750.5625,"(39, 28)",taxation,6,0.25,False,True,False
242,32-4,40943.359375,"(48, 20)",taxation,6,0.25,False,True,False
242,115-4,40942.484375,"(33, 23)",taxation,6,0.25,False,True,False
242,33-4,30099.703125,"(44, 31)",taxation,6,0.25,False,True,False
242,202-4,42755.375,"(44, 32)",taxation,6,0.25,False,True,False
242,155-4,39174.828125,"(39, 25)",taxation,6,0.25,False,True,False
242,207-4,30112.109375,"(26, 30)",taxation,6,0.25,False,True,False
242,145-4,39150.75,"(36, 24)",taxation,6,0.25,False,True,False
242,132-4,40965.484375,"(37, 22)",taxation,6,0.25,False,True,False
242,166-4,35500.578125,"(8, 29)",taxation,6,0.25,False,True,False
242,100-4,37362.671875,"(42, 29)",taxation,6,0.25,False,True,False
242,116-4,40963.84375,"(18, 23)",taxation,6,0.25,False,True,False
242,19-4,39156.75,"(16, 22)",taxation,6,0.25,False,True,False
242,233-4,35507.828125,"(12, 29)",taxation,6,0.25,False,True,False
242,64-4,37274.5,"(47, 23)",taxation,6,0.25,False,True,False
242,186-4,35543.640625,"(43, 21)",taxation,6,0.25,False,True,False
242,103-4,37329.40625,"(3, 42)",taxation,6,0.25,False,True,False
242,163-4,44520.125,"(46, 31)",taxation,6,0.25,False,True,False
242,221-4,35494.21875,"(16, 9)",taxation,6,0.25,False,True,False
242,86-4,37334.875,"(17, 18)",taxation,6,0.25,False,True,False
242,57-4,33711.765625,"(26, 25)",taxation,6,0.25,False,True,False
242,164-4,39162.828125,"(2, 48)",taxation,6,0.25,False,True,False
242,92-4,40931.1875,"(41, 28)",taxation,6,0.25,False,True,False
242,174-4,40934.84375,"(5, 45)",taxation,6,0.25,False,True,False
242,89-4,39107.296875,"(46, 24)",taxation,6,0.25,False,True,False
242,188-4,37331.34375,"(45, 27)",taxation,6,0.25,False,True,False
242,11-4,30082.890625,"(4, 46)",taxation,6,0.25,False,True,False
242,2-4,37365.859375,"(11, 27)",taxation,6,0.25,False,True,False
242,90-4,33701.90625,"(31, 20)",taxation,6,0.25,False,True,False
242,120-4,42748.875,"(5, 44)",taxation,6,0.25,False,True,False
242,48-4,39075.125,"(6, 32)",taxation,6,0.25,False,True,False
242,69-4,40891.90625,"(32, 23)",taxation,6,0.25,False,True,False
242,97-4,30049.484375,"(43, 30)",taxation,6,0.25,False,True,False
242,13-4,35514.515625,"(0, 45)",taxation,6,0.25,False,True,False
242,58-4,39089.90625,"(15, 17)",taxation,6,0.25,False,True,False
242,52-4,28258.328125,"(31, 21)",taxation,6,0.25,False,True,False
242,117-4,33669.21875,"(44, 29)",taxation,6,0.25,False,True,False
242,27-4,33666.546875,"(10, 25)",taxation,6,0.25,False,True,False
242,121-4,37335.0,"(5, 31)",taxation,6,0.25,False,True,False
242,107-4,40910.65625,"(5, 21)",taxation,6,0.25,False,True,False
242,85-4,33680.3125,"(45, 31)",taxation,6,0.25,False,True,False
242,237-4,30044.484375,"(44, 24)",taxation,6,0.25,False,True,False
242,18-4,42727.234375,"(43, 27)",taxation,6,0.25,False,True,False
242,96-4,42757.28125,"(10, 28)",taxation,6,0.25,False,True,False
242,160-4,33686.3125,"(16, 10)",taxation,6,0.25,False,True,False
242,37-4,39107.046875,"(44, 18)",taxation,6,0.25,False,True,False
242,30-4,42730.703125,"(37, 30)",taxation,6,0.25,False,True,False
242,235-4,37269.953125,"(3, 46)",taxation,6,0.25,False,True,False
242,80-4,40895.46875,"(46, 28)",taxation,6,0.25,False,True,False
242,14-4,10193.90625,"(9, 24)",taxation,6,0.25,False,True,False
242,104-4,35519.84375,"(33, 26)",taxation,6,0.25,False,True,False
242,184-4,37258.203125,"(14, 18)",taxation,6,0.25,False,True,False
242,229-4,40935.765625,"(44, 27)",taxation,6,0.25,False,True,False
242,136-4,30002.28125,"(16, 23)",taxation,6,0.25,False,True,False
242,232-4,22758.765625,"(40, 23)",taxation,6,0.25,False,True,False
242,7-4,28244.03125,"(44, 25)",taxation,6,0.25,False,True,False
242,248-4,37277.890625,"(46, 27)",taxation,6,0.25,False,True,False
242,61-4,44542.640625,"(13, 20)",taxation,6,0.25,False,True,False
242,88-4,37304.25,"(25, 25)",taxation,6,0.25,False,True,False
242,72-4,42677.40625,"(45, 2)",taxation,6,0.25,False,True,False
242,62-4,37289.59375,"(15, 18)",taxation,6,0.25,False,True,False
242,194-4,33639.96875,"(5, 42)",taxation,6,0.25,False,True,False
242,236-4,37268.203125,"(41, 35)",taxation,6,0.25,False,True,False
242,124-4,35417.140625,"(45, 32)",taxation,6,0.25,False,True,False
242,36-4,28231.578125,"(44, 23)",taxation,6,0.25,False,True,False
242,215-4,40906.96875,"(44, 30)",taxation,6,0.25,False,True,False
242,152-4,39070.640625,"(3, 20)",taxation,6,0.25,False,True,False
242,82-4,39081.09375,"(29, 27)",taxation,6,0.25,False,True,False
242,127-4,39091.125,"(30, 23)",taxation,6,0.25,False,True,False
242,47-4,26364.734375,"(2, 47)",taxation,6,0.25,False,True,False
242,223-4,26393.125,"(32, 26)",taxation,6,0.25,False,True,False
242,108-4,20978.515625,"(41, 14)",taxation,6,0.25,False,True,False
242,65-4,42660.203125,"(37, 11)",taxation,6,0.25,False,True,False
242,109-4,37250.40625,"(33, 24)",taxation,6,0.25,False,True,False
242,26-4,30030.171875,"(10, 27)",taxation,6,0.25,False,True,False
242,59-4,33675.953125,"(8, 25)",taxation,6,0.25,False,True,False
242,99-4,35437.953125,"(6, 21)",taxation,6,0.25,False,True,False
242,84-4,37268.46875,"(27, 26)",taxation,6,0.25,False,True,False
242,128-4,40885.6875,"(37, 31)",taxation,6,0.25,False,True,False
242,8-4,37273.1875,"(7, 24)",taxation,6,0.25,False,True,False
242,77-4,31807.34375,"(41, 32)",taxation,6,0.25,False,True,False
242,157-4,35436.890625,"(39, 26)",taxation,6,0.25,False,True,False
242,123-4,42630.171875,"(35, 32)",taxation,6,0.25,False,True,False
242,195-4,17326.453125,"(7, 34)",taxation,6,0.25,False,True,False
242,87-4,37226.96875,"(40, 19)",taxation,6,0.25,False,True,False
242,119-4,37251.8125,"(45, 25)",taxation,6,0.25,False,True,False
242,199-4,42663.1875,"(30, 20)",taxation,6,0.25,False,True,False
242,129-4,35452.375,"(3, 32)",taxation,6,0.25,False,True,False
242,43-4,37251.109375,"(40, 26)",taxation,6,0.25,False,True,False
242,190-4,37193.796875,"(4, 49)",taxation,6,0.25,False,True,False
242,46-4,26385.375,"(19, 14)",taxation,6,0.25,False,True,False
242,15-4,33618.546875,"(29, 26)",taxation,6,0.25,False,True,False
242,245-4,40815.546875,"(26, 26)",taxation,6,0.25,False,True,False
242,178-4,40815.140625,"(9, 31)",taxation,6,0.25,False,True,False
242,151-4,29960.140625,"(35, 25)",taxation,6,0.25,False,True,False
242,79-4,35427.640625,"(18, 15)",taxation,6,0.25,False,True,False
242,114-4,42657.984375,"(5, 43)",taxation,6,0.25,False,True,False
242,230-4,29977.5,"(30, 26)",taxation,6,0.25,False,True,False
242,224-4,31767.484375,"(46, 20)",taxation,6,0.25,False,True,False
242,93-4,17292.0,"(28, 26)",taxation,6,0.25,False,True,False
242,35-4,37203.40625,"(42, 23)",taxation,6,0.25,False,True,False
242,135-4,37198.546875,"(46, 30)",taxation,6,0.25,False,True,False
242,24-4,29987.59375,"(49, 20)",taxation,6,0.25,False,True,False
242,49-4,35417.65625,"(49, 21)",taxation,6,0.25,False,True,False
242,34-4,33573.125,"(28, 19)",taxation,6,0.25,False,True,False
242,60-4,39006.578125,"(31, 26)",taxation,6,0.25,False,True,False
242,220-4,40866.9375,"(29, 23)",taxation,6,0.25,False,True,False
242,227-4,40816.28125,"(28, 31)",taxation,6,0.25,False,True,False
242,228-5,22277.453125,"(9, 30)",taxation,6,0.25,False,True,False
242,218-4,42639.59375,"(45, 29)",taxation,6,0.25,False,True,False
242,181-4,37159.953125000015,"(45, 11)",taxation,6,0.25,False,True,False
242,39-4,26322.21875,"(0, 47)",taxation,6,0.25,False,True,False
242,81-4,35414.265625,"(31, 23)",taxation,6,0.25,False,True,False
242,9-4,31780.453125,"(27, 30)",taxation,6,0.25,False,True,False
242,244-4,42639.65625,"(6, 31)",taxation,6,0.25,False,True,False
242,118-4,40780.21875,"(30, 19)",taxation,6,0.25,False,True,False
242,204-4,40780.28125,"(12, 31)",taxation,6,0.25,False,True,False
242,101-4,37221.421875,"(33, 25)",taxation,6,0.25,False,True,False
242,243-4,35378.84375,"(3, 25)",taxation,6,0.25,False,True,False
242,153-4,19109.9375,"(36, 25)",taxation,6,0.25,False,True,False
242,208-5,29950.77734375,"(28, 21)",taxation,6,0.25,False,True,False
242,222-4,37191.09375,"(11, 28)",taxation,6,0.25,False,True,False
242,211-4,24505.609375,"(49, 24)",taxation,6,0.25,False,True,False
242,185-4,37239.34375,"(43, 23)",taxation,6,0.25,False,True,False
242,70-4,38975.75,"(4, 41)",taxation,6,0.25,False,True,False
242,139-5,33579.07421875,"(18, 19)",taxation,6,0.25,False,True,False
242,213-4,37196.96875,"(9, 23)",taxation,6,0.25,False,True,False
242,200-4,35387.625,"(42, 14)",taxation,6,0.25,False,True,False
242,173-5,8276.359375,"(5, 22)",taxation,6,0.25,False,True,False
242,238-4,37168.125,"(46, 29)",taxation,6,0.25,False,True,False
242,197-4,29945.640625,"(0, 44)",taxation,6,0.25,False,True,False
242,219-5,32638.984375,"(10, 24)",taxation,6,0.25,False,True,False
242,44-4,24501.0,"(6, 37)",taxation,6,0.25,False,True,False
242,74-5,32610.25,"(2, 45)",taxation,6,0.25,False,True,False
242,171-4,37163.53125,"(46, 25)",taxation,6,0.25,False,True,False
242,167-5,29470.30078125,"(37, 24)",taxation,6,0.25,False,True,False
242,192-4,33561.1875,"(30, 25)",taxation,6,0.25,False,True,False
242,29-4,37223.953125,"(31, 24)",taxation,6,0.25,False,True,False
242,216-4,40773.375,"(32, 13)",taxation,6,0.25,False,True,False
242,105-4,33529.21875,"(47, 19)",taxation,6,0.25,False,True,False
242,217-4,22681.78125,"(44, 21)",taxation,6,0.25,False,True,False
242,66-4,40800.359375,"(45, 30)",taxation,6,0.25,False,True,False
242,159-4,29927.78125,"(29, 19)",taxation,6,0.25,False,True,False
242,75-5,26739.546875,"(11, 26)",taxation,6,0.25,False,True,False
242,143-4,37173.984375,"(48, 25)",taxation,6,0.25,False,True,False
242,170-5,25879.05078125,"(30, 21)",taxation,6,0.25,False,True,False
242,138-4,38927.109375,"(46, 23)",taxation,6,0.25,False,True,False
242,210-4,44368.921875,"(3, 47)",taxation,6,0.25,False,True,False
242,3-4,22644.515625,"(29, 28)",taxation,6,0.25,False,True,False
242,146-5,11831.484375,"(28, 27)",taxation,6,0.25,False,True,False
242,177-4,37209.234375,"(43, 29)",taxation,6,0.25,False,True,False
243,191-3,56785.5625,"(24, 22)",taxation,6,0.25,False,True,False
243,240-4,13355.3125,"(29, 24)",taxation,6,0.25,False,True,False
243,20-3,47133.75,"(25, 33)",taxation,6,0.25,False,True,False
243,158-4,36286.0625,"(15, 23)",taxation,6,0.25,False,True,False
243,140-4,1279.0625,"(13, 27)",taxation,6,0.25,False,True,False
243,198-4,35677.71875,"(45, 34)",taxation,6,0.25,False,True,False
243,246-4,37496.3125,"(15, 29)",taxation,6,0.25,False,True,False
243,187-4,20586.1875,"(36, 16)",taxation,6,0.25,False,True,False
243,179-4,32701.53125,"(26, 21)",taxation,6,0.25,False,True,False
243,23-4,40489.5,"(49, 30)",taxation,6,0.25,False,True,False
243,31-4,44688.46875,"(0, 48)",taxation,6,0.25,False,True,False
243,150-3,42278.4375,"(46, 32)",taxation,6,0.25,False,True,False
243,12-3,47120.8125,"(27, 20)",taxation,6,0.25,False,True,False
243,98-4,20640.0625,"(14, 24)",taxation,6,0.25,False,True,False
243,126-3,49529.0625,"(46, 35)",taxation,6,0.25,False,True,False
243,176-4,1292.1875,"(47, 31)",taxation,6,0.25,False,True,False
243,28-4,34467.203125,"(19, 9)",taxation,6,0.25,False,True,False
243,40-4,41090.3125,"(39, 19)",taxation,6,0.25,False,True,False
243,1-4,29036.140625,"(12, 32)",taxation,6,0.25,False,True,False
243,76-4,37451.921875000015,"(24, 28)",taxation,6,0.25,False,True,False
243,67-3,37487.5625,"(48, 26)",taxation,6,0.25,False,True,False
243,182-4,39260.890625,"(43, 36)",taxation,6,0.25,False,True,False
243,241-4,35653.21875,"(14, 22)",taxation,6,0.25,False,True,False
243,149-4,33894.5625,"(12, 18)",taxation,6,0.25,False,True,False
243,17-4,41120.03125,"(13, 15)",taxation,6,0.25,False,True,False
243,0-4,26622.828125,"(16, 7)",taxation,6,0.25,False,True,False
243,22-4,42892.8125,"(46, 26)",taxation,6,0.25,False,True,False
243,10-4,39286.390625,"(13, 22)",taxation,6,0.25,False,True,False
243,242-4,17561.953125,"(12, 24)",taxation,6,0.25,False,True,False
243,142-4,24777.859375,"(33, 17)",taxation,6,0.25,False,True,False
243,189-4,33915.84375,"(47, 32)",taxation,6,0.25,False,True,False
243,63-4,35612.171875,"(24, 21)",taxation,6,0.25,False,True,False
243,165-4,44605.1875,"(29, 32)",taxation,6,0.25,False,True,False
243,94-4,13349.125,"(25, 21)",taxation,6,0.25,False,True,False
243,206-4,38027.328125,"(48, 34)",taxation,6,0.25,False,True,False
243,172-4,41015.484375,"(45, 36)",taxation,6,0.25,False,True,False
243,144-4,37451.90625,"(23, 16)",taxation,6,0.25,False,True,False
243,111-4,41014.515625,"(41, 34)",taxation,6,0.25,False,True,False
243,83-4,41028.671875,"(24, 17)",taxation,6,0.25,False,True,False
243,249-4,39285.5625,"(49, 33)",taxation,6,0.25,False,True,False
243,51-4,39257.40625,"(17, 24)",taxation,6,0.25,False,True,False
243,180-4,37460.265625,"(17, 21)",taxation,6,0.25,False,True,False
243,148-4,30165.953125,"(13, 28)",taxation,6,0.25,False,True,False
243,16-4,42862.34375,"(25, 30)",taxation,6,0.25,False,True,False
243,134-4,37433.25,"(34, 33)",taxation,6,0.25,False,True,False
243,73-4,39233.265625,"(30, 17)",taxation,6,0.25,False,True,False
243,54-4,37457.140625,"(12, 25)",taxation,6,0.25,False,True,False
243,38-4,39219.59375,"(47, 26)",taxation,6,0.25,False,True,False
243,6-4,42864.625,"(23, 20)",taxation,6,0.25,False,True,False
243,156-4,28332.96875,"(27, 24)",taxation,6,0.25,False,True,False
243,95-4,42844.65625,"(42, 16)",taxation,6,0.25,False,True,False
243,42-4,28443.21875,"(1, 49)",taxation,6,0.25,False,True,False
243,168-4,41030.15625,"(11, 30)",taxation,6,0.25,False,True,False
243,183-4,26582.796875,"(10, 22)",taxation,6,0.25,False,True,False
243,53-4,24764.765625,"(48, 30)",taxation,6,0.25,False,True,False
243,106-4,35625.859375,"(28, 16)",taxation,6,0.25,False,True,False
243,133-4,33842.1875,"(18, 10)",taxation,6,0.25,False,True,False
243,25-4,33799.6875,"(12, 38)",taxation,6,0.25,False,True,False
243,56-4,37457.171875,"(13, 25)",taxation,6,0.25,False,True,False
243,234-4,39182.34375,"(14, 26)",taxation,6,0.25,False,True,False
243,71-4,41059.203125,"(20, 21)",taxation,6,0.25,False,True,False
243,162-4,39197.15625,"(10, 30)",taxation,6,0.25,False,True,False
243,45-4,39192.109375,"(24, 23)",taxation,6,0.25,False,True,False
243,212-4,39273.609375,"(16, 25)",taxation,6,0.25,False,True,False
243,110-4,42811.3125,"(11, 21)",taxation,6,0.25,False,True,False
243,225-4,39227.421875,"(36, 33)",taxation,6,0.25,False,True,False
243,231-4,24746.109375,"(11, 17)",taxation,6,0.25,False,True,False
243,137-4,33779.53125,"(20, 22)",taxation,6,0.25,False,True,False
243,4-4,28374.515625,"(33, 15)",taxation,6,0.25,False,True,False
243,169-4,30171.4375,"(10, 18)",taxation,6,0.25,False,True,False
243,125-4,40963.125,"(11, 23)",taxation,6,0.25,False,True,False
243,122-4,31976.515625,"(2, 49)",taxation,6,0.25,False,True,False
243,226-4,37383.796875,"(39, 20)",taxation,6,0.25,False,True,False
243,5-4,17466.21875,"(42, 27)",taxation,6,0.25,False,True,False
243,209-4,42817.46875,"(34, 30)",taxation,6,0.25,False,True,False
243,205-4,19322.359375,"(43, 28)",taxation,6,0.25,False,True,False
243,130-4,40956.34375,"(39, 21)",taxation,6,0.25,False,True,False
243,91-4,41076.796875,"(15, 19)",taxation,6,0.25,False,True,False
243,214-4,24743.4375,"(20, 18)",taxation,6,0.25,False,True,False
243,196-4,26479.25,"(7, 48)",taxation,6,0.25,False,True,False
243,21-4,35590.015625,"(48, 29)",taxation,6,0.25,False,True,False
243,141-4,30154.53125,"(45, 19)",taxation,6,0.25,False,True,False
243,193-4,33767.84375,"(15, 6)",taxation,6,0.25,False,True,False
243,68-4,31935.984375,"(7, 41)",taxation,6,0.25,False,True,False
243,161-4,31921.875,"(35, 9)",taxation,6,0.25,False,True,False
243,147-4,37399.921875,"(13, 31)",taxation,6,0.25,False,True,False
243,175-4,31901.78125,"(4, 48)",taxation,6,0.25,False,True,False
243,55-4,41013.453125,"(40, 32)",taxation,6,0.25,False,True,False
243,50-4,42764.59375,"(42, 36)",taxation,6,0.25,False,True,False
243,113-4,39150.296875,"(4, 44)",taxation,6,0.25,False,True,False
243,201-4,26539.203125,"(10, 23)",taxation,6,0.25,False,True,False
243,102-4,26504.59375,"(14, 21)",taxation,6,0.25,False,True,False
243,112-4,40953.46875,"(13, 29)",taxation,6,0.25,False,True,False
243,41-4,40976.5,"(28, 17)",taxation,6,0.25,False,True,False
243,78-4,35585.515625,"(19, 8)",taxation,6,0.25,False,True,False
243,203-4,44587.765625,"(39, 15)",taxation,6,0.25,False,True,False
243,247-4,33757.5625,"(39, 33)",taxation,6,0.25,False,True,False
243,32-4,40946.359375,"(48, 16)",taxation,6,0.25,False,True,False
243,115-4,40950.484375,"(27, 22)",taxation,6,0.25,False,True,False
243,33-4,30108.703125,"(45, 28)",taxation,6,0.25,False,True,False
243,202-4,42764.375,"(48, 35)",taxation,6,0.25,False,True,False
243,155-4,39181.828125,"(41, 26)",taxation,6,0.25,False,True,False
243,207-4,30120.109375,"(23, 28)",taxation,6,0.25,False,True,False
243,145-4,39156.75,"(37, 21)",taxation,6,0.25,False,True,False
243,132-4,40973.484375,"(43, 26)",taxation,6,0.25,False,True,False
243,166-4,35509.578125,"(12, 28)",taxation,6,0.25,False,True,False
243,100-4,37364.671875,"(38, 30)",taxation,6,0.25,False,True,False
243,116-4,40972.84375,"(19, 23)",taxation,6,0.25,False,True,False
243,19-4,39165.75,"(19, 22)",taxation,6,0.25,False,True,False
243,233-4,35515.828125,"(16, 30)",taxation,6,0.25,False,True,False
243,64-4,37283.5,"(47, 25)",taxation,6,0.25,False,True,False
243,186-4,35549.640625,"(39, 16)",taxation,6,0.25,False,True,False
243,103-4,37337.40625,"(7, 45)",taxation,6,0.25,False,True,False
243,163-4,44529.125,"(49, 34)",taxation,6,0.25,False,True,False
243,221-4,35503.21875,"(17, 9)",taxation,6,0.25,False,True,False
243,86-4,37343.875,"(18, 17)",taxation,6,0.25,False,True,False
243,57-4,33720.765625,"(20, 23)",taxation,6,0.25,False,True,False
243,164-4,39170.828125,"(3, 49)",taxation,6,0.25,False,True,False
243,92-4,40939.1875,"(41, 33)",taxation,6,0.25,False,True,False
243,174-4,40942.84375,"(6, 48)",taxation,6,0.25,False,True,False
243,89-4,39113.296875,"(40, 29)",taxation,6,0.25,False,True,False
243,188-4,37340.34375,"(49, 32)",taxation,6,0.25,False,True,False
243,11-4,30090.890625,"(5, 47)",taxation,6,0.25,False,True,False
243,2-4,37374.859375,"(16, 24)",taxation,6,0.25,False,True,False
243,90-4,33709.90625,"(27, 19)",taxation,6,0.25,False,True,False
243,120-4,42756.875,"(7, 47)",taxation,6,0.25,False,True,False
243,48-4,39082.125,"(12, 26)",taxation,6,0.25,False,True,False
243,69-4,40899.90625,"(26, 22)",taxation,6,0.25,False,True,False
243,97-4,30058.484375,"(48, 33)",taxation,6,0.25,False,True,False
243,13-4,35522.515625,"(5, 49)",taxation,6,0.25,False,True,False
243,58-4,39098.90625,"(17, 17)",taxation,6,0.25,False,True,False
243,52-4,28267.328125,"(26, 20)",taxation,6,0.25,False,True,False
243,117-4,33679.21875,"(47, 30)",taxation,6,0.25,False,True,False
243,27-4,33675.546875,"(14, 25)",taxation,6,0.25,False,True,False
243,121-4,37340.0,"(10, 31)",taxation,6,0.25,False,True,False
243,107-4,40917.65625,"(11, 22)",taxation,6,0.25,False,True,False
243,85-4,33688.3125,"(47, 34)",taxation,6,0.25,False,True,False
243,237-4,30054.484375,"(49, 28)",taxation,6,0.25,False,True,False
243,18-4,42736.234375,"(47, 27)",taxation,6,0.25,False,True,False
243,96-4,42765.28125,"(13, 26)",taxation,6,0.25,False,True,False
243,160-4,33695.3125,"(17, 11)",taxation,6,0.25,False,True,False
243,37-4,39113.046875,"(40, 15)",taxation,6,0.25,False,True,False
243,30-4,42738.703125,"(39, 35)",taxation,6,0.25,False,True,False
243,235-4,37277.953125,"(5, 48)",taxation,6,0.25,False,True,False
243,80-4,40904.46875,"(48, 27)",taxation,6,0.25,False,True,False
243,14-4,10202.90625,"(14, 20)",taxation,6,0.25,False,True,False
243,104-4,35527.84375,"(36, 30)",taxation,6,0.25,False,True,False
243,184-4,37267.203125,"(19, 16)",taxation,6,0.25,False,True,False
243,229-4,40944.765625,"(44, 28)",taxation,6,0.25,False,True,False
243,136-4,30011.28125,"(17, 22)",taxation,6,0.25,False,True,False
243,232-4,22766.765625,"(45, 26)",taxation,6,0.25,False,True,False
243,7-4,28251.03125,"(42, 26)",taxation,6,0.25,False,True,False
243,248-4,37285.890625,"(47, 33)",taxation,6,0.25,False,True,False
243,61-4,44551.640625,"(19, 17)",taxation,6,0.25,False,True,False
243,88-4,37313.25,"(19, 25)",taxation,6,0.25,False,True,False
243,72-4,42682.40625,"(39, 5)",taxation,6,0.25,False,True,False
243,62-4,37298.59375,"(14, 19)",taxation,6,0.25,False,True,False
243,194-4,33647.96875,"(7, 44)",taxation,6,0.25,False,True,False
243,236-4,37276.203125,"(42, 35)",taxation,6,0.25,False,True,False
243,124-4,35426.140625,"(46, 33)",taxation,6,0.25,False,True,False
243,36-4,28238.578125,"(43, 20)",taxation,6,0.25,False,True,False
243,215-4,40915.96875,"(47, 28)",taxation,6,0.25,False,True,False
243,152-4,39076.640625,"(7, 20)",taxation,6,0.25,False,True,False
243,82-4,39089.09375,"(23, 27)",taxation,6,0.25,False,True,False
243,127-4,39099.125,"(26, 23)",taxation,6,0.25,False,True,False
243,47-4,26371.734375,"(8, 45)",taxation,6,0.25,False,True,False
243,223-4,26402.125,"(28, 24)",taxation,6,0.25,False,True,False
243,108-4,20985.515625,"(39, 17)",taxation,6,0.25,False,True,False
243,65-4,42667.203125,"(32, 14)",taxation,6,0.25,False,True,False
243,109-4,37258.40625,"(38, 22)",taxation,6,0.25,False,True,False
243,26-4,30038.171875,"(15, 26)",taxation,6,0.25,False,True,False
243,59-4,33683.953125,"(14, 23)",taxation,6,0.25,False,True,False
243,99-4,35444.953125,"(9, 18)",taxation,6,0.25,False,True,False
243,84-4,37277.46875,"(22, 20)",taxation,6,0.25,False,True,False
243,128-4,40893.6875,"(40, 33)",taxation,6,0.25,False,True,False
243,8-4,37281.1875,"(13, 23)",taxation,6,0.25,False,True,False
243,77-4,31816.34375,"(44, 35)",taxation,6,0.25,False,True,False
243,157-4,35445.890625,"(43, 24)",taxation,6,0.25,False,True,False
243,123-4,42638.171875,"(37, 36)",taxation,6,0.25,False,True,False
243,195-4,17335.453125,"(13, 30)",taxation,6,0.25,False,True,False
243,87-4,37233.96875,"(34, 16)",taxation,6,0.25,False,True,False
243,119-4,37257.8125,"(40, 31)",taxation,6,0.25,False,True,False
243,199-4,42671.1875,"(27, 18)",taxation,6,0.25,False,True,False
243,129-4,35457.375,"(9, 35)",taxation,6,0.25,False,True,False
243,43-4,37259.109375,"(41, 27)",taxation,6,0.25,False,True,False
243,190-4,37201.796875,"(7, 49)",taxation,6,0.25,False,True,False
243,46-4,26394.375,"(19, 15)",taxation,6,0.25,False,True,False
243,15-4,33626.546875,"(25, 22)",taxation,6,0.25,False,True,False
243,245-4,40824.546875,"(24, 20)",taxation,6,0.25,False,True,False
243,178-4,40824.140625,"(15, 30)",taxation,6,0.25,False,True,False
243,151-4,29965.140625,"(34, 27)",taxation,6,0.25,False,True,False
243,79-4,35436.640625,"(18, 16)",taxation,6,0.25,False,True,False
243,114-4,42665.984375,"(7, 46)",taxation,6,0.25,False,True,False
243,230-4,29985.5,"(26, 24)",taxation,6,0.25,False,True,False
243,224-4,31776.484375,"(49, 26)",taxation,6,0.25,False,True,False
243,93-4,17301.0,"(22, 21)",taxation,6,0.25,False,True,False
243,35-4,37208.40625,"(38, 20)",taxation,6,0.25,False,True,False
243,135-4,37206.546875,"(45, 35)",taxation,6,0.25,False,True,False
243,24-4,29996.59375,"(49, 25)",taxation,6,0.25,False,True,False
243,49-4,35419.65625,"(49, 17)",taxation,6,0.25,False,True,False
243,34-4,33582.125,"(23, 17)",taxation,6,0.25,False,True,False
243,60-4,39015.578125,"(25, 23)",taxation,6,0.25,False,True,False
243,220-4,40875.9375,"(28, 23)",taxation,6,0.25,False,True,False
243,227-4,40825.28125,"(27, 25)",taxation,6,0.25,False,True,False
243,228-5,22285.453125,"(15, 25)",taxation,6,0.25,False,True,False
243,218-4,42647.59375,"(46, 34)",taxation,6,0.25,False,True,False
243,181-4,37165.953125000015,"(40, 14)",taxation,6,0.25,False,True,False
243,39-4,26331.21875,"(1, 48)",taxation,6,0.25,False,True,False
243,81-4,35423.265625,"(25, 20)",taxation,6,0.25,False,True,False
243,9-4,31788.453125,"(24, 29)",taxation,6,0.25,False,True,False
243,244-4,42645.65625,"(12, 30)",taxation,6,0.25,False,True,False
243,118-4,40789.21875,"(25, 19)",taxation,6,0.25,False,True,False
243,204-4,40789.28125,"(17, 26)",taxation,6,0.25,False,True,False
243,101-4,37230.421875,"(29, 25)",taxation,6,0.25,False,True,False
243,243-4,35384.84375,"(7, 19)",taxation,6,0.25,False,True,False
243,153-4,19117.9375,"(39, 23)",taxation,6,0.25,False,True,False
243,208-5,29959.77734375,"(22, 16)",taxation,6,0.25,False,True,False
243,222-4,37200.09375,"(12, 27)",taxation,6,0.25,False,True,False
243,211-4,24507.609375,"(46, 19)",taxation,6,0.25,False,True,False
243,185-4,37246.34375,"(40, 20)",taxation,6,0.25,False,True,False
243,70-4,38983.75,"(6, 47)",taxation,6,0.25,False,True,False
243,139-5,33588.07421875,"(19, 18)",taxation,6,0.25,False,True,False
243,213-4,37204.96875,"(13, 21)",taxation,6,0.25,False,True,False
243,200-4,35394.625,"(40, 17)",taxation,6,0.25,False,True,False
243,173-5,8284.359375,"(11, 18)",taxation,6,0.25,False,True,False
243,238-4,37177.125,"(48, 31)",taxation,6,0.25,False,True,False
243,197-4,29953.640625,"(0, 49)",taxation,6,0.25,False,True,False
243,219-5,32646.984375,"(13, 24)",taxation,6,0.25,False,True,False
243,44-4,24508.0,"(8, 39)",taxation,6,0.25,False,True,False
243,74-5,32618.25,"(4, 47)",taxation,6,0.25,False,True,False
243,171-4,37172.53125,"(49, 31)",taxation,6,0.25,False,True,False
243,167-5,29477.30078125,"(38, 21)",taxation,6,0.25,False,True,False
243,192-4,33570.1875,"(28, 25)",taxation,6,0.25,False,True,False
243,29-4,37231.953125,"(25, 24)",taxation,6,0.25,False,True,False
243,216-4,40781.375,"(28, 15)",taxation,6,0.25,False,True,False
243,105-4,33533.21875,"(48, 13)",taxation,6,0.25,False,True,False
243,217-4,22689.78125,"(48, 23)",taxation,6,0.25,False,True,False
243,66-4,40810.359375,"(49, 29)",taxation,6,0.25,False,True,False
243,159-4,29936.78125,"(28, 18)",taxation,6,0.25,False,True,False
243,75-5,26748.546875,"(11, 25)",taxation,6,0.25,False,True,False
243,143-4,37175.984375,"(44, 19)",taxation,6,0.25,False,True,False
243,170-5,25888.05078125,"(28, 22)",taxation,6,0.25,False,True,False
243,138-4,38934.109375,"(42, 20)",taxation,6,0.25,False,True,False
243,210-4,44376.921875,"(6, 49)",taxation,6,0.25,False,True,False
243,3-4,22652.515625,"(25, 27)",taxation,6,0.25,False,True,False
243,146-5,11840.484375,"(27, 23)",taxation,6,0.25,False,True,False
243,177-4,37218.234375,"(48, 32)",taxation,6,0.25,False,True,False
243,131-4,37192.3125,"(3, 48)",taxation,6,0.25,False,True,False
243,239-4,37208.71875,"(13, 19)",taxation,6,0.25,False,True,False
243,154-5,13612.734375,"(47, 35)",taxation,6,0.25,False,True,False
244,191-3,56794.5625,"(21, 21)",taxation,6,0.25,False,True,False
244,240-4,13364.3125,"(23, 22)",taxation,6,0.25,False,True,False
244,20-3,47141.75,"(25, 32)",taxation,6,0.25,False,True,False
244,140-4,1288.0625,"(19, 24)",taxation,6,0.25,False,True,False
244,246-4,37504.3125,"(17, 29)",taxation,6,0.25,False,True,False
244,187-4,20594.1875,"(31, 16)",taxation,6,0.25,False,True,False
244,179-4,32710.53125,"(25, 18)",taxation,6,0.25,False,True,False
244,23-4,40490.5,"(47, 29)",taxation,6,0.25,False,True,False
244,31-4,44692.46875,"(4, 43)",taxation,6,0.25,False,True,False
244,150-3,42281.4375,"(40, 35)",taxation,6,0.25,False,True,False
244,12-3,47129.8125,"(26, 16)",taxation,6,0.25,False,True,False
244,98-4,20648.0625,"(17, 28)",taxation,6,0.25,False,True,False
244,126-3,49531.0625,"(42, 32)",taxation,6,0.25,False,True,False
244,176-4,1294.1875,"(41, 30)",taxation,6,0.25,False,True,False
244,28-4,34476.203125,"(18, 9)",taxation,6,0.25,False,True,False
244,40-4,41097.3125,"(36, 13)",taxation,6,0.25,False,True,False
244,1-4,29044.140625,"(14, 30)",taxation,6,0.25,False,True,False
244,76-4,37459.921875000015,"(23, 30)",taxation,6,0.25,False,True,False
244,67-3,37490.5625,"(42, 21)",taxation,6,0.25,False,True,False
244,182-4,39263.890625,"(38, 36)",taxation,6,0.25,False,True,False
244,241-4,35662.21875,"(17, 23)",taxation,6,0.25,False,True,False
244,149-4,33903.5625,"(18, 12)",taxation,6,0.25,False,True,False
244,17-4,41129.03125,"(18, 11)",taxation,6,0.25,False,True,False
244,0-4,26632.828125,"(16, 3)",taxation,6,0.25,False,True,False
244,22-4,42895.8125,"(41, 21)",taxation,6,0.25,False,True,False
244,10-4,39294.390625,"(18, 28)",taxation,6,0.25,False,True,False
244,242-4,17570.953125,"(18, 18)",taxation,6,0.25,False,True,False
244,142-4,24785.859375,"(31, 17)",taxation,6,0.25,False,True,False
244,189-4,33917.84375,"(43, 32)",taxation,6,0.25,False,True,False
244,63-4,35621.171875,"(22, 19)",taxation,6,0.25,False,True,False
244,165-4,44613.1875,"(27, 34)",taxation,6,0.25,False,True,False
244,94-4,13357.125,"(24, 15)",taxation,6,0.25,False,True,False
244,206-4,38028.328125,"(46, 31)",taxation,6,0.25,False,True,False
244,172-4,41017.484375,"(43, 35)",taxation,6,0.25,False,True,False
244,144-4,37460.90625,"(22, 17)",taxation,6,0.25,False,True,False
244,111-4,41018.515625,"(35, 40)",taxation,6,0.25,False,True,False
244,83-4,41037.671875,"(25, 15)",taxation,6,0.25,False,True,False
244,249-4,39287.5625,"(44, 36)",taxation,6,0.25,False,True,False
244,51-4,39265.40625,"(19, 26)",taxation,6,0.25,False,True,False
244,180-4,37468.265625,"(20, 26)",taxation,6,0.25,False,True,False
244,148-4,30174.953125,"(18, 27)",taxation,6,0.25,False,True,False
244,16-4,42871.34375,"(22, 26)",taxation,6,0.25,False,True,False
244,134-4,37441.25,"(28, 34)",taxation,6,0.25,False,True,False
244,73-4,39242.265625,"(27, 17)",taxation,6,0.25,False,True,False
244,54-4,37466.140625,"(16, 26)",taxation,6,0.25,False,True,False
244,38-4,39221.59375,"(45, 23)",taxation,6,0.25,False,True,False
244,6-4,42874.625,"(20, 15)",taxation,6,0.25,False,True,False
244,156-4,28340.96875,"(21, 28)",taxation,6,0.25,False,True,False
244,95-4,42850.65625,"(39, 10)",taxation,6,0.25,False,True,False
244,42-4,28446.21875,"(4, 45)",taxation,6,0.25,False,True,False
244,168-4,41038.15625,"(15, 28)",taxation,6,0.25,False,True,False
244,183-4,26590.796875,"(16, 28)",taxation,6,0.25,False,True,False
244,53-4,24765.765625,"(46, 29)",taxation,6,0.25,False,True,False
244,106-4,35634.859375,"(25, 13)",taxation,6,0.25,False,True,False
244,133-4,33852.1875,"(20, 9)",taxation,6,0.25,False,True,False
244,25-4,33807.6875,"(13, 39)",taxation,6,0.25,False,True,False
244,56-4,37465.171875,"(18, 29)",taxation,6,0.25,False,True,False
244,234-4,39192.34375,"(20, 20)",taxation,6,0.25,False,True,False
244,71-4,41065.203125,"(26, 27)",taxation,6,0.25,False,True,False
244,162-4,39204.15625,"(13, 32)",taxation,6,0.25,False,True,False
244,45-4,39200.109375,"(21, 29)",taxation,6,0.25,False,True,False
244,212-4,39282.609375,"(20, 27)",taxation,6,0.25,False,True,False
244,110-4,42818.3125,"(8, 19)",taxation,6,0.25,False,True,False
244,225-4,39235.421875,"(39, 36)",taxation,6,0.25,False,True,False
244,231-4,24754.109375,"(12, 15)",taxation,6,0.25,False,True,False
244,137-4,33788.53125,"(21, 22)",taxation,6,0.25,False,True,False
244,4-4,28383.515625,"(27, 15)",taxation,6,0.25,False,True,False
244,169-4,30179.4375,"(15, 12)",taxation,6,0.25,False,True,False
244,125-4,40970.125,"(8, 18)",taxation,6,0.25,False,True,False
244,122-4,31980.515625,"(8, 44)",taxation,6,0.25,False,True,False
244,226-4,37388.796875,"(34, 17)",taxation,6,0.25,False,True,False
244,5-4,17469.21875,"(36, 31)",taxation,6,0.25,False,True,False
244,209-4,42825.46875,"(30, 35)",taxation,6,0.25,False,True,False
244,205-4,19325.359375,"(37, 33)",taxation,6,0.25,False,True,False
244,130-4,40960.34375,"(38, 17)",taxation,6,0.25,False,True,False
244,91-4,41083.796875,"(11, 16)",taxation,6,0.25,False,True,False
244,214-4,24752.4375,"(21, 19)",taxation,6,0.25,False,True,False
244,196-4,26487.25,"(12, 45)",taxation,6,0.25,False,True,False
244,21-4,35592.015625,"(42, 30)",taxation,6,0.25,False,True,False
244,141-4,30158.53125,"(41, 17)",taxation,6,0.25,False,True,False
244,193-4,33776.84375,"(16, 6)",taxation,6,0.25,False,True,False
244,68-4,31943.984375,"(10, 43)",taxation,6,0.25,False,True,False
244,161-4,31929.875,"(31, 13)",taxation,6,0.25,False,True,False
244,147-4,37407.921875,"(14, 29)",taxation,6,0.25,False,True,False
244,175-4,31906.78125,"(10, 49)",taxation,6,0.25,False,True,False
244,55-4,41017.453125,"(34, 35)",taxation,6,0.25,False,True,False
244,50-4,42772.59375,"(39, 37)",taxation,6,0.25,False,True,False
244,113-4,39157.296875,"(9, 43)",taxation,6,0.25,False,True,False
244,201-4,26547.203125,"(16, 29)",taxation,6,0.25,False,True,False
244,102-4,26512.59375,"(19, 27)",taxation,6,0.25,False,True,False
244,112-4,40961.46875,"(14, 28)",taxation,6,0.25,False,True,False
244,41-4,40985.5,"(25, 12)",taxation,6,0.25,False,True,False
244,78-4,35595.515625,"(17, 5)",taxation,6,0.25,False,True,False
244,203-4,44594.765625,"(35, 10)",taxation,6,0.25,False,True,False
244,247-4,33764.5625,"(34, 32)",taxation,6,0.25,False,True,False
244,32-4,40952.359375,"(42, 11)",taxation,6,0.25,False,True,False
244,115-4,40959.484375,"(23, 18)",taxation,6,0.25,False,True,False
244,33-4,30111.703125,"(39, 22)",taxation,6,0.25,False,True,False
244,202-4,42765.375,"(44, 34)",taxation,6,0.25,False,True,False
244,155-4,39186.828125,"(36, 20)",taxation,6,0.25,False,True,False
244,207-4,30128.109375,"(22, 27)",taxation,6,0.25,False,True,False
244,145-4,39162.75,"(31, 15)",taxation,6,0.25,False,True,False
244,132-4,40979.484375,"(37, 20)",taxation,6,0.25,False,True,False
244,166-4,35518.578125,"(16, 31)",taxation,6,0.25,False,True,False
244,100-4,37370.671875,"(34, 31)",taxation,6,0.25,False,True,False
244,116-4,40981.84375,"(21, 17)",taxation,6,0.25,False,True,False
244,19-4,39172.75,"(22, 28)",taxation,6,0.25,False,True,False
244,233-4,35523.828125,"(18, 30)",taxation,6,0.25,False,True,False
244,64-4,37286.5,"(43, 19)",taxation,6,0.25,False,True,False
244,186-4,35556.640625,"(36, 12)",taxation,6,0.25,False,True,False
244,103-4,37345.40625,"(10, 44)",taxation,6,0.25,False,True,False
244,163-4,44530.125,"(45, 33)",taxation,6,0.25,False,True,False
244,221-4,35512.21875,"(17, 7)",taxation,6,0.25,False,True,False
244,86-4,37352.875,"(22, 11)",taxation,6,0.25,False,True,False
244,57-4,33728.765625,"(20, 28)",taxation,6,0.25,False,True,False
244,164-4,39175.828125,"(8, 43)",taxation,6,0.25,False,True,False
244,92-4,40942.1875,"(39, 34)",taxation,6,0.25,False,True,False
244,174-4,40950.84375,"(11, 44)",taxation,6,0.25,False,True,False
244,89-4,39116.296875,"(36, 32)",taxation,6,0.25,False,True,False
244,188-4,37341.34375,"(46, 30)",taxation,6,0.25,False,True,False
244,11-4,30098.890625,"(10, 48)",taxation,6,0.25,False,True,False
244,2-4,37382.859375,"(17, 27)",taxation,6,0.25,False,True,False
244,90-4,33717.90625,"(29, 16)",taxation,6,0.25,False,True,False
244,120-4,42764.875,"(11, 46)",taxation,6,0.25,False,True,False
244,48-4,39090.125,"(18, 31)",taxation,6,0.25,False,True,False
244,69-4,40908.90625,"(21, 16)",taxation,6,0.25,False,True,False
244,97-4,30059.484375,"(45, 31)",taxation,6,0.25,False,True,False
244,13-4,35530.515625,"(11, 49)",taxation,6,0.25,False,True,False
244,58-4,39104.90625,"(12, 14)",taxation,6,0.25,False,True,False
244,52-4,28276.328125,"(26, 19)",taxation,6,0.25,False,True,False
244,117-4,33681.21875,"(41, 24)",taxation,6,0.25,False,True,False
244,27-4,33683.546875,"(19, 29)",taxation,6,0.25,False,True,False
244,121-4,37348.0,"(15, 35)",taxation,6,0.25,False,True,False
244,107-4,40925.65625,"(12, 23)",taxation,6,0.25,False,True,False
244,85-4,33690.3125,"(43, 34)",taxation,6,0.25,False,True,False
244,237-4,30056.484375,"(49, 22)",taxation,6,0.25,False,True,False
244,18-4,42738.234375,"(47, 22)",taxation,6,0.25,False,True,False
244,96-4,42773.28125,"(15, 27)",taxation,6,0.25,False,True,False
244,160-4,33705.3125,"(22, 13)",taxation,6,0.25,False,True,False
244,37-4,39120.046875,"(38, 13)",taxation,6,0.25,False,True,False
244,30-4,42745.703125,"(34, 38)",taxation,6,0.25,False,True,False
244,235-4,37285.953125,"(11, 48)",taxation,6,0.25,False,True,False
244,80-4,40906.46875,"(48, 22)",taxation,6,0.25,False,True,False
244,14-4,10209.90625,"(10, 17)",taxation,6,0.25,False,True,False
244,104-4,35532.84375,"(33, 30)",taxation,6,0.25,False,True,False
244,184-4,37276.203125,"(20, 17)",taxation,6,0.25,False,True,False
244,229-4,40946.765625,"(40, 27)",taxation,6,0.25,False,True,False
244,136-4,30020.28125,"(18, 20)",taxation,6,0.25,False,True,False
244,232-4,22768.765625,"(42, 24)",taxation,6,0.25,False,True,False
244,7-4,28253.03125,"(41, 25)",taxation,6,0.25,False,True,False
244,248-4,37287.890625,"(42, 31)",taxation,6,0.25,False,True,False
244,61-4,44560.640625,"(19, 11)",taxation,6,0.25,False,True,False
244,88-4,37322.25,"(21, 26)",taxation,6,0.25,False,True,False
244,72-4,42689.40625,"(34, 8)",taxation,6,0.25,False,True,False
244,62-4,37306.59375,"(19, 13)",taxation,6,0.25,False,True,False
244,194-4,33655.96875,"(12, 44)",taxation,6,0.25,False,True,False
244,236-4,37279.203125,"(38, 35)",taxation,6,0.25,False,True,False
244,124-4,35428.140625,"(40, 30)",taxation,6,0.25,False,True,False
244,36-4,28245.578125,"(38, 14)",taxation,6,0.25,False,True,False
244,215-4,40917.96875,"(42, 25)",taxation,6,0.25,False,True,False
244,152-4,39084.640625,"(12, 17)",taxation,6,0.25,False,True,False
244,82-4,39097.09375,"(23, 26)",taxation,6,0.25,False,True,False
244,127-4,39108.125,"(23, 23)",taxation,6,0.25,False,True,False
244,47-4,26379.734375,"(9, 45)",taxation,6,0.25,False,True,False
244,223-4,26410.125,"(22, 30)",taxation,6,0.25,False,True,False
244,108-4,20992.515625,"(37, 12)",taxation,6,0.25,False,True,False
244,65-4,42675.203125,"(31, 14)",taxation,6,0.25,False,True,False
244,109-4,37266.40625,"(32, 17)",taxation,6,0.25,False,True,False
244,26-4,30046.171875,"(16, 27)",taxation,6,0.25,False,True,False
244,59-4,33692.953125,"(18, 22)",taxation,6,0.25,False,True,False
244,99-4,35453.953125,"(15, 20)",taxation,6,0.25,False,True,False
244,84-4,37286.46875,"(27, 14)",taxation,6,0.25,False,True,False
244,128-4,40901.6875,"(35, 38)",taxation,6,0.25,False,True,False
244,8-4,37290.1875,"(18, 25)",taxation,6,0.25,False,True,False
244,77-4,31819.34375,"(38, 37)",taxation,6,0.25,False,True,False
244,157-4,35448.890625,"(42, 18)",taxation,6,0.25,False,True,False
244,123-4,42645.171875,"(34, 34)",taxation,6,0.25,False,True,False
244,195-4,17343.453125,"(17, 30)",taxation,6,0.25,False,True,False
244,87-4,37241.96875,"(33, 16)",taxation,6,0.25,False,True,False
244,119-4,37261.8125,"(34, 36)",taxation,6,0.25,False,True,False
244,199-4,42679.1875,"(29, 15)",taxation,6,0.25,False,True,False
244,129-4,35465.375,"(14, 40)",taxation,6,0.25,False,True,False
244,43-4,37263.109375,"(36, 21)",taxation,6,0.25,False,True,False
244,190-4,37209.796875,"(12, 46)",taxation,6,0.25,False,True,False
244,46-4,26403.375,"(23, 11)",taxation,6,0.25,False,True,False
244,15-4,33634.546875,"(29, 17)",taxation,6,0.25,False,True,False
244,245-4,40833.546875,"(23, 19)",taxation,6,0.25,False,True,False
244,178-4,40833.140625,"(18, 26)",taxation,6,0.25,False,True,False
244,151-4,29972.140625,"(28, 30)",taxation,6,0.25,False,True,False
244,79-4,35445.640625,"(18, 13)",taxation,6,0.25,False,True,False
244,114-4,42673.984375,"(10, 46)",taxation,6,0.25,False,True,False
244,230-4,29994.5,"(21, 27)",taxation,6,0.25,False,True,False
244,224-4,31778.484375,"(46, 22)",taxation,6,0.25,False,True,False
244,93-4,17308.0,"(24, 26)",taxation,6,0.25,False,True,False
244,35-4,37215.40625,"(32, 16)",taxation,6,0.25,False,True,False
244,135-4,37208.546875,"(39, 32)",taxation,6,0.25,False,True,False
244,24-4,29998.59375,"(48, 21)",taxation,6,0.25,False,True,False
244,49-4,35425.65625,"(43, 11)",taxation,6,0.25,False,True,False
244,34-4,33591.125,"(25, 14)",taxation,6,0.25,False,True,False
244,60-4,39025.578125,"(20, 19)",taxation,6,0.25,False,True,False
244,220-4,40884.9375,"(26, 18)",taxation,6,0.25,False,True,False
244,227-4,40833.28125,"(24, 30)",taxation,6,0.25,False,True,False
244,228-5,22294.453125,"(17, 25)",taxation,6,0.25,False,True,False
244,218-4,42649.59375,"(40, 34)",taxation,6,0.25,False,True,False
244,181-4,37172.953125000015,"(39, 13)",taxation,6,0.25,False,True,False
244,39-4,26335.21875,"(7, 42)",taxation,6,0.25,False,True,False
244,81-4,35432.265625,"(21, 20)",taxation,6,0.25,False,True,False
244,9-4,31796.453125,"(22, 29)",taxation,6,0.25,False,True,False
244,244-4,42653.65625,"(17, 31)",taxation,6,0.25,False,True,False
244,118-4,40798.21875,"(26, 15)",taxation,6,0.25,False,True,False
244,204-4,40797.28125,"(19, 28)",taxation,6,0.25,False,True,False
244,101-4,37239.421875,"(23, 24)",taxation,6,0.25,False,True,False
244,243-4,35392.84375,"(12, 16)",taxation,6,0.25,False,True,False
244,153-4,19121.9375,"(38, 18)",taxation,6,0.25,False,True,False
244,208-5,29968.77734375,"(23, 12)",taxation,6,0.25,False,True,False
244,222-4,37208.09375,"(14, 27)",taxation,6,0.25,False,True,False
244,211-4,24511.609375,"(42, 15)",taxation,6,0.25,False,True,False
244,185-4,37252.34375,"(36, 15)",taxation,6,0.25,False,True,False
244,70-4,38991.75,"(11, 47)",taxation,6,0.25,False,True,False
244,139-5,33597.07421875,"(21, 18)",taxation,6,0.25,False,True,False
244,213-4,37212.96875,"(17, 16)",taxation,6,0.25,False,True,False
244,200-4,35401.625,"(37, 14)",taxation,6,0.25,False,True,False
244,173-5,8292.359375,"(11, 19)",taxation,6,0.25,False,True,False
244,238-4,37179.125,"(43, 33)",taxation,6,0.25,False,True,False
244,197-4,29956.640625,"(3, 45)",taxation,6,0.25,False,True,False
244,219-5,32655.984375,"(19, 21)",taxation,6,0.25,False,True,False
244,44-4,24516.0,"(11, 43)",taxation,6,0.25,False,True,False
244,74-5,32626.25,"(10, 47)",taxation,6,0.25,False,True,False
244,171-4,37173.53125,"(48, 28)",taxation,6,0.25,False,True,False
244,167-5,29485.30078125,"(32, 15)",taxation,6,0.25,False,True,False
244,192-4,33579.1875,"(23, 25)",taxation,6,0.25,False,True,False
244,29-4,37240.953125,"(21, 24)",taxation,6,0.25,False,True,False
244,216-4,40791.375,"(22, 14)",taxation,6,0.25,False,True,False
244,105-4,33539.21875,"(43, 10)",taxation,6,0.25,False,True,False
244,217-4,22692.78125,"(48, 17)",taxation,6,0.25,False,True,False
244,66-4,40811.359375,"(49, 27)",taxation,6,0.25,False,True,False
244,159-4,29944.78125,"(30, 16)",taxation,6,0.25,False,True,False
244,75-5,26756.546875,"(15, 24)",taxation,6,0.25,False,True,False
244,143-4,37180.984375,"(38, 15)",taxation,6,0.25,False,True,False
244,170-5,25897.05078125,"(22, 18)",taxation,6,0.25,False,True,False
244,138-4,38938.109375,"(39, 18)",taxation,6,0.25,False,True,False
244,210-4,44384.921875,"(9, 49)",taxation,6,0.25,False,True,False
244,3-4,22660.515625,"(24, 27)",taxation,6,0.25,False,True,False
244,146-5,11847.484375,"(25, 29)",taxation,6,0.25,False,True,False
244,177-4,37219.234375,"(45, 32)",taxation,6,0.25,False,True,False
244,131-4,37200.3125,"(9, 44)",taxation,6,0.25,False,True,False
244,239-4,37217.71875,"(17, 19)",taxation,6,0.25,False,True,False
244,154-5,13614.734375,"(41, 36)",taxation,6,0.25,False,True,False
244,158-5,27221.296875,"(21, 23)",taxation,6,0.25,False,True,False
244,198-5,26759.7890625,"(40, 36)",taxation,6,0.25,False,True,False
245,191-3,56800.5625,"(17, 15)",taxation,6,0.25,False,True,False
245,240-4,13371.3125,"(26, 28)",taxation,6,0.25,False,True,False
245,246-4,37512.3125,"(17, 32)",taxation,6,0.25,False,True,False
245,179-4,32716.53125,"(21, 14)",taxation,6,0.25,False,True,False
245,23-4,40492.5,"(46, 28)",taxation,6,0.25,False,True,False
245,31-4,44698.46875,"(8, 42)",taxation,6,0.25,False,True,False
245,150-3,42286.4375,"(34, 40)",taxation,6,0.25,False,True,False
245,12-3,47137.8125,"(29, 10)",taxation,6,0.25,False,True,False
245,98-4,20656.0625,"(17, 34)",taxation,6,0.25,False,True,False
245,126-3,49535.0625,"(36, 35)",taxation,6,0.25,False,True,False
245,28-4,34486.203125,"(19, 6)",taxation,6,0.25,False,True,False
245,40-4,41106.3125,"(30, 13)",taxation,6,0.25,False,True,False
245,1-4,29052.140625,"(15, 34)",taxation,6,0.25,False,True,False
245,76-4,37468.921875000015,"(24, 31)",taxation,6,0.25,False,True,False
245,67-3,37495.5625,"(37, 15)",taxation,6,0.25,False,True,False
245,182-4,39268.890625,"(33, 36)",taxation,6,0.25,False,True,False
245,241-4,35667.21875,"(22, 24)",taxation,6,0.25,False,True,False
245,149-4,33912.5625,"(18, 6)",taxation,6,0.25,False,True,False
245,17-4,41139.03125,"(22, 10)",taxation,6,0.25,False,True,False
245,0-4,26642.828125,"(16, 4)",taxation,6,0.25,False,True,False
245,22-4,42900.8125,"(38, 16)",taxation,6,0.25,False,True,False
245,10-4,39302.390625,"(18, 34)",taxation,6,0.25,False,True,False
245,242-4,17577.953125,"(23, 13)",taxation,6,0.25,False,True,False
245,142-4,24794.859375,"(28, 11)",taxation,6,0.25,False,True,False
245,189-4,33920.84375,"(38, 32)",taxation,6,0.25,False,True,False
245,63-4,35626.171875,"(16, 14)",taxation,6,0.25,False,True,False
245,165-4,44621.1875,"(24, 36)",taxation,6,0.25,False,True,False
245,94-4,13367.125,"(23, 9)",taxation,6,0.25,False,True,False
245,206-4,38030.328125,"(45, 30)",taxation,6,0.25,False,True,False
245,172-4,41021.484375,"(37, 37)",taxation,6,0.25,False,True,False
245,144-4,37469.90625,"(26, 13)",taxation,6,0.25,False,True,False
245,111-4,41025.515625,"(31, 42)",taxation,6,0.25,False,True,False
245,83-4,41044.671875,"(25, 9)",taxation,6,0.25,False,True,False
245,249-4,39290.5625,"(38, 34)",taxation,6,0.25,False,True,False
245,51-4,39272.40625,"(24, 32)",taxation,6,0.25,False,True,False
245,180-4,37476.265625,"(19, 32)",taxation,6,0.25,False,True,False
245,148-4,30181.953125,"(12, 33)",taxation,6,0.25,False,True,False
245,16-4,42880.34375,"(22, 32)",taxation,6,0.25,False,True,False
245,134-4,37449.25,"(23, 37)",taxation,6,0.25,False,True,False
245,73-4,39251.265625,"(27, 13)",taxation,6,0.25,False,True,False
245,54-4,37475.140625,"(19, 30)",taxation,6,0.25,False,True,False
245,38-4,39225.59375,"(45, 17)",taxation,6,0.25,False,True,False
245,6-4,42881.625,"(21, 9)",taxation,6,0.25,False,True,False
245,156-4,28348.96875,"(20, 33)",taxation,6,0.25,False,True,False
245,95-4,42857.65625,"(36, 6)",taxation,6,0.25,False,True,False
245,42-4,28452.21875,"(8, 41)",taxation,6,0.25,False,True,False
245,168-4,41046.15625,"(15, 33)",taxation,6,0.25,False,True,False
245,183-4,26599.796875,"(20, 32)",taxation,6,0.25,False,True,False
245,53-4,24767.765625,"(45, 29)",taxation,6,0.25,False,True,False
245,106-4,35644.859375,"(22, 8)",taxation,6,0.25,False,True,False
245,133-4,33862.1875,"(19, 4)",taxation,6,0.25,False,True,False
245,25-4,33815.6875,"(13, 38)",taxation,6,0.25,False,True,False
245,56-4,37473.171875,"(16, 34)",taxation,6,0.25,False,True,False
245,234-4,39197.34375,"(24, 18)",taxation,6,0.25,False,True,False
245,71-4,41074.203125,"(26, 31)",taxation,6,0.25,False,True,False
245,162-4,39212.15625,"(13, 34)",taxation,6,0.25,False,True,False
245,45-4,39208.109375,"(20, 34)",taxation,6,0.25,False,True,False
245,212-4,39291.609375,"(20, 31)",taxation,6,0.25,False,True,False
245,110-4,42825.3125,"(6, 18)",taxation,6,0.25,False,True,False
245,225-4,39240.421875,"(34, 39)",taxation,6,0.25,False,True,False
245,231-4,24762.109375,"(8, 16)",taxation,6,0.25,False,True,False
245,137-4,33794.53125,"(27, 27)",taxation,6,0.25,False,True,False
245,4-4,28389.515625,"(27, 10)",taxation,6,0.25,False,True,False
245,169-4,30189.4375,"(17, 6)",taxation,6,0.25,False,True,False
245,125-4,40977.125,"(8, 17)",taxation,6,0.25,False,True,False
245,122-4,31987.515625,"(12, 41)",taxation,6,0.25,False,True,False
245,226-4,37397.796875,"(30, 14)",taxation,6,0.25,False,True,False
245,5-4,17475.21875,"(30, 31)",taxation,6,0.25,False,True,False
245,209-4,42834.46875,"(26, 33)",taxation,6,0.25,False,True,False
245,205-4,19330.359375,"(33, 32)",taxation,6,0.25,False,True,False
245,130-4,40966.34375,"(38, 11)",taxation,6,0.25,False,True,False
245,91-4,41090.796875,"(10, 15)",taxation,6,0.25,False,True,False
245,214-4,24757.4375,"(24, 16)",taxation,6,0.25,False,True,False
245,196-4,26495.25,"(16, 45)",taxation,6,0.25,False,True,False
245,21-4,35596.015625,"(36, 36)",taxation,6,0.25,False,True,False
245,141-4,30164.53125,"(40, 11)",taxation,6,0.25,False,True,False
245,193-4,33786.84375,"(16, 5)",taxation,6,0.25,False,True,False
245,68-4,31951.984375,"(11, 40)",taxation,6,0.25,False,True,False
245,161-4,31937.875,"(31, 8)",taxation,6,0.25,False,True,False
245,147-4,37415.921875,"(13, 33)",taxation,6,0.25,False,True,False
245,175-4,31913.78125,"(15, 48)",taxation,6,0.25,False,True,False
245,55-4,41023.453125,"(29, 34)",taxation,6,0.25,False,True,False
245,50-4,42777.59375,"(33, 37)",taxation,6,0.25,False,True,False
245,113-4,39164.296875,"(13, 43)",taxation,6,0.25,False,True,False
245,201-4,26555.203125,"(16, 33)",taxation,6,0.25,False,True,False
245,102-4,26518.59375,"(14, 32)",taxation,6,0.25,False,True,False
245,112-4,40969.46875,"(14, 34)",taxation,6,0.25,False,True,False
245,41-4,40995.5,"(22, 6)",taxation,6,0.25,False,True,False
245,78-4,35605.515625,"(17, 4)",taxation,6,0.25,False,True,False
245,203-4,44602.765625,"(34, 9)",taxation,6,0.25,False,True,False
245,247-4,33771.5625,"(28, 38)",taxation,6,0.25,False,True,False
245,32-4,40959.359375,"(42, 9)",taxation,6,0.25,False,True,False
245,115-4,40968.484375,"(27, 12)",taxation,6,0.25,False,True,False
245,33-4,30116.703125,"(37, 17)",taxation,6,0.25,False,True,False
245,202-4,42768.375,"(38, 33)",taxation,6,0.25,False,True,False
245,155-4,39191.828125,"(34, 18)",taxation,6,0.25,False,True,False
245,207-4,30136.109375,"(21, 33)",taxation,6,0.25,False,True,False
245,145-4,39171.75,"(26, 9)",taxation,6,0.25,False,True,False
245,132-4,40984.484375,"(34, 19)",taxation,6,0.25,False,True,False
245,166-4,35526.578125,"(16, 32)",taxation,6,0.25,False,True,False
245,100-4,37377.671875,"(29, 36)",taxation,6,0.25,False,True,False
245,116-4,40988.84375,"(15, 11)",taxation,6,0.25,False,True,False
245,19-4,39180.75,"(22, 34)",taxation,6,0.25,False,True,False
245,233-4,35531.828125,"(18, 33)",taxation,6,0.25,False,True,False
245,64-4,37291.5,"(41, 15)",taxation,6,0.25,False,True,False
245,186-4,35564.640625,"(31, 7)",taxation,6,0.25,False,True,False
245,103-4,37353.40625,"(15, 41)",taxation,6,0.25,False,True,False
245,163-4,44533.125,"(39, 29)",taxation,6,0.25,False,True,False
245,221-4,35522.21875,"(18, 3)",taxation,6,0.25,False,True,False
245,86-4,37362.875,"(23, 5)",taxation,6,0.25,False,True,False
245,57-4,33737.765625,"(21, 31)",taxation,6,0.25,False,True,False
245,164-4,39183.828125,"(14, 37)",taxation,6,0.25,False,True,False
245,92-4,40948.1875,"(33, 31)",taxation,6,0.25,False,True,False
245,174-4,40958.84375,"(16, 44)",taxation,6,0.25,False,True,False
245,89-4,39122.296875,"(30, 32)",taxation,6,0.25,False,True,False
245,188-4,37344.34375,"(40, 24)",taxation,6,0.25,False,True,False
245,11-4,30106.890625,"(16, 42)",taxation,6,0.25,False,True,False
245,2-4,37391.859375,"(23, 33)",taxation,6,0.25,False,True,False
245,90-4,33726.90625,"(28, 12)",taxation,6,0.25,False,True,False
245,120-4,42772.875,"(16, 46)",taxation,6,0.25,False,True,False
245,48-4,39099.125,"(19, 31)",taxation,6,0.25,False,True,False
245,69-4,40917.90625,"(26, 10)",taxation,6,0.25,False,True,False
245,97-4,30062.484375,"(39, 27)",taxation,6,0.25,False,True,False
245,13-4,35538.515625,"(17, 44)",taxation,6,0.25,False,True,False
245,58-4,39113.90625,"(17, 10)",taxation,6,0.25,False,True,False
245,52-4,28280.328125,"(26, 17)",taxation,6,0.25,False,True,False
245,117-4,33685.21875,"(35, 21)",taxation,6,0.25,False,True,False
245,27-4,33691.546875,"(19, 33)",taxation,6,0.25,False,True,False
245,121-4,37356.0,"(15, 36)",taxation,6,0.25,False,True,False
245,107-4,40932.65625,"(7, 18)",taxation,6,0.25,False,True,False
245,85-4,33694.3125,"(37, 35)",taxation,6,0.25,False,True,False
245,237-4,30060.484375,"(47, 17)",taxation,6,0.25,False,True,False
245,18-4,42742.234375,"(47, 16)",taxation,6,0.25,False,True,False
245,96-4,42780.28125,"(11, 32)",taxation,6,0.25,False,True,False
245,160-4,33713.3125,"(20, 7)",taxation,6,0.25,False,True,False
245,37-4,39128.046875,"(34, 10)",taxation,6,0.25,False,True,False
245,30-4,42752.703125,"(30, 41)",taxation,6,0.25,False,True,False
245,235-4,37293.953125,"(16, 47)",taxation,6,0.25,False,True,False
245,80-4,40910.46875,"(49, 16)",taxation,6,0.25,False,True,False
245,14-4,10216.90625,"(9, 15)",taxation,6,0.25,False,True,False
245,104-4,35540.84375,"(29, 35)",taxation,6,0.25,False,True,False
245,184-4,37282.203125,"(20, 12)",taxation,6,0.25,False,True,False
245,229-4,40950.765625,"(34, 28)",taxation,6,0.25,False,True,False
245,136-4,30025.28125,"(15, 16)",taxation,6,0.25,False,True,False
245,232-4,22772.765625,"(41, 18)",taxation,6,0.25,False,True,False
245,7-4,28257.03125,"(38, 19)",taxation,6,0.25,False,True,False
245,248-4,37291.890625,"(36, 37)",taxation,6,0.25,False,True,False
245,61-4,44570.640625,"(15, 5)",taxation,6,0.25,False,True,False
245,88-4,37328.25,"(15, 32)",taxation,6,0.25,False,True,False
245,72-4,42697.40625,"(32, 8)",taxation,6,0.25,False,True,False
245,62-4,37315.59375,"(24, 8)",taxation,6,0.25,False,True,False
245,194-4,33663.96875,"(15, 44)",taxation,6,0.25,False,True,False
245,236-4,37284.203125,"(32, 35)",taxation,6,0.25,False,True,False
245,124-4,35432.140625,"(34, 29)",taxation,6,0.25,False,True,False
245,36-4,28253.578125,"(32, 9)",taxation,6,0.25,False,True,False
245,215-4,40921.96875,"(37, 19)",taxation,6,0.25,False,True,False
245,152-4,39091.640625,"(11, 15)",taxation,6,0.25,False,True,False
245,82-4,39106.09375,"(20, 29)",taxation,6,0.25,False,True,False
245,127-4,39115.125,"(26, 29)",taxation,6,0.25,False,True,False
245,47-4,26387.734375,"(14, 47)",taxation,6,0.25,False,True,False
245,223-4,26418.125,"(22, 33)",taxation,6,0.25,False,True,False
245,108-4,21000.515625,"(33, 8)",taxation,6,0.25,False,True,False
245,65-4,42684.203125,"(26, 8)",taxation,6,0.25,False,True,False
245,109-4,37272.40625,"(34, 12)",taxation,6,0.25,False,True,False
245,26-4,30054.171875,"(14, 31)",taxation,6,0.25,False,True,False
245,59-4,33697.953125,"(19, 20)",taxation,6,0.25,False,True,False
245,99-4,35461.953125,"(10, 16)",taxation,6,0.25,False,True,False
245,84-4,37295.46875,"(24, 9)",taxation,6,0.25,False,True,False
245,128-4,40907.6875,"(30, 40)",taxation,6,0.25,False,True,False
245,8-4,37298.1875,"(22, 31)",taxation,6,0.25,False,True,False
245,77-4,31824.34375,"(33, 39)",taxation,6,0.25,False,True,False
245,157-4,35453.890625,"(39, 14)",taxation,6,0.25,False,True,False
245,123-4,42652.171875,"(28, 35)",taxation,6,0.25,False,True,False
245,195-4,17351.453125,"(18, 32)",taxation,6,0.25,False,True,False
245,87-4,37248.96875,"(28, 10)",taxation,6,0.25,False,True,False
245,119-4,37268.8125,"(29, 38)",taxation,6,0.25,False,True,False
245,199-4,42686.1875,"(29, 9)",taxation,6,0.25,False,True,False
245,129-4,35473.375,"(14, 39)",taxation,6,0.25,False,True,False
245,43-4,37268.109375,"(33, 19)",taxation,6,0.25,False,True,False
245,190-4,37217.796875,"(17, 43)",taxation,6,0.25,False,True,False
245,46-4,26413.375,"(23, 10)",taxation,6,0.25,False,True,False
245,15-4,33640.546875,"(28, 13)",taxation,6,0.25,False,True,False
245,245-4,40838.546875,"(27, 16)",taxation,6,0.25,False,True,False
245,178-4,40841.140625,"(23, 29)",taxation,6,0.25,False,True,False
245,151-4,29980.140625,"(23, 35)",taxation,6,0.25,False,True,False
245,79-4,35454.640625,"(18, 7)",taxation,6,0.25,False,True,False
245,114-4,42681.984375,"(16, 41)",taxation,6,0.25,False,True,False
245,230-4,30002.5,"(21, 32)",taxation,6,0.25,False,True,False
245,224-4,31782.484375,"(46, 17)",taxation,6,0.25,False,True,False
245,93-4,17317.0,"(25, 31)",taxation,6,0.25,False,True,False
245,35-4,37224.40625,"(29, 13)",taxation,6,0.25,False,True,False
245,135-4,37213.546875,"(33, 34)",taxation,6,0.25,False,True,False
245,24-4,30002.59375,"(46, 16)",taxation,6,0.25,False,True,False
245,49-4,35432.65625,"(37, 6)",taxation,6,0.25,False,True,False
245,34-4,33600.125,"(26, 11)",taxation,6,0.25,False,True,False
245,60-4,39031.578125,"(21, 13)",taxation,6,0.25,False,True,False
245,220-4,40892.9375,"(29, 12)",taxation,6,0.25,False,True,False
245,227-4,40841.28125,"(24, 33)",taxation,6,0.25,False,True,False
245,228-5,22302.453125,"(15, 31)",taxation,6,0.25,False,True,False
245,218-4,42653.59375,"(35, 34)",taxation,6,0.25,False,True,False
245,181-4,37179.953125000015,"(36, 7)",taxation,6,0.25,False,True,False
245,39-4,26342.21875,"(12, 40)",taxation,6,0.25,False,True,False
245,81-4,35437.265625,"(22, 25)",taxation,6,0.25,False,True,False
245,9-4,31804.453125,"(21, 34)",taxation,6,0.25,False,True,False
245,244-4,42661.65625,"(17, 33)",taxation,6,0.25,False,True,False
245,118-4,40806.21875,"(28, 9)",taxation,6,0.25,False,True,False
245,204-4,40805.28125,"(19, 34)",taxation,6,0.25,False,True,False
245,101-4,37248.421875,"(21, 30)",taxation,6,0.25,False,True,False
245,243-4,35400.84375,"(9, 16)",taxation,6,0.25,False,True,False
245,153-4,19128.9375,"(33, 12)",taxation,6,0.25,False,True,False
245,208-5,29977.77734375,"(26, 6)",taxation,6,0.25,False,True,False
245,222-4,37217.09375,"(20, 30)",taxation,6,0.25,False,True,False
245,211-4,24517.609375,"(39, 11)",taxation,6,0.25,False,True,False
245,185-4,37260.34375,"(30, 15)",taxation,6,0.25,False,True,False
245,70-4,38999.75,"(14, 49)",taxation,6,0.25,False,True,False
245,139-5,33602.07421875,"(26, 14)",taxation,6,0.25,False,True,False
245,213-4,37219.96875,"(15, 10)",taxation,6,0.25,False,True,False
245,200-4,35409.625,"(32, 10)",taxation,6,0.25,False,True,False
245,173-5,8300.359375,"(9, 17)",taxation,6,0.25,False,True,False
245,238-4,37183.125,"(37, 34)",taxation,6,0.25,False,True,False
245,197-4,29962.640625,"(7, 40)",taxation,6,0.25,False,True,False
245,219-5,32660.984375,"(14, 16)",taxation,6,0.25,False,True,False
245,44-4,24524.0,"(17, 42)",taxation,6,0.25,False,True,False
245,74-5,32634.25,"(16, 43)",taxation,6,0.25,False,True,False
245,171-4,37176.53125,"(44, 22)",taxation,6,0.25,False,True,False
245,167-5,29492.30078125,"(31, 9)",taxation,6,0.25,False,True,False
245,192-4,33588.1875,"(23, 31)",taxation,6,0.25,False,True,False
245,29-4,37247.953125,"(27, 29)",taxation,6,0.25,False,True,False
245,216-4,40800.375,"(25, 11)",taxation,6,0.25,False,True,False
245,105-4,33546.21875,"(40, 9)",taxation,6,0.25,False,True,False
245,217-4,22697.78125,"(46, 12)",taxation,6,0.25,False,True,False
245,66-4,40814.359375,"(45, 22)",taxation,6,0.25,False,True,False
245,159-4,29950.78125,"(31, 11)",taxation,6,0.25,False,True,False
245,75-5,26761.546875,"(9, 27)",taxation,6,0.25,False,True,False
245,143-4,37186.984375,"(36, 10)",taxation,6,0.25,False,True,False
245,170-5,25902.05078125,"(24, 13)",taxation,6,0.25,False,True,False
245,138-4,38944.109375,"(35, 12)",taxation,6,0.25,False,True,False
245,210-4,44392.921875,"(15, 49)",taxation,6,0.25,False,True,False
245,3-4,22669.515625,"(26, 32)",taxation,6,0.25,False,True,False
245,146-5,11855.484375,"(23, 32)",taxation,6,0.25,False,True,False
245,177-4,37222.234375,"(39, 30)",taxation,6,0.25,False,True,False
245,131-4,37208.3125,"(15, 42)",taxation,6,0.25,False,True,False
245,239-4,37223.71875,"(13, 14)",taxation,6,0.25,False,True,False
245,154-5,13618.734375,"(38, 38)",taxation,6,0.25,False,True,False
245,158-5,27227.296875,"(27, 28)",taxation,6,0.25,False,True,False
245,198-5,26763.7890625,"(37, 38)",taxation,6,0.25,False,True,False
245,187-5,15452.390625,"(29, 14)",taxation,6,0.25,False,True,False
245,176-5,973.640625,"(35, 29)",taxation,6,0.25,False,True,False
245,20-4,35362.3125,"(22, 35)",taxation,6,0.25,False,True,False
245,140-5,969.046875,"(21, 25)",taxation,6,0.25,False,True,False
246,240-4,13376.3125,"(30, 29)",taxation,6,0.25,False,True,False
246,179-4,32725.53125,"(18, 8)",taxation,6,0.25,False,True,False
246,31-4,44706.46875,"(13, 41)",taxation,6,0.25,False,True,False
246,150-3,42293.4375,"(29, 42)",taxation,6,0.25,False,True,False
246,12-3,47146.8125,"(29, 6)",taxation,6,0.25,False,True,False
246,98-4,20664.0625,"(15, 37)",taxation,6,0.25,False,True,False
246,126-3,49541.0625,"(31, 34)",taxation,6,0.25,False,True,False
246,28-4,34496.203125,"(21, 3)",taxation,6,0.25,False,True,False
246,40-4,41114.3125,"(24, 7)",taxation,6,0.25,False,True,False
246,1-4,29060.140625,"(11, 35)",taxation,6,0.25,False,True,False
246,76-4,37474.921875000015,"(29, 33)",taxation,6,0.25,False,True,False
246,67-3,37502.5625,"(33, 11)",taxation,6,0.25,False,True,False
246,241-4,35674.21875,"(28, 28)",taxation,6,0.25,False,True,False
246,149-4,33922.5625,"(20, 1)",taxation,6,0.25,False,True,False
246,17-4,41149.03125,"(25, 5)",taxation,6,0.25,False,True,False
246,0-4,26652.828125,"(16, 0)",taxation,6,0.25,False,True,False
246,22-4,42907.8125,"(33, 10)",taxation,6,0.25,False,True,False
246,10-4,39310.390625,"(19, 37)",taxation,6,0.25,False,True,False
246,242-4,17585.953125,"(25, 8)",taxation,6,0.25,False,True,False
246,142-4,24803.859375,"(29, 5)",taxation,6,0.25,False,True,False
246,189-4,33925.84375,"(35, 36)",taxation,6,0.25,False,True,False
246,63-4,35634.171875,"(14, 8)",taxation,6,0.25,False,True,False
246,165-4,44629.1875,"(24, 40)",taxation,6,0.25,False,True,False
246,94-4,13376.125,"(24, 4)",taxation,6,0.25,False,True,False
246,206-4,38034.328125,"(39, 24)",taxation,6,0.25,False,True,False
246,172-4,41027.484375,"(33, 40)",taxation,6,0.25,False,True,False
246,144-4,37477.90625,"(21, 7)",taxation,6,0.25,False,True,False
246,111-4,41033.515625,"(26, 42)",taxation,6,0.25,False,True,False
246,83-4,41053.671875,"(25, 4)",taxation,6,0.25,False,True,False
246,249-4,39296.5625,"(32, 31)",taxation,6,0.25,False,True,False
246,51-4,39280.40625,"(18, 38)",taxation,6,0.25,False,True,False
246,180-4,37483.265625,"(24, 38)",taxation,6,0.25,False,True,False
246,148-4,30190.953125,"(13, 35)",taxation,6,0.25,False,True,False
246,16-4,42889.34375,"(20, 36)",taxation,6,0.25,False,True,False
246,134-4,37457.25,"(23, 40)",taxation,6,0.25,False,True,False
246,73-4,39258.265625,"(27, 9)",taxation,6,0.25,False,True,False
246,54-4,37482.140625,"(14, 36)",taxation,6,0.25,False,True,False
246,38-4,39231.59375,"(44, 11)",taxation,6,0.25,False,True,False
246,6-4,42890.625,"(24, 3)",taxation,6,0.25,False,True,False
246,156-4,28357.96875,"(19, 35)",taxation,6,0.25,False,True,False
246,95-4,42865.65625,"(37, 4)",taxation,6,0.25,False,True,False
246,42-4,28460.21875,"(11, 37)",taxation,6,0.25,False,True,False
246,168-4,41055.15625,"(18, 37)",taxation,6,0.25,False,True,False
246,183-4,26607.796875,"(23, 36)",taxation,6,0.25,False,True,False
246,53-4,24770.765625,"(44, 29)",taxation,6,0.25,False,True,False
246,106-4,35654.859375,"(22, 2)",taxation,6,0.25,False,True,False
246,133-4,33872.1875,"(19, 0)",taxation,6,0.25,False,True,False
246,25-4,33823.6875,"(13, 37)",taxation,6,0.25,False,True,False
246,56-4,37481.171875,"(16, 37)",taxation,6,0.25,False,True,False
246,234-4,39203.34375,"(24, 12)",taxation,6,0.25,False,True,False
246,71-4,41082.203125,"(24, 35)",taxation,6,0.25,False,True,False
246,162-4,39221.15625,"(14, 35)",taxation,6,0.25,False,True,False
246,45-4,39216.109375,"(20, 40)",taxation,6,0.25,False,True,False
246,212-4,39296.609375,"(26, 37)",taxation,6,0.25,False,True,False
246,110-4,42833.3125,"(6, 17)",taxation,6,0.25,False,True,False
246,225-4,39247.421875,"(29, 40)",taxation,6,0.25,False,True,False
246,231-4,24769.109375,"(7, 16)",taxation,6,0.25,False,True,False
246,137-4,33801.53125,"(28, 33)",taxation,6,0.25,False,True,False
246,4-4,28398.515625,"(26, 7)",taxation,6,0.25,False,True,False
246,169-4,30200.4375,"(16, 1)",taxation,6,0.25,False,True,False
246,125-4,40984.125,"(6, 16)",taxation,6,0.25,False,True,False
246,122-4,31995.515625,"(11, 36)",taxation,6,0.25,False,True,False
246,226-4,37404.796875,"(31, 10)",taxation,6,0.25,False,True,False
246,5-4,17483.21875,"(26, 36)",taxation,6,0.25,False,True,False
246,209-4,42842.46875,"(20, 39)",taxation,6,0.25,False,True,False
246,205-4,19338.359375,"(27, 33)",taxation,6,0.25,False,True,False
246,130-4,40974.34375,"(38, 5)",taxation,6,0.25,False,True,False
246,91-4,41097.796875,"(11, 14)",taxation,6,0.25,False,True,False
246,214-4,24764.4375,"(24, 10)",taxation,6,0.25,False,True,False
246,196-4,26503.25,"(18, 45)",taxation,6,0.25,False,True,False
246,21-4,35602.015625,"(32, 38)",taxation,6,0.25,False,True,False
246,141-4,30171.53125,"(41, 8)",taxation,6,0.25,False,True,False
246,193-4,33796.84375,"(17, 1)",taxation,6,0.25,False,True,False
246,68-4,31959.984375,"(13, 40)",taxation,6,0.25,False,True,False
246,161-4,31947.875,"(26, 2)",taxation,6,0.25,False,True,False
246,147-4,37424.921875,"(17, 36)",taxation,6,0.25,False,True,False
246,175-4,31921.78125,"(15, 47)",taxation,6,0.25,False,True,False
246,55-4,41030.453125,"(26, 40)",taxation,6,0.25,False,True,False
246,50-4,42784.59375,"(29, 37)",taxation,6,0.25,False,True,False
246,113-4,39172.296875,"(15, 45)",taxation,6,0.25,False,True,False
246,201-4,26563.203125,"(13, 36)",taxation,6,0.25,False,True,False
246,102-4,26527.59375,"(17, 35)",taxation,6,0.25,False,True,False
246,112-4,40978.46875,"(18, 36)",taxation,6,0.25,False,True,False
246,41-4,41006.5,"(19, 3)",taxation,6,0.25,False,True,False
246,78-4,35615.515625,"(19, 1)",taxation,6,0.25,False,True,False
246,203-4,44611.765625,"(31, 5)",taxation,6,0.25,False,True,False
246,247-4,33779.5625,"(26, 38)",taxation,6,0.25,False,True,False
246,32-4,40967.359375,"(38, 3)",taxation,6,0.25,False,True,False
246,115-4,40977.484375,"(24, 6)",taxation,6,0.25,False,True,False
246,33-4,30122.703125,"(39, 12)",taxation,6,0.25,False,True,False
246,202-4,42773.375,"(35, 37)",taxation,6,0.25,False,True,False
246,155-4,39197.828125,"(34, 14)",taxation,6,0.25,False,True,False
246,207-4,30145.109375,"(20, 35)",taxation,6,0.25,False,True,False
246,145-4,39180.75,"(26, 4)",taxation,6,0.25,False,True,False
246,132-4,40989.484375,"(34, 20)",taxation,6,0.25,False,True,False
246,166-4,35535.578125,"(16, 35)",taxation,6,0.25,False,True,False
246,100-4,37385.671875,"(25, 40)",taxation,6,0.25,False,True,False
246,116-4,40996.84375,"(18, 5)",taxation,6,0.25,False,True,False
246,19-4,39189.75,"(22, 36)",taxation,6,0.25,False,True,False
246,233-4,35539.828125,"(16, 38)",taxation,6,0.25,False,True,False
246,64-4,37298.5,"(41, 10)",taxation,6,0.25,False,True,False
246,186-4,35573.640625,"(27, 3)",taxation,6,0.25,False,True,False
246,103-4,37362.40625,"(17, 37)",taxation,6,0.25,False,True,False
246,163-4,44538.125,"(35, 35)",taxation,6,0.25,False,True,False
246,221-4,35532.21875,"(20, 3)",taxation,6,0.25,False,True,False
246,86-4,37372.875,"(21, 2)",taxation,6,0.25,False,True,False
246,57-4,33742.765625,"(25, 37)",taxation,6,0.25,False,True,False
246,164-4,39191.828125,"(12, 37)",taxation,6,0.25,False,True,False
246,92-4,40955.1875,"(28, 36)",taxation,6,0.25,False,True,False
246,174-4,40967.84375,"(21, 38)",taxation,6,0.25,False,True,False
246,89-4,39129.296875,"(25, 35)",taxation,6,0.25,False,True,False
246,188-4,37349.34375,"(37, 18)",taxation,6,0.25,False,True,False
246,11-4,30115.890625,"(16, 39)",taxation,6,0.25,False,True,False
246,2-4,37399.859375,"(21, 39)",taxation,6,0.25,False,True,False
246,90-4,33735.90625,"(28, 7)",taxation,6,0.25,False,True,False
246,120-4,42780.875,"(19, 46)",taxation,6,0.25,False,True,False
246,48-4,39106.125,"(14, 33)",taxation,6,0.25,False,True,False
246,69-4,40926.90625,"(24, 5)",taxation,6,0.25,False,True,False
246,97-4,30067.484375,"(33, 33)",taxation,6,0.25,False,True,False
246,13-4,35546.515625,"(18, 44)",taxation,6,0.25,False,True,False
246,58-4,39122.90625,"(19, 5)",taxation,6,0.25,False,True,False
246,52-4,28287.328125,"(21, 11)",taxation,6,0.25,False,True,False
246,117-4,33690.21875,"(34, 21)",taxation,6,0.25,False,True,False
246,27-4,33699.546875,"(21, 36)",taxation,6,0.25,False,True,False
246,121-4,37364.0,"(12, 36)",taxation,6,0.25,False,True,False
246,107-4,40939.65625,"(5, 18)",taxation,6,0.25,False,True,False
246,85-4,33700.3125,"(31, 37)",taxation,6,0.25,False,True,False
246,237-4,30066.484375,"(44, 12)",taxation,6,0.25,False,True,False
246,18-4,42748.234375,"(48, 11)",taxation,6,0.25,False,True,False
246,96-4,42788.28125,"(11, 33)",taxation,6,0.25,False,True,False
246,160-4,33723.3125,"(20, 4)",taxation,6,0.25,False,True,False
246,37-4,39137.046875,"(31, 6)",taxation,6,0.25,False,True,False
246,30-4,42760.703125,"(27, 41)",taxation,6,0.25,False,True,False
246,235-4,37301.953125,"(19, 47)",taxation,6,0.25,False,True,False
246,80-4,40916.46875,"(49, 11)",taxation,6,0.25,False,True,False
246,14-4,10223.90625,"(9, 14)",taxation,6,0.25,False,True,False
246,104-4,35548.84375,"(26, 41)",taxation,6,0.25,False,True,False
246,184-4,37290.203125,"(20, 6)",taxation,6,0.25,False,True,False
246,229-4,40956.765625,"(31, 32)",taxation,6,0.25,False,True,False
246,136-4,30032.28125,"(12, 13)",taxation,6,0.25,False,True,False
246,232-4,22778.765625,"(42, 12)",taxation,6,0.25,False,True,False
246,7-4,28263.03125,"(35, 15)",taxation,6,0.25,False,True,False
246,248-4,37297.890625,"(32, 39)",taxation,6,0.25,False,True,False
246,61-4,44581.640625,"(16, 2)",taxation,6,0.25,False,True,False
246,88-4,37336.25,"(12, 34)",taxation,6,0.25,False,True,False
246,72-4,42706.40625,"(29, 2)",taxation,6,0.25,False,True,False
246,62-4,37325.59375,"(23, 3)",taxation,6,0.25,False,True,False
246,194-4,33671.96875,"(18, 43)",taxation,6,0.25,False,True,False
246,236-4,37292.203125,"(27, 38)",taxation,6,0.25,False,True,False
246,124-4,35437.140625,"(32, 29)",taxation,6,0.25,False,True,False
246,36-4,28262.578125,"(29, 7)",taxation,6,0.25,False,True,False
246,215-4,40927.96875,"(35, 14)",taxation,6,0.25,False,True,False
246,152-4,39099.640625,"(7, 17)",taxation,6,0.25,False,True,False
246,82-4,39111.09375,"(25, 28)",taxation,6,0.25,False,True,False
246,127-4,39120.125,"(30, 30)",taxation,6,0.25,False,True,False
246,47-4,26395.734375,"(14, 45)",taxation,6,0.25,False,True,False
246,223-4,26427.125,"(21, 37)",taxation,6,0.25,False,True,False
246,108-4,21009.515625,"(29, 4)",taxation,6,0.25,False,True,False
246,65-4,42694.203125,"(20, 2)",taxation,6,0.25,False,True,False
246,109-4,37281.40625,"(32, 6)",taxation,6,0.25,False,True,False
246,26-4,30063.171875,"(16, 36)",taxation,6,0.25,False,True,False
246,59-4,33703.953125,"(14, 15)",taxation,6,0.25,False,True,False
246,99-4,35468.953125,"(5, 17)",taxation,6,0.25,False,True,False
246,84-4,37304.46875,"(25, 3)",taxation,6,0.25,False,True,False
246,128-4,40915.6875,"(25, 41)",taxation,6,0.25,False,True,False
246,8-4,37307.1875,"(21, 35)",taxation,6,0.25,False,True,False
246,77-4,31831.34375,"(29, 41)",taxation,6,0.25,False,True,False
246,157-4,35460.890625,"(38, 9)",taxation,6,0.25,False,True,False
246,123-4,42661.171875,"(22, 38)",taxation,6,0.25,False,True,False
246,195-4,17359.453125,"(20, 37)",taxation,6,0.25,False,True,False
246,87-4,37256.96875,"(30, 6)",taxation,6,0.25,False,True,False
246,119-4,37276.8125,"(27, 40)",taxation,6,0.25,False,True,False
246,199-4,42694.1875,"(30, 5)",taxation,6,0.25,False,True,False
246,129-4,35481.375,"(17, 39)",taxation,6,0.25,False,True,False
246,43-4,37274.109375,"(33, 13)",taxation,6,0.25,False,True,False
246,190-4,37225.796875,"(18, 42)",taxation,6,0.25,False,True,False
246,46-4,26422.375,"(21, 6)",taxation,6,0.25,False,True,False
246,15-4,33648.546875,"(32, 7)",taxation,6,0.25,False,True,False
246,245-4,40845.546875,"(25, 10)",taxation,6,0.25,False,True,False
246,178-4,40845.140625,"(25, 26)",taxation,6,0.25,False,True,False
246,151-4,29989.140625,"(18, 35)",taxation,6,0.25,False,True,False
246,79-4,35465.640625,"(18, 1)",taxation,6,0.25,False,True,False
246,114-4,42689.984375,"(17, 41)",taxation,6,0.25,False,True,False
246,230-4,30010.5,"(17, 38)",taxation,6,0.25,False,True,False
246,224-4,31788.484375,"(46, 11)",taxation,6,0.25,False,True,False
246,93-4,17325.0,"(25, 36)",taxation,6,0.25,False,True,False
246,35-4,37232.40625,"(27, 7)",taxation,6,0.25,False,True,False
246,135-4,37219.546875,"(30, 37)",taxation,6,0.25,False,True,False
246,24-4,30008.59375,"(43, 12)",taxation,6,0.25,False,True,False
246,49-4,35440.65625,"(36, 5)",taxation,6,0.25,False,True,False
246,34-4,33609.125,"(27, 6)",taxation,6,0.25,False,True,False
246,60-4,39040.578125,"(25, 7)",taxation,6,0.25,False,True,False
246,220-4,40899.9375,"(30, 9)",taxation,6,0.25,False,True,False
246,227-4,40850.28125,"(22, 37)",taxation,6,0.25,False,True,False
246,228-5,22310.453125,"(11, 34)",taxation,6,0.25,False,True,False
246,218-4,42659.59375,"(31, 33)",taxation,6,0.25,False,True,False
246,181-4,37187.953125000015,"(36, 4)",taxation,6,0.25,False,True,False
246,39-4,26350.21875,"(15, 39)",taxation,6,0.25,False,True,False
246,81-4,35442.265625,"(22, 22)",taxation,6,0.25,False,True,False
246,9-4,31812.453125,"(19, 38)",taxation,6,0.25,False,True,False
246,244-4,42669.65625,"(15, 38)",taxation,6,0.25,False,True,False
246,118-4,40816.21875,"(26, 5)",taxation,6,0.25,False,True,False
246,204-4,40813.28125,"(18, 39)",taxation,6,0.25,False,True,False
246,101-4,37255.421875,"(24, 34)",taxation,6,0.25,False,True,False
246,243-4,35407.84375,"(7, 15)",taxation,6,0.25,False,True,False
246,153-4,19137.9375,"(28, 6)",taxation,6,0.25,False,True,False
246,208-5,29987.77734375,"(23, 2)",taxation,6,0.25,False,True,False
246,222-4,37221.09375,"(20, 25)",taxation,6,0.25,False,True,False
246,211-4,24525.609375,"(37, 5)",taxation,6,0.25,False,True,False
246,185-4,37267.34375,"(32, 11)",taxation,6,0.25,False,True,False
246,70-4,39007.75,"(19, 49)",taxation,6,0.25,False,True,False
246,139-5,33610.07421875,"(21, 8)",taxation,6,0.25,False,True,False
246,213-4,37228.96875,"(21, 4)",taxation,6,0.25,False,True,False
246,200-4,35418.625,"(27, 4)",taxation,6,0.25,False,True,False
246,173-5,8307.359375,"(8, 15)",taxation,6,0.25,False,True,False
246,238-4,37189.125,"(32, 34)",taxation,6,0.25,False,True,False
246,197-4,29970.640625,"(10, 35)",taxation,6,0.25,False,True,False
246,219-5,32667.984375,"(10, 13)",taxation,6,0.25,False,True,False
246,44-4,24533.0,"(20, 38)",taxation,6,0.25,False,True,False
246,74-5,32642.25,"(14, 43)",taxation,6,0.25,False,True,False
246,171-4,37181.53125,"(43, 17)",taxation,6,0.25,False,True,False
246,167-5,29501.30078125,"(26, 3)",taxation,6,0.25,False,True,False
246,192-4,33593.1875,"(29, 31)",taxation,6,0.25,False,True,False
246,29-4,37255.953125,"(23, 34)",taxation,6,0.25,False,True,False
246,216-4,40809.375,"(25, 6)",taxation,6,0.25,False,True,False
246,105-4,33554.21875,"(38, 4)",taxation,6,0.25,False,True,False
246,217-4,22704.78125,"(47, 9)",taxation,6,0.25,False,True,False
246,66-4,40819.359375,"(42, 17)",taxation,6,0.25,False,True,False
246,159-4,29959.78125,"(29, 8)",taxation,6,0.25,False,True,False
246,75-5,26769.546875,"(10, 32)",taxation,6,0.25,False,True,False
246,143-4,37194.984375,"(35, 4)",taxation,6,0.25,False,True,False
246,170-5,25910.05078125,"(23, 7)",taxation,6,0.25,False,True,False
246,138-4,38953.109375,"(30, 7)",taxation,6,0.25,False,True,False
246,210-4,44400.921875,"(18, 47)",taxation,6,0.25,False,True,False
246,3-4,22675.515625,"(30, 34)",taxation,6,0.25,False,True,False
246,146-5,11864.484375,"(19, 36)",taxation,6,0.25,False,True,False
246,177-4,37227.234375,"(33, 28)",taxation,6,0.25,False,True,False
246,131-4,37216.3125,"(16, 40)",taxation,6,0.25,False,True,False
246,239-4,37232.71875,"(17, 8)",taxation,6,0.25,False,True,False
246,154-5,13624.734375,"(33, 41)",taxation,6,0.25,False,True,False
246,158-5,27233.296875,"(31, 29)",taxation,6,0.25,False,True,False
246,198-5,26770.7890625,"(31, 44)",taxation,6,0.25,False,True,False
246,187-5,15459.390625,"(30, 10)",taxation,6,0.25,False,True,False
246,176-5,979.640625,"(32, 30)",taxation,6,0.25,False,True,False
246,20-4,35370.3125,"(19, 39)",taxation,6,0.25,False,True,False
246,140-5,974.046875,"(22, 23)",taxation,6,0.25,False,True,False
246,23-5,30372.375,"(43, 22)",taxation,6,0.25,False,True,False
246,191-4,42605.671875,"(20, 10)",taxation,6,0.25,False,True,False
246,182-5,29456.91796875,"(28, 40)",taxation,6,0.25,False,True,False
246,246-5,28140.234375,"(12, 35)",taxation,6,0.25,False,True,False
247,179-4,32732.53125,"(22, 7)",taxation,6,0.25,False,True,False
247,12-3,47155.8125,"(32, 3)",taxation,6,0.25,False,True,False
247,126-3,49548.0625,"(31, 40)",taxation,6,0.25,False,True,False
247,1-4,29069.140625,"(10, 34)",taxation,6,0.25,False,True,False
247,76-4,37480.921875000015,"(27, 36)",taxation,6,0.25,False,True,False
247,67-3,37510.5625,"(35, 6)",taxation,6,0.25,False,True,False
247,241-4,35679.21875,"(30, 28)",taxation,6,0.25,False,True,False
247,149-4,33931.5625,"(18, 2)",taxation,6,0.25,False,True,False
247,17-4,41159.03125,"(26, 1)",taxation,6,0.25,False,True,False
247,0-4,26662.828125,"(17, 2)",taxation,6,0.25,False,True,False
247,22-4,42915.8125,"(33, 5)",taxation,6,0.25,False,True,False
247,10-4,39317.390625,"(23, 42)",taxation,6,0.25,False,True,False
247,242-4,17594.953125,"(31, 2)",taxation,6,0.25,False,True,False
247,142-4,24812.859375,"(32, 2)",taxation,6,0.25,False,True,False
247,189-4,33932.84375,"(31, 39)",taxation,6,0.25,False,True,False
247,63-4,35641.171875,"(13, 12)",taxation,6,0.25,False,True,False
247,165-4,44638.1875,"(22, 43)",taxation,6,0.25,False,True,False
247,94-4,13386.125,"(25, 1)",taxation,6,0.25,False,True,False
247,206-4,38040.328125,"(36, 18)",taxation,6,0.25,False,True,False
247,172-4,41035.484375,"(30, 44)",taxation,6,0.25,False,True,False
247,144-4,37485.90625,"(27, 8)",taxation,6,0.25,False,True,False
247,111-4,41041.515625,"(24, 46)",taxation,6,0.25,False,True,False
247,83-4,41062.671875,"(31, 1)",taxation,6,0.25,False,True,False
247,249-4,39302.5625,"(32, 36)",taxation,6,0.25,False,True,False
247,51-4,39288.40625,"(15, 43)",taxation,6,0.25,False,True,False
247,180-4,37490.265625,"(24, 44)",taxation,6,0.25,False,True,False
247,148-4,30198.953125,"(8, 35)",taxation,6,0.25,False,True,False
247,16-4,42898.34375,"(20, 42)",taxation,6,0.25,False,True,False
247,134-4,37465.25,"(23, 45)",taxation,6,0.25,False,True,False
247,73-4,39266.265625,"(32, 5)",taxation,6,0.25,False,True,False
247,54-4,37490.140625,"(9, 37)",taxation,6,0.25,False,True,False
247,38-4,39239.59375,"(44, 5)",taxation,6,0.25,False,True,False
247,6-4,42899.625,"(28, 1)",taxation,6,0.25,False,True,False
247,156-4,28364.96875,"(15, 40)",taxation,6,0.25,False,True,False
247,95-4,42874.65625,"(36, 1)",taxation,6,0.25,False,True,False
247,42-4,28468.21875,"(7, 38)",taxation,6,0.25,False,True,False
247,168-4,41064.15625,"(20, 43)",taxation,6,0.25,False,True,False
247,183-4,26616.796875,"(22, 42)",taxation,6,0.25,False,True,False
247,53-4,24775.765625,"(38, 29)",taxation,6,0.25,False,True,False
247,106-4,35665.859375,"(23, 1)",taxation,6,0.25,False,True,False
247,133-4,33882.1875,"(23, 0)",taxation,6,0.25,False,True,False
247,25-4,33831.6875,"(11, 38)",taxation,6,0.25,False,True,False
247,56-4,37489.171875,"(10, 39)",taxation,6,0.25,False,True,False
247,234-4,39210.34375,"(24, 11)",taxation,6,0.25,False,True,False
247,71-4,41089.203125,"(26, 39)",taxation,6,0.25,False,True,False
247,162-4,39230.15625,"(18, 40)",taxation,6,0.25,False,True,False
247,45-4,39225.109375,"(21, 43)",taxation,6,0.25,False,True,False
247,212-4,39305.609375,"(23, 41)",taxation,6,0.25,False,True,False
247,110-4,42841.3125,"(5, 19)",taxation,6,0.25,False,True,False
247,225-4,39255.421875,"(27, 43)",taxation,6,0.25,False,True,False
247,231-4,24776.109375,"(8, 14)",taxation,6,0.25,False,True,False
247,137-4,33808.53125,"(30, 38)",taxation,6,0.25,False,True,False
247,4-4,28407.515625,"(32, 1)",taxation,6,0.25,False,True,False
247,169-4,30207.4375,"(22, 5)",taxation,6,0.25,False,True,False
247,125-4,40991.125,"(6, 15)",taxation,6,0.25,False,True,False
247,122-4,32003.515625,"(9, 39)",taxation,6,0.25,False,True,False
247,226-4,37412.796875,"(34, 6)",taxation,6,0.25,False,True,False
247,5-4,17490.21875,"(30, 42)",taxation,6,0.25,False,True,False
247,209-4,42850.46875,"(24, 45)",taxation,6,0.25,False,True,False
247,205-4,19345.359375,"(28, 39)",taxation,6,0.25,False,True,False
247,130-4,40983.34375,"(35, 1)",taxation,6,0.25,False,True,False
247,91-4,41105.796875,"(13, 9)",taxation,6,0.25,False,True,False
247,214-4,24772.4375,"(21, 10)",taxation,6,0.25,False,True,False
247,196-4,26512.25,"(19, 45)",taxation,6,0.25,False,True,False
247,21-4,35610.015625,"(29, 44)",taxation,6,0.25,False,True,False
247,141-4,30180.53125,"(37, 3)",taxation,6,0.25,False,True,False
247,193-4,33805.84375,"(17, 3)",taxation,6,0.25,False,True,False
247,68-4,31967.984375,"(10, 40)",taxation,6,0.25,False,True,False
247,161-4,31956.875,"(24, 2)",taxation,6,0.25,False,True,False
247,147-4,37432.921875,"(11, 39)",taxation,6,0.25,False,True,False
247,175-4,31930.78125,"(19, 48)",taxation,6,0.25,False,True,False
247,55-4,41039.453125,"(22, 41)",taxation,6,0.25,False,True,False
247,50-4,42791.59375,"(28, 42)",taxation,6,0.25,False,True,False
247,113-4,39180.296875,"(14, 46)",taxation,6,0.25,False,True,False
247,201-4,26571.203125,"(14, 38)",taxation,6,0.25,False,True,False
247,102-4,26536.59375,"(18, 41)",taxation,6,0.25,False,True,False
247,112-4,40987.46875,"(21, 41)",taxation,6,0.25,False,True,False
247,41-4,41014.5,"(19, 7)",taxation,6,0.25,False,True,False
247,78-4,35625.515625,"(22, 0)",taxation,6,0.25,False,True,False
247,203-4,44621.765625,"(26, 0)",taxation,6,0.25,False,True,False
247,247-4,33788.5625,"(24, 41)",taxation,6,0.25,False,True,False
247,32-4,40976.359375,"(37, 2)",taxation,6,0.25,False,True,False
247,115-4,40986.484375,"(29, 0)",taxation,6,0.25,False,True,False
247,33-4,30130.703125,"(38, 8)",taxation,6,0.25,False,True,False
247,202-4,42780.375,"(32, 42)",taxation,6,0.25,False,True,False
247,155-4,39204.828125,"(32, 12)",taxation,6,0.25,False,True,False
247,207-4,30154.109375,"(20, 41)",taxation,6,0.25,False,True,False
247,145-4,39189.75,"(31, 0)",taxation,6,0.25,False,True,False
247,132-4,40995.484375,"(33, 20)",taxation,6,0.25,False,True,False
247,166-4,35542.578125,"(11, 31)",taxation,6,0.25,False,True,False
247,100-4,37394.671875,"(24, 42)",taxation,6,0.25,False,True,False
247,116-4,41007.84375,"(18, 0)",taxation,6,0.25,False,True,False
247,19-4,39195.75,"(27, 39)",taxation,6,0.25,False,True,False
247,233-4,35547.828125,"(12, 39)",taxation,6,0.25,False,True,False
247,64-4,37306.5,"(39, 8)",taxation,6,0.25,False,True,False
247,186-4,35583.640625,"(27, 0)",taxation,6,0.25,False,True,False
247,103-4,37370.40625,"(14, 41)",taxation,6,0.25,False,True,False
247,163-4,44545.125,"(32, 40)",taxation,6,0.25,False,True,False
247,221-4,35542.21875,"(21, 0)",taxation,6,0.25,False,True,False
247,86-4,37377.875,"(15, 8)",taxation,6,0.25,False,True,False
247,57-4,33749.765625,"(28, 43)",taxation,6,0.25,False,True,False
247,164-4,39199.828125,"(8, 40)",taxation,6,0.25,False,True,False
247,92-4,40961.1875,"(28, 37)",taxation,6,0.25,False,True,False
247,174-4,40976.84375,"(21, 44)",taxation,6,0.25,False,True,False
247,89-4,39136.296875,"(25, 39)",taxation,6,0.25,False,True,False
247,188-4,37355.34375,"(36, 17)",taxation,6,0.25,False,True,False
247,11-4,30123.890625,"(14, 42)",taxation,6,0.25,False,True,False
247,2-4,37407.859375,"(22, 45)",taxation,6,0.25,False,True,False
247,90-4,33744.90625,"(33, 1)",taxation,6,0.25,False,True,False
247,120-4,42788.875,"(20, 47)",taxation,6,0.25,False,True,False
247,48-4,39114.125,"(8, 33)",taxation,6,0.25,False,True,False
247,69-4,40934.90625,"(28, 0)",taxation,6,0.25,False,True,False
247,97-4,30074.484375,"(30, 39)",taxation,6,0.25,False,True,False
247,13-4,35555.515625,"(19, 44)",taxation,6,0.25,False,True,False
247,58-4,39131.90625,"(18, 4)",taxation,6,0.25,False,True,False
247,52-4,28296.328125,"(20, 5)",taxation,6,0.25,False,True,False
247,117-4,33696.21875,"(32, 19)",taxation,6,0.25,False,True,False
247,27-4,33705.546875,"(22, 39)",taxation,6,0.25,False,True,False
247,121-4,37372.0,"(10, 38)",taxation,6,0.25,False,True,False
247,107-4,40946.65625,"(3, 18)",taxation,6,0.25,False,True,False
247,85-4,33707.3125,"(32, 41)",taxation,6,0.25,False,True,False
247,237-4,30074.484375,"(44, 7)",taxation,6,0.25,False,True,False
247,18-4,42756.234375,"(46, 5)",taxation,6,0.25,False,True,False
247,96-4,42797.28125,"(10, 33)",taxation,6,0.25,False,True,False
247,160-4,33729.3125,"(22, 9)",taxation,6,0.25,False,True,False
247,37-4,39146.046875,"(33, 2)",taxation,6,0.25,False,True,False
247,30-4,42768.703125,"(29, 46)",taxation,6,0.25,False,True,False
247,235-4,37309.953125,"(20, 48)",taxation,6,0.25,False,True,False
247,80-4,40924.46875,"(47, 5)",taxation,6,0.25,False,True,False
247,14-4,10231.90625,"(4, 20)",taxation,6,0.25,False,True,False
247,104-4,35556.84375,"(23, 46)",taxation,6,0.25,False,True,False
247,184-4,37298.203125,"(23, 6)",taxation,6,0.25,False,True,False
247,229-4,40962.765625,"(31, 36)",taxation,6,0.25,False,True,False
247,136-4,30040.28125,"(14, 10)",taxation,6,0.25,False,True,False
247,232-4,22786.765625,"(40, 7)",taxation,6,0.25,False,True,False
247,7-4,28270.03125,"(35, 11)",taxation,6,0.25,False,True,False
247,248-4,37305.890625,"(28, 45)",taxation,6,0.25,False,True,False
247,61-4,44587.640625,"(20, 8)",taxation,6,0.25,False,True,False
247,88-4,37344.25,"(8, 32)",taxation,6,0.25,False,True,False
247,72-4,42715.40625,"(30, 0)",taxation,6,0.25,False,True,False
247,62-4,37335.59375,"(21, 1)",taxation,6,0.25,False,True,False
247,194-4,33679.96875,"(21, 46)",taxation,6,0.25,False,True,False
247,236-4,37299.203125,"(29, 43)",taxation,6,0.25,False,True,False
247,124-4,35442.140625,"(33, 29)",taxation,6,0.25,False,True,False
247,36-4,28273.578125,"(24, 1)",taxation,6,0.25,False,True,False
247,215-4,40934.96875,"(34, 11)",taxation,6,0.25,False,True,False
247,152-4,39106.640625,"(5, 16)",taxation,6,0.25,False,True,False
247,82-4,39116.09375,"(24, 25)",taxation,6,0.25,False,True,False
247,127-4,39126.125,"(30, 36)",taxation,6,0.25,False,True,False
247,47-4,26404.734375,"(20, 46)",taxation,6,0.25,False,True,False
247,223-4,26435.125,"(25, 43)",taxation,6,0.25,False,True,False
247,108-4,21019.515625,"(29, 1)",taxation,6,0.25,False,True,False
247,65-4,42705.203125,"(20, 0)",taxation,6,0.25,False,True,False
247,109-4,37290.40625,"(33, 3)",taxation,6,0.25,False,True,False
247,26-4,30071.171875,"(11, 41)",taxation,6,0.25,False,True,False
247,59-4,33711.953125,"(14, 9)",taxation,6,0.25,False,True,False
247,99-4,35475.953125,"(4, 17)",taxation,6,0.25,False,True,False
247,84-4,37314.46875,"(25, 2)",taxation,6,0.25,False,True,False
247,128-4,40924.6875,"(23, 43)",taxation,6,0.25,False,True,False
247,8-4,37313.1875,"(23, 39)",taxation,6,0.25,False,True,False
247,77-4,31839.34375,"(27, 45)",taxation,6,0.25,False,True,False
247,157-4,35469.890625,"(34, 3)",taxation,6,0.25,False,True,False
247,123-4,42670.171875,"(22, 44)",taxation,6,0.25,False,True,False
247,195-4,17366.453125,"(24, 43)",taxation,6,0.25,False,True,False
247,87-4,37266.96875,"(28, 2)",taxation,6,0.25,False,True,False
247,119-4,37285.8125,"(23, 44)",taxation,6,0.25,False,True,False
247,199-4,42703.1875,"(31, 3)",taxation,6,0.25,False,True,False
247,129-4,35488.375,"(17, 45)",taxation,6,0.25,False,True,False
247,43-4,37282.109375,"(36, 8)",taxation,6,0.25,False,True,False
247,190-4,37234.796875,"(19, 42)",taxation,6,0.25,False,True,False
247,46-4,26431.375,"(22, 3)",taxation,6,0.25,False,True,False
247,15-4,33657.546875,"(32, 4)",taxation,6,0.25,False,True,False
247,245-4,40853.546875,"(28, 5)",taxation,6,0.25,False,True,False
247,178-4,40851.140625,"(29, 20)",taxation,6,0.25,False,True,False
247,151-4,29998.140625,"(19, 40)",taxation,6,0.25,False,True,False
247,79-4,35472.640625,"(23, 4)",taxation,6,0.25,False,True,False
247,114-4,42698.984375,"(19, 43)",taxation,6,0.25,False,True,False
247,230-4,30018.5,"(12, 42)",taxation,6,0.25,False,True,False
247,224-4,31796.484375,"(45, 6)",taxation,6,0.25,False,True,False
247,93-4,17332.0,"(28, 41)",taxation,6,0.25,False,True,False
247,35-4,37240.40625,"(33, 4)",taxation,6,0.25,False,True,False
247,135-4,37227.546875,"(26, 43)",taxation,6,0.25,False,True,False
247,24-4,30016.59375,"(43, 6)",taxation,6,0.25,False,True,False
247,49-4,35449.65625,"(34, 2)",taxation,6,0.25,False,True,False
247,34-4,33619.125,"(25, 0)",taxation,6,0.25,False,True,False
247,60-4,39049.578125,"(22, 4)",taxation,6,0.25,False,True,False
247,220-4,40908.9375,"(30, 3)",taxation,6,0.25,False,True,False
247,227-4,40856.28125,"(27, 37)",taxation,6,0.25,False,True,False
247,228-5,22318.453125,"(9, 33)",taxation,6,0.25,False,True,False
247,218-4,42665.59375,"(32, 37)",taxation,6,0.25,False,True,False
247,181-4,37196.953125000015,"(36, 2)",taxation,6,0.25,False,True,False
247,39-4,26359.21875,"(20, 44)",taxation,6,0.25,False,True,False
247,81-4,35448.265625,"(25, 17)",taxation,6,0.25,False,True,False
247,9-4,31821.453125,"(19, 41)",taxation,6,0.25,False,True,False
247,244-4,42676.65625,"(10, 37)",taxation,6,0.25,False,True,False
247,118-4,40825.21875,"(32, 0)",taxation,6,0.25,False,True,False
247,204-4,40821.28125,"(14, 44)",taxation,6,0.25,False,True,False
247,101-4,37264.421875,"(21, 40)",taxation,6,0.25,False,True,False
247,243-4,35415.84375,"(4, 18)",taxation,6,0.25,False,True,False
247,153-4,19146.9375,"(29, 3)",taxation,6,0.25,False,True,False
247,208-5,29998.77734375,"(17, 0)",taxation,6,0.25,False,True,False
247,222-4,37227.09375,"(17, 20)",taxation,6,0.25,False,True,False
247,211-4,24534.609375,"(36, 3)",taxation,6,0.25,False,True,False
247,185-4,37275.34375,"(35, 7)",taxation,6,0.25,False,True,False
247,70-4,39015.75,"(18, 49)",taxation,6,0.25,False,True,False
247,139-5,33619.07421875,"(21, 5)",taxation,6,0.25,False,True,False
247,213-4,37238.96875,"(24, 0)",taxation,6,0.25,False,True,False
247,200-4,35428.625,"(27, 1)",taxation,6,0.25,False,True,False
247,173-5,8315.359375,"(4, 19)",taxation,6,0.25,False,True,False
247,238-4,37195.125,"(34, 37)",taxation,6,0.25,False,True,False
247,197-4,29978.640625,"(9, 36)",taxation,6,0.25,False,True,False
247,219-5,32675.984375,"(13, 10)",taxation,6,0.25,False,True,False
247,44-4,24540.0,"(21, 42)",taxation,6,0.25,False,True,False
247,74-5,32651.25,"(17, 40)",taxation,6,0.25,False,True,False
247,171-4,37188.53125,"(41, 11)",taxation,6,0.25,False,True,False
247,167-5,29511.30078125,"(27, 2)",taxation,6,0.25,False,True,False
247,192-4,33599.1875,"(32, 33)",taxation,6,0.25,False,True,False
247,29-4,37262.953125,"(22, 40)",taxation,6,0.25,False,True,False
247,216-4,40818.375,"(30, 2)",taxation,6,0.25,False,True,False
247,105-4,33563.21875,"(37, 1)",taxation,6,0.25,False,True,False
247,217-4,22712.78125,"(48, 7)",taxation,6,0.25,False,True,False
247,66-4,40826.359375,"(36, 11)",taxation,6,0.25,False,True,False
247,159-4,29967.78125,"(28, 4)",taxation,6,0.25,False,True,False
247,75-5,26777.546875,"(9, 32)",taxation,6,0.25,False,True,False
247,143-4,37203.984375,"(35, 2)",taxation,6,0.25,False,True,False
247,170-5,25918.05078125,"(27, 5)",taxation,6,0.25,False,True,False
247,138-4,38962.109375,"(31, 4)",taxation,6,0.25,False,True,False
247,210-4,44408.921875,"(18, 48)",taxation,6,0.25,False,True,False
247,3-4,22683.515625,"(24, 39)",taxation,6,0.25,False,True,False
247,146-5,11870.484375,"(25, 38)",taxation,6,0.25,False,True,False
247,177-4,37233.234375,"(32, 28)",taxation,6,0.25,False,True,False
247,131-4,37225.3125,"(20, 45)",taxation,6,0.25,False,True,False
247,239-4,37242.71875,"(19, 2)",taxation,6,0.25,False,True,False
247,154-5,13632.734375,"(28, 44)",taxation,6,0.25,False,True,False
247,158-5,27238.296875,"(31, 30)",taxation,6,0.25,False,True,False
247,198-5,26778.7890625,"(30, 46)",taxation,6,0.25,False,True,False
247,187-5,15468.390625,"(30, 4)",taxation,6,0.25,False,True,False
247,176-5,985.640625,"(31, 31)",taxation,6,0.25,False,True,False
247,20-4,35378.3125,"(21, 45)",taxation,6,0.25,False,True,False
247,140-5,980.046875,"(24, 19)",taxation,6,0.25,False,True,False
247,23-5,30378.375,"(43, 16)",taxation,6,0.25,False,True,False
247,191-4,42612.671875,"(23, 8)",taxation,6,0.25,False,True,False
247,182-5,29464.91796875,"(28, 46)",taxation,6,0.25,False,True,False
247,246-5,28148.234375,"(9, 38)",taxation,6,0.25,False,True,False
247,150-4,31726.828125,"(25, 42)",taxation,6,0.25,False,True,False
247,28-5,25880.40234375,"(22, 1)",taxation,6,0.25,False,True,False
247,240-5,10036.734375,"(31, 28)",taxation,6,0.25,False,True,False
247,31-5,33535.8515625,"(13, 42)",taxation,6,0.25,False,True,False
247,40-5,30842.484375,"(30, 1)",taxation,6,0.25,False,True,False
247,98-5,15504.046875,"(9, 42)",taxation,6,0.25,False,True,False
248,179-4,32738.53125,"(20, 13)",taxation,6,0.25,False,True,False
248,126-3,49555.0625,"(34, 41)",taxation,6,0.25,False,True,False
248,1-4,29078.140625,"(8, 30)",taxation,6,0.25,False,True,False
248,67-3,37519.5625,"(39, 4)",taxation,6,0.25,False,True,False
248,149-4,33933.5625,"(16, 4)",taxation,6,0.25,False,True,False
248,17-4,41167.03125,"(28, 3)",taxation,6,0.25,False,True,False
248,0-4,26664.828125,"(18, 3)",taxation,6,0.25,False,True,False
248,22-4,42923.8125,"(39, 6)",taxation,6,0.25,False,True,False
248,10-4,39326.390625,"(25, 48)",taxation,6,0.25,False,True,False
248,242-4,17601.953125,"(37, 8)",taxation,6,0.25,False,True,False
248,142-4,24821.859375,"(34, 5)",taxation,6,0.25,False,True,False
248,189-4,33940.84375,"(30, 45)",taxation,6,0.25,False,True,False
248,63-4,35649.171875,"(13, 13)",taxation,6,0.25,False,True,False
248,165-4,44647.1875,"(24, 48)",taxation,6,0.25,False,True,False
248,94-4,13388.125,"(19, 4)",taxation,6,0.25,False,True,False
248,206-4,38047.328125,"(35, 18)",taxation,6,0.25,False,True,False
248,172-4,41038.484375,"(35, 38)",taxation,6,0.25,False,True,False
248,144-4,37492.90625,"(26, 12)",taxation,6,0.25,False,True,False
248,111-4,41050.515625,"(25, 49)",taxation,6,0.25,False,True,False
248,83-4,41070.671875,"(37, 7)",taxation,6,0.25,False,True,False
248,249-4,39309.5625,"(35, 39)",taxation,6,0.25,False,True,False
248,51-4,39296.40625,"(11, 42)",taxation,6,0.25,False,True,False
248,180-4,37492.265625,"(30, 41)",taxation,6,0.25,False,True,False
248,148-4,30206.953125,"(5, 35)",taxation,6,0.25,False,True,False
248,16-4,42906.34375,"(17, 48)",taxation,6,0.25,False,True,False
248,134-4,37474.25,"(24, 47)",taxation,6,0.25,False,True,False
248,73-4,39273.265625,"(38, 2)",taxation,6,0.25,False,True,False
248,54-4,37498.140625,"(5, 37)",taxation,6,0.25,False,True,False
248,38-4,39248.59375,"(43, 4)",taxation,6,0.25,False,True,False
248,6-4,42907.625,"(33, 6)",taxation,6,0.25,False,True,False
248,156-4,28371.96875,"(10, 42)",taxation,6,0.25,False,True,False
248,95-4,42883.65625,"(40, 1)",taxation,6,0.25,False,True,False
248,42-4,28476.21875,"(7, 37)",taxation,6,0.25,False,True,False
248,168-4,41069.15625,"(24, 37)",taxation,6,0.25,False,True,False
248,183-4,26622.796875,"(23, 38)",taxation,6,0.25,False,True,False
248,53-4,24781.765625,"(37, 29)",taxation,6,0.25,False,True,False
248,106-4,35668.859375,"(17, 7)",taxation,6,0.25,False,True,False
248,133-4,33885.1875,"(17, 5)",taxation,6,0.25,False,True,False
248,25-4,33839.6875,"(9, 40)",taxation,6,0.25,False,True,False
248,56-4,37497.171875,"(6, 41)",taxation,6,0.25,False,True,False
248,234-4,39218.34375,"(27, 11)",taxation,6,0.25,False,True,False
248,71-4,41095.203125,"(25, 34)",taxation,6,0.25,False,True,False
248,162-4,39238.15625,"(18, 46)",taxation,6,0.25,False,True,False
248,45-4,39227.109375,"(17, 43)",taxation,6,0.25,False,True,False
248,212-4,39313.609375,"(26, 46)",taxation,6,0.25,False,True,False
248,110-4,42849.3125,"(6, 22)",taxation,6,0.25,False,True,False
248,225-4,39264.421875,"(27, 48)",taxation,6,0.25,False,True,False
248,231-4,24784.109375,"(9, 13)",taxation,6,0.25,False,True,False
248,137-4,33816.53125,"(31, 43)",taxation,6,0.25,False,True,False
248,4-4,28409.515625,"(37, 6)",taxation,6,0.25,False,True,False
248,169-4,30215.4375,"(28, 8)",taxation,6,0.25,False,True,False
248,125-4,40999.125,"(10, 14)",taxation,6,0.25,False,True,False
248,122-4,32011.515625,"(7, 39)",taxation,6,0.25,False,True,False
248,226-4,37422.796875,"(35, 0)",taxation,6,0.25,False,True,False
248,5-4,17497.21875,"(36, 39)",taxation,6,0.25,False,True,False
248,209-4,42852.46875,"(30, 40)",taxation,6,0.25,False,True,False
248,205-4,19352.359375,"(25, 44)",taxation,6,0.25,False,True,False
248,130-4,40992.34375,"(39, 0)",taxation,6,0.25,False,True,False
248,91-4,41113.796875,"(11, 13)",taxation,6,0.25,False,True,False
248,214-4,24779.4375,"(23, 14)",taxation,6,0.25,False,True,False
248,196-4,26521.25,"(22, 49)",taxation,6,0.25,False,True,False
248,21-4,35613.015625,"(35, 40)",taxation,6,0.25,False,True,False
248,141-4,30189.53125,"(41, 3)",taxation,6,0.25,False,True,False
248,193-4,33811.84375,"(14, 7)",taxation,6,0.25,False,True,False
248,68-4,31975.984375,"(5, 40)",taxation,6,0.25,False,True,False
248,161-4,31960.875,"(19, 8)",taxation,6,0.25,False,True,False
248,147-4,37440.921875,"(6, 40)",taxation,6,0.25,False,True,False
248,175-4,31938.78125,"(17, 49)",taxation,6,0.25,False,True,False
248,55-4,41046.453125,"(27, 46)",taxation,6,0.25,False,True,False
248,50-4,42799.59375,"(29, 47)",taxation,6,0.25,False,True,False
248,113-4,39189.296875,"(13, 49)",taxation,6,0.25,False,True,False
248,201-4,26577.203125,"(10, 41)",taxation,6,0.25,False,True,False
248,102-4,26544.59375,"(15, 46)",taxation,6,0.25,False,True,False
248,112-4,40990.46875,"(15, 35)",taxation,6,0.25,False,True,False
248,41-4,41022.5,"(17, 13)",taxation,6,0.25,False,True,False
248,78-4,35628.515625,"(16, 6)",taxation,6,0.25,False,True,False
248,203-4,44622.765625,"(26, 2)",taxation,6,0.25,False,True,False
248,247-4,33791.5625,"(30, 35)",taxation,6,0.25,False,True,False
248,32-4,40985.359375,"(40, 2)",taxation,6,0.25,False,True,False
248,115-4,40995.484375,"(35, 3)",taxation,6,0.25,False,True,False
248,33-4,30139.703125,"(42, 4)",taxation,6,0.25,False,True,False
248,202-4,42784.375,"(37, 36)",taxation,6,0.25,False,True,False
248,155-4,39211.828125,"(31, 12)",taxation,6,0.25,False,True,False
248,207-4,30162.109375,"(17, 47)",taxation,6,0.25,False,True,False
248,145-4,39199.75,"(34, 0)",taxation,6,0.25,False,True,False
248,132-4,41002.484375,"(31, 18)",taxation,6,0.25,False,True,False
248,166-4,35550.578125,"(10, 29)",taxation,6,0.25,False,True,False
248,100-4,37396.671875,"(28, 38)",taxation,6,0.25,False,True,False
248,116-4,41009.84375,"(17, 4)",taxation,6,0.25,False,True,False
248,19-4,39203.75,"(29, 45)",taxation,6,0.25,False,True,False
248,233-4,35554.828125,"(10, 36)",taxation,6,0.25,False,True,False
248,64-4,37315.5,"(38, 7)",taxation,6,0.25,False,True,False
248,186-4,35584.640625,"(27, 3)",taxation,6,0.25,False,True,False
248,103-4,37378.40625,"(12, 43)",taxation,6,0.25,False,True,False
248,163-4,44551.125,"(31, 35)",taxation,6,0.25,False,True,False
248,221-4,35545.21875,"(16, 3)",taxation,6,0.25,False,True,False
248,86-4,37385.875,"(11, 11)",taxation,6,0.25,False,True,False
248,57-4,33758.765625,"(28, 49)",taxation,6,0.25,False,True,False
248,164-4,39207.828125,"(9, 41)",taxation,6,0.25,False,True,False
248,92-4,40969.1875,"(30, 43)",taxation,6,0.25,False,True,False
248,174-4,40978.84375,"(17, 42)",taxation,6,0.25,False,True,False
248,89-4,39144.296875,"(26, 44)",taxation,6,0.25,False,True,False
248,188-4,37363.34375,"(30, 11)",taxation,6,0.25,False,True,False
248,11-4,30131.890625,"(9, 48)",taxation,6,0.25,False,True,False
248,2-4,37416.859375,"(23, 47)",taxation,6,0.25,False,True,False
248,90-4,33753.90625,"(35, 5)",taxation,6,0.25,False,True,False
248,120-4,42797.875,"(21, 48)",taxation,6,0.25,False,True,False
248,48-4,39122.125,"(6, 34)",taxation,6,0.25,False,True,False
248,69-4,40936.90625,"(26, 6)",taxation,6,0.25,False,True,False
248,97-4,30082.484375,"(27, 44)",taxation,6,0.25,False,True,False
248,13-4,35563.515625,"(16, 48)",taxation,6,0.25,False,True,False
248,58-4,39138.90625,"(12, 10)",taxation,6,0.25,False,True,False
248,52-4,28303.328125,"(20, 11)",taxation,6,0.25,False,True,False
248,117-4,33703.21875,"(29, 18)",taxation,6,0.25,False,True,False
248,27-4,33710.546875,"(26, 34)",taxation,6,0.25,False,True,False
248,121-4,37380.0,"(8, 38)",taxation,6,0.25,False,True,False
248,107-4,40954.65625,"(3, 23)",taxation,6,0.25,False,True,False
248,85-4,33715.3125,"(31, 45)",taxation,6,0.25,False,True,False
248,237-4,30083.484375,"(43, 5)",taxation,6,0.25,False,True,False
248,18-4,42765.234375,"(45, 4)",taxation,6,0.25,False,True,False
248,96-4,42806.28125,"(8, 31)",taxation,6,0.25,False,True,False
248,160-4,33736.3125,"(22, 12)",taxation,6,0.25,False,True,False
248,37-4,39155.046875,"(33, 0)",taxation,6,0.25,False,True,False
248,30-4,42777.703125,"(28, 48)",taxation,6,0.25,False,True,False
248,235-4,37318.953125,"(20, 49)",taxation,6,0.25,False,True,False
248,80-4,40933.46875,"(46, 4)",taxation,6,0.25,False,True,False
248,14-4,10239.90625,"(2, 20)",taxation,6,0.25,False,True,False
248,104-4,35565.84375,"(24, 49)",taxation,6,0.25,False,True,False
248,184-4,37303.203125,"(19, 12)",taxation,6,0.25,False,True,False
248,229-4,40969.765625,"(31, 38)",taxation,6,0.25,False,True,False
248,136-4,30047.28125,"(14, 11)",taxation,6,0.25,False,True,False
248,232-4,22795.765625,"(41, 5)",taxation,6,0.25,False,True,False
248,7-4,28279.03125,"(38, 6)",taxation,6,0.25,False,True,False
248,248-4,37314.890625,"(29, 49)",taxation,6,0.25,False,True,False
248,61-4,44594.640625,"(21, 12)",taxation,6,0.25,False,True,False
248,88-4,37352.25,"(7, 31)",taxation,6,0.25,False,True,False
248,72-4,42716.40625,"(29, 2)",taxation,6,0.25,False,True,False
248,62-4,37339.59375,"(16, 7)",taxation,6,0.25,False,True,False
248,194-4,33681.96875,"(17, 44)",taxation,6,0.25,False,True,False
248,236-4,37302.203125,"(34, 38)",taxation,6,0.25,False,True,False
248,124-4,35448.140625,"(33, 27)",taxation,6,0.25,False,True,False
248,36-4,28275.578125,"(23, 5)",taxation,6,0.25,False,True,False
248,215-4,40942.96875,"(39, 9)",taxation,6,0.25,False,True,False
248,152-4,39114.640625,"(3, 17)",taxation,6,0.25,False,True,False
248,82-4,39122.09375,"(23, 21)",taxation,6,0.25,False,True,False
248,127-4,39133.125,"(31, 41)",taxation,6,0.25,False,True,False
248,47-4,26413.734375,"(21, 49)",taxation,6,0.25,False,True,False
248,223-4,26444.125,"(26, 48)",taxation,6,0.25,False,True,False
248,108-4,21021.515625,"(31, 7)",taxation,6,0.25,False,True,False
248,65-4,42707.203125,"(16, 5)",taxation,6,0.25,False,True,False
248,109-4,37298.40625,"(38, 1)",taxation,6,0.25,False,True,False
248,26-4,30079.171875,"(10, 45)",taxation,6,0.25,False,True,False
248,59-4,33719.953125,"(14, 13)",taxation,6,0.25,False,True,False
248,99-4,35483.953125,"(2, 17)",taxation,6,0.25,False,True,False
248,84-4,37322.46875,"(30, 8)",taxation,6,0.25,False,True,False
248,128-4,40933.6875,"(22, 46)",taxation,6,0.25,False,True,False
248,8-4,37321.1875,"(26, 45)",taxation,6,0.25,False,True,False
248,77-4,31848.34375,"(27, 49)",taxation,6,0.25,False,True,False
248,157-4,35479.890625,"(37, 0)",taxation,6,0.25,False,True,False
248,123-4,42679.171875,"(22, 48)",taxation,6,0.25,False,True,False
248,195-4,17368.453125,"(23, 37)",taxation,6,0.25,False,True,False
248,87-4,37273.96875,"(34, 7)",taxation,6,0.25,False,True,False
248,119-4,37294.8125,"(23, 48)",taxation,6,0.25,False,True,False
248,199-4,42710.1875,"(37, 9)",taxation,6,0.25,False,True,False
248,129-4,35496.375,"(13, 47)",taxation,6,0.25,False,True,False
248,43-4,37291.109375,"(40, 3)",taxation,6,0.25,False,True,False
248,190-4,37241.796875,"(13, 45)",taxation,6,0.25,False,True,False
248,46-4,26436.375,"(16, 9)",taxation,6,0.25,False,True,False
248,15-4,33665.546875,"(33, 9)",taxation,6,0.25,False,True,False
248,245-4,40859.546875,"(29, 11)",taxation,6,0.25,False,True,False
248,178-4,40858.140625,"(35, 17)",taxation,6,0.25,False,True,False
248,151-4,30005.140625,"(13, 44)",taxation,6,0.25,False,True,False
248,79-4,35476.640625,"(19, 9)",taxation,6,0.25,False,True,False
248,114-4,42707.984375,"(21, 47)",taxation,6,0.25,False,True,False
248,230-4,30026.5,"(11, 45)",taxation,6,0.25,False,True,False
248,224-4,31805.484375,"(44, 4)",taxation,6,0.25,False,True,False
248,93-4,17338.0,"(33, 35)",taxation,6,0.25,False,True,False
248,35-4,37250.40625,"(34, 1)",taxation,6,0.25,False,True,False
248,135-4,37236.546875,"(26, 47)",taxation,6,0.25,False,True,False
248,24-4,30025.59375,"(42, 5)",taxation,6,0.25,False,True,False
248,49-4,35457.65625,"(39, 2)",taxation,6,0.25,False,True,False
248,34-4,33621.125,"(19, 6)",taxation,6,0.25,False,True,False
248,60-4,39054.578125,"(16, 8)",taxation,6,0.25,False,True,False
248,220-4,40914.9375,"(36, 9)",taxation,6,0.25,False,True,False
248,227-4,40862.28125,"(27, 35)",taxation,6,0.25,False,True,False
248,228-5,22326.453125,"(6, 33)",taxation,6,0.25,False,True,False
248,218-4,42673.59375,"(32, 43)",taxation,6,0.25,False,True,False
248,181-4,37206.953125000015,"(36, 0)",taxation,6,0.25,False,True,False
248,39-4,26368.21875,"(23, 49)",taxation,6,0.25,False,True,False
248,81-4,35455.265625,"(24, 14)",taxation,6,0.25,False,True,False
248,9-4,31830.453125,"(22, 47)",taxation,6,0.25,False,True,False
248,244-4,42684.65625,"(8, 37)",taxation,6,0.25,False,True,False
248,118-4,40827.21875,"(36, 6)",taxation,6,0.25,False,True,False
248,204-4,40829.28125,"(9, 46)",taxation,6,0.25,False,True,False
248,101-4,37272.421875,"(25, 46)",taxation,6,0.25,False,True,False
248,243-4,35423.84375,"(3, 19)",taxation,6,0.25,False,True,False
248,153-4,19152.9375,"(35, 8)",taxation,6,0.25,False,True,False
248,208-5,30002.77734375,"(15, 6)",taxation,6,0.25,False,True,False
248,222-4,37234.09375,"(13, 18)",taxation,6,0.25,False,True,False
248,211-4,24543.609375,"(40, 0)",taxation,6,0.25,False,True,False
248,185-4,37284.34375,"(41, 4)",taxation,6,0.25,False,True,False
248,70-4,39024.75,"(16, 49)",taxation,6,0.25,False,True,False
248,139-5,33626.07421875,"(19, 10)",taxation,6,0.25,False,True,False
248,213-4,37240.96875,"(18, 6)",taxation,6,0.25,False,True,False
248,200-4,35430.625,"(22, 6)",taxation,6,0.25,False,True,False
248,173-5,8323.359375,"(2, 21)",taxation,6,0.25,False,True,False
248,238-4,37202.125,"(33, 38)",taxation,6,0.25,False,True,False
248,197-4,29986.640625,"(8, 36)",taxation,6,0.25,False,True,False
248,219-5,32683.984375,"(10, 12)",taxation,6,0.25,False,True,False
248,44-4,24546.0,"(27, 42)",taxation,6,0.25,False,True,False
248,74-5,32659.25,"(17, 46)",taxation,6,0.25,False,True,False
248,171-4,37196.53125,"(41, 9)",taxation,6,0.25,False,True,False
248,167-5,29513.30078125,"(26, 8)",taxation,6,0.25,False,True,False
248,192-4,33606.1875,"(36, 38)",taxation,6,0.25,False,True,False
248,29-4,37270.953125,"(25, 45)",taxation,6,0.25,False,True,False
248,216-4,40821.375,"(34, 8)",taxation,6,0.25,False,True,False
248,105-4,33572.21875,"(39, 3)",taxation,6,0.25,False,True,False
248,217-4,22721.78125,"(45, 5)",taxation,6,0.25,False,True,False
248,66-4,40834.359375,"(40, 10)",taxation,6,0.25,False,True,False
248,159-4,29969.78125,"(31, 8)",taxation,6,0.25,False,True,False
248,75-5,26785.546875,"(9, 29)",taxation,6,0.25,False,True,False
248,143-4,37212.984375,"(38, 0)",taxation,6,0.25,False,True,False
248,170-5,25921.05078125,"(23, 11)",taxation,6,0.25,False,True,False
248,138-4,38968.109375,"(37, 10)",taxation,6,0.25,False,True,False
248,210-4,44417.921875,"(14, 48)",taxation,6,0.25,False,True,False
248,3-4,22689.515625,"(30, 33)",taxation,6,0.25,False,True,False
248,146-5,11877.484375,"(29, 39)",taxation,6,0.25,False,True,False
248,177-4,37239.234375,"(32, 27)",taxation,6,0.25,False,True,False
248,131-4,37228.3125,"(14, 40)",taxation,6,0.25,False,True,False
248,239-4,37247.71875,"(15, 7)",taxation,6,0.25,False,True,False
248,154-5,13641.734375,"(27, 47)",taxation,6,0.25,False,True,False
248,158-5,27244.296875,"(29, 30)",taxation,6,0.25,False,True,False
248,198-5,26787.7890625,"(29, 48)",taxation,6,0.25,False,True,False
248,187-5,15477.390625,"(34, 4)",taxation,6,0.25,False,True,False
248,176-5,991.640625,"(32, 32)",taxation,6,0.25,False,True,False
248,20-4,35387.3125,"(26, 49)",taxation,6,0.25,False,True,False
248,140-5,987.046875,"(25, 16)",taxation,6,0.25,False,True,False
248,23-5,30386.375,"(45, 10)",taxation,6,0.25,False,True,False
248,191-4,42619.671875,"(28, 14)",taxation,6,0.25,False,True,False
248,182-5,29473.91796875,"(28, 47)",taxation,6,0.25,False,True,False
248,246-5,28157.234375,"(7, 35)",taxation,6,0.25,False,True,False
248,150-4,31735.828125,"(25, 47)",taxation,6,0.25,False,True,False
248,28-5,25882.40234375,"(20, 7)",taxation,6,0.25,False,True,False
248,240-5,10042.734375,"(31, 27)",taxation,6,0.25,False,True,False
248,31-5,33544.8515625,"(13, 48)",taxation,6,0.25,False,True,False
248,40-5,30849.484375,"(33, 7)",taxation,6,0.25,False,True,False
248,98-5,15512.046875,"(5, 39)",taxation,6,0.25,False,True,False
248,241-5,26763.9140625,"(30, 27)",taxation,6,0.25,False,True,False
248,76-5,28115.19140625001,"(26, 35)",taxation,6,0.25,False,True,False
248,12-4,35369.859375,"(35, 9)",taxation,6,0.25,False,True,False
249,126-3,49560.0625,"(39, 35)",taxation,6,0.25,False,True,False
249,1-4,29087.140625,"(7, 28)",taxation,6,0.25,False,True,False
249,67-3,37527.5625,"(43, 7)",taxation,6,0.25,False,True,False
249,149-4,33936.5625,"(15, 5)",taxation,6,0.25,False,True,False
249,17-4,41170.03125,"(28, 9)",taxation,6,0.25,False,True,False
249,10-4,39328.390625,"(19, 49)",taxation,6,0.25,False,True,False
249,242-4,17610.953125,"(42, 8)",taxation,6,0.25,False,True,False
249,142-4,24828.859375,"(38, 10)",taxation,6,0.25,False,True,False
249,189-4,33942.84375,"(33, 41)",taxation,6,0.25,False,True,False
249,63-4,35657.171875,"(10, 19)",taxation,6,0.25,False,True,False
249,165-4,44649.1875,"(18, 47)",taxation,6,0.25,False,True,False
249,94-4,13392.125,"(20, 9)",taxation,6,0.25,False,True,False
249,206-4,38055.328125,"(40, 13)",taxation,6,0.25,False,True,False
249,172-4,41045.484375,"(37, 32)",taxation,6,0.25,False,True,False
249,144-4,37499.90625,"(21, 15)",taxation,6,0.25,False,True,False
249,111-4,41051.515625,"(23, 46)",taxation,6,0.25,False,True,False
249,83-4,41078.671875,"(42, 7)",taxation,6,0.25,False,True,False
249,249-4,39315.5625,"(41, 35)",taxation,6,0.25,False,True,False
249,51-4,39304.40625,"(7, 36)",taxation,6,0.25,False,True,False
249,180-4,37496.265625,"(34, 36)",taxation,6,0.25,False,True,False
249,148-4,30215.953125,"(4, 35)",taxation,6,0.25,False,True,False
249,16-4,42910.34375,"(12, 45)",taxation,6,0.25,False,True,False
249,134-4,37476.25,"(19, 47)",taxation,6,0.25,False,True,False
249,73-4,39283.265625,"(41, 2)",taxation,6,0.25,False,True,False
249,54-4,37507.140625,"(2, 41)",taxation,6,0.25,False,True,False
249,38-4,39257.59375,"(46, 3)",taxation,6,0.25,False,True,False
249,6-4,42916.625,"(39, 7)",taxation,6,0.25,False,True,False
249,156-4,28379.96875,"(6, 39)",taxation,6,0.25,False,True,False
249,95-4,42893.65625,"(43, 1)",taxation,6,0.25,False,True,False
249,42-4,28485.21875,"(3, 38)",taxation,6,0.25,False,True,False
249,168-4,41074.15625,"(29, 32)",taxation,6,0.25,False,True,False
249,183-4,26629.796875,"(27, 32)",taxation,6,0.25,False,True,False
249,53-4,24788.765625,"(37, 28)",taxation,6,0.25,False,True,False
249,106-4,35676.859375,"(14, 12)",taxation,6,0.25,False,True,False
249,133-4,33889.1875,"(22, 11)",taxation,6,0.25,False,True,False
249,25-4,33847.6875,"(5, 41)",taxation,6,0.25,False,True,False
249,56-4,37505.171875,"(3, 40)",taxation,6,0.25,False,True,False
249,234-4,39224.34375,"(33, 14)",taxation,6,0.25,False,True,False
249,71-4,41102.203125,"(27, 31)",taxation,6,0.25,False,True,False
249,162-4,39242.15625,"(12, 46)",taxation,6,0.25,False,True,False
249,45-4,39232.109375,"(12, 38)",taxation,6,0.25,False,True,False
249,212-4,39315.609375,"(26, 41)",taxation,6,0.25,False,True,False
249,110-4,42858.3125,"(7, 25)",taxation,6,0.25,False,True,False
249,225-4,39265.421875,"(28, 46)",taxation,6,0.25,False,True,False
249,231-4,24792.109375,"(11, 12)",taxation,6,0.25,False,True,False
249,137-4,33819.53125,"(33, 39)",taxation,6,0.25,False,True,False
249,4-4,28419.515625,"(42, 1)",taxation,6,0.25,False,True,False
249,169-4,30221.4375,"(32, 13)",taxation,6,0.25,False,True,False
249,125-4,41007.125,"(10, 20)",taxation,6,0.25,False,True,False
249,122-4,32020.515625,"(5, 36)",taxation,6,0.25,False,True,False
249,226-4,37428.796875,"(40, 6)",taxation,6,0.25,False,True,False
249,5-4,17503.21875,"(42, 33)",taxation,6,0.25,False,True,False
249,209-4,42856.46875,"(28, 34)",taxation,6,0.25,False,True,False
249,205-4,19354.359375,"(24, 40)",taxation,6,0.25,False,True,False
249,130-4,41001.34375,"(45, 3)",taxation,6,0.25,False,True,False
249,91-4,41121.796875,"(12, 19)",taxation,6,0.25,False,True,False
249,214-4,24786.4375,"(28, 20)",taxation,6,0.25,False,True,False
249,196-4,26524.25,"(16, 46)",taxation,6,0.25,False,True,False
249,21-4,35618.015625,"(41, 34)",taxation,6,0.25,False,True,False
249,141-4,30199.53125,"(42, 2)",taxation,6,0.25,False,True,False
249,193-4,33818.84375,"(16, 13)",taxation,6,0.25,False,True,False
249,68-4,31983.984375,"(4, 39)",taxation,6,0.25,False,True,False
249,161-4,31964.875,"(19, 11)",taxation,6,0.25,False,True,False
249,147-4,37449.921875,"(3, 39)",taxation,6,0.25,False,True,False
249,175-4,31942.78125,"(11, 49)",taxation,6,0.25,False,True,False
249,55-4,41048.453125,"(26, 42)",taxation,6,0.25,False,True,False
249,50-4,42800.59375,"(29, 44)",taxation,6,0.25,False,True,False
249,113-4,39196.296875,"(8, 49)",taxation,6,0.25,False,True,False
249,201-4,26585.203125,"(7, 43)",taxation,6,0.25,False,True,False
249,102-4,26552.59375,"(9, 47)",taxation,6,0.25,False,True,False
249,112-4,40996.46875,"(12, 31)",taxation,6,0.25,False,True,False
249,41-4,41029.5,"(17, 14)",taxation,6,0.25,False,True,False
249,78-4,35635.515625,"(12, 11)",taxation,6,0.25,False,True,False
249,203-4,44625.765625,"(24, 8)",taxation,6,0.25,False,True,False
249,247-4,33797.5625,"(27, 30)",taxation,6,0.25,False,True,False
249,32-4,40994.359375,"(46, 1)",taxation,6,0.25,False,True,False
249,115-4,41002.484375,"(41, 7)",taxation,6,0.25,False,True,False
249,33-4,30148.703125,"(47, 6)",taxation,6,0.25,False,True,False
249,202-4,42791.375,"(38, 31)",taxation,6,0.25,False,True,False
249,155-4,39217.828125,"(34, 15)",taxation,6,0.25,False,True,False
249,207-4,30170.109375,"(12, 49)",taxation,6,0.25,False,True,False
249,145-4,39208.75,"(39, 1)",taxation,6,0.25,False,True,False
249,132-4,41010.484375,"(37, 16)",taxation,6,0.25,False,True,False
249,166-4,35559.578125,"(6, 29)",taxation,6,0.25,False,True,False
249,100-4,37401.671875,"(34, 33)",taxation,6,0.25,False,True,False
249,116-4,41015.84375,"(16, 10)",taxation,6,0.25,False,True,False
249,19-4,39206.75,"(34, 40)",taxation,6,0.25,False,True,False
249,233-4,35563.828125,"(4, 33)",taxation,6,0.25,False,True,False
249,64-4,37324.5,"(44, 8)",taxation,6,0.25,False,True,False
249,186-4,35587.640625,"(26, 9)",taxation,6,0.25,False,True,False
249,103-4,37386.40625,"(8, 47)",taxation,6,0.25,False,True,False
249,163-4,44558.125,"(28, 32)",taxation,6,0.25,False,True,False
249,221-4,35548.21875,"(17, 6)",taxation,6,0.25,False,True,False
249,86-4,37391.875,"(13, 16)",taxation,6,0.25,False,True,False
249,57-4,33760.765625,"(31, 44)",taxation,6,0.25,False,True,False
249,164-4,39216.828125,"(3, 41)",taxation,6,0.25,False,True,False
249,92-4,40972.1875,"(33, 37)",taxation,6,0.25,False,True,False
249,174-4,40982.84375,"(13, 39)",taxation,6,0.25,False,True,False
249,89-4,39147.296875,"(31, 42)",taxation,6,0.25,False,True,False
249,188-4,37370.34375,"(35, 13)",taxation,6,0.25,False,True,False
249,11-4,30139.890625,"(3, 43)",taxation,6,0.25,False,True,False
249,2-4,37418.859375,"(18, 42)",taxation,6,0.25,False,True,False
249,90-4,33762.90625,"(40, 4)",taxation,6,0.25,False,True,False
249,120-4,42800.875,"(15, 48)",taxation,6,0.25,False,True,False
249,48-4,39131.125,"(5, 34)",taxation,6,0.25,False,True,False
249,69-4,40942.90625,"(30, 12)",taxation,6,0.25,False,True,False
249,97-4,30085.484375,"(29, 38)",taxation,6,0.25,False,True,False
249,13-4,35567.515625,"(11, 48)",taxation,6,0.25,False,True,False
249,58-4,39145.90625,"(16, 15)",taxation,6,0.25,False,True,False
249,52-4,28311.328125,"(15, 15)",taxation,6,0.25,False,True,False
249,117-4,33711.21875,"(35, 16)",taxation,6,0.25,False,True,False
249,27-4,33716.546875,"(28, 31)",taxation,6,0.25,False,True,False
249,121-4,37389.0,"(5, 38)",taxation,6,0.25,False,True,False
249,107-4,40962.65625,"(3, 22)",taxation,6,0.25,False,True,False
249,85-4,33718.3125,"(34, 39)",taxation,6,0.25,False,True,False
249,237-4,30092.484375,"(44, 6)",taxation,6,0.25,False,True,False
249,18-4,42774.234375,"(47, 2)",taxation,6,0.25,False,True,False
249,96-4,42815.28125,"(6, 28)",taxation,6,0.25,False,True,False
249,160-4,33743.3125,"(18, 14)",taxation,6,0.25,False,True,False
249,37-4,39160.046875,"(39, 5)",taxation,6,0.25,False,True,False
249,30-4,42778.703125,"(28, 44)",taxation,6,0.25,False,True,False
249,235-4,37321.953125,"(14, 49)",taxation,6,0.25,False,True,False
249,80-4,40942.46875,"(48, 4)",taxation,6,0.25,False,True,False
249,14-4,10248.90625,"(0, 23)",taxation,6,0.25,False,True,False
249,104-4,35567.84375,"(18, 44)",taxation,6,0.25,False,True,False
249,184-4,37310.203125,"(16, 16)",taxation,6,0.25,False,True,False
249,229-4,40976.765625,"(35, 33)",taxation,6,0.25,False,True,False
249,136-4,30054.28125,"(14, 17)",taxation,6,0.25,False,True,False
249,232-4,22805.765625,"(43, 2)",taxation,6,0.25,False,True,False
249,7-4,28289.03125,"(43, 0)",taxation,6,0.25,False,True,False
249,248-4,37315.890625,"(30, 46)",taxation,6,0.25,False,True,False
249,61-4,44602.640625,"(15, 14)",taxation,6,0.25,False,True,False
249,88-4,37361.25,"(6, 30)",taxation,6,0.25,False,True,False
249,72-4,42719.40625,"(32, 8)",taxation,6,0.25,False,True,False
249,62-4,37344.59375,"(17, 11)",taxation,6,0.25,False,True,False
249,194-4,33685.96875,"(12, 44)",taxation,6,0.25,False,True,False
249,236-4,37309.203125,"(36, 34)",taxation,6,0.25,False,True,False
249,124-4,35455.140625,"(36, 27)",taxation,6,0.25,False,True,False
249,36-4,28280.578125,"(18, 10)",taxation,6,0.25,False,True,False
249,215-4,40951.96875,"(43, 8)",taxation,6,0.25,False,True,False
249,152-4,39123.640625,"(9, 20)",taxation,6,0.25,False,True,False
249,82-4,39129.09375,"(27, 21)",taxation,6,0.25,False,True,False
249,127-4,39137.125,"(34, 35)",taxation,6,0.25,False,True,False
249,47-4,26416.734375,"(15, 49)",taxation,6,0.25,False,True,False
249,223-4,26445.125,"(28, 45)",taxation,6,0.25,False,True,False
249,108-4,21029.515625,"(37, 13)",taxation,6,0.25,False,True,False
249,65-4,42711.203125,"(18, 11)",taxation,6,0.25,False,True,False
249,109-4,37308.40625,"(44, 1)",taxation,6,0.25,False,True,False
249,26-4,30087.171875,"(6, 45)",taxation,6,0.25,False,True,False
249,59-4,33726.953125,"(16, 18)",taxation,6,0.25,False,True,False
249,99-4,35491.953125,"(2, 18)",taxation,6,0.25,False,True,False
249,84-4,37327.46875,"(32, 14)",taxation,6,0.25,False,True,False
249,128-4,40936.6875,"(16, 43)",taxation,6,0.25,False,True,False
249,8-4,37323.1875,"(26, 40)",taxation,6,0.25,False,True,False
249,77-4,31849.34375,"(27, 45)",taxation,6,0.25,False,True,False
249,157-4,35487.890625,"(42, 6)",taxation,6,0.25,False,True,False
249,123-4,42682.171875,"(16, 47)",taxation,6,0.25,False,True,False
249,195-4,17372.453125,"(27, 34)",taxation,6,0.25,False,True,False
249,87-4,37281.96875,"(40, 5)",taxation,6,0.25,False,True,False
249,119-4,37296.8125,"(18, 45)",taxation,6,0.25,False,True,False
249,199-4,42720.1875,"(42, 3)",taxation,6,0.25,False,True,False
249,129-4,35504.375,"(12, 47)",taxation,6,0.25,False,True,False
249,43-4,37301.109375,"(44, 0)",taxation,6,0.25,False,True,False
249,190-4,37248.796875,"(8, 46)",taxation,6,0.25,False,True,False
249,46-4,26444.375,"(12, 12)",taxation,6,0.25,False,True,False
249,15-4,33671.546875,"(37, 11)",taxation,6,0.25,False,True,False
249,245-4,40864.546875,"(28, 15)",taxation,6,0.25,False,True,False
249,178-4,40866.140625,"(40, 16)",taxation,6,0.25,False,True,False
249,151-4,30013.140625,"(12, 48)",taxation,6,0.25,False,True,False
249,79-4,35484.640625,"(14, 14)",taxation,6,0.25,False,True,False
249,114-4,42710.984375,"(16, 45)",taxation,6,0.25,False,True,False
249,230-4,30034.5,"(6, 43)",taxation,6,0.25,False,True,False
249,224-4,31814.484375,"(47, 3)",taxation,6,0.25,False,True,False
249,93-4,17344.0,"(35, 32)",taxation,6,0.25,False,True,False
249,35-4,37253.40625,"(36, 7)",taxation,6,0.25,False,True,False
249,135-4,37238.546875,"(27, 41)",taxation,6,0.25,False,True,False
249,24-4,30035.59375,"(44, 3)",taxation,6,0.25,False,True,False
249,49-4,35467.65625,"(45, 0)",taxation,6,0.25,False,True,False
249,34-4,33625.125,"(18, 9)",taxation,6,0.25,False,True,False
249,60-4,39059.578125,"(17, 9)",taxation,6,0.25,False,True,False
249,220-4,40922.9375,"(40, 12)",taxation,6,0.25,False,True,False
249,227-4,40868.28125,"(28, 29)",taxation,6,0.25,False,True,False
249,228-5,22335.453125,"(4, 31)",taxation,6,0.25,False,True,False
249,218-4,42677.59375,"(38, 37)",taxation,6,0.25,False,True,False
249,181-4,37216.953125000015,"(41, 0)",taxation,6,0.25,False,True,False
249,39-4,26370.21875,"(18, 43)",taxation,6,0.25,False,True,False
249,81-4,35463.265625,"(22, 15)",taxation,6,0.25,False,True,False
249,9-4,31833.453125,"(16, 44)",taxation,6,0.25,False,True,False
249,244-4,42693.65625,"(2, 40)",taxation,6,0.25,False,True,False
249,118-4,40836.21875,"(40, 8)",taxation,6,0.25,False,True,False
249,204-4,40836.28125,"(6, 46)",taxation,6,0.25,False,True,False
249,101-4,37274.421875,"(19, 46)",taxation,6,0.25,False,True,False
249,243-4,35432.84375,"(1, 23)",taxation,6,0.25,False,True,False
249,153-4,19160.9375,"(41, 6)",taxation,6,0.25,False,True,False
249,208-5,30008.77734375,"(17, 12)",taxation,6,0.25,False,True,False
249,222-4,37242.09375,"(9, 21)",taxation,6,0.25,False,True,False
249,211-4,24552.609375,"(46, 0)",taxation,6,0.25,False,True,False
249,185-4,37294.34375,"(43, 3)",taxation,6,0.25,False,True,False
249,70-4,39028.75,"(11, 47)",taxation,6,0.25,False,True,False
249,139-5,33632.07421875,"(19, 14)",taxation,6,0.25,False,True,False
249,213-4,37246.96875,"(16, 11)",taxation,6,0.25,False,True,False
249,200-4,35437.625,"(16, 12)",taxation,6,0.25,False,True,False
249,173-5,8331.359375,"(2, 22)",taxation,6,0.25,False,True,False
249,238-4,37207.125,"(36, 33)",taxation,6,0.25,False,True,False
249,197-4,29995.640625,"(3, 35)",taxation,6,0.25,False,True,False
249,219-5,32690.984375,"(13, 17)",taxation,6,0.25,False,True,False
249,44-4,24549.0,"(29, 36)",taxation,6,0.25,False,True,False
249,74-5,32667.25,"(13, 46)",taxation,6,0.25,False,True,False
249,171-4,37205.53125,"(45, 9)",taxation,6,0.25,False,True,False
249,167-5,29520.30078125,"(20, 14)",taxation,6,0.25,False,True,False
249,192-4,33612.1875,"(42, 34)",taxation,6,0.25,False,True,False
249,29-4,37272.953125,"(25, 40)",taxation,6,0.25,False,True,False
249,216-4,40828.375,"(36, 14)",taxation,6,0.25,False,True,False
249,105-4,33582.21875,"(41, 1)",taxation,6,0.25,False,True,False
249,217-4,22730.78125,"(47, 4)",taxation,6,0.25,False,True,False
249,66-4,40843.359375,"(44, 9)",taxation,6,0.25,False,True,False
249,159-4,29976.78125,"(34, 13)",taxation,6,0.25,False,True,False
249,75-5,26794.546875,"(8, 27)",taxation,6,0.25,False,True,False
249,143-4,37222.984375,"(42, 0)",taxation,6,0.25,False,True,False
249,170-5,25927.05078125,"(23, 15)",taxation,6,0.25,False,True,False
249,138-4,38977.109375,"(43, 9)",taxation,6,0.25,False,True,False
249,210-4,44422.921875,"(8, 45)",taxation,6,0.25,False,True,False
249,3-4,22696.515625,"(35, 31)",taxation,6,0.25,False,True,False
249,146-5,11882.484375,"(25, 33)",taxation,6,0.25,False,True,False
249,177-4,37246.234375,"(35, 28)",taxation,6,0.25,False,True,False
249,131-4,37235.3125,"(8, 34)",taxation,6,0.25,False,True,False
249,239-4,37254.71875,"(13, 11)",taxation,6,0.25,False,True,False
249,154-5,13643.734375,"(29, 41)",taxation,6,0.25,False,True,False
249,158-5,27251.296875,"(35, 30)",taxation,6,0.25,False,True,False
249,198-5,26788.7890625,"(29, 46)",taxation,6,0.25,False,True,False
249,187-5,15481.390625,"(35, 10)",taxation,6,0.25,False,True,False
249,176-5,998.640625,"(36, 28)",taxation,6,0.25,False,True,False
249,20-4,35388.3125,"(24, 46)",taxation,6,0.25,False,True,False
249,140-5,994.046875,"(20, 16)",taxation,6,0.25,False,True,False
249,23-5,30395.375,"(46, 10)",taxation,6,0.25,False,True,False
249,191-4,42626.671875,"(30, 18)",taxation,6,0.25,False,True,False
249,182-5,29475.91796875,"(29, 42)",taxation,6,0.25,False,True,False
249,246-5,28165.234375,"(4, 34)",taxation,6,0.25,False,True,False
249,150-4,31737.828125,"(25, 41)",taxation,6,0.25,False,True,False
249,28-5,25890.40234375,"(15, 13)",taxation,6,0.25,False,True,False
249,240-5,10049.734375,"(34, 24)",taxation,6,0.25,False,True,False
249,31-5,33551.8515625,"(8, 48)",taxation,6,0.25,False,True,False
249,40-5,30856.484375,"(38, 12)",taxation,6,0.25,False,True,False
249,98-5,15521.046875,"(4, 40)",taxation,6,0.25,False,True,False
249,241-5,26770.9140625,"(34, 26)",taxation,6,0.25,False,True,False
249,76-5,28121.19140625001,"(26, 30)",taxation,6,0.25,False,True,False
249,12-4,35377.859375,"(41, 12)",taxation,6,0.25,False,True,False
249,0-5,20003.87109375,"(15, 9)",taxation,6,0.25,False,True,False
249,22-5,32200.359375,"(44, 2)",taxation,6,0.25,False,True,False
249,179-5,24559.1484375,"(19, 19)",taxation,6,0.25,False,True,False
